GO.ID	Term	Annotated	Significant	Expected	classicFisher	fdr	Genes
GO:0050789	regulation of biological process	12776	271	186.11	3.8e-17	4.01544e-13	1700109H08Rik, 1810024B03Rik, 2010315B03Rik, 2210016L21Rik, 2410137M14Rik, 2510002D24Rik, 2610005L07Rik, 2610008E11Rik, 2610021A01Rik, 2610042L04Rik, 2700049A03Rik, 2810021J22Rik, 2810408A11Rik, 3425401B19Rik, 4930402K13Rik, 4930447C04Rik, 4930453N24Rik, 4930480E11Rik, 4930503L19Rik, 4930522L14Rik, 4930544G11Rik, 4930550C14Rik, 4931414P19Rik, 5730507C01Rik, 6030468B19Rik, a, A1bg, A1cf, A2m, A430033K04Rik, A4gnt, A630001G21Rik, Aacs, Aadac, Aak1, Aamdc, Aars1, Aars2, Aatf, Abat, Abca1, Abca12, Abca13, Abca2, Abca3, Abca5, Abca7, Abca8a, Abca8b, Abcb10, Abcb11, Abcb1a, Abcb1b, Abcb4, Abcb7, Abcc1, Abcc2, Abcc4, Abcc8, Abcc9, Abcd1, Abcd2, Abce1, Abcf1, Abcg1, Abcg2, Abcg4, Abcg5, Abcg8, Abhd12, Abhd14b, Abhd17a, Abhd17b, Abhd17c, Abhd2, Abhd5, Abhd6, Abi1, Abi2, Abi3, Abi3bp, Abitram, Abl1, Abl2, Ablim1, Ablim2, Ablim3, Abr, Abra, Abracl, Abraxas1, Abraxas2, Abt1, Abtb3, Acaa2, Acacb, Acadl, Acadm, Acadvl, Acan, Acap1, Acap3, Acat2, Acbd7, Acd, Ace, Ace2, Acer1, Acer2, Acer3, Ache, Acin1, Ackr1, Ackr2, Ackr3, Ackr4, Acmsd, Aco1, Acod1, Acot1, Acot11, Acot13, Acot8, Acp3, Acp4, Acp5, Acsl1, Acsl3, Acsl4, Acsl5, Acsl6, Acss2, Acta1, Acta2, Actb, Actc1, Actg1, Actg2, Actl6a, Actl6b, Actn1, Actn2, Actn3, Actn4, Actr2, Actr3, Actr5, Actr6, Actr8, Actrt1, Acvr1, Acvr1b, Acvr1c, Acvr2a, Acvr2b, Acvrl1, Ada, Adam10, Adam12, Adam15, Adam17, Adam19, Adam2, Adam22, Adam24, Adam3, Adam33, Adam7, Adam8, Adam9, Adamts1, Adamts12, Adamts16, Adamts18, Adamts20, Adamts3, Adamts5, Adamts7, Adamts9, Adamtsl2, Adamtsl4, Adar, Adarb1, Adck1, Adck2, Adcy1, Adcy10, Adcy2, Adcy3, Adcy4, Adcy5, Adcy6, Adcy7, Adcy8, Adcy9, Adcyap1, Adcyap1r1, Add1, Add2, Add3, Adgra1, Adgra2, Adgra3, Adgrb1, Adgrb2, Adgrb3, Adgrd1, Adgre1, Adgre4, Adgre5, Adgrf1, Adgrf2, Adgrf3, Adgrf4, Adgrf5, Adgrg1, Adgrg2, Adgrg3, Adgrg4, Adgrg5, Adgrg6, Adgrg7, Adgrl1, Adgrl2, Adgrl3, Adgrl4, Adgrv1, Adig, Adipoq, Adipor1, Adipor2, Adissp, Adk, Adm, Adm2, Adnp, Adnp2, Adora1, Adora2a, Adora2b, Adora3, Adprs, Adra1a, Adra1b, Adra1d, Adra2a, Adra2b, Adra2c, Adrb1, Adrb2, Adrb3, Adrm1, Adtrp, Aebp1, Aebp2, Aen, Afap1, Afap1l2, Afdn, Aff1, Aff2, Aff3, Aff4, Afg3l2, Agap2, Agbl4, Ager, Aggf1, Ago1, Ago2, Ago3, Ago4, Agpat1, Agpat2, Agr2, Agrn, Agrp, Agt, Agtpbp1, Agtr1a, Agtr1b, Agtr2, Agtrap, Agxt, Agxt2, Ahctf1, Ahcyl1, Ahdc1, Ahi1, Ahnak, Ahnak2, Ahr, Ahrr, Ahsg, AI854703, AI987944, Aicda, Aida, Aif1, Aifm1, Aifm2, Aim2, Aimp1, Aimp2, Aip, Aipl1, Aire, Airn, Ajap1, Ajuba, Ak1, Ak4, Akain1, Akap1, Akap11, Akap12, Akap13, Akap3, Akap4, Akap5, Akap6, Akap7, Akap8, Akap8l, Akap9, Akip1, Akirin1, Akirin2, Akna, Akr1a1, Akr1b1, Akr1c18, Akr1c6, Akt1, Akt1s1, Akt2, Akt3, Aktip, Alad, Alb, Aldh1a1, Aldh1a2, Aldh1a3, Aldh2, Aldh3a1, Aldh5a1, Aldoa, Aldob, Alg13, Alk, Alkal1, Alkal2, Alkbh1, Alkbh3, Alkbh4, Alkbh5, Alkbh7, Alms1, Alox12, Alox12b, Alox15, Alox5, Alox5ap, Alox8, Aloxe3, Alpk1, Alpk2, Alpl, Als2, Alx1, Alx3, Alx4, Ambn, Ambra1, Amdhd2, Amelx, Amer1, Amer2, Amer3, Amfr, Amh, Amhr2, Amigo1, Amigo2, Amigo3, Amot, Amotl1, Amotl2, Amph, Amtn, Anapc1, Anapc11, Anapc15, Anapc15-ps, Anapc2, Anapc4, Anapc5, Anapc7, Ang, Ang2, Ang3, Ang4, Ang5, Ang6, Angel2, Angpt1, Angpt2, Angpt4, Angptl1, Angptl3, Angptl4, Angptl7, Angptl8, Ank, Ank1, Ank2, Ank3, Ankdd1b, Ankfn1, Ankfy1, Ankk1, Ankle1, Ankle2, Ankra2, Ankrd1, Ankrd11, Ankrd13a, Ankrd13b, Ankrd13c, Ankrd13d, Ankrd17, Ankrd2, Ankrd23, Ankrd26, Ankrd27, Ankrd31, Ankrd42, Ankrd49, Ankrd53, Ankrd54, Ankrd6, Ankrd66, Anks1, Anks1b, Anln, Ano1, Ano6, Anp32-ps, Anp32a, Anp32b, Anp32e, Antkmt, Antxr1, Anxa1, Anxa2, Anxa3, Anxa4, Anxa5, Anxa6, Anxa7, Anxa8, Anxa9, Aoah, Aoc3, Ap1ar, Ap1g1, Ap2a1, Ap2a2, Ap2b1, Ap2m1, Ap3b1, Ap3d1, Apaf1, Apba1, Apba2, Apba3, Apbb1, Apbb1ip, Apbb2, Apbb3, Apc, Apc2, Apcdd1, Apcs, Apela, Apex1, Aph1a, Aph1b, Aph1c, Api5, Apip, Aplf, Apln, Aplnr, Aplp1, Aplp2, Apoa1, Apoa2, Apoa4, Apoa5, Apob, Apobec1, Apobec2, Apobec3, Apoc1, Apoc2, Apoc2l, Apoc3, Apoc4, Apod, Apoe, Apoh, Apold1, Apom, App, Appl1, Appl2, Aqp1, Aqp11, Aqp2, Aqp3, Aqp4, Aqp8, Ar, Araf, Arap1, Arap2, Arap3, Arb2a, Arc, Areg, Arel1, Arf1, Arf4, Arf6, Arfgap1, Arfgef1, Arfgef2, Arfgef3, Arfip1, Arfip2, Arg1, Arg2, Arglu1, Arhgap1, Arhgap10, Arhgap11a, Arhgap12, Arhgap15, Arhgap17, Arhgap18, Arhgap19, Arhgap20, Arhgap21, Arhgap22, Arhgap23, Arhgap24, Arhgap25, Arhgap26, Arhgap27, Arhgap28, Arhgap29, Arhgap30, Arhgap31, Arhgap32, Arhgap33, Arhgap33os, Arhgap35, Arhgap36, Arhgap39, Arhgap4, Arhgap40, Arhgap42, Arhgap44, Arhgap45, Arhgap5, Arhgap6, Arhgap8, Arhgap9, Arhgdia, Arhgdib, Arhgdig, Arhgef1, Arhgef10, Arhgef10l, Arhgef11, Arhgef12, Arhgef15, Arhgef16, Arhgef18, Arhgef19, Arhgef2, Arhgef26, Arhgef28, Arhgef3, Arhgef39, Arhgef4, Arhgef5, Arhgef6, Arhgef7, Arhgef9, Arid1a, Arid1b, Arid2, Arid3a, Arid3b, Arid3c, Arid4a, Arid4b, Arid5a, Arid5b, Ark2c, Ark2n, Arl13b, Arl2, Arl2bp, Arl3, Arl6, Arl6ip1, Arl6ip5, Arln, Armc10, Armc12, Armc5, Armc9, Armcx3, Armh3, Armh4, Arnt, Arnt2, Arpc2, Arpc3, Arpc5, Arpc5l, Arpin, Arpp19, Arr3, Arrb1, Arrb2, Arrdc1, Arrdc3, Arrdc4, Arsb, Artn, Arv1, Arx, Asah1, Asah2, Asap1, Asap3, Asb1, Asb10, Asb11, Asb13, Asb14, Asb15, Asb16, Asb17, Asb18, Asb2, Asb3, Asb4, Asb5, Asb6, Asb7, Asb8, Asb9, Ascc1, Ascc2, Ascl1, Ascl2, Ascl3, Ascl4, Ascl5, Ash1l, Ash2l, Asic1, Asic2, Asl, Asmt, Asns, Aspa, Asph, Aspm, Aspn, Aspscr1, Ass1, Astl, Astn2, Asxl1, Asxl2, Asxl3, Asz1, Atad1, Atad2, Atad2b, Atad3a, Atad5, Atat1, Atcay, Atf1, Atf1-ps, Atf2, Atf3, Atf4, Atf5, Atf6, Atf6b, Atf7, Atf7ip, Atf7ip2, Atg10, Atg101, Atg12, Atg13, Atg14, Atg16l1, Atg2a, Atg3, Atg4b, Atg5, Atg7, Atg9a, Atl3, Atm, Atmin, Atn1, Atoh1, Atoh7, Atoh8, Atox1, Atp10a, Atp11a, Atp11c, Atp13a2, Atp1a1, Atp1a2, Atp1a3, Atp1b1, Atp1b2, Atp1b3, Atp1b4, Atp2a1, Atp2a2, Atp2a3, Atp2b1, Atp2b2, Atp2b4, Atp2c1, Atp2c2, Atp4a, Atp4b, Atp5f1a, Atp5f1b, Atp5if1, Atp5pf, Atp6ap2, Atp6v0a1, Atp6v0c, Atp6v1b1, Atp6v1c2, Atp7a, Atp8a1, Atp8a2, Atp8b1, Atp9a, Atpsckmt, Atr, Atraid, Atrip, Atrn, Atrnl1, Atrx, Atxn1, Atxn10, Atxn1l, Atxn2, Atxn3, Atxn7, Atxn7l3, Atxn7l3b, AU041133, Aunip, Aurka, Aurkaip1, Aurkb, Aurkc, Auts2, Aven, Avil, Avp, Avpi1, Avpr1a, Avpr1b, Avpr2, AW146154, Axin1, Axin2, Axl, AY036118, AY074887, Aym1, Azgp1, Azi2, Azin1, Azin2, B020011L13Rik, B2m, B3gat3, B3gntl1, B4galnt2, B4galt1, B4galt5, B4galt7, B9d1, Babam1, Babam2, Bace1, Bace2, Bach1, Bach2, Bad, Bag1, Bag2, Bag3, Bag4, Bag5, Bag6, Bahd1, Baiap2, Baiap2l1, Baiap2l2, Baiap3, Bak1, Bambi, Banf1, Bank1, Banp, Bap1, Bard1, Barhl1, Barhl2, Barx1, Barx2, Basp1, Batf, Batf2, Batf3, Bax, Baz1a, Baz1b, Baz2a, Bbc3, Bbip1, Bbln, Bbof1, Bbs1, Bbs10, Bbs12, Bbs2, Bbs4, Bbs7, Bbx, BC004004, BC005624, BC024063, BC028528, BC034090, Bc1, Bcap31, Bcar1, Bcar3, Bcas3, Bccip, Bcdin3d, Bche, Bckdk, Bcl10, Bcl11a, Bcl11b, Bcl2, Bcl2a1a, Bcl2a1b, Bcl2a1c, Bcl2a1d, Bcl2l1, Bcl2l10, Bcl2l11, Bcl2l12, Bcl2l13, Bcl2l14, Bcl2l15, Bcl2l2, Bcl3, Bcl6, Bcl6b, Bcl7a, Bcl7b, Bcl7c, Bcl9, Bcl9l, Bclaf1, Bclaf3, Bco2, Bcor, Bcorl1, Bcr, Bdkrb1, Bdkrb2, Bdnf, Bdp1, Becn1, Becn2, Begain, Bend3, Bend5, Bend6, Best1, Best3, Bet1l, Bex1, Bex2, Bex3, Bex4, Bex6, Bfar, Bglap, Bglap2, Bglap3, Bhlha15, Bhlha9, Bhlhb9, Bhlhe22, Bhlhe23, Bhlhe40, Bhlhe41, Bicc1, Bicd1, Bicd2, Bicra, Bicral, Bid, Bik, Bin1, Bin3, Birc2, Birc3, Birc5, Birc6, Birc7, Blk, Blm, Blnk, Bloc1s2, Bloc1s3, Bloc1s5, Bloc1s6, Bltp1, Blvrb, Bmal1, Bmal2, Bmerb1, Bmf, Bmi1, Bmncr, Bmp1, Bmp10, Bmp15, Bmp2, Bmp2k, Bmp3, Bmp4, Bmp5, Bmp6, Bmp7, Bmp8a, Bmp8b, Bmper, Bmpr1a, Bmpr1b, Bmpr2, Bmx, Bmyc, Bnc1, Bnc2, Bnip1, Bnip2, Bnip3, Bnip3l, Bnip3l-ps, Bnipl, Boc, Bok, Boll, Bop1, Bora, Borcs5, Bpi, Bpifa1, Bpifa5, Bpifb1, Bptf, Braf, Brap, Brat1, Brca1, Brca2, Brcc3, Brcc3dc, Brd1, Brd2, Brd3, Brd4, Brd7, Brd8, Brd9, Brdt, Brf1, Brf2, Bricd5, Brinp1, Brinp2, Brinp3, Brip1, Brk1, Brms1, Brms1l, Brpf1, Brpf3, Brs3, Brsk1, Brsk2, Brwd1, Brwd3, Bscl2, Bsg, Bsn, Bst1, Bst2, Bsx, Btaf1, Btbd10, Btbd18, Btbd7, Btbd9, Btc, Btf3, Btg1, Btg2, Btg3, Btg4, Btk, Btla, Btn1a1, Btn2a2, Btnl1, Btnl10, Btnl12, Btnl2, Btnl4, Btnl6, Btnl9, Btrc, Bub1, Bub1b, Bub3, Bud23, Bud31, Bzw1, Bzw2, C130074G19Rik, C1d, C1qa, C1qb, C1qbp, C1qc, C1ql1, C1ql2, C1ql3, C1ql4, C1qtnf1, C1qtnf12, C1qtnf2, C1qtnf3, C1qtnf4, C1qtnf9, C1ra, C1rb, C1rl, C1s1, C1s2, C2, C2cd2l, C2cd3, C2cd4a, C2cd4b, C2cd5, C3, C3ar1, C4a, C4b, C4bp, C5ar1, C5ar2, C6, C7, C8a, C8b, C8g, C9, C9orf72, Caap1, Cab39, Cab39l, Cabin1, Cables1, Cables2, Cabp1, Cabp4, Cabyr, Cacna1a, Cacna1b, Cacna1c, Cacna1d, Cacna1e, Cacna1f, Cacna1g, Cacna1h, Cacna1i, Cacna1s, Cacna2d1, Cacna2d2, Cacna2d3, Cacnb1, Cacnb2, Cacnb3, Cacnb4, Cacng1, Cacng2, Cacng3, Cacng4, Cacng5, Cacng6, Cacng7, Cacng8, Cactin, Cacul1, Cacybp, Cadm1, Cadm4, Cadps, Cadps2, Calb1, Calb2, Calca, Calcb, Calcoco1, Calcoco2, Calcr, Calcrl, Cald1, Calhm1, Calhm2, Calhm6, Calm1, Calm2, Calm3, Calr, Caly, Camk1, Camk1d, Camk1g, Camk2a, Camk2b, Camk2d, Camk2g, Camk2n1, Camk4, Camkk1, Camkk2, Camkv, Caml, Camp, Camsap1, Camsap2, Camsap3, Camta1, Camta2, Cand1, Cap1, Cap2, Capg, Capn1, Capn10, Capn2, Capn3, Capn6, Capn7, Caprin1, Caprin2, Capza1, Capza1b, Capza2, Capza3, Capzb, Car2, Car7, Car8, Card10, Card11, Card14, Card6, Card9, Carf, Carhsp1, Carlr, Carm1, Carmil1, Carmil2, Carmil3, Carmn, Cartpt, Casc3, Cask, Caskin1, Casp1, Casp12, Casp14, Casp2, Casp3, Casp4, Casp6, Casp7, Casp8, Casp8ap2, Casp9, Casq1, Casq2, Casr, Cass4, Cast, Castor1, Castor2, Casz1, Cat, Catsper1, Cav1, Cav2, Cav3, Cavin1, Cavin2, Cavin3, Cavin4, Cbarp, Cbfa2t2, Cbfa2t3, Cbfb, Cbl, Cblb, Cblc, Cbll1, Cbln1, Cbln2, Cbln4, Cbr1, Cbr1b, Cbs, Cbx1, Cbx2, Cbx3, Cbx4, Cbx5, Cbx6, Cbx7, Cbx8, Cby1, Cc2d1a, Cc2d1b, Cc2d2a, Ccar1, Ccar2, Ccbe1, Ccdc117, Ccdc125, Ccdc134, Ccdc159, Ccdc186, Ccdc22, Ccdc25, Ccdc3, Ccdc32, Ccdc39, Ccdc40, Ccdc47, Ccdc57, Ccdc62, Ccdc65, Ccdc66, Ccdc8, Ccdc80, Ccdc85b, Ccdc85c, Ccdc87, Ccdc88a, Ccdc88b, Ccdc88c, Cck, Cckar, Cckbr, Ccl1, Ccl11, Ccl12, Ccl17, Ccl19, Ccl19-ps1, Ccl19-ps3, Ccl19-ps4, Ccl19-ps5, Ccl19-ps6, Ccl2, Ccl20, Ccl21a, Ccl21b, Ccl21d, Ccl21e, Ccl21f, Ccl22, Ccl24, Ccl25, Ccl26, Ccl27a, Ccl28, Ccl3, Ccl4, Ccl5, Ccl6, Ccl7, Ccl8, Ccl9, Ccm2, Ccm2l, Ccn1, Ccn2, Ccn3, Ccn4, Ccn5, Ccn6, Ccna2, Ccnb1, Ccnb1-ps, Ccnb2, Ccnc, Ccnd1, Ccnd2, Ccnd3, Ccne1, Ccne2, Ccnf, Ccng1, Ccng2, Ccnh, Ccni, Ccnk, Ccnl1, Ccnl2, Ccnq, Ccnt1, Ccnt2, Ccny, Ccnyl1, Ccp110, Ccpg1, Ccr1, Ccr10, Ccr1l1, Ccr2, Ccr3, Ccr4, Ccr5, Ccr6, Ccr7, Ccr8, Ccr9, Ccrl2, Ccsap, Cct2, Cct3, Cct4, Cct5, Cct6a, Cct7, Cct8, Cd101, Cd109, Cd14, Cd151, Cd160, Cd177, Cd180, Cd19, Cd1d1, Cd1d2, Cd2, Cd200, Cd200l1, Cd200l2, Cd200r1, Cd200r1l, Cd200r2, Cd200r3, Cd200r4, Cd209a, Cd209b, Cd209c, Cd209d, Cd209e, Cd22, Cd226, Cd244a, Cd247, Cd248, Cd24a, Cd27, Cd274, Cd276, Cd28, Cd2ap, Cd300a, Cd300c, Cd300c2, Cd300e, Cd300lb, Cd300ld, Cd300ld2, Cd300ld3, Cd300ld4, Cd300lf, Cd300lg, Cd320, Cd34, Cd36, Cd37, Cd38, Cd3d, Cd3e, Cd3g, Cd4, Cd40, Cd40lg, Cd44, Cd46, Cd47, Cd48, Cd5, Cd53, Cd55, Cd55b, Cd59a, Cd59b, Cd5l, Cd6, Cd63, Cd68, Cd69, Cd70, Cd74, Cd79a, Cd79b, Cd80, Cd81, Cd83, Cd84, Cd86, Cd8a, Cd8b1, Cd9, Cd96, Cd99, Cd99l2, Cda, Cdc14a, Cdc14b, Cdc16, Cdc20, Cdc20b, Cdc23, Cdc25a, Cdc25b, Cdc25c, Cdc26, Cdc27, Cdc34, Cdc34b, Cdc37, Cdc42, Cdc42bpa, Cdc42ep1, Cdc42ep2, Cdc42ep3, Cdc42ep4, Cdc42ep5, Cdc42se1, Cdc42se2, Cdc5l, Cdc5lrt1, Cdc5lrt10, Cdc5lrt4, Cdc5lrt5, Cdc5lrt6, Cdc5lrt7, Cdc5lrt8, Cdc5lrt9, Cdc6, Cdc7, Cdc73, Cdca2, Cdca5, Cdca7, Cdca7l, Cdca8, Cdh1, Cdh11, Cdh13, Cdh17, Cdh2, Cdh3, Cdh4, Cdh5, Cdh6, Cdh8, Cdhr2, Cdhr5, Cdip1, Cdk1, Cdk10, Cdk11b, Cdk12, Cdk13, Cdk14, Cdk15, Cdk16, Cdk17, Cdk18, Cdk19, Cdk2, Cdk20, Cdk2ap1, Cdk2ap1rt, Cdk2ap2, Cdk3, Cdk4, Cdk5, Cdk5r1, Cdk5r2, Cdk5rap1, Cdk5rap2, Cdk5rap3, Cdk6, Cdk7, Cdk8, Cdk9, Cdkl1, Cdkl2, Cdkl3, Cdkl4, Cdkl5, Cdkn1a, Cdkn1b, Cdkn1c, Cdkn2a, Cdkn2aip, Cdkn2b, Cdkn2c, Cdkn2d, Cdkn3, Cdnf, Cdon, Cds1, Cds2, Cdsn, Cdt1, Cdx1, Cdx2, Cdx4, Cdyl, Ceacam1, Ceacam10, Ceacam2, Ceacam20, Cebpa, Cebpb, Cebpd, Cebpe, Cebpg, Cebpz, Cela1, Cela2a, Celf1, Celf2, Celf3, Celf4, Celf5, Celf6, Celrr, Celsr1, Celsr2, Celsr3, Cemip, Cemip2, Cenatac, Cend1, Cenpe, Cenpf, Cenpk, Cenpq, Cenpv, Cep120, Cep128, Cep131, Cep135, Cep192, Cep250, Cep290, Cep295, Cep295nl, Cep43, Cep55, Cep57, Cep63, Cep70, Cep72, Cep76, Cep78, Cep85, Cep89, Cep97, Cer1, Cerkl, Cers1, Cers2, Cers6, Cert1, Ces1a, Ces1b, Ces1c, Ces1d, Ces1e, Ces1f, Ces1g, Ces1h, Cetn2, Cfap20, Cfap206, Cfap298, Cfap410, Cfap43, Cfap45, Cfap58, Cfap69, Cfb, Cfc1, Cfd, Cfdp1, Cfh, Cfhr1, Cfhr2, Cfhr4, Cfi, Cfl1, Cfl2, Cflar, Cfp, Cftr, Cga, Cgas, Cggbp1, Cgnl1, Cgref1, Cgrrf1, Ch25h, Chac1, Chad, Chadl, Chaer1, Chaserr, Chat, Chchd10, Chchd2, Chchd2-ps, Chchd4, Chd3, Chd4, Chd5, Chd6, Chd7, Chd8, Chek1, Chek2, Cherp, Chfr, Chga, Chi3l1, Chia1, Chid1, Chil3, Chil4, Chil5, Chil6, Chl1, Chlsn, Chm, Chml, Chmp1a, Chmp1b, Chmp1b2, Chmp2a, Chmp2b, Chmp3, Chmp4b, Chmp4c, Chmp5, Chmp6, Chmp7, Chn1, Chn2, Chodl, Chordc1, Chp1, Chp2, Chrac1, Chrd, Chrdl1, Chrdl2, Chrm1, Chrm2, Chrm3, Chrm4, Chrm5, Chrna1, Chrna10, Chrna2, Chrna3, Chrna4, Chrna5, Chrna6, Chrna7, Chrna9, Chrnb1, Chrnb2, Chrnb3, Chrnb4, Chrnd, Chrne, Chrng, Chst11, Chst2, Chst4, Chsy1, Chtf18, Chtf8, Chuk, Churc1, Ciao1, Ciao3, Ciapin1, Ciart, Cib1, Cibar1, Cic, Cidea, Cideb, Cidec, Ciita, Cilk1, Cilp, Cimap3, Cip2a, Cipc, Cir1, Cirbp, Cisd1, Cisd2, Cish, Cit, Cited1, Cited2, Cited4, Ciz1, Ckap2, Ckap5, Cklf, Ckmt1, Cks1b, Cks1brt, Cks2, Clasp1, Clasp2, Clca3a2, Clcf1, Clcn2, Clcn3, Cldn1, Cldn10, Cldn13, Cldn15, Cldn16, Cldn18, Cldn19, Cldn2, Cldn3, Cldn4, Cldn5, Cldn7, Clec11a, Clec12a, Clec12b, Clec14a, Clec16a, Clec1a, Clec1b, Clec2d, Clec2g, Clec2i, Clec3b, Clec4a2, Clec4a3, Clec4a4, Clec4b1, Clec4b2, Clec4d, Clec4e, Clec4g, Clec4n, Clec5a, Clec7a, Clec9a, Clic1, Clic3, Clic4, Clip1, Clip3, Clk1, Clk2, Clk3, Clk4, Clmn, Clmp, Cln3, Cln6, Cln8, Clnk, Clns1a, Clock, Clp1, Clpb, Clptm1, Clrn1, Clspn, Clstn1, Clstn2, Clstn3, Cltc, Cltrn, Clu, Cluap1, Clxn, Clybl, Cma1, Cmah, Cmklr1, Cmklr2, Cmtm2a, Cmtm2b, Cmtm3, Cmtm5, Cmtm7, Cmtm8, Cmya5, Cnbp, Cndp1, Cnep1r1, Cngb1, Cnih2, Cnih3, Cnksr1, Cnksr2, Cnksr3, Cnmd, Cnn1, Cnn2, Cnot1, Cnot10, Cnot11, Cnot2, Cnot3, Cnot4, Cnot6, Cnot6l, Cnot7, Cnot8, Cnot9, Cnpy2, Cnpy4, Cnr1, Cnr2, Cnrip1, Cnst, Cntd1, Cntf, Cntfr, Cntln, Cntn1, Cntn2, Cntn4, Cntn6, Cntnap1, Cntnap2, Cntnap4, Cntrob, Coa3, Coa8, Cobl, Coch, Col14a1, Col16a1, Col18a1, Col1a1, Col1a2, Col26a1, Col2a1, Col3a1, Col4a1, Col4a2, Col4a3, Col4a5, Col4a6, Col5a1, Col5a2, Col6a1, Col6a2, Col6a3, Col8a1, Colec10, Colec11, Colec12, Colgalt1, Colq, Commd1, Commd4, Commd5, Commd6, Commd7, Commd8, Comp, Comt, Cop1, Copa, Cops2, Cops5, Cops8, Cops9, Coq7, Corin, Coro1a, Coro1b, Coro1c, Coro2b, Coro7, Cort, Cotl1, Cox11, Cox17, Cox7a1, Cox7a2, Cox7a2l, Cpap, Cpb2, Cpe, Cpeb1, Cpeb2, Cpeb3, Cpeb4, Cphx1, Cplane2, Cplx1, Cplx2, Cplx3, Cplx4, Cpne1, Cpne3, Cpne5, Cpne6, Cpne9, Cpped1, Cpsf3, Cpsf6, Cpt1a, Cpt2, Cptp, Cpz, Cr1l, Cr2, Crabp2, Cracd, Cracr2a, Cradd, Crb2, Crb3, Crbn, Crcp, Creb1, Creb3, Creb3l1, Creb3l2, Creb3l3, Creb3l4, Creb5, Crebbp, Crebl2, Crebrf, Crebzf, Creg1, Crem, Crh, Crhbp, Crhr1, Crhr2, Crim1, Crip1, Crip2, Cript, Cripto, Crisp4, Crk, Crkl, Crlf1, Crlf2, Crlf3, Crmp1, Crnde, Crnn, Crocc, Crp, Crtac1, Crtam, Crtap, Crtc1, Crtc2, Crtc3, Crx, Crxos, Cry1, Cry2, Cryaa, Cryab, Cryba1, Crym, Csdc2, Csde1, Csf1, Csf1r, Csf2, Csf2ra, Csf2rb, Csf2rb2, Csf3, Csf3r, Csk, Csmd3, Csnk1a1, Csnk1d, Csnk1e, Csnk1g1, Csnk1g2, Csnk1g3, Csnk2a1, Csnk2a2, Csnk2b, Cspg4, Cspg5, Cspp1, Csrnp1, Csrnp2, Csrnp3, Csrp3, Cst11, Cst3, Cst7, Csta1, Csta2, Csta3, Cstb, Cstdc3, Cstdc4, Cstdc5, Cstdc6, Ctbp1, Ctbp2, Ctc1, Ctcf, Ctcfl, Ctdnep1, Ctdp1, Ctdsp1, Ctdsp2, Ctdspl, Ctdspl2, Ctf1, Ctf2, Cth, Cthrc1, Ctif, Ctla2a, Ctla4, Ctnna1, Ctnna2, Ctnna3, Ctnnal1, Ctnnb1, Ctnnbip1, Ctnnbl1, Ctnnd1, Ctnnd2, Ctns, Ctr9, Ctrb1, Cts7, Ctsa, Ctsc, Ctsd, Ctsg, Ctsh, Ctsk, Ctsl, Ctss, Ctsz, Cttn, Cttnbp2, Cttnbp2nl, Cuedc2, Cul1, Cul3, Cul4a, Cul4b, Cul5, Cul7, Cul9, Cux1, Cux2, Cuzd1, Cwh43, Cx3cl1, Cx3cr1, Cxadr, Cxcl1, Cxcl10, Cxcl11, Cxcl12, Cxcl13, Cxcl14, Cxcl15, Cxcl16, Cxcl17, Cxcl2, Cxcl3, Cxcl5, Cxcl9, Cxcr1, Cxcr2, Cxcr3, Cxcr4, Cxcr5, Cxcr6, Cxxc1, Cxxc4, Cxxc5, Cyb5d1, Cyb5d2, Cyb5r4, Cyba, Cybb, Cycs, Cyct, Cyfip1, Cyfip2, Cygb, Cyld, Cyp17a1, Cyp19a1, Cyp1a1, Cyp1a2, Cyp1b1, Cyp26a1, Cyp26b1, Cyp27b1, Cyp2j5, Cyp2j6, Cyp3a13, Cyp3a41a, Cyp46a1, Cyp4a10, Cyp4a31, Cyp4a32, Cyp51, Cyp7a1, Cyp7b1, Cyp8b1, Cyren, Cyria, Cyrib, Cys1, Cysltr1, Cysltr2, Cyth1, Cyth2, Cyth3, Cyth4, Cytip, Cytl1, D130043K22Rik, D16Ertd472e, D1Pas1, D6Wsu163e, D7Ertd443e, Daam1, Daam2, Dab1, Dab2, Dab2ip, Dach1, Dach2, Dact1, Dact2, Dact3, Dad1, Dag1, Dagla, Daglb, Dand5, Dap, Dapk1, Dapk2, Dapk3, Dapl1, Daxx, Dazap1, Dazl, Dbf4, Dbh, Dbi, Dbn1, Dbndd1, Dbndd2, Dbnl, Dbp, Dbx1, Dbx2, Dcaf1, Dcaf12, Dcaf13, Dcaf15, Dcaf5, Dcaf6, Dcbld2, Dcc, Dcdc2a, Dcdc2c, Dchs1, Dclk1, Dclk2, Dclk3, Dcn, Dcp1a, Dcp1b, Dcp2, Dcps, Dcst1, Dcstamp, Dct, Dctn1, Dcun1d1, Dcun1d2, Dcun1d3, Dcun1d4, Dcun1d5, Dcx, Dcxr, Dda1, Ddah1, Ddb1, Ddhd1, Ddhd2, Ddias, Ddit3, Ddit4, Ddit4l, Ddn, Ddo, Ddr1, Ddr2, Ddrgk1, Ddt, Ddx1, Ddx11, Ddx17, Ddx19a, Ddx20, Ddx21, Ddx25, Ddx39b, Ddx3x, Ddx3y, Ddx4, Ddx41, Ddx42, Ddx47, Ddx49, Ddx5, Ddx54, Ddx56, Ddx6, Ddx60, Deaf1, Decr1, Dedd, Dedd2, Def8, Defb1, Defb21, Defb25, Defb37, Degs1, Dek, Dele1, Dennd10, Dennd1a, Dennd1b, Dennd2b, Dennd3, Dennd4a, Dennd4b, Dennd4c, Dennd5a, Dennd5b, Dennd6a, Depdc1a, Depdc1b, Depdc5, Depdc7, Depp1, Deptor, Derl1, Derl2, Derl3, Desi1, Det1, Dffa, Dffb, Dgat1, Dgat2, Dgcr8, Dgka, Dgkb, Dgkd, Dgke, Dgkg, Dgkh, Dgki, Dgkk, Dgkq, Dgkz, Dguok, Dhcr24, Dhcr7, Dhfr, Dhh, Dhodh, Dhps, Dhrs2, Dhrs3, Dhrs7b, Dhrs7c, Dhrsx, Dhx15, Dhx29, Dhx33, Dhx34, Dhx36, Dhx37, Dhx58, Dhx9, Diablo, Diaph1, Diaph2, Diaph3, Dicer1, Dido1, Dimt1, Dio2, Dio3, Dip2a, Dip2b, Dipk2a, Diras1, Diras2, Dis3, Dis3l, Dis3l2, Disc1, Disp1, Disp2, Disp3, Dixdc1, Dkc1, Dkk1, Dkk2, Dkk3, Dkk4, Dkkl1, Dlc1, Dlec1, Dleu2, Dlg1, Dlg2, Dlg3, Dlg4, Dlg5, Dlgap1, Dlgap2, Dlgap3, Dlgap4, Dlgap5, Dlk1, Dlk2, Dll1, Dll3, Dll4, Dlx1, Dlx2, Dlx3, Dlx4, Dlx5, Dlx6, Dlx6os1, Dmap1, Dmbt1, Dmbx1, Dmd, Dmp1, Dmpk, Dmrt1, Dmrt1i, Dmrt2, Dmrt3, Dmrta1, Dmrta2, Dmrtb1, Dmrtc2, Dmtf1, Dmtf1l, Dmtn, Dmxl2, Dna2, Dnaaf1, Dnaaf4, Dnah11, Dnai1, Dnai3, Dnaja1, Dnaja3, Dnaja4, Dnajb1, Dnajb11, Dnajb2, Dnajb4, Dnajb5, Dnajb6, Dnajb8, Dnajb9, Dnajc1, Dnajc10, Dnajc13, Dnajc15, Dnajc17, Dnajc19, Dnajc2, Dnajc27, Dnajc3, Dnajc30, Dnajc5, Dnajc6, Dnase1, Dnase1l3, Dnase2a, Dnd1, Dner, Dnm1, Dnm1l, Dnm2, Dnm3, Dnmbp, Dnmt1, Dnmt3a, Dnmt3b, Dnmt3l, Dnph1, Doc2a, Doc2b, Doc2g, Dock1, Dock10, Dock11, Dock2, Dock3, Dock4, Dock5, Dock6, Dock7, Dock8, Dock9, Dok1, Dok2, Dok3, Dok4, Dok5, Dok6, Dok7, Donson, Dot1l, Dpep1, Dpf1, Dpf2, Dpf3, Dph3, Dpp10, Dpp4, Dpp6, Dpp8, Dpp9, Dppa1, Dppa2, Dppa3, Dppa5a, Dppa5b, Dpt, Dpy30, Dpysl2, Dpysl3, Dpysl5, Dr1, Dram1, Dram2, Drap1, Draxin, Drc1, Drd1, Drd2, Drd3, Drd4, Drd5, Drg1, Drgx, Drosha, Drp2, Dsc1, Dsc2, Dscam, Dscaml1, Dscc1, Dsg2, Dsg3, Dsg4, Dsp, Dspp, Dstn, Dstyk, Dtl, Dtna, Dtnb, Dtnbp1, Dtx1, Dtx2, Dtx3, Dtx3l, Dtx4, Dubr, Duox1, Duox2, Duoxa1, Duoxa2, Dus3l, Dusp1, Dusp10, Dusp12, Dusp13a, Dusp13b, Dusp14, Dusp15, Dusp16, Dusp18, Dusp19, Dusp2, Dusp21, Dusp22, Dusp23, Dusp26, Dusp28, Dusp29, Dusp3, Dusp4, Dusp5, Dusp6, Dusp7, Dusp8, Dusp9, Dut, Duxbl1, Duxf3, Duxf4, Dvl1, Dvl2, Dvl3, Dxo, Dynap, Dynapl1, Dync1h1, Dync1i2, Dync1li1, Dync2h1, Dync2li1, Dynll1, Dynlt1a, Dynlt1b, Dynlt1c, Dynlt1f, Dynlt2b, Dynlt3, Dyrk1a, Dyrk1b, Dyrk2, Dyrk3, Dysf, Dytn, Dzip1, Dzip1l, E130311K13Rik, E230001N04Rik, E2f1, E2f2, E2f3, E2f4, E2f5, E2f6, E2f7, E2f8, E330034G19Rik, E4f1, Eaf1, Eaf2, Eapp, Ebf1, Ebf2, Ebf3, Ebf4, Ebi3, Ecd, Ece1, Ecel1, Echdc3, Ecm1, Ecm2, Ecrg4, Ecscr, Ecsit, Ect2, Eda, Eda2r, Edar, Edaradd, Edc3, Edc4, Edem1, Edem2, Edem3, Edf1, Edil3, Edn1, Edn2, Edn3, Ednra, Ednrb, Edrf1, Eea1, Eed, Eef1a2, Eef1d, Eef1e1, Eef2, Eef2k, Eefsec, Eeig1, Eepd1, Efcab7, Efemp1, Efemp2, Efhb, Efhc1, Efhc2, Efhd1, Efna1, Efna2, Efna3, Efna4, Efna5, Efnb1, Efnb2, Efnb3, Efr3a, Efs, Egf, Egfl6, Egfl7, Egflam, Egfr, Egln1, Egln2, Egln3, Egr1, Egr2, Egr3, Egr4, Ehd1, Ehd2, Ehd3, Ehd4, Ehf, Ehmt1, Ehmt2, Ei24, Eid1, Eid2, Eid2b, Eif1, Eif2a, Eif2ak1, Eif2ak2, Eif2ak3, Eif2ak4, Eif2b1, Eif2b2, Eif2b3, Eif2b4, Eif2b5, Eif2s1, Eif3a, Eif3b, Eif3d, Eif3e, Eif3h, Eif3k, Eif4a1, Eif4a3, Eif4a3l1, Eif4a3l2, Eif4e, Eif4e2, Eif4e3, Eif4ebp1, Eif4ebp2, Eif4ebp3, Eif4enif1, Eif4g1, Eif4g2, Eif4g3, Eif5, Eif5a, Eif5a2, Eif5b, Eif6, Eipr1, Elane, Elapor1, Elapor2, Elavl1, Elavl2, Elavl4, Eldr, Elf1, Elf2, Elf3, Elf4, Elf5, Elfn1, Elfn2, Elk1, Elk3, Elk4, Ell, Ell2, Ell3, Elmo1, Elmod2, Eln, Eloa, Elob, Eloc, Elovl3, Elovl5, Elovl6, Elp2, Elp3, Elp4, Elp5, Elp6, Emc10, Emcn, Emd, Eme1, Eme2, Emilin1, Emilin2, Eml2, Eml3, Eml4, Emp2, Emsy, Emx1, Emx2, En1, En2, Enam, Enc1, Endog, Endou, Eng, Enho, Eno1, Eno1b, Enpp1, Enpp2, Enpp3, Enpp4, Enpp7, Ensa, Entpd1, Entpd2, Entpd7, Entr1, Entrep1, Eny2, Eomes, Ep300, Ep400, Epas1, Epb41, Epb41l1, Epb41l2, Epb41l3, Epb41l4b, Epb41l5, Epb42, Epc1, Epc2, Epcam, Epg5, Epgn, Epha1, Epha10, Epha2, Epha3, Epha4, Epha5, Epha6, Epha7, Epha8, Ephb1, Ephb2, Ephb3, Ephb4, Ephb6, Ephx2, Epm2a, Epm2aip1, Epn1, Epn2, Epo, Epop, Epor, Eppin, Eppk1, Eprs1, Eps15, Eps8, Eps8l1, Eps8l2, Eps8l3, Epx, Erap1, Eras, Erbb2, Erbb3, Erbb4, Erbin, Erc1, Erc2, Ercc1, Ercc2, Ercc3, Ercc4, Ercc5, Ercc6, Ercc8, Erdr1x, Ereg, Erf, Erfe, Erfl, Erg, Ergic3, Eri1, Erlec1, Erlin1, Erlin2, Erln, Ermap, Ermn, Ermp1, Ern1, Ern2, Ero1a, Erp29, Errfi1, Esam, Esco1, Esco2, Esm1, Esp1, Esp22, Esp6, Espn, Esr1, Esr2, Esrp1, Esrp2, Esrra, Esrrb, Esrrg, Esx1, Etaa1, Etf1, Etfbkmt, Ets1, Ets2, Etv1, Etv2, Etv3, Etv3l, Etv4, Etv5, Etv6, Eva1a, Evc, Evc2, Evi2, Evi2b, Evi5l, Evl, Evpl, Evx1, Evx2, Ewsr1, Exd1, Exoc2, Exoc3l, Exoc4, Exoc7, Exosc10, Exosc2, Exosc3, Exosc4, Exosc5, Exosc6, Exosc7, Exosc8, Exosc9, Exph5, Ext1, Extl3, Eya1, Eya2, Eya3, Eya4, Ezh1, Ezh2, Ezhip, Ezr, F10, F11, F11r, F12, F2, F2r, F2rl1, F2rl2, F2rl3, F3, F7, F8a, Fa2h, Faah, Fabp1, Fabp3, Fabp4, Fabp5, Fabp7, Fadd, Fads2, Faf1, Faim, Faim2, Faiml, Fam107a, Fam110c, Fam111a, Fam114a1, Fam120b, Fam13b, Fam161a, Fam162a, Fam168a, Fam170a, Fam170b, Fam171a1, Fam20a, Fam20c, Fam210b, Fam220a, Fam3a, Fam3b, Fam3c, Fam3d, Fam47c, Fam47e, Fam50a, Fam53b, Fam72a, Fam76b, Fam83a, Fam83b, Fam83c, Fam83d, Fam83e, Fam83f, Fam83g, Fam83h, Fam89b, Fam98a, Fam98b, Fanca, Fancb, Fancd2, Fanci, Fancl, Fancm, Fank1, Fap, Farp1, Farp2, Fas, Fasl, Fastk, Fastkd1, Fastkd2, Fastkd3, Fastkd5, Fat1, Fat3, Fat4, Fate1, Faxdc2, Fbh1, Fblim1, Fbln1, Fbln2, Fbln5, Fbn1, Fbn2, Fbp1, Fbrs, Fbxl15, Fbxl17, Fbxl19, Fbxl2, Fbxl20, Fbxl21, Fbxl3, Fbxl5, Fbxo10, Fbxo11, Fbxo2, Fbxo21, Fbxo22, Fbxo24, Fbxo31, Fbxo32, Fbxo33, Fbxo38, Fbxo4, Fbxo41, Fbxo43, Fbxo45, Fbxo5, Fbxo7, Fbxo8, Fbxo9, Fbxw11, Fbxw4, Fbxw5, Fbxw7, Fbxw7as1, Fbxw8, Fcamr, Fcer1a, Fcer1g, Fcer2a, Fcgr1, Fcgr2b, Fcgr3, Fcgr4, Fcho1, Fchsd1, Fchsd2, Fcmr, Fcna, Fcnb, Fcor, Fcrl2, Fcrl5, Fcrl6, Fcrla, Fcrlb, Fdcsp, Fdps, Fech, Fem1a, Fem1al, Fem1b, Fen1, Fer, Ferd3l, Fermt1, Fermt2, Fermt3, Fes, Fetub, Fev, Fez1, Fez2, Fezf1, Fezf2, Ffar1, Ffar2, Ffar3, Ffar4, Fga, Fgb, Fgd1, Fgd2, Fgd4, Fgf1, Fgf10, Fgf11, Fgf12, Fgf13, Fgf14, Fgf15, Fgf16, Fgf17, Fgf18, Fgf2, Fgf20, Fgf21, Fgf22, Fgf23, Fgf3, Fgf4, Fgf5, Fgf6, Fgf7, Fgf8, Fgf9, Fgfbp1, Fgfbp3, Fgfr1, Fgfr2, Fgfr3, Fgfr4, Fgfrl1, Fgg, Fgl1, Fgl2, Fgr, Fh1, Fhit, Fhl1, Fhl2, Fhl5, Fhod1, Fhod3, Ficd, Fig4, Figla, Fignl1, Fignl2, Fip1l1, Firrm, Fis1, Fitm1, Fitm2, Fiz1, Fjx1, Fkbp10, Fkbp11, Fkbp14, Fkbp1a, Fkbp1b, Fkbp2, Fkbp3, Fkbp4, Fkbp5, Fkbp6, Fkbp7, Fkbp8, Fkbp9, Fkbpl, Fkrp, Fktn, Flcn, Fli1, Flii, Flna, Flot1, Flot2, Flrt1, Flrt2, Flrt3, Flt1, Flt3, Flt3l, Flt4, Flvcr1, Flywch1, Fmc1, Fmn1, Fmn2, Fmnl1, Fmnl2, Fmnl3, Fmo1, Fmo2, Fmo4, Fmo5, Fmr1, Fn1, Fnbp1, Fnbp1l, Fndc1, Fndc3b, Fndc4, Fndc5, Fnip1, Fnip2, Fnta, Fntb, Focad, Folh1, Folr1, Folr2, Fos, Fosb, Fosl1, Fosl2, Foxa1, Foxa2, Foxa3, Foxb1, Foxb2, Foxc1, Foxc2, Foxd1, Foxd2, Foxd3, Foxd4, Foxe1, Foxe3, Foxf1, Foxf2, Foxg1, Foxh1, Foxi1, Foxi2, Foxi3, Foxj1, Foxj2, Foxj3, Foxk1, Foxk2, Foxl1, Foxl2, Foxl3, Foxm1, Foxn1, Foxn2, Foxn3, Foxn4, Foxo1, Foxo3, Foxo4, Foxo6, Foxp1, Foxp2, Foxp3, Foxp4, Foxq1, Foxr1, Foxr2, Foxs1, Fpr-rs3, Fpr-rs4, Fpr-rs6, Fpr-rs7, Fpr1, Fpr2, Fpr3, Frat1, Frat2, Frk, Frmd4a, Frmd5, Frmd6, Frmd7, Frmd8, Frmpd1, Frmpd4, Frrs1l, Frs2, Frs3, Fry, Frzb, Fscb, Fscn1, Fsd1, Fshb, Fshr, Fst, Fstl1, Fstl3, Fstl4, Fstl5, Fth1, Ftmt, Fto, Ftx, Fubp1, Fubp3, Fuca2, Fundc2, Fuom, Furin, Fus, Fut1, Fut2, Fut4, Fut7, Fut8, Fut9, Fuz, Fxn, Fxr1, Fxr2, Fxyd1, Fxyd2, Fxyd3, Fxyd4, Fxyd5, Fxyd6, Fxyd7, Fyb1, Fyb2, Fyco1, Fyn, Fzd1, Fzd10, Fzd2, Fzd3, Fzd4, Fzd5, Fzd6, Fzd7, Fzd8, Fzd9, Fzr1, G0s2, G2e3, G3bp1, G3bp2, G6pc1, G6pc2, G6pd2, G6pdx, Gaa, Gab1, Gab2, Gab3, Gabarap, Gabarapl2, Gabbr1, Gabbr2, Gabpa, Gabpb1, Gabpb2, Gabra1, Gabra2, Gabra3, Gabra4, Gabra5, Gabra6, Gabrb1, Gabrb2, Gabrb3, Gabrd, Gabre, Gabrg1, Gabrg2, Gabrg3, Gabrq, Gabrr1, Gabrr2, Gadd45a, Gadd45b, Gadd45g, Gak, Gal, Galnt11, Galp, Galr1, Galr2, Galr3, Gamt, Gap43, Gapdh, Gapdh-ps15, Gapdhrt, Gapdhrt2, Gapdhs, Gapvd1, Garem1, Garin5a, Garnl3, Garre1, Gas1, Gas2, Gas2l1, Gas2l2, Gas5, Gas6, Gas7, Gas8, Gast, Gata1, Gata2, Gata3, Gata4, Gata5, Gata6, Gatad1, Gatad2a, Gatad2b, Gatm, Gba1, Gba2, Gbe1, Gbf1, Gbp2, Gbp2b, Gbp3, Gbp4, Gbp5, Gbp7, Gbx1, Gbx2, Gcc2, Gcg, Gcgr, Gch1, Gchfr, Gck, Gckr, Gclc, Gclm, Gcm1, Gcm2, Gcn1, Gcnt1, Gcnt2, Gcsam, Gda, Gde1, Gdf1, Gdf10, Gdf11, Gdf15, Gdf2, Gdf3, Gdf5, Gdf6, Gdf7, Gdf9, Gdi1, Gdi2, Gdnf, Gdpd2, Gdpd5, Gemin5, Gen1, Gfap, Gfer, Gfi1, Gfi1b, Gfpt1, Gfra1, Gfra2, Gfra3, Gfra4, Gfral, Gfus, Gga1, Gga3, Ggct, Ggnbp2, Ggt1, Ggt7, Gh, Ghitm, Ghr, Ghrh, Ghrhr, Ghrl, Ghsr, Gid8, Gigyf1, Gigyf2, Gimap3, Gimap5, Gimap8, Gip, Gipc1, Gipr, Git1, Git2, Gja1, Gja10, Gja3, Gja4, Gja5, Gja6, Gja8, Gjb1, Gjb2, Gjb3, Gjb4, Gjb5, Gjb6, Gjc1, Gjc2, Gjc3, Gjd2, Gjd3, Gjd4, Gje1, Gk, Gkap1, Gkn1, Gkn2, Gkn3, Gla, Glce, Gldn, Glg1, Gli1, Gli2, Gli3, Glipr2, Glis1, Glis2, Glis3, Glmn, Glmp, Glo1, Glp1r, Glp2r, Glra1, Glra2, Glra3, Glra4, Glrb, Glrp1, Glrx3, Gls, Gls2, Glud1, Glul, Glyr1, Gm10033, Gm10662, Gm10668, Gm11690, Gm11772, Gm12250, Gm12258, Gm128, Gm13271, Gm13272, Gm13275, Gm13276, Gm13277, Gm13283, Gm14137, Gm14295, Gm14322, Gm14325, Gm14391, Gm14399, Gm14401, Gm14403, Gm14412, Gm14418, Gm14434, Gm14443, Gm14444, Gm14461, Gm15441, Gm15446, Gm17067, Gm17655, Gm19965, Gm20737, Gm20738, Gm20747, Gm20773, Gm20795, Gm20806, Gm20807, Gm20808, Gm20812, Gm20815, Gm20816, Gm20818, Gm20821, Gm20822, Gm20825, Gm20826, Gm20830, Gm20834, Gm20852, Gm20854, Gm20865, Gm20873, Gm20914, Gm20917, Gm20918, Gm21118, Gm21292, Gm21310, Gm21394, Gm21719, Gm21778, Gm21812, Gm21854, Gm2381, Gm266, Gm28171, Gm32687, Gm35315, Gm3604, Gm38999, Gm4275, Gm4513, Gm45871, Gm4767, Gm4924, Gm5127, Gm5141, Gm5157, Gm527, Gm5849, Gm5890, Gm6176, Gm6871, Gm6882, Gm7072, Gm7324, Gmcl1, Gmds, Gmeb1, Gmeb2, Gmfb, Gmfg, Gmip, Gmnc, Gmnn, Gmppa, Gna11, Gna12, Gna13, Gna14, Gna15, Gnai1, Gnai2, Gnai3, Gnal, Gnao1, Gnaq, Gnas, Gnasas1, Gnat1, Gnat2, Gnat3, Gnaz, Gnb1, Gnb1l, Gnb2, Gnb3, Gnb4, Gnb5, Gng10, Gng11, Gng12, Gng13, Gng14, Gng2, Gng3, Gng4, Gng5, Gng5c, Gng7, Gng8, Gngt1, Gngt2, Gnl3, Gnl3l, Gnmt, Gnrh1, Gnrhr, Golga2, Golga4, Golm1, Golph3, Golph3l, Gon4l, Gopc, Gorab, Gorasp1, Got1, Gp1ba, Gp1bb, Gp5, Gp6, Gp9, Gpam, Gpat2, Gpat3, Gpat4, Gpatch3, Gpbar1, Gpbp1, Gpbp1l1, Gpc1, Gpc2, Gpc3, Gpc4, Gpc5, Gpc6, Gpd1, Gpd1l, Gper1, Gpha2, Gphb5, Gpi1, Gpihbp1, Gpld1, Gpm6a, Gpm6b, Gpnmb, Gpr101, Gpr108, Gpr119, Gpr12, Gpr132, Gpr135, Gpr137, Gpr137b, Gpr137c, Gpr139, Gpr141, Gpr142, Gpr143, Gpr146, Gpr149, Gpr15, Gpr150, Gpr151, Gpr152, Gpr153, Gpr155, Gpr156, Gpr157, Gpr158, Gpr15lg, Gpr160, Gpr161, Gpr162, Gpr165, Gpr17, Gpr171, Gpr173, Gpr174, Gpr176, Gpr179, Gpr18, Gpr180, Gpr182, Gpr183, Gpr19, Gpr20, Gpr21, Gpr22, Gpr25, Gpr26, Gpr27, Gpr3, Gpr31b, Gpr33, Gpr34, Gpr35, Gpr37, Gpr37l1, Gpr39, Gpr4, Gpr45, Gpr50, Gpr52, Gpr55, Gpr6, Gpr61, Gpr62, Gpr63, Gpr65, Gpr68, Gpr75, Gpr82, Gpr83, Gpr84, Gpr85, Gpr87, Gpr88, Gprasp1, Gprc5a, Gprc5b, Gprc5c, Gprc5d, Gprc6a, Gps2, Gpsm1, Gpsm2, Gpsm3, Gpt, Gpx1, Gpx2, Gpx4, Gramd2a, Gramd4, Grap, Grap2, Grb10, Grb14, Grb2, Grb7, Grcc10, Grem1, Grem2, Grhl1, Grhl2, Grhl3, Gria1, Gria2, Gria3, Gria4, Grid1, Grid2, Grid2ip, Grik1, Grik2, Grik3, Grik4, Grik5, Grin1, Grin2a, Grin2b, Grin2c, Grin2d, Grin3a, Grin3b, Grina, Grip1, Grip2, Gripap1, Grk1, Grk2, Grk3, Grk4, Grk5, Grk6, Grm1, Grm2, Grm3, Grm4, Grm5, Grm6, Grm7, Grm8, Grn, Grp, Grpr, Grsf1, Gsap, Gsc, Gsc2, Gsdma3, Gsdmd, Gsdme, Gsg1l, Gsk3a, Gsk3b, Gskip, Gsn, Gspt1, Gspt2, Gstm7, Gsto1, Gstp-ps, Gstp1, Gstp2, Gstp3, Gsx1, Gsx2, Gtdc1, Gtf2a1, Gtf2a2, Gtf2f1, Gtf2f2, Gtf2h1, Gtf2h2, Gtf2h3, Gtf2i, Gtf2ird1, Gtf2ird2, Gtpbp1, Gtpbp2, Gtpbp4, Gtsf1, Guca1a, Guca1b, Guca2b, Gucy1a1, Gucy1a2, Gucy1b1, Gucy1b2, Gucy2c, Gucy2d, Gucy2e, Gucy2f, Gucy2g, Guf1, Gypa, Gzf1, Gzma, Gzmb, Gzmc, Gzmk, Gzmn, H19, H1f0, H1f1, H1f10, H1f2, H1f3, H1f4, H1f5, H1f6, H1f8, H1f9, H2-Aa, H2-Ab1, H2-Bl, H2-D1, H2-DMa, H2-DMb1, H2-DMb2, H2-Ea, H2-Eb1, H2-Eb2, H2-K1, H2-L, H2-M1, H2-M10.1, H2-M10.2, H2-M10.3, H2-M10.4, H2-M10.5, H2-M10.6, H2-M11, H2-M2, H2-M3, H2-M5, H2-M9, H2-Oa, H2-Ob, H2-Q1, H2-Q10, H2-Q2, H2-Q4, H2-Q6, H2-Q7, H2-Q8, H2-Q9, H2-T22, H2-T23, H2-T24, H2-T26, H2-T27, H2-T3, H2ab1, H2ab2, H2ab3, H2ac1, H2ac10, H2ac11, H2ac12, H2ac13, H2ac15, H2ac19, H2ac20, H2ac21, H2ac22, H2ac23, H2ac24, H2ac25, H2ac4, H2ac6, H2ac7, H2ac8, H2aj, H2al1b, H2al1e, H2al1f, H2al1j, H2al1k, H2al1m, H2al1n, H2al1o, H2al2a, H2al2b, H2al3, H2ap, H2ax, H2az1, H2az2, H2bc21, H3c14, H3f3a, H3f3b, H3f5, H60a, H60b, H60c, H6pd, Habp4, Hacd1, Hacd3, Hace1, Hadh, Halr1, Hamp, Hamp2, Hand1, Hand2, Hand2os1, Hap1, Hapln4, Hapstr1, Has1, Has2, Has3, Haspin, Hat1, Havcr1, Havcr2, Hax1, Hba-x, Hbb-b1, Hbb-b2, Hbb-bh1, Hbb-y, Hbegf, Hbp1, Hbs1l, Hc, Hcar1, Hcar2, Hcfc1, Hcfc2, Hck, Hcls1, Hcn1, Hcn2, Hcn3, Hcn4, Hcrt, Hcrtr1, Hcrtr2, Hcst, Hdac1, Hdac10, Hdac11, Hdac2, Hdac3, Hdac4, Hdac5, Hdac6, Hdac7, Hdac8, Hdac9, Hdgf, Hdgfl2, Hdgfl3, Hdx, Heatr1, Heca, Hectd1, Hecw1, Hecw2, Heg1, Helb, Hells, Helq, Helt, Helz, Helz2, Hemgn, Henmt1, Hepacam, Heph, Herc1, Herc2, Herc4, Herpud1, Herpud2, Hes1, Hes2, Hes3, Hes5, Hes6, Hes7, Hesx1, Hexb, Hexim1, Hexim2, Hey1, Hey2, Heyl, Hfe, Hgf, Hgs, Hhat, Hhatl, Hhex, Hhip, Hic1, Hic2, Hif1a, Hif1an, Hif3a, Higd1a, Higd2a, Hilpda, Hinfp, Hint1, Hint2, Hip1, Hip1r, Hipk1, Hipk2, Hipk3, Hipk4, Hira, Hivep1, Hivep2, Hivep3, Hjurp, Hjv, Hk1, Hk2, Hk3, Hlf, Hltf, Hlx, Hm629797, Hmbox1, Hmces, Hmg20a, Hmg20b, Hmga1, Hmga1b, Hmga2, Hmgb1, Hmgb2, Hmgb3, Hmgb4, Hmgcr, Hmgn1, Hmgn2, Hmgn3, Hmgn5, Hmox1, Hmx1, Hmx2, Hmx3, Hnf1a, Hnf1b, Hnf4a, Hnf4g, Hnrnpa0, Hnrnpa1, Hnrnpa2b1, Hnrnpab, Hnrnpc, Hnrnpd, Hnrnpdl, Hnrnpf, Hnrnph1, Hnrnph2, Hnrnph3, Hnrnpk, Hnrnpl, Hnrnpll, Hnrnpm, Hnrnpr, Hnrnpu, Homer1, Homer2, Homer3, Homez, Hook3, Hopx, Hormad1, Hotair, Hoxa1, Hoxa10, Hoxa11, Hoxa11os, Hoxa13, Hoxa2, Hoxa3, Hoxa4, Hoxa5, Hoxa6, Hoxa7, Hoxa9, Hoxb1, Hoxb13, Hoxb2, Hoxb3, Hoxb3os, Hoxb4, Hoxb5, Hoxb6, Hoxb7, Hoxb8, Hoxb9, Hoxc10, Hoxc11, Hoxc12, Hoxc13, Hoxc4, Hoxc5, Hoxc6, Hoxc8, Hoxc9, Hoxd1, Hoxd10, Hoxd11, Hoxd12, Hoxd13, Hoxd3, Hoxd4, Hoxd8, Hoxd9, Hp, Hp1bp3, Hpca, Hpcal1, Hpcal4, Hpgd, Hpgds, Hpn, Hprt1, Hps1, Hpse, Hpse2, Hpx, Hr, Hras, Hrc, Hrg, Hrh1, Hrh2, Hrh3, Hrh4, Hrk, Hs1bp3, Hs3st5, Hsbp1, Hsbp1l1, Hsd11b1, Hsd17b12, Hsd17b13, Hsd3b2, Hsd3b3, Hsd3b4, Hsd3b5, Hsd3b6, Hsd3b7, Hsd3b8, Hsd3b9, Hsf1, Hsf2, Hsf3, Hsf4, Hsf5, Hsh2d, Hsp90aa1, Hsp90ab1, Hsp90b1, Hspa1a, Hspa1b, Hspa1l, Hspa2, Hspa4, Hspa5, Hspa8, Hspa9, Hspb1, Hspb2, Hspb6, Hspb8, Hspbp1, Hspd1, Hspg2, Hsph1, Htatip2, Htr1a, Htr1b, Htr1d, Htr1e, Htr1f, Htr2a, Htr2b, Htr2c, Htr3a, Htr3b, Htr4, Htr5a, Htr5b, Htr6, Htr7, Htra1, Htra2, Htra3, Htra4, Htt, Hunk, Hus1, Hus1b, Huwe1, Hvcn1, Hyal1, Hyal2, Hyal3, Hymai, Hyou1, Hypk, Iapp, Ibsp, Ibtk, Ica1, Ica1l, Icam1, Icam5, Ice1, Ice2, Icmt, Icos, Icosl, Id1, Id2, Id3, Id4, Ide, Idh1, Idh2, Idi2, Ido1, Idua, Ier2, Ier3, Ier3ip1, Ier5, Ierepo2, Ifi203, Ifi203-ps, Ifi204, Ifi205, Ifi206, Ifi207, Ifi208, Ifi209, Ifi211, Ifi213, Ifi214, Ifi27, Ifi27l2a, Ifi27l2b, Ifi30, Ifi35, Ifih1, Ifit2, Ifit3, Ifit3b, Ifitm1, Ifitm2, Ifitm3, Ifitm5, Ifitm6, Ifitm7, Ifna, Ifna1, Ifna11, Ifna12, Ifna13, Ifna14, Ifna15, Ifna16, Ifna2, Ifna4, Ifna5, Ifna6, Ifna7, Ifna9, Ifnab, Ifnar1, Ifnar2, Ifnb1, Ifne, Ifng, Ifngr1, Ifngr2, Ifnk, Ifnl2, Ifnl3, Ifnlr1, Ifnz, Ifrd1, Ifrd2, Ift122, Ift140, Ift172, Ift20, Ift25, Ift27, Ift46, Ift52, Ift56, Ift57, Ift74, Ift80, Ift81, Ift88, Igbp1, Igbp1b, Igf1, Igf1r, Igf2, Igf2bp1, Igf2bp2, Igf2bp3, Igf2r, Igfbp1, Igfbp2, Igfbp3, Igfbp4, Igfbp5, Igfbp6, Igfbp7, Igfbpl1, Igh-7, Igh-8, Igha, Ighd, Ighe, Ighg, Ighg1, Ighg2a, Ighg2b, Ighg2c, Ighg3, Ighm, Ighmbp2, Igsf1, Igsf10, Igsf11, Igsf21, Igsf8, Igsf9, Igsf9b, Igtp, Ihh, Iho1, Iigp1, Ik, Ikbkb, Ikbke, Ikbkg, Ikzf1, Ikzf2, Ikzf3, Ikzf4, Ikzf5, Il10, Il10ra, Il10rb, Il11, Il11ra1, Il11ra2, Il11ra3, Il12a, Il12b, Il12rb1, Il12rb2, Il13, Il13ra1, Il13ra2, Il15, Il15ra, Il16, Il17a, Il17b, Il17c, Il17d, Il17f, Il17ra, Il17rb, Il17rc, Il17rd, Il17re, Il18, Il18r1, Il18rap, Il19, Il1a, Il1b, Il1f10, Il1r1, Il1r2, Il1rap, Il1rapl1, Il1rapl2, Il1rl1, Il1rl2, Il1rn, Il2, Il20, Il20ra, Il20rb, Il21, Il21r, Il22, Il22b, Il22ra1, Il22ra2, Il23a, Il23r, Il24, Il25, Il27, Il27ra, Il2ra, Il2rb, Il2rg, Il3, Il31, Il31ra, Il33, Il34, Il36a, Il36b, Il36g, Il36rn, Il3ra, Il4, Il4i1, Il4i1b, Il4ra, Il5, Il5ra, Il6, Il6ra, Il6st, Il7, Il7r, Il9, Il9r, Ildr1, Ildr2, Ilf2, Ilf3, Ilk, Ilkap, Ilrun, Impa1, Impa2, Impact, Ina, Inava, Inca1, Incenp, Inf2, Ing1, Ing2, Ing3, Ing4, Ing5, Inha, Inhba, Inhbb, Inhbc, Inhbe, Inip, Ino80, Ino80b, Ino80c, Ino80d, Ino80e, Inpp4b, Inpp5a, Inpp5b, Inpp5d, Inpp5e, Inpp5f, Inpp5j, Inpp5k, Inppl1, Ins1, Ins2, Insc, Insig1, Insig2, Insl3, Insl5, Insl6, Insm1, Insm2, Insr, Insrr, Insyn1, Insyn2a, Ints1, Ints13, Ints3, Ints7, Ints9, Intu, Invs, Ip6k1, Ip6k2, Ipo5, Ipo7, Ippk, Iqcb1, Iqce, Iqcf1, Iqgap1, Iqgap2, Iqgap3, Iqschfp, Iqsec1, Iqsec2, Iqsec3, Iqub, Irag1, Irak1, Irak1bp1, Irak2, Irak3, Irak4, Ireb2, Irf1, Irf2, Irf2bp1, Irf2bp2, Irf2bpl, Irf3, Irf4, Irf5, Irf6, Irf7, Irf8, Irf9, Irgc, Irgm1, Irgm2, Irs1, Irs2, Irs3, Irs4, Irx1, Irx2, Irx3, Irx4, Irx5, Irx6, Iscu, Isg15, Isg20, Isl1, Isl2, Islr2, Ism1, Israa, Ist1, Isx, Isyna1, Itch, Itfg2, Itga1, Itga10, Itga11, Itga2, Itga2b, Itga3, Itga4, Itga5, Itga6, Itga7, Itga8, Itga9, Itgad, Itgae, Itgal, Itgam, Itgav, Itgax, Itgb1, Itgb1bp1, Itgb2, Itgb2l, Itgb3, Itgb3bp, Itgb4, Itgb5, Itgb6, Itgb7, Itgb8, Itgbl1, Itk, Itln1, Itlnb, Itm2a, Itm2b, Itm2c, Itpka, Itpkb, Itpr1, Itpr2, Itpr3, Itprip, Itsn1, Itsn2, Ivl, Ivns1abp, Iws1, Jade1, Jade2, Jade3, Jag1, Jag2, Jagn1, Jak1, Jak2, Jak3, Jam2, Jam3, Jaml, Jarid2, Jazf1, Jcad, Jchain, Jdp2, Jhy, Jmjd1c, Jmjd4, Jmjd6, Jmjd8, Jmy, Jph2, Jph3, Jph4, Jpt2, Jpx, Jrk, Jsrp1, Jtb, Jun, Junb, Jund, Jup, Kalrn, Kank1, Kank2, Kank3, Kank4, Kansl1, Kansl2, Kansl3, Kantr, Kars1, Kat14, Kat2a, Kat2b, Kat5, Kat6a, Kat6b, Kat7, Kat8, Katna1, Katnb1, Katnbl1, Kazald1, Kbtbd13, Kbtbd2, Kbtbd6, Kbtbd7, Kbtbd8, Kcmf1, Kcna1, Kcna2, Kcna5, Kcnab1, Kcnab2, Kcnab3, Kcnb1, Kcnc1, Kcnc2, Kcnc3, Kcnc4, Kcnd2, Kcnd3, Kcne1, Kcne2, Kcne3, Kcne4, Kcne5, Kcnf1, Kcng1, Kcng3, Kcng4, Kcnh1, Kcnh2, Kcnh5, Kcnh6, Kcnh8, Kcnip1, Kcnip2, Kcnip3, Kcnip4, Kcnj1, Kcnj10, Kcnj11, Kcnj12, Kcnj13, Kcnj14, Kcnj15, Kcnj16, Kcnj2, Kcnj3, Kcnj4, Kcnj5, Kcnj6, Kcnj8, Kcnj9, Kcnk13, Kcnk18, Kcnk2, Kcnk3, Kcnk9, Kcnma1, Kcnmb1, Kcnn2, Kcnn4, Kcnq1, Kcnq1ot1, Kcnq2, Kcnq3, Kcnq4, Kcnrg, Kcns1, Kcns2, Kcp, Kctd1, Kctd10, Kctd11, Kctd12, Kctd12b, Kctd13, Kctd15, Kctd16, Kctd17, Kctd20, Kctd21, Kctd6, Kctd7, Kctd8, Kctd9, Kdf1, Kdm1a, Kdm1b, Kdm2a, Kdm2b, Kdm3a, Kdm3b, Kdm4a, Kdm4b, Kdm4c, Kdm4d, Kdm5a, Kdm5b, Kdm5c, Kdm5d, Kdm6a, Kdm6b, Kdm7a, Kdm8, Kdr, Keap1, Kel, Khdc3, Khdrbs1, Khdrbs2, Khdrbs3, Khk, Khsrp, Kics2, Kidins220, Kif11, Kif13a, Kif13b, Kif14, Kif16b, Kif18a, Kif18b, Kif1a, Kif1b, Kif20a, Kif20b, Kif21a, Kif23, Kif24, Kif26a, Kif26b, Kif2a, Kif2b, Kif2c, Kif3a, Kif3b, Kif3c, Kif5b, Kif7, Kif9, Kifap3, Kifc1, Kir3dl1, Kir3dl2, Kirrel1, Kirrel2, Kiss1, Kiss1r, Kit, Kitl, Kl, Klb, Klf1, Klf10, Klf11, Klf12, Klf13, Klf14, Klf15, Klf16, Klf17, Klf2, Klf3, Klf4, Klf5, Klf6, Klf7, Klf8, Klf9, Klhdc10, Klhl12, Klhl13, Klhl15, Klhl17, Klhl18, Klhl20, Klhl21, Klhl22, Klhl25, Klhl31, Klhl40, Klhl41, Klhl42, Klhl6, Klhl9, Klk14, Klk1b3, Klk1b4, Klk5, Klk6, Klk7, Klk8, Klkb1, Klrb1, Klrb1a, Klrb1b, Klrb1c, Klrb1f, Klrc1, Klrc2, Klrc3, Klrd1, Klre1, Klrg1, Klrh1, Klri1, Klri2, Klrk1, Kmo, Kmt2a, Kmt2b, Kmt2c, Kmt2d, Kmt2e, Kmt5a, Kmt5b, Kmt5c, Kndc1, Kng1, Kng2, Knl1, Knstrn, Kntc1, Kpna1, Kpna2, Kpna2rt, Kpna4, Kpna6, Kpna7, Kptn, Kras, Kremen1, Kremen2, Krit1, Krt1, Krt10, Krt13, Krt16, Krt17, Krt18, Krt19, Krt2, Krt20, Krt36, Krt4, Krt5, Krt6a, Krt8, Krt84, Krtap21-1, Ksr1, Ksr2, L1cam, L3mbtl1, L3mbtl2, L3mbtl3, L3mbtl4, Lacc1, Lactb, Lag3, Lair1, Lama1, Lama2, Lama3, Lama4, Lama5, Lamb1, Lamb2, Lamc1, Lamc2, Lamp1, Lamp2, Lamp3, Lamp5, Lamtor1, Lamtor2, Lamtor3, Lamtor4, Lamtor5, Lancl2, Laptm4b, Laptm5, Large1, Larp1, Larp4, Larp4b, Larp6, Larp7, Larp7-ps, Lars1, Lat, Lat2, Lats1, Lats2, Lax1, Lbh, Lbp, Lbr, Lbx1, Lbx2, Lcat, Lck, Lcmt1, Lcn2, Lcor, Lcorl, Lcp1, Lcp2, Ldb1, Ldb2, Ldc1, Ldha, Ldlr, Ldlrad3, Ldlrad4, Ldlrap1, Ldoc1, Lect2, Lef1, Lefty1, Lefty2, Lemd2, Lemd3, Leo1, Lep, Lepr, Leprot, Leprotl1, Letm1, Letmd1, Lfng, Lgals1, Lgals12, Lgals2, Lgals3, Lgals8, Lgals9, Lgi1, Lgi3, Lgi4, Lgmn, Lgr4, Lgr5, Lgr6, Lhb, Lhcgr, Lhfpl2, Lhfpl4, Lhx1, Lhx2, Lhx3, Lhx4, Lhx5, Lhx6, Lhx8, Lhx9, Lif, Lifr, Lig3, Lig4, Lilra5, Lilra6, Lilrb4a, Lilrb4b, Lima1, Limch1, Limd1, Lime1, Limk1, Limk2, Lims1, Lims2, Lin28a, Lin28b, Lin37, Lin52, Lin54, Lin7a, Lin7b, Lin7c, Lin9, Lingo1, Lingo2, Lingo4, Lipa, Lipc, Lipg, Lipt2, Litaf, Litafd, Llgl1, Llgl2, Llph, Lman1, Lman2, Lmbr1, Lmbr1l, Lmbrd2, Lmcd1, Lmf1, Lmna, Lmnb1, Lmnb2, Lmntd2, Lmo1, Lmo2, Lmo3, Lmo4, Lmo7, Lmod1, Lmod2, Lmod3, Lmtk2, Lmx1a, Lmx1b, Lncenc1, Lnpep, Lnpk, Lonp1, Lonp2, Lox, Loxl2, Loxl3, Lpar1, Lpar2, Lpar3, Lpar4, Lpar5, Lpar6, Lpcat1, Lpcat3, Lpgat1, Lpin1, Lpin2, Lpin3, Lpl, Lpxn, Lrat, Lrba, Lrch1, Lrch4, Lrfn1, Lrfn2, Lrfn3, Lrfn4, Lrfn5, Lrg1, Lrif1, Lrig2, Lrit3, Lrp1, Lrp2, Lrp3, Lrp4, Lrp5, Lrp6, Lrp8, Lrpap1, Lrpprc, Lrr1, Lrrc10b, Lrrc14, Lrrc15, Lrrc17, Lrrc19, Lrrc2, Lrrc24, Lrrc26, Lrrc30, Lrrc32, Lrrc38, Lrrc39, Lrrc4, Lrrc40, Lrrc4b, Lrrc4c, Lrrc52, Lrrc55, Lrrc55os, Lrrc58, Lrrc63, Lrrc69, Lrrc7, Lrrc78, Lrrc8a, Lrrc8b, Lrrc8c, Lrrc8d, Lrrc8e, Lrrd1, Lrrfip1, Lrrfip2, Lrriq4, Lrrk1, Lrrk2, Lrrn1, Lrrn3, Lrrtm1, Lrrtm2, Lrrtm3, Lrrtm4, Lrsam1, Lrtm1, Lrtm2, Lsm1, Lsm10, Lsm11, Lsm14a, Lsm14b, Lsm2, Lsm4, Lsm5, Lsm6, Lsm7, Lsp1, Lsr, Lst1, Lta, Ltb, Ltb4r1, Ltb4r2, Ltbp1, Ltbp3, Ltbp4, Ltbr, Ltf, Ltk, Luc7l, Lum, Lurap1, Lurap1l, Luzp1, Ly6a, Ly6c1, Ly6c2, Ly6e, Ly6f, Ly6g, Ly6g2, Ly6g6d, Ly6g6e, Ly6g6g, Ly6h, Ly6i, Ly6m, Ly86, Ly9, Ly96, Lyar, Lyl1, Lyn, Lynx1, Lypd1, Lypd10, Lypd11, Lypd3, Lypd6, Lypla1, Lyplal1, Lyset, Lyst, Lyve1, Lztfl1, Lztr1, Lzts1, Lzts2, Lzts3, Mab21l1, Mab21l2, Macc1, Macf1, Macir, Maco1, Macroh2a1, Macroh2a2, Mad1l1, Mad2l1, Mad2l1bp, Mad2l2, Madcam1, Madd, Maea, Mael, Maf, Maf1, Mafa, Mafb, Maff, Mafg, Mafk, Mag, Magea1, Magea10, Magea13, Magea14, Magea2, Magea3, Magea4, Magea5, Magea6, Magea8, Magea9, Mageb11, Mageb16, Mageb18, Mageb2, Mageb3, Mageb4, Mageb5, Mageb5b, Mageb6b1, Magec2, Maged1, Maged2, Magee1, Magee2, Mageh1, Magel2, Magi1, Magi2, Magi3, Magoh, Magohb, Mak, Mal, Malat1, Malrd1, Malsu1, Malt1, Maml1, Maml2, Maml3, Mamld1, Mamstr, Man2a1, Manf, Mannr, Maoa, Maob, Map10, Map1a, Map1b, Map1lc3a, Map1lc3b, Map1s, Map2, Map2k1, Map2k2, Map2k3, Map2k4, Map2k5, Map2k6, Map2k7, Map3k1, Map3k10, Map3k11, Map3k12, Map3k13, Map3k14, Map3k15, Map3k19, Map3k2, Map3k20, Map3k21, Map3k3, Map3k4, Map3k5, Map3k6, Map3k7, Map3k8, Map3k9, Map4k1, Map4k2, Map4k3, Map4k4, Map4k5, Map6, Map6d1, Map9, Mapk1, Mapk10, Mapk11, Mapk12, Mapk13, Mapk14, Mapk15, Mapk3, Mapk4, Mapk6, Mapk7, Mapk8, Mapk8ip1, Mapk8ip2, Mapk8ip3, Mapk9, Mapkap1, Mapkapk2, Mapkapk3, Mapkapk5, Mapkbp1, Mapre1, Mapre2, Mapre3, Mapt, Marchf2, Marchf5, Marchf7, Marchf8, Marcks, Marcksl1, Marco, Marf1, Mark1, Mark2, Mark3, Mark4, Mars1, Marveld3, Mas1, Masp1, Masp2, Mast1, Mast2, Mast3, Mast4, Mastl, Mat2a, Matn1, Matr3, Mavs, Max, Maz, Mbd1, Mbd2, Mbd3, Mbd3l1, Mbd3l2, Mbd4, Mbd5, Mbip, Mbl1, Mbl2, Mblac1, Mbnl1, Mbnl2, Mbnl3, Mboat1, Mboat2, Mboat7, Mbp, Mbtd1, Mbtps1, Mbtps2, Mc1r, Mc2r, Mc3r, Mc4r, Mc5r, Mcam, Mcc, Mcf2l, Mchr1, Mcidas, Mcl1, Mcm7, Mcoln1, Mcoln2, Mcph1, Mcrip1, Mcrs1, Mctp1, Mctp2, Mcts1, Mcu, Mcub, Mdc1, Mdfi, Mdfic, Mdfic2, Mdga1, Mdga2, Mdk, Mdm1, Mdm2, Mdm4, Me1, Me2, Meaf6, Meak7, Mecom, Mecp2, Med1, Med10, Med11, Med12, Med12l, Med13, Med13l, Med14, Med15, Med16, Med17, Med18, Med19, Med20, Med21, Med22, Med23, Med24, Med25, Med26, Med27, Med28, Med29, Med30, Med31, Med4, Med6, Med7, Med8, Med9, Medag, Mef2a, Mef2b, Mef2c, Mef2d, Mefv, Meg3, Megf10, Megf8, Meioc, Meiosin, Meis1, Meis2, Meis3, Melk, Meltf, Memo1, Men1, Meox1, Meox2, Mepce, Mepe, Mertk, Mesd, Mesp1, Mesp2, Mest, Met, Metrn, Metrnl, Mettl1, Mettl13, Mettl14, Mettl16, Mettl18, Mettl21c, Mettl23, Mettl3, Mettl4, Mettl5, Mettl8, Mex3b, Mex3c, Mex3d, Mfap2, Mfap4, Mff, Mfhas1, Mfn1, Mfn2, Mfng, Mfsd12, Mfsd2a, Mfsd2b, Mfsd8, Mga, Mgarp, Mgat3, Mgat4d, Mgat5, Mgll, Mgmt, Mgp, Mgrn1, Mia, Mia3, Mib1, Mib2, Mical1, Mical2, Micu1, Micu3, Mid1, Mid1ip1, Mid2, Mideas, Midn, Mief1, Mief2, Mien1, Mier1, Mier2, Mier3, Mif, Mif4gd, Miip, Mill1, Milr1, Minar1, Mink1, Mios, Mip, Mir100, Mir101a, Mir101b, Mir103-1, Mir103-2, Mir106a, Mir106b, Mir107, Mir10a, Mir122, Mir124-2hg, Mir1247, Mir124a-1, Mir124a-1hg, Mir124a-2, Mir124a-3, Mir125a, Mir125b-1, Mir125b-2, Mir126a, Mir127, Mir128-1, Mir128-2, Mir129, Mir129-1, Mir129-2, Mir130a, Mir132, Mir133a-1, Mir133a-1hg, Mir133a-2, Mir133b, Mir134, Mir135a-1, Mir135a-2, Mir135b, Mir136, Mir137, Mir138-1, Mir138-2, Mir139, Mir140, Mir143, Mir144, Mir145a, Mir145b, Mir146, Mir147, Mir148b, Mir149, Mir150, Mir151, Mir153, Mir154, Mir155, Mir15a, Mir16-1, Mir17, Mir18, Mir181a-1, Mir181a-2, Mir181b-1, Mir181b-2, Mir181c, Mir181d, Mir182, Mir183, Mir184, Mir185, Mir186, Mir187, Mir188, Mir18b, Mir191, Mir195a, Mir196a-1, Mir196a-2, Mir196b, Mir1983, Mir199a-2, Mir19a, Mir19b-1, Mir19b-2, Mir1a-1, Mir1a-2, Mir1b, Mir200a, Mir200b, Mir203, Mir204, Mir205, Mir205hg, Mir208a, Mir208b, Mir20a, Mir20b, Mir210, Mir211, Mir212, Mir214, Mir217, Mir218, Mir218-1, Mir218-2, Mir219a-1, Mir219a-2, Mir21a, Mir21b, Mir21c, Mir22, Mir221, Mir222, Mir223, Mir224, Mir23a, Mir23b, Mir24-1, Mir24-2, Mir25, Mir26a-1, Mir26a-2, Mir26b, Mir27a, Mir27b, Mir28a, Mir290a, Mir292, Mir293, Mir294, Mir295, Mir296, Mir29a, Mir29b-1, Mir29b-2, Mir29c, Mir300, Mir301, Mir301b, Mir30a, Mir30b, Mir30c-1, Mir30c-2, Mir30d, Mir30e, Mir32, Mir320, Mir324, Mir326, Mir328, Mir329, Mir33, Mir330, Mir337, Mir338, Mir342, Mir345, Mir34a, Mir34b, Mir34c, Mir351, Mir363, Mir369, Mir370, Mir374b, Mir378a, Mir379, Mir381, Mir382, Mir383, Mir384, Mir3960, Mir410, Mir411, Mir421, Mir423, Mir425, Mir433, Mir434, Mir448, Mir449a, Mir449b, Mir449c, Mir450b, Mir451a, Mir451b, Mir452, Mir466, Mir466d, Mir466e, Mir466l, Mir467a-1, Mir467a-10, Mir467a-2, Mir467a-3, Mir467a-4, Mir467a-5, Mir467a-6, Mir467a-7, Mir467a-8, Mir467a-9, Mir467b, Mir470, Mir484, Mir486, Mir487b, Mir489, Mir494, Mir495, Mir499, Mir500, Mir501, Mir504, Mir505, Mir511, Mir539, Mir540, Mir541, Mir543, Mir551b, Mir574, Mir652, Mir667, Mir668, Mir669a-1, Mir669a-10, Mir669a-2, Mir669a-3, Mir669a-4, Mir669a-5, Mir669a-6, Mir669a-7, Mir669a-8, Mir669a-9, Mir672, Mir673, Mir674, Mir675, Mir696, Mir7-1, Mir7-2, Mir702, Mir7116, Mir744, Mir7578, Mir760, Mir770, Mir7b, Mir872, Mir873a, Mir874, Mir875, Mir9-1, Mir9-2, Mir9-3, Mir92-1, Mir92-2, Mir92b, Mir93, Mir96, Mir9718, Mir98, Mir99a, Mirlet7a-1, Mirlet7a-2, Mirlet7b, Mirlet7c-1, Mirlet7c-2, Mirlet7d, Mirlet7e, Mirlet7f-1, Mirlet7f-2, Mirlet7g, Mirlet7i, Mis18a, Misp, Mitf, Mixl1, Mki67, Mkks, Mkln1, Mknk1, Mknk2, Mkrn2, Mks1, Mkx, Mlc1, Mlf1, Mlf2, Mlh1, Mlip, Mlkl, Mllt1, Mllt10, Mllt11, Mllt3, Mllt6, Mlst8, Mlx, Mlxip, Mlxipl, Mlycd, Mmd, Mmd2, Mme, Mmp10, Mmp11, Mmp12, Mmp13, Mmp14, Mmp1a, Mmp1b, Mmp2, Mmp28, Mmp3, Mmp7, Mmp8, Mmp9, Mmrn1, Mmrn2, Mms19, Mn1, Mnat1, Mndal, Mns1, Mnt, Mnx1, Moap1, Mob1a, Mob1b, Mob2, Mob3a, Mob3b, Mob3c, Mob4, Mog, Mok, Morc1, Morc2a, Morc2b, Morc3, Morf4l1, Morf4l2, Morn3, Mos, Mosmo, Mospd1, Mospd2, Mov10, Mov10l1, Mpc2, Mphosph8, Mphosph9, Mpig6b, Mpl, Mpo, Mpp1, Mpp2, Mpp7, Mprip, Mpv17, Mpv17l, Mpv17l2, Mpz, Mr1, Mrap, Mrap2, Mras, Mre11a, Mrgbp, Mrgpra1, Mrgpra2a, Mrgpra2b, Mrgpra3, Mrgpra4, Mrgpra5, Mrgpra6, Mrgpra7, Mrgpra8, Mrgpra9, Mrgprb1, Mrgprb2, Mrgprb3, Mrgprb4, Mrgprb5, Mrgprb8, Mrgprd, Mrgpre, Mrgprf, Mrgprg, Mrgprh, Mrgprx1, Mrgprx2, Mrln, Mrnip, Mroh2b, Mrpl12, Mrpl13, Mrps27, Mrtfa, Mrtfb, Mrto4, Ms4a1, Ms4a10, Ms4a12, Ms4a13, Ms4a14, Ms4a15, Ms4a18, Ms4a19, Ms4a2, Ms4a5, Ms4a6b, Ms4a6c, Ms4a6d, Ms4a7, Ms4a8a, Msantd1, Msc, Msgn1, Msh2, Msh3, Msh6, Msi1, Msi2, Msl1, Msl2, Msl3, Msmp, Msn, Msr1, Mst1, Mst1r, Mstn, Msx1, Msx1os, Msx2, Msx3, Mt1, Mt2, Mt3, Mta1, Mta2, Mta3, Mtbp, Mtch1, Mtch2, Mtcl1, Mtcl2, Mtcl3, Mtcp1, Mtdh, Mterf1a, Mterf1b, Mterf2, Mterf3, Mterf4, Mtf1, Mtf2, Mtg1, Mtg2, Mtln, Mtm1, Mtmr1, Mtmr2, Mtmr3, Mtmr4, Mtmr9, Mtnap1, Mtnr1a, Mtnr1b, Mtor, Mtpap, Mtpn, Mtres1, Mtrnr2l7, Mtss1, Mttp, Mturn, Mtus1, Muc1, Muc16, Muc19, Muc2, Muc20, Muc21, Muc4, Muc5b, Mul1, Mup1, Mup11, Mup2, Mup20, Mup3, Mup4, Mup5, Mus81, Musk, Mustn1, Mutyh, Mvb12a, Mvb12b, Mvd, Mvk, Mvp, Mx2, Mxd1, Mxd3, Mxd4, Mxi1, Myadm, Myb, Mybbp1a, Mybl1, Mybl2, Mybpc3, Myc, Mycbp, Mycbp2, Mycbpap, Mycl, Mycn, Mycs, Myd88, Mydgf, Myef2, Myf5, Myf6, Myh10, Myh14, Myh6, Myh7, Myh7b, Myh9, Myl12a, Myl12b, Myl2, Myl3, Myl4, Mylip, Mylk, Mylk2, Mylk3, Mylk4, Mymk, Mynn, Myo10, Myo16, Myo18a, Myo19, Myo1a, Myo1c, Myo1e, Myo1f, Myo1g, Myo3a, Myo3b, Myo5a, Myo5b, Myo6, Myo9a, Myo9b, Myoc, Myocd, Myod1, Myof, Myog, Myom1, Myorg, Myoz1, Myoz2, Mypop, Myrf, Myrfl, Myrip, Mysm1, Myt1, Myt1l, Myzap, Mzb1, Mzf1, n-TIaat17, n-TRtct5, n-TUtca2, N4bp1, N4bp2l2, N6amt1, Naa10, Naa15, Naa16, Naa20, Naa35, Naa38, Naa80, Nab1, Nab2, Nabp1, Nabp2, Naca, Nacc1, Nacc2, Nadk, Nae1, Naf1, Nagk, Naglu, Naif1, Naip1, Naip2, Naip5, Naip6, Naip7, Nalcn, Nampt, Nanog, Nanos1, Nanos2, Nanos3, Nap1l1, Nap1l2, Napa, Napb, Napepld, Nat10, Nat8, Nat8b-ps, Nat8f1, Nat8f2, Nat8f3, Nat8f5, Nat8f7, Nat8l, Nav3, Naxe, Nbas, Nbdy, Nbea, Nbl1, Nbn, Nbr1, Ncald, Ncam1, Ncan, Ncapd2, Ncapd3, Ncapg, Ncapg2, Ncaph, Ncaph2, Ncbp1, Ncbp2, Ncbp3, Nccrp1, Ncdn, Ncf1, Ncf2, Nck1, Nck2, Nckap1, Nckap1l, Nckipsd, Ncl, Ncln, Ncmap, Ncoa1, Ncoa2, Ncoa3, Ncoa5, Ncoa6, Ncoa7, Ncor1, Ncor2, Ncr1, Ncr3-ps, Ncs1, Ncstn, Ndc80, Ndel1, Ndfip1, Ndfip2, Ndn, Ndnf, Ndp, Ndrg1, Ndrg2, Ndrg3, Ndrg4, Ndst1, Ndufa13, Ndufa4, Ndufaf2, Ndufaf4, Ndufc2, Ndufs3, Ndufs4, Ndufs6, Neb, Necab1, Necab2, Necab3, Nectin1, Nectin2, Nectin3, Nedd1, Nedd4, Nedd4l, Nedd8, Nedd9, Nefh, Nefl, Nefm, Negr1, Neil1, Nek1, Nek10, Nek11, Nek2, Nek3, Nek4, Nek5, Nek6, Nek7, Nek8, Nek9, Nelfa, Nelfb, Nelfcd, Nelfe, Nell1, Nell2, Nenf, Neo1, Nepn, Nepro, Nes, Net1, Neto1, Neto2, Neu1, Neu2, Neu3, Neu4, Neurl1a, Neurl1b, Neurl2, Neurod1, Neurod2, Neurod4, Neurod6, Neurog1, Neurog2, Neurog3, Nexmif, Nexn, Nf1, Nf2, Nfam1, Nfat5, Nfatc1, Nfatc2, Nfatc2ip, Nfatc3, Nfatc4, Nfe2, Nfe2l1, Nfe2l2, Nfe2l3, Nfia, Nfib, Nfic, Nfil3, Nfilz, Nfix, Nfkb1, Nfkb2, Nfkbia, Nfkbib, Nfkbid, Nfkbie, Nfkbil1, Nfkbiz, Nfrkb, Nfx1, Nfxl1, Nfya, Nfyb, Nfyc, Ngb, Ngdn, Ngef, Ngf, Ngfr, Ngly1, Ngp, Ngrn, Nherf1, Nherf2, Nherf4, Nhlh1, Nhlh2, Nhlrc1, Niban1, Niban2, Nicol1, Nid1, Nif3l1, Nim1k, Nin, Ninj1, Nipbl, Nipsnap2, Nisch, Nkain1, Nkain2, Nkain3, Nkain4, Nkap, Nkapl, Nkd1, Nkd2, Nkg7, Nkiras1, Nkiras2, Nkrf, Nktr, Nkx1-1, Nkx1-2, Nkx2-1, Nkx2-2, Nkx2-2os, Nkx2-3, Nkx2-4, Nkx2-5, Nkx2-6, Nkx2-9, Nkx3-1, Nkx3-2, Nkx6-1, Nkx6-2, Nkx6-3, Nle1, Nlgn1, Nlgn2, Nlgn3, Nlgn4l, Nlk, Nln, Nlrc3, Nlrc4, Nlrc5, Nlrp10, Nlrp12, Nlrp14, Nlrp1a, Nlrp1b, Nlrp2, Nlrp3, Nlrp4a, Nlrp4b, Nlrp4c, Nlrp4e, Nlrp4f, Nlrp5, Nlrp6, Nlrp9a, Nlrp9b, Nlrp9c, Nlrx1, Nmb, Nmbr, Nmd3, Nme1, Nme2, Nme5, Nme6, Nme7, Nmi, Nmnat1, Nmnat2, Nmrk2, Nms, Nmu, Nmur1, Nmur2, Nnat, Nnmt, Nnt, Nobox, Noc2l, Noct, Nod1, Nod2, Nodal, Nog, Nol11, Nol3, Nolc1, Nono, Nop2, Nop53, Nos1, Nos1ap, Nos2, Nos3, Nosip, Nostrin, Notch1, Notch2, Notch3, Notch4, Noto, Notum, Nova1, Nova2, Nox1, Nox4, Noxa1, Npas1, Npas2, Npas3, Npas4, Npat, Npb, Npbwr1, Npc1, Npff, Npffr1, Npffr2, Nphp1, Nphp3, Nphp4, Nphs1, Nploc4, Npm1, Npm2, Npnt, Nppa, Nppb, Nppc, Npr1, Npr2, Npr3, Nprl2, Nprl3, Nps, Npsr1, Nptn, Nptxr, Npvf, Npw, Npy, Npy1r, Npy2r, Npy4r, Npy5r, Npy6r, Nqo1, Nqo2, Nr0b1, Nr0b2, Nr1d1, Nr1d2, Nr1h2, Nr1h3, Nr1h4, Nr1h5, Nr1i2, Nr1i3, Nr2c1, Nr2c2, Nr2e1, Nr2e3, Nr2f1, Nr2f2, Nr2f6, Nr3c1, Nr3c2, Nr4a1, Nr4a2, Nr4a3, Nr5a1, Nr5a2, Nr6a1, Nradd, Nrarp, Nras, Nrbf2, Nrbp1, Nrbp2, Nrcam, Nrdc, Nrde2, Nrep, Nrf1, Nrg1, Nrg2, Nrg3, Nrg4, Nrgn, Nrip1, Nrip2, Nrk, Nrl, Nrn1, Nron, Nrp1, Nrp2, Nrros, Nrtn, Nrxn1, Nrxn2, Nrxn3, Nscme3l, Nsd1, Nsd2, Nsd3, Nsdhl, Nsf, Nsfl1c, Nsg1, Nsmaf, Nsmce2, Nsmce3, Nsmf, Nsrp1, Nsun2, Nsun3, Nsun4, Nsun5, Nt5c2, Nt5e, Ntf3, Ntf5, Ntm, Ntn1, Ntn3, Ntn4, Ntng1, Ntng2, Ntrk1, Ntrk2, Ntrk3, Nts, Ntsr1, Ntsr2, Nuak1, Nuak2, Nub1, Nubp1, Nucb1, Nucb2, Nucks1, Nudt12, Nudt15, Nudt16, Nudt16l1, Nudt16l2, Nudt21, Nudt6, Nuf2, Nufip1, Nuggc, Numa1, Numb, Numbl, Nup153, Nup155, Nup214, Nup54, Nup58, Nup62, Nup85, Nup93, Nup98, Nupr1, Nupr2, Nus1, Nusap1, Nutf2, Nutf2-ps1, Nvl, Nwd1, Nxn, Nxph1, Nxph4, Nyap1, Nyap2, Oas1a, Oas1b, Oas1c, Oas1d, Oas1e, Oas1f, Oas1g, Oas1h, Oas2, Oas3, Oasl1, Oasl2, Oaz1, Oaz2, Oaz3, Obi1, Obox1, Obox2, Obox3, Obox4, Obox5, Obox6, Obox7, Obox8, Obp2a, Obscn, Obsl1, Ociad1, Ocln, Ocrl, Ocstamp, Odad2, Odad3, Odam, Odaph, Odc1, Odf2, Odf2l, Ofd1, Oga, Ogfod1, Ogg1, Ogn, Ogt, Olfm1, Olfm2, Olfm3, Olfm4, Olfm5, Olfml2a, Olfml2b, Olfml3, Olfr100, Olfr1060-ps1, Olfr197, Olfr255, Olfr256, Olfr363-ps, Olfr908, Olig1, Olig2, Olig3, Olr1, Oma1, Omg, Omp, Onecut1, Onecut2, Onecut3, Ooep, Oog1, Oog2, Oog3, Opa1, Opa3, Opalin, Ophn1, Opn1mw, Opn1sw, Opn3, Opn4, Opn5, Oprd1, Oprk1, Oprl1, Oprm1, Optc, Optn, Or10a2, Or10a3, Or10a3b, Or10a3m, Or10a3n, Or10a4, Or10a48, Or10a49, Or10a5, Or10aa1, Or10aa3, Or10ab4, Or10ab5, Or10ad1, Or10ad1b, Or10ad1c, Or10ag2, Or10ag52, Or10ag53, Or10ag56, Or10ag57, Or10ag58, Or10ag59, Or10ag60, Or10ak11, Or10ak13, Or10ak14, Or10ak16, Or10ak7, Or10ak8, Or10ak9, Or10al2, Or10al3, Or10al4, Or10al5, Or10al6, Or10al7, Or10am5, Or10b1, Or10c1, Or10d1, Or10d1b, Or10d1c, Or10d3, Or10d4, Or10d4b, Or10d4c, Or10d5, Or10d5j, Or10g1, Or10g1b, Or10g3, Or10g3b, Or10g6, Or10g7, Or10g9, Or10g9b, Or10h1, Or10h1b, Or10h28, Or10j27, Or10j3, Or10j3b, Or10j5, Or10j7, Or10k2, Or10n1, Or10p1, Or10p21, Or10p22, Or10q1, Or10q12, Or10q1b, Or10q3, Or10s1, Or10u3, Or10u4, Or10v1, Or10v5, Or10v9, Or10w1, Or10x1, Or10x4, Or10z1, Or11a4, Or11g1, Or11g2, Or11g24, Or11g25, Or11g26, Or11g27, Or11g7, Or11h23, Or11h4, Or11h4b, Or11h6, Or11h7, Or11i1, Or11j4, Or11l3, Or11m3, Or11n2, Or11q2, Or12d12, Or12d13, Or12d17, Or12d2, Or12e1, Or12e10, Or12e13, Or12e7, Or12e8, Or12e9, Or12j2, Or12j3, Or12j4, Or12j5, Or12k5, Or12k7, Or12k8, Or13a1, Or13a17, Or13a18, Or13a19, Or13a20, Or13a21, Or13a22, Or13a24, Or13a25, Or13a26, Or13a27, Or13a28, Or13ae2, Or13c25, Or13c3, Or13c7, Or13c7b, Or13c7c, Or13c7d, Or13d1, Or13e8, Or13f5, Or13g1, Or13j1, Or13l2, Or13n4, Or13p10, Or13p3, Or13p4, Or13p5, Or13p8, Or14a256, Or14a257, Or14a258, Or14a259, Or14a260, Or14c39, Or14c40, Or14c41, Or14c43, Or14c44, Or14c45, Or14c46, Or14j1, Or14j10, Or14j2, Or14j3, Or14j4, Or14j5, Or14j6, Or14j7, Or14j8, Or14j9, Or1a1, Or1a1b, Or1aa2, Or1ab2, Or1ad1, Or1ad6, Or1ad8, Or1af1, Or1ak2, Or1b1, Or1d2, Or1e1, Or1e16, Or1e17, Or1e19, Or1e1c, Or1e1f, Or1e21, Or1e22, Or1e23, Or1e25, Or1e26, Or1e29, Or1e30, Or1e31, Or1e32, Or1e33, Or1e34, Or1e35, Or1f12, Or1f19, Or1i2, Or1j1, Or1j10, Or1j11, Or1j12, Or1j13, Or1j14, Or1j15, Or1j16, Or1j17, Or1j18, Or1j19, Or1j20, Or1j21, Or1j4, Or1j8, Or1l4, Or1l4b, Or1l8, Or1m1, Or1n1, Or1n1b, Or1n2, Or1o1, Or1o11, Or1o2, Or1o3, Or1o4, Or1p1, Or1p1c, Or1q1, Or1r1, Or1s2, Or1x2, Or1x6, Or2a12, Or2a20, Or2a25, Or2a5, Or2a51, Or2a52, Or2a54, Or2a56, Or2a57, Or2a7, Or2aa1, Or2ab1, Or2ad1, Or2ag1, Or2ag12, Or2ag13, Or2ag15, Or2ag16, Or2ag17, Or2ag18, Or2ag19, Or2ag1b, Or2ag2, Or2ag20, Or2ag2b, Or2ah1, Or2aj4, Or2aj5, Or2aj6, Or2ak4, Or2ak5, Or2ak6, Or2ak7, Or2at1, Or2at4, Or2av9, Or2b11, Or2b2, Or2b28, Or2b2b, Or2b4, Or2b6, Or2b7, Or2bd2, Or2c1, Or2d2, Or2d3, Or2d36, Or2d4, Or2f1, Or2f1b, Or2f2, Or2g1, Or2g25, Or2g7, Or2h1, Or2h15, Or2h1b, Or2h2, Or2h2c, Or2i1, Or2j3, Or2j6, Or2k2, Or2l13, Or2l13b, Or2l5, Or2m12, Or2m13, Or2n1, Or2n1b, Or2n1c, Or2n1d, Or2n1e, Or2o1, Or2p2, Or2q1, Or2r11, Or2r2, Or2r3, Or2t1, Or2t26, Or2t29, Or2t43, Or2t44, Or2t45, Or2t46, Or2t47, Or2t48, Or2t49, Or2t6, Or2v1, Or2v2, Or2w2, Or2w25, Or2w3, Or2w3b, Or2w4, Or2w6, Or2y1, Or2y10, Or2y11, Or2y12, Or2y13, Or2y14, Or2y15, Or2y16, Or2y17, Or2y1b, Or2y1c, Or2y1d, Or2y1e, Or2y1f, Or2y1g, Or2y3, Or2y6, Or2y8, Or2z2, Or2z8, Or2z9, Or3a1, Or3a10, Or3a1b, Or3a1c, Or3a1d, Or3a4, Or4a15, Or4a2, Or4a27, Or4a39, Or4a47, Or4a66, Or4a67, Or4a68, Or4a69, Or4a70, Or4a71, Or4a72, Or4a73, Or4a74, Or4a75, Or4a76, Or4a77, Or4a78, Or4a79, Or4a81, Or4b1, Or4b12, Or4b13, Or4b1b, Or4b1c, Or4b1d, Or4c1, Or4c10, Or4c100, Or4c101, Or4c102, Or4c103, Or4c104, Or4c105, Or4c106, Or4c107, Or4c108, Or4c109, Or4c10b, Or4c11, Or4c110, Or4c111, Or4c112, Or4c113, Or4c114, Or4c115, Or4c116, Or4c117, Or4c118, Or4c11b, Or4c11c, Or4c12, Or4c120, Or4c121, Or4c122, Or4c123, Or4c124, Or4c125, Or4c126, Or4c127, Or4c12b, Or4c15, Or4c15b, Or4c29, Or4c3, Or4c31, Or4c35, Or4c3d, Or4c52, Or4c58, Or4d1, Or4d10, Or4d10b, Or4d10c, Or4d11, Or4d2, Or4d2b, Or4d5, Or4d6, Or4e1, Or4e2, Or4e5, Or4f14, Or4f14b, Or4f14d, Or4f15, Or4f17, Or4f47, Or4f4b, Or4f52, Or4f53, Or4f54, Or4f56, Or4f57, Or4f58, Or4f59, Or4f6, Or4f60, Or4f61, Or4f62, Or4f7, Or4g16, Or4g17, Or4g7, Or4k1, Or4k15, Or4k15b, Or4k15c, Or4k2, Or4k35, Or4k36, Or4k37, Or4k38, Or4k39, Or4k40, Or4k41, Or4k42, Or4k44, Or4k45, Or4k47, Or4k48, Or4k49, Or4k5, Or4k51, Or4k52, Or4k6, Or4k77, Or4l1, Or4l15, Or4m1, Or4n4, Or4n4b, Or4n5, Or4p18, Or4p19, Or4p20, Or4p22, Or4p23, Or4p7, Or4p8, Or4q3, Or4s2b, Or4x11, Or4x13, Or4x15, Or4x6, Or4z4, Or51a10, Or51a24, Or51a25, Or51a39, Or51a42, Or51a43, Or51a5, Or51a6, Or51a7, Or51a8, Or51aa2, Or51aa5, Or51ab3, Or51ac3, Or51af1, Or51ag1, Or51ah3, Or51ai2, Or51b17, Or51b4, Or51b6, Or51b6b, Or51d1, Or51e1, Or51e2, Or51f1, Or51f1d, Or51f1e, Or51f2, Or51f23, Or51f23b, Or51f5, Or51g1, Or51g2, Or51h1, Or51h5, Or51i1, Or51i2, Or51k1, Or51k2, Or51l14, Or51l4, Or51m1, Or51q1, Or51q1c, Or51r1, Or51s1, Or51t4, Or51v14, Or51v8, Or52a20, Or52a24, Or52a33, Or52a5, Or52a5b, Or52ab2, Or52ab4, Or52ab7, Or52ac1, Or52ad1, Or52ae7, Or52ae9, Or52b1, Or52b2, Or52b3, Or52b4, Or52d1, Or52d13, Or52d3, Or52e15, Or52e18, Or52e19b, Or52e2, Or52e3, Or52e4, Or52e5, Or52e7, Or52e8, Or52e8b, Or52h1, Or52h2, Or52h7, Or52h9, Or52i2, Or52j3, Or52k2, Or52l1, Or52m1, Or52m2, Or52n1, Or52n2, Or52n20, Or52n2b, Or52n2c, Or52n3, Or52n4, Or52n4b, Or52n5, Or52p1, Or52p2, Or52r1, Or52r1b, Or52r1c, Or52s1, Or52s19, Or52s1b, Or52s6, Or52u1, Or52w1, Or52x1, Or52z1, Or52z12, Or52z13, Or52z14, Or55b10, Or55b3, Or55b4, Or56a3, Or56a3b, Or56a4, Or56a5, Or56b1, Or56b1b, Or56b2, Or56b2j, Or56b34, Or56b35, Or56b6, Or5a1, Or5a3, Or5ac15, Or5ac16, Or5ac17, Or5ac19, Or5ac20, Or5ac21, Or5ac22, Or5ac23, Or5ac24, Or5ac25, Or5ae1, Or5ae2, Or5af1, Or5af2, Or5ak20, Or5ak22, Or5ak23, Or5ak24, Or5ak25, Or5ak4, Or5al1, Or5al5, Or5al6, Or5al7, Or5an1, Or5an10, Or5an11, Or5an1b, Or5an1c, Or5an6, Or5an9, Or5ap2, Or5aq1, Or5aq1b, Or5aq6, Or5aq7, Or5ar1, Or5as1, Or5au1, Or5b101, Or5b102, Or5b104, Or5b105, Or5b106, Or5b107, Or5b108, Or5b109, Or5b111, Or5b112, Or5b113, Or5b116, Or5b117, Or5b118, Or5b119, Or5b12, Or5b120, Or5b121, Or5b122, Or5b123, Or5b124, Or5b12b, Or5b21, Or5b24, Or5b3, Or5b94, Or5b95, Or5b96, Or5b97, Or5b98, Or5b99, Or5bb10, Or5be3, Or5bh3, Or5bw2, Or5c1, Or5d14, Or5d16, Or5d18, Or5d20, Or5d3, Or5d35, Or5d36, Or5d37, Or5d38, Or5d39, Or5d40, Or5d41, Or5d43, Or5d44, Or5d45, Or5d46, Or5d47, Or5e1, Or5g23, Or5g25, Or5g26, Or5g27, Or5g29, Or5g9, Or5h17, Or5h18, Or5h19, Or5h22, Or5h23, Or5h24-ps1, Or5h25, Or5h26, Or5i1, Or5j1, Or5j3, Or5k1, Or5k14, Or5k15, Or5k16, Or5k17, Or5k1b, Or5k3, Or5l13, Or5l14, Or5m10, Or5m10b, Or5m11b, Or5m12, Or5m13, Or5m13b, Or5m3, Or5m3b, Or5m5, Or5m8, Or5m9, Or5m9b, Or5o1, Or5p1, Or5p4, Or5p5, Or5p50, Or5p51, Or5p52, Or5p53, Or5p54, Or5p55, Or5p56, Or5p57, Or5p58, Or5p59, Or5p5c-ps1, Or5p6, Or5p60, Or5p61, Or5p62, Or5p63, Or5p64, Or5p66, Or5p67, Or5p68, Or5p69, Or5p70, Or5p72, Or5p73, Or5p76, Or5p78, Or5p79, Or5p80, Or5p81, Or5t15, Or5t16, Or5t17, Or5t18, Or5t5, Or5t7, Or5t9, Or5v1, Or5v1b, Or5w1, Or5w10, Or5w11, Or5w12, Or5w13, Or5w14, Or5w15, Or5w16, Or5w17, Or5w18, Or5w19, Or5w1b, Or5w20, Or5w22, Or5w8, Or6a2, Or6aa1, Or6ae1, Or6b1, Or6b13, Or6b2, Or6b2b, Or6b3, Or6b6, Or6b9, Or6c1, Or6c1b, Or6c2, Or6c200-ps1, Or6c201, Or6c202, Or6c203, Or6c205, Or6c206, Or6c207, Or6c208, Or6c209, Or6c210, Or6c211, Or6c212, Or6c213, Or6c214, Or6c215, Or6c216, Or6c217, Or6c219, Or6c2b, Or6c3, Or6c33, Or6c35, Or6c38, Or6c3b, Or6c5, Or6c5c, Or6c6, Or6c63-ps1, Or6c65, Or6c66, Or6c66b, Or6c68, Or6c69, Or6c69b, Or6c69c, Or6c6b, Or6c6c, Or6c70, Or6c74, Or6c75, Or6c76, Or6c76b, Or6c8, Or6c88, Or6c8b, Or6d12, Or6d13, Or6d14, Or6d15, Or6e1, Or6f1, Or6f2, Or6k14, Or6k2, Or6k4, Or6k6, Or6k8, Or6n1, Or6n2, Or6p1, Or6s1, Or6x1, Or6y1, Or6z1, Or6z3, Or6z5, Or6z6, Or6z7, Or7a35, Or7a36, Or7a37, Or7a38, Or7a39, Or7a40, Or7a41, Or7a42, Or7c19, Or7c70, Or7d10, Or7d11, Or7d9, Or7e165, Or7e166, Or7e168, Or7e169, Or7e170, Or7e173, Or7e174, Or7e175, Or7e176, Or7e177, Or7e178, Or7g12, Or7g16, Or7g17, Or7g18, Or7g19, Or7g20, Or7g21, Or7g22, Or7g23, Or7g25, Or7g26, Or7g27, Or7g28, Or7g29, Or7g30, Or7g31, Or7g32, Or7g33, Or7g34, Or7g35, Or7h8, Or8a1, Or8a1b, Or8b1, Or8b101, Or8b12, Or8b12b, Or8b12c, Or8b12i, Or8b1b, Or8b1c, Or8b1d, Or8b3, Or8b35, Or8b36, Or8b37, Or8b38, Or8b39, Or8b3b, Or8b4, Or8b40, Or8b41, Or8b42, Or8b43, Or8b44, Or8b46, Or8b47, Or8b48, Or8b49, Or8b50, Or8b51, Or8b52, Or8b53, Or8b54, Or8b55, Or8b56, Or8b57, Or8b8, Or8b9, Or8c10, Or8c11, Or8c13, Or8c15, Or8c16, Or8c17, Or8c18, Or8c20, Or8c8, Or8c9, Or8d1, Or8d1b, Or8d2, Or8d23, Or8d2b, Or8d4, Or8d6, Or8g17, Or8g18, Or8g19, Or8g2, Or8g20, Or8g21, Or8g22, Or8g23, Or8g24, Or8g26, Or8g27, Or8g28, Or8g2b, Or8g30, Or8g32, Or8g33, Or8g34, Or8g35, Or8g36, Or8g37, Or8g4, Or8g50, Or8g51, Or8g52, Or8g53, Or8g54, Or8g55, Or8h10, Or8h6, Or8h7, Or8h8, Or8h9, Or8i2, Or8j3, Or8j3b, Or8j3c, Or8k1, Or8k16, Or8k17, Or8k18, Or8k20, Or8k22, Or8k23, Or8k24, Or8k25, Or8k27, Or8k28, Or8k3, Or8k30, Or8k32, Or8k33, Or8k35, Or8k37, Or8k38, Or8k39, Or8k3b, Or8k40, Or8k41, Or8k53, Or8s10, Or8s16, Or8s2, Or8s5, Or8s8, Or8u10, Or8u3, Or8u8, Or8u9, Or8w1, Or9a2, Or9a4, Or9a7, Or9e1, Or9g10, Or9g19, Or9g20, Or9g3, Or9g4, Or9g4b, Or9g8, Or9i1, Or9i14, Or9i16, Or9i1b, Or9i2, Or9k2, Or9k2b, Or9k7, Or9m1, Or9m1b, Or9m2, Or9q1, Or9q2, Or9r3, Or9r7, Or9s13, Or9s14, Or9s15, Or9s18, Or9s23, Or9s27, Orai1, Orc1, Orc3, Orc5, Orm1, Orm2, Orm3, Ormdl1, Ormdl2, Ormdl3, Os9, Osbp, Osbpl11, Osbpl2, Osbpl6, Osbpl7, Osbpl8, Oscar, Osgin1, Osgin2, Osm, Osmr, Osr1, Osr2, Ostf1, Ostn, Otof, Otop1, Otp, Otub1, Otud3, Otud4, Otud5, Otud6b, Otud7b, Otulin, Otx1, Otx2, Ovgp1, Ovol1, Ovol2, Ovol3, Oxct1, Oxgr1, Oxr1, Oxsr1, Oxt, Oxtr, P2rx1, P2rx2, P2rx3, P2rx4, P2rx5, P2rx6, P2rx7, P2ry1, P2ry10, P2ry10b, P2ry12, P2ry13, P2ry14, P2ry2, P2ry4, P2ry6, P3h1, P3h2, P3h3, P3r3urf, P4hb, P4htm, Pa2g4, Pabir1, Pabpc1, Pabpc1l, Pabpc2, Pabpc4, Pabpn1, Pabpn1l, Pacsin1, Pacsin2, Pacsin3, Padi2, Padi6, Paf1, Pafah1b1, Pafah1b2, Pafah2, Pag1, Pagr1a, Paip1, Paip2, Paip2b, Pak1, Pak1ip1, Pak2, Pak3, Pak4, Pak5, Pak6, Pakap, Palb2, Palm, Palm3, Palmd, Pals1, Pam, Pam16, Pan2, Pan3, Pank2, Pantr1, Pantr2, Panx1, Panx2, Panx3, Paox, Pappa, Pappa2, Paqr3, Paqr4, Pard3, Pard6a, Pard6b, Pard6g, Parg, Park7, Parl, Parn, Parp1, Parp10, Parp14, Parp16, Parp2, Parp3, Parp6, Parp8, Parp9, Parpbp, Parva, Parvb, Parvg, Pasd1, Pask, Pate4, Pate6, Patl1, Patl2, Patz1, Pawr, Pax1, Pax2, Pax3, Pax4, Pax5, Pax6, Pax7, Pax8, Pax9, Paxbp1, Paxip1, Pbk, Pbld1, Pbld2, Pbp2, Pbrm1, Pbx1, Pbx2, Pbx3, Pbx4, Pbxip1, Pcbd1, Pcbd2, Pcbp1, Pcbp2, Pcbp3, Pcbp4, Pcdh17, Pcdh8, Pcdhgc3, Pcdhgc4, Pcdhgc5, Pcgf1, Pcgf2, Pcgf3, Pcgf5, Pcgf6, Pcid2, Pcif1, Pck1, Pck2, Pclaf, Pclo, Pcm1, Pcmt1, Pcna, Pcnt, Pcp2, Pcp4, Pcsk1, Pcsk1n, Pcsk5, Pcsk9, Pctp, Pcx, Pdap1, Pdc, Pdcd1, Pdcd10, Pdcd1lg2, Pdcd2, Pdcd4, Pdcd5, Pdcd5-ps, Pdcd6, Pdcd6ip, Pdcd7, Pdcl, Pdcl3, Pde10a, Pde11a, Pde12, Pde1a, Pde1b, Pde1c, Pde2a, Pde3a, Pde3b, Pde4a, Pde4b, Pde4c, Pde4d, Pde4dip, Pde5a, Pde6a, Pde6b, Pde6c, Pde6d, Pde6g, Pde6h, Pde7a, Pde7b, Pde8a, Pde8b, Pde9a, Pdf, Pdgfa, Pdgfb, Pdgfc, Pdgfd, Pdgfra, Pdgfrb, Pdia3, Pdia4, Pdia6, Pdik1l, Pdk1, Pdk2, Pdk3, Pdk4, Pdlim1, Pdlim4, Pdlim5, Pdlim7, Pdp1, Pdp2, Pdpk1, Pdpn, Pds5a, Pds5b, Pdx1, Pdxk, Pdxp, Pdyn, Pdzd11, Pdzd8, Pdzk1, Pea15a, Pea15b-ps, Peak1, Pear1, Pebp1, Pecam1, Pef1, Peg10, Peg12, Peg3, Peli1, Peli2, Peli3, Pelo, Pelp1, Pemt, Penk, Pepd, Per1, Per2, Per3, Perm1, Perp, Pes1, Pex11a, Pex11b, Pex14, Pex2, Pex5, Pex5l, Pf4, Pfdn1, Pfdn2, Pfdn4, Pfdn5, Pfdn6, Pfkfb1, Pfkfb2, Pfkl, Pfkm, Pfn1, Pfn2, Pfn3, Pgam2, Pgam5, Pgap1, Pgc, Pgf, Pggt1b, Pgk1, Pglyrp1, Pglyrp2, Pglyrp3, Pglyrp4, Pgp, Pgr, Pgr15l, Pgrmc1, Phactr1, Phactr4, Phax, Phb1, Phb2, Phc1, Phc2, Phc3, Phf1, Phf10, Phf11a, Phf12, Phf13, Phf14, Phf19, Phf2, Phf20, Phf20l1, Phf21a, Phf23, Phf24, Phf3, Phf5a, Phf6, Phf8, Phgdh, Phip, Phka1, Phkb, Phkg1, Phkg2, Phlda1, Phlda2, Phlda3, Phldb1, Phldb2, Phlpp1, Phlpp2, Phospho1, Phox2a, Phox2b, Phpt1, Pi16, Pi4ka, Pi4kb, Pianp, Pias1, Pias2, Pias3, Pias4, Pibf1, Picalm, Pick1, Pid1, Pidd1, Pierce1, Piezo1, Pif1, Pigbos1, Pigr, Pigu, Pih1d1, Pik3ap1, Pik3c2a, Pik3c2b, Pik3c2g, Pik3c3, Pik3ca, Pik3cb, Pik3cd, Pik3cg, Pik3ip1, Pik3r1, Pik3r2, Pik3r3, Pik3r4, Pik3r5, Pik3r6, Pikfyve, Pilra, Pilrb1, Pim1, Pim2, Pim3, Pin1, Pin1rt1, Pin4, Pinc, Pink1, Pinx1, Pip, Pip4k2a, Pip4k2b, Pip4k2c, Pip4p1, Pip4p2, Pip5k1c, Pip5kl1, Pira1, Pira12, Pira13, Pira2, Pira6, Pirb, Pirt, Pisd, Pithd1, Pitpnc1, Pitx1, Pitx2, Pitx3, Piwil1, Piwil2, Piwil4, Pja2, Pjvk, Pkd1, Pkd2, Pkd2l1, Pkdcc, Pkdrej, Pkhd1, Pkia, Pkib, Pkig, Pkm, Pkmyt1, Pkn1, Pkn2, Pkn3, Pknox1, Pknox2, Pkp1, Pkp2, Pkp3, Pkp4, Pla2g10, Pla2g12b, Pla2g1b, Pla2g2a, Pla2g2d, Pla2g2e, Pla2g2f, Pla2g3, Pla2g4a, Pla2g4e, Pla2g5, Pla2g6, Pla2g7, Pla2r1, Plaa, Plaat1, Plaat3, Plac8, Plag1, Plagl1, Plagl2, Plat, Platr25, Plau, Plaur, Plb1, Plcb1, Plcb2, Plcb3, Plcb4, Plcd1, Plcd3, Plcd4, Plce1, Plcg1, Plcg2, Plch1, Plch2, Plcl1, Plcl2, Plcxd2, Plcxd3, Plcz1, Pld1, Pld2, Pld3, Pld4, Pld6, Plec, Plek, Plek2, Plekha1, Plekha2, Plekha4, Plekhb1, Plekhb2, Plekhf1, Plekhg2, Plekhg3, Plekhg5, Plekhh2, Plekhm1, Plekhm2, Plekhn1, Plekho1, Plet1, Plg, Plgrkt, Plin2, Plin3, Plin5, Plk1, Plk2, Plk3, Plk4, Plk5, Pllp, Pln, Plp1, Plpp1, Plpp2, Plpp3, Plpp4, Plpp6, Plpp7, Plppr1, Plppr2, Plppr3, Plppr4, Plppr5, Plrg1, Pls1, Pls3, Plscr1, Plscr2, Plscr3, Pltp, Plvap, Plxna1, Plxna2, Plxna3, Plxna4, Plxnb1, Plxnb2, Plxnb3, Plxnc1, Plxnd1, Pm20d2, Pmaip1, Pmch, Pmel, Pmepa1, Pmf1, Pmfbp1, Pml, Pmp22, Pms2, Pnck, Pnkd, Pnkp, Pnldc1, Pnlip, Pnliprp1, Pnliprp2, Pnoc, Pnp, Pnp2, Pnpla2, Pnpla8, Pnpt1, Pnrc1, Pnrc2, Poc1a, Podn, Podxl, Pofut1, Pofut2, Pogk, Poglut1, Pogz, Pola1, Polb, Pold4, Poldip2, Poldip3, Pole3, Polg2, Polq, Polr1a, Polr2a, Polr2g, Polr3a, Polr3b, Polr3c, Polr3d, Polr3f, Polr3g, Pomc, Pomt1, Pomt2, Pon1, Pon3, Popdc1, Popdc2, Por, Porcn, Postn, Pot1a, Pot1b, Potefam3a, Potefam3b, Pou1f1, Pou2af1, Pou2af2, Pou2af3, Pou2f1, Pou2f2, Pou2f3, Pou3f1, Pou3f2, Pou3f3, Pou3f4, Pou4f1, Pou4f2, Pou4f3, Pou5f1, Pou5f2, Pou6f1, Pou6f2, Pp2d1, Ppan, Ppara, Ppard, Pparg, Ppargc1a, Ppargc1b, Ppbp, Ppdpf, Ppef1, Ppef2, Ppfia1, Ppfia2, Ppfia3, Pphln1, Ppia, Ppib, Ppic, Ppid, Ppie, Ppif, Ppig, Ppih, Ppihl, Ppil1, Ppil3, Ppil4, Ppl, Ppm1a, Ppm1b, Ppm1d, Ppm1e, Ppm1f, Ppm1g, Ppm1h, Ppm1j, Ppm1k, Ppm1l, Ppm1m, Ppm1n, Ppp1ca, Ppp1cb, Ppp1cc, Ppp1ccb, Ppp1r10, Ppp1r11, Ppp1r12a, Ppp1r12b, Ppp1r12c, Ppp1r13b, Ppp1r13l, Ppp1r14c, Ppp1r15a, Ppp1r15b, Ppp1r16b, Ppp1r17, Ppp1r1a, Ppp1r1b, Ppp1r1c, Ppp1r2, Ppp1r35, Ppp1r3a, Ppp1r3b, Ppp1r3c, Ppp1r3d, Ppp1r3e, Ppp1r3f, Ppp1r3g, Ppp1r42, Ppp1r9a, Ppp1r9b, Ppp2ca, Ppp2cb, Ppp2r1a, Ppp2r1b, Ppp2r2a, Ppp2r2b, Ppp2r2d, Ppp2r3a, Ppp2r3c, Ppp2r3d, Ppp2r5a, Ppp2r5b, Ppp2r5c, Ppp2r5d, Ppp2r5e, Ppp3ca, Ppp3cb, Ppp3cc, Ppp3r1, Ppp3r2, Ppp4c, Ppp4r2, Ppp4r3a, Ppp4r3b, Ppp4r3c1, Ppp4r3c2, Ppp5c, Ppp6c, Ppp6r1, Ppp6r2, Ppp6r3, Pprc1, Ppt1, Pptc7, Ppwd1, Ppy, Pqbp1, Prag1, Pram1, Pramel1, Pramel7, Prap1, Prc1, Prcc, Prcp, Prdm1, Prdm10, Prdm11, Prdm12, Prdm13, Prdm14, Prdm15, Prdm16, Prdm2, Prdm4, Prdm5, Prdm6, Prdm8, Prdm9, Prdx1, Prdx2, Prdx3, Prdx4, Prdx5, Prdx6, Prdx6b, Preb, Prelid1, Prepl, Prex1, Prex2, Prf1, Prg2, Prg3, Prg4, Prickle1, Prickle2, Prkaa1, Prkaa2, Prkab1, Prkab2, Prkaca, Prkacb, Prkag1, Prkag2, Prkag3, Prkar1a, Prkar1b, Prkar2a, Prkar2b, Prkca, Prkcb, Prkcd, Prkce, Prkcg, Prkch, Prkci, Prkcq, Prkcsh, Prkcz, Prkd1, Prkd2, Prkd3, Prkdc, Prkg1, Prkg2, Prkn, Prkra, Prkrip1, Prkx, Prl, Prl2a1, Prl2b1, Prl2c1, Prl2c2, Prl2c3, Prl2c5, Prl3a1, Prl3b1, Prl3c1, Prl3d1, Prl3d2, Prl3d3, Prl4a1, Prl5a1, Prl6a1, Prl7a1, Prl7a2, Prl7b1, Prl7c1, Prl7d1, Prl8a1, Prl8a2, Prl8a6, Prl8a8, Prl8a9, Prlh, Prlhr, Prlr, Prmt1, Prmt2, Prmt3, Prmt5, Prmt6, Prmt7, Prmt8, Prmt9, Prnp, Proc, Procr, Prodh, Prok1, Prok2, Prokr1, Prokr2, Prom1, Prom2, Prop1, Pros1, Prox1, Prox2, Prpf18, Prpf19, Prpf40a, Prpf4b, Prpf6, Prr11, Prr16, Prr5, Prr5l, Prr7, Prrt1, Prrt2, Prrx1, Prrx2, Prss22, Prss33, Prss37, Prss8, Prtg, Prtn3, Prune1, Prx, Prxl2a, Prxl2c, Psap, Psapl1, Psca, Psd, Psd2, Psd3, Psd4, Psen1, Psen2, Psenen, Psg18, Psg22, Psg23, Psg29, Psip1, Psma1, Psma3, Psma6, Psma8, Psmb4, Psmb8, Psmc3ip, Psmc5, Psmc6, Psmd1, Psmd10, Psmd14, Psmd2, Psmd3, Psmd9, Psme1, Psme2, Psme3, Psme3ip1, Psmf1, Psmg2, Pspc1, Pspn, Psrc1, Pstk, Ptafr, Ptbp1, Ptbp2, Ptbp3, Ptcd2, Ptcd3, Ptch1, Ptch2, Ptchd1, Ptcra, Pten, Ptf1a, Ptgdr, Ptgdr2, Ptgds, Ptger1, Ptger2, Ptger3, Ptger4, Ptges, Ptges2, Ptges3, Ptges3-ps, Ptgfr, Ptgir, Ptgis, Ptgr1, Ptgr3, Ptgs1, Ptgs2, Ptgs2os, Ptgs2os2, Pth, Pth1r, Pth2, Pth2r, Pthlh, Ptk2, Ptk2b, Ptk6, Ptk7, Ptma, Ptms, Ptn, Ptov1, Ptp4a1, Ptp4a3, Ptpa, Ptpdc1, Ptpmt1, Ptpn1, Ptpn11, Ptpn12, Ptpn13, Ptpn14, Ptpn2, Ptpn22, Ptpn23, Ptpn3, Ptpn5, Ptpn6, Ptpn7, Ptpn9, Ptpra, Ptprb, Ptprc, Ptprd, Ptpre, Ptprf, Ptprg, Ptprh, Ptprj, Ptprk, Ptprm, Ptprn, Ptprn2, Ptpro, Ptprq, Ptprr, Ptprs, Ptprt, Ptpru, Ptprv, Ptprz1, Ptrh2, Pttg1, Pttg1ip, Ptx3, Puf60, Pum1, Pum2, Pum3, Pura, Purb, Purg, Pus1, Pus10, Pus7, Pvalb, Pvr, Pvrig, Pwp1, Pwwp2a, Pwwp2b, Pxk, Pxn, Pxt1, Pxylp1, Pycard, Pycr1, Pygo1, Pygo2, Pym1, Pyy, Qars1, Qki, Qrfp, Qrfpr, Qrfprl, Qrich1, Qrich2, Qsox1, Rab11a, Rab11b, Rab11fip1, Rab11fip2, Rab11fip3, Rab11fip4, Rab11fip5, Rab12, Rab13, Rab14, Rab15, Rab17, Rab1a, Rab1b, Rab21, Rab23, Rab25, Rab26, Rab27a, Rab27b, Rab29, Rab2b, Rab30, Rab31, Rab33a, Rab33b, Rab34, Rab35, Rab37, Rab38, Rab39, Rab39b, Rab3a, Rab3b, Rab3c, Rab3d, Rab3gap1, Rab3gap2, Rab3ip, Rab40b, Rab40c, Rab44, Rab4a, Rab4b, Rab5a, Rab5b, Rab5c, Rab7, Rab7b, Rab8a, Rab8b, Rab9, Rab9b, Rabep1, Rabep2, Rabgap1l, Rabgef1, Rabif, Rabl3, Rac1, Rac2, Rac3, Racgap1, Rack1, Rad1, Rad17, Rad18, Rad21, Rad23a, Rad23b, Rad50, Rad51, Rad51ap1, Rad51b, Rad51c, Rad51d, Rad52, Rad54l2, Rad9a, Rad9b, Radil, Radx, Rae1, Raet1a, Raet1b, Raet1c, Raet1d, Raet1e, Raf1, Rag1, Rag2, Rai1, Rala, Ralb, Ralbp1, Ralgapa1, Ralgapa2, Ralgapb, Ralgds, Ralgps1, Ralgps2, Raly, Ramp1, Ramp2, Ramp3, Ran, Ranbp1, Ranbp2, Ranbp3l, Ranbp9, Rangap1, Rangrf, Rap1a, Rap1b, Rap1gap, Rap1gap2, Rap1gds1, Rap2a, Rap2b, Rap2c, Rapgef1, Rapgef2, Rapgef3, Rapgef4, Rapgef5, Rapgef6, Rapgefl1, Rapsn, Rara, Rarb, Rarg, Rarres2, Rasa1, Rasa2, Rasa3, Rasa4, Rasal1, Rasal2, Rasal3, Rasd1, Rasd2, Rasgef1a, Rasgef1b, Rasgef1c, Rasgrf1, Rasgrf2, Rasgrp1, Rasgrp2, Rasgrp3, Rasgrp4, Rasip1, Rasl10b, Rasl11a, Rasl11b, Rassf1, Rassf10, Rassf2, Rassf3, Rassf4, Rassf5, Rassf6, Rassf7, Rassf8, Rassf9, Rax, Rb1, Rb1cc1, Rbak, Rbbp4, Rbbp5, Rbbp6, Rbbp7, Rbbp8, Rbbp9, Rbck1, Rbfox1, Rbfox2, Rbfox3, Rbl1, Rbl2, Rbm10, Rbm11, Rbm12, Rbm12b1, Rbm12b2, Rbm14, Rbm15, Rbm15b, Rbm19, Rbm20, Rbm22, Rbm24, Rbm25, Rbm3, Rbm31y, Rbm33, Rbm38, Rbm39, Rbm4, Rbm42, Rbm46, Rbm47, Rbm4b, Rbm5, Rbm7, Rbm8a, Rbm8a2, Rbms3, Rbmx, Rbmxl1, Rbmxl2, Rbmy, Rbmyf1, Rbmyf3, Rbmyf6, Rbmyf9, Rbp1, Rbp4, Rbpj, Rbpjl, Rbpms, Rbpms2, Rbsn, Rbx1, Rbx1-ps, Rc3h1, Rc3h2, Rcan1, Rcan2, Rcan3, Rcc1, Rcc1l, Rcc2, Rchy1, Rcn3, Rcor1, Rcor2, Rcor3, Rcvrn, Rd3, Rdh1, Rdh10, Rdh16, Rdh16f2, Rdh19, Rdh9, Rdx, Reck, Recql4, Recql5, Reep1, Reep2, Reep6, Reg1, Reg2, Reg3a, Reg3b, Reg3d, Reg3g, Rel, Rela, Relb, Rell1, Rell2, Reln, Rem1, Ren1, Ren2, Reno1, Repin1, Rer1, Rere, Rerg, Resf1, Rest, Ret, Retn, Retnla, Retnlb, Retnlg, Retreg1, Retreg3, Rex2, Rfc1, Rfc2, Rfc3, Rfc4, Rfc5, Rffl, Rflna, Rflnb, Rfng, Rfpl4, Rftn1, Rfwd3, Rfx1, Rfx2, Rfx3, Rfx4, Rfx5, Rfx6, Rfx7, Rfx8, Rfxank, Rfxap, Rgcc, Rgl1, Rgl2, Rgl3, Rgma, Rgmb, Rgn, Rgp1, Rgr, Rgs1, Rgs10, Rgs11, Rgs12, Rgs13, Rgs14, Rgs16, Rgs17, Rgs18, Rgs19, Rgs2, Rgs20, Rgs22, Rgs3, Rgs4, Rgs5, Rgs6, Rgs7, Rgs7bp, Rgs8, Rgs9, Rgs9bp, Rhbdd1, Rhbdd3, Rhbdf1, Rhbdf2, Rheb, Rhebl1, Rhno1, Rho, Rhoa, Rhob, Rhobtb1, Rhobtb2, Rhobtb3, Rhoc, Rhod, Rhof, Rhog, Rhoh, Rhoj, Rhoq, Rhot1, Rhot2, Rhou, Rhov, Rhox1, Rhox10, Rhox11, Rhox12, Rhox13, Rhox2a, Rhox2b, Rhox2c, Rhox2d, Rhox2f, Rhox2g, Rhox2h, Rhox3a, Rhox3c, Rhox3f, Rhox3g, Rhox3h, Rhox4a, Rhox4b, Rhox4c, Rhox4d, Rhox4e, Rhox4f, Rhox4g, Rhox5, Rhox6, Rhox7a, Rhox7b, Rhox8, Rhox9, Rhpn1, Rhpn2, Rian, Ric1, Ric3, Ric8a, Ric8b, Rictor, Rida, Rif1, Rigi, Rilp, Rilpl1, Rimbp2, Rims1, Rims2, Rims3, Rims4, Rin1, Rin2, Rin3, Ring1, Rint1, Riok1, Riok2, Riok3, Riox1, Riox2, Ripk1, Ripk2, Ripk3, Ripk4, Ripor1, Ripor2, Ripply1, Ripply2, Ripply3, Rit1, Rit2, Rita1, Rlf, Rlim, Rln1, Rln3, Rmc1, Rmi2, Rmnd1, Rnase10, Rnase9, Rnaseh2b, Rnasel, Rnd1, Rnd2, Rnd3, Rnf10, Rnf111, Rnf112, Rnf113a1, Rnf113a2, Rnf115, Rnf122, Rnf125, Rnf126, Rnf128, Rnf13, Rnf135, Rnf138, Rnf139, Rnf14, Rnf141, Rnf144a, Rnf144b, Rnf146, Rnf149, Rnf152, Rnf157, Rnf167, Rnf168, Rnf169, Rnf170, Rnf180, Rnf183, Rnf185, Rnf186, Rnf187, Rnf19a, Rnf2, Rnf20, Rnf207, Rnf213, Rnf216, Rnf220, Rnf25, Rnf26, Rnf26rt, Rnf31, Rnf34, Rnf4, Rnf40, Rnf41, Rnf43, Rnf5, Rnf6, Rnf7, Rnf8, Rnft1, Rnft2, Rnh1, Rnls, Rnps1, Rnu12, Ro60, Robo1, Robo2, Robo3, Robo4, Rock1, Rock2, Rogdi, Rom1, Romo1, Ropn1, Ropn1l, Ror1, Ror2, Rora, Rorb, Rorc, Ros1, Rp1, Rp1l1, Rpa1, Rpa2, Rpa3, Rpap2, Rpf2, Rpgrip1l, Rph3a, Rph3al, Rpl10, Rpl10-ps3, Rpl11, Rpl13a, Rpl17, Rpl23, Rpl24, Rpl26, Rpl37, Rpl37rt, Rpl38, Rpl3l, Rpl4, Rpl5, Rplp1, Rprd1b, Rprm, Rps12, Rps13, Rps14, Rps15, Rps15a, Rps19, Rps2, Rps20, Rps23rg1, Rps26, Rps27l, Rps3, Rps3a1, Rps4x, Rps6, Rps6-ps4, Rps6ka1, Rps6ka2, Rps6ka3, Rps6ka4, Rps6ka5, Rps6ka6, Rps6kb1, Rps6kb2, Rps7, Rps9, Rptor, Rpusd3, Rpusd4, Rrad, Rraga, Rragb, Rragc, Rragd, Rras, Rras2, Rrbp1, Rreb1, Rrh, Rrm1, Rrm2, Rrm2b, Rrn3, Rrp1b, Rrp8, Rrs1, Rsad2, Rsc1a1, Rsf1, Rsl1, Rsl1d1, Rslcan18, Rsph4a, Rspo1, Rspo2, Rspo3, Rspo4, Rsu1, Rtca, Rtel1, Rtf1, Rtkn, Rtkn2, Rtn1, Rtn2, Rtn3, Rtn4, Rtn4ip1, Rtn4r, Rtn4rl1, Rtn4rl2, Rtraf, Rubcn, Rubcnl, Rufy1, Rufy3, Rufy4, Rundc3a, Runx1, Runx1t1, Runx2, Runx3, Ruvbl1, Ruvbl2, Rwdd1, Rwdd3, Rxfp1, Rxfp2, Rxfp3, Rxfp4, Rxra, Rxrb, Rxrg, Rybp, Rybp-ps, Ryk, Ryr1, Ryr2, Ryr3, S100a1, S100a10, S100a11, S100a11-ps, S100a13, S100a14, S100a4, S100a7l2, S100a8, S100a9, S100b, S1pr1, S1pr2, S1pr3, S1pr4, S1pr5, S2bpcox16, Saa3, Saal1, Sac3d1, Sacs, Sae1, Safb, Safb2, Sag, Sall1, Sall2, Sall3, Sall4, Samd1, Samd10, Samd11, Samd12, Samd14, Samd15, Samd4, Samd4b, Samd5, Samd7, Samd8, Samd9l, Samhd1, Samsn1, Samtor, Sap130, Sap18, Sap18b, Sap25, Sap30, Sap30bp, Sap30l, Sapcd2, Sar1a, Sar1b, Saraf, Sarm1, Sarnp, Sars1, Sart1, Sart3, Sash1, Sash3, Sass6, Sat1, Satb1, Satb2, Sav1, Saxo1, Sbf1, Sbk2, Sbno1, Sbno2, Sc5d, Scaf4, Scaf8, Scai, Scamp5, Scand1, Scap, Scarb1, Scarb2, Scarf1, Scd1, Scel, Scfd1, Scg2, Scg5, Scgb1a1, Scgb2a2, Scgb3a1, Scgn, Schip1, Scimp, Scin, Scly, Scmh1, Scml2, Scml4, Scn10a, Scn11a, Scn1b, Scn2a, Scn2b, Scn3b, Scn4a, Scn4b, Scn5a, Scn7a, Scn9a, Scnn1b, Sco1, Scoc, Scp2, Scrib, Scrn1, Scrt1, Scrt2, Sct, Sctr, Scube1, Scube2, Scube3, Scx, Scyl2, Sdc1, Sdc2, Sdc3, Sdc4, Sdcbp, Sdccag8, Sde2, Sdf2l1, Sdhaf2, Sdhd, Sdk1, Sdr16c5, Sec1, Sec13, Sec14l1, Sec14l2, Sec16a, Sec16b, Sec22b, Sec24a, Sec24b, Secisbp2, Sectm1a, Sectm1b, Seh1l, Sel1l, Sele, Selenok, Selenom, Selenon, Selenop, Selenos, Selenot, Sell, Selp, Selplg, Sema3a, Sema3b, Sema3c, Sema3d, Sema3e, Sema3f, Sema3g, Sema4a, Sema4b, Sema4c, Sema4d, Sema4f, Sema4g, Sema5a, Sema5b, Sema6a, Sema6b, Sema6c, Sema6d, Sema7a, Senp1, Senp2, Senp3, Senp6, Sepsecs, Septin1, Septin11, Septin2, Septin4, Septin5, Septin7, Septin8, Septin9, Serbp1, Sergef, Serinc3, Serp1, Serp2, Serpina12, Serpina5, Serpinb10, Serpinb11, Serpinb12, Serpinb13, Serpinb1a, Serpinb1b, Serpinb1c, Serpinb2, Serpinb3a, Serpinb3b, Serpinb3c, Serpinb3d, Serpinb5, Serpinb6a, Serpinb6b, Serpinb6c, Serpinb6d, Serpinb6e, Serpinb7, Serpinb8, Serpinb9, Serpinb9b, Serpinb9c, Serpinb9d, Serpinb9e, Serpinb9f, Serpinb9g, Serpinb9h, Serpinc1, Serpind1, Serpine1, Serpine2, Serpine3, Serpinf1, Serpinf2, Serping1, Serpinh1, Serpini1, Serpini2, Sertad1, Sertad2, Sertad3, Sesn1, Sesn2, Sesn3, Sestd1, Set, Setbp1, Setd1a, Setd2, Setd3, Setd4, Setd5, Setd6, Setd7, Setdb1, Setdb2, Setmar, Setx, Sez6, Sez6l, Sez6l2, Sf1, Sf3a2, Sf3b1, Sf3b3, Sf3b5, Sfmbt1, Sfmbt2, Sfn, Sfpq, Sfr1, Sfrp1, Sfrp2, Sfrp4, Sfrp5, Sfswap, Sftpa1, Sftpd, Sfxn5, Sgca, Sgcd, Sgf29, Sgip1, Sgk1, Sgk2, Sgk3, Sgms1, Sgms1os1, Sgms2, Sgo2a, Sgpl1, Sgpp1, Sgpp2, Sgsm1, Sgsm3, Sgta, Sh2b1, Sh2b2, Sh2b3, Sh2d1a, Sh2d1b1, Sh2d1b2, Sh2d3c, Sh2d6, Sh3bgrl, Sh3bp1, Sh3bp2, Sh3bp4, Sh3bp5, Sh3bp5l, Sh3d19, Sh3gl1, Sh3gl2, Sh3gl3, Sh3glb1, Sh3kbp1, Sh3pxd2b, Sh3rf1, Sh3rf2, Sh3rf3, Sh3tc2, Sh3yl1, Shank1, Shank2, Shank3, Sharpin, Shb, Shc1, Shc2, Shc3, Shc4, Shcbp1, Shcbp1l, Shfl, Shh, Shisa2, Shisa3, Shisa5, Shisa6, Shisa7, Shisa8, Shisa9, Shkbp1, Shld1, Shld2, Shld3, Shmt1, Shmt2, Shoc2, Shox2, Shpk, Shq1, Shroom2, Shroom3, Shtn1, Siae, Siah1a, Siah1b, Siah2, Siah3, Sidt2, Sigirr, Siglec1, Siglec15, Siglece, Siglecf, Siglecg, Sigmar1, Sik1, Sik2, Sik3, Sike1, Sim1, Sim2, Sin3a, Sin3b, Sinhcaf, Sipa1, Sipa1l1, Sipa1l2, Sipa1l3, Sirpa, Sirpb1a, Sirt1, Sirt2, Sirt3, Sirt4, Sirt5, Sirt6, Sirt7, Sit1, Siva1, Six1, Six2, Six3, Six3os1, Six4, Six5, Six6, Ska1, Ska2, Ska3, Skap1, Skap2, Ski, Skic2, Skic3, Skic8, Skil, Skint1, Skint10, Skint11, Skint2, Skint3, Skint4, Skint5, Skint6, Skint7, Skint8, Skint9, Skor1, Skor2, Skp1, Skp2, Sla, Sla2, Slain1, Slain2, Slamf1, Slamf6, Slamf7, Slamf8, Slc10a4, Slc11a1, Slc12a2, Slc12a3, Slc12a4, Slc12a5, Slc12a6, Slc12a7, Slc15a1, Slc15a2, Slc15a3, Slc15a4, Slc16a1, Slc16a10, Slc16a2, Slc17a6, Slc17a7, Slc17a8, Slc18a1, Slc18a2, Slc18a3, Slc19a1, Slc1a1, Slc1a2, Slc1a3, Slc1a7, Slc20a2, Slc22a13, Slc22a2, Slc22a21, Slc22a22, Slc22a5, Slc23a2, Slc24a1, Slc24a2, Slc24a3, Slc24a4, Slc24a5, Slc25a12, Slc25a14, Slc25a22, Slc25a23, Slc25a27, Slc25a31, Slc25a33, Slc25a37, Slc25a4, Slc25a44, Slc25a5, Slc26a4, Slc26a5, Slc26a6, Slc26a9, Slc27a1, Slc27a4, Slc29a1, Slc2a10, Slc2a13, Slc2a2, Slc2a3, Slc2a4, Slc2a6, Slc2a8, Slc30a1, Slc30a10, Slc30a3, Slc30a6, Slc30a8, Slc30a9, Slc31a1, Slc31a2, Slc34a1, Slc35a4, Slc35b4, Slc35c1, Slc35c2, Slc35d3, Slc35f6, Slc36a2, Slc37a4, Slc38a1, Slc38a2, Slc38a3, Slc38a9, Slc39a10, Slc39a12, Slc39a14, Slc39a5, Slc39a6, Slc39a7, Slc39a8, Slc39a9, Slc40a1, Slc43a1, Slc43a2, Slc44a4, Slc45a3, Slc46a2, Slc4a1, Slc4a10, Slc4a11, Slc4a2, Slc4a3, Slc4a4, Slc4a5, Slc4a8, Slc51b, Slc5a3, Slc5a7, Slc6a1, Slc6a2, Slc6a3, Slc6a4, Slc6a5, Slc6a6, Slc6a9, Slc7a1, Slc7a10, Slc7a11, Slc7a2, Slc7a3, Slc7a5, Slc7a7, Slc8a1, Slc8a2, Slc8a3, Slc8b1, Slc9a1, Slc9a3, Slc9a6, Slc9a7, Slc9a8, Slc9b2, Slco1c1, Slco3a1, Slf1, Slf2, Slfn1, Slfn14, Slfn2, Slfn3, Slirp, Slit1, Slit2, Slit3, Slitrk1, Slitrk2, Slitrk3, Slitrk4, Slitrk5, Slitrk6, Slk, Slmap, Sln, Slpi, Sltm, Slurp1, Slurp2, Slx, Slx1b, Slx4, Slxl1, Sly, Smad1, Smad2, Smad3, Smad4, Smad5, Smad6, Smad7, Smad9, Smap1, Smarca1, Smarca2, Smarca4, Smarca5, Smarcad1, Smarcal1, Smarcb1, Smarcc1, Smarcc2, Smarcd1, Smarcd2, Smarcd3, Smarce1, Smc2, Smc3, Smc4, Smc5, Smc6, Smchd1, Smcr8, Smg1, Smg5, Smg6, Smg7, Smg8, Smg9, Smim22, Smim30, Smim43, Smn1, Smo, Smoc1, Smoc2, Smok3a, Smpd1, Smpd2, Smpd3, Smpdl3a, Smpdl3b, Smr2, Smr2l, Smr3a, Smtn, Smtnl1, Smu1, Smurf1, Smurf2, Smyd1, Smyd2, Smyd3, Smyd5, Snai1, Snai2, Snai3, Snap23, Snap25, Snap29, Snap47, Snap91, Snapin, Snca, Sncaip, Sncb, Sncg, Snd1, Snf8, Snhg15, Snhg20, Snip1, Snord32a, Snord33, Snord34, Snord35a, Snph, Snrnp70, Snta1, Snw1, Snx1, Snx12, Snx13, Snx14, Snx17, Snx18, Snx19, Snx25, Snx27, Snx3, Snx30, Snx33, Snx4, Snx5, Snx6, Snx7, Snx9, Soat1, Soat2, Socs1, Socs2, Socs3, Socs4, Socs5, Socs6, Socs7, Sod1, Sod2, Sohlh1, Sohlh2, Son, Sorbs1, Sorbs2, Sorbs3, Sorcs2, Sorcs3, Sorl1, Sort1, Sos1, Sos2, Sost, Sostdc1, Sox1, Sox10, Sox11, Sox12, Sox13, Sox14, Sox15, Sox17, Sox18, Sox2, Sox21, Sox3, Sox30, Sox4, Sox5, Sox6, Sox7, Sox8, Sox9, Sp1, Sp100, Sp110, Sp140, Sp140l1, Sp140l2, Sp2, Sp3, Sp4, Sp5, Sp6, Sp7, Sp8, Sp9, Spaar, Spaca7, Spag11a, Spag5, Spag6l, Spag8, Spag9, Sparc, Sparcl1, Spart, Spast, Spata13, Spata18, Spata2, Spata22, Spata4, Spatc1l, Spc24, Spc25, Spdef, Spdl1, Spdya, Spdye4a, Specc1l, Spef1, Spef1l, Spen, Spg11, Spg21, Spg7, Sphk1, Sphk2, Spi1, Spib, Spic, Spice1, Spidr, Spin1, Spin2c, Spin2d, Spin2e, Spin2g, Spin2h, Spin4, Spindoc, Spink1, Spink12, Spink13, Spink2, Spink5, Spink6, Spink7, Spinkl, Spint1, Spint2, Spire1, Spire2, Spn, Spns2, Spocd1, Spock1, Spock2, Spock3, Spon1, Spon2, Spop, Spopfm2, Spopfm3, Spopl, Spout1, Spp1, Sppl2a, Sppl2b, Sppl3, Spr, Spred1, Spred2, Spred3, Spring1, Sprr1b, Sprr2a1, Sprtn, Spry1, Spry2, Spry3, Spry4, Spsb2, Spsb3, Spsb4, Spta1, Sptan1, Sptb, Sptbn1, Sptbn2, Sptbn4, Sptlc1, Sptlc2, Spty2d1, Spx, Spz1, Sqle, Sqstm1, Sra1, Srarp, Src, Srcin1, Srebf1, Srebf2, Srf, Srgap1, Srgap2, Srgap3, Srgn, Sri, Srl, Srms, Srp9, Srpk1, Srpk2, Srpk3, Srpx, Srpx2, Srrd, Srrm1, Srrm4, Srrt, Srsf1, Srsf10, Srsf12, Srsf19, Srsf2, Srsf3, Srsf4, Srsf5, Srsf6, Srsf7, Srsf9, Sry, Ss18, Ss18l1, Ssb, Ssbp1, Ssbp2, Ssbp3, Ssbp4, Ssc5d, Ssh1, Ssh2, Ssh3, Ssrp1, Sst, Sstr1, Sstr2, Sstr3, Sstr4, Sstr5, Ssty1, Ssty2, Ssu72, Ssx2ip, Ssxa1, St13, St18, St3gal1, St3gal4, St6gal1, St7l, St8sia1, St8sia2, Stab1, Stac, Stac2, Stac3, Stam, Stam2, Stambp, Stambpl1, Stap1, Star, Stard10, Stard13, Stard4, Stard8, Stat1, Stat2, Stat3, Stat4, Stat5a, Stat5b, Stat6, Stau1, Stau2, Stc1, Stc2, Steap3, Stfa1, Stfa2, Stfa2l1, Stfa3, Stil, Stim1, Stim2, Stimate, Sting1, Stk10, Stk11, Stk16, Stk17b, Stk19, Stk24, Stk25, Stk26, Stk3, Stk32a, Stk32b, Stk32c, Stk33, Stk35, Stk36, Stk38, Stk38l, Stk39, Stk4, Stk40, Stmn1, Stmn2, Stmn3, Stmn4, Stmnd1, Stmp1, Stn1, Stom, Stoml2, Stoml3, Ston1, Ston2, Stox1, Stox2, Stpg1, Stpg4, Stra6, Stra8, Strada, Stradb, Strap, Strip1, Strip2, Strit1, Strm, Strn, Strn3, Strn4, Sts, Stub1, Stx11, Stx18, Stx19, Stx1a, Stx1b, Stx2, Stx3, Stx4a, Stx5a, Stx6, Stx7, Stx8, Stxbp1, Stxbp2, Stxbp3, Stxbp4, Stxbp5, Stxbp5l, Stxbp6, Styx, Styx-ps, Styxl1, Styxl2, Sub1, Sucnr1, Suco, Suds3, Sufu, Sulf1, Sulf2, Sult1e1, Sult2b1, Sumf2, Sumo1, Sumo2, Sumo3, Sun2, Sun5, Supt20, Supt3, Supt4a, Supt4b, Supt5, Supt6, Supt7l, Supv3l1, Surf4, Susd2, Susd4, Susd5, Suv39h1, Suv39h2, Suz12, Sv2a, Sv2b, Sv2c, Sva, Sval1, Sval2, Sval3, Svbp, Svep1, Svil, Svip, Swap70, Syap1, Sybu, Syce3, Sycp1, Sycp2, Sycp2l, Syde1, Syde2, Syf2, Syk, Syn1, Syn2, Syn3, Syncrip, Syndig1, Syne1, Syne2, Syne3, Syngap1, Syngr1, Syngr3, Synj1, Synj2bp, Synpo, Synpo2, Synpo2l, Synpr, Syp, Syt1, Syt10, Syt11, Syt12, Syt13, Syt15, Syt17, Syt2, Syt3, Syt4, Syt5, Syt6, Syt7, Syt8, Syt9, Sytl2, Sytl4, Syvn1, Szt2, T, Taar1, Taar2, Taar3, Taar4, Taar5, Taar6, Taar7a, Taar7b, Taar7d, Taar7e, Taar7f, Taar8a, Taar8b, Taar8c, Taar9, Tab1, Tab2, Tab3, Tac1, Tac2, Tac4, Tacc1, Tacc2, Tacc3, Taco1, Tacr1, Tacr2, Tacr3, Tacstd2, Tada1, Tada2a, Tada2b, Tada3, Taf1, Taf10, Taf11, Taf12, Taf13, Taf15, Taf1d, Taf2, Taf3, Taf4, Taf4b, Taf5, Taf5l, Taf6, Taf6l, Taf7, Taf8, Taf9, Taf9b, Tafa1, Tafa3, Tafa4, Tafa5, Tagap, Tagln3, Tal1, Tal2, Tamalin, Tanc1, Tanc2, Tank, Taok1, Taok2, Taok3, Tap1, Tap2, Tapbp, Tapbpl, Tapt1, Tarbp2, Tardbp, Tarm1, Tas1r1, Tas1r2, Tas1r3, Tas2r102, Tas2r103, Tas2r104, Tas2r105, Tas2r106, Tas2r107, Tas2r108, Tas2r109, Tas2r110, Tas2r113, Tas2r114, Tas2r116, Tas2r117, Tas2r118, Tas2r119, Tas2r120, Tas2r121, Tas2r123, Tas2r124, Tas2r125, Tas2r126, Tas2r129, Tas2r130, Tas2r131, Tas2r134, Tas2r135, Tas2r136, Tas2r137, Tas2r138, Tas2r139, Tas2r140, Tas2r143, Tas2r144, Tasl, Tasor, Tasor2, Tasp1, Tax1bp1, Tax1bp3, Tbc1d1, Tbc1d10a, Tbc1d10c, Tbc1d12, Tbc1d14, Tbc1d16, Tbc1d20, Tbc1d23, Tbc1d24, Tbc1d25, Tbc1d30, Tbc1d32, Tbc1d4, Tbc1d5, Tbc1d7, Tbccd1, Tbcd, Tbck, Tbk1, Tbl1x, Tbl1xr1, Tbl2, Tbp, Tbr1, Tbrg1, Tbrg4, Tbx1, Tbx10, Tbx15, Tbx18, Tbx19, Tbx2, Tbx20, Tbx21, Tbx22, Tbx3, Tbx4, Tbx5, Tbx6, Tbxa2r, Tbxas1, Tcaf1, Tcea1, Tcea2, Tcea3, Tceal7, Tceanc, Tceanc2, Tcerg1, Tcf12, Tcf15, Tcf19, Tcf20, Tcf21, Tcf23, Tcf24, Tcf25, Tcf3, Tcf4, Tcf7, Tcf7l1, Tcf7l2, Tcfl5, Tchp, Tcim, Tcirg1, Tcl1, Tcl1b1, Tcl1b2, Tcl1b3, Tcl1b4, Tcl1b5, Tcof1, Tcp1, Tcp10a, Tcp10b, Tcp10c, Tcp11, Tcp11l1, Tcp11l2, Tcp11x2, Tcrb, Tcta, Tctn1, Tctn2, Tctn3, Tdg, Tdpoz1, Tdpoz2, Tdpoz3, Tdpoz4, Tdpoz5, Tdpoz8, Tdpoz9, Tdrd1, Tdrd12, Tdrd3, Tdrd5, Tdrd6, Tdrd7, Tdrd9, Tdrkh, Tead1, Tead2, Tead3, Tead4, Tec, Tecpr1, Tedc1, Tedc2, Tef, Tek, Ten1, Tenm1, Tenm2, Tenm3, Tenm4, Tent2, Tent4a, Tent4b, Tent5a, Tent5b, Tent5c, Tent5d, Terc, Terf1, Terf2, Terf2ip, Tert, Tes, Tes3-ps, Tesc, Tescl, Tesk1, Tesl1, Tesl2, Tesmin, Tespa1, Tet1, Tet2, Tet3, Tex101, Tex11, Tex14, Tex15, Tex19.1, Tex19.2, Tex24, Tex261, Tfam, Tfap2a, Tfap2b, Tfap2c, Tfap2d, Tfap2e, Tfap4, Tfcp2, Tfcp2l1, Tfdp1, Tfdp2, Tfe3, Tfeb, Tfec, Tff1, Tff2, Tff3, Tfip11, Tfpi, Tfpt, Tfr2, Tfrc, Tg, Tgfa, Tgfb1, Tgfb1i1, Tgfb2, Tgfb3, Tgfbr1, Tgfbr2, Tgfbr3, Tgfbr3l, Tgfbrap1, Tgif1, Tgif2, Tgm1, Tgm2, Th, Thap1, Thap11, Thap3, Thap7, Thbd, Thbs1, Thbs2, Thbs4, Them4, Themis, Themis2, Themis3, Thoc1, Thoc2, Thoc5, Thop1, Thpo, Thra, Thrap3, Thrb, Thrsp, Thy1, Tia1, Tial1, Tiam1, Tiam2, Ticam1, Ticam2, Ticrr, Tie1, Tifa, Tifab, Tigar, Tigit, Timd2, Timd5, Timd6, Timeless, Timm17a, Timm23, Timm50, Timp1, Timp2, Timp3, Timp4, Tinf2, Tiparp, Tipin, Tiprl, Tirap, Tjp1, Tjp2, Tjp3, Tkfc, Tkt, Tlcd3b, Tldc2, Tle1, Tle2, Tle3, Tle4, Tle5, Tle6, Tle7, Tlk1, Tlk2, Tll2, Tln1, Tlr1, Tlr11, Tlr12, Tlr13, Tlr2, Tlr3, Tlr4, Tlr5, Tlr6, Tlr7, Tlr8, Tlr9, Tlx1, Tlx2, Tlx3, Tm2d1, Tm2d3, Tm4sf20, Tm4sf5, Tm6sf2, Tm7sf3, Tm9sf2, Tm9sf4, Tm9sf5, Tmbim1, Tmbim4, Tmbim6, Tmc1, Tmc2, Tmc8, Tmco1, Tmed10, Tmed10-ps, Tmed2, Tmed9, Tmeff2, Tmem100, Tmem102, Tmem106a, Tmem106b, Tmem107, Tmem108, Tmem109, Tmem116, Tmem117, Tmem119, Tmem126a, Tmem127, Tmem131l, Tmem132a, Tmem132c, Tmem135, Tmem145, Tmem14a, Tmem14c, Tmem161a, Tmem161b, Tmem164, Tmem168, Tmem17, Tmem170b, Tmem176a, Tmem176b, Tmem178, Tmem182, Tmem184a, Tmem196, Tmem198, Tmem198b, Tmem204, Tmem215, Tmem225, Tmem231, Tmem237, Tmem238l, Tmem25, Tmem250, Tmem259, Tmem30a, Tmem30b, Tmem33, Tmem35a, Tmem38a, Tmem38b, Tmem39a, Tmem53, Tmem59, Tmem64, Tmem65, Tmem67, Tmem74, Tmem79, Tmem88, Tmem88b, Tmem9, Tmem97, Tmem98, Tmf1, Tmigd1, Tmigd3, Tmod1, Tmod2, Tmod3, Tmod4, Tmpo, Tmprss11d, Tmprss12, Tmprss2, Tmprss4, Tmprss6, Tmsb10, Tmsb15a, Tmsb15b1, Tmsb15b2, Tmsb15l, Tmsb4x, Tmtc3, Tmtc4, Tmx1, Tnc, Tnf, Tnfaip1, Tnfaip3, Tnfaip6, Tnfaip8, Tnfaip8l1, Tnfaip8l2, Tnfaip8l3, Tnfrsf10b, Tnfrsf11a, Tnfrsf11b, Tnfrsf12a, Tnfrsf13b, Tnfrsf13c, Tnfrsf14, Tnfrsf17, Tnfrsf18, Tnfrsf19, Tnfrsf1a, Tnfrsf1b, Tnfrsf21, Tnfrsf22, Tnfrsf23, Tnfrsf26, Tnfrsf4, Tnfrsf8, Tnfrsf9, Tnfsf10, Tnfsf11, Tnfsf12, Tnfsf13, Tnfsf13b, Tnfsf14, Tnfsf15, Tnfsf18, Tnfsf4, Tnfsf8, Tnfsf9, Tnik, Tnip1, Tnip2, Tnip3, Tnk1, Tnk2, Tnks, Tnks1bp1, Tnks2, Tnmd, Tnn, Tnnc1, Tnnc2, Tnni1, Tnni2, Tnni3, Tnni3k, Tnnt1, Tnnt2, Tnnt3, Tnp1, Tnp2, Tnpo2, Tnr, Tnrc6a, Tnrc6b, Tnrc6c, Tns2, Tns3, Tnxb, Tob1, Tob2, Togaram1, Togaram2, Tollip, Tom1, Tom1l1, Tom1l2, Tomm22, Tomm40, Tomm7, Tomm70a, Tomt, Top1, Top2a, Top2b, Topbp1, Topors, Tor1a, Tox, Tox2, Tox3, Tox4, Tpbg, Tpbgl, Tpbpa, Tpcn1, Tpcn2, Tpd52, Tpd52l1, Tpgs1, Tph1, Tpk1, Tpm1, Tppp, Tppp2, Tppp3, Tpr, Tpra1, Tprg1l, Tpsab1, Tpst2, Tpt1, Tpx2, Tra2a, Tra2b, Trabd2b, Tradd, Traf1, Traf2, Traf3, Traf3ip1, Traf3ip2, Traf3ip3, Traf4, Traf5, Traf6, Traf7, Trafd1, Traip, Trak1, Trak2, Trap1, Trappc12, Trappc14, Trappc2, Trappc9, Trat1, Trav7-2, Trbv12-1, Trbv12-2, Trbv13-1, Trbv13-2, Trbv13-3, Trbv14, Trbv15, Trbv16, Trbv17, Trbv19, Trbv2, Trbv20, Trbv21, Trbv23, Trbv26, Trbv29, Trbv3, Trbv30, Trbv4, Trbv5, Trdmt1, Trdn, Trem1, Trem2, Trem3, Treml1, Treml4, Trerf1, Trex1, Trf, Trh, Trhr, Trhr2, Triap1, Trib1, Trib2, Trib3, Tril, Trim11, Trim12a, Trim12c, Trim13, Trim14, Trim15, Trim17, Trim2, Trim21, Trim23, Trim24, Trim25, Trim26, Trim27, Trim28, Trim29, Trim3, Trim30a, Trim30b, Trim30c, Trim30d, Trim31, Trim32, Trim33, Trim34a, Trim34b, Trim35, Trim36, Trim37, Trim38, Trim39, Trim40, Trim41, Trim43a, Trim43b, Trim43c, Trim44, Trim45, Trim46, Trim47, Trim5, Trim50, Trim52, Trim54, Trim55, Trim56, Trim58, Trim59, Trim6, Trim60, Trim61, Trim62, Trim63, Trim65, Trim66, Trim67, Trim68, Trim71, Trim72, Trim75, Trim8, Trim9, Trio, Triobp, Trip10, Trip12, Trip13, Trip4, Trip6, Trmt10c, Trmt112, Trnau1ap, Trnp1, Tro, Trp53, Trp53bp1, Trp53bp2, Trp53cor1, Trp53i13, Trp53inp1, Trp53inp2, Trp63, Trp73, Trpa1, Trpc1, Trpc2, Trpc3, Trpc4, Trpc5, Trpc6, Trpm1, Trpm2, Trpm4, Trpm5, Trpm7, Trpm8, Trps1, Trpt1, Trpv1, Trpv2, Trpv3, Trpv4, Trpv6, Trrap, Trub1, Trub2, Tsacc, Tsc1, Tsc2, Tsc22d1, Tsc22d2, Tsc22d3, Tsc22d4, Tsfm, Tsg101, Tshb, Tshr, Tshz1, Tshz2, Tshz3, Tsix, Tsku, Tslp, Tsn, Tsnax, Tspan12, Tspan13, Tspan14, Tspan15, Tspan17, Tspan18, Tspan32, Tspan5, Tspan6, Tspan7, Tspan8, Tspan9, Tspear, Tspo, Tspoap1, Tspyl2, Tspyl5, Tssk3, Tssk4, Ttbk1, Ttbk2, Ttc21b, Ttc23, Ttc28, Ttc3, Ttc36, Ttc39b, Ttc39d, Ttc5, Ttc8, Ttf1, Tti1, Ttk, Ttl, Ttll1, Ttll12, Ttll4, Ttll6, Ttn, Ttpa, Ttr, Ttyh1, Tub, Tuba1a, Tubb2b, Tubb3, Tubb4a, Tubb5, Tubd1, Tubg1, Tug1, Tulp1, Tulp3, Tunar, Tusc2, Tut4, Tut7, Twf1, Twf2, Twist1, Twist2, Twsg1, Txk, Txlng, Txn1, Txndc12, Txndc15, Txndc17, Txnip, Txnl4b, Txnrd1, Tyk2, Tymp, Tyms, Tyro3, Tyrobp, Tyrp1, Tysnd1, U2af2, Uaca, Uap1, Uba2, Uba3, Uba5, Ubac2, Ubap2l, Ubash3a, Ubash3b, Ubb, Ubd, Ube2a, Ube2b, Ube2c, Ube2d1, Ube2e1, Ube2e2, Ube2g2, Ube2i, Ube2j1, Ube2k, Ube2l3, Ube2m, Ube2n, Ube2o, Ube2q1, Ube2s, Ube2srt, Ube2u, Ube2v1, Ube2v2, Ube2w, Ube2z, Ube3a, Ube3b, Ube4b, Ublcp1, Ubp1, Ubqln1, Ubqln2, Ubqln4, Ubr1, Ubr2, Ubr3, Ubr4, Ubr5, Ubtf, Ubtfl1, Ubxn1, Ubxn2a, Ubxn2b, Uchl1, Uchl3, Uchl5, Ucma, Ucn, Ucn2, Ucn3, Ucp1, Ucp2, Ufc1, Ufd1, Ufl1, Ufm1, Ufsp2, Ugcg, Uhmk1, Uhrf1, Uhrf2, Uimc1, Ulbp1, Ulk1, Ulk2, Ulk3, Ulk4, Umod, Umodl1, Unc119, Unc13a, Unc13b, Unc13c, Unc13d, Unc5a, Unc5b, Unc5c, Unc5cl, Unc5d, Unc93b1, Uncx, Ung, Unk, Upf1, Upf2, Upf3a, Upf3b, Upk3b, Uqcc2, Uri1, Use1, Usf1, Usf2, Usf3, Ush1c, Ush1g, Ush2a, Uso1, Usp1, Usp10, Usp12, Usp13, Usp14, Usp15, Usp16, Usp17la, Usp17lb, Usp17lc, Usp17ld, Usp17le, Usp18, Usp19, Usp2, Usp20, Usp21, Usp22, Usp25, Usp26, Usp27x, Usp28, Usp29, Usp3, Usp30, Usp32, Usp33, Usp34, Usp36, Usp37, Usp38, Usp4, Usp42, Usp44, Usp46, Usp47, Usp49, Usp5, Usp50, Usp51, Usp6nl, Usp7, Usp8, Usp9x, Ust, Utf1, Utp11, Utp15, Utp25, Utp4, Utrn, Uts2, Uts2b, Uts2r, Uty, Uvrag, Uxt, V1ra8, Vac14, Vamp1, Vamp2, Vamp3, Vamp4, Vamp7, Vamp8, Vangl2, Vapb, Vash1, Vash2, Vasn, Vasp, Vat1, Vav1, Vav2, Vav3, Vax1, Vax2, Vax2os, Vbp1, Vcam1, Vcl, Vcp, Vcpip1, Vdac1, Vdac2, Vdac3, Vdr, Vegfa, Vegfb, Vegfc, Vegfd, Veph1, Vezf1, Vgf, Vgll1, Vgll2, Vgll3, Vgll4, Vhl, Vil1, Vill, Vim, Vip, Vipr1, Vipr2, Vit, Vkorc1, Vldlr, Vmn1r40, Vmn1r41, Vmn1r42, Vmn1r43, Vmn1r44, Vmn1r45, Vmn1r46, Vmn1r47, Vmn1r48, Vmn1r49, Vmn1r50, Vmn1r51, Vmn1r52, Vmn1r53, Vmn1r54, Vmn2r1, Vmn2r116, Vmn2r26, Vmn2r81, Vmp1, Vnn1, Vpreb3, Vps11, Vps13a, Vps13c, Vps13d, Vps18, Vps25, Vps26b, Vps28, Vps33a, Vps33b, Vps35, Vps37b, Vps4a, Vps4b, Vps54, Vps72, Vrk1, Vrk2, Vrk3, Vrtn, Vsig4, Vsir, Vsnl1, Vstm2a, Vstm2l, Vstm5, Vsx1, Vsx2, Vtcn1, Vti1b, Vtn, Vwa2, Vwc2, Vwc2l, Vwf, Wac, Wapl, Wars1, Wars2, Was, Wasf1, Wasf2, Wasf3, Washc1, Washc2, Washc3, Washc4, Washc5, Wasl, Wbp1l, Wbp2, Wbp2nl, Wdfy1, Wdfy2, Wdhd1, Wdpcp, Wdr1, Wdr11, Wdr12, Wdr13, Wdr19, Wdr24, Wdr35, Wdr36, Wdr41, Wdr43, Wdr44, Wdr45, Wdr47, Wdr48, Wdr5, Wdr54, Wdr59, Wdr6, Wdr62, Wdr72, Wdr73, Wdr75, Wdr76, Wdr77, Wdr82, Wdr83, Wdr91, Wdtc1, Wee1, Wee2, Wfdc1, Wfdc6a, Wfdc6b, Wfikkn1, Wfikkn2, Wfs1, Whamm, Whrn, Wif1, Wipf1, Wipi1, Wiz, Wls, Wmp, Wnk1, Wnk2, Wnk3, Wnk4, Wnt1, Wnt10a, Wnt10b, Wnt11, Wnt16, Wnt2, Wnt2b, Wnt3, Wnt3a, Wnt4, Wnt5a, Wnt5b, Wnt6, Wnt7a, Wnt7b, Wnt8a, Wnt8b, Wnt9a, Wnt9b, Wrap53, Wrap73, Wrn, Wrnip1, Wsb1, Wsb2, Wt1, Wtap, Wtip, Wwc1, Wwc2, Wwox, Wwp1, Wwp2, Wwtr1, Xaf1, Xbp1, Xcl1, Xcr1, Xdh, Xiap, Xirp1, Xirp2, Xist, Xk, Xkr8, Xlr3b, Xlr4a, Xlr4b, Xpa, Xpc, Xpnpep1, Xpo1, Xpo4, Xpo5, Xrcc1, Xrcc2, Xrcc3, Xrcc4, Xrcc5, Xrcc6, Xrn1, Xrn2, Xylt1, Yaf2, Yap1, Ybx1, Ybx2, Ybx3, Yeats2, Yeats4, Yes1, Yipf5, Yjefn3, Yju2, Ylpm1, Yme1l1, Yod1, Ypel3, Ypel4, Yrdc, Ythdc1, Ythdc2, Ythdf1, Ythdf2, Ythdf3, Ywhab, Ywhae, Ywhag, Ywhah, Ywhaq, Ywhaq-ps3, Ywhaz, Yy1, Yy2, Zan, Zap70, Zar1, Zar1l, Zbed3, Zbed4, Zbed6, Zbp1, Zbtb1, Zbtb10, Zbtb11, Zbtb12, Zbtb14, Zbtb16, Zbtb17, Zbtb18, Zbtb2, Zbtb20, Zbtb21, Zbtb22, Zbtb24, Zbtb25, Zbtb26, Zbtb3, Zbtb32, Zbtb33, Zbtb34, Zbtb37, Zbtb38, Zbtb39, Zbtb4, Zbtb40, Zbtb41, Zbtb42, Zbtb43, Zbtb45, Zbtb46, Zbtb47, Zbtb48, Zbtb49, Zbtb5, Zbtb6, Zbtb7a, Zbtb7b, Zbtb7c, Zbtb8a, Zbtb8b, Zbtb9, Zc3h10, Zc3h12a, Zc3h12d, Zc3h13, Zc3h14, Zc3h15, Zc3h18, Zc3h3, Zc3h4, Zc3h6, Zc3h7a, Zc3h7b, Zc3h8, Zc3hav1, Zc4h2, Zcchc12, Zcchc13, Zcchc17, Zcchc24, Zcchc3, Zcchc4, Zcchc7, Zcwpw1, Zdbf2, Zdhhc1, Zdhhc11, Zdhhc12, Zdhhc15, Zdhhc16, Zdhhc17, Zdhhc18, Zdhhc19, Zdhhc2, Zdhhc21, Zdhhc25, Zdhhc3, Zdhhc4, Zdhhc5, Zdhhc6, Zdhhc7, Zdhhc8, Zdhhc9, Zeb1, Zeb2, Zer1, Zfa-ps, Zfand1, Zfand2a, Zfand2b, Zfand5, Zfand6, Zfas1, Zfat, Zfhx2, Zfhx3, Zfhx4, Zfp1, Zfp1004, Zfp1005, Zfp1006, Zfp1007, Zfp101, Zfp1010, Zfp105, Zfp106, Zfp11, Zfp110, Zfp111, Zfp112, Zfp113, Zfp119a, Zfp119b, Zfp12, Zfp120, Zfp125, Zfp128, Zfp13, Zfp131, Zfp14, Zfp141, Zfp142, Zfp143, Zfp146, Zfp148, Zfp157, Zfp160, Zfp169, Zfp174, Zfp175, Zfp180, Zfp182, Zfp184, Zfp189, Zfp2, Zfp202, Zfp207, Zfp212, Zfp213, Zfp217, Zfp219, Zfp229, Zfp236, Zfp239, Zfp24, Zfp248, Zfp251, Zfp26, Zfp260, Zfp263, Zfp266, Zfp267, Zfp268, Zfp27, Zfp273, Zfp275, Zfp276, Zfp277, Zfp28, Zfp280b, Zfp280c, Zfp280d, Zfp281, Zfp286, Zfp287, Zfp292, Zfp296, Zfp3, Zfp30, Zfp316, Zfp317, Zfp318, Zfp319, Zfp322a, Zfp324, Zfp326, Zfp329, Zfp334, Zfp335, Zfp341, Zfp345, Zfp346, Zfp35, Zfp352, Zfp354a, Zfp354b, Zfp354c, Zfp358, Zfp36, Zfp362, Zfp365, Zfp366, Zfp367, Zfp369, Zfp36l1, Zfp36l2, Zfp36l3, Zfp37, Zfp382, Zfp383, Zfp384, Zfp385a, Zfp385b, Zfp386, Zfp39, Zfp395, Zfp397, Zfp398, Zfp40, Zfp407, Zfp408, Zfp41, Zfp410, Zfp418, Zfp42, Zfp420, Zfp422, Zfp423, Zfp426, Zfp429, Zfp433, Zfp438, Zfp442, Zfp444, Zfp445, Zfp446, Zfp449, Zfp451, Zfp454, Zfp455, Zfp456, Zfp457, Zfp458, Zfp459, Zfp46, Zfp462, Zfp467, Zfp469, Zfp472, Zfp473, Zfp488, Zfp493, Zfp503, Zfp507, Zfp51, Zfp512b, Zfp513, Zfp516, Zfp518a, Zfp518b, Zfp52, Zfp521, Zfp523, Zfp524, Zfp53, Zfp534, Zfp536, Zfp54, Zfp541, Zfp551, Zfp553, Zfp558, Zfp560, Zfp563, Zfp566, Zfp568, Zfp57, Zfp574, Zfp575, Zfp579, Zfp58, Zfp580, Zfp582, Zfp583, Zfp59, Zfp592, Zfp593, Zfp595, Zfp597, Zfp598, Zfp599, Zfp60, Zfp600, Zfp605, Zfp606, Zfp607a, Zfp607b, Zfp608, Zfp609, Zfp612, Zfp616, Zfp617, Zfp619, Zfp62, Zfp622, Zfp623, Zfp626, Zfp628, Zfp629, Zfp637, Zfp638, Zfp639, Zfp64, Zfp640, Zfp641, Zfp644, Zfp646, Zfp647, Zfp648, Zfp65, Zfp652, Zfp653, Zfp654, Zfp655, Zfp658, Zfp661, Zfp663, Zfp664, Zfp667, Zfp668, Zfp672, Zfp677, Zfp68, Zfp683, Zfp689, Zfp69, Zfp691, Zfp692, Zfp696, Zfp697, Zfp7, Zfp703, Zfp704, Zfp706, Zfp707, Zfp708, Zfp709, Zfp710, Zfp711, Zfp712, Zfp715, Zfp719, Zfp72, Zfp729a, Zfp729b, Zfp735, Zfp738, Zfp74, Zfp740, Zfp746, Zfp747, Zfp747l1, Zfp748, Zfp750, Zfp758, Zfp759, Zfp760, Zfp763, Zfp764, Zfp764l1, Zfp768, Zfp770, Zfp771, Zfp772, Zfp773, Zfp775, Zfp777, Zfp78, Zfp780b, Zfp784, Zfp786, Zfp787, Zfp788, Zfp790, Zfp791, Zfp799, Zfp804a, Zfp808, Zfp809, Zfp81, Zfp810, Zfp811, Zfp819, Zfp82, Zfp820, Zfp821, Zfp825, Zfp827, Zfp830, Zfp84, Zfp846, Zfp85, Zfp850, Zfp853, Zfp865, Zfp866, Zfp867, Zfp868, Zfp869, Zfp87, Zfp870, Zfp871, Zfp872, Zfp873, Zfp874a, Zfp874b, Zfp879, Zfp882, Zfp9, Zfp90, Zfp91, Zfp92, Zfp93, Zfp930, Zfp931, Zfp932, Zfp933, Zfp934, Zfp935, Zfp936, Zfp937, Zfp938, Zfp940, Zfp941, Zfp942, Zfp943, Zfp944, Zfp945, Zfp946, Zfp947, Zfp948, Zfp949, Zfp950, Zfp951, Zfp952, Zfp954, Zfp955a, Zfp955b, Zfp956, Zfp958, Zfp959, Zfp960, Zfp961, Zfp963, Zfp964, Zfp966, Zfp97, Zfp970, Zfp971, Zfp973, Zfp974, Zfp975, Zfp976, Zfp977, Zfp979, Zfp980, Zfp981, Zfp982, Zfp983, Zfp984, Zfp985, Zfp987, Zfp988, Zfp989, Zfp990, Zfp991, Zfp992, Zfp994, Zfp995, Zfp998, Zfpm1, Zfpm2, Zfta, Zfx, Zfy1, Zfy2, Zfyve19, Zfyve26, Zfyve27, Zfyve28, Zfyve9, Zglp1, Zgpat, Zhx1, Zhx2, Zhx3, Zic1, Zic2, Zic3, Zic4, Zic5, Zik1, Zim1, Zkscan1, Zkscan14, Zkscan16, Zkscan17, Zkscan2, Zkscan3, Zkscan4, Zkscan5, Zkscan6, Zkscan7, Zkscan8, Zmat3, Zmiz1, Zmiz2, Zmpste24, Zmym2, Zmym3, Zmym4, Zmym5, Zmym6, Zmynd10, Zmynd11, Zmynd15, Zmynd8, Znfx1, Znhit1, Znrf1, Znrf2, Znrf3, Znrf4, Zp1, Zp2, Zp3, Zp3r, Zpbp2, Zpr1, Zranb1, Zranb3, Zscan10, Zscan12, Zscan2, Zscan20, Zscan21, Zscan22, Zscan25, Zscan26, Zscan29, Zscan4-ps1, Zscan4-ps2, Zscan4-ps3, Zscan4b, Zscan4c, Zscan4d, Zscan4e, Zscan4f, Zscan5b, Zswim2, Zswim6, Zswim8, Zw10, Zwilch, Zwint, Zxdb, Zxdc, Zyg11b, Zyx, Zzef1, Zzz3
GO:0050794	regulation of cellular process	12388	265	180.46	5.2e-17	4.01544e-13	1700109H08Rik, 1810024B03Rik, 2010315B03Rik, 2210016L21Rik, 2410137M14Rik, 2510002D24Rik, 2610005L07Rik, 2610008E11Rik, 2610021A01Rik, 2610042L04Rik, 2700049A03Rik, 2810021J22Rik, 2810408A11Rik, 3425401B19Rik, 4930402K13Rik, 4930447C04Rik, 4930453N24Rik, 4930480E11Rik, 4930503L19Rik, 4930522L14Rik, 4930544G11Rik, 4930550C14Rik, 4931414P19Rik, 5730507C01Rik, 6030468B19Rik, a, A1bg, A1cf, A430033K04Rik, A4gnt, A630001G21Rik, Aacs, Aadac, Aak1, Aamdc, Aars1, Aars2, Aatf, Abat, Abca1, Abca12, Abca13, Abca2, Abca3, Abca5, Abca7, Abcb10, Abcb11, Abcb1a, Abcb1b, Abcb4, Abcb7, Abcc1, Abcc2, Abcc4, Abcc8, Abcc9, Abcd1, Abcd2, Abce1, Abcf1, Abcg1, Abcg4, Abhd14b, Abhd17a, Abhd17b, Abhd17c, Abhd2, Abhd5, Abhd6, Abi1, Abi2, Abi3, Abi3bp, Abitram, Abl1, Abl2, Ablim1, Ablim2, Ablim3, Abr, Abra, Abracl, Abraxas1, Abraxas2, Abt1, Acaa2, Acacb, Acadl, Acadm, Acadvl, Acan, Acap1, Acap3, Acbd7, Acd, Ace, Ace2, Acer1, Acer2, Acer3, Ache, Acin1, Ackr1, Ackr2, Ackr3, Ackr4, Acmsd, Aco1, Acod1, Acot1, Acot11, Acot13, Acot8, Acp3, Acp4, Acp5, Acsl1, Acsl3, Acsl4, Acsl5, Acsl6, Acss2, Acta1, Acta2, Actb, Actc1, Actg1, Actg2, Actl6a, Actl6b, Actn1, Actn2, Actn3, Actn4, Actr2, Actr3, Actr5, Actr6, Actr8, Actrt1, Acvr1, Acvr1b, Acvr1c, Acvr2a, Acvr2b, Acvrl1, Ada, Adam10, Adam15, Adam17, Adam19, Adam2, Adam22, Adam3, Adam33, Adam7, Adam8, Adam9, Adamts1, Adamts12, Adamts16, Adamts18, Adamts20, Adamts3, Adamts5, Adamts7, Adamts9, Adamtsl2, Adamtsl4, Adar, Adarb1, Adck1, Adck2, Adcy1, Adcy10, Adcy2, Adcy3, Adcy4, Adcy5, Adcy6, Adcy7, Adcy8, Adcy9, Adcyap1, Adcyap1r1, Add1, Add2, Add3, Adgra1, Adgra2, Adgra3, Adgrb1, Adgrb2, Adgrb3, Adgrd1, Adgre1, Adgre4, Adgre5, Adgrf1, Adgrf2, Adgrf3, Adgrf4, Adgrf5, Adgrg1, Adgrg2, Adgrg3, Adgrg4, Adgrg5, Adgrg6, Adgrg7, Adgrl1, Adgrl2, Adgrl3, Adgrl4, Adgrv1, Adig, Adipoq, Adipor1, Adipor2, Adissp, Adk, Adm, Adm2, Adnp, Adnp2, Adora1, Adora2a, Adora2b, Adora3, Adprs, Adra1a, Adra1b, Adra1d, Adra2a, Adra2b, Adra2c, Adrb1, Adrb2, Adrb3, Adrm1, Adtrp, Aebp1, Aebp2, Aen, Afap1, Afap1l2, Afdn, Aff1, Aff2, Aff3, Aff4, Afg3l2, Agap2, Agbl4, Ager, Aggf1, Ago1, Ago2, Ago3, Ago4, Agpat1, Agpat2, Agr2, Agrn, Agrp, Agt, Agtpbp1, Agtr1a, Agtr1b, Agtr2, Agtrap, Agxt, Agxt2, Ahctf1, Ahcyl1, Ahdc1, Ahi1, Ahnak, Ahnak2, Ahr, Ahrr, Ahsg, AI854703, AI987944, Aicda, Aida, Aif1, Aifm1, Aifm2, Aim2, Aimp1, Aimp2, Aip, Aipl1, Aire, Airn, Ajap1, Ajuba, Ak1, Ak4, Akain1, Akap1, Akap11, Akap12, Akap13, Akap3, Akap4, Akap5, Akap6, Akap7, Akap8, Akap8l, Akap9, Akip1, Akirin1, Akirin2, Akna, Akr1a1, Akr1b1, Akr1c18, Akr1c6, Akt1, Akt1s1, Akt2, Akt3, Aktip, Alad, Alb, Aldh1a1, Aldh1a2, Aldh1a3, Aldh2, Aldh3a1, Aldoa, Aldob, Alg13, Alk, Alkal1, Alkal2, Alkbh1, Alkbh3, Alkbh4, Alkbh5, Alkbh7, Alms1, Alox12, Alox12b, Alox15, Alox5, Alox8, Aloxe3, Alpk1, Alpk2, Alpl, Als2, Alx1, Alx3, Alx4, Ambn, Ambra1, Amdhd2, Amelx, Amer1, Amer2, Amer3, Amfr, Amh, Amhr2, Amigo1, Amigo2, Amigo3, Amot, Amotl1, Amotl2, Amph, Anapc1, Anapc11, Anapc15, Anapc15-ps, Anapc2, Anapc4, Anapc5, Anapc7, Ang, Ang2, Ang3, Ang4, Ang5, Ang6, Angel2, Angpt1, Angpt2, Angpt4, Angptl1, Angptl3, Angptl4, Angptl7, Angptl8, Ank1, Ank2, Ank3, Ankdd1b, Ankfn1, Ankfy1, Ankk1, Ankle1, Ankle2, Ankra2, Ankrd1, Ankrd11, Ankrd13a, Ankrd13b, Ankrd13c, Ankrd13d, Ankrd17, Ankrd2, Ankrd23, Ankrd26, Ankrd27, Ankrd31, Ankrd42, Ankrd49, Ankrd53, Ankrd54, Ankrd6, Ankrd66, Anks1, Anks1b, Anln, Ano1, Ano6, Anp32-ps, Anp32a, Anp32b, Anp32e, Antkmt, Antxr1, Anxa1, Anxa2, Anxa3, Anxa4, Anxa5, Anxa6, Anxa7, Anxa8, Aoc3, Ap1ar, Ap1g1, Ap2a1, Ap2a2, Ap2b1, Ap2m1, Ap3b1, Ap3d1, Apaf1, Apba1, Apba2, Apba3, Apbb1, Apbb1ip, Apbb2, Apbb3, Apc, Apc2, Apcdd1, Apcs, Apela, Apex1, Aph1a, Aph1b, Aph1c, Api5, Apip, Aplf, Apln, Aplnr, Aplp1, Aplp2, Apoa1, Apoa2, Apoa4, Apoa5, Apob, Apobec1, Apobec2, Apobec3, Apoc1, Apoc2, Apoc2l, Apoc3, Apoc4, Apod, Apoe, Apoh, Apold1, Apom, App, Appl1, Appl2, Aqp1, Aqp11, Aqp4, Aqp8, Ar, Araf, Arap1, Arap2, Arap3, Arb2a, Arc, Areg, Arel1, Arf1, Arf4, Arf6, Arfgap1, Arfgef1, Arfgef2, Arfgef3, Arfip1, Arfip2, Arg1, Arg2, Arglu1, Arhgap1, Arhgap10, Arhgap11a, Arhgap12, Arhgap15, Arhgap17, Arhgap18, Arhgap19, Arhgap20, Arhgap21, Arhgap22, Arhgap23, Arhgap24, Arhgap25, Arhgap26, Arhgap27, Arhgap28, Arhgap29, Arhgap30, Arhgap31, Arhgap32, Arhgap33, Arhgap33os, Arhgap35, Arhgap36, Arhgap39, Arhgap4, Arhgap40, Arhgap42, Arhgap44, Arhgap45, Arhgap5, Arhgap6, Arhgap8, Arhgap9, Arhgdia, Arhgdib, Arhgdig, Arhgef1, Arhgef10, Arhgef10l, Arhgef11, Arhgef12, Arhgef15, Arhgef16, Arhgef18, Arhgef19, Arhgef2, Arhgef26, Arhgef28, Arhgef3, Arhgef39, Arhgef4, Arhgef5, Arhgef6, Arhgef7, Arhgef9, Arid1a, Arid1b, Arid2, Arid3a, Arid3b, Arid3c, Arid4a, Arid4b, Arid5a, Arid5b, Ark2c, Arl13b, Arl2, Arl2bp, Arl3, Arl6, Arl6ip1, Arl6ip5, Arln, Armc10, Armc12, Armc5, Armc9, Armcx3, Armh3, Armh4, Arnt, Arnt2, Arpc2, Arpc3, Arpc5, Arpc5l, Arpin, Arpp19, Arr3, Arrb1, Arrb2, Arrdc1, Arrdc3, Arrdc4, Arsb, Artn, Arv1, Arx, Asah1, Asah2, Asap1, Asap3, Asb1, Asb10, Asb11, Asb13, Asb14, Asb15, Asb16, Asb17, Asb18, Asb2, Asb3, Asb4, Asb5, Asb6, Asb7, Asb8, Asb9, Ascc1, Ascc2, Ascl1, Ascl2, Ascl3, Ascl4, Ascl5, Ash1l, Ash2l, Asic1, Asic2, Asl, Asns, Aspa, Asph, Aspm, Aspn, Aspscr1, Ass1, Astl, Astn2, Asxl1, Asxl2, Asxl3, Asz1, Atad1, Atad2, Atad2b, Atad3a, Atad5, Atat1, Atcay, Atf1, Atf1-ps, Atf2, Atf3, Atf4, Atf5, Atf6, Atf6b, Atf7, Atf7ip, Atf7ip2, Atg10, Atg101, Atg12, Atg13, Atg14, Atg16l1, Atg2a, Atg3, Atg4b, Atg5, Atg7, Atg9a, Atl3, Atm, Atmin, Atn1, Atoh1, Atoh7, Atoh8, Atox1, Atp10a, Atp11a, Atp11c, Atp13a2, Atp1a1, Atp1a2, Atp1a3, Atp1b1, Atp1b2, Atp1b3, Atp1b4, Atp2a1, Atp2a2, Atp2a3, Atp2b1, Atp2b2, Atp2b4, Atp2c1, Atp4a, Atp4b, Atp5f1a, Atp5f1b, Atp5if1, Atp5pf, Atp6ap2, Atp6v0a1, Atp6v0c, Atp6v1b1, Atp6v1c2, Atp7a, Atp8a1, Atp8a2, Atp8b1, Atp9a, Atpsckmt, Atr, Atraid, Atrip, Atrnl1, Atrx, Atxn1, Atxn10, Atxn1l, Atxn2, Atxn3, Atxn7, Atxn7l3, Atxn7l3b, AU041133, Aunip, Aurka, Aurkaip1, Aurkb, Aurkc, Auts2, Aven, Avil, Avp, Avpi1, Avpr1a, Avpr1b, Avpr2, AW146154, Axin1, Axin2, Axl, AY036118, AY074887, Aym1, Azgp1, Azi2, Azin1, Azin2, B020011L13Rik, B2m, B3gat3, B3gntl1, B4galnt2, B4galt1, B4galt7, B9d1, Babam1, Babam2, Bace1, Bace2, Bach1, Bach2, Bad, Bag1, Bag2, Bag3, Bag4, Bag5, Bag6, Bahd1, Baiap2, Baiap2l1, Baiap2l2, Baiap3, Bak1, Bambi, Banf1, Bank1, Banp, Bap1, Bard1, Barhl1, Barhl2, Barx1, Barx2, Basp1, Batf, Batf2, Batf3, Bax, Baz1a, Baz1b, Baz2a, Bbc3, Bbip1, Bbln, Bbof1, Bbs1, Bbs10, Bbs12, Bbs2, Bbs4, Bbs7, Bbx, BC004004, BC005624, BC024063, BC028528, BC034090, Bc1, Bcap31, Bcar1, Bcar3, Bcas3, Bccip, Bcdin3d, Bche, Bckdk, Bcl10, Bcl11a, Bcl11b, Bcl2, Bcl2a1a, Bcl2a1b, Bcl2a1c, Bcl2a1d, Bcl2l1, Bcl2l10, Bcl2l11, Bcl2l12, Bcl2l13, Bcl2l14, Bcl2l15, Bcl2l2, Bcl3, Bcl6, Bcl6b, Bcl7a, Bcl7b, Bcl7c, Bcl9, Bcl9l, Bclaf1, Bclaf3, Bco2, Bcor, Bcorl1, Bcr, Bdkrb1, Bdkrb2, Bdnf, Bdp1, Becn1, Becn2, Begain, Bend3, Bend5, Bend6, Best1, Bet1l, Bex1, Bex2, Bex3, Bex4, Bex6, Bfar, Bglap, Bglap2, Bglap3, Bhlha15, Bhlha9, Bhlhb9, Bhlhe22, Bhlhe23, Bhlhe40, Bhlhe41, Bicc1, Bicd1, Bicd2, Bicra, Bicral, Bid, Bik, Bin1, Bin3, Birc2, Birc3, Birc5, Birc6, Birc7, Blk, Blm, Blnk, Bloc1s2, Bloc1s3, Bloc1s5, Bloc1s6, Bltp1, Blvrb, Bmal1, Bmal2, Bmerb1, Bmf, Bmi1, Bmncr, Bmp1, Bmp10, Bmp15, Bmp2, Bmp2k, Bmp3, Bmp4, Bmp5, Bmp6, Bmp7, Bmp8a, Bmp8b, Bmper, Bmpr1a, Bmpr1b, Bmpr2, Bmx, Bmyc, Bnc1, Bnc2, Bnip1, Bnip2, Bnip3, Bnip3l, Bnip3l-ps, Bnipl, Boc, Bok, Boll, Bop1, Bora, Borcs5, Bpi, Bpifa1, Bpifa5, Bpifb1, Bptf, Braf, Brap, Brat1, Brca1, Brca2, Brcc3, Brcc3dc, Brd1, Brd2, Brd3, Brd4, Brd7, Brd8, Brd9, Brdt, Brf1, Brf2, Bricd5, Brinp1, Brinp2, Brinp3, Brip1, Brk1, Brms1, Brms1l, Brpf1, Brpf3, Brs3, Brsk1, Brsk2, Brwd1, Brwd3, Bscl2, Bsg, Bsn, Bst1, Bst2, Bsx, Btaf1, Btbd10, Btbd18, Btbd9, Btc, Btf3, Btg1, Btg2, Btg3, Btg4, Btk, Btla, Btn1a1, Btn2a2, Btnl1, Btnl10, Btnl12, Btnl2, Btnl4, Btnl6, Btnl9, Btrc, Bub1, Bub1b, Bub3, Bud23, Bud31, Bzw1, Bzw2, C1d, C1qbp, C1qc, C1ql1, C1ql2, C1ql3, C1ql4, C1qtnf1, C1qtnf12, C1qtnf2, C1qtnf3, C1qtnf4, C1qtnf9, C2, C2cd2l, C2cd3, C2cd4a, C2cd4b, C2cd5, C3, C3ar1, C4bp, C5ar1, C5ar2, C6, C9orf72, Caap1, Cab39, Cab39l, Cabin1, Cables1, Cables2, Cabp1, Cabp4, Cabyr, Cacna1a, Cacna1b, Cacna1c, Cacna1d, Cacna1e, Cacna1f, Cacna1g, Cacna1h, Cacna1i, Cacna1s, Cacna2d1, Cacna2d2, Cacna2d3, Cacnb1, Cacnb2, Cacnb3, Cacnb4, Cacng1, Cacng2, Cacng3, Cacng4, Cacng5, Cacng6, Cacng7, Cacng8, Cactin, Cacul1, Cacybp, Cadm1, Cadm4, Cadps, Cadps2, Calb1, Calb2, Calca, Calcb, Calcoco1, Calcoco2, Calcr, Calcrl, Calhm1, Calhm2, Calhm6, Calm1, Calm2, Calm3, Calr, Caly, Camk1, Camk1d, Camk1g, Camk2a, Camk2b, Camk2d, Camk2g, Camk2n1, Camk4, Camkk1, Camkk2, Camkv, Caml, Camp, Camsap1, Camsap2, Camsap3, Camta1, Camta2, Cand1, Cap1, Cap2, Capg, Capn1, Capn10, Capn2, Capn3, Capn6, Capn7, Caprin1, Caprin2, Capza1, Capza1b, Capza2, Capza3, Capzb, Car2, Car7, Car8, Card10, Card11, Card14, Card6, Card9, Carf, Carhsp1, Carlr, Carm1, Carmil1, Carmil2, Carmil3, Carmn, Cartpt, Casc3, Cask, Caskin1, Casp1, Casp12, Casp14, Casp2, Casp3, Casp4, Casp6, Casp7, Casp8, Casp8ap2, Casp9, Casq1, Casq2, Casr, Cass4, Cast, Castor1, Castor2, Casz1, Cat, Catsper1, Cav1, Cav2, Cav3, Cavin1, Cavin2, Cavin3, Cavin4, Cbarp, Cbfa2t2, Cbfa2t3, Cbfb, Cbl, Cblb, Cblc, Cbll1, Cbln1, Cbln2, Cbln4, Cbr1, Cbr1b, Cbs, Cbx1, Cbx2, Cbx3, Cbx4, Cbx5, Cbx6, Cbx7, Cbx8, Cby1, Cc2d1a, Cc2d1b, Cc2d2a, Ccar1, Ccar2, Ccbe1, Ccdc117, Ccdc125, Ccdc159, Ccdc22, Ccdc25, Ccdc3, Ccdc32, Ccdc39, Ccdc40, Ccdc47, Ccdc57, Ccdc62, Ccdc65, Ccdc66, Ccdc8, Ccdc80, Ccdc85b, Ccdc85c, Ccdc88a, Ccdc88b, Ccdc88c, Cck, Cckar, Cckbr, Ccl1, Ccl11, Ccl12, Ccl17, Ccl19, Ccl19-ps1, Ccl19-ps3, Ccl19-ps4, Ccl19-ps5, Ccl19-ps6, Ccl2, Ccl20, Ccl21a, Ccl21b, Ccl21d, Ccl21e, Ccl21f, Ccl22, Ccl24, Ccl25, Ccl26, Ccl27a, Ccl28, Ccl3, Ccl4, Ccl5, Ccl6, Ccl7, Ccl8, Ccl9, Ccm2l, Ccn1, Ccn2, Ccn3, Ccn4, Ccn5, Ccn6, Ccna2, Ccnb1, Ccnb1-ps, Ccnc, Ccnd1, Ccnd2, Ccnd3, Ccne1, Ccne2, Ccnf, Ccng1, Ccng2, Ccnh, Ccni, Ccnk, Ccnl1, Ccnl2, Ccnq, Ccnt1, Ccnt2, Ccny, Ccnyl1, Ccp110, Ccpg1, Ccr1, Ccr10, Ccr1l1, Ccr2, Ccr3, Ccr4, Ccr5, Ccr6, Ccr7, Ccr8, Ccr9, Ccrl2, Ccsap, Cct2, Cct3, Cct4, Cct5, Cct6a, Cct7, Cct8, Cd101, Cd109, Cd14, Cd151, Cd160, Cd177, Cd180, Cd19, Cd1d1, Cd1d2, Cd2, Cd200, Cd200r1, Cd209a, Cd209b, Cd209c, Cd209d, Cd209e, Cd22, Cd226, Cd244a, Cd247, Cd248, Cd24a, Cd27, Cd274, Cd276, Cd28, Cd2ap, Cd300a, Cd300c, Cd300c2, Cd300e, Cd300lb, Cd300ld, Cd300ld2, Cd300ld3, Cd300ld4, Cd300lf, Cd300lg, Cd320, Cd34, Cd36, Cd37, Cd38, Cd3d, Cd3e, Cd3g, Cd4, Cd40, Cd40lg, Cd44, Cd46, Cd47, Cd48, Cd5, Cd53, Cd55, Cd55b, Cd59a, Cd59b, Cd5l, Cd6, Cd63, Cd69, Cd70, Cd74, Cd79a, Cd79b, Cd80, Cd81, Cd83, Cd84, Cd86, Cd8a, Cd8b1, Cd9, Cd96, Cd99, Cd99l2, Cda, Cdc14a, Cdc14b, Cdc16, Cdc20, Cdc20b, Cdc23, Cdc25a, Cdc25b, Cdc25c, Cdc26, Cdc27, Cdc34, Cdc34b, Cdc37, Cdc42, Cdc42bpa, Cdc42ep1, Cdc42ep2, Cdc42ep3, Cdc42ep4, Cdc42ep5, Cdc42se1, Cdc42se2, Cdc5l, Cdc5lrt1, Cdc5lrt10, Cdc5lrt4, Cdc5lrt5, Cdc5lrt6, Cdc5lrt7, Cdc5lrt8, Cdc5lrt9, Cdc6, Cdc7, Cdc73, Cdca2, Cdca5, Cdca7, Cdca7l, Cdca8, Cdh1, Cdh11, Cdh13, Cdh17, Cdh2, Cdh3, Cdh4, Cdh5, Cdh6, Cdh8, Cdhr2, Cdhr5, Cdip1, Cdk1, Cdk10, Cdk11b, Cdk12, Cdk13, Cdk14, Cdk15, Cdk16, Cdk17, Cdk18, Cdk19, Cdk2, Cdk20, Cdk2ap1, Cdk2ap1rt, Cdk2ap2, Cdk3, Cdk4, Cdk5, Cdk5r1, Cdk5r2, Cdk5rap1, Cdk5rap2, Cdk5rap3, Cdk6, Cdk7, Cdk8, Cdk9, Cdkl1, Cdkl2, Cdkl3, Cdkl4, Cdkl5, Cdkn1a, Cdkn1b, Cdkn1c, Cdkn2a, Cdkn2aip, Cdkn2b, Cdkn2c, Cdkn2d, Cdkn3, Cdnf, Cdon, Cds1, Cds2, Cdsn, Cdt1, Cdx1, Cdx2, Cdx4, Cdyl, Ceacam1, Ceacam10, Ceacam2, Ceacam20, Cebpa, Cebpb, Cebpd, Cebpe, Cebpg, Cebpz, Cela1, Cela2a, Celf1, Celf2, Celf3, Celf4, Celf5, Celf6, Celrr, Celsr1, Celsr2, Celsr3, Cemip, Cenatac, Cend1, Cenpe, Cenpf, Cenpk, Cenpq, Cenpv, Cep120, Cep128, Cep131, Cep135, Cep192, Cep250, Cep290, Cep295, Cep295nl, Cep43, Cep55, Cep57, Cep63, Cep70, Cep72, Cep76, Cep78, Cep85, Cep97, Cer1, Cerkl, Cers1, Cers2, Cers6, Cert1, Ces1a, Ces1b, Ces1c, Ces1d, Ces1e, Ces1f, Ces1g, Ces1h, Cetn2, Cfap20, Cfap206, Cfap298, Cfap410, Cfap43, Cfap45, Cfap58, Cfap69, Cfc1, Cfd, Cfdp1, Cfh, Cfl1, Cfl2, Cflar, Cfp, Cftr, Cga, Cgas, Cggbp1, Cgnl1, Cgref1, Cgrrf1, Ch25h, Chac1, Chadl, Chaer1, Chaserr, Chat, Chchd10, Chchd2, Chchd2-ps, Chchd4, Chd3, Chd4, Chd5, Chd6, Chd7, Chd8, Chek1, Chek2, Cherp, Chfr, Chga, Chi3l1, Chia1, Chid1, Chil3, Chil4, Chil5, Chil6, Chl1, Chlsn, Chm, Chml, Chmp1a, Chmp1b, Chmp1b2, Chmp2a, Chmp2b, Chmp3, Chmp4b, Chmp4c, Chmp5, Chmp6, Chmp7, Chn1, Chn2, Chodl, Chordc1, Chp1, Chp2, Chrac1, Chrd, Chrdl1, Chrdl2, Chrm1, Chrm2, Chrm3, Chrm4, Chrm5, Chrna1, Chrna10, Chrna2, Chrna3, Chrna4, Chrna5, Chrna6, Chrna7, Chrna9, Chrnb1, Chrnb2, Chrnb3, Chrnb4, Chrnd, Chrne, Chrng, Chst11, Chst2, Chst4, Chsy1, Chtf18, Chtf8, Chuk, Churc1, Ciao1, Ciao3, Ciapin1, Ciart, Cib1, Cibar1, Cic, Cidea, Cideb, Cidec, Ciita, Cilk1, Cilp, Cimap3, Cip2a, Cipc, Cir1, Cirbp, Cisd1, Cisd2, Cish, Cit, Cited1, Cited2, Cited4, Ciz1, Ckap2, Ckap5, Cklf, Ckmt1, Cks1b, Cks1brt, Cks2, Clasp1, Clasp2, Clca3a2, Clcf1, Clcn2, Clcn3, Cldn1, Cldn13, Cldn18, Cldn19, Cldn3, Cldn4, Cldn5, Cldn7, Clec11a, Clec12a, Clec12b, Clec14a, Clec16a, Clec1a, Clec1b, Clec2d, Clec2g, Clec2i, Clec3b, Clec4a2, Clec4a3, Clec4a4, Clec4b1, Clec4d, Clec4e, Clec4g, Clec4n, Clec5a, Clec7a, Clec9a, Clic1, Clic4, Clip1, Clip3, Clk1, Clk2, Clk3, Clk4, Clmn, Clmp, Cln3, Cln6, Cln8, Clnk, Clns1a, Clock, Clp1, Clpb, Clptm1, Clrn1, Clspn, Clstn1, Clstn2, Clstn3, Cltc, Cltrn, Clu, Cluap1, Clxn, Clybl, Cmah, Cmklr1, Cmklr2, Cmtm2a, Cmtm2b, Cmtm3, Cmtm5, Cmtm7, Cmtm8, Cmya5, Cnbp, Cndp1, Cnep1r1, Cngb1, Cnih2, Cnih3, Cnksr1, Cnksr2, Cnksr3, Cnmd, Cnn1, Cnn2, Cnot1, Cnot10, Cnot11, Cnot2, Cnot3, Cnot4, Cnot6, Cnot6l, Cnot7, Cnot8, Cnot9, Cnpy2, Cnpy4, Cnr1, Cnr2, Cnrip1, Cnst, Cntd1, Cntf, Cntfr, Cntln, Cntn1, Cntn2, Cntn4, Cntn6, Cntnap1, Cntnap2, Cntnap4, Cntrob, Coa3, Coa8, Cobl, Col14a1, Col16a1, Col18a1, Col1a1, Col1a2, Col26a1, Col2a1, Col3a1, Col4a1, Col4a2, Col4a3, Col4a5, Col4a6, Col5a1, Col5a2, Col6a1, Col6a2, Col6a3, Col8a1, Colec10, Colec11, Colec12, Colgalt1, Colq, Commd1, Commd4, Commd5, Commd6, Commd7, Commd8, Comp, Comt, Cop1, Copa, Cops2, Cops5, Cops8, Cops9, Coq7, Coro1a, Coro1b, Coro1c, Coro2b, Coro7, Cort, Cotl1, Cox11, Cox17, Cox7a1, Cox7a2, Cox7a2l, Cpap, Cpb2, Cpe, Cpeb1, Cpeb2, Cpeb3, Cpeb4, Cphx1, Cplane2, Cplx1, Cplx2, Cplx3, Cplx4, Cpne1, Cpne3, Cpne5, Cpne6, Cpne9, Cpped1, Cpsf3, Cpsf6, Cpt1a, Cpt2, Cptp, Cpz, Cr1l, Cr2, Crabp2, Cracd, Cracr2a, Cradd, Crb2, Crb3, Crbn, Crcp, Creb1, Creb3, Creb3l1, Creb3l2, Creb3l3, Creb3l4, Creb5, Crebbp, Crebl2, Crebrf, Crebzf, Creg1, Crem, Crh, Crhbp, Crhr1, Crhr2, Crim1, Crip1, Crip2, Cript, Cripto, Crk, Crkl, Crlf1, Crlf2, Crlf3, Crmp1, Crnde, Crnn, Crocc, Crp, Crtac1, Crtam, Crtap, Crtc1, Crtc2, Crtc3, Crx, Crxos, Cry1, Cry2, Cryaa, Cryab, Cryba1, Crym, Csdc2, Csde1, Csf1, Csf1r, Csf2, Csf2ra, Csf2rb, Csf2rb2, Csf3, Csf3r, Csk, Csmd3, Csnk1a1, Csnk1d, Csnk1e, Csnk1g1, Csnk1g2, Csnk1g3, Csnk2a1, Csnk2a2, Csnk2b, Cspg4, Cspg5, Cspp1, Csrnp1, Csrnp2, Csrnp3, Csrp3, Cst11, Cst3, Cst7, Csta1, Csta2, Csta3, Cstb, Cstdc3, Cstdc4, Cstdc5, Cstdc6, Ctbp1, Ctbp2, Ctc1, Ctcf, Ctcfl, Ctdnep1, Ctdp1, Ctdsp1, Ctdsp2, Ctdspl, Ctdspl2, Ctf1, Ctf2, Cth, Cthrc1, Ctif, Ctla2a, Ctla4, Ctnna1, Ctnna2, Ctnna3, Ctnnal1, Ctnnb1, Ctnnbip1, Ctnnbl1, Ctnnd1, Ctnnd2, Ctns, Ctr9, Ctrb1, Cts7, Ctsa, Ctsc, Ctsd, Ctsg, Ctsh, Ctsl, Ctss, Ctsz, Cttn, Cttnbp2, Cttnbp2nl, Cuedc2, Cul1, Cul3, Cul4a, Cul4b, Cul5, Cul7, Cul9, Cux1, Cux2, Cuzd1, Cwh43, Cx3cl1, Cx3cr1, Cxadr, Cxcl1, Cxcl10, Cxcl11, Cxcl12, Cxcl13, Cxcl14, Cxcl15, Cxcl16, Cxcl17, Cxcl2, Cxcl3, Cxcl5, Cxcl9, Cxcr1, Cxcr2, Cxcr3, Cxcr4, Cxcr5, Cxcr6, Cxxc1, Cxxc4, Cxxc5, Cyb5d1, Cyb5d2, Cyba, Cybb, Cycs, Cyct, Cyfip1, Cyfip2, Cygb, Cyld, Cyp17a1, Cyp19a1, Cyp1a1, Cyp1a2, Cyp1b1, Cyp26a1, Cyp26b1, Cyp27b1, Cyp2j5, Cyp2j6, Cyp3a13, Cyp3a41a, Cyp46a1, Cyp51, Cyp7a1, Cyp7b1, Cyren, Cyria, Cyrib, Cys1, Cysltr1, Cysltr2, Cyth1, Cyth2, Cyth3, Cyth4, Cytip, Cytl1, D130043K22Rik, D1Pas1, D6Wsu163e, D7Ertd443e, Daam1, Daam2, Dab1, Dab2, Dab2ip, Dach1, Dach2, Dact1, Dact2, Dact3, Dad1, Dag1, Daglb, Dand5, Dap, Dapk1, Dapk2, Dapk3, Dapl1, Daxx, Dazap1, Dazl, Dbf4, Dbh, Dbi, Dbn1, Dbndd1, Dbndd2, Dbnl, Dbp, Dbx1, Dbx2, Dcaf1, Dcaf12, Dcaf13, Dcaf15, Dcaf5, Dcaf6, Dcbld2, Dcc, Dcdc2a, Dcdc2c, Dchs1, Dclk1, Dclk2, Dclk3, Dcn, Dcp1a, Dcp1b, Dcp2, Dcps, Dcst1, Dcstamp, Dct, Dctn1, Dcun1d1, Dcun1d2, Dcun1d3, Dcun1d4, Dcun1d5, Dcx, Dcxr, Dda1, Ddah1, Ddb1, Ddhd1, Ddhd2, Ddias, Ddit3, Ddit4, Ddit4l, Ddn, Ddo, Ddr1, Ddr2, Ddrgk1, Ddx1, Ddx11, Ddx17, Ddx19a, Ddx20, Ddx21, Ddx25, Ddx39b, Ddx3x, Ddx3y, Ddx4, Ddx41, Ddx42, Ddx47, Ddx49, Ddx5, Ddx54, Ddx56, Ddx6, Ddx60, Deaf1, Decr1, Dedd, Dedd2, Def8, Defb1, Defb21, Defb25, Defb37, Degs1, Dek, Dele1, Dennd10, Dennd1a, Dennd1b, Dennd2b, Dennd3, Dennd4a, Dennd4b, Dennd4c, Dennd5a, Dennd6a, Depdc1a, Depdc1b, Depdc5, Depdc7, Depp1, Deptor, Derl1, Derl2, Derl3, Desi1, Det1, Dffa, Dffb, Dgat1, Dgat2, Dgcr8, Dgka, Dgkb, Dgkd, Dgke, Dgkg, Dgkh, Dgki, Dgkk, Dgkq, Dgkz, Dguok, Dhcr24, Dhcr7, Dhfr, Dhh, Dhodh, Dhps, Dhrs2, Dhrs3, Dhrs7b, Dhrs7c, Dhrsx, Dhx15, Dhx29, Dhx33, Dhx34, Dhx36, Dhx58, Dhx9, Diablo, Diaph1, Diaph2, Diaph3, Dicer1, Dido1, Dimt1, Dio2, Dip2a, Dip2b, Dipk2a, Diras1, Diras2, Dis3, Dis3l, Dis3l2, Disc1, Disp1, Disp2, Disp3, Dixdc1, Dkc1, Dkk1, Dkk2, Dkk3, Dkk4, Dkkl1, Dlc1, Dlec1, Dleu2, Dlg1, Dlg4, Dlg5, Dlgap1, Dlgap2, Dlgap3, Dlgap4, Dlgap5, Dlk1, Dlk2, Dll1, Dll3, Dll4, Dlx1, Dlx2, Dlx3, Dlx4, Dlx5, Dlx6, Dlx6os1, Dmap1, Dmbt1, Dmbx1, Dmd, Dmp1, Dmpk, Dmrt1, Dmrt1i, Dmrt2, Dmrt3, Dmrta1, Dmrta2, Dmrtb1, Dmrtc2, Dmtf1, Dmtf1l, Dmtn, Dna2, Dnaaf1, Dnaaf4, Dnah11, Dnai1, Dnai3, Dnaja1, Dnaja3, Dnaja4, Dnajb1, Dnajb11, Dnajb2, Dnajb4, Dnajb5, Dnajb6, Dnajb8, Dnajb9, Dnajc1, Dnajc10, Dnajc13, Dnajc15, Dnajc17, Dnajc19, Dnajc2, Dnajc27, Dnajc3, Dnajc30, Dnajc5, Dnajc6, Dnase1, Dnase1l3, Dnd1, Dner, Dnm1, Dnm1l, Dnm2, Dnm3, Dnmbp, Dnmt1, Dnmt3a, Dnmt3b, Dnmt3l, Dnph1, Doc2a, Doc2b, Doc2g, Dock1, Dock10, Dock11, Dock2, Dock3, Dock4, Dock5, Dock6, Dock7, Dock8, Dock9, Dok1, Dok2, Dok3, Dok4, Dok5, Dok6, Dok7, Donson, Dot1l, Dpep1, Dpf1, Dpf2, Dpf3, Dph3, Dpp10, Dpp4, Dpp6, Dpp8, Dpp9, Dppa1, Dppa2, Dppa3, Dppa5a, Dppa5b, Dpt, Dpy30, Dpysl2, Dpysl3, Dpysl5, Dr1, Dram1, Dram2, Drap1, Draxin, Drc1, Drd1, Drd2, Drd3, Drd4, Drd5, Drg1, Drgx, Drosha, Dsc1, Dsc2, Dscam, Dscaml1, Dscc1, Dsg2, Dsg3, Dsg4, Dsp, Dspp, Dstn, Dstyk, Dtl, Dtnbp1, Dtx1, Dtx2, Dtx3, Dtx3l, Dtx4, Dubr, Duox1, Duox2, Duoxa1, Duoxa2, Dus3l, Dusp1, Dusp10, Dusp12, Dusp13a, Dusp13b, Dusp14, Dusp15, Dusp16, Dusp18, Dusp19, Dusp2, Dusp21, Dusp22, Dusp23, Dusp26, Dusp28, Dusp29, Dusp3, Dusp4, Dusp5, Dusp6, Dusp7, Dusp8, Dusp9, Dut, Duxbl1, Duxf3, Duxf4, Dvl1, Dvl2, Dvl3, Dxo, Dynap, Dynapl1, Dync1h1, Dync1i2, Dync1li1, Dync2h1, Dync2li1, Dynll1, Dynlt1a, Dynlt1b, Dynlt1c, Dynlt1f, Dynlt2b, Dynlt3, Dyrk1a, Dyrk1b, Dyrk2, Dyrk3, Dysf, Dzip1, Dzip1l, E130311K13Rik, E230001N04Rik, E2f1, E2f2, E2f3, E2f4, E2f5, E2f6, E2f7, E2f8, E330034G19Rik, E4f1, Eaf1, Eaf2, Eapp, Ebf1, Ebf2, Ebf3, Ebf4, Ebi3, Ecd, Ece1, Ecel1, Echdc3, Ecm1, Ecm2, Ecrg4, Ecscr, Ecsit, Ect2, Eda, Eda2r, Edar, Edaradd, Edc3, Edc4, Edem1, Edem2, Edem3, Edf1, Edil3, Edn1, Edn2, Edn3, Ednra, Ednrb, Edrf1, Eea1, Eed, Eef1a2, Eef1d, Eef1e1, Eef2, Eef2k, Eefsec, Eeig1, Efcab7, Efemp1, Efemp2, Efhb, Efhc1, Efhc2, Efhd1, Efna1, Efna2, Efna3, Efna4, Efna5, Efnb1, Efnb2, Efnb3, Efs, Egf, Egfl6, Egfl7, Egflam, Egfr, Egln1, Egln2, Egln3, Egr1, Egr2, Egr3, Egr4, Ehd1, Ehd2, Ehd3, Ehd4, Ehf, Ehmt1, Ehmt2, Ei24, Eid1, Eid2, Eid2b, Eif1, Eif2a, Eif2ak1, Eif2ak2, Eif2ak3, Eif2ak4, Eif2b1, Eif2b2, Eif2b3, Eif2b4, Eif2b5, Eif2s1, Eif3a, Eif3b, Eif3d, Eif3e, Eif3h, Eif3k, Eif4a1, Eif4a3, Eif4a3l1, Eif4a3l2, Eif4e, Eif4e2, Eif4e3, Eif4ebp1, Eif4ebp2, Eif4ebp3, Eif4enif1, Eif4g1, Eif4g2, Eif4g3, Eif5, Eif5a, Eif5a2, Eif5b, Eif6, Eipr1, Elane, Elapor1, Elapor2, Elavl1, Elavl2, Elavl4, Eldr, Elf1, Elf2, Elf3, Elf4, Elf5, Elk1, Elk3, Elk4, Ell, Ell2, Ell3, Elmo1, Eln, Eloa, Elob, Eloc, Elovl3, Elovl5, Elovl6, Elp2, Elp3, Elp4, Elp5, Elp6, Emc10, Emcn, Emd, Eme1, Eme2, Emilin1, Emilin2, Eml2, Eml3, Eml4, Emp2, Emsy, Emx1, Emx2, En1, En2, Enc1, Endog, Endou, Eng, Enho, Eno1, Eno1b, Enpp1, Enpp2, Enpp3, Enpp7, Ensa, Entpd1, Entpd2, Entr1, Entrep1, Eny2, Eomes, Ep300, Ep400, Epas1, Epb41, Epb41l1, Epb41l2, Epb41l4b, Epb41l5, Epc1, Epc2, Epcam, Epg5, Epgn, Epha1, Epha10, Epha2, Epha3, Epha4, Epha5, Epha6, Epha7, Epha8, Ephb1, Ephb2, Ephb3, Ephb4, Ephb6, Ephx2, Epm2a, Epm2aip1, Epn1, Epn2, Epo, Epop, Epor, Eppin, Eppk1, Eprs1, Eps15, Eps8, Eps8l1, Eps8l2, Eps8l3, Epx, Eras, Erbb2, Erbb3, Erbb4, Erbin, Erc1, Erc2, Ercc1, Ercc2, Ercc3, Ercc4, Ercc5, Ercc6, Ercc8, Erdr1x, Ereg, Erf, Erfe, Erfl, Erg, Ergic3, Eri1, Erlec1, Erlin1, Erlin2, Erln, Ermap, Ermn, Ermp1, Ern1, Ern2, Ero1a, Erp29, Errfi1, Esam, Esco1, Esco2, Esm1, Esp1, Esp22, Esp6, Espn, Esr1, Esr2, Esrp1, Esrp2, Esrra, Esrrb, Esrrg, Esx1, Etaa1, Etf1, Etfbkmt, Ets1, Ets2, Etv1, Etv2, Etv3, Etv3l, Etv4, Etv5, Etv6, Eva1a, Evc, Evc2, Evi2, Evi2b, Evi5l, Evl, Evpl, Evx1, Evx2, Ewsr1, Exd1, Exoc2, Exoc4, Exoc7, Exosc10, Exosc2, Exosc3, Exosc4, Exosc5, Exosc6, Exosc7, Exosc8, Exosc9, Exph5, Ext1, Extl3, Eya1, Eya2, Eya3, Eya4, Ezh1, Ezh2, Ezhip, Ezr, F10, F11r, F12, F2, F2r, F2rl1, F2rl2, F2rl3, F3, F7, F8a, Fa2h, Faah, Fabp1, Fabp3, Fabp4, Fabp5, Fadd, Fads2, Faf1, Faim, Faim2, Faiml, Fam107a, Fam110c, Fam114a1, Fam120b, Fam13b, Fam161a, Fam162a, Fam168a, Fam170a, Fam20a, Fam20c, Fam210b, Fam220a, Fam3b, Fam3c, Fam3d, Fam47c, Fam47e, Fam50a, Fam53b, Fam72a, Fam76b, Fam83a, Fam83b, Fam83c, Fam83d, Fam83e, Fam83f, Fam83g, Fam83h, Fam89b, Fam98a, Fam98b, Fanca, Fancb, Fancd2, Fanci, Fancl, Fancm, Fank1, Fap, Farp1, Farp2, Fas, Fasl, Fastk, Fastkd1, Fastkd2, Fastkd3, Fastkd5, Fat1, Fat3, Fat4, Fate1, Faxdc2, Fbh1, Fblim1, Fbln1, Fbln2, Fbln5, Fbn1, Fbn2, Fbp1, Fbrs, Fbxl15, Fbxl17, Fbxl19, Fbxl2, Fbxl20, Fbxl5, Fbxo10, Fbxo11, Fbxo2, Fbxo21, Fbxo22, Fbxo24, Fbxo31, Fbxo32, Fbxo33, Fbxo38, Fbxo4, Fbxo43, Fbxo45, Fbxo5, Fbxo7, Fbxo8, Fbxo9, Fbxw11, Fbxw4, Fbxw5, Fbxw7, Fbxw7as1, Fbxw8, Fcamr, Fcer1a, Fcer1g, Fcer2a, Fcgr1, Fcgr2b, Fcgr3, Fcgr4, Fcho1, Fchsd1, Fchsd2, Fcmr, Fcna, Fcnb, Fcor, Fcrl2, Fcrl5, Fcrl6, Fcrla, Fcrlb, Fdcsp, Fdps, Fech, Fem1a, Fem1b, Fen1, Fer, Ferd3l, Fermt1, Fermt2, Fermt3, Fes, Fetub, Fev, Fez1, Fez2, Fezf1, Fezf2, Ffar1, Ffar2, Ffar3, Ffar4, Fga, Fgb, Fgd2, Fgd4, Fgf1, Fgf10, Fgf11, Fgf12, Fgf13, Fgf14, Fgf15, Fgf16, Fgf17, Fgf18, Fgf2, Fgf20, Fgf21, Fgf22, Fgf23, Fgf3, Fgf4, Fgf5, Fgf6, Fgf7, Fgf8, Fgf9, Fgfbp1, Fgfbp3, Fgfr1, Fgfr2, Fgfr3, Fgfr4, Fgfrl1, Fgg, Fgl1, Fgl2, Fgr, Fh1, Fhit, Fhl1, Fhl2, Fhl5, Fhod1, Fhod3, Ficd, Fig4, Figla, Fignl1, Fignl2, Fip1l1, Firrm, Fis1, Fitm1, Fitm2, Fiz1, Fkbp10, Fkbp11, Fkbp14, Fkbp1a, Fkbp1b, Fkbp2, Fkbp3, Fkbp4, Fkbp5, Fkbp6, Fkbp7, Fkbp8, Fkbp9, Fkrp, Fktn, Flcn, Fli1, Flii, Flna, Flot1, Flot2, Flrt1, Flrt2, Flrt3, Flt1, Flt3, Flt3l, Flt4, Flywch1, Fmc1, Fmn1, Fmn2, Fmo1, Fmo2, Fmo4, Fmo5, Fmr1, Fn1, Fnbp1, Fnbp1l, Fndc1, Fndc3b, Fndc5, Fnip1, Fnip2, Fnta, Fntb, Focad, Folh1, Folr1, Folr2, Fos, Fosb, Fosl1, Fosl2, Foxa1, Foxa2, Foxa3, Foxb1, Foxb2, Foxc1, Foxc2, Foxd1, Foxd2, Foxd3, Foxd4, Foxe1, Foxe3, Foxf1, Foxf2, Foxg1, Foxh1, Foxi1, Foxi2, Foxi3, Foxj1, Foxj2, Foxj3, Foxk1, Foxk2, Foxl1, Foxl2, Foxl3, Foxm1, Foxn1, Foxn2, Foxn3, Foxn4, Foxo1, Foxo3, Foxo4, Foxo6, Foxp1, Foxp2, Foxp3, Foxp4, Foxq1, Foxr1, Foxr2, Foxs1, Fpr-rs3, Fpr-rs4, Fpr-rs6, Fpr-rs7, Fpr1, Fpr2, Fpr3, Frat1, Frat2, Frk, Frmd4a, Frmd5, Frmd6, Frmd7, Frmd8, Frmpd1, Frmpd4, Frrs1l, Frs2, Frs3, Fry, Frzb, Fscb, Fscn1, Fsd1, Fshb, Fshr, Fst, Fstl1, Fstl3, Fstl4, Fstl5, Fth1, Ftmt, Fto, Ftx, Fubp1, Fubp3, Fundc2, Fuom, Furin, Fus, Fut1, Fut2, Fut4, Fut7, Fut8, Fut9, Fuz, Fxn, Fxr1, Fxr2, Fxyd1, Fxyd2, Fxyd3, Fxyd4, Fxyd5, Fxyd6, Fxyd7, Fyb1, Fyb2, Fyco1, Fyn, Fzd1, Fzd10, Fzd2, Fzd3, Fzd4, Fzd5, Fzd6, Fzd7, Fzd8, Fzd9, Fzr1, G0s2, G2e3, G3bp1, G3bp2, G6pc1, G6pc2, G6pd2, G6pdx, Gab1, Gab2, Gab3, Gabarap, Gabarapl2, Gabbr1, Gabbr2, Gabpa, Gabpb1, Gabpb2, Gabrb3, Gabrr1, Gadd45a, Gadd45b, Gadd45g, Gak, Gal, Galnt11, Galp, Galr1, Galr2, Galr3, Gap43, Gapdh, Gapdh-ps15, Gapdhrt, Gapdhrt2, Gapdhs, Gapvd1, Garem1, Garin5a, Garnl3, Garre1, Gas1, Gas2, Gas2l1, Gas2l2, Gas5, Gas6, Gas8, Gast, Gata1, Gata2, Gata3, Gata4, Gata5, Gata6, Gatad1, Gatad2a, Gatad2b, Gatm, Gba1, Gba2, Gbe1, Gbf1, Gbp2, Gbp4, Gbp5, Gbp7, Gbx1, Gbx2, Gcc2, Gcg, Gcgr, Gch1, Gchfr, Gck, Gckr, Gclc, Gclm, Gcm1, Gcm2, Gcn1, Gcnt1, Gcnt2, Gcsam, Gda, Gde1, Gdf1, Gdf10, Gdf11, Gdf15, Gdf2, Gdf3, Gdf5, Gdf6, Gdf7, Gdf9, Gdi1, Gdi2, Gdnf, Gdpd2, Gdpd5, Gemin5, Gen1, Gfap, Gfer, Gfi1, Gfi1b, Gfpt1, Gfra1, Gfra2, Gfra3, Gfra4, Gfral, Gfus, Gga1, Gga3, Ggct, Ggnbp2, Gh, Ghitm, Ghr, Ghrh, Ghrhr, Ghrl, Ghsr, Gid8, Gigyf1, Gigyf2, Gimap3, Gimap5, Gimap8, Gip, Gipc1, Gipr, Git1, Git2, Gja1, Gja5, Gja8, Gjb6, Gjc2, Gjd3, Gjd4, Gk, Gkap1, Gkn1, Gkn2, Gkn3, Gla, Glce, Gldn, Glg1, Gli1, Gli2, Gli3, Glipr2, Glis1, Glis2, Glis3, Glmn, Glmp, Glo1, Glp1r, Glp2r, Glra1, Glra2, Glra3, Glra4, Glrb, Glrp1, Gls2, Glud1, Glul, Glyr1, Gm10033, Gm10662, Gm10668, Gm11690, Gm12250, Gm12258, Gm128, Gm13271, Gm13272, Gm13275, Gm13276, Gm13277, Gm13283, Gm14137, Gm14295, Gm14322, Gm14325, Gm14391, Gm14399, Gm14401, Gm14403, Gm14412, Gm14418, Gm14434, Gm14443, Gm14444, Gm14461, Gm15441, Gm15446, Gm17067, Gm17655, Gm19965, Gm20737, Gm20738, Gm20747, Gm20773, Gm20795, Gm20806, Gm20807, Gm20808, Gm20812, Gm20815, Gm20816, Gm20818, Gm20821, Gm20822, Gm20825, Gm20826, Gm20830, Gm20834, Gm20852, Gm20854, Gm20865, Gm20873, Gm20914, Gm20917, Gm20918, Gm21118, Gm21292, Gm21310, Gm21394, Gm21719, Gm21778, Gm21812, Gm21854, Gm2381, Gm266, Gm28171, Gm32687, Gm35315, Gm3604, Gm38999, Gm4275, Gm4513, Gm45871, Gm4767, Gm4924, Gm5127, Gm5141, Gm5157, Gm527, Gm5890, Gm6176, Gm6871, Gm6882, Gm7072, Gm7324, Gmcl1, Gmds, Gmeb1, Gmeb2, Gmfb, Gmfg, Gmip, Gmnc, Gmnn, Gmppa, Gna11, Gna12, Gna13, Gna14, Gna15, Gnai1, Gnai2, Gnai3, Gnal, Gnao1, Gnaq, Gnas, Gnasas1, Gnat1, Gnat2, Gnat3, Gnaz, Gnb1, Gnb1l, Gnb2, Gnb3, Gnb4, Gnb5, Gng10, Gng11, Gng12, Gng13, Gng14, Gng2, Gng3, Gng4, Gng5, Gng5c, Gng7, Gng8, Gngt1, Gngt2, Gnl3, Gnl3l, Gnmt, Gnrh1, Gnrhr, Golga2, Golga4, Golm1, Golph3, Golph3l, Gon4l, Gopc, Gorab, Gorasp1, Got1, Gp1ba, Gp1bb, Gp5, Gp6, Gp9, Gpam, Gpat2, Gpat3, Gpatch3, Gpbar1, Gpbp1, Gpbp1l1, Gpc1, Gpc2, Gpc3, Gpc4, Gpc5, Gpc6, Gpd1, Gpd1l, Gper1, Gpha2, Gphb5, Gpi1, Gpihbp1, Gpld1, Gpm6a, Gpm6b, Gpnmb, Gpr101, Gpr108, Gpr119, Gpr12, Gpr132, Gpr135, Gpr137, Gpr137b, Gpr137c, Gpr139, Gpr141, Gpr142, Gpr143, Gpr146, Gpr149, Gpr15, Gpr150, Gpr151, Gpr152, Gpr153, Gpr155, Gpr156, Gpr157, Gpr158, Gpr15lg, Gpr160, Gpr161, Gpr162, Gpr165, Gpr17, Gpr171, Gpr173, Gpr174, Gpr176, Gpr179, Gpr18, Gpr180, Gpr182, Gpr183, Gpr19, Gpr20, Gpr21, Gpr22, Gpr25, Gpr26, Gpr27, Gpr3, Gpr31b, Gpr33, Gpr34, Gpr35, Gpr37, Gpr37l1, Gpr39, Gpr4, Gpr45, Gpr50, Gpr52, Gpr55, Gpr6, Gpr61, Gpr62, Gpr63, Gpr65, Gpr68, Gpr75, Gpr82, Gpr83, Gpr84, Gpr85, Gpr87, Gpr88, Gprasp1, Gprc5a, Gprc5b, Gprc5c, Gprc5d, Gprc6a, Gps2, Gpsm1, Gpsm2, Gpsm3, Gpt, Gpx1, Gpx4, Gramd4, Grap, Grap2, Grb10, Grb14, Grb2, Grb7, Grem1, Grem2, Grhl1, Grhl2, Grhl3, Gria1, Gria2, Gria3, Gria4, Grid1, Grid2, Grid2ip, Grik1, Grik2, Grik3, Grik4, Grik5, Grin1, Grin2a, Grin2b, Grin2c, Grin2d, Grin3a, Grin3b, Grina, Grip1, Grip2, Gripap1, Grk1, Grk2, Grk3, Grk4, Grk5, Grk6, Grm1, Grm2, Grm3, Grm4, Grm5, Grm6, Grm7, Grm8, Grn, Grp, Grpr, Grsf1, Gsap, Gsc, Gsc2, Gsdma3, Gsdmd, Gsdme, Gsg1l, Gsk3a, Gsk3b, Gskip, Gsn, Gspt1, Gspt2, Gstm7, Gsto1, Gstp-ps, Gstp1, Gstp2, Gstp3, Gsx1, Gsx2, Gtdc1, Gtf2a1, Gtf2a2, Gtf2f1, Gtf2f2, Gtf2h1, Gtf2h2, Gtf2h3, Gtf2i, Gtf2ird1, Gtpbp1, Gtpbp2, Gtpbp4, Gtsf1, Guca1a, Guca1b, Guca2b, Gucy1a1, Gucy1a2, Gucy1b1, Gucy1b2, Gucy2c, Gucy2d, Gucy2e, Gucy2f, Gucy2g, Guf1, Gzf1, Gzma, Gzmb, Gzmc, Gzmk, Gzmn, H19, H1f0, H1f1, H1f10, H1f2, H1f3, H1f4, H1f5, H1f6, H1f8, H1f9, H2-Aa, H2-Ab1, H2-Bl, H2-D1, H2-DMa, H2-DMb1, H2-DMb2, H2-Ea, H2-Eb1, H2-Eb2, H2-K1, H2-L, H2-M1, H2-M10.1, H2-M10.2, H2-M10.3, H2-M10.4, H2-M10.5, H2-M10.6, H2-M11, H2-M2, H2-M3, H2-M5, H2-M9, H2-Oa, H2-Ob, H2-Q1, H2-Q10, H2-Q2, H2-Q4, H2-Q6, H2-Q7, H2-Q8, H2-Q9, H2-T22, H2-T23, H2-T24, H2-T26, H2-T27, H2-T3, H2ab1, H2ab2, H2ab3, H2ac1, H2ac10, H2ac11, H2ac12, H2ac13, H2ac15, H2ac19, H2ac20, H2ac21, H2ac22, H2ac23, H2ac24, H2ac25, H2ac4, H2ac6, H2ac7, H2ac8, H2aj, H2al1b, H2al1e, H2al1f, H2al1j, H2al1k, H2al1m, H2al1n, H2al1o, H2al2a, H2al2b, H2al3, H2ap, H2ax, H2az1, H2az2, H2bc21, H3c14, H3f3a, H3f3b, H3f5, H60a, H60b, H60c, H6pd, Habp4, Hacd1, Hacd3, Hace1, Hadh, Halr1, Hamp, Hamp2, Hand1, Hand2, Hand2os1, Hap1, Hapstr1, Has1, Has2, Has3, Haspin, Hat1, Havcr1, Havcr2, Hax1, Hba-x, Hbb-b1, Hbb-b2, Hbb-bh1, Hbb-y, Hbegf, Hbp1, Hbs1l, Hc, Hcar1, Hcar2, Hcfc1, Hcfc2, Hck, Hcls1, Hcn1, Hcn2, Hcn3, Hcn4, Hcrt, Hcrtr1, Hcrtr2, Hcst, Hdac1, Hdac10, Hdac11, Hdac2, Hdac3, Hdac4, Hdac5, Hdac6, Hdac7, Hdac8, Hdac9, Hdgf, Hdgfl2, Hdgfl3, Hdx, Heatr1, Heca, Hectd1, Hecw1, Hecw2, Heg1, Helb, Hells, Helq, Helt, Helz, Helz2, Hemgn, Henmt1, Hepacam, Heph, Herc1, Herc2, Herc4, Herpud1, Herpud2, Hes1, Hes2, Hes3, Hes5, Hes6, Hes7, Hesx1, Hexb, Hexim1, Hexim2, Hey1, Hey2, Heyl, Hfe, Hgf, Hgs, Hhat, Hhatl, Hhex, Hhip, Hic1, Hic2, Hif1a, Hif1an, Hif3a, Higd1a, Higd2a, Hilpda, Hinfp, Hint1, Hint2, Hip1, Hip1r, Hipk1, Hipk2, Hipk3, Hipk4, Hira, Hivep1, Hivep2, Hivep3, Hjurp, Hjv, Hk1, Hk2, Hk3, Hlf, Hltf, Hlx, Hm629797, Hmbox1, Hmces, Hmg20a, Hmg20b, Hmga1, Hmga1b, Hmga2, Hmgb1, Hmgb2, Hmgb3, Hmgb4, Hmgcr, Hmgn1, Hmgn2, Hmgn3, Hmgn5, Hmox1, Hmx1, Hmx2, Hmx3, Hnf1a, Hnf1b, Hnf4a, Hnf4g, Hnrnpa0, Hnrnpa1, Hnrnpa2b1, Hnrnpab, Hnrnpc, Hnrnpd, Hnrnpdl, Hnrnpf, Hnrnph1, Hnrnph2, Hnrnph3, Hnrnpk, Hnrnpl, Hnrnpll, Hnrnpm, Hnrnpr, Hnrnpu, Homer1, Homer2, Homer3, Homez, Hook3, Hopx, Hormad1, Hotair, Hoxa1, Hoxa10, Hoxa11, Hoxa11os, Hoxa13, Hoxa2, Hoxa3, Hoxa4, Hoxa5, Hoxa6, Hoxa7, Hoxa9, Hoxb1, Hoxb13, Hoxb2, Hoxb3, Hoxb3os, Hoxb4, Hoxb5, Hoxb6, Hoxb7, Hoxb8, Hoxb9, Hoxc10, Hoxc11, Hoxc12, Hoxc13, Hoxc4, Hoxc5, Hoxc6, Hoxc8, Hoxc9, Hoxd1, Hoxd10, Hoxd11, Hoxd12, Hoxd13, Hoxd3, Hoxd4, Hoxd8, Hoxd9, Hp, Hp1bp3, Hpca, Hpcal1, Hpcal4, Hpgd, Hpgds, Hpn, Hprt1, Hps1, Hpse, Hpse2, Hpx, Hr, Hras, Hrc, Hrg, Hrh1, Hrh2, Hrh3, Hrh4, Hrk, Hs1bp3, Hsbp1, Hsbp1l1, Hsd11b1, Hsd17b12, Hsd17b13, Hsd3b4, Hsd3b5, Hsd3b7, Hsd3b8, Hsd3b9, Hsf1, Hsf2, Hsf3, Hsf4, Hsf5, Hsh2d, Hsp90aa1, Hsp90ab1, Hsp90b1, Hspa1a, Hspa1b, Hspa1l, Hspa2, Hspa4, Hspa5, Hspa8, Hspa9, Hspb1, Hspb2, Hspb6, Hspb8, Hspbp1, Hspd1, Hspg2, Hsph1, Htatip2, Htr1a, Htr1b, Htr1d, Htr1e, Htr1f, Htr2a, Htr2b, Htr2c, Htr3a, Htr3b, Htr4, Htr5a, Htr5b, Htr6, Htr7, Htra1, Htra2, Htra3, Htra4, Htt, Hunk, Hus1, Hus1b, Huwe1, Hvcn1, Hyal1, Hyal2, Hyal3, Hymai, Hyou1, Hypk, Iapp, Ibsp, Ibtk, Ica1, Icam1, Icam5, Ice1, Ice2, Icmt, Icos, Icosl, Id1, Id2, Id3, Id4, Ide, Idh1, Idh2, Idi2, Ido1, Idua, Ier2, Ier3, Ier3ip1, Ier5, Ierepo2, Ifi203, Ifi203-ps, Ifi204, Ifi206, Ifi207, Ifi208, Ifi209, Ifi213, Ifi214, Ifi27, Ifi27l2a, Ifi27l2b, Ifi30, Ifi35, Ifih1, Ifit2, Ifit3, Ifit3b, Ifitm1, Ifitm2, Ifitm3, Ifitm6, Ifitm7, Ifna, Ifna1, Ifna11, Ifna12, Ifna13, Ifna14, Ifna15, Ifna16, Ifna2, Ifna4, Ifna5, Ifna6, Ifna7, Ifna9, Ifnab, Ifnar1, Ifnar2, Ifnb1, Ifne, Ifng, Ifngr1, Ifngr2, Ifnk, Ifnl2, Ifnl3, Ifnlr1, Ifnz, Ifrd1, Ifrd2, Ift122, Ift140, Ift172, Ift20, Ift25, Ift27, Ift46, Ift52, Ift56, Ift57, Ift74, Ift80, Ift81, Ift88, Igbp1, Igbp1b, Igf1, Igf1r, Igf2, Igf2bp1, Igf2bp2, Igf2bp3, Igf2r, Igfbp1, Igfbp2, Igfbp3, Igfbp4, Igfbp5, Igfbp6, Igfbp7, Igfbpl1, Igh-7, Igh-8, Ighd, Ighe, Ighg1, Ighg2a, Ighg2b, Ighm, Ighmbp2, Igsf1, Igsf10, Igsf11, Igsf21, Igsf8, Igsf9, Igsf9b, Igtp, Ihh, Iho1, Iigp1, Ik, Ikbkb, Ikbke, Ikbkg, Ikzf1, Ikzf2, Ikzf3, Ikzf4, Ikzf5, Il10, Il10ra, Il10rb, Il11, Il11ra1, Il11ra2, Il11ra3, Il12a, Il12b, Il12rb1, Il12rb2, Il13, Il13ra1, Il13ra2, Il15, Il15ra, Il16, Il17a, Il17b, Il17c, Il17d, Il17f, Il17ra, Il17rb, Il17rc, Il17rd, Il17re, Il18, Il18r1, Il18rap, Il19, Il1a, Il1b, Il1f10, Il1r1, Il1r2, Il1rap, Il1rapl1, Il1rapl2, Il1rl1, Il1rl2, Il1rn, Il2, Il20, Il20ra, Il20rb, Il21, Il21r, Il22, Il22b, Il22ra1, Il22ra2, Il23a, Il23r, Il24, Il25, Il27, Il27ra, Il2ra, Il2rb, Il2rg, Il3, Il31, Il31ra, Il33, Il34, Il36a, Il36b, Il36g, Il36rn, Il3ra, Il4, Il4i1, Il4i1b, Il4ra, Il5, Il5ra, Il6, Il6ra, Il6st, Il7, Il7r, Il9, Il9r, Ildr1, Ildr2, Ilf2, Ilf3, Ilk, Ilkap, Ilrun, Impa1, Impa2, Impact, Ina, Inava, Inca1, Incenp, Inf2, Ing1, Ing2, Ing3, Ing4, Ing5, Inha, Inhba, Inhbb, Inhbc, Inhbe, Inip, Ino80, Ino80b, Ino80c, Ino80d, Ino80e, Inpp4b, Inpp5a, Inpp5b, Inpp5d, Inpp5e, Inpp5f, Inpp5j, Inpp5k, Inppl1, Ins1, Ins2, Insc, Insig1, Insig2, Insl3, Insl5, Insl6, Insm1, Insm2, Insr, Insrr, Insyn1, Insyn2a, Ints1, Ints13, Ints3, Ints7, Ints9, Intu, Invs, Ip6k1, Ip6k2, Ipo5, Ipo7, Ippk, Iqcb1, Iqce, Iqcf1, Iqgap1, Iqgap2, Iqgap3, Iqschfp, Iqsec1, Iqsec2, Iqsec3, Iqub, Irag1, Irak1, Irak1bp1, Irak2, Irak3, Irak4, Ireb2, Irf1, Irf2, Irf2bp1, Irf2bp2, Irf2bpl, Irf3, Irf4, Irf5, Irf6, Irf7, Irf8, Irf9, Irgc, Irgm1, Irgm2, Irs1, Irs2, Irs3, Irs4, Irx1, Irx2, Irx3, Irx4, Irx5, Irx6, Iscu, Isg15, Isl1, Isl2, Islr2, Israa, Ist1, Isx, Isyna1, Itch, Itfg2, Itga1, Itga10, Itga11, Itga2, Itga2b, Itga3, Itga4, Itga5, Itga6, Itga7, Itga8, Itga9, Itgad, Itgae, Itgal, Itgam, Itgav, Itgax, Itgb1, Itgb1bp1, Itgb2, Itgb2l, Itgb3, Itgb3bp, Itgb4, Itgb5, Itgb6, Itgb7, Itgb8, Itgbl1, Itk, Itln1, Itlnb, Itm2a, Itm2b, Itm2c, Itpka, Itpkb, Itpr1, Itpr2, Itpr3, Itprip, Itsn1, Itsn2, Ivl, Ivns1abp, Iws1, Jade1, Jade2, Jade3, Jag1, Jag2, Jagn1, Jak1, Jak2, Jak3, Jam2, Jam3, Jaml, Jarid2, Jazf1, Jcad, Jchain, Jdp2, Jmjd1c, Jmjd4, Jmjd6, Jmjd8, Jmy, Jph2, Jph3, Jph4, Jpt2, Jpx, Jrk, Jsrp1, Jtb, Jun, Junb, Jund, Jup, Kalrn, Kank1, Kank2, Kank3, Kank4, Kansl1, Kansl2, Kansl3, Kantr, Kars1, Kat14, Kat2a, Kat2b, Kat5, Kat6a, Kat6b, Kat7, Kat8, Katna1, Katnb1, Katnbl1, Kazald1, Kbtbd2, Kbtbd6, Kbtbd7, Kbtbd8, Kcna1, Kcna2, Kcna5, Kcnab1, Kcnab2, Kcnab3, Kcnb1, Kcnc1, Kcnc2, Kcnc3, Kcnc4, Kcne1, Kcne2, Kcne3, Kcne4, Kcne5, Kcng1, Kcng3, Kcng4, Kcnh1, Kcnh2, Kcnh5, Kcnh8, Kcnip1, Kcnip2, Kcnip3, Kcnip4, Kcnj1, Kcnj10, Kcnj11, Kcnj12, Kcnj13, Kcnj14, Kcnj15, Kcnj16, Kcnj2, Kcnj3, Kcnj4, Kcnj5, Kcnj6, Kcnj8, Kcnj9, Kcnk13, Kcnk18, Kcnk2, Kcnk9, Kcnma1, Kcnmb1, Kcnn2, Kcnn4, Kcnq1, Kcnq1ot1, Kcnq2, Kcnq3, Kcnq4, Kcnrg, Kcns1, Kcns2, Kcp, Kctd1, Kctd10, Kctd11, Kctd12, Kctd12b, Kctd13, Kctd15, Kctd16, Kctd17, Kctd20, Kctd21, Kctd6, Kctd8, Kctd9, Kdf1, Kdm1a, Kdm1b, Kdm2a, Kdm2b, Kdm3a, Kdm3b, Kdm4a, Kdm4b, Kdm4c, Kdm4d, Kdm5a, Kdm5b, Kdm5c, Kdm5d, Kdm6a, Kdm6b, Kdm7a, Kdm8, Kdr, Keap1, Kel, Khdc3, Khdrbs1, Khdrbs2, Khdrbs3, Khk, Khsrp, Kics2, Kidins220, Kif11, Kif13a, Kif13b, Kif14, Kif16b, Kif18a, Kif18b, Kif1a, Kif1b, Kif20a, Kif20b, Kif21a, Kif23, Kif24, Kif26a, Kif26b, Kif2a, Kif2b, Kif2c, Kif3a, Kif3b, Kif3c, Kif5b, Kif7, Kif9, Kifap3, Kifc1, Kir3dl1, Kir3dl2, Kirrel1, Kirrel2, Kiss1, Kiss1r, Kit, Kitl, Kl, Klb, Klf1, Klf10, Klf11, Klf12, Klf13, Klf14, Klf15, Klf16, Klf17, Klf2, Klf3, Klf4, Klf5, Klf6, Klf7, Klf8, Klf9, Klhdc10, Klhl12, Klhl13, Klhl15, Klhl17, Klhl18, Klhl20, Klhl21, Klhl22, Klhl25, Klhl31, Klhl40, Klhl41, Klhl42, Klhl6, Klhl9, Klk14, Klk1b3, Klk1b4, Klk5, Klk6, Klk7, Klk8, Klrb1, Klrb1a, Klrb1b, Klrb1c, Klrb1f, Klrc1, Klrc2, Klrc3, Klrd1, Klre1, Klrg1, Klrh1, Klri1, Klri2, Klrk1, Kmo, Kmt2a, Kmt2b, Kmt2c, Kmt2d, Kmt2e, Kmt5a, Kmt5b, Kmt5c, Kndc1, Kng1, Kng2, Knl1, Knstrn, Kntc1, Kpna1, Kpna2, Kpna2rt, Kpna6, Kpna7, Kptn, Kras, Kremen1, Kremen2, Krit1, Krt13, Krt16, Krt17, Krt18, Krt19, Krt20, Krt36, Krt4, Krt5, Krt6a, Krt8, Krt84, Krtap21-1, Ksr1, Ksr2, L1cam, L3mbtl1, L3mbtl2, L3mbtl3, L3mbtl4, Lacc1, Lactb, Lag3, Lair1, Lama1, Lama2, Lama3, Lama4, Lama5, Lamb1, Lamb2, Lamc1, Lamc2, Lamp1, Lamp2, Lamp3, Lamp5, Lamtor1, Lamtor2, Lamtor3, Lamtor4, Lamtor5, Lancl2, Laptm4b, Laptm5, Large1, Larp1, Larp4, Larp4b, Larp6, Larp7, Larp7-ps, Lars1, Lat, Lat2, Lats1, Lats2, Lax1, Lbh, Lbp, Lbr, Lbx1, Lbx2, Lcat, Lck, Lcmt1, Lcn2, Lcor, Lcorl, Lcp1, Lcp2, Ldb1, Ldb2, Ldc1, Ldha, Ldlr, Ldlrad3, Ldlrad4, Ldlrap1, Ldoc1, Lect2, Lef1, Lefty1, Lefty2, Lemd2, Lemd3, Leo1, Lep, Lepr, Leprot, Leprotl1, Letm1, Letmd1, Lfng, Lgals1, Lgals12, Lgals2, Lgals3, Lgals8, Lgals9, Lgi1, Lgi3, Lgi4, Lgmn, Lgr4, Lgr5, Lgr6, Lhb, Lhcgr, Lhfpl4, Lhx1, Lhx2, Lhx3, Lhx4, Lhx5, Lhx6, Lhx8, Lhx9, Lif, Lifr, Lig3, Lig4, Lilra5, Lilra6, Lilrb4a, Lilrb4b, Lima1, Limch1, Limd1, Lime1, Limk1, Limk2, Lims1, Lims2, Lin28a, Lin28b, Lin37, Lin52, Lin54, Lin7a, Lin7b, Lin7c, Lin9, Lingo1, Lingo2, Lingo4, Lipa, Lipg, Lipt2, Litaf, Litafd, Llgl1, Llgl2, Lman1, Lman2, Lmbr1, Lmbr1l, Lmbrd2, Lmcd1, Lmf1, Lmna, Lmnb1, Lmnb2, Lmntd2, Lmo1, Lmo2, Lmo3, Lmo4, Lmo7, Lmod1, Lmod2, Lmod3, Lmtk2, Lmx1a, Lmx1b, Lncenc1, Lnpep, Lnpk, Lonp1, Lonp2, Lox, Loxl2, Loxl3, Lpar1, Lpar2, Lpar3, Lpar4, Lpar5, Lpar6, Lpcat1, Lpcat3, Lpgat1, Lpin1, Lpin2, Lpin3, Lpl, Lpxn, Lrba, Lrch1, Lrch4, Lrfn1, Lrfn2, Lrfn3, Lrfn4, Lrfn5, Lrg1, Lrif1, Lrig2, Lrit3, Lrp1, Lrp2, Lrp3, Lrp4, Lrp5, Lrp6, Lrp8, Lrpap1, Lrpprc, Lrr1, Lrrc10b, Lrrc14, Lrrc15, Lrrc17, Lrrc19, Lrrc2, Lrrc24, Lrrc26, Lrrc30, Lrrc32, Lrrc38, Lrrc39, Lrrc4, Lrrc40, Lrrc4b, Lrrc4c, Lrrc52, Lrrc55, Lrrc55os, Lrrc58, Lrrc63, Lrrc69, Lrrc7, Lrrc78, Lrrc8a, Lrrc8b, Lrrc8c, Lrrc8d, Lrrc8e, Lrrd1, Lrrfip1, Lrrfip2, Lrriq4, Lrrk1, Lrrk2, Lrrn1, Lrrn3, Lrrtm1, Lrrtm2, Lrrtm3, Lrrtm4, Lrsam1, Lrtm1, Lrtm2, Lsm1, Lsm10, Lsm11, Lsm14a, Lsm14b, Lsm2, Lsm4, Lsm5, Lsm6, Lsm7, Lsp1, Lsr, Lst1, Lta, Ltb, Ltb4r1, Ltb4r2, Ltbp1, Ltbp3, Ltbp4, Ltbr, Ltf, Ltk, Lum, Lurap1, Lurap1l, Luzp1, Ly6a, Ly6c1, Ly6c2, Ly6e, Ly6f, Ly6g, Ly6g2, Ly6g6d, Ly6g6e, Ly6g6g, Ly6h, Ly6i, Ly6m, Ly86, Ly9, Ly96, Lyar, Lyl1, Lyn, Lynx1, Lypd1, Lypd10, Lypd11, Lypd3, Lypd6, Lypla1, Lyplal1, Lyset, Lyst, Lyve1, Lztfl1, Lztr1, Lzts1, Lzts2, Lzts3, Mab21l1, Mab21l2, Macc1, Macf1, Macir, Maco1, Macroh2a1, Macroh2a2, Mad1l1, Mad2l1, Mad2l1bp, Mad2l2, Madcam1, Madd, Maea, Mael, Maf, Maf1, Mafa, Mafb, Maff, Mafg, Mafk, Mag, Magea1, Magea10, Magea13, Magea14, Magea2, Magea3, Magea4, Magea5, Magea6, Magea8, Magea9, Mageb11, Mageb16, Mageb18, Mageb2, Mageb3, Mageb4, Mageb5, Mageb5b, Mageb6b1, Magec2, Maged1, Maged2, Magee1, Magee2, Mageh1, Magel2, Magi1, Magi2, Magi3, Magoh, Magohb, Mak, Mal, Malat1, Malrd1, Malsu1, Malt1, Maml1, Maml2, Maml3, Mamld1, Mamstr, Man2a1, Manf, Mannr, Maoa, Maob, Map10, Map1a, Map1b, Map1lc3a, Map1s, Map2, Map2k1, Map2k2, Map2k3, Map2k4, Map2k5, Map2k6, Map2k7, Map3k1, Map3k10, Map3k11, Map3k12, Map3k13, Map3k14, Map3k15, Map3k19, Map3k2, Map3k20, Map3k21, Map3k3, Map3k4, Map3k5, Map3k6, Map3k7, Map3k8, Map3k9, Map4k1, Map4k2, Map4k3, Map4k4, Map4k5, Map6, Map6d1, Map9, Mapk1, Mapk10, Mapk11, Mapk12, Mapk13, Mapk14, Mapk15, Mapk3, Mapk4, Mapk6, Mapk7, Mapk8, Mapk8ip1, Mapk8ip2, Mapk8ip3, Mapk9, Mapkap1, Mapkapk2, Mapkapk3, Mapkapk5, Mapkbp1, Mapre1, Mapre2, Mapre3, Mapt, Marchf2, Marchf5, Marchf7, Marchf8, Marcks, Marcksl1, Marco, Marf1, Mark1, Mark2, Mark3, Mark4, Mars1, Marveld3, Mas1, Mast1, Mast2, Mast3, Mast4, Mastl, Mat2a, Matr3, Mavs, Max, Maz, Mbd1, Mbd2, Mbd3, Mbd3l1, Mbd3l2, Mbd4, Mbd5, Mbip, Mbl1, Mbl2, Mblac1, Mbnl1, Mbnl2, Mbnl3, Mboat1, Mboat2, Mboat7, Mbp, Mbtd1, Mbtps1, Mbtps2, Mc1r, Mc2r, Mc3r, Mc4r, Mc5r, Mcam, Mcc, Mcf2l, Mchr1, Mcidas, Mcl1, Mcm7, Mcoln1, Mcoln2, Mcph1, Mcrip1, Mcrs1, Mctp1, Mctp2, Mcts1, Mcu, Mcub, Mdc1, Mdfi, Mdfic, Mdfic2, Mdga1, Mdga2, Mdk, Mdm1, Mdm2, Mdm4, Me1, Me2, Meaf6, Meak7, Mecom, Mecp2, Med1, Med10, Med11, Med12, Med12l, Med13, Med13l, Med14, Med15, Med16, Med17, Med18, Med19, Med20, Med21, Med22, Med23, Med24, Med25, Med26, Med27, Med28, Med29, Med30, Med31, Med4, Med6, Med7, Med8, Med9, Medag, Mef2a, Mef2b, Mef2c, Mef2d, Mefv, Meg3, Megf10, Megf8, Meioc, Meiosin, Meis1, Meis2, Meis3, Melk, Meltf, Memo1, Men1, Meox1, Meox2, Mepce, Mertk, Mesd, Mesp1, Mesp2, Mest, Met, Metrn, Metrnl, Mettl1, Mettl13, Mettl14, Mettl16, Mettl18, Mettl21c, Mettl23, Mettl3, Mettl4, Mettl5, Mettl8, Mex3b, Mex3c, Mex3d, Mfap2, Mfap4, Mff, Mfhas1, Mfn1, Mfn2, Mfng, Mfsd12, Mfsd2a, Mfsd2b, Mfsd8, Mga, Mgarp, Mgat3, Mgat4d, Mgat5, Mgll, Mgmt, Mgrn1, Mia, Mia3, Mib1, Mib2, Mical1, Mical2, Micu1, Micu3, Mid1, Mid1ip1, Mid2, Mideas, Midn, Mief1, Mief2, Mien1, Mier1, Mier2, Mier3, Mif, Mif4gd, Miip, Mill1, Milr1, Minar1, Mink1, Mios, Mip, Mir100, Mir101a, Mir101b, Mir103-1, Mir103-2, Mir106a, Mir106b, Mir107, Mir10a, Mir122, Mir124-2hg, Mir1247, Mir124a-1, Mir124a-1hg, Mir124a-2, Mir124a-3, Mir125a, Mir125b-1, Mir125b-2, Mir126a, Mir127, Mir128-1, Mir128-2, Mir129, Mir129-1, Mir129-2, Mir130a, Mir132, Mir133a-1, Mir133a-1hg, Mir133a-2, Mir133b, Mir134, Mir135a-1, Mir135a-2, Mir135b, Mir136, Mir137, Mir138-1, Mir138-2, Mir139, Mir140, Mir143, Mir144, Mir145a, Mir145b, Mir146, Mir147, Mir148b, Mir149, Mir150, Mir151, Mir153, Mir154, Mir155, Mir15a, Mir16-1, Mir17, Mir18, Mir181a-1, Mir181a-2, Mir181b-1, Mir181b-2, Mir181c, Mir181d, Mir182, Mir183, Mir184, Mir185, Mir186, Mir187, Mir188, Mir18b, Mir191, Mir195a, Mir196a-1, Mir196a-2, Mir196b, Mir1983, Mir199a-2, Mir19a, Mir19b-1, Mir19b-2, Mir1a-1, Mir1a-2, Mir1b, Mir200a, Mir200b, Mir203, Mir204, Mir205, Mir205hg, Mir208a, Mir208b, Mir20a, Mir20b, Mir210, Mir211, Mir212, Mir214, Mir217, Mir218, Mir218-1, Mir218-2, Mir219a-1, Mir219a-2, Mir21a, Mir21b, Mir21c, Mir22, Mir221, Mir222, Mir223, Mir224, Mir23a, Mir23b, Mir24-1, Mir24-2, Mir25, Mir26a-1, Mir26a-2, Mir26b, Mir27a, Mir27b, Mir28a, Mir290a, Mir292, Mir293, Mir294, Mir295, Mir296, Mir29a, Mir29b-1, Mir29b-2, Mir29c, Mir300, Mir301, Mir301b, Mir30a, Mir30b, Mir30c-1, Mir30c-2, Mir30d, Mir30e, Mir32, Mir320, Mir324, Mir326, Mir328, Mir329, Mir33, Mir330, Mir337, Mir338, Mir342, Mir345, Mir34a, Mir34b, Mir34c, Mir351, Mir363, Mir369, Mir370, Mir374b, Mir378a, Mir379, Mir381, Mir382, Mir383, Mir384, Mir3960, Mir410, Mir411, Mir421, Mir423, Mir425, Mir433, Mir434, Mir448, Mir449a, Mir449b, Mir449c, Mir450b, Mir451a, Mir451b, Mir452, Mir466, Mir466d, Mir466e, Mir466l, Mir467a-1, Mir467a-10, Mir467a-2, Mir467a-3, Mir467a-4, Mir467a-5, Mir467a-6, Mir467a-7, Mir467a-8, Mir467a-9, Mir467b, Mir470, Mir484, Mir486, Mir487b, Mir489, Mir494, Mir495, Mir499, Mir500, Mir501, Mir504, Mir505, Mir511, Mir539, Mir540, Mir541, Mir543, Mir551b, Mir574, Mir652, Mir667, Mir668, Mir669a-1, Mir669a-10, Mir669a-2, Mir669a-3, Mir669a-4, Mir669a-5, Mir669a-6, Mir669a-7, Mir669a-8, Mir669a-9, Mir672, Mir673, Mir674, Mir675, Mir696, Mir7-1, Mir7-2, Mir702, Mir7116, Mir744, Mir7578, Mir760, Mir770, Mir7b, Mir872, Mir873a, Mir874, Mir875, Mir9-1, Mir9-2, Mir9-3, Mir92-1, Mir92-2, Mir92b, Mir93, Mir96, Mir9718, Mir98, Mir99a, Mirlet7a-1, Mirlet7a-2, Mirlet7b, Mirlet7c-1, Mirlet7c-2, Mirlet7d, Mirlet7e, Mirlet7f-1, Mirlet7f-2, Mirlet7g, Mirlet7i, Mis18a, Misp, Mitf, Mixl1, Mki67, Mkks, Mkln1, Mknk1, Mknk2, Mkrn2, Mks1, Mkx, Mlc1, Mlf1, Mlf2, Mlh1, Mlip, Mlkl, Mllt1, Mllt10, Mllt11, Mllt3, Mllt6, Mlst8, Mlx, Mlxip, Mlxipl, Mlycd, Mmd, Mmd2, Mme, Mmp10, Mmp11, Mmp12, Mmp13, Mmp14, Mmp1a, Mmp1b, Mmp2, Mmp28, Mmp3, Mmp7, Mmp8, Mmp9, Mmrn1, Mmrn2, Mms19, Mn1, Mnat1, Mndal, Mns1, Mnt, Mnx1, Moap1, Mob1a, Mob1b, Mob2, Mob3a, Mob3b, Mob3c, Mob4, Mog, Mok, Morc1, Morc2a, Morc2b, Morc3, Morf4l1, Morf4l2, Morn3, Mos, Mosmo, Mospd1, Mospd2, Mov10, Mov10l1, Mpc2, Mphosph8, Mphosph9, Mpig6b, Mpl, Mpp1, Mpp2, Mpp7, Mprip, Mpv17, Mpv17l, Mpv17l2, Mpz, Mr1, Mrap, Mrap2, Mras, Mre11a, Mrgbp, Mrgpra1, Mrgpra2a, Mrgpra2b, Mrgpra3, Mrgpra4, Mrgpra5, Mrgpra6, Mrgpra7, Mrgpra8, Mrgpra9, Mrgprb1, Mrgprb2, Mrgprb3, Mrgprb4, Mrgprb5, Mrgprb8, Mrgprd, Mrgpre, Mrgprf, Mrgprg, Mrgprh, Mrgprx1, Mrgprx2, Mrln, Mrnip, Mroh2b, Mrpl12, Mrpl13, Mrps27, Mrtfa, Mrtfb, Mrto4, Ms4a1, Ms4a10, Ms4a12, Ms4a13, Ms4a14, Ms4a15, Ms4a18, Ms4a19, Ms4a2, Ms4a5, Ms4a6b, Ms4a6c, Ms4a6d, Ms4a7, Ms4a8a, Msantd1, Msc, Msgn1, Msh2, Msh3, Msh6, Msi1, Msi2, Msl1, Msl2, Msl3, Msmp, Msn, Msr1, Mst1, Mst1r, Mstn, Msx1, Msx1os, Msx2, Msx3, Mt1, Mt2, Mt3, Mta1, Mta2, Mta3, Mtbp, Mtch1, Mtch2, Mtcl1, Mtcl2, Mtcl3, Mtcp1, Mtdh, Mterf1a, Mterf1b, Mterf2, Mterf3, Mterf4, Mtf1, Mtf2, Mtg1, Mtg2, Mtln, Mtm1, Mtmr1, Mtmr2, Mtmr3, Mtmr4, Mtmr9, Mtnap1, Mtnr1a, Mtnr1b, Mtor, Mtpap, Mtpn, Mtres1, Mtrnr2l7, Mtss1, Mturn, Mtus1, Muc1, Muc16, Muc19, Muc2, Muc20, Muc21, Muc4, Muc5b, Mul1, Mup1, Mup11, Mup2, Mup20, Mup3, Mup4, Mup5, Mus81, Musk, Mustn1, Mutyh, Mvb12a, Mvb12b, Mvd, Mvk, Mvp, Mxd1, Mxd3, Mxd4, Mxi1, Myadm, Myb, Mybbp1a, Mybl1, Mybl2, Myc, Mycbp, Mycbp2, Mycl, Mycn, Mycs, Myd88, Mydgf, Myef2, Myf5, Myf6, Myh10, Myh7b, Myh9, Myl2, Mylip, Mylk, Mylk2, Mylk3, Mylk4, Mynn, Myo10, Myo16, Myo18a, Myo19, Myo1a, Myo1c, Myo1e, Myo1f, Myo1g, Myo3a, Myo3b, Myo5a, Myo5b, Myo6, Myo9a, Myo9b, Myoc, Myocd, Myod1, Myof, Myog, Myom1, Myorg, Myoz1, Myoz2, Mypop, Myrf, Myrfl, Myrip, Mysm1, Myt1, Myt1l, Myzap, Mzb1, Mzf1, n-TIaat17, n-TRtct5, n-TUtca2, N4bp1, N4bp2l2, N6amt1, Naa10, Naa15, Naa16, Naa20, Naa35, Naa38, Naa80, Nab1, Nab2, Nabp1, Nabp2, Naca, Nacc1, Nacc2, Nadk, Nae1, Naf1, Nagk, Naglu, Naif1, Naip1, Naip2, Naip5, Naip6, Naip7, Nalcn, Nampt, Nanog, Nanos1, Nanos2, Nanos3, Nap1l1, Nap1l2, Napa, Napb, Napepld, Nat10, Nat8, Nat8b-ps, Nat8f1, Nat8f2, Nat8f3, Nat8f5, Nat8f7, Nav3, Nbas, Nbdy, Nbea, Nbl1, Nbn, Nbr1, Ncald, Ncam1, Ncan, Ncapd2, Ncapd3, Ncapg, Ncapg2, Ncaph, Ncaph2, Ncbp1, Ncbp2, Ncbp3, Nccrp1, Ncdn, Ncf1, Ncf2, Nck1, Nck2, Nckap1, Nckap1l, Nckipsd, Ncl, Ncln, Ncmap, Ncoa1, Ncoa2, Ncoa3, Ncoa5, Ncoa6, Ncoa7, Ncor1, Ncor2, Ncr1, Ncr3-ps, Ncs1, Ncstn, Ndc80, Ndel1, Ndfip1, Ndfip2, Ndn, Ndnf, Ndp, Ndrg1, Ndrg2, Ndrg3, Ndrg4, Ndst1, Ndufa13, Ndufa4, Ndufaf2, Ndufaf4, Ndufc2, Ndufs3, Ndufs4, Ndufs6, Neb, Necab1, Necab2, Necab3, Nectin1, Nectin2, Nectin3, Nedd1, Nedd4, Nedd4l, Nedd8, Nedd9, Nefh, Nefl, Nefm, Negr1, Neil1, Nek1, Nek10, Nek11, Nek2, Nek3, Nek4, Nek5, Nek6, Nek7, Nek8, Nek9, Nelfa, Nelfb, Nelfcd, Nelfe, Nell1, Nell2, Nenf, Neo1, Nepn, Nepro, Nes, Net1, Neto1, Neto2, Neu1, Neu2, Neu3, Neu4, Neurl1a, Neurl1b, Neurl2, Neurod1, Neurod2, Neurod4, Neurod6, Neurog1, Neurog2, Neurog3, Nexmif, Nexn, Nf1, Nf2, Nfam1, Nfat5, Nfatc1, Nfatc2, Nfatc2ip, Nfatc3, Nfatc4, Nfe2, Nfe2l1, Nfe2l2, Nfe2l3, Nfia, Nfib, Nfic, Nfil3, Nfilz, Nfix, Nfkb1, Nfkb2, Nfkbia, Nfkbib, Nfkbid, Nfkbie, Nfkbil1, Nfkbiz, Nfrkb, Nfx1, Nfxl1, Nfya, Nfyb, Nfyc, Ngb, Ngdn, Ngef, Ngf, Ngfr, Ngly1, Ngrn, Nherf1, Nherf2, Nherf4, Nhlh1, Nhlh2, Nhlrc1, Niban1, Niban2, Nicol1, Nid1, Nif3l1, Nim1k, Nin, Ninj1, Nipbl, Nipsnap2, Nisch, Nkap, Nkapl, Nkd1, Nkd2, Nkg7, Nkiras1, Nkiras2, Nkrf, Nktr, Nkx1-1, Nkx1-2, Nkx2-1, Nkx2-2, Nkx2-2os, Nkx2-3, Nkx2-4, Nkx2-5, Nkx2-6, Nkx2-9, Nkx3-1, Nkx3-2, Nkx6-1, Nkx6-2, Nkx6-3, Nle1, Nlgn1, Nlgn2, Nlgn3, Nlgn4l, Nlk, Nln, Nlrc3, Nlrc4, Nlrc5, Nlrp10, Nlrp12, Nlrp1a, Nlrp1b, Nlrp3, Nlrp5, Nlrp6, Nlrp9b, Nlrx1, Nmb, Nmbr, Nmd3, Nme1, Nme2, Nme5, Nme6, Nme7, Nmi, Nmnat1, Nmnat2, Nmrk2, Nms, Nmu, Nmur1, Nmur2, Nnat, Nnmt, Nnt, Nobox, Noc2l, Noct, Nod1, Nod2, Nodal, Nog, Nol11, Nol3, Nolc1, Nono, Nop2, Nop53, Nos1, Nos2, Nos3, Nosip, Nostrin, Notch1, Notch2, Notch3, Notch4, Noto, Notum, Nova1, Nova2, Nox1, Nox4, Noxa1, Npas1, Npas2, Npas3, Npas4, Npat, Npb, Npbwr1, Npc1, Npff, Npffr1, Npffr2, Nphp1, Nphp3, Nphp4, Nphs1, Nploc4, Npm1, Npm2, Npnt, Nppa, Nppb, Nppc, Npr1, Npr2, Npr3, Nprl2, Nprl3, Nps, Npsr1, Nptn, Nptxr, Npvf, Npw, Npy, Npy1r, Npy2r, Npy4r, Npy5r, Npy6r, Nqo1, Nqo2, Nr0b1, Nr0b2, Nr1d1, Nr1d2, Nr1h2, Nr1h3, Nr1h4, Nr1h5, Nr1i2, Nr1i3, Nr2c1, Nr2c2, Nr2e1, Nr2e3, Nr2f1, Nr2f2, Nr2f6, Nr3c1, Nr3c2, Nr4a1, Nr4a2, Nr4a3, Nr5a1, Nr5a2, Nr6a1, Nradd, Nrarp, Nras, Nrbf2, Nrbp1, Nrbp2, Nrcam, Nrdc, Nrde2, Nrep, Nrf1, Nrg1, Nrg2, Nrg3, Nrg4, Nrgn, Nrip1, Nrip2, Nrk, Nrl, Nrn1, Nron, Nrp1, Nrp2, Nrros, Nrtn, Nrxn1, Nrxn2, Nrxn3, Nscme3l, Nsd1, Nsd2, Nsd3, Nsdhl, Nsf, Nsfl1c, Nsg1, Nsmaf, Nsmce2, Nsmce3, Nsmf, Nsrp1, Nsun2, Nsun3, Nsun4, Nsun5, Ntf3, Ntf5, Ntm, Ntn1, Ntn3, Ntng1, Ntng2, Ntrk1, Ntrk2, Ntrk3, Nts, Ntsr1, Ntsr2, Nuak1, Nuak2, Nub1, Nubp1, Nucb1, Nucb2, Nucks1, Nudt12, Nudt15, Nudt16, Nudt16l1, Nudt16l2, Nudt21, Nudt6, Nuf2, Nufip1, Nuggc, Numa1, Numb, Numbl, Nup153, Nup155, Nup214, Nup54, Nup58, Nup62, Nup85, Nup93, Nup98, Nupr1, Nupr2, Nus1, Nusap1, Nutf2, Nutf2-ps1, Nvl, Nwd1, Nxn, Nxph1, Nxph4, Nyap1, Nyap2, Oas1a, Oas1b, Oas1c, Oas1d, Oas1e, Oas1f, Oas1g, Oas1h, Oas2, Oas3, Oasl1, Oasl2, Oaz1, Oaz2, Oaz3, Obi1, Obox1, Obox2, Obox3, Obox4, Obox5, Obox6, Obox7, Obox8, Obp2a, Obscn, Obsl1, Ociad1, Ocln, Ocrl, Ocstamp, Odad2, Odad3, Odam, Odc1, Odf2, Odf2l, Ofd1, Oga, Ogfod1, Ogg1, Ogn, Ogt, Olfm1, Olfm2, Olfm3, Olfm4, Olfm5, Olfml2a, Olfml2b, Olfml3, Olfr100, Olfr1060-ps1, Olfr197, Olfr255, Olfr256, Olfr363-ps, Olfr908, Olig1, Olig2, Olig3, Olr1, Oma1, Omg, Omp, Onecut1, Onecut2, Onecut3, Ooep, Oog1, Oog2, Oog3, Opa1, Opa3, Opalin, Ophn1, Opn1mw, Opn1sw, Opn3, Opn4, Opn5, Oprd1, Oprk1, Oprl1, Oprm1, Optn, Or10a2, Or10a3, Or10a3b, Or10a3m, Or10a3n, Or10a4, Or10a48, Or10a49, Or10a5, Or10aa1, Or10aa3, Or10ab4, Or10ab5, Or10ad1, Or10ad1b, Or10ad1c, Or10ag2, Or10ag52, Or10ag53, Or10ag56, Or10ag57, Or10ag58, Or10ag59, Or10ag60, Or10ak11, Or10ak13, Or10ak14, Or10ak16, Or10ak7, Or10ak8, Or10ak9, Or10al2, Or10al3, Or10al4, Or10al5, Or10al6, Or10al7, Or10am5, Or10b1, Or10c1, Or10d1, Or10d1b, Or10d1c, Or10d3, Or10d4, Or10d4b, Or10d4c, Or10d5, Or10d5j, Or10g1, Or10g1b, Or10g3, Or10g3b, Or10g6, Or10g7, Or10g9, Or10g9b, Or10h1, Or10h1b, Or10h28, Or10j27, Or10j3, Or10j3b, Or10j5, Or10j7, Or10k2, Or10n1, Or10p1, Or10p21, Or10p22, Or10q1, Or10q12, Or10q1b, Or10q3, Or10s1, Or10u3, Or10u4, Or10v1, Or10v5, Or10v9, Or10w1, Or10x1, Or10x4, Or10z1, Or11a4, Or11g1, Or11g2, Or11g24, Or11g25, Or11g26, Or11g27, Or11g7, Or11h23, Or11h4, Or11h4b, Or11h6, Or11h7, Or11i1, Or11j4, Or11l3, Or11m3, Or11n2, Or11q2, Or12d12, Or12d13, Or12d17, Or12d2, Or12e1, Or12e10, Or12e13, Or12e7, Or12e8, Or12e9, Or12j2, Or12j3, Or12j4, Or12j5, Or12k5, Or12k7, Or12k8, Or13a1, Or13a17, Or13a18, Or13a19, Or13a20, Or13a21, Or13a22, Or13a24, Or13a25, Or13a26, Or13a27, Or13a28, Or13ae2, Or13c25, Or13c3, Or13c7, Or13c7b, Or13c7c, Or13c7d, Or13d1, Or13e8, Or13f5, Or13g1, Or13j1, Or13l2, Or13n4, Or13p10, Or13p3, Or13p4, Or13p5, Or13p8, Or14a256, Or14a257, Or14a258, Or14a259, Or14a260, Or14c39, Or14c40, Or14c41, Or14c43, Or14c44, Or14c45, Or14c46, Or14j1, Or14j10, Or14j2, Or14j3, Or14j4, Or14j5, Or14j6, Or14j7, Or14j8, Or14j9, Or1a1, Or1a1b, Or1aa2, Or1ab2, Or1ad1, Or1ad6, Or1ad8, Or1af1, Or1ak2, Or1b1, Or1d2, Or1e1, Or1e16, Or1e17, Or1e19, Or1e1c, Or1e1f, Or1e21, Or1e22, Or1e23, Or1e25, Or1e26, Or1e29, Or1e30, Or1e31, Or1e32, Or1e33, Or1e34, Or1e35, Or1f12, Or1f19, Or1i2, Or1j1, Or1j10, Or1j11, Or1j12, Or1j13, Or1j14, Or1j15, Or1j16, Or1j17, Or1j18, Or1j19, Or1j20, Or1j21, Or1j4, Or1j8, Or1l4, Or1l4b, Or1l8, Or1m1, Or1n1, Or1n1b, Or1n2, Or1o1, Or1o11, Or1o2, Or1o3, Or1o4, Or1p1, Or1p1c, Or1q1, Or1r1, Or1s2, Or1x2, Or1x6, Or2a12, Or2a20, Or2a25, Or2a5, Or2a51, Or2a52, Or2a54, Or2a56, Or2a57, Or2a7, Or2aa1, Or2ab1, Or2ad1, Or2ag1, Or2ag12, Or2ag13, Or2ag15, Or2ag16, Or2ag17, Or2ag18, Or2ag19, Or2ag1b, Or2ag2, Or2ag20, Or2ag2b, Or2ah1, Or2aj4, Or2aj5, Or2aj6, Or2ak4, Or2ak5, Or2ak6, Or2ak7, Or2at1, Or2at4, Or2av9, Or2b11, Or2b2, Or2b28, Or2b2b, Or2b4, Or2b6, Or2b7, Or2bd2, Or2c1, Or2d2, Or2d3, Or2d36, Or2d4, Or2f1, Or2f1b, Or2f2, Or2g1, Or2g25, Or2g7, Or2h1, Or2h15, Or2h1b, Or2h2, Or2h2c, Or2i1, Or2j3, Or2j6, Or2k2, Or2l13, Or2l13b, Or2l5, Or2m12, Or2m13, Or2n1, Or2n1b, Or2n1c, Or2n1d, Or2n1e, Or2o1, Or2p2, Or2q1, Or2r11, Or2r2, Or2r3, Or2t1, Or2t26, Or2t29, Or2t43, Or2t44, Or2t45, Or2t46, Or2t47, Or2t48, Or2t49, Or2t6, Or2v1, Or2v2, Or2w2, Or2w25, Or2w3, Or2w3b, Or2w4, Or2w6, Or2y1, Or2y10, Or2y11, Or2y12, Or2y13, Or2y14, Or2y15, Or2y16, Or2y17, Or2y1b, Or2y1c, Or2y1d, Or2y1e, Or2y1f, Or2y1g, Or2y3, Or2y6, Or2y8, Or2z2, Or2z8, Or2z9, Or3a1, Or3a10, Or3a1b, Or3a1c, Or3a1d, Or3a4, Or4a15, Or4a2, Or4a27, Or4a39, Or4a47, Or4a66, Or4a67, Or4a68, Or4a69, Or4a70, Or4a71, Or4a72, Or4a73, Or4a74, Or4a75, Or4a76, Or4a77, Or4a78, Or4a79, Or4a81, Or4b1, Or4b12, Or4b13, Or4b1b, Or4b1c, Or4b1d, Or4c1, Or4c10, Or4c100, Or4c101, Or4c102, Or4c103, Or4c104, Or4c105, Or4c106, Or4c107, Or4c108, Or4c109, Or4c10b, Or4c11, Or4c110, Or4c111, Or4c112, Or4c113, Or4c114, Or4c115, Or4c116, Or4c117, Or4c118, Or4c11b, Or4c11c, Or4c12, Or4c120, Or4c121, Or4c122, Or4c123, Or4c124, Or4c125, Or4c126, Or4c127, Or4c12b, Or4c15, Or4c15b, Or4c29, Or4c3, Or4c31, Or4c35, Or4c3d, Or4c52, Or4c58, Or4d1, Or4d10, Or4d10b, Or4d10c, Or4d11, Or4d2, Or4d2b, Or4d5, Or4d6, Or4e1, Or4e2, Or4e5, Or4f14, Or4f14b, Or4f14d, Or4f15, Or4f17, Or4f47, Or4f4b, Or4f52, Or4f53, Or4f54, Or4f56, Or4f57, Or4f58, Or4f59, Or4f6, Or4f60, Or4f61, Or4f62, Or4f7, Or4g16, Or4g17, Or4g7, Or4k1, Or4k15, Or4k15b, Or4k15c, Or4k2, Or4k35, Or4k36, Or4k37, Or4k38, Or4k39, Or4k40, Or4k41, Or4k42, Or4k44, Or4k45, Or4k47, Or4k48, Or4k49, Or4k5, Or4k51, Or4k52, Or4k6, Or4k77, Or4l1, Or4l15, Or4m1, Or4n4, Or4n4b, Or4n5, Or4p18, Or4p19, Or4p20, Or4p22, Or4p23, Or4p7, Or4p8, Or4q3, Or4s2b, Or4x11, Or4x13, Or4x15, Or4x6, Or4z4, Or51a10, Or51a24, Or51a25, Or51a39, Or51a42, Or51a43, Or51a5, Or51a6, Or51a7, Or51a8, Or51aa2, Or51aa5, Or51ab3, Or51ac3, Or51af1, Or51ag1, Or51ah3, Or51ai2, Or51b17, Or51b4, Or51b6, Or51b6b, Or51d1, Or51e1, Or51e2, Or51f1, Or51f1d, Or51f1e, Or51f2, Or51f23, Or51f23b, Or51f5, Or51g1, Or51g2, Or51h1, Or51h5, Or51i1, Or51i2, Or51k1, Or51k2, Or51l14, Or51l4, Or51m1, Or51q1, Or51q1c, Or51r1, Or51s1, Or51t4, Or51v14, Or51v8, Or52a20, Or52a24, Or52a33, Or52a5, Or52a5b, Or52ab2, Or52ab4, Or52ab7, Or52ac1, Or52ad1, Or52ae7, Or52ae9, Or52b1, Or52b2, Or52b3, Or52b4, Or52d1, Or52d13, Or52d3, Or52e15, Or52e18, Or52e19b, Or52e2, Or52e3, Or52e4, Or52e5, Or52e7, Or52e8, Or52e8b, Or52h1, Or52h2, Or52h7, Or52h9, Or52i2, Or52j3, Or52k2, Or52l1, Or52m1, Or52m2, Or52n1, Or52n2, Or52n20, Or52n2b, Or52n2c, Or52n3, Or52n4, Or52n4b, Or52n5, Or52p1, Or52p2, Or52r1, Or52r1b, Or52r1c, Or52s1, Or52s19, Or52s1b, Or52s6, Or52u1, Or52w1, Or52x1, Or52z1, Or52z12, Or52z13, Or52z14, Or55b10, Or55b3, Or55b4, Or56a3, Or56a3b, Or56a4, Or56a5, Or56b1, Or56b1b, Or56b2, Or56b2j, Or56b34, Or56b35, Or56b6, Or5a1, Or5a3, Or5ac15, Or5ac16, Or5ac17, Or5ac19, Or5ac20, Or5ac21, Or5ac22, Or5ac23, Or5ac24, Or5ac25, Or5ae1, Or5ae2, Or5af1, Or5af2, Or5ak20, Or5ak22, Or5ak23, Or5ak24, Or5ak25, Or5ak4, Or5al1, Or5al5, Or5al6, Or5al7, Or5an1, Or5an10, Or5an11, Or5an1b, Or5an1c, Or5an6, Or5an9, Or5ap2, Or5aq1, Or5aq1b, Or5aq6, Or5aq7, Or5ar1, Or5as1, Or5au1, Or5b101, Or5b102, Or5b104, Or5b105, Or5b106, Or5b107, Or5b108, Or5b109, Or5b111, Or5b112, Or5b113, Or5b116, Or5b117, Or5b118, Or5b119, Or5b12, Or5b120, Or5b121, Or5b122, Or5b123, Or5b124, Or5b12b, Or5b21, Or5b24, Or5b3, Or5b94, Or5b95, Or5b96, Or5b97, Or5b98, Or5b99, Or5bb10, Or5be3, Or5bh3, Or5bw2, Or5c1, Or5d14, Or5d16, Or5d18, Or5d20, Or5d3, Or5d35, Or5d36, Or5d37, Or5d38, Or5d39, Or5d40, Or5d41, Or5d43, Or5d44, Or5d45, Or5d46, Or5d47, Or5e1, Or5g23, Or5g25, Or5g26, Or5g27, Or5g29, Or5g9, Or5h17, Or5h18, Or5h19, Or5h22, Or5h23, Or5h24-ps1, Or5h25, Or5h26, Or5i1, Or5j1, Or5j3, Or5k1, Or5k14, Or5k15, Or5k16, Or5k17, Or5k1b, Or5k3, Or5l13, Or5l14, Or5m10, Or5m10b, Or5m11b, Or5m12, Or5m13, Or5m13b, Or5m3, Or5m3b, Or5m5, Or5m8, Or5m9, Or5m9b, Or5o1, Or5p1, Or5p4, Or5p5, Or5p50, Or5p51, Or5p52, Or5p53, Or5p54, Or5p55, Or5p56, Or5p57, Or5p58, Or5p59, Or5p5c-ps1, Or5p6, Or5p60, Or5p61, Or5p62, Or5p63, Or5p64, Or5p66, Or5p67, Or5p68, Or5p69, Or5p70, Or5p72, Or5p73, Or5p76, Or5p78, Or5p79, Or5p80, Or5p81, Or5t15, Or5t16, Or5t17, Or5t18, Or5t5, Or5t7, Or5t9, Or5v1, Or5v1b, Or5w1, Or5w10, Or5w11, Or5w12, Or5w13, Or5w14, Or5w15, Or5w16, Or5w17, Or5w18, Or5w19, Or5w1b, Or5w20, Or5w22, Or5w8, Or6a2, Or6aa1, Or6ae1, Or6b1, Or6b13, Or6b2, Or6b2b, Or6b3, Or6b6, Or6b9, Or6c1, Or6c1b, Or6c2, Or6c200-ps1, Or6c201, Or6c202, Or6c203, Or6c205, Or6c206, Or6c207, Or6c208, Or6c209, Or6c210, Or6c211, Or6c212, Or6c213, Or6c214, Or6c215, Or6c216, Or6c217, Or6c219, Or6c2b, Or6c3, Or6c33, Or6c35, Or6c38, Or6c3b, Or6c5, Or6c5c, Or6c6, Or6c63-ps1, Or6c65, Or6c66, Or6c66b, Or6c68, Or6c69, Or6c69b, Or6c69c, Or6c6b, Or6c6c, Or6c70, Or6c74, Or6c75, Or6c76, Or6c76b, Or6c8, Or6c88, Or6c8b, Or6d12, Or6d13, Or6d14, Or6d15, Or6e1, Or6f1, Or6f2, Or6k14, Or6k2, Or6k4, Or6k6, Or6k8, Or6n1, Or6n2, Or6p1, Or6s1, Or6x1, Or6y1, Or6z1, Or6z3, Or6z5, Or6z6, Or6z7, Or7a35, Or7a36, Or7a37, Or7a38, Or7a39, Or7a40, Or7a41, Or7a42, Or7c19, Or7c70, Or7d10, Or7d11, Or7d9, Or7e165, Or7e166, Or7e168, Or7e169, Or7e170, Or7e173, Or7e174, Or7e175, Or7e176, Or7e177, Or7e178, Or7g12, Or7g16, Or7g17, Or7g18, Or7g19, Or7g20, Or7g21, Or7g22, Or7g23, Or7g25, Or7g26, Or7g27, Or7g28, Or7g29, Or7g30, Or7g31, Or7g32, Or7g33, Or7g34, Or7g35, Or7h8, Or8a1, Or8a1b, Or8b1, Or8b101, Or8b12, Or8b12b, Or8b12c, Or8b12i, Or8b1b, Or8b1c, Or8b1d, Or8b3, Or8b35, Or8b36, Or8b37, Or8b38, Or8b39, Or8b3b, Or8b4, Or8b40, Or8b41, Or8b42, Or8b43, Or8b44, Or8b46, Or8b47, Or8b48, Or8b49, Or8b50, Or8b51, Or8b52, Or8b53, Or8b54, Or8b55, Or8b56, Or8b57, Or8b8, Or8b9, Or8c10, Or8c11, Or8c13, Or8c15, Or8c16, Or8c17, Or8c18, Or8c20, Or8c8, Or8c9, Or8d1, Or8d1b, Or8d2, Or8d23, Or8d2b, Or8d4, Or8d6, Or8g17, Or8g18, Or8g19, Or8g2, Or8g20, Or8g21, Or8g22, Or8g23, Or8g24, Or8g26, Or8g27, Or8g28, Or8g2b, Or8g30, Or8g32, Or8g33, Or8g34, Or8g35, Or8g36, Or8g37, Or8g4, Or8g50, Or8g51, Or8g52, Or8g53, Or8g54, Or8g55, Or8h10, Or8h6, Or8h7, Or8h8, Or8h9, Or8i2, Or8j3, Or8j3b, Or8j3c, Or8k1, Or8k16, Or8k17, Or8k18, Or8k20, Or8k22, Or8k23, Or8k24, Or8k25, Or8k27, Or8k28, Or8k3, Or8k30, Or8k32, Or8k33, Or8k35, Or8k37, Or8k38, Or8k39, Or8k3b, Or8k40, Or8k41, Or8k53, Or8s10, Or8s16, Or8s2, Or8s5, Or8s8, Or8u10, Or8u3, Or8u8, Or8u9, Or8w1, Or9a2, Or9a4, Or9a7, Or9e1, Or9g10, Or9g19, Or9g20, Or9g3, Or9g4, Or9g4b, Or9g8, Or9i1, Or9i14, Or9i16, Or9i1b, Or9i2, Or9k2, Or9k2b, Or9k7, Or9m1, Or9m1b, Or9m2, Or9q1, Or9q2, Or9r3, Or9r7, Or9s13, Or9s14, Or9s15, Or9s18, Or9s23, Or9s27, Orai1, Orc1, Orc3, Orc5, Ormdl1, Ormdl2, Ormdl3, Os9, Osbp, Osbpl11, Osbpl2, Osbpl7, Osbpl8, Oscar, Osgin1, Osgin2, Osm, Osmr, Osr1, Osr2, Ostf1, Ostn, Otop1, Otp, Otub1, Otud3, Otud4, Otud5, Otud6b, Otud7b, Otulin, Otx1, Otx2, Ovgp1, Ovol1, Ovol2, Ovol3, Oxct1, Oxgr1, Oxr1, Oxsr1, Oxt, Oxtr, P2rx1, P2rx2, P2rx3, P2rx4, P2rx5, P2rx6, P2rx7, P2ry1, P2ry10, P2ry10b, P2ry12, P2ry13, P2ry14, P2ry2, P2ry4, P2ry6, P3h1, P3h2, P3h3, P3r3urf, P4hb, P4htm, Pa2g4, Pabir1, Pabpc1, Pabpc1l, Pabpc2, Pabpc4, Pabpn1, Pabpn1l, Pacsin1, Pacsin2, Pacsin3, Padi2, Padi6, Paf1, Pafah1b1, Pafah1b2, Pafah2, Pag1, Pagr1a, Paip1, Paip2, Paip2b, Pak1, Pak1ip1, Pak2, Pak3, Pak4, Pak5, Pak6, Pakap, Palb2, Palm, Palm3, Pals1, Pam, Pam16, Pan2, Pan3, Pank2, Pantr1, Pantr2, Panx1, Panx2, Panx3, Paox, Pappa, Pappa2, Paqr3, Paqr4, Pard3, Pard6a, Pard6b, Pard6g, Parg, Park7, Parl, Parn, Parp1, Parp10, Parp14, Parp16, Parp2, Parp3, Parp6, Parp8, Parp9, Parpbp, Pasd1, Pask, Pate4, Pate6, Patl1, Patl2, Patz1, Pawr, Pax1, Pax2, Pax3, Pax4, Pax5, Pax6, Pax7, Pax8, Pax9, Paxbp1, Paxip1, Pbk, Pbld1, Pbld2, Pbp2, Pbrm1, Pbx1, Pbx2, Pbx3, Pbx4, Pbxip1, Pcbd1, Pcbd2, Pcbp1, Pcbp2, Pcbp3, Pcbp4, Pcdh17, Pcdh8, Pcdhgc3, Pcdhgc4, Pcdhgc5, Pcgf1, Pcgf2, Pcgf3, Pcgf5, Pcgf6, Pcid2, Pcif1, Pck1, Pck2, Pclaf, Pclo, Pcm1, Pcmt1, Pcna, Pcnt, Pcp2, Pcp4, Pcsk1, Pcsk1n, Pcsk5, Pcsk9, Pctp, Pcx, Pdap1, Pdc, Pdcd1, Pdcd10, Pdcd1lg2, Pdcd2, Pdcd4, Pdcd5, Pdcd5-ps, Pdcd6, Pdcd6ip, Pdcd7, Pdcl, Pdcl3, Pde10a, Pde11a, Pde12, Pde1a, Pde1b, Pde1c, Pde2a, Pde3a, Pde3b, Pde4a, Pde4b, Pde4c, Pde4d, Pde4dip, Pde5a, Pde6a, Pde6b, Pde6c, Pde6d, Pde6g, Pde6h, Pde7a, Pde7b, Pde8a, Pde8b, Pde9a, Pdf, Pdgfa, Pdgfb, Pdgfc, Pdgfd, Pdgfra, Pdgfrb, Pdia3, Pdia4, Pdia6, Pdik1l, Pdk1, Pdk2, Pdk3, Pdk4, Pdlim1, Pdlim4, Pdlim5, Pdlim7, Pdp1, Pdp2, Pdpk1, Pdpn, Pds5a, Pds5b, Pdx1, Pdxk, Pdxp, Pdyn, Pdzd11, Pdzk1, Pea15a, Pea15b-ps, Peak1, Pear1, Pebp1, Pecam1, Pef1, Peg10, Peg12, Peg3, Peli1, Peli2, Peli3, Pelo, Pelp1, Pemt, Penk, Pepd, Per1, Per2, Per3, Perm1, Perp, Pes1, Pex11a, Pex11b, Pex14, Pex2, Pex5, Pex5l, Pf4, Pfdn1, Pfdn2, Pfdn4, Pfdn5, Pfdn6, Pfkfb1, Pfkfb2, Pfkl, Pfkm, Pfn1, Pfn2, Pfn3, Pgam2, Pgam5, Pgap1, Pgc, Pgf, Pggt1b, Pglyrp1, Pglyrp2, Pglyrp3, Pglyrp4, Pgp, Pgr, Pgr15l, Pgrmc1, Phactr1, Phactr4, Phax, Phb1, Phb2, Phc1, Phc2, Phc3, Phf1, Phf10, Phf12, Phf13, Phf14, Phf19, Phf2, Phf20, Phf20l1, Phf21a, Phf23, Phf24, Phf3, Phf5a, Phf6, Phf8, Phgdh, Phip, Phka1, Phkb, Phkg1, Phkg2, Phlda1, Phlda2, Phlda3, Phldb1, Phldb2, Phlpp1, Phlpp2, Phox2a, Phox2b, Phpt1, Pi16, Pi4ka, Pi4kb, Pias1, Pias2, Pias3, Pias4, Pibf1, Picalm, Pick1, Pid1, Pidd1, Pierce1, Piezo1, Pif1, Pigbos1, Pigr, Pigu, Pih1d1, Pik3ap1, Pik3c2a, Pik3c2b, Pik3c2g, Pik3c3, Pik3ca, Pik3cb, Pik3cd, Pik3cg, Pik3ip1, Pik3r1, Pik3r2, Pik3r3, Pik3r4, Pik3r5, Pik3r6, Pikfyve, Pilra, Pilrb1, Pim1, Pim2, Pim3, Pin1, Pin1rt1, Pin4, Pinc, Pink1, Pinx1, Pip, Pip4k2a, Pip4k2b, Pip4k2c, Pip4p1, Pip4p2, Pip5k1c, Pip5kl1, Pira1, Pira12, Pira13, Pira2, Pira6, Pirb, Pirt, Pisd, Pithd1, Pitpnc1, Pitx1, Pitx2, Pitx3, Piwil1, Piwil2, Piwil4, Pja2, Pjvk, Pkd1, Pkd2, Pkd2l1, Pkdcc, Pkhd1, Pkia, Pkib, Pkig, Pkm, Pkmyt1, Pkn1, Pkn2, Pkn3, Pknox1, Pknox2, Pkp1, Pkp2, Pkp3, Pkp4, Pla2g10, Pla2g1b, Pla2g2a, Pla2g2d, Pla2g2f, Pla2g3, Pla2g4a, Pla2g4e, Pla2g5, Pla2g6, Pla2g7, Pla2r1, Plaa, Plaat1, Plaat3, Plac8, Plag1, Plagl1, Plagl2, Plat, Platr25, Plau, Plaur, Plcb1, Plcb2, Plcb3, Plcb4, Plcd1, Plcd3, Plcd4, Plce1, Plcg1, Plcg2, Plch1, Plch2, Plcl1, Plcl2, Plcxd2, Plcxd3, Plcz1, Pld1, Pld2, Pld3, Pld4, Pld6, Plec, Plek, Plek2, Plekha1, Plekha2, Plekha4, Plekhb1, Plekhb2, Plekhf1, Plekhg2, Plekhg3, Plekhg5, Plekhh2, Plekhm1, Plekhm2, Plekhn1, Plekho1, Plet1, Plg, Plgrkt, Plin2, Plin3, Plin5, Plk1, Plk2, Plk3, Plk4, Plk5, Pllp, Pln, Plp1, Plpp1, Plpp2, Plpp3, Plpp6, Plpp7, Plppr1, Plppr2, Plppr3, Plppr4, Plppr5, Plrg1, Pls1, Pls3, Plscr1, Plscr2, Plscr3, Plvap, Plxna1, Plxna2, Plxna3, Plxna4, Plxnb1, Plxnb2, Plxnb3, Plxnc1, Plxnd1, Pm20d2, Pmaip1, Pmch, Pmel, Pmepa1, Pmf1, Pmfbp1, Pml, Pmp22, Pms2, Pnck, Pnkd, Pnkp, Pnldc1, Pnoc, Pnp, Pnp2, Pnpla2, Pnpla8, Pnpt1, Pnrc1, Pnrc2, Poc1a, Podn, Podxl, Pofut1, Pofut2, Pogk, Poglut1, Pogz, Pola1, Polb, Pold4, Poldip2, Poldip3, Pole3, Polg2, Polq, Polr1a, Polr2a, Polr2g, Polr3a, Polr3b, Polr3c, Polr3d, Polr3f, Polr3g, Pomc, Pomt1, Pomt2, Pon3, Popdc1, Por, Porcn, Postn, Pot1a, Pot1b, Potefam3a, Potefam3b, Pou1f1, Pou2af1, Pou2af2, Pou2af3, Pou2f1, Pou2f2, Pou2f3, Pou3f1, Pou3f2, Pou3f3, Pou3f4, Pou4f1, Pou4f2, Pou4f3, Pou5f1, Pou5f2, Pou6f1, Pou6f2, Pp2d1, Ppan, Ppara, Ppard, Pparg, Ppargc1a, Ppargc1b, Ppbp, Ppdpf, Ppef1, Ppef2, Ppfia1, Ppfia2, Ppfia3, Pphln1, Ppia, Ppib, Ppic, Ppid, Ppie, Ppif, Ppig, Ppih, Ppil1, Ppil3, Ppil4, Ppl, Ppm1a, Ppm1b, Ppm1d, Ppm1e, Ppm1f, Ppm1g, Ppm1h, Ppm1j, Ppm1k, Ppm1l, Ppm1m, Ppm1n, Ppp1ca, Ppp1cb, Ppp1cc, Ppp1r10, Ppp1r11, Ppp1r12a, Ppp1r12b, Ppp1r12c, Ppp1r13b, Ppp1r13l, Ppp1r14c, Ppp1r15a, Ppp1r15b, Ppp1r16b, Ppp1r17, Ppp1r1a, Ppp1r1b, Ppp1r1c, Ppp1r2, Ppp1r35, Ppp1r3a, Ppp1r3b, Ppp1r3c, Ppp1r3d, Ppp1r3e, Ppp1r3f, Ppp1r3g, Ppp1r42, Ppp1r9a, Ppp1r9b, Ppp2ca, Ppp2cb, Ppp2r1a, Ppp2r1b, Ppp2r2a, Ppp2r2b, Ppp2r2d, Ppp2r3a, Ppp2r3c, Ppp2r3d, Ppp2r5a, Ppp2r5b, Ppp2r5c, Ppp2r5d, Ppp2r5e, Ppp3ca, Ppp3cb, Ppp3cc, Ppp3r1, Ppp3r2, Ppp4c, Ppp4r2, Ppp4r3a, Ppp4r3b, Ppp4r3c1, Ppp4r3c2, Ppp5c, Ppp6c, Ppp6r1, Ppp6r2, Ppp6r3, Pprc1, Ppt1, Pptc7, Ppwd1, Ppy, Pqbp1, Prag1, Pram1, Pramel1, Pramel7, Prap1, Prc1, Prcc, Prcp, Prdm1, Prdm10, Prdm11, Prdm12, Prdm13, Prdm14, Prdm15, Prdm16, Prdm2, Prdm4, Prdm5, Prdm6, Prdm8, Prdm9, Prdx1, Prdx2, Prdx3, Prdx4, Prdx5, Prdx6, Prdx6b, Preb, Prelid1, Prepl, Prex1, Prex2, Prf1, Prg2, Prg3, Prg4, Prickle1, Prickle2, Prkaa1, Prkaa2, Prkab1, Prkab2, Prkaca, Prkacb, Prkag1, Prkag2, Prkag3, Prkar1a, Prkar1b, Prkar2a, Prkar2b, Prkca, Prkcb, Prkcd, Prkce, Prkcg, Prkch, Prkci, Prkcq, Prkcsh, Prkcz, Prkd1, Prkd2, Prkd3, Prkdc, Prkg1, Prkg2, Prkn, Prkra, Prkrip1, Prkx, Prl, Prl2a1, Prl2b1, Prl2c1, Prl2c2, Prl2c3, Prl2c5, Prl3a1, Prl3b1, Prl3c1, Prl3d1, Prl3d2, Prl3d3, Prl4a1, Prl5a1, Prl6a1, Prl7a1, Prl7a2, Prl7b1, Prl7c1, Prl7d1, Prl8a1, Prl8a2, Prl8a6, Prl8a8, Prl8a9, Prlh, Prlhr, Prlr, Prmt1, Prmt2, Prmt3, Prmt5, Prmt6, Prmt7, Prmt8, Prmt9, Prnp, Proc, Prodh, Prok1, Prok2, Prokr1, Prokr2, Prom1, Prom2, Prop1, Pros1, Prox1, Prox2, Prpf18, Prpf19, Prpf40a, Prpf4b, Prpf6, Prr11, Prr16, Prr5, Prr5l, Prr7, Prrt1, Prrt2, Prrx1, Prrx2, Prss22, Prss33, Prss37, Prss8, Prtg, Prtn3, Prune1, Prx, Prxl2a, Prxl2c, Psap, Psapl1, Psca, Psd, Psd2, Psd3, Psd4, Psen1, Psen2, Psenen, Psg18, Psg22, Psg23, Psg29, Psip1, Psma3, Psma6, Psma8, Psmb8, Psmc3ip, Psmc5, Psmc6, Psmd1, Psmd10, Psmd14, Psmd2, Psmd3, Psmd9, Psme1, Psme2, Psme3, Psme3ip1, Psmf1, Psmg2, Pspc1, Pspn, Psrc1, Pstk, Ptafr, Ptbp1, Ptbp2, Ptbp3, Ptcd2, Ptcd3, Ptch1, Ptch2, Ptchd1, Ptcra, Pten, Ptf1a, Ptgdr, Ptgdr2, Ptgds, Ptger1, Ptger2, Ptger3, Ptger4, Ptges, Ptges2, Ptges3, Ptges3-ps, Ptgfr, Ptgir, Ptgis, Ptgr1, Ptgr3, Ptgs1, Ptgs2, Ptgs2os, Ptgs2os2, Pth, Pth1r, Pth2, Pth2r, Pthlh, Ptk2, Ptk2b, Ptk6, Ptk7, Ptma, Ptms, Ptn, Ptov1, Ptp4a1, Ptp4a3, Ptpa, Ptpdc1, Ptpmt1, Ptpn1, Ptpn11, Ptpn12, Ptpn13, Ptpn14, Ptpn2, Ptpn22, Ptpn23, Ptpn3, Ptpn5, Ptpn6, Ptpn7, Ptpn9, Ptpra, Ptprb, Ptprc, Ptprd, Ptpre, Ptprf, Ptprg, Ptprh, Ptprj, Ptprk, Ptprm, Ptprn, Ptpro, Ptprq, Ptprr, Ptprs, Ptprt, Ptpru, Ptprv, Ptprz1, Ptrh2, Pttg1, Pttg1ip, Ptx3, Puf60, Pum1, Pum2, Pum3, Pura, Purb, Purg, Pus1, Pus10, Pus7, Pvr, Pvrig, Pwp1, Pwwp2a, Pwwp2b, Pxk, Pxn, Pxt1, Pxylp1, Pycard, Pycr1, Pygo1, Pygo2, Pym1, Pyy, Qars1, Qki, Qrfp, Qrfpr, Qrfprl, Qrich1, Qrich2, Qsox1, Rab11a, Rab11b, Rab11fip1, Rab11fip2, Rab11fip3, Rab11fip4, Rab11fip5, Rab12, Rab13, Rab14, Rab15, Rab17, Rab1a, Rab1b, Rab21, Rab23, Rab25, Rab26, Rab27a, Rab27b, Rab29, Rab2b, Rab30, Rab31, Rab33a, Rab33b, Rab34, Rab35, Rab37, Rab38, Rab39, Rab39b, Rab3a, Rab3b, Rab3c, Rab3d, Rab3gap1, Rab3gap2, Rab3ip, Rab40b, Rab40c, Rab4a, Rab4b, Rab5a, Rab5b, Rab5c, Rab7, Rab7b, Rab8a, Rab8b, Rab9, Rab9b, Rabep1, Rabep2, Rabgap1l, Rabgef1, Rabif, Rabl3, Rac1, Rac2, Rac3, Racgap1, Rack1, Rad1, Rad17, Rad18, Rad21, Rad23a, Rad23b, Rad50, Rad51, Rad51ap1, Rad51b, Rad51c, Rad51d, Rad52, Rad54l2, Rad9a, Rad9b, Radil, Radx, Rae1, Raet1a, Raet1b, Raet1c, Raet1d, Raet1e, Raf1, Rag1, Rag2, Rai1, Rala, Ralb, Ralbp1, Ralgapa1, Ralgapa2, Ralgapb, Ralgds, Ralgps1, Ralgps2, Raly, Ramp1, Ramp2, Ramp3, Ran, Ranbp1, Ranbp2, Ranbp3l, Ranbp9, Rangap1, Rangrf, Rap1a, Rap1b, Rap1gap, Rap1gap2, Rap1gds1, Rap2a, Rap2b, Rap2c, Rapgef1, Rapgef2, Rapgef3, Rapgef4, Rapgef5, Rapgef6, Rapgefl1, Rapsn, Rara, Rarb, Rarg, Rarres2, Rasa1, Rasa2, Rasa3, Rasa4, Rasal1, Rasal2, Rasal3, Rasd1, Rasd2, Rasgef1a, Rasgef1b, Rasgef1c, Rasgrf1, Rasgrf2, Rasgrp1, Rasgrp2, Rasgrp3, Rasgrp4, Rasip1, Rasl10b, Rasl11a, Rasl11b, Rassf1, Rassf10, Rassf2, Rassf3, Rassf4, Rassf5, Rassf6, Rassf7, Rassf8, Rassf9, Rax, Rb1, Rb1cc1, Rbak, Rbbp4, Rbbp5, Rbbp6, Rbbp7, Rbbp8, Rbbp9, Rbck1, Rbfox1, Rbfox2, Rbfox3, Rbl1, Rbl2, Rbm10, Rbm11, Rbm12, Rbm12b1, Rbm12b2, Rbm14, Rbm15, Rbm15b, Rbm20, Rbm22, Rbm24, Rbm25, Rbm3, Rbm31y, Rbm33, Rbm38, Rbm39, Rbm4, Rbm42, Rbm46, Rbm47, Rbm4b, Rbm5, Rbm7, Rbm8a, Rbm8a2, Rbms3, Rbmx, Rbmxl1, Rbmxl2, Rbmy, Rbmyf1, Rbmyf3, Rbmyf6, Rbmyf9, Rbp1, Rbp4, Rbpj, Rbpjl, Rbpms, Rbpms2, Rbsn, Rbx1, Rbx1-ps, Rc3h1, Rc3h2, Rcan1, Rcan2, Rcan3, Rcc1, Rcc1l, Rcc2, Rchy1, Rcn3, Rcor1, Rcor2, Rcor3, Rcvrn, Rd3, Rdh1, Rdh10, Rdh16, Rdh16f2, Rdh19, Rdh9, Rdx, Reck, Recql4, Recql5, Reep1, Reep2, Reep6, Reg1, Reg2, Reg3a, Reg3b, Reg3d, Reg3g, Rel, Rela, Relb, Rell1, Rell2, Reln, Rem1, Ren1, Ren2, Reno1, Repin1, Rer1, Rere, Rerg, Resf1, Rest, Ret, Retn, Retnla, Retnlb, Retnlg, Retreg1, Retreg3, Rex2, Rfc1, Rfc2, Rfc3, Rfc4, Rfc5, Rffl, Rflna, Rflnb, Rfng, Rfpl4, Rftn1, Rfwd3, Rfx1, Rfx2, Rfx3, Rfx4, Rfx5, Rfx6, Rfx7, Rfx8, Rfxank, Rfxap, Rgcc, Rgl1, Rgl2, Rgl3, Rgma, Rgmb, Rgn, Rgp1, Rgr, Rgs1, Rgs10, Rgs11, Rgs12, Rgs13, Rgs14, Rgs16, Rgs17, Rgs18, Rgs19, Rgs2, Rgs20, Rgs22, Rgs3, Rgs4, Rgs5, Rgs6, Rgs7, Rgs7bp, Rgs8, Rgs9, Rgs9bp, Rhbdd1, Rhbdd3, Rhbdf1, Rhbdf2, Rheb, Rhebl1, Rhno1, Rho, Rhoa, Rhob, Rhobtb1, Rhobtb2, Rhobtb3, Rhoc, Rhod, Rhof, Rhog, Rhoh, Rhoj, Rhoq, Rhot1, Rhot2, Rhou, Rhov, Rhox1, Rhox10, Rhox11, Rhox12, Rhox13, Rhox2a, Rhox2b, Rhox2c, Rhox2d, Rhox2f, Rhox2g, Rhox2h, Rhox3a, Rhox3c, Rhox3f, Rhox3g, Rhox3h, Rhox4a, Rhox4b, Rhox4c, Rhox4d, Rhox4e, Rhox4f, Rhox4g, Rhox5, Rhox6, Rhox7a, Rhox7b, Rhox8, Rhox9, Rhpn1, Rhpn2, Rian, Ric1, Ric3, Ric8a, Ric8b, Rictor, Rida, Rif1, Rigi, Rilp, Rilpl1, Rimbp2, Rims1, Rims2, Rims3, Rims4, Rin1, Rin2, Rin3, Ring1, Rint1, Riok1, Riok2, Riok3, Riox1, Riox2, Ripk1, Ripk2, Ripk3, Ripk4, Ripor1, Ripor2, Ripply1, Ripply2, Ripply3, Rit1, Rit2, Rita1, Rlf, Rlim, Rln1, Rln3, Rmc1, Rmi2, Rmnd1, Rnase10, Rnase9, Rnaseh2b, Rnasel, Rnd1, Rnd2, Rnd3, Rnf10, Rnf111, Rnf112, Rnf113a1, Rnf113a2, Rnf115, Rnf122, Rnf125, Rnf126, Rnf128, Rnf13, Rnf135, Rnf138, Rnf139, Rnf14, Rnf141, Rnf144a, Rnf144b, Rnf146, Rnf149, Rnf152, Rnf157, Rnf167, Rnf168, Rnf169, Rnf170, Rnf180, Rnf183, Rnf185, Rnf186, Rnf187, Rnf19a, Rnf2, Rnf20, Rnf207, Rnf213, Rnf216, Rnf220, Rnf25, Rnf26, Rnf26rt, Rnf31, Rnf34, Rnf4, Rnf40, Rnf41, Rnf43, Rnf5, Rnf6, Rnf7, Rnf8, Rnft1, Rnft2, Rnh1, Rnps1, Rnu12, Ro60, Robo1, Robo2, Robo3, Robo4, Rock1, Rock2, Rogdi, Rom1, Romo1, Ropn1, Ropn1l, Ror1, Ror2, Rora, Rorb, Rorc, Ros1, Rp1, Rp1l1, Rpa1, Rpa2, Rpa3, Rpap2, Rpf2, Rpgrip1l, Rph3a, Rph3al, Rpl10, Rpl10-ps3, Rpl11, Rpl13a, Rpl17, Rpl23, Rpl24, Rpl26, Rpl37, Rpl37rt, Rpl38, Rpl3l, Rpl4, Rpl5, Rplp1, Rprd1b, Rprm, Rps12, Rps13, Rps14, Rps15, Rps15a, Rps19, Rps2, Rps20, Rps23rg1, Rps26, Rps27l, Rps3, Rps3a1, Rps4x, Rps6, Rps6-ps4, Rps6ka1, Rps6ka2, Rps6ka3, Rps6ka4, Rps6ka5, Rps6ka6, Rps6kb1, Rps6kb2, Rps7, Rps9, Rptor, Rpusd3, Rpusd4, Rrad, Rraga, Rragb, Rragc, Rragd, Rras, Rras2, Rrbp1, Rreb1, Rrh, Rrm1, Rrm2, Rrm2b, Rrn3, Rrp1b, Rrp8, Rrs1, Rsad2, Rsc1a1, Rsf1, Rsl1, Rsl1d1, Rslcan18, Rsph4a, Rspo1, Rspo2, Rspo3, Rspo4, Rsu1, Rtca, Rtel1, Rtf1, Rtkn, Rtkn2, Rtn1, Rtn2, Rtn3, Rtn4, Rtn4ip1, Rtn4r, Rtn4rl1, Rtn4rl2, Rtraf, Rubcn, Rubcnl, Rufy1, Rufy3, Rufy4, Rundc3a, Runx1, Runx1t1, Runx2, Runx3, Ruvbl1, Ruvbl2, Rwdd1, Rwdd3, Rxfp1, Rxfp2, Rxfp3, Rxfp4, Rxra, Rxrb, Rxrg, Rybp, Rybp-ps, Ryk, Ryr1, Ryr2, Ryr3, S100a1, S100a10, S100a11, S100a11-ps, S100a13, S100a14, S100a4, S100a7l2, S100a8, S100a9, S100b, S1pr1, S1pr2, S1pr3, S1pr4, S1pr5, S2bpcox16, Saa3, Saal1, Sac3d1, Sacs, Sae1, Safb, Safb2, Sag, Sall1, Sall2, Sall3, Sall4, Samd1, Samd10, Samd11, Samd12, Samd14, Samd15, Samd4, Samd4b, Samd5, Samd7, Samd8, Samd9l, Samhd1, Samsn1, Samtor, Sap130, Sap18, Sap18b, Sap25, Sap30, Sap30bp, Sap30l, Sapcd2, Sar1a, Sar1b, Sarm1, Sarnp, Sars1, Sart1, Sart3, Sash1, Sash3, Sass6, Sat1, Satb1, Satb2, Sav1, Saxo1, Sbf1, Sbk2, Sbno1, Sbno2, Sc5d, Scaf4, Scaf8, Scai, Scamp5, Scand1, Scap, Scarb1, Scarb2, Scarf1, Scd1, Scel, Scfd1, Scg2, Scg5, Scgb1a1, Scgb2a2, Scgb3a1, Scgn, Schip1, Scimp, Scin, Scly, Scmh1, Scml2, Scml4, Scn10a, Scn11a, Scn1b, Scn2a, Scn2b, Scn3b, Scn4b, Scn5a, Scn7a, Sco1, Scoc, Scp2, Scrib, Scrn1, Scrt1, Scrt2, Sct, Sctr, Scube1, Scube2, Scube3, Scx, Scyl2, Sdc1, Sdc2, Sdc3, Sdc4, Sdcbp, Sdccag8, Sde2, Sdf2l1, Sdhaf2, Sdhd, Sdr16c5, Sec1, Sec13, Sec14l1, Sec14l2, Sec16a, Sec16b, Sec22b, Sec24a, Sec24b, Secisbp2, Sectm1a, Sectm1b, Seh1l, Sel1l, Sele, Selenok, Selenon, Selenos, Selenot, Sell, Selp, Selplg, Sema3a, Sema3b, Sema3c, Sema3d, Sema3e, Sema3f, Sema3g, Sema4a, Sema4b, Sema4c, Sema4d, Sema4f, Sema4g, Sema5a, Sema5b, Sema6a, Sema6b, Sema6c, Sema6d, Sema7a, Senp1, Senp2, Senp3, Senp6, Sepsecs, Septin1, Septin11, Septin2, Septin4, Septin5, Septin8, Septin9, Serbp1, Sergef, Serinc3, Serp1, Serp2, Serpina12, Serpina5, Serpinb10, Serpinb11, Serpinb12, Serpinb13, Serpinb1a, Serpinb1b, Serpinb1c, Serpinb2, Serpinb3a, Serpinb3b, Serpinb3c, Serpinb3d, Serpinb5, Serpinb6a, Serpinb6b, Serpinb6c, Serpinb6d, Serpinb6e, Serpinb7, Serpinb8, Serpinb9, Serpinb9b, Serpinb9c, Serpinb9d, Serpinb9e, Serpinb9f, Serpinb9g, Serpinb9h, Serpind1, Serpine1, Serpine2, Serpine3, Serpinf1, Serpinf2, Serping1, Serpinh1, Serpini1, Serpini2, Sertad1, Sertad2, Sertad3, Sesn1, Sesn2, Sesn3, Sestd1, Set, Setbp1, Setd1a, Setd2, Setd3, Setd4, Setd5, Setd6, Setd7, Setdb1, Setdb2, Setmar, Setx, Sez6, Sez6l, Sez6l2, Sf1, Sf3a2, Sf3b1, Sf3b3, Sf3b5, Sfmbt1, Sfmbt2, Sfn, Sfpq, Sfr1, Sfrp1, Sfrp2, Sfrp4, Sfrp5, Sfswap, Sftpa1, Sftpd, Sfxn5, Sgcd, Sgf29, Sgip1, Sgk1, Sgk2, Sgk3, Sgms1, Sgms1os1, Sgo2a, Sgpl1, Sgpp1, Sgpp2, Sgsm1, Sgsm3, Sgta, Sh2b1, Sh2b2, Sh2b3, Sh2d1a, Sh2d1b1, Sh2d1b2, Sh2d3c, Sh2d6, Sh3bgrl, Sh3bp1, Sh3bp2, Sh3bp4, Sh3bp5, Sh3bp5l, Sh3d19, Sh3gl1, Sh3gl2, Sh3gl3, Sh3glb1, Sh3kbp1, Sh3pxd2b, Sh3rf1, Sh3rf2, Sh3rf3, Sh3tc2, Sh3yl1, Shank1, Shank2, Shank3, Sharpin, Shb, Shc1, Shc2, Shc3, Shc4, Shcbp1, Shcbp1l, Shfl, Shh, Shisa2, Shisa3, Shisa5, Shisa6, Shisa7, Shisa8, Shisa9, Shkbp1, Shld1, Shld2, Shld3, Shmt1, Shmt2, Shoc2, Shox2, Shpk, Shq1, Shroom2, Shtn1, Siah1a, Siah1b, Siah2, Siah3, Sidt2, Sigirr, Siglec1, Siglec15, Siglece, Siglecf, Siglecg, Sigmar1, Sik1, Sik2, Sik3, Sike1, Sim1, Sim2, Sin3a, Sin3b, Sinhcaf, Sipa1, Sipa1l1, Sipa1l2, Sipa1l3, Sirpa, Sirpb1a, Sirt1, Sirt2, Sirt3, Sirt4, Sirt5, Sirt6, Sirt7, Sit1, Siva1, Six1, Six2, Six3, Six3os1, Six4, Six5, Six6, Ska1, Ska2, Ska3, Skap1, Skap2, Ski, Skic2, Skic3, Skic8, Skil, Skint1, Skint10, Skint11, Skint2, Skint3, Skint4, Skint5, Skint6, Skint7, Skint8, Skint9, Skor1, Skor2, Skp1, Skp2, Sla, Sla2, Slain1, Slain2, Slamf1, Slamf6, Slamf7, Slamf8, Slc10a4, Slc11a1, Slc12a2, Slc12a3, Slc12a5, Slc15a2, Slc15a3, Slc15a4, Slc16a1, Slc16a2, Slc17a7, Slc17a8, Slc18a1, Slc18a3, Slc19a1, Slc1a1, Slc1a2, Slc1a3, Slc1a7, Slc22a13, Slc22a2, Slc22a22, Slc23a2, Slc24a1, Slc24a2, Slc24a3, Slc24a4, Slc24a5, Slc25a12, Slc25a14, Slc25a22, Slc25a23, Slc25a27, Slc25a31, Slc25a33, Slc25a37, Slc25a4, Slc25a44, Slc25a5, Slc26a4, Slc26a5, Slc26a6, Slc26a9, Slc27a1, Slc27a4, Slc29a1, Slc2a10, Slc2a13, Slc2a2, Slc2a3, Slc2a4, Slc2a6, Slc2a8, Slc30a1, Slc30a10, Slc30a8, Slc30a9, Slc31a1, Slc31a2, Slc34a1, Slc35a4, Slc35b4, Slc35c1, Slc35c2, Slc35d3, Slc35f6, Slc36a2, Slc37a4, Slc38a1, Slc38a2, Slc38a3, Slc38a9, Slc39a10, Slc39a12, Slc39a14, Slc39a5, Slc39a6, Slc39a7, Slc39a8, Slc39a9, Slc40a1, Slc43a1, Slc43a2, Slc44a4, Slc45a3, Slc46a2, Slc4a1, Slc4a10, Slc4a11, Slc4a2, Slc4a4, Slc4a5, Slc4a8, Slc51b, Slc5a3, Slc6a1, Slc6a3, Slc6a4, Slc6a6, Slc6a9, Slc7a1, Slc7a10, Slc7a11, Slc7a2, Slc7a3, Slc7a5, Slc7a7, Slc8a1, Slc8a2, Slc8a3, Slc8b1, Slc9a1, Slc9a6, Slc9b2, Slco1c1, Slco3a1, Slf1, Slf2, Slfn1, Slfn14, Slfn2, Slfn3, Slirp, Slit1, Slit2, Slit3, Slitrk1, Slitrk2, Slitrk3, Slitrk4, Slitrk5, Slitrk6, Slk, Slmap, Sln, Sltm, Slurp1, Slurp2, Slx, Slx1b, Slx4, Slxl1, Sly, Smad1, Smad2, Smad3, Smad4, Smad5, Smad6, Smad7, Smad9, Smap1, Smarca1, Smarca2, Smarca4, Smarca5, Smarcad1, Smarcal1, Smarcb1, Smarcc1, Smarcc2, Smarcd1, Smarcd2, Smarcd3, Smarce1, Smc2, Smc3, Smc4, Smc5, Smc6, Smchd1, Smcr8, Smg1, Smg5, Smg6, Smg7, Smg8, Smg9, Smim22, Smim30, Smim43, Smn1, Smo, Smoc1, Smoc2, Smok3a, Smpd1, Smpd2, Smpd3, Smpdl3a, Smpdl3b, Smtnl1, Smu1, Smurf1, Smurf2, Smyd1, Smyd2, Smyd3, Smyd5, Snai1, Snai2, Snai3, Snap23, Snap25, Snap29, Snap47, Snap91, Snapin, Snca, Sncaip, Sncb, Sncg, Snd1, Snf8, Snhg15, Snhg20, Snip1, Snph, Snrnp70, Snta1, Snw1, Snx1, Snx12, Snx13, Snx14, Snx17, Snx18, Snx25, Snx27, Snx3, Snx30, Snx33, Snx4, Snx5, Snx6, Snx7, Snx9, Soat1, Socs1, Socs2, Socs3, Socs4, Socs5, Socs6, Socs7, Sod1, Sod2, Sohlh1, Sohlh2, Son, Sorbs1, Sorbs2, Sorbs3, Sorcs2, Sorcs3, Sorl1, Sort1, Sos1, Sos2, Sost, Sostdc1, Sox1, Sox10, Sox11, Sox12, Sox13, Sox14, Sox15, Sox17, Sox18, Sox2, Sox21, Sox3, Sox30, Sox4, Sox5, Sox6, Sox7, Sox8, Sox9, Sp1, Sp100, Sp110, Sp140, Sp140l1, Sp140l2, Sp2, Sp3, Sp4, Sp5, Sp6, Sp7, Sp8, Sp9, Spaar, Spaca7, Spag11a, Spag5, Spag6l, Spag8, Spag9, Sparc, Sparcl1, Spart, Spast, Spata13, Spata18, Spata2, Spata22, Spata4, Spatc1l, Spc24, Spc25, Spdef, Spdl1, Spdya, Spdye4a, Specc1l, Spef1, Spef1l, Spen, Spg11, Spg21, Spg7, Sphk1, Sphk2, Spi1, Spib, Spic, Spice1, Spidr, Spin1, Spin2c, Spin2d, Spin2e, Spin2g, Spin2h, Spin4, Spindoc, Spink1, Spink12, Spink2, Spink5, Spink6, Spink7, Spinkl, Spint1, Spint2, Spire1, Spire2, Spn, Spns2, Spocd1, Spock1, Spock2, Spock3, Spon1, Spon2, Spop, Spopfm2, Spopfm3, Spopl, Spout1, Spp1, Sppl3, Spred1, Spred2, Spred3, Spring1, Sprtn, Spry1, Spry2, Spry3, Spry4, Spsb2, Spsb3, Spsb4, Spta1, Sptan1, Sptb, Sptbn1, Sptbn2, Sptbn4, Sptlc1, Sptlc2, Spty2d1, Spx, Spz1, Sqle, Sqstm1, Sra1, Srarp, Src, Srcin1, Srebf1, Srebf2, Srf, Srgap1, Srgap2, Srgap3, Srgn, Sri, Srms, Srp9, Srpk1, Srpk2, Srpk3, Srpx, Srpx2, Srrd, Srrm1, Srrm4, Srrt, Srsf1, Srsf10, Srsf12, Srsf19, Srsf2, Srsf3, Srsf4, Srsf5, Srsf6, Srsf7, Srsf9, Sry, Ss18, Ss18l1, Ssb, Ssbp1, Ssbp2, Ssbp3, Ssbp4, Ssc5d, Ssh1, Ssh2, Ssh3, Ssrp1, Sst, Sstr1, Sstr2, Sstr3, Sstr4, Sstr5, Ssty1, Ssty2, Ssu72, Ssx2ip, Ssxa1, St13, St18, St3gal1, St3gal4, St6gal1, St7l, St8sia1, St8sia2, Stac, Stac2, Stac3, Stam, Stam2, Stambp, Stambpl1, Stap1, Star, Stard10, Stard13, Stard4, Stard8, Stat1, Stat2, Stat3, Stat4, Stat5a, Stat5b, Stat6, Stau1, Stau2, Stc1, Stc2, Steap3, Stfa1, Stfa2, Stfa2l1, Stfa3, Stil, Stim1, Stim2, Stimate, Sting1, Stk10, Stk11, Stk16, Stk17b, Stk19, Stk24, Stk25, Stk26, Stk3, Stk32a, Stk32b, Stk32c, Stk33, Stk35, Stk36, Stk38, Stk38l, Stk39, Stk4, Stk40, Stmn1, Stmn2, Stmn3, Stmn4, Stmnd1, Stmp1, Stn1, Stom, Stoml2, Stoml3, Ston1, Ston2, Stox1, Stox2, Stpg1, Stpg4, Stra6, Stra8, Strada, Stradb, Strap, Strip1, Strit1, Strm, Strn, Strn3, Strn4, Sts, Stub1, Stx18, Stx1a, Stx1b, Stx3, Stx4a, Stx5a, Stx6, Stx7, Stx8, Stxbp1, Stxbp2, Stxbp3, Stxbp4, Stxbp5, Stxbp5l, Stxbp6, Styx, Styx-ps, Styxl1, Styxl2, Sub1, Sucnr1, Suco, Suds3, Sufu, Sulf1, Sulf2, Sult1e1, Sult2b1, Sumf2, Sumo1, Sumo2, Sumo3, Sun2, Sun5, Supt20, Supt3, Supt4a, Supt4b, Supt5, Supt6, Supt7l, Supv3l1, Surf4, Susd2, Susd4, Susd5, Suv39h1, Suv39h2, Suz12, Sv2b, Sv2c, Svbp, Svep1, Svil, Svip, Swap70, Syap1, Sybu, Syce3, Sycp1, Sycp2, Sycp2l, Syde1, Syde2, Syf2, Syk, Syn1, Syncrip, Syndig1, Syne1, Syne2, Syngap1, Syngr1, Syngr3, Synj1, Synj2bp, Synpo, Synpo2, Synpo2l, Synpr, Syp, Syt1, Syt10, Syt11, Syt12, Syt13, Syt15, Syt17, Syt2, Syt3, Syt4, Syt5, Syt6, Syt7, Syt8, Syt9, Sytl4, Syvn1, Szt2, T, Taar1, Taar2, Taar3, Taar4, Taar5, Taar6, Taar7a, Taar7b, Taar7d, Taar7e, Taar7f, Taar8a, Taar8b, Taar8c, Taar9, Tab1, Tab2, Tab3, Tac1, Tac2, Tac4, Tacc1, Tacc2, Tacc3, Taco1, Tacr1, Tacr2, Tacr3, Tacstd2, Tada1, Tada2a, Tada2b, Tada3, Taf1, Taf10, Taf11, Taf12, Taf13, Taf15, Taf1d, Taf2, Taf3, Taf4, Taf4b, Taf5, Taf5l, Taf6, Taf6l, Taf7, Taf8, Taf9, Taf9b, Tafa1, Tafa3, Tafa4, Tafa5, Tagap, Tagln3, Tal1, Tal2, Tamalin, Tanc1, Tanc2, Tank, Taok1, Taok2, Taok3, Tap1, Tap2, Tapbp, Tapt1, Tarbp2, Tardbp, Tarm1, Tas1r1, Tas1r2, Tas1r3, Tas2r102, Tas2r103, Tas2r104, Tas2r105, Tas2r106, Tas2r107, Tas2r108, Tas2r109, Tas2r110, Tas2r113, Tas2r114, Tas2r116, Tas2r117, Tas2r118, Tas2r119, Tas2r120, Tas2r121, Tas2r123, Tas2r124, Tas2r125, Tas2r126, Tas2r129, Tas2r130, Tas2r131, Tas2r134, Tas2r135, Tas2r136, Tas2r137, Tas2r138, Tas2r139, Tas2r140, Tas2r143, Tas2r144, Tasl, Tasor, Tasor2, Tasp1, Tax1bp1, Tax1bp3, Tbc1d1, Tbc1d10a, Tbc1d10c, Tbc1d12, Tbc1d14, Tbc1d16, Tbc1d20, Tbc1d23, Tbc1d24, Tbc1d25, Tbc1d30, Tbc1d32, Tbc1d4, Tbc1d5, Tbc1d7, Tbccd1, Tbcd, Tbck, Tbk1, Tbl1x, Tbl1xr1, Tbl2, Tbp, Tbr1, Tbrg1, Tbrg4, Tbx1, Tbx10, Tbx15, Tbx18, Tbx19, Tbx2, Tbx20, Tbx21, Tbx22, Tbx3, Tbx4, Tbx5, Tbx6, Tbxa2r, Tcaf1, Tcea1, Tcea2, Tcea3, Tceal7, Tceanc, Tceanc2, Tcerg1, Tcf12, Tcf15, Tcf19, Tcf20, Tcf21, Tcf23, Tcf24, Tcf25, Tcf3, Tcf4, Tcf7, Tcf7l1, Tcf7l2, Tcfl5, Tchp, Tcim, Tcirg1, Tcl1, Tcl1b1, Tcl1b2, Tcl1b3, Tcl1b4, Tcl1b5, Tcof1, Tcp1, Tcp10a, Tcp10b, Tcp10c, Tcp11, Tcp11l1, Tcp11l2, Tcp11x2, Tcrb, Tcta, Tctn1, Tctn2, Tctn3, Tdg, Tdpoz1, Tdpoz2, Tdpoz3, Tdpoz4, Tdpoz5, Tdpoz8, Tdpoz9, Tdrd1, Tdrd12, Tdrd3, Tdrd5, Tdrd6, Tdrd7, Tdrd9, Tdrkh, Tead1, Tead2, Tead3, Tead4, Tec, Tecpr1, Tedc1, Tedc2, Tef, Tek, Ten1, Tenm1, Tenm2, Tenm3, Tenm4, Tent2, Tent4a, Tent4b, Tent5a, Tent5b, Tent5c, Tent5d, Terc, Terf1, Terf2, Terf2ip, Tert, Tes, Tes3-ps, Tesc, Tescl, Tesk1, Tesl1, Tesl2, Tesmin, Tespa1, Tet1, Tet2, Tet3, Tex101, Tex11, Tex14, Tex15, Tex19.1, Tex19.2, Tex24, Tex261, Tfam, Tfap2a, Tfap2b, Tfap2c, Tfap2d, Tfap2e, Tfap4, Tfcp2, Tfcp2l1, Tfdp1, Tfdp2, Tfe3, Tfeb, Tfec, Tff1, Tff2, Tff3, Tfip11, Tfpt, Tfr2, Tfrc, Tg, Tgfa, Tgfb1, Tgfb1i1, Tgfb2, Tgfb3, Tgfbr1, Tgfbr2, Tgfbr3, Tgfbr3l, Tgfbrap1, Tgif1, Tgif2, Tgm1, Tgm2, Thap1, Thap11, Thap3, Thap7, Thbs1, Thbs2, Thbs4, Them4, Themis, Themis2, Themis3, Thoc1, Thoc2, Thoc5, Thop1, Thpo, Thra, Thrap3, Thrb, Thrsp, Thy1, Tia1, Tial1, Tiam1, Tiam2, Ticam1, Ticam2, Ticrr, Tie1, Tifa, Tifab, Tigar, Tigit, Timd2, Timd5, Timd6, Timeless, Timm17a, Timm23, Timm50, Timp1, Timp2, Timp3, Timp4, Tinf2, Tiparp, Tipin, Tiprl, Tirap, Tjp1, Tjp2, Tjp3, Tkfc, Tlcd3b, Tldc2, Tle1, Tle2, Tle3, Tle4, Tle5, Tle6, Tle7, Tlk1, Tlk2, Tln1, Tlr1, Tlr11, Tlr12, Tlr13, Tlr2, Tlr3, Tlr4, Tlr5, Tlr6, Tlr7, Tlr8, Tlr9, Tlx1, Tlx2, Tlx3, Tm2d1, Tm4sf20, Tm4sf5, Tm6sf2, Tm7sf3, Tm9sf2, Tm9sf4, Tm9sf5, Tmbim1, Tmbim4, Tmbim6, Tmc1, Tmc2, Tmc8, Tmco1, Tmed10, Tmed10-ps, Tmed2, Tmed9, Tmeff2, Tmem100, Tmem102, Tmem106a, Tmem106b, Tmem107, Tmem108, Tmem109, Tmem116, Tmem117, Tmem119, Tmem126a, Tmem127, Tmem131l, Tmem132a, Tmem132c, Tmem135, Tmem145, Tmem14a, Tmem14c, Tmem161a, Tmem164, Tmem168, Tmem17, Tmem170b, Tmem176a, Tmem176b, Tmem178, Tmem182, Tmem184a, Tmem196, Tmem198, Tmem198b, Tmem204, Tmem215, Tmem225, Tmem231, Tmem237, Tmem238l, Tmem25, Tmem250, Tmem259, Tmem30a, Tmem30b, Tmem33, Tmem35a, Tmem38a, Tmem38b, Tmem39a, Tmem53, Tmem59, Tmem64, Tmem67, Tmem74, Tmem88, Tmem88b, Tmem9, Tmem97, Tmem98, Tmf1, Tmigd1, Tmigd3, Tmod1, Tmod2, Tmod3, Tmod4, Tmpo, Tmprss12, Tmprss4, Tmprss6, Tmsb10, Tmsb15a, Tmsb15b1, Tmsb15b2, Tmsb15l, Tmsb4x, Tmtc3, Tmtc4, Tmx1, Tnc, Tnf, Tnfaip1, Tnfaip3, Tnfaip6, Tnfaip8, Tnfaip8l1, Tnfaip8l2, Tnfaip8l3, Tnfrsf10b, Tnfrsf11a, Tnfrsf11b, Tnfrsf12a, Tnfrsf13b, Tnfrsf13c, Tnfrsf14, Tnfrsf17, Tnfrsf18, Tnfrsf19, Tnfrsf1a, Tnfrsf1b, Tnfrsf21, Tnfrsf22, Tnfrsf23, Tnfrsf26, Tnfrsf4, Tnfrsf8, Tnfrsf9, Tnfsf10, Tnfsf11, Tnfsf12, Tnfsf13, Tnfsf13b, Tnfsf14, Tnfsf15, Tnfsf18, Tnfsf4, Tnfsf8, Tnfsf9, Tnik, Tnip1, Tnip2, Tnip3, Tnk1, Tnk2, Tnks, Tnks1bp1, Tnks2, Tnmd, Tnn, Tnnc1, Tnni2, Tnni3, Tnni3k, Tnnt2, Tnp1, Tnp2, Tnpo2, Tnr, Tnrc6a, Tnrc6b, Tnrc6c, Tns2, Tns3, Tnxb, Tob1, Tob2, Togaram1, Togaram2, Tollip, Tom1, Tom1l1, Tom1l2, Tomm22, Tomm40, Tomm7, Tomm70a, Tomt, Top1, Top2a, Top2b, Topbp1, Topors, Tor1a, Tox, Tox2, Tox3, Tox4, Tpbg, Tpbgl, Tpbpa, Tpcn1, Tpcn2, Tpd52, Tpd52l1, Tph1, Tpk1, Tpm1, Tppp, Tppp2, Tppp3, Tpr, Tpra1, Tprg1l, Tpt1, Tpx2, Tra2a, Tra2b, Trabd2b, Tradd, Traf1, Traf2, Traf3, Traf3ip1, Traf3ip2, Traf3ip3, Traf4, Traf5, Traf6, Traf7, Traip, Trak1, Trak2, Trap1, Trappc12, Trappc14, Trappc2, Trappc9, Trat1, Trav7-2, Trbv12-1, Trbv12-2, Trbv13-1, Trbv13-2, Trbv13-3, Trbv14, Trbv15, Trbv16, Trbv17, Trbv19, Trbv2, Trbv20, Trbv21, Trbv23, Trbv26, Trbv29, Trbv3, Trbv30, Trbv4, Trbv5, Trdmt1, Trdn, Trem1, Trem2, Treml1, Treml4, Trerf1, Trex1, Trf, Trh, Trhr, Trhr2, Triap1, Trib1, Trib2, Trib3, Tril, Trim11, Trim12a, Trim12c, Trim13, Trim14, Trim15, Trim17, Trim2, Trim21, Trim23, Trim24, Trim25, Trim26, Trim27, Trim28, Trim29, Trim3, Trim30a, Trim30b, Trim30c, Trim30d, Trim31, Trim32, Trim33, Trim34a, Trim34b, Trim35, Trim36, Trim37, Trim38, Trim39, Trim40, Trim41, Trim43a, Trim43b, Trim43c, Trim44, Trim46, Trim47, Trim5, Trim50, Trim52, Trim54, Trim55, Trim56, Trim58, Trim59, Trim6, Trim60, Trim61, Trim62, Trim63, Trim65, Trim66, Trim67, Trim68, Trim71, Trim72, Trim75, Trim8, Trim9, Trio, Triobp, Trip10, Trip12, Trip13, Trip4, Trip6, Trmt10c, Trmt112, Trnau1ap, Trnp1, Tro, Trp53, Trp53bp1, Trp53bp2, Trp53cor1, Trp53i13, Trp53inp1, Trp53inp2, Trp63, Trp73, Trpa1, Trpc1, Trpc2, Trpc3, Trpc5, Trpc6, Trpm1, Trpm2, Trpm4, Trpm5, Trpm7, Trpm8, Trps1, Trpt1, Trpv1, Trpv2, Trpv3, Trpv4, Trrap, Trub1, Trub2, Tsacc, Tsc1, Tsc2, Tsc22d1, Tsc22d2, Tsc22d3, Tsc22d4, Tsfm, Tsg101, Tshb, Tshr, Tshz1, Tshz2, Tshz3, Tsix, Tsku, Tslp, Tsn, Tsnax, Tspan12, Tspan13, Tspan14, Tspan15, Tspan17, Tspan32, Tspan5, Tspan6, Tspan7, Tspan8, Tspan9, Tspear, Tspo, Tspoap1, Tspyl2, Tspyl5, Tssk3, Tssk4, Ttbk1, Ttbk2, Ttc21b, Ttc23, Ttc28, Ttc3, Ttc36, Ttc39b, Ttc39d, Ttc5, Ttc8, Ttf1, Tti1, Ttk, Ttl, Ttll12, Ttll6, Ttn, Ttpa, Ttr, Ttyh1, Tub, Tuba1a, Tubb2b, Tubb3, Tubb4a, Tubb5, Tubd1, Tubg1, Tug1, Tulp1, Tulp3, Tunar, Tusc2, Tut4, Tut7, Twf1, Twf2, Twist1, Twist2, Twsg1, Txk, Txlng, Txn1, Txndc12, Txndc15, Txndc17, Txnip, Txnl4b, Txnrd1, Tyk2, Tymp, Tyms, Tyro3, Tyrobp, Tyrp1, Tysnd1, U2af2, Uaca, Uap1, Uba2, Uba3, Uba5, Ubac2, Ubap2l, Ubash3a, Ubash3b, Ubb, Ubd, Ube2a, Ube2b, Ube2c, Ube2d1, Ube2e1, Ube2e2, Ube2g2, Ube2i, Ube2j1, Ube2k, Ube2l3, Ube2m, Ube2n, Ube2o, Ube2s, Ube2srt, Ube2u, Ube2v1, Ube2v2, Ube2w, Ube2z, Ube3a, Ube3b, Ube4b, Ublcp1, Ubp1, Ubqln1, Ubqln2, Ubqln4, Ubr1, Ubr2, Ubr3, Ubr4, Ubr5, Ubtf, Ubtfl1, Ubxn1, Ubxn2a, Ubxn2b, Uchl1, Uchl3, Uchl5, Ucma, Ucn, Ucn2, Ucn3, Ucp1, Ucp2, Ufc1, Ufd1, Ufl1, Ufm1, Ufsp2, Ugcg, Uhmk1, Uhrf1, Uhrf2, Uimc1, Ulbp1, Ulk1, Ulk2, Ulk3, Ulk4, Umod, Umodl1, Unc119, Unc13a, Unc13b, Unc13c, Unc13d, Unc5a, Unc5b, Unc5c, Unc5cl, Unc5d, Unc93b1, Uncx, Ung, Unk, Upf1, Upf2, Upf3a, Upf3b, Upk3b, Uqcc2, Uri1, Use1, Usf1, Usf2, Usf3, Ush1c, Ush1g, Ush2a, Uso1, Usp1, Usp10, Usp12, Usp13, Usp14, Usp15, Usp16, Usp17la, Usp17lb, Usp17lc, Usp17ld, Usp17le, Usp18, Usp19, Usp2, Usp20, Usp21, Usp22, Usp25, Usp26, Usp27x, Usp28, Usp29, Usp3, Usp30, Usp32, Usp33, Usp34, Usp36, Usp37, Usp38, Usp4, Usp42, Usp44, Usp46, Usp47, Usp49, Usp5, Usp50, Usp51, Usp6nl, Usp7, Usp8, Usp9x, Ust, Utf1, Utp11, Utp15, Utp4, Utrn, Uts2, Uts2b, Uts2r, Uty, Uvrag, Uxt, V1ra8, Vac14, Vamp1, Vamp2, Vamp3, Vamp4, Vamp7, Vamp8, Vangl2, Vapb, Vash1, Vash2, Vasn, Vasp, Vat1, Vav1, Vav2, Vav3, Vax1, Vax2, Vax2os, Vbp1, Vcam1, Vcl, Vcp, Vcpip1, Vdac1, Vdac2, Vdr, Vegfa, Vegfb, Vegfc, Vegfd, Veph1, Vezf1, Vgf, Vgll1, Vgll2, Vgll3, Vgll4, Vhl, Vil1, Vill, Vim, Vip, Vipr1, Vipr2, Vit, Vldlr, Vmn1r40, Vmn1r41, Vmn1r42, Vmn1r43, Vmn1r44, Vmn1r45, Vmn1r46, Vmn1r47, Vmn1r48, Vmn1r49, Vmn1r50, Vmn1r51, Vmn1r52, Vmn1r53, Vmn1r54, Vmn2r1, Vmn2r116, Vmn2r26, Vmn2r81, Vmp1, Vnn1, Vpreb3, Vps11, Vps13a, Vps13c, Vps13d, Vps18, Vps25, Vps26b, Vps28, Vps33b, Vps35, Vps4a, Vps4b, Vps54, Vps72, Vrk1, Vrk2, Vrk3, Vrtn, Vsig4, Vsir, Vsnl1, Vstm2a, Vstm2l, Vstm5, Vsx1, Vsx2, Vtcn1, Vti1b, Vtn, Vwa2, Vwc2, Vwc2l, Vwf, Wac, Wapl, Wars1, Was, Wasf1, Wasf2, Wasf3, Washc1, Washc2, Washc3, Washc4, Washc5, Wasl, Wbp1l, Wbp2, Wbp2nl, Wdfy1, Wdfy2, Wdhd1, Wdpcp, Wdr1, Wdr11, Wdr12, Wdr13, Wdr19, Wdr24, Wdr35, Wdr36, Wdr41, Wdr43, Wdr44, Wdr45, Wdr47, Wdr48, Wdr5, Wdr54, Wdr59, Wdr6, Wdr62, Wdr72, Wdr73, Wdr75, Wdr76, Wdr77, Wdr82, Wdr83, Wdr91, Wdtc1, Wee1, Wee2, Wfdc1, Wfdc6a, Wfdc6b, Wfikkn1, Wfikkn2, Wfs1, Whamm, Whrn, Wif1, Wipf1, Wipi1, Wiz, Wls, Wmp, Wnk1, Wnk2, Wnk3, Wnk4, Wnt1, Wnt10a, Wnt10b, Wnt11, Wnt16, Wnt2, Wnt2b, Wnt3, Wnt3a, Wnt4, Wnt5a, Wnt5b, Wnt6, Wnt7a, Wnt7b, Wnt8a, Wnt8b, Wnt9a, Wnt9b, Wrap53, Wrap73, Wrn, Wrnip1, Wsb1, Wsb2, Wt1, Wtap, Wtip, Wwc1, Wwc2, Wwox, Wwp1, Wwp2, Wwtr1, Xaf1, Xbp1, Xcl1, Xcr1, Xdh, Xiap, Xirp1, Xirp2, Xist, Xk, Xkr8, Xlr3b, Xpa, Xpc, Xpnpep1, Xpo1, Xpo4, Xpo5, Xrcc1, Xrcc2, Xrcc3, Xrcc4, Xrcc5, Xrcc6, Xrn1, Xrn2, Xylt1, Yaf2, Yap1, Ybx1, Ybx2, Ybx3, Yeats2, Yeats4, Yes1, Yipf5, Yjefn3, Yju2, Ylpm1, Yme1l1, Yod1, Ypel3, Ypel4, Ythdc1, Ythdc2, Ythdf1, Ythdf2, Ythdf3, Ywhab, Ywhae, Ywhag, Ywhah, Ywhaq, Ywhaq-ps3, Ywhaz, Yy1, Yy2, Zan, Zap70, Zar1, Zar1l, Zbed3, Zbed4, Zbed6, Zbp1, Zbtb1, Zbtb10, Zbtb11, Zbtb12, Zbtb14, Zbtb16, Zbtb17, Zbtb18, Zbtb2, Zbtb20, Zbtb21, Zbtb22, Zbtb24, Zbtb25, Zbtb26, Zbtb3, Zbtb32, Zbtb33, Zbtb34, Zbtb37, Zbtb38, Zbtb39, Zbtb4, Zbtb40, Zbtb41, Zbtb42, Zbtb43, Zbtb45, Zbtb46, Zbtb47, Zbtb48, Zbtb49, Zbtb5, Zbtb6, Zbtb7a, Zbtb7b, Zbtb7c, Zbtb8a, Zbtb8b, Zbtb9, Zc3h10, Zc3h12a, Zc3h12d, Zc3h14, Zc3h15, Zc3h18, Zc3h3, Zc3h4, Zc3h6, Zc3h7a, Zc3h7b, Zc3h8, Zc3hav1, Zc4h2, Zcchc12, Zcchc13, Zcchc17, Zcchc24, Zcchc3, Zcchc4, Zcchc7, Zcwpw1, Zdbf2, Zdhhc1, Zdhhc12, Zdhhc15, Zdhhc16, Zdhhc17, Zdhhc18, Zdhhc19, Zdhhc2, Zdhhc21, Zdhhc25, Zdhhc3, Zdhhc5, Zdhhc6, Zdhhc7, Zdhhc8, Zdhhc9, Zeb1, Zeb2, Zer1, Zfa-ps, Zfand1, Zfand2a, Zfand2b, Zfand5, Zfand6, Zfas1, Zfat, Zfhx2, Zfhx3, Zfhx4, Zfp1, Zfp1004, Zfp1005, Zfp1006, Zfp1007, Zfp101, Zfp1010, Zfp105, Zfp106, Zfp11, Zfp110, Zfp111, Zfp112, Zfp113, Zfp119a, Zfp119b, Zfp12, Zfp120, Zfp125, Zfp128, Zfp13, Zfp131, Zfp14, Zfp141, Zfp142, Zfp143, Zfp146, Zfp148, Zfp157, Zfp160, Zfp169, Zfp174, Zfp175, Zfp180, Zfp182, Zfp184, Zfp189, Zfp2, Zfp202, Zfp207, Zfp212, Zfp213, Zfp217, Zfp219, Zfp229, Zfp236, Zfp239, Zfp24, Zfp248, Zfp251, Zfp26, Zfp260, Zfp263, Zfp266, Zfp267, Zfp268, Zfp27, Zfp273, Zfp275, Zfp276, Zfp277, Zfp28, Zfp280b, Zfp280c, Zfp280d, Zfp281, Zfp286, Zfp287, Zfp292, Zfp296, Zfp3, Zfp30, Zfp316, Zfp317, Zfp318, Zfp319, Zfp322a, Zfp324, Zfp326, Zfp329, Zfp334, Zfp335, Zfp341, Zfp345, Zfp346, Zfp35, Zfp352, Zfp354a, Zfp354b, Zfp354c, Zfp358, Zfp36, Zfp362, Zfp365, Zfp366, Zfp367, Zfp369, Zfp36l1, Zfp36l2, Zfp36l3, Zfp37, Zfp382, Zfp383, Zfp384, Zfp385a, Zfp385b, Zfp386, Zfp39, Zfp395, Zfp397, Zfp398, Zfp40, Zfp407, Zfp408, Zfp41, Zfp410, Zfp418, Zfp42, Zfp420, Zfp422, Zfp423, Zfp426, Zfp429, Zfp433, Zfp438, Zfp442, Zfp444, Zfp445, Zfp446, Zfp449, Zfp451, Zfp454, Zfp455, Zfp456, Zfp457, Zfp458, Zfp459, Zfp46, Zfp462, Zfp467, Zfp469, Zfp472, Zfp473, Zfp488, Zfp493, Zfp503, Zfp507, Zfp51, Zfp512b, Zfp513, Zfp516, Zfp518a, Zfp518b, Zfp52, Zfp521, Zfp523, Zfp524, Zfp53, Zfp534, Zfp536, Zfp54, Zfp541, Zfp551, Zfp553, Zfp558, Zfp560, Zfp563, Zfp566, Zfp568, Zfp57, Zfp574, Zfp575, Zfp579, Zfp58, Zfp580, Zfp582, Zfp583, Zfp59, Zfp592, Zfp593, Zfp595, Zfp597, Zfp598, Zfp599, Zfp60, Zfp600, Zfp605, Zfp606, Zfp607a, Zfp607b, Zfp608, Zfp609, Zfp612, Zfp616, Zfp617, Zfp619, Zfp62, Zfp622, Zfp623, Zfp626, Zfp628, Zfp629, Zfp637, Zfp638, Zfp639, Zfp64, Zfp640, Zfp641, Zfp644, Zfp646, Zfp647, Zfp648, Zfp65, Zfp652, Zfp653, Zfp654, Zfp655, Zfp658, Zfp661, Zfp663, Zfp664, Zfp667, Zfp668, Zfp672, Zfp677, Zfp68, Zfp683, Zfp689, Zfp69, Zfp691, Zfp692, Zfp696, Zfp697, Zfp7, Zfp703, Zfp704, Zfp706, Zfp707, Zfp708, Zfp709, Zfp710, Zfp711, Zfp712, Zfp715, Zfp719, Zfp72, Zfp729a, Zfp729b, Zfp735, Zfp738, Zfp74, Zfp740, Zfp746, Zfp747, Zfp747l1, Zfp748, Zfp750, Zfp758, Zfp759, Zfp760, Zfp763, Zfp764, Zfp764l1, Zfp768, Zfp770, Zfp771, Zfp772, Zfp773, Zfp775, Zfp777, Zfp78, Zfp780b, Zfp784, Zfp786, Zfp787, Zfp788, Zfp790, Zfp791, Zfp799, Zfp804a, Zfp808, Zfp809, Zfp81, Zfp810, Zfp811, Zfp819, Zfp82, Zfp820, Zfp821, Zfp825, Zfp827, Zfp830, Zfp84, Zfp846, Zfp85, Zfp850, Zfp853, Zfp865, Zfp866, Zfp867, Zfp868, Zfp869, Zfp87, Zfp870, Zfp871, Zfp872, Zfp873, Zfp874a, Zfp874b, Zfp879, Zfp882, Zfp9, Zfp90, Zfp91, Zfp92, Zfp93, Zfp930, Zfp931, Zfp932, Zfp933, Zfp934, Zfp935, Zfp936, Zfp937, Zfp938, Zfp940, Zfp941, Zfp942, Zfp943, Zfp944, Zfp945, Zfp946, Zfp947, Zfp948, Zfp949, Zfp950, Zfp951, Zfp952, Zfp954, Zfp955a, Zfp955b, Zfp956, Zfp958, Zfp959, Zfp960, Zfp961, Zfp963, Zfp964, Zfp966, Zfp97, Zfp970, Zfp971, Zfp973, Zfp974, Zfp975, Zfp976, Zfp977, Zfp979, Zfp980, Zfp981, Zfp982, Zfp983, Zfp984, Zfp985, Zfp987, Zfp988, Zfp989, Zfp990, Zfp991, Zfp992, Zfp994, Zfp995, Zfp998, Zfpm1, Zfpm2, Zfta, Zfx, Zfy1, Zfy2, Zfyve19, Zfyve26, Zfyve27, Zfyve28, Zfyve9, Zglp1, Zgpat, Zhx1, Zhx2, Zhx3, Zic1, Zic2, Zic3, Zic4, Zic5, Zik1, Zim1, Zkscan1, Zkscan14, Zkscan16, Zkscan17, Zkscan2, Zkscan3, Zkscan4, Zkscan5, Zkscan6, Zkscan7, Zkscan8, Zmat3, Zmiz1, Zmiz2, Zmpste24, Zmym2, Zmym5, Zmynd10, Zmynd11, Zmynd15, Zmynd8, Znfx1, Znhit1, Znrf1, Znrf2, Znrf3, Znrf4, Zp3, Zp3r, Zpbp2, Zpr1, Zranb1, Zranb3, Zscan10, Zscan12, Zscan2, Zscan20, Zscan21, Zscan22, Zscan25, Zscan26, Zscan29, Zscan4-ps1, Zscan4-ps2, Zscan4-ps3, Zscan4b, Zscan4c, Zscan4d, Zscan4e, Zscan4f, Zscan5b, Zswim2, Zswim6, Zswim8, Zw10, Zwilch, Zwint, Zxdb, Zxdc, Zyg11b, Zyx, Zzef1, Zzz3
GO:0065007	biological regulation	13207	275	192.39	2.4e-16	1.23552e-12	1700109H08Rik, 1810024B03Rik, 2010315B03Rik, 2210016L21Rik, 2410137M14Rik, 2510002D24Rik, 2610005L07Rik, 2610008E11Rik, 2610021A01Rik, 2610042L04Rik, 2700049A03Rik, 2810021J22Rik, 2810408A11Rik, 3425401B19Rik, 4930402K13Rik, 4930447C04Rik, 4930453N24Rik, 4930480E11Rik, 4930503L19Rik, 4930522L14Rik, 4930544G11Rik, 4930550C14Rik, 4931414P19Rik, 5730507C01Rik, 6030468B19Rik, a, A1bg, A1cf, A2m, A430033K04Rik, A4gnt, A630001G21Rik, Aacs, Aadac, Aak1, Aamdc, Aanat, Aars1, Aars2, Aarsd1, Aatf, Abat, Abca1, Abca12, Abca13, Abca2, Abca3, Abca4, Abca5, Abca7, Abca8a, Abca8b, Abcb10, Abcb11, Abcb1a, Abcb1b, Abcb4, Abcb5, Abcb7, Abcb8, Abcc1, Abcc2, Abcc4, Abcc8, Abcc9, Abcd1, Abcd2, Abce1, Abcf1, Abcg1, Abcg2, Abcg4, Abcg5, Abcg8, Abhd12, Abhd14b, Abhd17a, Abhd17b, Abhd17c, Abhd2, Abhd5, Abhd6, Abi1, Abi2, Abi3, Abi3bp, Abitram, Abl1, Abl2, Ablim1, Ablim2, Ablim3, Abr, Abra, Abracl, Abraxas1, Abraxas2, Abt1, Abtb3, Acaa2, Acacb, Acadl, Acadm, Acadvl, Acan, Acap1, Acap3, Acat2, Acbd7, Acd, Ace, Ace2, Ace3, Acer1, Acer2, Acer3, Ache, Acin1, Ackr1, Ackr2, Ackr3, Ackr4, Acmsd, Aco1, Acod1, Acot1, Acot11, Acot13, Acot8, Acp3, Acp4, Acp5, Acr, Acsl1, Acsl3, Acsl4, Acsl5, Acsl6, Acss2, Acta1, Acta2, Actb, Actc1, Actg1, Actg2, Actl6a, Actl6b, Actn1, Actn2, Actn3, Actn4, Actr2, Actr3, Actr5, Actr6, Actr8, Actrt1, Acvr1, Acvr1b, Acvr1c, Acvr2a, Acvr2b, Acvrl1, Ada, Adam10, Adam12, Adam15, Adam17, Adam19, Adam2, Adam22, Adam24, Adam3, Adam33, Adam7, Adam8, Adam9, Adamts1, Adamts12, Adamts13, Adamts16, Adamts18, Adamts20, Adamts3, Adamts5, Adamts7, Adamts9, Adamtsl2, Adamtsl4, Adap1, Adar, Adarb1, Adck1, Adck2, Adcy1, Adcy10, Adcy2, Adcy3, Adcy4, Adcy5, Adcy6, Adcy7, Adcy8, Adcy9, Adcyap1, Adcyap1r1, Add1, Add2, Add3, Adgra1, Adgra2, Adgra3, Adgrb1, Adgrb2, Adgrb3, Adgrd1, Adgre1, Adgre4, Adgre5, Adgrf1, Adgrf2, Adgrf3, Adgrf4, Adgrf5, Adgrg1, Adgrg2, Adgrg3, Adgrg4, Adgrg5, Adgrg6, Adgrg7, Adgrl1, Adgrl2, Adgrl3, Adgrl4, Adgrv1, Adh1, Adh4, Adh5, Adh6a, Adh6b, Adh7, Adig, Adipoq, Adipor1, Adipor2, Adissp, Adk, Adm, Adm2, Adnp, Adnp2, Adora1, Adora2a, Adora2b, Adora3, Adprs, Adra1a, Adra1b, Adra1d, Adra2a, Adra2b, Adra2c, Adrb1, Adrb2, Adrb3, Adrm1, Adtrp, Aebp1, Aebp2, Aen, Afap1, Afap1l2, Afdn, Aff1, Aff2, Aff3, Aff4, Afg3l2, Afm, Afp, Agap2, Agbl4, Ager, Aggf1, Ago1, Ago2, Ago3, Ago4, Agpat1, Agpat2, Agr2, Agrn, Agrp, Agt, Agtpbp1, Agtr1a, Agtr1b, Agtr2, Agtrap, Agxt, Agxt2, Ahctf1, Ahcyl1, Ahdc1, Ahi1, Ahnak, Ahnak2, Ahr, Ahrr, Ahsa1, Ahsg, Ahsp, AI854703, AI987944, Aicda, Aida, Aif1, Aifm1, Aifm2, Aim2, Aimp1, Aimp2, Aip, Aipl1, Aire, Airn, Ajap1, Ajuba, Ak1, Ak4, Akain1, Akap1, Akap11, Akap12, Akap13, Akap3, Akap4, Akap5, Akap6, Akap7, Akap8, Akap8l, Akap9, Akip1, Akirin1, Akirin2, Akna, Akr1a1, Akr1b1, Akr1c12, Akr1c13, Akr1c14, Akr1c18, Akr1c19, Akr1c20, Akr1c21, Akr1c6, Akr1cl, Akr1d1, Akt1, Akt1s1, Akt2, Akt3, Aktip, Alad, Alb, Aldh1a1, Aldh1a2, Aldh1a3, Aldh2, Aldh3a1, Aldh5a1, Aldh8a1, Aldoa, Aldob, Alg13, Alk, Alkal1, Alkal2, Alkbh1, Alkbh3, Alkbh4, Alkbh5, Alkbh7, Alms1, Alox12, Alox12b, Alox15, Alox5, Alox5ap, Alox8, Aloxe3, Alpk1, Alpk2, Alpl, Als2, Alx1, Alx3, Alx4, Ambn, Ambra1, Amdhd2, Amelx, Amer1, Amer2, Amer3, Amfr, Amh, Amhr2, Amigo1, Amigo2, Amigo3, Amot, Amotl1, Amotl2, Amph, Amtn, Anapc1, Anapc11, Anapc15, Anapc15-ps, Anapc2, Anapc4, Anapc5, Anapc7, Ang, Ang2, Ang3, Ang4, Ang5, Ang6, Angel2, Angpt1, Angpt2, Angpt4, Angptl1, Angptl2, Angptl3, Angptl4, Angptl6, Angptl7, Angptl8, Ank, Ank1, Ank2, Ank3, Ankdd1b, Ankfn1, Ankfy1, Ankk1, Ankle1, Ankle2, Ankra2, Ankrd1, Ankrd11, Ankrd13a, Ankrd13b, Ankrd13c, Ankrd13d, Ankrd17, Ankrd2, Ankrd23, Ankrd26, Ankrd27, Ankrd31, Ankrd42, Ankrd49, Ankrd53, Ankrd54, Ankrd6, Ankrd66, Anks1, Anks1b, Anln, Ano1, Ano3, Ano4, Ano6, Ano7, Ano9, Anp32-ps, Anp32a, Anp32b, Anp32e, Anpep, Antkmt, Antxr1, Anxa1, Anxa2, Anxa3, Anxa4, Anxa5, Anxa6, Anxa7, Anxa8, Anxa9, Aoah, Aoc3, Ap1ar, Ap1g1, Ap2a1, Ap2a2, Ap2b1, Ap2m1, Ap2s1, Ap3b1, Ap3d1, Ap3m1, Apaf1, Apba1, Apba2, Apba3, Apbb1, Apbb1ip, Apbb2, Apbb3, Apc, Apc2, Apcdd1, Apcs, Apela, Apex1, Aph1a, Aph1b, Aph1c, Api5, Apip, Aplf, Apln, Aplnr, Aplp1, Aplp2, Apoa1, Apoa2, Apoa4, Apoa5, Apob, Apobec1, Apobec2, Apobec3, Apoc1, Apoc2, Apoc2l, Apoc3, Apoc4, Apod, Apoe, Apoh, Apold1, Apom, App, Appl1, Appl2, Aprt, Aptx, Aqp1, Aqp11, Aqp2, Aqp3, Aqp4, Aqp5, Aqp6, Aqp7, Aqp8, Ar, Araf, Arap1, Arap2, Arap3, Arb2a, Arc, Areg, Arel1, Arf1, Arf4, Arf6, Arfgap1, Arfgef1, Arfgef2, Arfgef3, Arfip1, Arfip2, Arg1, Arg2, Arglu1, Arhgap1, Arhgap10, Arhgap11a, Arhgap12, Arhgap15, Arhgap17, Arhgap18, Arhgap19, Arhgap20, Arhgap21, Arhgap22, Arhgap23, Arhgap24, Arhgap25, Arhgap26, Arhgap27, Arhgap28, Arhgap29, Arhgap30, Arhgap31, Arhgap32, Arhgap33, Arhgap33os, Arhgap35, Arhgap36, Arhgap39, Arhgap4, Arhgap40, Arhgap42, Arhgap44, Arhgap45, Arhgap5, Arhgap6, Arhgap8, Arhgap9, Arhgdia, Arhgdib, Arhgdig, Arhgef1, Arhgef10, Arhgef10l, Arhgef11, Arhgef12, Arhgef15, Arhgef16, Arhgef18, Arhgef19, Arhgef2, Arhgef26, Arhgef28, Arhgef3, Arhgef39, Arhgef4, Arhgef5, Arhgef6, Arhgef7, Arhgef9, Arid1a, Arid1b, Arid2, Arid3a, Arid3b, Arid3c, Arid4a, Arid4b, Arid5a, Arid5b, Ark2c, Ark2n, Arl13b, Arl2, Arl2bp, Arl3, Arl6, Arl6ip1, Arl6ip5, Arln, Armc10, Armc12, Armc5, Armc9, Armcx3, Armh3, Armh4, Arnt, Arnt2, Arpc2, Arpc3, Arpc5, Arpc5l, Arpin, Arpp19, Arr3, Arrb1, Arrb2, Arrdc1, Arrdc3, Arrdc4, Arsb, Artn, Arv1, Arx, Asah1, Asah2, Asap1, Asap3, Asb1, Asb10, Asb11, Asb13, Asb14, Asb15, Asb16, Asb17, Asb18, Asb2, Asb3, Asb4, Asb5, Asb6, Asb7, Asb8, Asb9, Ascc1, Ascc2, Ascl1, Ascl2, Ascl3, Ascl4, Ascl5, Asgr2, Ash1l, Ash2l, Asic1, Asic2, Asl, Asmt, Asns, Aspa, Asph, Aspm, Aspn, Aspscr1, Ass1, Astl, Astn2, Asxl1, Asxl2, Asxl3, Asz1, Atad1, Atad2, Atad2b, Atad3a, Atad5, Atat1, Atcay, Atf1, Atf1-ps, Atf2, Atf3, Atf4, Atf5, Atf6, Atf6b, Atf7, Atf7ip, Atf7ip2, Atg10, Atg101, Atg12, Atg13, Atg14, Atg16l1, Atg2a, Atg3, Atg4b, Atg5, Atg7, Atg9a, Atg9b, Atl3, Atm, Atmin, Atn1, Atoh1, Atoh7, Atoh8, Atox1, Atp10a, Atp10b, Atp10d, Atp11a, Atp11b, Atp11c, Atp12a, Atp13a2, Atp1a1, Atp1a2, Atp1a3, Atp1a4, Atp1b1, Atp1b2, Atp1b3, Atp1b4, Atp2a1, Atp2a2, Atp2a3, Atp2b1, Atp2b2, Atp2b4, Atp2c1, Atp2c2, Atp4a, Atp4b, Atp5f1a, Atp5f1b, Atp5if1, Atp5pf, Atp6ap1, Atp6ap1l, Atp6ap2, Atp6v0a1, Atp6v0a2, Atp6v0a4, Atp6v0c, Atp6v0d1, Atp6v0d2, Atp6v1b1, Atp6v1b2, Atp6v1c2, Atp7a, Atp7b, Atp8a1, Atp8a2, Atp8b1, Atp8b2, Atp8b3, Atp8b4, Atp8b5, Atp9a, Atp9b, Atpsckmt, Atr, Atraid, Atrip, Atrn, Atrnl1, Atrx, Atxn1, Atxn10, Atxn1l, Atxn2, Atxn3, Atxn7, Atxn7l3, Atxn7l3b, AU041133, Aunip, Aurka, Aurkaip1, Aurkb, Aurkc, Auts2, Aven, Avil, Avp, Avpi1, Avpr1a, Avpr1b, Avpr2, AW146154, Awat2, Axin1, Axin2, Axl, AY036118, AY074887, Aym1, Azgp1, Azi2, Azin1, Azin2, B020011L13Rik, B2m, B3gat3, B3gntl1, B4galnt2, B4galt1, B4galt5, B4galt7, B9d1, Babam1, Babam2, Bace1, Bace2, Bach1, Bach2, Bad, Bag1, Bag2, Bag3, Bag4, Bag5, Bag6, Bahd1, Baiap2, Baiap2l1, Baiap2l2, Baiap3, Bak1, Bambi, Banf1, Bank1, Banp, Bap1, Bard1, Barhl1, Barhl2, Barx1, Barx2, Basp1, Batf, Batf2, Batf3, Bax, Baz1a, Baz1b, Baz2a, Bbc3, Bbip1, Bbln, Bbof1, Bbs1, Bbs10, Bbs12, Bbs2, Bbs4, Bbs7, Bbx, BC004004, BC005624, BC024063, BC028528, BC034090, Bc1, Bcap31, Bcar1, Bcar3, Bcas3, Bcat2, Bccip, Bcdin3d, Bche, Bckdk, Bcl10, Bcl11a, Bcl11b, Bcl2, Bcl2a1a, Bcl2a1b, Bcl2a1c, Bcl2a1d, Bcl2l1, Bcl2l10, Bcl2l11, Bcl2l12, Bcl2l13, Bcl2l14, Bcl2l15, Bcl2l2, Bcl3, Bcl6, Bcl6b, Bcl7a, Bcl7b, Bcl7c, Bcl9, Bcl9l, Bclaf1, Bclaf3, Bco1, Bco2, Bcor, Bcorl1, Bcr, Bdkrb1, Bdkrb2, Bdnf, Bdp1, Becn1, Becn2, Begain, Bend3, Bend5, Bend6, Best1, Best2, Best3, Bet1l, Bex1, Bex2, Bex3, Bex4, Bex6, Bfar, Bglap, Bglap2, Bglap3, Bhlha15, Bhlha9, Bhlhb9, Bhlhe22, Bhlhe23, Bhlhe40, Bhlhe41, Bicc1, Bicd1, Bicd2, Bicra, Bicral, Bid, Bik, Bin1, Bin3, Birc2, Birc3, Birc5, Birc6, Birc7, Blk, Blm, Blnk, Bloc1s1, Bloc1s2, Bloc1s3, Bloc1s4, Bloc1s5, Bloc1s6, Bltp1, Blvrb, Bmal1, Bmal2, Bmerb1, Bmf, Bmi1, Bmncr, Bmp1, Bmp10, Bmp15, Bmp2, Bmp2k, Bmp3, Bmp4, Bmp5, Bmp6, Bmp7, Bmp8a, Bmp8b, Bmper, Bmpr1a, Bmpr1b, Bmpr2, Bmx, Bmyc, Bnc1, Bnc2, Bnip1, Bnip2, Bnip3, Bnip3l, Bnip3l-ps, Bnipl, Boc, Bok, Boll, Bop1, Bora, Borcs5, Borcs6, Borcs7, Borcs8, Bpi, Bpifa1, Bpifa5, Bpifb1, Bptf, Braf, Brap, Brat1, Brca1, Brca2, Brcc3, Brcc3dc, Brd1, Brd2, Brd3, Brd4, Brd7, Brd8, Brd9, Brdt, Brf1, Brf2, Bricd5, Brinp1, Brinp2, Brinp3, Brip1, Brk1, Brms1, Brms1l, Brpf1, Brpf3, Brs3, Brsk1, Brsk2, Brwd1, Brwd3, Bscl2, Bsg, Bsn, Bst1, Bst2, Bsx, Btaf1, Btbd10, Btbd18, Btbd7, Btbd9, Btc, Btf3, Btg1, Btg2, Btg3, Btg4, Btk, Btla, Btn1a1, Btn2a2, Btnl1, Btnl10, Btnl12, Btnl2, Btnl4, Btnl6, Btnl9, Btrc, Bub1, Bub1b, Bub3, Bud23, Bud31, Bzw1, Bzw2, C130074G19Rik, C1d, C1galt1c1, C1qa, C1qb, C1qbp, C1qc, C1ql1, C1ql2, C1ql3, C1ql4, C1qtnf1, C1qtnf12, C1qtnf2, C1qtnf3, C1qtnf4, C1qtnf9, C1ra, C1rb, C1rl, C1s1, C1s2, C2, C2cd2l, C2cd3, C2cd4a, C2cd4b, C2cd5, C3, C3ar1, C4a, C4b, C4bp, C5ar1, C5ar2, C6, C7, C8a, C8b, C8g, C9, C9orf72, Caap1, Cab39, Cab39l, Cabin1, Cables1, Cables2, Cabp1, Cabp4, Cabyr, Cacna1a, Cacna1b, Cacna1c, Cacna1d, Cacna1e, Cacna1f, Cacna1g, Cacna1h, Cacna1i, Cacna1s, Cacna2d1, Cacna2d2, Cacna2d3, Cacnb1, Cacnb2, Cacnb3, Cacnb4, Cacng1, Cacng2, Cacng3, Cacng4, Cacng5, Cacng6, Cacng7, Cacng8, Cactin, Cacul1, Cacybp, Cad, Cadm1, Cadm4, Cadps, Cadps2, Calb1, Calb2, Calca, Calcb, Calcoco1, Calcoco2, Calcr, Calcrl, Cald1, Calhm1, Calhm2, Calhm6, Calm1, Calm2, Calm3, Calr, Caly, Camk1, Camk1d, Camk1g, Camk2a, Camk2b, Camk2d, Camk2g, Camk2n1, Camk4, Camkk1, Camkk2, Camkv, Caml, Camp, Camsap1, Camsap2, Camsap3, Camta1, Camta2, Cand1, Cap1, Cap2, Capg, Capn1, Capn10, Capn2, Capn3, Capn6, Capn7, Caprin1, Caprin2, Capza1, Capza1b, Capza2, Capza3, Capzb, Car12, Car14, Car2, Car4, Car7, Car8, Card10, Card11, Card14, Card6, Card9, Carf, Carhsp1, Carlr, Carm1, Carmil1, Carmil2, Carmil3, Carmn, Cartpt, Casc3, Cask, Caskin1, Casp1, Casp12, Casp14, Casp2, Casp3, Casp4, Casp6, Casp7, Casp8, Casp8ap2, Casp9, Casq1, Casq2, Casr, Cass4, Cast, Castor1, Castor2, Casz1, Cat, Catsper1, Cav1, Cav2, Cav3, Cavin1, Cavin2, Cavin3, Cavin4, Cbarp, Cbfa2t2, Cbfa2t3, Cbfb, Cbl, Cblb, Cblc, Cbll1, Cbln1, Cbln2, Cbln4, Cbr1, Cbr1b, Cbs, Cbx1, Cbx2, Cbx3, Cbx4, Cbx5, Cbx6, Cbx7, Cbx8, Cby1, Cc2d1a, Cc2d1b, Cc2d2a, Ccar1, Ccar2, Ccbe1, Ccdc115, Ccdc117, Ccdc125, Ccdc134, Ccdc159, Ccdc186, Ccdc22, Ccdc25, Ccdc3, Ccdc32, Ccdc39, Ccdc40, Ccdc47, Ccdc51, Ccdc57, Ccdc62, Ccdc65, Ccdc66, Ccdc8, Ccdc80, Ccdc85b, Ccdc85c, Ccdc87, Ccdc88a, Ccdc88b, Ccdc88c, Cck, Cckar, Cckbr, Ccl1, Ccl11, Ccl12, Ccl17, Ccl19, Ccl19-ps1, Ccl19-ps3, Ccl19-ps4, Ccl19-ps5, Ccl19-ps6, Ccl2, Ccl20, Ccl21a, Ccl21b, Ccl21d, Ccl21e, Ccl21f, Ccl22, Ccl24, Ccl25, Ccl26, Ccl27a, Ccl28, Ccl3, Ccl4, Ccl5, Ccl6, Ccl7, Ccl8, Ccl9, Ccm2, Ccm2l, Ccn1, Ccn2, Ccn3, Ccn4, Ccn5, Ccn6, Ccna2, Ccnb1, Ccnb1-ps, Ccnb2, Ccnc, Ccnd1, Ccnd2, Ccnd3, Ccne1, Ccne2, Ccnf, Ccng1, Ccng2, Ccnh, Ccni, Ccnk, Ccnl1, Ccnl2, Ccnq, Ccnt1, Ccnt2, Ccny, Ccnyl1, Ccp110, Ccpg1, Ccr1, Ccr10, Ccr1l1, Ccr2, Ccr3, Ccr4, Ccr5, Ccr6, Ccr7, Ccr8, Ccr9, Ccrl2, Ccs, Ccsap, Cct2, Cct3, Cct4, Cct5, Cct6a, Cct7, Cct8, Cd101, Cd109, Cd14, Cd151, Cd160, Cd177, Cd180, Cd19, Cd1d1, Cd1d2, Cd2, Cd200, Cd200l1, Cd200l2, Cd200r1, Cd200r1l, Cd200r2, Cd200r3, Cd200r4, Cd209a, Cd209b, Cd209c, Cd209d, Cd209e, Cd22, Cd226, Cd244a, Cd247, Cd248, Cd24a, Cd27, Cd274, Cd276, Cd28, Cd2ap, Cd300a, Cd300c, Cd300c2, Cd300e, Cd300lb, Cd300ld, Cd300ld2, Cd300ld3, Cd300ld4, Cd300lf, Cd300lg, Cd320, Cd34, Cd36, Cd37, Cd38, Cd3d, Cd3e, Cd3g, Cd4, Cd40, Cd40lg, Cd44, Cd46, Cd47, Cd48, Cd5, Cd52, Cd53, Cd55, Cd55b, Cd59a, Cd59b, Cd5l, Cd6, Cd63, Cd68, Cd69, Cd70, Cd74, Cd79a, Cd79b, Cd80, Cd81, Cd83, Cd84, Cd86, Cd8a, Cd8b1, Cd9, Cd96, Cd99, Cd99l2, Cda, Cdc14a, Cdc14b, Cdc16, Cdc20, Cdc20b, Cdc23, Cdc25a, Cdc25b, Cdc25c, Cdc26, Cdc27, Cdc34, Cdc34b, Cdc37, Cdc37l1, Cdc42, Cdc42bpa, Cdc42ep1, Cdc42ep2, Cdc42ep3, Cdc42ep4, Cdc42ep5, Cdc42se1, Cdc42se2, Cdc5l, Cdc5lrt1, Cdc5lrt10, Cdc5lrt4, Cdc5lrt5, Cdc5lrt6, Cdc5lrt7, Cdc5lrt8, Cdc5lrt9, Cdc6, Cdc7, Cdc73, Cdca2, Cdca5, Cdca7, Cdca7l, Cdca8, Cdh1, Cdh11, Cdh13, Cdh17, Cdh2, Cdh3, Cdh4, Cdh5, Cdh6, Cdh8, Cdhr2, Cdhr5, Cdip1, Cdk1, Cdk10, Cdk11b, Cdk12, Cdk13, Cdk14, Cdk15, Cdk16, Cdk17, Cdk18, Cdk19, Cdk2, Cdk20, Cdk2ap1, Cdk2ap1rt, Cdk2ap2, Cdk3, Cdk4, Cdk5, Cdk5r1, Cdk5r2, Cdk5rap1, Cdk5rap2, Cdk5rap3, Cdk6, Cdk7, Cdk8, Cdk9, Cdkl1, Cdkl2, Cdkl3, Cdkl4, Cdkl5, Cdkn1a, Cdkn1b, Cdkn1c, Cdkn2a, Cdkn2aip, Cdkn2b, Cdkn2c, Cdkn2d, Cdkn3, Cdnf, Cdo1, Cdon, Cds1, Cds2, Cdsn, Cdt1, Cdx1, Cdx2, Cdx4, Cdyl, Ceacam1, Ceacam10, Ceacam2, Ceacam20, Cebpa, Cebpb, Cebpd, Cebpe, Cebpg, Cebpz, Cel, Cela1, Cela2a, Celf1, Celf2, Celf3, Celf4, Celf5, Celf6, Celrr, Celsr1, Celsr2, Celsr3, Cemip, Cemip2, Cenatac, Cend1, Cenpe, Cenpf, Cenpk, Cenpq, Cenpv, Cep120, Cep128, Cep131, Cep135, Cep192, Cep250, Cep290, Cep295, Cep295nl, Cep43, Cep55, Cep57, Cep63, Cep70, Cep72, Cep76, Cep78, Cep85, Cep89, Cep97, Cer1, Cerkl, Cers1, Cers2, Cers6, Cert1, Ces1a, Ces1b, Ces1c, Ces1d, Ces1e, Ces1f, Ces1g, Ces1h, Ces2a, Ces2c, Ces2e, Cetn2, Cfap20, Cfap206, Cfap298, Cfap410, Cfap43, Cfap45, Cfap58, Cfap69, Cfb, Cfc1, Cfd, Cfdp1, Cfh, Cfhr1, Cfhr2, Cfhr4, Cfi, Cfl1, Cfl2, Cflar, Cfp, Cftr, Cga, Cgas, Cggbp1, Cgnl1, Cgref1, Cgrrf1, Ch25h, Chac1, Chad, Chadl, Chaer1, Chaserr, Chat, Chchd10, Chchd2, Chchd2-ps, Chchd4, Chd3, Chd4, Chd5, Chd6, Chd7, Chd8, Chek1, Chek2, Cherp, Chfr, Chga, Chi3l1, Chia1, Chid1, Chil3, Chil4, Chil5, Chil6, Chl1, Chlsn, Chm, Chml, Chmp1a, Chmp1b, Chmp1b2, Chmp2a, Chmp2b, Chmp3, Chmp4b, Chmp4c, Chmp5, Chmp6, Chmp7, Chn1, Chn2, Chodl, Chordc1, Chp1, Chp2, Chrac1, Chrd, Chrdl1, Chrdl2, Chrm1, Chrm2, Chrm3, Chrm4, Chrm5, Chrna1, Chrna10, Chrna2, Chrna3, Chrna4, Chrna5, Chrna6, Chrna7, Chrna9, Chrnb1, Chrnb2, Chrnb3, Chrnb4, Chrnd, Chrne, Chrng, Chst10, Chst11, Chst2, Chst4, Chst8, Chsy1, Chtf18, Chtf8, Chtop, Chuk, Churc1, Ciao1, Ciao3, Ciapin1, Ciart, Cib1, Cib2, Cibar1, Cic, Cidea, Cideb, Cidec, Ciita, Cilk1, Cilp, Cimap3, Cip2a, Cipc, Cir1, Cirbp, Cisd1, Cisd2, Cish, Cit, Cited1, Cited2, Cited4, Ciz1, Ckap2, Ckap5, Cklf, Ckmt1, Cks1b, Cks1brt, Cks2, Clasp1, Clasp2, Clca3a2, Clcf1, Clcn1, Clcn2, Clcn3, Clcnka, Clcnkb, Cldn1, Cldn10, Cldn13, Cldn15, Cldn16, Cldn18, Cldn19, Cldn2, Cldn3, Cldn4, Cldn5, Cldn7, Clec11a, Clec12a, Clec12b, Clec14a, Clec16a, Clec1a, Clec1b, Clec2d, Clec2g, Clec2i, Clec3b, Clec4a2, Clec4a3, Clec4a4, Clec4b1, Clec4b2, Clec4d, Clec4e, Clec4g, Clec4n, Clec5a, Clec7a, Clec9a, Clic1, Clic3, Clic4, Clip1, Clip3, Clk1, Clk2, Clk3, Clk4, Clmn, Clmp, Cln3, Cln5, Cln6, Cln8, Clnk, Clns1a, Clock, Clp1, Clpb, Clptm1, Clptm1l, Clrn1, Clspn, Clstn1, Clstn2, Clstn3, Cltc, Cltrn, Clu, Cluap1, Clxn, Clybl, Cma1, Cmah, Cmklr1, Cmklr2, Cmtm2a, Cmtm2b, Cmtm3, Cmtm5, Cmtm6, Cmtm7, Cmtm8, Cmya5, Cnbp, Cndp1, Cnep1r1, Cnga1, Cnga2, Cngb1, Cnih2, Cnih3, Cnksr1, Cnksr2, Cnksr3, Cnmd, Cnn1, Cnn2, Cnot1, Cnot10, Cnot11, Cnot2, Cnot3, Cnot4, Cnot6, Cnot6l, Cnot7, Cnot8, Cnot9, Cnp, Cnpy2, Cnpy4, Cnr1, Cnr2, Cnrip1, Cnst, Cntd1, Cntf, Cntfr, Cntln, Cntn1, Cntn2, Cntn4, Cntn6, Cntnap1, Cntnap2, Cntnap4, Cntrob, Coa3, Coa8, Cobl, Coch, Cog3, Cog7, Col14a1, Col16a1, Col18a1, Col1a1, Col1a2, Col26a1, Col2a1, Col3a1, Col4a1, Col4a2, Col4a3, Col4a5, Col4a6, Col5a1, Col5a2, Col6a1, Col6a2, Col6a3, Col8a1, Colec10, Colec11, Colec12, Colgalt1, Colq, Commd1, Commd4, Commd5, Commd6, Commd7, Commd8, Comp, Comt, Cop1, Copa, Cops2, Cops5, Cops8, Cops9, Coq7, Corin, Coro1a, Coro1b, Coro1c, Coro2b, Coro7, Cort, Cotl1, Cox11, Cox17, Cox7a1, Cox7a2, Cox7a2l, Cpa3, Cpa4, Cpap, Cpb2, Cpe, Cpeb1, Cpeb2, Cpeb3, Cpeb4, Cphx1, Cplane2, Cplx1, Cplx2, Cplx3, Cplx4, Cpne1, Cpne3, Cpne5, Cpne6, Cpne9, Cpped1, Cpq, Cps1, Cpsf3, Cpsf6, Cpt1a, Cpt1c, Cpt2, Cptp, Cpz, Cr1l, Cr2, Crabp2, Cracd, Cracr2a, Cradd, Crb2, Crb3, Crbn, Crcp, Creb1, Creb3, Creb3l1, Creb3l2, Creb3l3, Creb3l4, Creb5, Crebbp, Crebl2, Crebrf, Crebzf, Creg1, Crem, Crh, Crhbp, Crhr1, Crhr2, Crim1, Crip1, Crip2, Cript, Cripto, Crisp4, Crk, Crkl, Crlf1, Crlf2, Crlf3, Crmp1, Crnde, Crnn, Crocc, Crp, Crtac1, Crtam, Crtap, Crtc1, Crtc2, Crtc3, Crx, Crxos, Cry1, Cry2, Cryaa, Cryab, Cryba1, Crym, Csdc2, Csde1, Csf1, Csf1r, Csf2, Csf2ra, Csf2rb, Csf2rb2, Csf3, Csf3r, Csk, Csmd3, Csn2, Csn3, Csnk1a1, Csnk1d, Csnk1e, Csnk1g1, Csnk1g2, Csnk1g3, Csnk2a1, Csnk2a2, Csnk2b, Cspg4, Cspg5, Cspp1, Csrnp1, Csrnp2, Csrnp3, Csrp3, Cst11, Cst3, Cst7, Csta1, Csta2, Csta3, Cstb, Cstdc3, Cstdc4, Cstdc5, Cstdc6, Cstpp1, Ctbp1, Ctbp2, Ctc1, Ctcf, Ctcfl, Ctdnep1, Ctdp1, Ctdsp1, Ctdsp2, Ctdspl, Ctdspl2, Ctf1, Ctf2, Cth, Cthrc1, Ctif, Ctla2a, Ctla4, Ctnna1, Ctnna2, Ctnna3, Ctnnal1, Ctnnb1, Ctnnbip1, Ctnnbl1, Ctnnd1, Ctnnd2, Ctns, Ctr9, Ctrb1, Cts7, Ctsa, Ctsb, Ctsc, Ctsd, Ctsg, Ctsh, Ctsk, Ctsl, Ctss, Ctsz, Cttn, Cttnbp2, Cttnbp2nl, Cuedc2, Cul1, Cul3, Cul4a, Cul4b, Cul5, Cul7, Cul9, Cux1, Cux2, Cuzd1, Cwh43, Cx3cl1, Cx3cr1, Cxadr, Cxcl1, Cxcl10, Cxcl11, Cxcl12, Cxcl13, Cxcl14, Cxcl15, Cxcl16, Cxcl17, Cxcl2, Cxcl3, Cxcl5, Cxcl9, Cxcr1, Cxcr2, Cxcr3, Cxcr4, Cxcr5, Cxcr6, Cxxc1, Cxxc4, Cxxc5, Cyb5d1, Cyb5d2, Cyb5r4, Cyba, Cybb, Cycs, Cyct, Cyfip1, Cyfip2, Cygb, Cyld, Cyp11a1, Cyp11b1, Cyp11b2, Cyp17a1, Cyp19a1, Cyp1a1, Cyp1a2, Cyp1b1, Cyp21a1, Cyp26a1, Cyp26b1, Cyp26c1, Cyp27a1, Cyp27b1, Cyp2c55, Cyp2d22, Cyp2j5, Cyp2j6, Cyp2s1, Cyp2w1, Cyp3a11, Cyp3a13, Cyp3a16, Cyp3a41a, Cyp3a41b, Cyp3a44, Cyp46a1, Cyp4a10, Cyp4a31, Cyp4a32, Cyp51, Cyp7a1, Cyp7b1, Cyp8b1, Cyren, Cyria, Cyrib, Cys1, Cysltr1, Cysltr2, Cyth1, Cyth2, Cyth3, Cyth4, Cytip, Cytl1, D130043K22Rik, D16Ertd472e, D1Pas1, D6Wsu163e, D7Ertd443e, Daam1, Daam2, Dab1, Dab2, Dab2ip, Dach1, Dach2, Dact1, Dact2, Dact3, Dad1, Dag1, Dagla, Daglb, Dand5, Dap, Dapk1, Dapk2, Dapk3, Dapl1, Daxx, Dazap1, Dazap2, Dazl, Dbf4, Dbh, Dbi, Dbn1, Dbndd1, Dbndd2, Dbnl, Dbp, Dbx1, Dbx2, Dcaf1, Dcaf11, Dcaf12, Dcaf13, Dcaf15, Dcaf5, Dcaf6, Dcbld2, Dcc, Dcdc2a, Dcdc2c, Dchs1, Dclk1, Dclk2, Dclk3, Dcn, Dcp1a, Dcp1b, Dcp2, Dcps, Dcst1, Dcstamp, Dct, Dctn1, Dcun1d1, Dcun1d2, Dcun1d3, Dcun1d4, Dcun1d5, Dcx, Dcxr, Dda1, Ddah1, Ddb1, Ddhd1, Ddhd2, Ddi1, Ddi2, Ddias, Ddit3, Ddit4, Ddit4l, Ddn, Ddo, Ddost, Ddr1, Ddr2, Ddrgk1, Ddt, Ddx1, Ddx11, Ddx17, Ddx19a, Ddx20, Ddx21, Ddx25, Ddx39b, Ddx3x, Ddx3y, Ddx4, Ddx41, Ddx42, Ddx47, Ddx49, Ddx5, Ddx54, Ddx56, Ddx6, Ddx60, Deaf1, Decr1, Dedd, Dedd2, Def8, Defb1, Defb21, Defb25, Defb37, Degs1, Dek, Dele1, Dennd10, Dennd1a, Dennd1b, Dennd2b, Dennd3, Dennd4a, Dennd4b, Dennd4c, Dennd5a, Dennd5b, Dennd6a, Depdc1a, Depdc1b, Depdc5, Depdc7, Depp1, Deptor, Derl1, Derl2, Derl3, Desi1, Det1, Dffa, Dffb, Dgat1, Dgat2, Dgcr8, Dgka, Dgkb, Dgkd, Dgke, Dgkg, Dgkh, Dgki, Dgkk, Dgkq, Dgkz, Dguok, Dhcr24, Dhcr7, Dhfr, Dhh, Dhodh, Dhps, Dhrs11, Dhrs2, Dhrs3, Dhrs4, Dhrs7, Dhrs7b, Dhrs7c, Dhrs9, Dhrsx, Dhx15, Dhx29, Dhx33, Dhx34, Dhx36, Dhx37, Dhx58, Dhx9, Diablo, Diaph1, Diaph2, Diaph3, Dicer1, Dido1, Dimt1, Dio1, Dio2, Dio3, Dip2a, Dip2b, Dipk2a, Diras1, Diras2, Dis3, Dis3l, Dis3l2, Disc1, Disp1, Disp2, Disp3, Dixdc1, Dkc1, Dkk1, Dkk2, Dkk3, Dkk4, Dkkl1, Dlc1, Dld, Dlec1, Dleu2, Dlg1, Dlg2, Dlg3, Dlg4, Dlg5, Dlgap1, Dlgap2, Dlgap3, Dlgap4, Dlgap5, Dlk1, Dlk2, Dll1, Dll3, Dll4, Dlx1, Dlx2, Dlx3, Dlx4, Dlx5, Dlx6, Dlx6os1, Dmap1, Dmbt1, Dmbx1, Dmd, Dmp1, Dmpk, Dmrt1, Dmrt1i, Dmrt2, Dmrt3, Dmrta1, Dmrta2, Dmrtb1, Dmrtc2, Dmtf1, Dmtf1l, Dmtn, Dmxl1, Dmxl2, Dna2, Dnaaf1, Dnaaf11, Dnaaf4, Dnah11, Dnai1, Dnai3, Dnaja1, Dnaja3, Dnaja4, Dnajb1, Dnajb11, Dnajb2, Dnajb4, Dnajb5, Dnajb6, Dnajb8, Dnajb9, Dnajc1, Dnajc10, Dnajc13, Dnajc15, Dnajc16, Dnajc17, Dnajc19, Dnajc2, Dnajc24, Dnajc27, Dnajc3, Dnajc30, Dnajc5, Dnajc6, Dnajc9, Dnase1, Dnase1l3, Dnase2a, Dnd1, Dner, Dnlz, Dnm1, Dnm1l, Dnm2, Dnm3, Dnmbp, Dnmt1, Dnmt3a, Dnmt3b, Dnmt3l, Dnph1, Doc2a, Doc2b, Doc2g, Dock1, Dock10, Dock11, Dock2, Dock3, Dock4, Dock5, Dock6, Dock7, Dock8, Dock9, Dok1, Dok2, Dok3, Dok4, Dok5, Dok6, Dok7, Donson, Dot1l, Dpep1, Dpf1, Dpf2, Dpf3, Dph3, Dpm2, Dpm3, Dpp10, Dpp4, Dpp6, Dpp8, Dpp9, Dppa1, Dppa2, Dppa3, Dppa5a, Dppa5b, Dpt, Dpy30, Dpysl2, Dpysl3, Dpysl5, Dr1, Dram1, Dram2, Drap1, Draxin, Drc1, Drd1, Drd2, Drd3, Drd4, Drd5, Drg1, Drgx, Drosha, Drp2, Dsc1, Dsc2, Dsc3, Dscam, Dscaml1, Dscc1, Dsg1a, Dsg1b, Dsg1c, Dsg2, Dsg3, Dsg4, Dsp, Dspp, Dstn, Dstyk, Dtd1, Dtd2, Dtl, Dtna, Dtnb, Dtnbp1, Dtx1, Dtx2, Dtx3, Dtx3l, Dtx4, Dubr, Duox1, Duox2, Duoxa1, Duoxa2, Dus3l, Dusp1, Dusp10, Dusp12, Dusp13a, Dusp13b, Dusp14, Dusp15, Dusp16, Dusp18, Dusp19, Dusp2, Dusp21, Dusp22, Dusp23, Dusp26, Dusp28, Dusp29, Dusp3, Dusp4, Dusp5, Dusp6, Dusp7, Dusp8, Dusp9, Dut, Duxbl1, Duxf3, Duxf4, Dvl1, Dvl2, Dvl3, Dxo, Dynap, Dynapl1, Dync1h1, Dync1i2, Dync1li1, Dync2h1, Dync2li1, Dynll1, Dynlt1a, Dynlt1b, Dynlt1c, Dynlt1f, Dynlt2b, Dynlt3, Dyrk1a, Dyrk1b, Dyrk2, Dyrk3, Dysf, Dytn, Dzip1, Dzip1l, E130311K13Rik, E230001N04Rik, E2f1, E2f2, E2f3, E2f4, E2f5, E2f6, E2f7, E2f8, E330034G19Rik, E4f1, Eaf1, Eaf2, Eapp, Ebf1, Ebf2, Ebf3, Ebf4, Ebi3, Ecd, Ece1, Ece2, Ecel1, Echdc3, Ecm1, Ecm2, Ecrg4, Ecscr, Ecsit, Ect2, Eda, Eda2r, Edar, Edaradd, Edc3, Edc4, Edem1, Edem2, Edem3, Edf1, Edil3, Edn1, Edn2, Edn3, Ednra, Ednrb, Edrf1, Eea1, Eed, Eef1a2, Eef1d, Eef1e1, Eef1ece2, Eef2, Eef2k, Eefsec, Eeig1, Eepd1, Efcab7, Efemp1, Efemp2, Efhb, Efhc1, Efhc2, Efhd1, Efna1, Efna2, Efna3, Efna4, Efna5, Efnb1, Efnb2, Efnb3, Efr3a, Efs, Egf, Egfbp2, Egfl6, Egfl7, Egflam, Egfr, Egln1, Egln2, Egln3, Egr1, Egr2, Egr3, Egr4, Ehd1, Ehd2, Ehd3, Ehd4, Ehf, Ehmt1, Ehmt2, Ei24, Eid1, Eid2, Eid2b, Eif1, Eif2a, Eif2ak1, Eif2ak2, Eif2ak3, Eif2ak4, Eif2b1, Eif2b2, Eif2b3, Eif2b4, Eif2b5, Eif2s1, Eif3a, Eif3b, Eif3d, Eif3e, Eif3h, Eif3k, Eif4a1, Eif4a2, Eif4a3, Eif4a3l1, Eif4a3l2, Eif4e, Eif4e2, Eif4e3, Eif4ebp1, Eif4ebp2, Eif4ebp3, Eif4enif1, Eif4g1, Eif4g2, Eif4g3, Eif5, Eif5a, Eif5a2, Eif5b, Eif6, Eipr1, Elane, Elapor1, Elapor2, Elavl1, Elavl2, Elavl4, Eldr, Elf1, Elf2, Elf3, Elf4, Elf5, Elfn1, Elfn2, Elk1, Elk3, Elk4, Ell, Ell2, Ell3, Elmo1, Elmod2, Eln, Eloa, Elob, Eloc, Elovl3, Elovl5, Elovl6, Elp2, Elp3, Elp4, Elp5, Elp6, Emc10, Emcn, Emd, Eme1, Eme2, Emilin1, Emilin2, Eml2, Eml3, Eml4, Emp2, Emsy, Emx1, Emx2, En1, En2, Enam, Enc1, Endog, Endou, Eng, Enho, Eno1, Eno1b, Enpep, Enpp1, Enpp2, Enpp3, Enpp4, Enpp7, Ensa, Entpd1, Entpd2, Entpd7, Entr1, Entrep1, Eny2, Eomes, Ep300, Ep400, Epas1, Epb41, Epb41l1, Epb41l2, Epb41l3, Epb41l4b, Epb41l5, Epb42, Epc1, Epc2, Epcam, Epg5, Epgn, Epha1, Epha10, Epha2, Epha3, Epha4, Epha5, Epha6, Epha7, Epha8, Ephb1, Ephb2, Ephb3, Ephb4, Ephb6, Ephx2, Epm2a, Epm2aip1, Epn1, Epn2, Epo, Epop, Epor, Eppin, Eppk1, Eprs1, Eps15, Eps8, Eps8l1, Eps8l2, Eps8l3, Epx, Erap1, Eras, Erbb2, Erbb3, Erbb4, Erbin, Erc1, Erc2, Ercc1, Ercc2, Ercc3, Ercc4, Ercc5, Ercc6, Ercc8, Erdr1x, Ereg, Erf, Erfe, Erfl, Erg, Ergic3, Eri1, Erlec1, Erlin1, Erlin2, Erln, Ermap, Ermn, Ermp1, Ern1, Ern2, Ero1a, Ero1b, Erp29, Errfi1, Esam, Esco1, Esco2, Esm1, Esp1, Esp22, Esp6, Espn, Esr1, Esr2, Esrp1, Esrp2, Esrra, Esrrb, Esrrg, Esx1, Etaa1, Etf1, Etfbkmt, Ets1, Ets2, Etv1, Etv2, Etv3, Etv3l, Etv4, Etv5, Etv6, Eva1a, Evc, Evc2, Evi2, Evi2b, Evi5, Evi5l, Evl, Evpl, Evx1, Evx2, Ewsr1, Exd1, Exoc2, Exoc3l, Exoc4, Exoc7, Exosc10, Exosc2, Exosc3, Exosc4, Exosc5, Exosc6, Exosc7, Exosc8, Exosc9, Exph5, Ext1, Ext2, Extl3, Eya1, Eya2, Eya3, Eya4, Ezh1, Ezh2, Ezhip, Ezr, F10, F11, F11r, F12, F13a1, F13b, F2, F2r, F2rl1, F2rl2, F2rl3, F3, F5, F7, F8, F8a, F9, Fa2h, Faah, Fabp1, Fabp3, Fabp4, Fabp5, Fabp7, Fadd, Fads2, Faf1, Faim, Faim2, Faiml, Fam107a, Fam110c, Fam111a, Fam114a1, Fam120b, Fam13b, Fam161a, Fam162a, Fam168a, Fam170a, Fam170b, Fam171a1, Fam20a, Fam20c, Fam210b, Fam220a, Fam3a, Fam3b, Fam3c, Fam3d, Fam47c, Fam47e, Fam50a, Fam53b, Fam72a, Fam76b, Fam83a, Fam83b, Fam83c, Fam83d, Fam83e, Fam83f, Fam83g, Fam83h, Fam89b, Fam98a, Fam98b, Fanca, Fancb, Fancd2, Fanci, Fancl, Fancm, Fank1, Fap, Farp1, Farp2, Fas, Fasl, Fastk, Fastkd1, Fastkd2, Fastkd3, Fastkd5, Fat1, Fat3, Fat4, Fate1, Faxdc2, Fbh1, Fblim1, Fbln1, Fbln2, Fbln5, Fbn1, Fbn2, Fbp1, Fbrs, Fbxl15, Fbxl17, Fbxl19, Fbxl2, Fbxl20, Fbxl21, Fbxl3, Fbxl5, Fbxo10, Fbxo11, Fbxo2, Fbxo21, Fbxo22, Fbxo24, Fbxo31, Fbxo32, Fbxo33, Fbxo38, Fbxo4, Fbxo41, Fbxo43, Fbxo45, Fbxo5, Fbxo7, Fbxo8, Fbxo9, Fbxw11, Fbxw4, Fbxw5, Fbxw7, Fbxw7as1, Fbxw8, Fcamr, Fcer1a, Fcer1g, Fcer2a, Fcgr1, Fcgr2b, Fcgr3, Fcgr4, Fcho1, Fchsd1, Fchsd2, Fcmr, Fcna, Fcnb, Fcor, Fcrl2, Fcrl5, Fcrl6, Fcrla, Fcrlb, Fdcsp, Fdps, Fdx1, Fech, Fem1a, Fem1al, Fem1b, Fen1, Fer, Ferd3l, Fermt1, Fermt2, Fermt3, Fes, Fetub, Fev, Fez1, Fez2, Fezf1, Fezf2, Ffar1, Ffar2, Ffar3, Ffar4, Fga, Fgb, Fgd1, Fgd2, Fgd4, Fgf1, Fgf10, Fgf11, Fgf12, Fgf13, Fgf14, Fgf15, Fgf16, Fgf17, Fgf18, Fgf2, Fgf20, Fgf21, Fgf22, Fgf23, Fgf3, Fgf4, Fgf5, Fgf6, Fgf7, Fgf8, Fgf9, Fgfbp1, Fgfbp3, Fgfr1, Fgfr2, Fgfr3, Fgfr4, Fgfrl1, Fgg, Fgl1, Fgl2, Fgr, Fh1, Fhit, Fhl1, Fhl2, Fhl5, Fhod1, Fhod3, Ficd, Fig4, Figla, Fignl1, Fignl2, Fip1l1, Firrm, Fis1, Fitm1, Fitm2, Fiz1, Fjx1, Fkbp10, Fkbp11, Fkbp14, Fkbp1a, Fkbp1b, Fkbp2, Fkbp3, Fkbp4, Fkbp5, Fkbp6, Fkbp7, Fkbp8, Fkbp9, Fkbpl, Fkrp, Fktn, Flcn, Fli1, Flii, Flna, Flot1, Flot2, Flrt1, Flrt2, Flrt3, Flt1, Flt3, Flt3l, Flt4, Flvcr1, Flywch1, Fmc1, Fmn1, Fmn2, Fmnl1, Fmnl2, Fmnl3, Fmo1, Fmo2, Fmo4, Fmo5, Fmr1, Fn1, Fnbp1, Fnbp1l, Fndc1, Fndc3b, Fndc4, Fndc5, Fnip1, Fnip2, Fnta, Fntb, Focad, Folh1, Folr1, Folr2, Fos, Fosb, Fosl1, Fosl2, Foxa1, Foxa2, Foxa3, Foxb1, Foxb2, Foxc1, Foxc2, Foxd1, Foxd2, Foxd3, Foxd4, Foxe1, Foxe3, Foxf1, Foxf2, Foxg1, Foxh1, Foxi1, Foxi2, Foxi3, Foxj1, Foxj2, Foxj3, Foxk1, Foxk2, Foxl1, Foxl2, Foxl3, Foxm1, Foxn1, Foxn2, Foxn3, Foxn4, Foxo1, Foxo3, Foxo4, Foxo6, Foxp1, Foxp2, Foxp3, Foxp4, Foxq1, Foxr1, Foxr2, Foxs1, Fpr-rs3, Fpr-rs4, Fpr-rs6, Fpr-rs7, Fpr1, Fpr2, Fpr3, Frat1, Frat2, Frey1, Frk, Frmd4a, Frmd5, Frmd6, Frmd7, Frmd8, Frmpd1, Frmpd4, Frrs1l, Frs2, Frs3, Fry, Frzb, Fscb, Fscn1, Fsd1, Fshb, Fshr, Fst, Fstl1, Fstl3, Fstl4, Fstl5, Fth1, Ftmt, Fto, Ftx, Fubp1, Fubp3, Fuca2, Fundc2, Fuom, Furin, Fus, Fut1, Fut2, Fut4, Fut7, Fut8, Fut9, Fuz, Fxn, Fxr1, Fxr2, Fxyd1, Fxyd2, Fxyd3, Fxyd4, Fxyd5, Fxyd6, Fxyd7, Fyb1, Fyb2, Fyco1, Fyn, Fzd1, Fzd10, Fzd2, Fzd3, Fzd4, Fzd5, Fzd6, Fzd7, Fzd8, Fzd9, Fzr1, G0s2, G2e3, G3bp1, G3bp2, G6pc1, G6pc2, G6pd2, G6pdx, Gaa, Gab1, Gab2, Gab3, Gabarap, Gabarapl2, Gabbr1, Gabbr2, Gabpa, Gabpb1, Gabpb2, Gabra1, Gabra2, Gabra3, Gabra4, Gabra5, Gabra6, Gabrb1, Gabrb2, Gabrb3, Gabrd, Gabre, Gabrg1, Gabrg2, Gabrg3, Gabrq, Gabrr1, Gabrr2, Gadd45a, Gadd45b, Gadd45g, Gak, Gal, Galnt11, Galp, Galr1, Galr2, Galr3, Gamt, Gap43, Gapdh, Gapdh-ps15, Gapdhrt, Gapdhrt2, Gapdhs, Gapvd1, Garem1, Garin5a, Garnl3, Garre1, Gas1, Gas2, Gas2l1, Gas2l2, Gas5, Gas6, Gas7, Gas8, Gast, Gata1, Gata2, Gata3, Gata4, Gata5, Gata6, Gatad1, Gatad2a, Gatad2b, Gatc, Gatm, Gba1, Gba2, Gbe1, Gbf1, Gbp2, Gbp2b, Gbp3, Gbp4, Gbp5, Gbp7, Gbx1, Gbx2, Gcc2, Gcg, Gcgr, Gch1, Gchfr, Gck, Gckr, Gclc, Gclm, Gcm1, Gcm2, Gcn1, Gcnt1, Gcnt2, Gcnt4, Gcsam, Gda, Gde1, Gdf1, Gdf10, Gdf11, Gdf15, Gdf2, Gdf3, Gdf5, Gdf6, Gdf7, Gdf9, Gdi1, Gdi2, Gdnf, Gdpd2, Gdpd5, Gemin2, Gemin5, Gen1, Get1, Get4, Gfap, Gfer, Gfi1, Gfi1b, Gfpt1, Gfra1, Gfra2, Gfra3, Gfra4, Gfral, Gfus, Gga1, Gga3, Ggct, Ggnbp2, Ggt1, Ggt7, Gh, Ghitm, Ghr, Ghrh, Ghrhr, Ghrl, Ghsr, Gid8, Gigyf1, Gigyf2, Gimap3, Gimap5, Gimap8, Gip, Gipc1, Gipr, Git1, Git2, Gja1, Gja10, Gja3, Gja4, Gja5, Gja6, Gja8, Gjb1, Gjb2, Gjb3, Gjb4, Gjb5, Gjb6, Gjc1, Gjc2, Gjc3, Gjd2, Gjd3, Gjd4, Gje1, Gk, Gkap1, Gkn1, Gkn2, Gkn3, Gla, Glce, Gldn, Glg1, Gli1, Gli2, Gli3, Glipr2, Glis1, Glis2, Glis3, Glmn, Glmp, Glo1, Glp1r, Glp2r, Glra1, Glra2, Glra3, Glra4, Glrb, Glrp1, Glrx, Glrx3, Gls, Gls2, Glud1, Glul, Glyr1, Gm10033, Gm10662, Gm10668, Gm11690, Gm11772, Gm12250, Gm12258, Gm128, Gm13271, Gm13272, Gm13275, Gm13276, Gm13277, Gm13283, Gm14137, Gm14295, Gm14322, Gm14325, Gm14391, Gm14399, Gm14401, Gm14403, Gm14412, Gm14418, Gm14434, Gm14443, Gm14444, Gm14461, Gm15441, Gm15446, Gm17067, Gm17655, Gm19965, Gm2044, Gm20737, Gm20738, Gm20747, Gm20773, Gm20795, Gm20806, Gm20807, Gm20808, Gm20812, Gm20815, Gm20816, Gm20818, Gm20821, Gm20822, Gm20825, Gm20826, Gm20830, Gm20834, Gm20852, Gm20854, Gm20865, Gm20873, Gm20914, Gm20917, Gm20918, Gm21118, Gm21292, Gm21310, Gm21394, Gm21719, Gm21778, Gm21812, Gm21854, Gm2381, Gm266, Gm28171, Gm32687, Gm35315, Gm3604, Gm38999, Gm4275, Gm44504, Gm4513, Gm45871, Gm4767, Gm4924, Gm5127, Gm5141, Gm5157, Gm527, Gm5849, Gm5890, Gm6176, Gm6871, Gm6882, Gm7072, Gm715, Gm7324, Gmcl1, Gmds, Gmeb1, Gmeb2, Gmfb, Gmfg, Gmip, Gmnc, Gmnn, Gmppa, Gna11, Gna12, Gna13, Gna14, Gna15, Gnai1, Gnai2, Gnai3, Gnal, Gnao1, Gnaq, Gnas, Gnasas1, Gnat1, Gnat2, Gnat3, Gnaz, Gnb1, Gnb1l, Gnb2, Gnb3, Gnb4, Gnb5, Gng10, Gng11, Gng12, Gng13, Gng14, Gng2, Gng3, Gng4, Gng5, Gng5c, Gng7, Gng8, Gngt1, Gngt2, Gnl3, Gnl3l, Gnmt, Gnrh1, Gnrhr, Golga2, Golga4, Golga7, Golm1, Golph3, Golph3l, Gon4l, Gopc, Gorab, Gorasp1, Got1, Gp1ba, Gp1bb, Gp5, Gp6, Gp9, Gpam, Gpat2, Gpat3, Gpat4, Gpatch3, Gpbar1, Gpbp1, Gpbp1l1, Gpc1, Gpc2, Gpc3, Gpc4, Gpc5, Gpc6, Gpd1, Gpd1l, Gper1, Gpha2, Gphb5, Gphn, Gpi1, Gpihbp1, Gpld1, Gpm6a, Gpm6b, Gpnmb, Gpr101, Gpr108, Gpr119, Gpr12, Gpr132, Gpr135, Gpr137, Gpr137b, Gpr137c, Gpr139, Gpr141, Gpr142, Gpr143, Gpr146, Gpr149, Gpr15, Gpr150, Gpr151, Gpr152, Gpr153, Gpr155, Gpr156, Gpr157, Gpr158, Gpr15lg, Gpr160, Gpr161, Gpr162, Gpr165, Gpr17, Gpr171, Gpr173, Gpr174, Gpr176, Gpr179, Gpr18, Gpr180, Gpr182, Gpr183, Gpr19, Gpr20, Gpr21, Gpr22, Gpr25, Gpr26, Gpr27, Gpr3, Gpr31b, Gpr33, Gpr34, Gpr35, Gpr37, Gpr37l1, Gpr39, Gpr4, Gpr45, Gpr50, Gpr52, Gpr55, Gpr6, Gpr61, Gpr62, Gpr63, Gpr65, Gpr68, Gpr75, Gpr82, Gpr83, Gpr84, Gpr85, Gpr87, Gpr88, Gpr89, Gprasp1, Gprc5a, Gprc5b, Gprc5c, Gprc5d, Gprc6a, Gps2, Gpsm1, Gpsm2, Gpsm3, Gpt, Gpx1, Gpx2, Gpx4, Gramd2a, Gramd4, Grap, Grap2, Grb10, Grb14, Grb2, Grb7, Grcc10, Grem1, Grem2, Grhl1, Grhl2, Grhl3, Gria1, Gria2, Gria3, Gria4, Grid1, Grid2, Grid2ip, Grik1, Grik2, Grik3, Grik4, Grik5, Grin1, Grin2a, Grin2b, Grin2c, Grin2d, Grin3a, Grin3b, Grina, Grip1, Grip2, Gripap1, Grk1, Grk2, Grk3, Grk4, Grk5, Grk6, Grm1, Grm2, Grm3, Grm4, Grm5, Grm6, Grm7, Grm8, Grn, Grp, Grpr, Grsf1, Gsap, Gsc, Gsc2, Gsdma3, Gsdmd, Gsdme, Gsg1l, Gsk3a, Gsk3b, Gskip, Gsn, Gspt1, Gspt2, Gstm7, Gsto1, Gstp-ps, Gstp1, Gstp2, Gstp3, Gsx1, Gsx2, Gtdc1, Gtf2a1, Gtf2a2, Gtf2f1, Gtf2f2, Gtf2h1, Gtf2h2, Gtf2h3, Gtf2i, Gtf2ird1, Gtf2ird2, Gtpbp1, Gtpbp2, Gtpbp4, Gtsf1, Guca1a, Guca1b, Guca2b, Gucy1a1, Gucy1a2, Gucy1b1, Gucy1b2, Gucy2c, Gucy2d, Gucy2e, Gucy2f, Gucy2g, Guf1, Gypa, Gzf1, Gzma, Gzmb, Gzmc, Gzmk, Gzmn, H19, H1f0, H1f1, H1f10, H1f2, H1f3, H1f4, H1f5, H1f6, H1f8, H1f9, H2-Aa, H2-Ab1, H2-Bl, H2-D1, H2-DMa, H2-DMb1, H2-DMb2, H2-Ea, H2-Eb1, H2-Eb2, H2-K1, H2-L, H2-M1, H2-M10.1, H2-M10.2, H2-M10.3, H2-M10.4, H2-M10.5, H2-M10.6, H2-M11, H2-M2, H2-M3, H2-M5, H2-M9, H2-Oa, H2-Ob, H2-Q1, H2-Q10, H2-Q2, H2-Q4, H2-Q6, H2-Q7, H2-Q8, H2-Q9, H2-T22, H2-T23, H2-T24, H2-T26, H2-T27, H2-T3, H2ab1, H2ab2, H2ab3, H2ac1, H2ac10, H2ac11, H2ac12, H2ac13, H2ac15, H2ac19, H2ac20, H2ac21, H2ac22, H2ac23, H2ac24, H2ac25, H2ac4, H2ac6, H2ac7, H2ac8, H2aj, H2al1b, H2al1e, H2al1f, H2al1j, H2al1k, H2al1m, H2al1n, H2al1o, H2al2a, H2al2b, H2al3, H2ap, H2ax, H2az1, H2az2, H2bc1, H2bc21, H3c14, H3f3a, H3f3b, H3f5, H60a, H60b, H60c, H6pd, Habp4, Hacd1, Hacd3, Hace1, Hadh, Halr1, Hamp, Hamp2, Hand1, Hand2, Hand2os1, Hap1, Hapln4, Hapstr1, Has1, Has2, Has3, Haspin, Hat1, Havcr1, Havcr2, Hax1, Hba-x, Hbb-b1, Hbb-b2, Hbb-bh1, Hbb-y, Hbegf, Hbp1, Hbs1l, Hc, Hcar1, Hcar2, Hcfc1, Hcfc2, Hck, Hcls1, Hcn1, Hcn2, Hcn3, Hcn4, Hcrt, Hcrtr1, Hcrtr2, Hcst, Hdac1, Hdac10, Hdac11, Hdac2, Hdac3, Hdac4, Hdac5, Hdac6, Hdac7, Hdac8, Hdac9, Hdgf, Hdgfl2, Hdgfl3, Hdx, Heatr1, Heca, Hectd1, Hecw1, Hecw2, Heg1, Helb, Hells, Helq, Helt, Helz, Helz2, Hemgn, Henmt1, Hepacam, Heph, Herc1, Herc2, Herc4, Herpud1, Herpud2, Hes1, Hes2, Hes3, Hes5, Hes6, Hes7, Hesx1, Hexb, Hexim1, Hexim2, Hey1, Hey2, Heyl, Hfe, Hgf, Hgfac, Hgs, Hhat, Hhatl, Hhex, Hhip, Hic1, Hic2, Hif1a, Hif1an, Hif3a, Higd1a, Higd2a, Hilpda, Hinfp, Hint1, Hint2, Hip1, Hip1r, Hipk1, Hipk2, Hipk3, Hipk4, Hira, Hivep1, Hivep2, Hivep3, Hjurp, Hjv, Hk1, Hk2, Hk3, Hlf, Hltf, Hlx, Hm629797, Hmbox1, Hmces, Hmg20a, Hmg20b, Hmga1, Hmga1b, Hmga2, Hmgb1, Hmgb2, Hmgb3, Hmgb4, Hmgcr, Hmgn1, Hmgn2, Hmgn3, Hmgn5, Hmox1, Hmx1, Hmx2, Hmx3, Hnf1a, Hnf1b, Hnf4a, Hnf4g, Hnrnpa0, Hnrnpa1, Hnrnpa2b1, Hnrnpab, Hnrnpc, Hnrnpd, Hnrnpdl, Hnrnpf, Hnrnph1, Hnrnph2, Hnrnph3, Hnrnpk, Hnrnpl, Hnrnpll, Hnrnpm, Hnrnpr, Hnrnpu, Homer1, Homer2, Homer3, Homez, Hook3, Hopx, Hormad1, Hotair, Hoxa1, Hoxa10, Hoxa11, Hoxa11os, Hoxa13, Hoxa2, Hoxa3, Hoxa4, Hoxa5, Hoxa6, Hoxa7, Hoxa9, Hoxb1, Hoxb13, Hoxb2, Hoxb3, Hoxb3os, Hoxb4, Hoxb5, Hoxb6, Hoxb7, Hoxb8, Hoxb9, Hoxc10, Hoxc11, Hoxc12, Hoxc13, Hoxc4, Hoxc5, Hoxc6, Hoxc8, Hoxc9, Hoxd1, Hoxd10, Hoxd11, Hoxd12, Hoxd13, Hoxd3, Hoxd4, Hoxd8, Hoxd9, Hp, Hp1bp3, Hpca, Hpcal1, Hpcal4, Hpf1, Hpgd, Hpgds, Hpn, Hprt1, Hps1, Hps4, Hps5, Hps6, Hpse, Hpse2, Hpx, Hr, Hras, Hrc, Hrg, Hrh1, Hrh2, Hrh3, Hrh4, Hrk, Hs1bp3, Hs3st5, Hsbp1, Hsbp1l1, Hsd11b1, Hsd11b2, Hsd17b1, Hsd17b10, Hsd17b11, Hsd17b12, Hsd17b13, Hsd17b2, Hsd17b3, Hsd17b4, Hsd17b6, Hsd17b7, Hsd17b8, Hsd3b1, Hsd3b2, Hsd3b3, Hsd3b4, Hsd3b5, Hsd3b6, Hsd3b7, Hsd3b8, Hsd3b9, Hsf1, Hsf2, Hsf3, Hsf4, Hsf5, Hsh2d, Hsp90aa1, Hsp90ab1, Hsp90b1, Hspa1a, Hspa1b, Hspa1l, Hspa2, Hspa4, Hspa5, Hspa8, Hspa9, Hspb1, Hspb2, Hspb6, Hspb8, Hspbp1, Hspd1, Hspg2, Hsph1, Htatip2, Htr1a, Htr1b, Htr1d, Htr1e, Htr1f, Htr2a, Htr2b, Htr2c, Htr3a, Htr3b, Htr4, Htr5a, Htr5b, Htr6, Htr7, Htra1, Htra2, Htra3, Htra4, Htt, Hunk, Hus1, Hus1b, Huwe1, Hvcn1, Hyal1, Hyal2, Hyal3, Hymai, Hyou1, Hypk, Iapp, Iars1, Iars2, Ibsp, Ibtk, Ica1, Ica1l, Icam1, Icam5, Ice1, Ice2, Icmt, Icos, Icosl, Id1, Id2, Id3, Id4, Ide, Idh1, Idh2, Idi2, Ido1, Idua, Ier2, Ier3, Ier3ip1, Ier5, Ierepo2, Ifi203, Ifi203-ps, Ifi204, Ifi205, Ifi206, Ifi207, Ifi208, Ifi209, Ifi211, Ifi213, Ifi214, Ifi27, Ifi27l2a, Ifi27l2b, Ifi30, Ifi35, Ifih1, Ifit2, Ifit3, Ifit3b, Ifitm1, Ifitm2, Ifitm3, Ifitm5, Ifitm6, Ifitm7, Ifna, Ifna1, Ifna11, Ifna12, Ifna13, Ifna14, Ifna15, Ifna16, Ifna2, Ifna4, Ifna5, Ifna6, Ifna7, Ifna9, Ifnab, Ifnar1, Ifnar2, Ifnb1, Ifne, Ifng, Ifngr1, Ifngr2, Ifnk, Ifnl2, Ifnl3, Ifnlr1, Ifnz, Ifrd1, Ifrd2, Ift122, Ift140, Ift172, Ift20, Ift25, Ift27, Ift46, Ift52, Ift56, Ift57, Ift74, Ift80, Ift81, Ift88, Igbp1, Igbp1b, Igf1, Igf1r, Igf2, Igf2bp1, Igf2bp2, Igf2bp3, Igf2r, Igfbp1, Igfbp2, Igfbp3, Igfbp4, Igfbp5, Igfbp6, Igfbp7, Igfbpl1, Igh-7, Igh-8, Igha, Ighd, Ighe, Ighg, Ighg1, Ighg2a, Ighg2b, Ighg2c, Ighg3, Ighm, Ighmbp2, Igsf1, Igsf10, Igsf11, Igsf21, Igsf8, Igsf9, Igsf9b, Igtp, Ihh, Iho1, Iigp1, Ik, Ikbkb, Ikbke, Ikbkg, Ikzf1, Ikzf2, Ikzf3, Ikzf4, Ikzf5, Il10, Il10ra, Il10rb, Il11, Il11ra1, Il11ra2, Il11ra3, Il12a, Il12b, Il12rb1, Il12rb2, Il13, Il13ra1, Il13ra2, Il15, Il15ra, Il16, Il17a, Il17b, Il17c, Il17d, Il17f, Il17ra, Il17rb, Il17rc, Il17rd, Il17re, Il18, Il18r1, Il18rap, Il19, Il1a, Il1b, Il1f10, Il1r1, Il1r2, Il1rap, Il1rapl1, Il1rapl2, Il1rl1, Il1rl2, Il1rn, Il2, Il20, Il20ra, Il20rb, Il21, Il21r, Il22, Il22b, Il22ra1, Il22ra2, Il23a, Il23r, Il24, Il25, Il27, Il27ra, Il2ra, Il2rb, Il2rg, Il3, Il31, Il31ra, Il33, Il34, Il36a, Il36b, Il36g, Il36rn, Il3ra, Il4, Il4i1, Il4i1b, Il4ra, Il5, Il5ra, Il6, Il6ra, Il6st, Il7, Il7r, Il9, Il9r, Ildr1, Ildr2, Ilf2, Ilf3, Ilk, Ilkap, Ilrun, Impa1, Impa2, Impact, Ina, Inava, Inca1, Incenp, Inf2, Ing1, Ing2, Ing3, Ing4, Ing5, Inha, Inhba, Inhbb, Inhbc, Inhbe, Inip, Ino80, Ino80b, Ino80c, Ino80d, Ino80e, Inpp4a, Inpp4b, Inpp5a, Inpp5b, Inpp5d, Inpp5e, Inpp5f, Inpp5j, Inpp5k, Inppl1, Ins1, Ins2, Insc, Insig1, Insig2, Insl3, Insl5, Insl6, Insm1, Insm2, Insr, Insrr, Insyn1, Insyn2a, Ints1, Ints13, Ints3, Ints7, Ints9, Intu, Invs, Ip6k1, Ip6k2, Ipo5, Ipo7, Ipo9, Ippk, Iqcb1, Iqce, Iqcf1, Iqgap1, Iqgap2, Iqgap3, Iqschfp, Iqsec1, Iqsec2, Iqsec3, Iqub, Irag1, Irak1, Irak1bp1, Irak2, Irak3, Irak4, Ireb2, Irf1, Irf2, Irf2bp1, Irf2bp2, Irf2bpl, Irf3, Irf4, Irf5, Irf6, Irf7, Irf8, Irf9, Irgc, Irgm1, Irgm2, Irs1, Irs2, Irs3, Irs4, Irx1, Irx2, Irx3, Irx4, Irx5, Irx6, Iscu, Isg15, Isg20, Isl1, Isl2, Islr2, Ism1, Isoc2a, Isoc2b, Israa, Ist1, Isx, Isyna1, Itch, Itfg2, Itga1, Itga10, Itga11, Itga2, Itga2b, Itga3, Itga4, Itga5, Itga6, Itga7, Itga8, Itga9, Itgad, Itgae, Itgal, Itgam, Itgav, Itgax, Itgb1, Itgb1bp1, Itgb2, Itgb2l, Itgb3, Itgb3bp, Itgb4, Itgb5, Itgb6, Itgb7, Itgb8, Itgbl1, Itk, Itln1, Itlnb, Itm2a, Itm2b, Itm2c, Itpka, Itpkb, Itpr1, Itpr2, Itpr3, Itprip, Itsn1, Itsn2, Ivl, Ivns1abp, Iws1, Iyd, Jade1, Jade2, Jade3, Jag1, Jag2, Jagn1, Jak1, Jak2, Jak3, Jam2, Jam3, Jaml, Jarid2, Jazf1, Jcad, Jchain, Jdp2, Jhy, Jmjd1c, Jmjd4, Jmjd6, Jmjd8, Jmy, Jph2, Jph3, Jph4, Jpt2, Jpx, Jrk, Jsrp1, Jtb, Jun, Junb, Jund, Jup, Kalrn, Kank1, Kank2, Kank3, Kank4, Kansl1, Kansl2, Kansl3, Kantr, Kars1, Kat14, Kat2a, Kat2b, Kat5, Kat6a, Kat6b, Kat7, Kat8, Katna1, Katnb1, Katnbl1, Kazald1, Kbtbd13, Kbtbd2, Kbtbd6, Kbtbd7, Kbtbd8, Kcmf1, Kcna1, Kcna10, Kcna2, Kcna3, Kcna4, Kcna5, Kcna6, Kcna7, Kcnab1, Kcnab2, Kcnab3, Kcnb1, Kcnb2, Kcnc1, Kcnc2, Kcnc3, Kcnc4, Kcnd1, Kcnd2, Kcnd3, Kcne1, Kcne2, Kcne3, Kcne4, Kcne5, Kcnf1, Kcng1, Kcng2, Kcng3, Kcng4, Kcnh1, Kcnh2, Kcnh3, Kcnh4, Kcnh5, Kcnh6, Kcnh7, Kcnh8, Kcnip1, Kcnip2, Kcnip3, Kcnip4, Kcnj1, Kcnj10, Kcnj11, Kcnj12, Kcnj13, Kcnj14, Kcnj15, Kcnj16, Kcnj2, Kcnj3, Kcnj4, Kcnj5, Kcnj6, Kcnj8, Kcnj9, Kcnk1, Kcnk13, Kcnk18, Kcnk2, Kcnk3, Kcnk4, Kcnk6, Kcnk9, Kcnma1, Kcnmb1, Kcnmb2, Kcnmb3, Kcnmb4, Kcnn2, Kcnn4, Kcnq1, Kcnq1ot1, Kcnq2, Kcnq3, Kcnq4, Kcnrg, Kcns1, Kcns2, Kcns3, Kcnt1, Kcnu1, Kcnv1, Kcnv2, Kcp, Kctd1, Kctd10, Kctd11, Kctd12, Kctd12b, Kctd13, Kctd15, Kctd16, Kctd17, Kctd20, Kctd21, Kctd6, Kctd7, Kctd8, Kctd9, Kdf1, Kdm1a, Kdm1b, Kdm2a, Kdm2b, Kdm3a, Kdm3b, Kdm4a, Kdm4b, Kdm4c, Kdm4d, Kdm5a, Kdm5b, Kdm5c, Kdm5d, Kdm6a, Kdm6b, Kdm7a, Kdm8, Kdr, Keap1, Kel, Khdc3, Khdrbs1, Khdrbs2, Khdrbs3, Khk, Khsrp, Kics2, Kidins220, Kif11, Kif13a, Kif13b, Kif14, Kif16b, Kif18a, Kif18b, Kif1a, Kif1b, Kif20a, Kif20b, Kif21a, Kif21b, Kif23, Kif24, Kif26a, Kif26b, Kif2a, Kif2b, Kif2c, Kif3a, Kif3b, Kif3c, Kif5b, Kif7, Kif9, Kifap3, Kifc1, Kir3dl1, Kir3dl2, Kirrel1, Kirrel2, Kiss1, Kiss1r, Kit, Kitl, Kl, Klb, Klf1, Klf10, Klf11, Klf12, Klf13, Klf14, Klf15, Klf16, Klf17, Klf2, Klf3, Klf4, Klf5, Klf6, Klf7, Klf8, Klf9, Klhdc10, Klhl12, Klhl13, Klhl15, Klhl17, Klhl18, Klhl20, Klhl21, Klhl22, Klhl25, Klhl31, Klhl40, Klhl41, Klhl42, Klhl6, Klhl9, Klk1, Klk14, Klk1b1, Klk1b11, Klk1b16, Klk1b21, Klk1b22, Klk1b24, Klk1b26, Klk1b27, Klk1b3, Klk1b4, Klk1b5, Klk1b8, Klk1b9, Klk5, Klk6, Klk7, Klk8, Klkb1, Klrb1, Klrb1a, Klrb1b, Klrb1c, Klrb1f, Klrc1, Klrc2, Klrc3, Klrd1, Klre1, Klrg1, Klrh1, Klri1, Klri2, Klrk1, Kmo, Kmt2a, Kmt2b, Kmt2c, Kmt2d, Kmt2e, Kmt5a, Kmt5b, Kmt5c, Kndc1, Kng1, Kng2, Knl1, Knstrn, Kntc1, Kpna1, Kpna2, Kpna2rt, Kpna4, Kpna6, Kpna7, Kptn, Kras, Kremen1, Kremen2, Krit1, Krt1, Krt10, Krt13, Krt16, Krt17, Krt18, Krt19, Krt2, Krt20, Krt36, Krt4, Krt5, Krt6a, Krt8, Krt84, Krtap21-1, Ksr1, Ksr2, Kxd1, L1cam, L3mbtl1, L3mbtl2, L3mbtl3, L3mbtl4, Lacc1, Lactb, Lag3, Lair1, Lama1, Lama2, Lama3, Lama4, Lama5, Lamb1, Lamb2, Lamc1, Lamc2, Lamp1, Lamp2, Lamp3, Lamp5, Lamtor1, Lamtor2, Lamtor3, Lamtor4, Lamtor5, Lancl2, Laptm4b, Laptm5, Large1, Larp1, Larp4, Larp4b, Larp6, Larp7, Larp7-ps, Lars1, Lars2, Lat, Lat2, Lats1, Lats2, Lax1, Lbh, Lbp, Lbr, Lbx1, Lbx2, Lcat, Lck, Lcmt1, Lcn2, Lcn5, Lcor, Lcorl, Lcp1, Lcp2, Ldb1, Ldb2, Ldc1, Ldha, Ldlr, Ldlrad3, Ldlrad4, Ldlrap1, Ldoc1, Lect2, Lef1, Lefty1, Lefty2, Lemd2, Lemd3, Leo1, Lep, Lepr, Leprot, Leprotl1, Letm1, Letmd1, Lfng, Lgals1, Lgals12, Lgals2, Lgals3, Lgals8, Lgals9, Lgi1, Lgi3, Lgi4, Lgmn, Lgr4, Lgr5, Lgr6, Lhb, Lhcgr, Lhfpl2, Lhfpl4, Lhx1, Lhx2, Lhx3, Lhx4, Lhx5, Lhx6, Lhx8, Lhx9, Lichi, Lif, Lifr, Lig3, Lig4, Lilra5, Lilra6, Lilrb4a, Lilrb4b, Lima1, Limch1, Limd1, Lime1, Limk1, Limk2, Lims1, Lims2, Lin28a, Lin28b, Lin37, Lin52, Lin54, Lin7a, Lin7b, Lin7c, Lin9, Lingo1, Lingo2, Lingo4, Lipa, Lipc, Lipe, Lipg, Lipt2, Litaf, Litafd, Llgl1, Llgl2, Llph, Lman1, Lman2, Lmbr1, Lmbr1l, Lmbrd2, Lmcd1, Lmf1, Lmna, Lmnb1, Lmnb2, Lmntd2, Lmo1, Lmo2, Lmo3, Lmo4, Lmo7, Lmod1, Lmod2, Lmod3, Lmtk2, Lmx1a, Lmx1b, Lncenc1, Lnpep, Lnpk, Lonp1, Lonp2, Lox, Loxl2, Loxl3, Lpar1, Lpar2, Lpar3, Lpar4, Lpar5, Lpar6, Lpcat1, Lpcat3, Lpgat1, Lpin1, Lpin2, Lpin3, Lpl, Lpxn, Lrat, Lrba, Lrch1, Lrch4, Lrfn1, Lrfn2, Lrfn3, Lrfn4, Lrfn5, Lrg1, Lrif1, Lrig2, Lrit3, Lrp1, Lrp2, Lrp3, Lrp4, Lrp5, Lrp6, Lrp8, Lrpap1, Lrpprc, Lrr1, Lrrc10b, Lrrc14, Lrrc15, Lrrc17, Lrrc19, Lrrc2, Lrrc24, Lrrc26, Lrrc30, Lrrc32, Lrrc38, Lrrc39, Lrrc4, Lrrc40, Lrrc4b, Lrrc4c, Lrrc52, Lrrc55, Lrrc55os, Lrrc58, Lrrc63, Lrrc69, Lrrc7, Lrrc78, Lrrc8a, Lrrc8b, Lrrc8c, Lrrc8d, Lrrc8e, Lrrd1, Lrrfip1, Lrrfip2, Lrriq4, Lrrk1, Lrrk2, Lrrn1, Lrrn3, Lrrtm1, Lrrtm2, Lrrtm3, Lrrtm4, Lrsam1, Lrtm1, Lrtm2, Lsm1, Lsm10, Lsm11, Lsm14a, Lsm14b, Lsm2, Lsm4, Lsm5, Lsm6, Lsm7, Lsp1, Lsr, Lss, Lst1, Lta, Ltb, Ltb4r1, Ltb4r2, Ltbp1, Ltbp3, Ltbp4, Ltbr, Ltf, Ltk, Luc7l, Lum, Lurap1, Lurap1l, Luzp1, Ly6a, Ly6c1, Ly6c2, Ly6e, Ly6f, Ly6g, Ly6g2, Ly6g6d, Ly6g6e, Ly6g6g, Ly6h, Ly6i, Ly6m, Ly86, Ly9, Ly96, Lyar, Lyl1, Lyn, Lynx1, Lypd1, Lypd10, Lypd11, Lypd3, Lypd6, Lypla1, Lyplal1, Lyset, Lyst, Lyve1, Lztfl1, Lztr1, Lzts1, Lzts2, Lzts3, Mab21l1, Mab21l2, Macc1, Macf1, Macir, Maco1, Macroh2a1, Macroh2a2, Mad1l1, Mad2l1, Mad2l1bp, Mad2l2, Madcam1, Madd, Maea, Mael, Maf, Maf1, Mafa, Mafb, Maff, Mafg, Mafk, Mag, Magea1, Magea10, Magea13, Magea14, Magea2, Magea3, Magea4, Magea5, Magea6, Magea8, Magea9, Mageb11, Mageb16, Mageb18, Mageb2, Mageb3, Mageb4, Mageb5, Mageb5b, Mageb6b1, Magec2, Maged1, Maged2, Magee1, Magee2, Mageh1, Magel2, Magi1, Magi2, Magi3, Magoh, Magohb, Mak, Mal, Malat1, Malrd1, Malsu1, Malt1, Maml1, Maml2, Maml3, Mamld1, Mamstr, Man2a1, Manf, Mannr, Maoa, Maob, Map10, Map1a, Map1b, Map1lc3a, Map1lc3b, Map1s, Map2, Map2k1, Map2k2, Map2k3, Map2k4, Map2k5, Map2k6, Map2k7, Map3k1, Map3k10, Map3k11, Map3k12, Map3k13, Map3k14, Map3k15, Map3k19, Map3k2, Map3k20, Map3k21, Map3k3, Map3k4, Map3k5, Map3k6, Map3k7, Map3k8, Map3k9, Map4k1, Map4k2, Map4k3, Map4k4, Map4k5, Map6, Map6d1, Map9, Mapk1, Mapk10, Mapk11, Mapk12, Mapk13, Mapk14, Mapk15, Mapk3, Mapk4, Mapk6, Mapk7, Mapk8, Mapk8ip1, Mapk8ip2, Mapk8ip3, Mapk9, Mapkap1, Mapkapk2, Mapkapk3, Mapkapk5, Mapkbp1, Mapre1, Mapre2, Mapre3, Mapt, Marchf2, Marchf5, Marchf7, Marchf8, Marcks, Marcksl1, Marco, Marf1, Mark1, Mark2, Mark3, Mark4, Mars1, Marveld3, Mas1, Masp1, Masp2, Mast1, Mast2, Mast3, Mast4, Mastl, Mat2a, Matn1, Matr3, Mavs, Max, Maz, Mbd1, Mbd2, Mbd3, Mbd3l1, Mbd3l2, Mbd4, Mbd5, Mbip, Mbl1, Mbl2, Mblac1, Mbnl1, Mbnl2, Mbnl3, Mboat1, Mboat2, Mboat7, Mbp, Mbtd1, Mbtps1, Mbtps2, Mc1r, Mc2r, Mc3r, Mc4r, Mc5r, Mcam, Mcc, Mcf2l, Mchr1, Mcidas, Mcl1, Mcm7, Mcm8, Mcoln1, Mcoln2, Mcph1, Mcpt4, Mcrip1, Mcrs1, Mctp1, Mctp2, Mcts1, Mcu, Mcub, Mdc1, Mdfi, Mdfic, Mdfic2, Mdga1, Mdga2, Mdk, Mdm1, Mdm2, Mdm4, Me1, Me2, Meaf6, Meak7, Mecom, Mecp2, Med1, Med10, Med11, Med12, Med12l, Med13, Med13l, Med14, Med15, Med16, Med17, Med18, Med19, Med20, Med21, Med22, Med23, Med24, Med25, Med26, Med27, Med28, Med29, Med30, Med31, Med4, Med6, Med7, Med8, Med9, Medag, Mef2a, Mef2b, Mef2c, Mef2d, Mefv, Meg3, Megf10, Megf8, Meioc, Meiosin, Meis1, Meis2, Meis3, Melk, Meltf, Memo1, Men1, Meox1, Meox2, Mep1a, Mepce, Mepe, Mertk, Mesd, Mesp1, Mesp2, Mest, Met, Metrn, Metrnl, Mettl1, Mettl13, Mettl14, Mettl16, Mettl18, Mettl21c, Mettl23, Mettl3, Mettl4, Mettl5, Mettl8, Mex3b, Mex3c, Mex3d, Mfap2, Mfap4, Mff, Mfhas1, Mfn1, Mfn2, Mfng, Mfsd1, Mfsd12, Mfsd2a, Mfsd2b, Mfsd8, Mga, Mgarp, Mgat3, Mgat4d, Mgat5, Mgll, Mgmt, Mgp, Mgrn1, Mia, Mia3, Mib1, Mib2, Mical1, Mical2, Micu1, Micu3, Mid1, Mid1ip1, Mid2, Mideas, Midn, Mief1, Mief2, Mien1, Mier1, Mier2, Mier3, Mif, Mif4gd, Miip, Mill1, Milr1, Minar1, Mink1, Mios, Mip, Mir100, Mir101a, Mir101b, Mir103-1, Mir103-2, Mir106a, Mir106b, Mir107, Mir10a, Mir122, Mir124-2hg, Mir1247, Mir124a-1, Mir124a-1hg, Mir124a-2, Mir124a-3, Mir125a, Mir125b-1, Mir125b-2, Mir126a, Mir127, Mir128-1, Mir128-2, Mir129, Mir129-1, Mir129-2, Mir130a, Mir132, Mir133a-1, Mir133a-1hg, Mir133a-2, Mir133b, Mir134, Mir135a-1, Mir135a-2, Mir135b, Mir136, Mir137, Mir138-1, Mir138-2, Mir139, Mir140, Mir143, Mir144, Mir145a, Mir145b, Mir146, Mir147, Mir148b, Mir149, Mir150, Mir151, Mir153, Mir154, Mir155, Mir15a, Mir16-1, Mir17, Mir18, Mir181a-1, Mir181a-2, Mir181b-1, Mir181b-2, Mir181c, Mir181d, Mir182, Mir183, Mir184, Mir185, Mir186, Mir187, Mir188, Mir18b, Mir191, Mir1954, Mir195a, Mir196a-1, Mir196a-2, Mir196b, Mir1983, Mir199a-2, Mir19a, Mir19b-1, Mir19b-2, Mir1a-1, Mir1a-2, Mir1b, Mir200a, Mir200b, Mir203, Mir204, Mir205, Mir205hg, Mir208a, Mir208b, Mir20a, Mir20b, Mir210, Mir211, Mir212, Mir214, Mir217, Mir218, Mir218-1, Mir218-2, Mir219a-1, Mir219a-2, Mir21a, Mir21b, Mir21c, Mir22, Mir221, Mir222, Mir223, Mir224, Mir23a, Mir23b, Mir24-1, Mir24-2, Mir25, Mir26a-1, Mir26a-2, Mir26b, Mir27a, Mir27b, Mir28a, Mir290a, Mir292, Mir293, Mir294, Mir295, Mir296, Mir29a, Mir29b-1, Mir29b-2, Mir29c, Mir300, Mir301, Mir301b, Mir30a, Mir30b, Mir30c-1, Mir30c-2, Mir30d, Mir30e, Mir32, Mir320, Mir324, Mir326, Mir328, Mir329, Mir33, Mir330, Mir337, Mir338, Mir342, Mir345, Mir34a, Mir34b, Mir34c, Mir351, Mir363, Mir369, Mir370, Mir374b, Mir378a, Mir379, Mir381, Mir382, Mir383, Mir384, Mir3960, Mir410, Mir411, Mir421, Mir423, Mir425, Mir433, Mir434, Mir448, Mir449a, Mir449b, Mir449c, Mir450b, Mir451a, Mir451b, Mir452, Mir466, Mir466d, Mir466e, Mir466l, Mir467a-1, Mir467a-10, Mir467a-2, Mir467a-3, Mir467a-4, Mir467a-5, Mir467a-6, Mir467a-7, Mir467a-8, Mir467a-9, Mir467b, Mir470, Mir484, Mir486, Mir487b, Mir489, Mir494, Mir495, Mir499, Mir500, Mir501, Mir504, Mir505, Mir511, Mir539, Mir540, Mir541, Mir543, Mir551b, Mir574, Mir652, Mir667, Mir668, Mir669a-1, Mir669a-10, Mir669a-2, Mir669a-3, Mir669a-4, Mir669a-5, Mir669a-6, Mir669a-7, Mir669a-8, Mir669a-9, Mir672, Mir673, Mir674, Mir675, Mir696, Mir7-1, Mir7-2, Mir702, Mir7116, Mir744, Mir7578, Mir760, Mir770, Mir7b, Mir872, Mir873a, Mir874, Mir875, Mir9-1, Mir9-2, Mir9-3, Mir92-1, Mir92-2, Mir92b, Mir93, Mir96, Mir9718, Mir98, Mir99a, Mirlet7a-1, Mirlet7a-2, Mirlet7b, Mirlet7c-1, Mirlet7c-2, Mirlet7d, Mirlet7e, Mirlet7f-1, Mirlet7f-2, Mirlet7g, Mirlet7i, Mis18a, Misp, Mitd1, Mitf, Mixl1, Mki67, Mkks, Mkln1, Mknk1, Mknk2, Mkrn2, Mks1, Mkx, Mlc1, Mlf1, Mlf2, Mlh1, Mlip, Mlkl, Mllt1, Mllt10, Mllt11, Mllt3, Mllt6, Mlst8, Mlx, Mlxip, Mlxipl, Mlycd, Mmd, Mmd2, Mme, Mmp10, Mmp11, Mmp12, Mmp13, Mmp14, Mmp1a, Mmp1b, Mmp2, Mmp28, Mmp3, Mmp7, Mmp8, Mmp9, Mmrn1, Mmrn2, Mms19, Mmut, Mn1, Mnat1, Mndal, Mns1, Mnt, Mnx1, Moap1, Mob1a, Mob1b, Mob2, Mob3a, Mob3b, Mob3c, Mob4, Mog, Mok, Morc1, Morc2a, Morc2b, Morc3, Morf4l1, Morf4l2, Morn3, Mos, Mosmo, Mospd1, Mospd2, Mov10, Mov10l1, Mpc2, Mphosph8, Mphosph9, Mpig6b, Mpl, Mpo, Mpp1, Mpp2, Mpp7, Mprip, Mpv17, Mpv17l, Mpv17l2, Mpz, Mr1, Mrap, Mrap2, Mras, Mre11a, Mrgbp, Mrgpra1, Mrgpra2a, Mrgpra2b, Mrgpra3, Mrgpra4, Mrgpra5, Mrgpra6, Mrgpra7, Mrgpra8, Mrgpra9, Mrgprb1, Mrgprb2, Mrgprb3, Mrgprb4, Mrgprb5, Mrgprb8, Mrgprd, Mrgpre, Mrgprf, Mrgprg, Mrgprh, Mrgprx1, Mrgprx2, Mrln, Mrnip, Mroh2b, Mrpl12, Mrpl13, Mrps27, Mrtfa, Mrtfb, Mrto4, Ms4a1, Ms4a10, Ms4a12, Ms4a13, Ms4a14, Ms4a15, Ms4a18, Ms4a19, Ms4a2, Ms4a5, Ms4a6b, Ms4a6c, Ms4a6d, Ms4a7, Ms4a8a, Msantd1, Msc, Msgn1, Msh2, Msh3, Msh6, Msi1, Msi2, Msl1, Msl2, Msl3, Msmp, Msn, Msr1, Mst1, Mst1r, Mstn, Msx1, Msx1os, Msx2, Msx3, mt-Co2, Mt1, Mt2, Mt3, Mta1, Mta2, Mta3, Mtbp, Mtch1, Mtch2, Mtcl1, Mtcl2, Mtcl3, Mtcp1, Mtdh, Mterf1a, Mterf1b, Mterf2, Mterf3, Mterf4, Mtf1, Mtf2, Mtg1, Mtg2, Mtln, Mtm1, Mtmr1, Mtmr2, Mtmr3, Mtmr4, Mtmr9, Mtnap1, Mtnr1a, Mtnr1b, Mtor, Mtpap, Mtpn, Mtres1, Mtrnr2l7, Mtrr, Mtss1, Mtss2, Mttp, Mturn, Mtus1, Muc1, Muc16, Muc19, Muc2, Muc20, Muc21, Muc4, Muc5b, Mul1, Mup1, Mup11, Mup2, Mup20, Mup3, Mup4, Mup5, Mus81, Musk, Mustn1, Mutyh, Mvb12a, Mvb12b, Mvd, Mvk, Mvp, Mx2, Mxd1, Mxd3, Mxd4, Mxi1, Myadm, Myb, Mybbp1a, Mybl1, Mybl2, Mybpc3, Myc, Mycbp, Mycbp2, Mycbpap, Mycl, Mycn, Mycs, Myd88, Mydgf, Myef2, Myf5, Myf6, Myh10, Myh14, Myh6, Myh7, Myh7b, Myh9, Myl12a, Myl12b, Myl2, Myl3, Myl4, Mylip, Mylk, Mylk2, Mylk3, Mylk4, Mymk, Mynn, Myo10, Myo16, Myo18a, Myo19, Myo1a, Myo1c, Myo1e, Myo1f, Myo1g, Myo3a, Myo3b, Myo5a, Myo5b, Myo6, Myo9a, Myo9b, Myoc, Myocd, Myod1, Myof, Myog, Myom1, Myorg, Myoz1, Myoz2, Mypop, Myrf, Myrfl, Myrip, Mysm1, Myt1, Myt1l, Myzap, Mzb1, Mzf1, n-TIaat17, n-TRtct5, n-TUtca2, N4bp1, N4bp2l2, N6amt1, Naa10, Naa15, Naa16, Naa20, Naa30, Naa35, Naa38, Naa80, Nab1, Nab2, Nabp1, Nabp2, Naca, Nacc1, Nacc2, Nadk, Nae1, Naf1, Nagk, Naglu, Naif1, Naip1, Naip2, Naip5, Naip6, Naip7, Nalcn, Nampt, Nanog, Nanos1, Nanos2, Nanos3, Nap1l1, Nap1l2, Napa, Napb, Napepld, Nat10, Nat8, Nat8b-ps, Nat8f1, Nat8f2, Nat8f3, Nat8f5, Nat8f7, Nat8l, Nav2, Nav3, Naxe, Nbas, Nbdy, Nbea, Nbeal2, Nbl1, Nbn, Nbr1, Ncald, Ncam1, Ncan, Ncapd2, Ncapd3, Ncapg, Ncapg2, Ncaph, Ncaph2, Ncbp1, Ncbp2, Ncbp3, Nccrp1, Ncdn, Ncf1, Ncf2, Nck1, Nck2, Nckap1, Nckap1l, Nckipsd, Ncl, Ncln, Ncmap, Ncoa1, Ncoa2, Ncoa3, Ncoa5, Ncoa6, Ncoa7, Ncor1, Ncor2, Ncr1, Ncr3-ps, Ncs1, Ncstn, Ndc80, Ndel1, Ndfip1, Ndfip2, Ndn, Ndnf, Ndp, Ndrg1, Ndrg2, Ndrg3, Ndrg4, Ndst1, Ndst2, Ndufa13, Ndufa4, Ndufaf2, Ndufaf4, Ndufc2, Ndufs1, Ndufs3, Ndufs4, Ndufs6, Neb, Necab1, Necab2, Necab3, Nectin1, Nectin2, Nectin3, Nedd1, Nedd4, Nedd4l, Nedd8, Nedd9, Nefh, Nefl, Nefm, Negr1, Neil1, Nek1, Nek10, Nek11, Nek2, Nek3, Nek4, Nek5, Nek6, Nek7, Nek8, Nek9, Nelfa, Nelfb, Nelfcd, Nelfe, Nell1, Nell2, Nenf, Neo1, Nepn, Nepro, Nes, Net1, Neto1, Neto2, Neu1, Neu2, Neu3, Neu4, Neurl1a, Neurl1b, Neurl2, Neurod1, Neurod2, Neurod4, Neurod6, Neurog1, Neurog2, Neurog3, Nexmif, Nexn, Nf1, Nf2, Nfam1, Nfat5, Nfatc1, Nfatc2, Nfatc2ip, Nfatc3, Nfatc4, Nfe2, Nfe2l1, Nfe2l2, Nfe2l3, Nfia, Nfib, Nfic, Nfil3, Nfilz, Nfix, Nfkb1, Nfkb2, Nfkbia, Nfkbib, Nfkbid, Nfkbie, Nfkbil1, Nfkbiz, Nfrkb, Nfx1, Nfxl1, Nfya, Nfyb, Nfyc, Ngb, Ngdn, Ngef, Ngf, Ngfr, Ngly1, Ngp, Ngrn, Nherf1, Nherf2, Nherf4, Nhlh1, Nhlh2, Nhlrc1, Niban1, Niban2, Nicol1, Nid1, Nif3l1, Nim1k, Nin, Ninj1, Nipbl, Nipsnap2, Nisch, Nkain1, Nkain2, Nkain3, Nkain4, Nkap, Nkapl, Nkd1, Nkd2, Nkg7, Nkiras1, Nkiras2, Nkrf, Nktr, Nkx1-1, Nkx1-2, Nkx2-1, Nkx2-2, Nkx2-2os, Nkx2-3, Nkx2-4, Nkx2-5, Nkx2-6, Nkx2-9, Nkx3-1, Nkx3-2, Nkx6-1, Nkx6-2, Nkx6-3, Nle1, Nlgn1, Nlgn2, Nlgn3, Nlgn4l, Nlk, Nln, Nlrc3, Nlrc4, Nlrc5, Nlrp10, Nlrp12, Nlrp14, Nlrp1a, Nlrp1b, Nlrp2, Nlrp3, Nlrp4a, Nlrp4b, Nlrp4c, Nlrp4e, Nlrp4f, Nlrp5, Nlrp6, Nlrp9a, Nlrp9b, Nlrp9c, Nlrx1, Nmb, Nmbr, Nmd3, Nme1, Nme2, Nme5, Nme6, Nme7, Nmi, Nmnat1, Nmnat2, Nmrk2, Nms, Nmu, Nmur1, Nmur2, Nnat, Nnmt, Nnt, Nobox, Noc2l, Noct, Nod1, Nod2, Nodal, Nog, Nol11, Nol3, Nolc1, Nono, Nop2, Nop53, Nos1, Nos1ap, Nos2, Nos3, Nosip, Nostrin, Notch1, Notch2, Notch3, Notch4, Noto, Notum, Nova1, Nova2, Nox1, Nox4, Noxa1, Npas1, Npas2, Npas3, Npas4, Npat, Npb, Npbwr1, Npc1, Npff, Npffr1, Npffr2, Nphp1, Nphp3, Nphp4, Nphs1, Nploc4, Npm1, Npm2, Npnt, Nppa, Nppb, Nppc, Npr1, Npr2, Npr3, Nprl2, Nprl3, Nps, Npsr1, Nptn, Nptx1, Nptx2, Nptxr, Npvf, Npw, Npy, Npy1r, Npy2r, Npy4r, Npy5r, Npy6r, Nqo1, Nqo2, Nr0b1, Nr0b2, Nr1d1, Nr1d2, Nr1h2, Nr1h3, Nr1h4, Nr1h5, Nr1i2, Nr1i3, Nr2c1, Nr2c2, Nr2e1, Nr2e3, Nr2f1, Nr2f2, Nr2f6, Nr3c1, Nr3c2, Nr4a1, Nr4a2, Nr4a3, Nr5a1, Nr5a2, Nr6a1, Nradd, Nrarp, Nras, Nrbf2, Nrbp1, Nrbp2, Nrcam, Nrdc, Nrde2, Nrep, Nrf1, Nrg1, Nrg2, Nrg3, Nrg4, Nrgn, Nrip1, Nrip2, Nrk, Nrl, Nrn1, Nron, Nrp1, Nrp2, Nrros, Nrtn, Nrxn1, Nrxn2, Nrxn3, Nscme3l, Nsd1, Nsd2, Nsd3, Nsdhl, Nsf, Nsfl1c, Nsg1, Nsg2, Nsmaf, Nsmce2, Nsmce3, Nsmf, Nsrp1, Nsun2, Nsun3, Nsun4, Nsun5, Nt5c2, Nt5e, Ntf3, Ntf5, Ntm, Ntn1, Ntn3, Ntn4, Ntng1, Ntng2, Ntrk1, Ntrk2, Ntrk3, Nts, Ntsr1, Ntsr2, Nuak1, Nuak2, Nub1, Nubp1, Nucb1, Nucb2, Nucks1, Nudt12, Nudt15, Nudt16, Nudt16l1, Nudt16l2, Nudt21, Nudt6, Nuf2, Nufip1, Nuggc, Numa1, Numb, Numbl, Nup153, Nup155, Nup214, Nup54, Nup58, Nup62, Nup85, Nup93, Nup98, Nupr1, Nupr2, Nus1, Nusap1, Nutf2, Nutf2-ps1, Nvl, Nwd1, Nxn, Nxph1, Nxph4, Nyap1, Nyap2, Oas1a, Oas1b, Oas1c, Oas1d, Oas1e, Oas1f, Oas1g, Oas1h, Oas2, Oas3, Oasl1, Oasl2, Oaz1, Oaz2, Oaz3, Obi1, Obox1, Obox2, Obox3, Obox4, Obox5, Obox6, Obox7, Obox8, Obp2a, Obscn, Obsl1, Oca2, Ociad1, Ocln, Ocrl, Ocstamp, Odad2, Odad3, Odam, Odaph, Odc1, Odf2, Odf2l, Ofd1, Oga, Ogfod1, Ogg1, Ogn, Ogt, Olfm1, Olfm2, Olfm3, Olfm4, Olfm5, Olfml2a, Olfml2b, Olfml3, Olfr100, Olfr1060-ps1, Olfr197, Olfr255, Olfr256, Olfr363-ps, Olfr908, Olig1, Olig2, Olig3, Olr1, Oma1, Omg, Omp, Onecut1, Onecut2, Onecut3, Ooep, Oog1, Oog2, Oog3, Opa1, Opa3, Opalin, Ophn1, Opn1mw, Opn1sw, Opn3, Opn4, Opn5, Oprd1, Oprk1, Oprl1, Oprm1, Optc, Optn, Or10a2, Or10a3, Or10a3b, Or10a3m, Or10a3n, Or10a4, Or10a48, Or10a49, Or10a5, Or10aa1, Or10aa3, Or10ab4, Or10ab5, Or10ad1, Or10ad1b, Or10ad1c, Or10ag2, Or10ag52, Or10ag53, Or10ag56, Or10ag57, Or10ag58, Or10ag59, Or10ag60, Or10ak11, Or10ak13, Or10ak14, Or10ak16, Or10ak7, Or10ak8, Or10ak9, Or10al2, Or10al3, Or10al4, Or10al5, Or10al6, Or10al7, Or10am5, Or10b1, Or10c1, Or10d1, Or10d1b, Or10d1c, Or10d3, Or10d4, Or10d4b, Or10d4c, Or10d5, Or10d5j, Or10g1, Or10g1b, Or10g3, Or10g3b, Or10g6, Or10g7, Or10g9, Or10g9b, Or10h1, Or10h1b, Or10h28, Or10j27, Or10j3, Or10j3b, Or10j5, Or10j7, Or10k2, Or10n1, Or10p1, Or10p21, Or10p22, Or10q1, Or10q12, Or10q1b, Or10q3, Or10s1, Or10u3, Or10u4, Or10v1, Or10v5, Or10v9, Or10w1, Or10x1, Or10x4, Or10z1, Or11a4, Or11g1, Or11g2, Or11g24, Or11g25, Or11g26, Or11g27, Or11g7, Or11h23, Or11h4, Or11h4b, Or11h6, Or11h7, Or11i1, Or11j4, Or11l3, Or11m3, Or11n2, Or11q2, Or12d12, Or12d13, Or12d17, Or12d2, Or12e1, Or12e10, Or12e13, Or12e7, Or12e8, Or12e9, Or12j2, Or12j3, Or12j4, Or12j5, Or12k5, Or12k7, Or12k8, Or13a1, Or13a17, Or13a18, Or13a19, Or13a20, Or13a21, Or13a22, Or13a24, Or13a25, Or13a26, Or13a27, Or13a28, Or13ae2, Or13c25, Or13c3, Or13c7, Or13c7b, Or13c7c, Or13c7d, Or13d1, Or13e8, Or13f5, Or13g1, Or13j1, Or13l2, Or13n4, Or13p10, Or13p3, Or13p4, Or13p5, Or13p8, Or14a256, Or14a257, Or14a258, Or14a259, Or14a260, Or14c39, Or14c40, Or14c41, Or14c43, Or14c44, Or14c45, Or14c46, Or14j1, Or14j10, Or14j2, Or14j3, Or14j4, Or14j5, Or14j6, Or14j7, Or14j8, Or14j9, Or1a1, Or1a1b, Or1aa2, Or1ab2, Or1ad1, Or1ad6, Or1ad8, Or1af1, Or1ak2, Or1b1, Or1d2, Or1e1, Or1e16, Or1e17, Or1e19, Or1e1c, Or1e1f, Or1e21, Or1e22, Or1e23, Or1e25, Or1e26, Or1e29, Or1e30, Or1e31, Or1e32, Or1e33, Or1e34, Or1e35, Or1f12, Or1f19, Or1i2, Or1j1, Or1j10, Or1j11, Or1j12, Or1j13, Or1j14, Or1j15, Or1j16, Or1j17, Or1j18, Or1j19, Or1j20, Or1j21, Or1j4, Or1j8, Or1l4, Or1l4b, Or1l8, Or1m1, Or1n1, Or1n1b, Or1n2, Or1o1, Or1o11, Or1o2, Or1o3, Or1o4, Or1p1, Or1p1c, Or1q1, Or1r1, Or1s2, Or1x2, Or1x6, Or2a12, Or2a20, Or2a25, Or2a5, Or2a51, Or2a52, Or2a54, Or2a56, Or2a57, Or2a7, Or2aa1, Or2ab1, Or2ad1, Or2ag1, Or2ag12, Or2ag13, Or2ag15, Or2ag16, Or2ag17, Or2ag18, Or2ag19, Or2ag1b, Or2ag2, Or2ag20, Or2ag2b, Or2ah1, Or2aj4, Or2aj5, Or2aj6, Or2ak4, Or2ak5, Or2ak6, Or2ak7, Or2at1, Or2at4, Or2av9, Or2b11, Or2b2, Or2b28, Or2b2b, Or2b4, Or2b6, Or2b7, Or2bd2, Or2c1, Or2d2, Or2d3, Or2d36, Or2d4, Or2f1, Or2f1b, Or2f2, Or2g1, Or2g25, Or2g7, Or2h1, Or2h15, Or2h1b, Or2h2, Or2h2c, Or2i1, Or2j3, Or2j6, Or2k2, Or2l13, Or2l13b, Or2l5, Or2m12, Or2m13, Or2n1, Or2n1b, Or2n1c, Or2n1d, Or2n1e, Or2o1, Or2p2, Or2q1, Or2r11, Or2r2, Or2r3, Or2t1, Or2t26, Or2t29, Or2t43, Or2t44, Or2t45, Or2t46, Or2t47, Or2t48, Or2t49, Or2t6, Or2v1, Or2v2, Or2w2, Or2w25, Or2w3, Or2w3b, Or2w4, Or2w6, Or2y1, Or2y10, Or2y11, Or2y12, Or2y13, Or2y14, Or2y15, Or2y16, Or2y17, Or2y1b, Or2y1c, Or2y1d, Or2y1e, Or2y1f, Or2y1g, Or2y3, Or2y6, Or2y8, Or2z2, Or2z8, Or2z9, Or3a1, Or3a10, Or3a1b, Or3a1c, Or3a1d, Or3a4, Or4a15, Or4a2, Or4a27, Or4a39, Or4a47, Or4a66, Or4a67, Or4a68, Or4a69, Or4a70, Or4a71, Or4a72, Or4a73, Or4a74, Or4a75, Or4a76, Or4a77, Or4a78, Or4a79, Or4a81, Or4b1, Or4b12, Or4b13, Or4b1b, Or4b1c, Or4b1d, Or4c1, Or4c10, Or4c100, Or4c101, Or4c102, Or4c103, Or4c104, Or4c105, Or4c106, Or4c107, Or4c108, Or4c109, Or4c10b, Or4c11, Or4c110, Or4c111, Or4c112, Or4c113, Or4c114, Or4c115, Or4c116, Or4c117, Or4c118, Or4c11b, Or4c11c, Or4c12, Or4c120, Or4c121, Or4c122, Or4c123, Or4c124, Or4c125, Or4c126, Or4c127, Or4c12b, Or4c15, Or4c15b, Or4c29, Or4c3, Or4c31, Or4c35, Or4c3d, Or4c52, Or4c58, Or4d1, Or4d10, Or4d10b, Or4d10c, Or4d11, Or4d2, Or4d2b, Or4d5, Or4d6, Or4e1, Or4e2, Or4e5, Or4f14, Or4f14b, Or4f14d, Or4f15, Or4f17, Or4f47, Or4f4b, Or4f52, Or4f53, Or4f54, Or4f56, Or4f57, Or4f58, Or4f59, Or4f6, Or4f60, Or4f61, Or4f62, Or4f7, Or4g16, Or4g17, Or4g7, Or4k1, Or4k15, Or4k15b, Or4k15c, Or4k2, Or4k35, Or4k36, Or4k37, Or4k38, Or4k39, Or4k40, Or4k41, Or4k42, Or4k44, Or4k45, Or4k47, Or4k48, Or4k49, Or4k5, Or4k51, Or4k52, Or4k6, Or4k77, Or4l1, Or4l15, Or4m1, Or4n4, Or4n4b, Or4n5, Or4p18, Or4p19, Or4p20, Or4p22, Or4p23, Or4p7, Or4p8, Or4q3, Or4s2b, Or4x11, Or4x13, Or4x15, Or4x6, Or4z4, Or51a10, Or51a24, Or51a25, Or51a39, Or51a42, Or51a43, Or51a5, Or51a6, Or51a7, Or51a8, Or51aa2, Or51aa5, Or51ab3, Or51ac3, Or51af1, Or51ag1, Or51ah3, Or51ai2, Or51b17, Or51b4, Or51b6, Or51b6b, Or51d1, Or51e1, Or51e2, Or51f1, Or51f1d, Or51f1e, Or51f2, Or51f23, Or51f23b, Or51f5, Or51g1, Or51g2, Or51h1, Or51h5, Or51i1, Or51i2, Or51k1, Or51k2, Or51l14, Or51l4, Or51m1, Or51q1, Or51q1c, Or51r1, Or51s1, Or51t4, Or51v14, Or51v8, Or52a20, Or52a24, Or52a33, Or52a5, Or52a5b, Or52ab2, Or52ab4, Or52ab7, Or52ac1, Or52ad1, Or52ae7, Or52ae9, Or52b1, Or52b2, Or52b3, Or52b4, Or52d1, Or52d13, Or52d3, Or52e15, Or52e18, Or52e19b, Or52e2, Or52e3, Or52e4, Or52e5, Or52e7, Or52e8, Or52e8b, Or52h1, Or52h2, Or52h7, Or52h9, Or52i2, Or52j3, Or52k2, Or52l1, Or52m1, Or52m2, Or52n1, Or52n2, Or52n20, Or52n2b, Or52n2c, Or52n3, Or52n4, Or52n4b, Or52n5, Or52p1, Or52p2, Or52r1, Or52r1b, Or52r1c, Or52s1, Or52s19, Or52s1b, Or52s6, Or52u1, Or52w1, Or52x1, Or52z1, Or52z12, Or52z13, Or52z14, Or55b10, Or55b3, Or55b4, Or56a3, Or56a3b, Or56a4, Or56a5, Or56b1, Or56b1b, Or56b2, Or56b2j, Or56b34, Or56b35, Or56b6, Or5a1, Or5a3, Or5ac15, Or5ac16, Or5ac17, Or5ac19, Or5ac20, Or5ac21, Or5ac22, Or5ac23, Or5ac24, Or5ac25, Or5ae1, Or5ae2, Or5af1, Or5af2, Or5ak20, Or5ak22, Or5ak23, Or5ak24, Or5ak25, Or5ak4, Or5al1, Or5al5, Or5al6, Or5al7, Or5an1, Or5an10, Or5an11, Or5an1b, Or5an1c, Or5an6, Or5an9, Or5ap2, Or5aq1, Or5aq1b, Or5aq6, Or5aq7, Or5ar1, Or5as1, Or5au1, Or5b101, Or5b102, Or5b104, Or5b105, Or5b106, Or5b107, Or5b108, Or5b109, Or5b111, Or5b112, Or5b113, Or5b116, Or5b117, Or5b118, Or5b119, Or5b12, Or5b120, Or5b121, Or5b122, Or5b123, Or5b124, Or5b12b, Or5b21, Or5b24, Or5b3, Or5b94, Or5b95, Or5b96, Or5b97, Or5b98, Or5b99, Or5bb10, Or5be3, Or5bh3, Or5bw2, Or5c1, Or5d14, Or5d16, Or5d18, Or5d20, Or5d3, Or5d35, Or5d36, Or5d37, Or5d38, Or5d39, Or5d40, Or5d41, Or5d43, Or5d44, Or5d45, Or5d46, Or5d47, Or5e1, Or5g23, Or5g25, Or5g26, Or5g27, Or5g29, Or5g9, Or5h17, Or5h18, Or5h19, Or5h22, Or5h23, Or5h24-ps1, Or5h25, Or5h26, Or5i1, Or5j1, Or5j3, Or5k1, Or5k14, Or5k15, Or5k16, Or5k17, Or5k1b, Or5k3, Or5l13, Or5l14, Or5m10, Or5m10b, Or5m11b, Or5m12, Or5m13, Or5m13b, Or5m3, Or5m3b, Or5m5, Or5m8, Or5m9, Or5m9b, Or5o1, Or5p1, Or5p4, Or5p5, Or5p50, Or5p51, Or5p52, Or5p53, Or5p54, Or5p55, Or5p56, Or5p57, Or5p58, Or5p59, Or5p5c-ps1, Or5p6, Or5p60, Or5p61, Or5p62, Or5p63, Or5p64, Or5p66, Or5p67, Or5p68, Or5p69, Or5p70, Or5p72, Or5p73, Or5p76, Or5p78, Or5p79, Or5p80, Or5p81, Or5t15, Or5t16, Or5t17, Or5t18, Or5t5, Or5t7, Or5t9, Or5v1, Or5v1b, Or5w1, Or5w10, Or5w11, Or5w12, Or5w13, Or5w14, Or5w15, Or5w16, Or5w17, Or5w18, Or5w19, Or5w1b, Or5w20, Or5w22, Or5w8, Or6a2, Or6aa1, Or6ae1, Or6b1, Or6b13, Or6b2, Or6b2b, Or6b3, Or6b6, Or6b9, Or6c1, Or6c1b, Or6c2, Or6c200-ps1, Or6c201, Or6c202, Or6c203, Or6c205, Or6c206, Or6c207, Or6c208, Or6c209, Or6c210, Or6c211, Or6c212, Or6c213, Or6c214, Or6c215, Or6c216, Or6c217, Or6c219, Or6c2b, Or6c3, Or6c33, Or6c35, Or6c38, Or6c3b, Or6c5, Or6c5c, Or6c6, Or6c63-ps1, Or6c65, Or6c66, Or6c66b, Or6c68, Or6c69, Or6c69b, Or6c69c, Or6c6b, Or6c6c, Or6c70, Or6c74, Or6c75, Or6c76, Or6c76b, Or6c8, Or6c88, Or6c8b, Or6d12, Or6d13, Or6d14, Or6d15, Or6e1, Or6f1, Or6f2, Or6k14, Or6k2, Or6k4, Or6k6, Or6k8, Or6n1, Or6n2, Or6p1, Or6s1, Or6x1, Or6y1, Or6z1, Or6z3, Or6z5, Or6z6, Or6z7, Or7a35, Or7a36, Or7a37, Or7a38, Or7a39, Or7a40, Or7a41, Or7a42, Or7c19, Or7c70, Or7d10, Or7d11, Or7d9, Or7e165, Or7e166, Or7e168, Or7e169, Or7e170, Or7e173, Or7e174, Or7e175, Or7e176, Or7e177, Or7e178, Or7g12, Or7g16, Or7g17, Or7g18, Or7g19, Or7g20, Or7g21, Or7g22, Or7g23, Or7g25, Or7g26, Or7g27, Or7g28, Or7g29, Or7g30, Or7g31, Or7g32, Or7g33, Or7g34, Or7g35, Or7h8, Or8a1, Or8a1b, Or8b1, Or8b101, Or8b12, Or8b12b, Or8b12c, Or8b12i, Or8b1b, Or8b1c, Or8b1d, Or8b3, Or8b35, Or8b36, Or8b37, Or8b38, Or8b39, Or8b3b, Or8b4, Or8b40, Or8b41, Or8b42, Or8b43, Or8b44, Or8b46, Or8b47, Or8b48, Or8b49, Or8b50, Or8b51, Or8b52, Or8b53, Or8b54, Or8b55, Or8b56, Or8b57, Or8b8, Or8b9, Or8c10, Or8c11, Or8c13, Or8c15, Or8c16, Or8c17, Or8c18, Or8c20, Or8c8, Or8c9, Or8d1, Or8d1b, Or8d2, Or8d23, Or8d2b, Or8d4, Or8d6, Or8g17, Or8g18, Or8g19, Or8g2, Or8g20, Or8g21, Or8g22, Or8g23, Or8g24, Or8g26, Or8g27, Or8g28, Or8g2b, Or8g30, Or8g32, Or8g33, Or8g34, Or8g35, Or8g36, Or8g37, Or8g4, Or8g50, Or8g51, Or8g52, Or8g53, Or8g54, Or8g55, Or8h10, Or8h6, Or8h7, Or8h8, Or8h9, Or8i2, Or8j3, Or8j3b, Or8j3c, Or8k1, Or8k16, Or8k17, Or8k18, Or8k20, Or8k22, Or8k23, Or8k24, Or8k25, Or8k27, Or8k28, Or8k3, Or8k30, Or8k32, Or8k33, Or8k35, Or8k37, Or8k38, Or8k39, Or8k3b, Or8k40, Or8k41, Or8k53, Or8s10, Or8s16, Or8s2, Or8s5, Or8s8, Or8u10, Or8u3, Or8u8, Or8u9, Or8w1, Or9a2, Or9a4, Or9a7, Or9e1, Or9g10, Or9g19, Or9g20, Or9g3, Or9g4, Or9g4b, Or9g8, Or9i1, Or9i14, Or9i16, Or9i1b, Or9i2, Or9k2, Or9k2b, Or9k7, Or9m1, Or9m1b, Or9m2, Or9q1, Or9q2, Or9r3, Or9r7, Or9s13, Or9s14, Or9s15, Or9s18, Or9s23, Or9s27, Orai1, Orc1, Orc3, Orc5, Orm1, Orm2, Orm3, Ormdl1, Ormdl2, Ormdl3, Os9, Osbp, Osbpl11, Osbpl2, Osbpl6, Osbpl7, Osbpl8, Oscar, Osgin1, Osgin2, Osm, Osmr, Osr1, Osr2, Ostf1, Ostn, Otof, Otop1, Otp, Otub1, Otud3, Otud4, Otud5, Otud6b, Otud7b, Otulin, Otx1, Otx2, Ovgp1, Ovol1, Ovol2, Ovol3, Oxa1l, Oxct1, Oxgr1, Oxr1, Oxsr1, Oxt, Oxtr, P2rx1, P2rx2, P2rx3, P2rx4, P2rx5, P2rx6, P2rx7, P2ry1, P2ry10, P2ry10b, P2ry12, P2ry13, P2ry14, P2ry2, P2ry4, P2ry6, P3h1, P3h2, P3h3, P3r3urf, P4hb, P4htm, Pa2g4, Pabir1, Pabpc1, Pabpc1l, Pabpc2, Pabpc4, Pabpn1, Pabpn1l, Pacsin1, Pacsin2, Pacsin3, Padi2, Padi6, Paf1, Pafah1b1, Pafah1b2, Pafah2, Pag1, Pagr1a, Paip1, Paip2, Paip2b, Pak1, Pak1ip1, Pak2, Pak3, Pak4, Pak5, Pak6, Pakap, Palb2, Palm, Palm3, Palmd, Pals1, Pam, Pam16, Pan2, Pan3, Pank2, Pantr1, Pantr2, Panx1, Panx2, Panx3, Paox, Pappa, Pappa2, Papss2, Paqr3, Paqr4, Pard3, Pard6a, Pard6b, Pard6g, Parg, Park7, Parl, Parn, Parp1, Parp10, Parp14, Parp16, Parp2, Parp3, Parp6, Parp8, Parp9, Parpbp, Parva, Parvb, Parvg, Pasd1, Pask, Pate4, Pate6, Patl1, Patl2, Patz1, Pawr, Pax1, Pax2, Pax3, Pax4, Pax5, Pax6, Pax7, Pax8, Pax9, Paxbp1, Paxip1, Pbk, Pbld1, Pbld2, Pbp2, Pbrm1, Pbx1, Pbx2, Pbx3, Pbx4, Pbxip1, Pcbd1, Pcbd2, Pcbp1, Pcbp2, Pcbp3, Pcbp4, Pcdh17, Pcdh8, Pcdhgc3, Pcdhgc4, Pcdhgc5, Pcgf1, Pcgf2, Pcgf3, Pcgf5, Pcgf6, Pcid2, Pcif1, Pck1, Pck2, Pclaf, Pclo, Pcm1, Pcmt1, Pcna, Pcnt, Pcp2, Pcp4, Pcsk1, Pcsk1n, Pcsk2, Pcsk4, Pcsk5, Pcsk6, Pcsk9, Pctp, Pcx, Pdap1, Pdc, Pdcd1, Pdcd10, Pdcd1lg2, Pdcd2, Pdcd4, Pdcd5, Pdcd5-ps, Pdcd6, Pdcd6ip, Pdcd7, Pdcl, Pdcl3, Pde10a, Pde11a, Pde12, Pde1a, Pde1b, Pde1c, Pde2a, Pde3a, Pde3b, Pde4a, Pde4b, Pde4c, Pde4d, Pde4dip, Pde5a, Pde6a, Pde6b, Pde6c, Pde6d, Pde6g, Pde6h, Pde7a, Pde7b, Pde8a, Pde8b, Pde9a, Pdf, Pdgfa, Pdgfb, Pdgfc, Pdgfd, Pdgfra, Pdgfrb, Pdia2, Pdia3, Pdia4, Pdia6, Pdik1l, Pdk1, Pdk2, Pdk3, Pdk4, Pdlim1, Pdlim4, Pdlim5, Pdlim7, Pdp1, Pdp2, Pdpk1, Pdpn, Pds5a, Pds5b, Pdss2, Pdx1, Pdxk, Pdxp, Pdyn, Pdzd11, Pdzd8, Pdzk1, Pea15a, Pea15b-ps, Peak1, Pear1, Pebp1, Pecam1, Pef1, Peg10, Peg12, Peg3, Peli1, Peli2, Peli3, Pelo, Pelp1, Pemt, Penk, Pepd, Per1, Per2, Per3, Perm1, Perp, Pes1, Pex11a, Pex11b, Pex11g, Pex14, Pex19, Pex2, Pex5, Pex5l, Pex6, Pf4, Pfdn1, Pfdn2, Pfdn4, Pfdn5, Pfdn6, Pfkfb1, Pfkfb2, Pfkl, Pfkm, Pfn1, Pfn2, Pfn3, Pgam2, Pgam5, Pgap1, Pgc, Pgf, Pggt1b, Pgk1, Pglyrp1, Pglyrp2, Pglyrp3, Pglyrp4, Pgp, Pgr, Pgr15l, Pgrmc1, Phactr1, Phactr4, Phax, Phb1, Phb2, Phc1, Phc2, Phc3, Phf1, Phf10, Phf11a, Phf12, Phf13, Phf14, Phf19, Phf2, Phf20, Phf20l1, Phf21a, Phf23, Phf24, Phf3, Phf5a, Phf6, Phf8, Phgdh, Phip, Phka1, Phkb, Phkg1, Phkg2, Phlda1, Phlda2, Phlda3, Phldb1, Phldb2, Phlpp1, Phlpp2, Phospho1, Phox2a, Phox2b, Phpt1, Pi16, Pi4ka, Pi4kb, Pianp, Pias1, Pias2, Pias3, Pias4, Pibf1, Picalm, Pick1, Pid1, Pidd1, Pierce1, Piezo1, Piezo2, Pif1, Pigbos1, Pigr, Pigu, Pih1d1, Pik3ap1, Pik3c2a, Pik3c2b, Pik3c2g, Pik3c3, Pik3ca, Pik3cb, Pik3cd, Pik3cg, Pik3ip1, Pik3r1, Pik3r2, Pik3r3, Pik3r4, Pik3r5, Pik3r6, Pikfyve, Pilra, Pilrb1, Pim1, Pim2, Pim3, Pin1, Pin1rt1, Pin4, Pinc, Pink1, Pinx1, Pip, Pip4k2a, Pip4k2b, Pip4k2c, Pip4p1, Pip4p2, Pip5k1a, Pip5k1c, Pip5kl1, Pira1, Pira12, Pira13, Pira2, Pira6, Pirb, Pirt, Pisd, Pithd1, Pitpnc1, Pitx1, Pitx2, Pitx3, Piwil1, Piwil2, Piwil4, Pja2, Pjvk, Pkd1, Pkd2, Pkd2l1, Pkdcc, Pkdrej, Pkhd1, Pkia, Pkib, Pkig, Pkm, Pkmyt1, Pkn1, Pkn2, Pkn3, Pknox1, Pknox2, Pkp1, Pkp2, Pkp3, Pkp4, Pla2g10, Pla2g12b, Pla2g1b, Pla2g2a, Pla2g2d, Pla2g2e, Pla2g2f, Pla2g3, Pla2g4a, Pla2g4e, Pla2g5, Pla2g6, Pla2g7, Pla2r1, Plaa, Plaat1, Plaat3, Plac8, Plag1, Plagl1, Plagl2, Plat, Platr25, Plau, Plaur, Plb1, Plcb1, Plcb2, Plcb3, Plcb4, Plcd1, Plcd3, Plcd4, Plce1, Plcg1, Plcg2, Plch1, Plch2, Plcl1, Plcl2, Plcxd2, Plcxd3, Plcz1, Pld1, Pld2, Pld3, Pld4, Pld6, Plec, Plek, Plek2, Plekha1, Plekha2, Plekha4, Plekha7, Plekhb1, Plekhb2, Plekhf1, Plekhg2, Plekhg3, Plekhg5, Plekhh2, Plekhm1, Plekhm2, Plekhn1, Plekho1, Plet1, Plg, Plgrkt, Plin2, Plin3, Plin5, Plk1, Plk2, Plk3, Plk4, Plk5, Pllp, Pln, Plod3, Plp1, Plpp1, Plpp2, Plpp3, Plpp4, Plpp6, Plpp7, Plppr1, Plppr2, Plppr3, Plppr4, Plppr5, Plrg1, Pls1, Pls3, Plscr1, Plscr1l1, Plscr2, Plscr3, Plscr4, Plscr5, Pltp, Plvap, Plxna1, Plxna2, Plxna3, Plxna4, Plxnb1, Plxnb2, Plxnb3, Plxnc1, Plxnd1, Pm20d2, Pmaip1, Pmch, Pmel, Pmepa1, Pmf1, Pmfbp1, Pml, Pmp22, Pms2, Pnck, Pnkd, Pnkp, Pnldc1, Pnlip, Pnliprp1, Pnliprp2, Pnoc, Pnp, Pnp2, Pnpla2, Pnpla8, Pnpt1, Pnrc1, Pnrc2, Poc1a, Podn, Podxl, Pofut1, Pofut2, Pogk, Poglut1, Pogz, Pola1, Polb, Pold4, Poldip2, Poldip3, Pole3, Polg2, Polq, Polr1a, Polr2a, Polr2g, Polr3a, Polr3b, Polr3c, Polr3d, Polr3f, Polr3g, Pomc, Pomt1, Pomt2, Pon1, Pon3, Popdc1, Popdc2, Popdc3, Por, Porcn, Postn, Pot1a, Pot1b, Potefam3a, Potefam3b, Pou1f1, Pou2af1, Pou2af2, Pou2af3, Pou2f1, Pou2f2, Pou2f3, Pou3f1, Pou3f2, Pou3f3, Pou3f4, Pou4f1, Pou4f2, Pou4f3, Pou5f1, Pou5f2, Pou6f1, Pou6f2, Pp2d1, Ppa2, Ppan, Ppara, Ppard, Pparg, Ppargc1a, Ppargc1b, Ppbp, Ppdpf, Ppef1, Ppef2, Ppfia1, Ppfia2, Ppfia3, Pphln1, Ppia, Ppib, Ppic, Ppid, Ppie, Ppif, Ppig, Ppih, Ppihl, Ppil1, Ppil3, Ppil4, Ppl, Ppm1a, Ppm1b, Ppm1d, Ppm1e, Ppm1f, Ppm1g, Ppm1h, Ppm1j, Ppm1k, Ppm1l, Ppm1m, Ppm1n, Ppp1ca, Ppp1cb, Ppp1cc, Ppp1ccb, Ppp1r10, Ppp1r11, Ppp1r12a, Ppp1r12b, Ppp1r12c, Ppp1r13b, Ppp1r13l, Ppp1r14c, Ppp1r15a, Ppp1r15b, Ppp1r16b, Ppp1r17, Ppp1r1a, Ppp1r1b, Ppp1r1c, Ppp1r2, Ppp1r35, Ppp1r3a, Ppp1r3b, Ppp1r3c, Ppp1r3d, Ppp1r3e, Ppp1r3f, Ppp1r3g, Ppp1r42, Ppp1r9a, Ppp1r9b, Ppp2ca, Ppp2cb, Ppp2r1a, Ppp2r1b, Ppp2r2a, Ppp2r2b, Ppp2r2d, Ppp2r3a, Ppp2r3c, Ppp2r3d, Ppp2r5a, Ppp2r5b, Ppp2r5c, Ppp2r5d, Ppp2r5e, Ppp3ca, Ppp3cb, Ppp3cc, Ppp3r1, Ppp3r2, Ppp4c, Ppp4r2, Ppp4r3a, Ppp4r3b, Ppp4r3c1, Ppp4r3c2, Ppp5c, Ppp6c, Ppp6r1, Ppp6r2, Ppp6r3, Pprc1, Ppt1, Pptc7, Ppwd1, Ppy, Pqbp1, Prag1, Pram1, Pramel1, Pramel7, Prap1, Prc1, Prcc, Prcp, Prdm1, Prdm10, Prdm11, Prdm12, Prdm13, Prdm14, Prdm15, Prdm16, Prdm2, Prdm4, Prdm5, Prdm6, Prdm8, Prdm9, Prdx1, Prdx2, Prdx3, Prdx4, Prdx5, Prdx6, Prdx6b, Preb, Prelid1, Prep, Prepl, Prex1, Prex2, Prf1, Prg2, Prg3, Prg4, Prickle1, Prickle2, Prkaa1, Prkaa2, Prkab1, Prkab2, Prkaca, Prkacb, Prkag1, Prkag2, Prkag3, Prkar1a, Prkar1b, Prkar2a, Prkar2b, Prkca, Prkcb, Prkcd, Prkce, Prkcg, Prkch, Prkci, Prkcq, Prkcsh, Prkcz, Prkd1, Prkd2, Prkd3, Prkdc, Prkg1, Prkg2, Prkn, Prkra, Prkrip1, Prkx, Prl, Prl2a1, Prl2b1, Prl2c1, Prl2c2, Prl2c3, Prl2c5, Prl3a1, Prl3b1, Prl3c1, Prl3d1, Prl3d2, Prl3d3, Prl4a1, Prl5a1, Prl6a1, Prl7a1, Prl7a2, Prl7b1, Prl7c1, Prl7d1, Prl8a1, Prl8a2, Prl8a6, Prl8a8, Prl8a9, Prlh, Prlhr, Prlr, Prmt1, Prmt2, Prmt3, Prmt5, Prmt6, Prmt7, Prmt8, Prmt9, Prnp, Proc, Procr, Prodh, Prok1, Prok2, Prokr1, Prokr2, Prom1, Prom2, Prop1, Prorsd1, Pros1, Prox1, Prox2, Proz, Prpf18, Prpf19, Prpf40a, Prpf4b, Prpf6, Prr11, Prr16, Prr5, Prr5l, Prr7, Prrg1, Prrg2, Prrg3, Prrg4, Prrt1, Prrt2, Prrx1, Prrx2, Prss22, Prss33, Prss37, Prss56, Prss8, Prtg, Prtn3, Prune1, Prx, Prxl2a, Prxl2c, Psap, Psapl1, Psca, Psd, Psd2, Psd3, Psd4, Psen1, Psen2, Psenen, Psg18, Psg22, Psg23, Psg29, Psip1, Psma1, Psma3, Psma6, Psma8, Psmb4, Psmb8, Psmc3ip, Psmc5, Psmc6, Psmd1, Psmd10, Psmd14, Psmd2, Psmd3, Psmd9, Psme1, Psme2, Psme3, Psme3ip1, Psmf1, Psmg2, Pspc1, Pspn, Psrc1, Pstk, Ptafr, Ptbp1, Ptbp2, Ptbp3, Ptcd2, Ptcd3, Ptch1, Ptch2, Ptchd1, Ptcra, Pten, Pter, Ptf1a, Ptgdr, Ptgdr2, Ptgds, Ptger1, Ptger2, Ptger3, Ptger4, Ptges, Ptges2, Ptges3, Ptges3-ps, Ptgfr, Ptgir, Ptgis, Ptgr1, Ptgr3, Ptgs1, Ptgs2, Ptgs2os, Ptgs2os2, Pth, Pth1r, Pth2, Pth2r, Pthlh, Ptk2, Ptk2b, Ptk6, Ptk7, Ptma, Ptms, Ptn, Ptov1, Ptp4a1, Ptp4a3, Ptpa, Ptpdc1, Ptpmt1, Ptpn1, Ptpn11, Ptpn12, Ptpn13, Ptpn14, Ptpn2, Ptpn22, Ptpn23, Ptpn3, Ptpn5, Ptpn6, Ptpn7, Ptpn9, Ptpra, Ptprb, Ptprc, Ptprd, Ptpre, Ptprf, Ptprg, Ptprh, Ptprj, Ptprk, Ptprm, Ptprn, Ptprn2, Ptpro, Ptprq, Ptprr, Ptprs, Ptprt, Ptpru, Ptprv, Ptprz1, Ptrh2, Pttg1, Pttg1ip, Ptx3, Puf60, Pum1, Pum2, Pum3, Pura, Purb, Purg, Pus1, Pus10, Pus7, Pvalb, Pvr, Pvrig, Pwp1, Pwwp2a, Pwwp2b, Pxk, Pxn, Pxt1, Pxylp1, Pycard, Pycr1, Pygo1, Pygo2, Pym1, Pyurf, Pyy, Qars1, Qki, Qrfp, Qrfpr, Qrfprl, Qrich1, Qrich2, Qrsl1, Qsox1, Rab11a, Rab11b, Rab11fip1, Rab11fip2, Rab11fip3, Rab11fip4, Rab11fip5, Rab12, Rab13, Rab14, Rab15, Rab17, Rab1a, Rab1b, Rab20, Rab21, Rab22a, Rab23, Rab25, Rab26, Rab27a, Rab27b, Rab29, Rab2b, Rab30, Rab31, Rab33a, Rab33b, Rab34, Rab35, Rab37, Rab38, Rab39, Rab39b, Rab3a, Rab3b, Rab3c, Rab3d, Rab3gap1, Rab3gap2, Rab3ip, Rab40b, Rab40c, Rab44, Rab4a, Rab4b, Rab5a, Rab5b, Rab5c, Rab7, Rab7b, Rab8a, Rab8b, Rab9, Rab9b, Rabep1, Rabep2, Rabgap1, Rabgap1l, Rabgef1, Rabif, Rabl3, Rac1, Rac2, Rac3, Racgap1, Rack1, Rad1, Rad17, Rad18, Rad21, Rad23a, Rad23b, Rad50, Rad51, Rad51ap1, Rad51b, Rad51c, Rad51d, Rad52, Rad54l2, Rad9a, Rad9b, Radil, Radx, Rae1, Raet1a, Raet1b, Raet1c, Raet1d, Raet1e, Raf1, Rag1, Rag2, Rai1, Rala, Ralb, Ralbp1, Ralgapa1, Ralgapa2, Ralgapb, Ralgds, Ralgps1, Ralgps2, Raly, Ramp1, Ramp2, Ramp3, Ran, Ranbp1, Ranbp2, Ranbp3l, Ranbp9, Rangap1, Rangrf, Rap1a, Rap1b, Rap1gap, Rap1gap2, Rap1gds1, Rap2a, Rap2b, Rap2c, Rapgef1, Rapgef2, Rapgef3, Rapgef4, Rapgef5, Rapgef6, Rapgefl1, Rapsn, Rara, Rarb, Rarg, Rarres2, Rasa1, Rasa2, Rasa3, Rasa4, Rasal1, Rasal2, Rasal3, Rasd1, Rasd2, Rasgef1a, Rasgef1b, Rasgef1c, Rasgrf1, Rasgrf2, Rasgrp1, Rasgrp2, Rasgrp3, Rasgrp4, Rasip1, Rasl10b, Rasl11a, Rasl11b, Rassf1, Rassf10, Rassf2, Rassf3, Rassf4, Rassf5, Rassf6, Rassf7, Rassf8, Rassf9, Rax, Rb1, Rb1cc1, Rbak, Rbbp4, Rbbp5, Rbbp6, Rbbp7, Rbbp8, Rbbp9, Rbck1, Rbfox1, Rbfox2, Rbfox3, Rbl1, Rbl2, Rbm10, Rbm11, Rbm12, Rbm12b1, Rbm12b2, Rbm14, Rbm15, Rbm15b, Rbm19, Rbm20, Rbm22, Rbm24, Rbm25, Rbm3, Rbm31y, Rbm33, Rbm38, Rbm39, Rbm4, Rbm42, Rbm46, Rbm47, Rbm4b, Rbm5, Rbm7, Rbm8a, Rbm8a2, Rbms3, Rbmx, Rbmxl1, Rbmxl2, Rbmy, Rbmyf1, Rbmyf3, Rbmyf6, Rbmyf9, Rbp1, Rbp4, Rbpj, Rbpjl, Rbpms, Rbpms2, Rbsn, Rbx1, Rbx1-ps, Rc3h1, Rc3h2, Rcan1, Rcan2, Rcan3, Rcc1, Rcc1l, Rcc2, Rchy1, Rcn3, Rcor1, Rcor2, Rcor3, Rcvrn, Rd3, Rdh1, Rdh10, Rdh11, Rdh12, Rdh13, Rdh14, Rdh16, Rdh16f2, Rdh19, Rdh5, Rdh7, Rdh8, Rdh9, Rdx, Reck, Recql4, Recql5, Reep1, Reep2, Reep6, Reg1, Reg2, Reg3a, Reg3b, Reg3d, Reg3g, Rel, Rela, Relb, Rell1, Rell2, Reln, Rem1, Ren1, Ren2, Reno1, Repin1, Rer1, Rere, Rerg, Resf1, Rest, Ret, Retn, Retnla, Retnlb, Retnlg, Retreg1, Retreg3, Retsat, Rex2, Rfc1, Rfc2, Rfc3, Rfc4, Rfc5, Rffl, Rfk, Rflna, Rflnb, Rfng, Rfpl4, Rft1, Rftn1, Rfwd3, Rfx1, Rfx2, Rfx3, Rfx4, Rfx5, Rfx6, Rfx7, Rfx8, Rfxank, Rfxap, Rgcc, Rgl1, Rgl2, Rgl3, Rgma, Rgmb, Rgn, Rgp1, Rgr, Rgs1, Rgs10, Rgs11, Rgs12, Rgs13, Rgs14, Rgs16, Rgs17, Rgs18, Rgs19, Rgs2, Rgs20, Rgs22, Rgs3, Rgs4, Rgs5, Rgs6, Rgs7, Rgs7bp, Rgs8, Rgs9, Rgs9bp, Rhbdd1, Rhbdd3, Rhbdf1, Rhbdf2, Rhcg, Rheb, Rhebl1, Rhno1, Rho, Rhoa, Rhob, Rhobtb1, Rhobtb2, Rhobtb3, Rhoc, Rhod, Rhof, Rhog, Rhoh, Rhoj, Rhoq, Rhot1, Rhot2, Rhou, Rhov, Rhox1, Rhox10, Rhox11, Rhox12, Rhox13, Rhox2a, Rhox2b, Rhox2c, Rhox2d, Rhox2f, Rhox2g, Rhox2h, Rhox3a, Rhox3c, Rhox3f, Rhox3g, Rhox3h, Rhox4a, Rhox4b, Rhox4c, Rhox4d, Rhox4e, Rhox4f, Rhox4g, Rhox5, Rhox6, Rhox7a, Rhox7b, Rhox8, Rhox9, Rhpn1, Rhpn2, Rian, Ric1, Ric3, Ric8a, Ric8b, Rictor, Rida, Rif1, Rigi, Rilp, Rilpl1, Rimbp2, Rims1, Rims2, Rims3, Rims4, Rin1, Rin2, Rin3, Ring1, Rint1, Riok1, Riok2, Riok3, Riox1, Riox2, Ripk1, Ripk2, Ripk3, Ripk4, Ripor1, Ripor2, Ripply1, Ripply2, Ripply3, Rit1, Rit2, Rita1, Rlf, Rlim, Rln1, Rln3, Rmc1, Rmi2, Rmnd1, Rnase10, Rnase9, Rnaseh2b, Rnasek, Rnasel, Rnd1, Rnd2, Rnd3, Rnf10, Rnf111, Rnf112, Rnf113a1, Rnf113a2, Rnf115, Rnf122, Rnf125, Rnf126, Rnf128, Rnf13, Rnf135, Rnf138, Rnf139, Rnf14, Rnf141, Rnf144a, Rnf144b, Rnf146, Rnf149, Rnf152, Rnf157, Rnf167, Rnf168, Rnf169, Rnf170, Rnf180, Rnf183, Rnf185, Rnf186, Rnf187, Rnf19a, Rnf2, Rnf20, Rnf207, Rnf213, Rnf216, Rnf220, Rnf25, Rnf26, Rnf26rt, Rnf31, Rnf34, Rnf4, Rnf40, Rnf41, Rnf43, Rnf5, Rnf6, Rnf7, Rnf8, Rnft1, Rnft2, Rnh1, Rnls, Rnpep, Rnps1, Rnu12, Ro60, Robo1, Robo2, Robo3, Robo4, Rock1, Rock2, Rogdi, Rom1, Romo1, Ropn1, Ropn1l, Ror1, Ror2, Rora, Rorb, Rorc, Ros1, Rp1, Rp1l1, Rpa1, Rpa2, Rpa3, Rpap2, Rpe65, Rpf2, Rpgrip1l, Rph3a, Rph3al, Rpl10, Rpl10-ps3, Rpl11, Rpl13a, Rpl17, Rpl23, Rpl24, Rpl26, Rpl37, Rpl37rt, Rpl38, Rpl3l, Rpl4, Rpl5, Rplp0, Rplp1, Rprd1b, Rprm, Rps12, Rps13, Rps14, Rps15, Rps15a, Rps19, Rps2, Rps20, Rps23rg1, Rps26, Rps27l, Rps3, Rps3a1, Rps4x, Rps5, Rps6, Rps6-ps4, Rps6ka1, Rps6ka2, Rps6ka3, Rps6ka4, Rps6ka5, Rps6ka6, Rps6kb1, Rps6kb2, Rps7, Rps9, Rptor, Rpusd3, Rpusd4, Rrad, Rraga, Rragb, Rragc, Rragd, Rras, Rras2, Rrbp1, Rreb1, Rrh, Rrm1, Rrm2, Rrm2b, Rrn3, Rrp1b, Rrp8, Rrs1, Rsad2, Rsc1a1, Rsf1, Rsl1, Rsl1d1, Rslcan18, Rsph4a, Rspo1, Rspo2, Rspo3, Rspo4, Rsu1, Rtca, Rtel1, Rtf1, Rtf2, Rtkn, Rtkn2, Rtn1, Rtn2, Rtn3, Rtn4, Rtn4ip1, Rtn4r, Rtn4rl1, Rtn4rl2, Rtraf, Rubcn, Rubcnl, Rufy1, Rufy3, Rufy4, Rundc3a, Runx1, Runx1t1, Runx2, Runx3, Ruvbl1, Ruvbl2, Rwdd1, Rwdd3, Rxfp1, Rxfp2, Rxfp3, Rxfp4, Rxra, Rxrb, Rxrg, Rybp, Rybp-ps, Ryk, Ryr1, Ryr2, Ryr3, S100a1, S100a10, S100a11, S100a11-ps, S100a13, S100a14, S100a4, S100a7l2, S100a8, S100a9, S100b, S1pr1, S1pr2, S1pr3, S1pr4, S1pr5, S2bpcox16, Saa3, Saal1, Sac3d1, Sacm1l, Sacs, Sae1, Safb, Safb2, Sag, Sall1, Sall2, Sall3, Sall4, Samd1, Samd10, Samd11, Samd12, Samd14, Samd15, Samd4, Samd4b, Samd5, Samd7, Samd8, Samd9l, Samhd1, Samsn1, Samtor, Sap130, Sap18, Sap18b, Sap25, Sap30, Sap30bp, Sap30l, Sapcd2, Sar1a, Sar1b, Saraf, Sarm1, Sarnp, Sars1, Sart1, Sart3, Sash1, Sash3, Sass6, Sat1, Satb1, Satb2, Sav1, Saxo1, Sbf1, Sbk2, Sbno1, Sbno2, Sc5d, Scaf4, Scaf8, Scai, Scamp5, Scand1, Scap, Scarb1, Scarb2, Scarf1, Scd1, Scel, Scfd1, Scg2, Scg5, Scgb1a1, Scgb2a2, Scgb3a1, Scgn, Schip1, Scimp, Scin, Scly, Scmh1, Scml2, Scml4, Scn10a, Scn11a, Scn1a, Scn1b, Scn2a, Scn2b, Scn3a, Scn3b, Scn4a, Scn4b, Scn5a, Scn7a, Scn8a, Scn9a, Scnn1a, Scnn1b, Scnn1g, Sco1, Scoc, Scp2, Scpep1, Scrib, Scrn1, Scrt1, Scrt2, Sct, Sctr, Scube1, Scube2, Scube3, Scx, Scyl2, Sdc1, Sdc2, Sdc3, Sdc4, Sdcbp, Sdccag8, Sde2, Sdf2l1, Sdhaf2, Sdhaf4, Sdhd, Sdk1, Sdr16c5, Sdr9c7, Sec1, Sec13, Sec14l1, Sec14l2, Sec16a, Sec16b, Sec22b, Sec24a, Sec24b, Secisbp2, Sectm1a, Sectm1b, Seh1l, Sel1l, Sele, Selenok, Selenom, Selenon, Selenop, Selenos, Selenot, Sell, Selp, Selplg, Sema3a, Sema3b, Sema3c, Sema3d, Sema3e, Sema3f, Sema3g, Sema4a, Sema4b, Sema4c, Sema4d, Sema4f, Sema4g, Sema5a, Sema5b, Sema6a, Sema6b, Sema6c, Sema6d, Sema7a, Senp1, Senp2, Senp3, Senp6, Sepsecs, Septin1, Septin11, Septin2, Septin4, Septin5, Septin7, Septin8, Septin9, Serbp1, Serf1, Serf2, Sergef, Serinc3, Serp1, Serp2, Serpina10, Serpina12, Serpina5, Serpina7, Serpinb10, Serpinb11, Serpinb12, Serpinb13, Serpinb1a, Serpinb1b, Serpinb1c, Serpinb2, Serpinb3a, Serpinb3b, Serpinb3c, Serpinb3d, Serpinb5, Serpinb6a, Serpinb6b, Serpinb6c, Serpinb6d, Serpinb6e, Serpinb7, Serpinb8, Serpinb9, Serpinb9b, Serpinb9c, Serpinb9d, Serpinb9e, Serpinb9f, Serpinb9g, Serpinb9h, Serpinc1, Serpind1, Serpine1, Serpine2, Serpine3, Serpinf1, Serpinf2, Serping1, Serpinh1, Serpini1, Serpini2, Sertad1, Sertad2, Sertad3, Sesn1, Sesn2, Sesn3, Sestd1, Set, Setbp1, Setd1a, Setd2, Setd3, Setd4, Setd5, Setd6, Setd7, Setdb1, Setdb2, Setmar, Setx, Sez6, Sez6l, Sez6l2, Sf1, Sf3a2, Sf3b1, Sf3b3, Sf3b5, Sfmbt1, Sfmbt2, Sfn, Sfpq, Sfr1, Sfrp1, Sfrp2, Sfrp4, Sfrp5, Sfswap, Sftpa1, Sftpd, Sfxn5, Sgca, Sgcd, Sgf29, Sgip1, Sgk1, Sgk2, Sgk3, Sgms1, Sgms1os1, Sgms2, Sgo2a, Sgpl1, Sgpp1, Sgpp2, Sgsm1, Sgsm2, Sgsm3, Sgta, Sh2b1, Sh2b2, Sh2b3, Sh2d1a, Sh2d1b1, Sh2d1b2, Sh2d3c, Sh2d6, Sh3bgrl, Sh3bp1, Sh3bp2, Sh3bp4, Sh3bp5, Sh3bp5l, Sh3d19, Sh3gl1, Sh3gl2, Sh3gl3, Sh3glb1, Sh3glb2, Sh3kbp1, Sh3pxd2b, Sh3rf1, Sh3rf2, Sh3rf3, Sh3tc2, Sh3yl1, Shank1, Shank2, Shank3, Sharpin, Shb, Shc1, Shc2, Shc3, Shc4, Shcbp1, Shcbp1l, Shfl, Shh, Shisa2, Shisa3, Shisa5, Shisa6, Shisa7, Shisa8, Shisa9, Shkbp1, Shld1, Shld2, Shld3, Shmt1, Shmt2, Shoc2, Shox2, Shpk, Shq1, Shroom2, Shroom3, Shroom4, Shtn1, Siae, Siah1a, Siah1b, Siah2, Siah3, Sidt2, Sigirr, Siglec1, Siglec15, Siglece, Siglecf, Siglecg, Sigmar1, Sik1, Sik2, Sik3, Sike1, Sim1, Sim2, Sin3a, Sin3b, Sinhcaf, Sipa1, Sipa1l1, Sipa1l2, Sipa1l3, Sirpa, Sirpb1a, Sirt1, Sirt2, Sirt3, Sirt4, Sirt5, Sirt6, Sirt7, Sit1, Siva1, Six1, Six2, Six3, Six3os1, Six4, Six5, Six6, Ska1, Ska2, Ska3, Skap1, Skap2, Ski, Skic2, Skic3, Skic8, Skil, Skint1, Skint10, Skint11, Skint2, Skint3, Skint4, Skint5, Skint6, Skint7, Skint8, Skint9, Skor1, Skor2, Skp1, Skp2, Sla, Sla2, Slain1, Slain2, Slamf1, Slamf6, Slamf7, Slamf8, Slc10a4, Slc11a1, Slc12a1, Slc12a2, Slc12a3, Slc12a4, Slc12a5, Slc12a6, Slc12a7, Slc12a8, Slc12a9, Slc15a1, Slc15a2, Slc15a3, Slc15a4, Slc16a1, Slc16a10, Slc16a2, Slc17a4, Slc17a6, Slc17a7, Slc17a8, Slc18a1, Slc18a2, Slc18a3, Slc19a1, Slc1a1, Slc1a2, Slc1a3, Slc1a6, Slc1a7, Slc20a2, Slc22a13, Slc22a2, Slc22a21, Slc22a22, Slc22a3, Slc22a5, Slc23a2, Slc24a1, Slc24a2, Slc24a3, Slc24a4, Slc24a5, Slc25a12, Slc25a14, Slc25a22, Slc25a23, Slc25a27, Slc25a31, Slc25a33, Slc25a36, Slc25a37, Slc25a4, Slc25a44, Slc25a5, Slc26a3, Slc26a4, Slc26a5, Slc26a6, Slc26a7, Slc26a9, Slc27a1, Slc27a4, Slc29a1, Slc2a10, Slc2a13, Slc2a2, Slc2a3, Slc2a4, Slc2a5, Slc2a6, Slc2a8, Slc30a1, Slc30a10, Slc30a3, Slc30a5, Slc30a6, Slc30a8, Slc30a9, Slc31a1, Slc31a2, Slc34a1, Slc35a4, Slc35b4, Slc35c1, Slc35c2, Slc35d3, Slc35f6, Slc36a2, Slc37a4, Slc38a1, Slc38a2, Slc38a3, Slc38a9, Slc39a10, Slc39a12, Slc39a14, Slc39a5, Slc39a6, Slc39a7, Slc39a8, Slc39a9, Slc3a2, Slc40a1, Slc43a1, Slc43a2, Slc44a4, Slc45a2, Slc45a3, Slc46a2, Slc4a1, Slc4a10, Slc4a11, Slc4a2, Slc4a3, Slc4a4, Slc4a5, Slc4a7, Slc4a8, Slc4a9, Slc51b, Slc5a1, Slc5a11, Slc5a2, Slc5a3, Slc5a5, Slc5a7, Slc66a2, Slc6a1, Slc6a12, Slc6a2, Slc6a3, Slc6a4, Slc6a5, Slc6a6, Slc6a9, Slc7a1, Slc7a10, Slc7a11, Slc7a2, Slc7a3, Slc7a5, Slc7a7, Slc7a8, Slc8a1, Slc8a2, Slc8a3, Slc8b1, Slc9a1, Slc9a2, Slc9a3, Slc9a4, Slc9a5, Slc9a6, Slc9a7, Slc9a8, Slc9a9, Slc9b1, Slc9b2, Slc9c1, Slco1c1, Slco3a1, Slco4a1, Slf1, Slf2, Slfn1, Slfn14, Slfn2, Slfn3, Slirp, Slit1, Slit2, Slit3, Slitrk1, Slitrk2, Slitrk3, Slitrk4, Slitrk5, Slitrk6, Slk, Slmap, Sln, Slpi, Sltm, Slurp1, Slurp2, Slx, Slx1b, Slx4, Slxl1, Sly, Smad1, Smad2, Smad3, Smad4, Smad5, Smad6, Smad7, Smad9, Smap1, Smarca1, Smarca2, Smarca4, Smarca5, Smarcad1, Smarcal1, Smarcb1, Smarcc1, Smarcc2, Smarcd1, Smarcd2, Smarcd3, Smarce1, Smc2, Smc3, Smc4, Smc5, Smc6, Smchd1, Smcr8, Smg1, Smg5, Smg6, Smg7, Smg8, Smg9, Smim22, Smim30, Smim43, Smn1, Smo, Smoc1, Smoc2, Smok3a, Smpd1, Smpd2, Smpd3, Smpdl3a, Smpdl3b, Smr2, Smr2l, Smr3a, Smtn, Smtnl1, Smu1, Smurf1, Smurf2, Smyd1, Smyd2, Smyd3, Smyd5, Snai1, Snai2, Snai3, Snap23, Snap25, Snap29, Snap47, Snap91, Snapin, Snca, Sncaip, Sncb, Sncg, Snd1, Snf8, Snhg15, Snhg20, Snip1, Snord32a, Snord33, Snord34, Snord35a, Snph, Snrnp70, Snta1, Snw1, Snx1, Snx12, Snx13, Snx14, Snx17, Snx18, Snx19, Snx25, Snx27, Snx3, Snx30, Snx33, Snx4, Snx5, Snx6, Snx7, Snx9, Soat1, Soat2, Socs1, Socs2, Socs3, Socs4, Socs5, Socs6, Socs7, Sod1, Sod2, Sod3, Sohlh1, Sohlh2, Son, Sorbs1, Sorbs2, Sorbs3, Sorcs2, Sorcs3, Sorl1, Sort1, Sos1, Sos2, Sost, Sostdc1, Sox1, Sox10, Sox11, Sox12, Sox13, Sox14, Sox15, Sox17, Sox18, Sox2, Sox21, Sox3, Sox30, Sox4, Sox5, Sox6, Sox7, Sox8, Sox9, Sp1, Sp100, Sp110, Sp140, Sp140l1, Sp140l2, Sp2, Sp3, Sp4, Sp5, Sp6, Sp7, Sp8, Sp9, Spaar, Spaca7, Spag11a, Spag5, Spag6l, Spag8, Spag9, Sparc, Sparcl1, Spart, Spast, Spata13, Spata18, Spata2, Spata22, Spata4, Spatc1l, Spc24, Spc25, Spdef, Spdl1, Spdya, Spdye4a, Specc1l, Spef1, Spef1l, Spen, Spg11, Spg21, Spg7, Sphk1, Sphk2, Spi1, Spib, Spic, Spice1, Spidr, Spin1, Spin2c, Spin2d, Spin2e, Spin2g, Spin2h, Spin4, Spindoc, Spink1, Spink12, Spink13, Spink2, Spink5, Spink6, Spink7, Spinkl, Spint1, Spint2, Spire1, Spire2, Spn, Spns1, Spns2, Spocd1, Spock1, Spock2, Spock3, Spon1, Spon2, Spop, Spopfm2, Spopfm3, Spopl, Spout1, Spp1, Sppl2a, Sppl2b, Sppl2c, Sppl3, Spr, Spred1, Spred2, Spred3, Spring1, Sprr1b, Sprr2a1, Sprtn, Spry1, Spry2, Spry3, Spry4, Spsb2, Spsb3, Spsb4, Spta1, Sptan1, Sptb, Sptbn1, Sptbn2, Sptbn4, Sptlc1, Sptlc2, Sptssb, Spty2d1, Spx, Spz1, Sqle, Sqstm1, Sra1, Srarp, Src, Srcin1, Srd5a1, Srd5a2, Srebf1, Srebf2, Srf, Srgap1, Srgap2, Srgap3, Srgn, Sri, Srl, Srms, Srp9, Srpk1, Srpk2, Srpk3, Srpx, Srpx2, Srrd, Srrm1, Srrm4, Srrt, Srsf1, Srsf10, Srsf12, Srsf19, Srsf2, Srsf3, Srsf4, Srsf5, Srsf6, Srsf7, Srsf9, Sry, Ss18, Ss18l1, Ssb, Ssbp1, Ssbp2, Ssbp3, Ssbp4, Ssc5d, Ssh1, Ssh2, Ssh3, Ssrp1, Sst, Sstr1, Sstr2, Sstr3, Sstr4, Sstr5, Ssty1, Ssty2, Ssu72, Ssx2ip, Ssxa1, St13, St18, St3gal1, St3gal4, St6gal1, St7l, St8sia1, St8sia2, Stab1, Stac, Stac2, Stac3, Stam, Stam2, Stambp, Stambpl1, Stap1, Star, Stard10, Stard13, Stard3, Stard4, Stard8, Stat1, Stat2, Stat3, Stat4, Stat5a, Stat5b, Stat6, Stau1, Stau2, Stc1, Stc2, Steap3, Stfa1, Stfa2, Stfa2l1, Stfa3, Stil, Stim1, Stim2, Stimate, Sting1, Stk10, Stk11, Stk16, Stk17b, Stk19, Stk24, Stk25, Stk26, Stk3, Stk32a, Stk32b, Stk32c, Stk33, Stk35, Stk36, Stk38, Stk38l, Stk39, Stk4, Stk40, Stmn1, Stmn2, Stmn3, Stmn4, Stmnd1, Stmp1, Stn1, Stom, Stoml2, Stoml3, Ston1, Ston2, Stox1, Stox2, Stpg1, Stpg4, Stra6, Stra8, Strada, Stradb, Strap, Strip1, Strip2, Strit1, Strm, Strn, Strn3, Strn4, Sts, Stub1, Stx11, Stx12, Stx18, Stx19, Stx1a, Stx1b, Stx2, Stx3, Stx4a, Stx5a, Stx6, Stx7, Stx8, Stxbp1, Stxbp2, Stxbp3, Stxbp4, Stxbp5, Stxbp5l, Stxbp6, Styx, Styx-ps, Styxl1, Styxl2, Sub1, Sucnr1, Suco, Suds3, Sufu, Sugt1, Sulf1, Sulf2, Sult1a1, Sult1b1, Sult1e1, Sult2a1, Sult2a2, Sult2a3, Sult2a4, Sult2a5, Sult2a6, Sult2a7, Sult2a8, Sult2b1, Sumf2, Sumo1, Sumo2, Sumo3, Sun2, Sun5, Supt20, Supt3, Supt4a, Supt4b, Supt5, Supt6, Supt7l, Supv3l1, Surf4, Susd2, Susd4, Susd5, Suv39h1, Suv39h2, Suz12, Sv2a, Sv2b, Sv2c, Sva, Sval1, Sval2, Sval3, Svbp, Svep1, Svil, Svip, Swap70, Swsap1, Syap1, Sybu, Syce3, Sycp1, Sycp2, Sycp2l, Syde1, Syde2, Syf2, Syk, Sympk, Syn1, Syn2, Syn3, Syncrip, Syndig1, Syne1, Syne2, Syne3, Syngap1, Syngr1, Syngr3, Synj1, Synj2bp, Synpo, Synpo2, Synpo2l, Synpr, Syp, Syt1, Syt10, Syt11, Syt12, Syt13, Syt15, Syt17, Syt2, Syt3, Syt4, Syt5, Syt6, Syt7, Syt8, Syt9, Sytl2, Sytl4, Syvn1, Szt2, T, Taar1, Taar2, Taar3, Taar4, Taar5, Taar6, Taar7a, Taar7b, Taar7d, Taar7e, Taar7f, Taar8a, Taar8b, Taar8c, Taar9, Tab1, Tab2, Tab3, Tac1, Tac2, Tac4, Tacc1, Tacc2, Tacc3, Taco1, Tacr1, Tacr2, Tacr3, Tacstd2, Tada1, Tada2a, Tada2b, Tada3, Taf1, Taf10, Taf11, Taf12, Taf13, Taf15, Taf1d, Taf2, Taf3, Taf4, Taf4b, Taf5, Taf5l, Taf6, Taf6l, Taf7, Taf8, Taf9, Taf9b, Tafa1, Tafa3, Tafa4, Tafa5, Tagap, Tagln3, Tal1, Tal2, Tamalin, Tanc1, Tanc2, Tank, Taok1, Taok2, Taok3, Tap1, Tap2, Tapbp, Tapbpl, Tapt1, Tarbp2, Tardbp, Tarm1, Tars2, Tas1r1, Tas1r2, Tas1r3, Tas2r102, Tas2r103, Tas2r104, Tas2r105, Tas2r106, Tas2r107, Tas2r108, Tas2r109, Tas2r110, Tas2r113, Tas2r114, Tas2r116, Tas2r117, Tas2r118, Tas2r119, Tas2r120, Tas2r121, Tas2r123, Tas2r124, Tas2r125, Tas2r126, Tas2r129, Tas2r130, Tas2r131, Tas2r134, Tas2r135, Tas2r136, Tas2r137, Tas2r138, Tas2r139, Tas2r140, Tas2r143, Tas2r144, Tasl, Tasor, Tasor2, Tasp1, Tax1bp1, Tax1bp3, Tbc1d1, Tbc1d10a, Tbc1d10b, Tbc1d10c, Tbc1d12, Tbc1d14, Tbc1d15, Tbc1d16, Tbc1d2, Tbc1d20, Tbc1d23, Tbc1d24, Tbc1d25, Tbc1d30, Tbc1d32, Tbc1d4, Tbc1d5, Tbc1d7, Tbccd1, Tbcd, Tbck, Tbk1, Tbl1x, Tbl1xr1, Tbl2, Tbp, Tbr1, Tbrg1, Tbrg4, Tbx1, Tbx10, Tbx15, Tbx18, Tbx19, Tbx2, Tbx20, Tbx21, Tbx22, Tbx3, Tbx4, Tbx5, Tbx6, Tbxa2r, Tbxas1, Tcaf1, Tcea1, Tcea2, Tcea3, Tceal7, Tceanc, Tceanc2, Tcerg1, Tcf12, Tcf15, Tcf19, Tcf20, Tcf21, Tcf23, Tcf24, Tcf25, Tcf3, Tcf4, Tcf7, Tcf7l1, Tcf7l2, Tcfl5, Tchp, Tcim, Tcirg1, Tcl1, Tcl1b1, Tcl1b2, Tcl1b3, Tcl1b4, Tcl1b5, Tcof1, Tcp1, Tcp10a, Tcp10b, Tcp10c, Tcp11, Tcp11l1, Tcp11l2, Tcp11x2, Tcrb, Tcta, Tctn1, Tctn2, Tctn3, Tdg, Tdpoz1, Tdpoz2, Tdpoz3, Tdpoz4, Tdpoz5, Tdpoz8, Tdpoz9, Tdrd1, Tdrd12, Tdrd3, Tdrd5, Tdrd6, Tdrd7, Tdrd9, Tdrkh, Tead1, Tead2, Tead3, Tead4, Tec, Tecpr1, Tedc1, Tedc2, Tef, Tek, Tekt3, Tekt4, Telo2, Ten1, Tenm1, Tenm2, Tenm3, Tenm4, Tent2, Tent4a, Tent4b, Tent5a, Tent5b, Tent5c, Tent5d, Terc, Terf1, Terf2, Terf2ip, Tert, Tes, Tes3-ps, Tesc, Tescl, Tesk1, Tesl1, Tesl2, Tesmin, Tespa1, Tet1, Tet2, Tet3, Tex101, Tex11, Tex14, Tex15, Tex19.1, Tex19.2, Tex24, Tex261, Tfam, Tfap2a, Tfap2b, Tfap2c, Tfap2d, Tfap2e, Tfap4, Tfcp2, Tfcp2l1, Tfdp1, Tfdp2, Tfe3, Tfeb, Tfec, Tff1, Tff2, Tff3, Tfip11, Tfpi, Tfpi2, Tfpt, Tfr2, Tfrc, Tg, Tgfa, Tgfb1, Tgfb1i1, Tgfb2, Tgfb3, Tgfbr1, Tgfbr2, Tgfbr3, Tgfbr3l, Tgfbrap1, Tgif1, Tgif2, Tgm1, Tgm2, Th, Thap1, Thap11, Thap3, Thap7, Thbd, Thbs1, Thbs2, Thbs4, Them4, Themis, Themis2, Themis3, Thoc1, Thoc2, Thoc5, Thop1, Thpo, Thra, Thrap3, Thrb, Thrsp, Thy1, Tia1, Tial1, Tiam1, Tiam2, Ticam1, Ticam2, Ticrr, Tie1, Tifa, Tifab, Tigar, Tigit, Timd2, Timd5, Timd6, Timeless, Timm17a, Timm23, Timm50, Timp1, Timp2, Timp3, Timp4, Tinf2, Tiparp, Tipin, Tiprl, Tirap, Tjp1, Tjp2, Tjp3, Tkfc, Tkt, Tlcd1, Tlcd2, Tlcd3b, Tldc2, Tle1, Tle2, Tle3, Tle4, Tle5, Tle6, Tle7, Tlk1, Tlk2, Tll2, Tln1, Tlr1, Tlr11, Tlr12, Tlr13, Tlr2, Tlr3, Tlr4, Tlr5, Tlr6, Tlr7, Tlr8, Tlr9, Tlx1, Tlx2, Tlx3, Tm2d1, Tm2d3, Tm4sf20, Tm4sf5, Tm6sf2, Tm7sf3, Tm9sf2, Tm9sf4, Tm9sf5, Tmbim1, Tmbim4, Tmbim6, Tmc1, Tmc2, Tmc6, Tmc8, Tmco1, Tmed10, Tmed10-ps, Tmed2, Tmed9, Tmeff2, Tmem100, Tmem102, Tmem106a, Tmem106b, Tmem107, Tmem108, Tmem109, Tmem116, Tmem117, Tmem119, Tmem126a, Tmem127, Tmem131l, Tmem132a, Tmem132c, Tmem135, Tmem145, Tmem14a, Tmem14c, Tmem161a, Tmem161b, Tmem164, Tmem165, Tmem168, Tmem17, Tmem170b, Tmem175, Tmem176a, Tmem176b, Tmem178, Tmem182, Tmem183a, Tmem184a, Tmem196, Tmem198, Tmem198b, Tmem199, Tmem204, Tmem215, Tmem225, Tmem231, Tmem237, Tmem238l, Tmem25, Tmem250, Tmem259, Tmem30a, Tmem30b, Tmem30c, Tmem33, Tmem35a, Tmem38a, Tmem38b, Tmem39a, Tmem41b, Tmem53, Tmem59, Tmem64, Tmem65, Tmem67, Tmem74, Tmem79, Tmem88, Tmem88b, Tmem9, Tmem97, Tmem98, Tmf1, Tmigd1, Tmigd3, Tmlhe, Tmod1, Tmod2, Tmod3, Tmod4, Tmpo, Tmprss11d, Tmprss12, Tmprss2, Tmprss4, Tmprss6, Tmsb10, Tmsb15a, Tmsb15b1, Tmsb15b2, Tmsb15l, Tmsb4x, Tmtc3, Tmtc4, Tmx1, Tnc, Tnf, Tnfaip1, Tnfaip3, Tnfaip6, Tnfaip8, Tnfaip8l1, Tnfaip8l2, Tnfaip8l3, Tnfrsf10b, Tnfrsf11a, Tnfrsf11b, Tnfrsf12a, Tnfrsf13b, Tnfrsf13c, Tnfrsf14, Tnfrsf17, Tnfrsf18, Tnfrsf19, Tnfrsf1a, Tnfrsf1b, Tnfrsf21, Tnfrsf22, Tnfrsf23, Tnfrsf26, Tnfrsf4, Tnfrsf8, Tnfrsf9, Tnfsf10, Tnfsf11, Tnfsf12, Tnfsf13, Tnfsf13b, Tnfsf14, Tnfsf15, Tnfsf18, Tnfsf4, Tnfsf8, Tnfsf9, Tnik, Tnip1, Tnip2, Tnip3, Tnk1, Tnk2, Tnks, Tnks1bp1, Tnks2, Tnmd, Tnn, Tnnc1, Tnnc2, Tnni1, Tnni2, Tnni3, Tnni3k, Tnnt1, Tnnt2, Tnnt3, Tnp1, Tnp2, Tnpo2, Tnr, Tnrc6a, Tnrc6b, Tnrc6c, Tns2, Tns3, Tnxb, Tob1, Tob2, Togaram1, Togaram2, Tollip, Tom1, Tom1l1, Tom1l2, Tomm22, Tomm40, Tomm7, Tomm70a, Tomt, Top1, Top2a, Top2b, Topbp1, Topors, Tor1a, Tor1aip1, Tor1aip2, Tox, Tox2, Tox3, Tox4, Tpbg, Tpbgl, Tpbpa, Tpcn1, Tpcn2, Tpd52, Tpd52l1, Tpgs1, Tph1, Tpk1, Tpm1, Tpm2, Tpo, Tppp, Tppp2, Tppp3, Tpr, Tpra1, Tprg1l, Tpsab1, Tpst2, Tpt1, Tpx2, Tra2a, Tra2b, Trabd2b, Tradd, Traf1, Traf2, Traf3, Traf3ip1, Traf3ip2, Traf3ip3, Traf4, Traf5, Traf6, Traf7, Trafd1, Traip, Trak1, Trak2, Trap1, Trappc11, Trappc12, Trappc14, Trappc2, Trappc9, Trat1, Trav7-2, Trbv12-1, Trbv12-2, Trbv13-1, Trbv13-2, Trbv13-3, Trbv14, Trbv15, Trbv16, Trbv17, Trbv19, Trbv2, Trbv20, Trbv21, Trbv23, Trbv26, Trbv29, Trbv3, Trbv30, Trbv4, Trbv5, Trdmt1, Trdn, Trem1, Trem2, Trem3, Treml1, Treml4, Trerf1, Trex1, Trf, Trh, Trhr, Trhr2, Triap1, Trib1, Trib2, Trib3, Tril, Trim11, Trim12a, Trim12c, Trim13, Trim14, Trim15, Trim17, Trim2, Trim21, Trim23, Trim24, Trim25, Trim26, Trim27, Trim28, Trim29, Trim3, Trim30a, Trim30b, Trim30c, Trim30d, Trim31, Trim32, Trim33, Trim34a, Trim34b, Trim35, Trim36, Trim37, Trim38, Trim39, Trim40, Trim41, Trim43a, Trim43b, Trim43c, Trim44, Trim45, Trim46, Trim47, Trim5, Trim50, Trim52, Trim54, Trim55, Trim56, Trim58, Trim59, Trim6, Trim60, Trim61, Trim62, Trim63, Trim65, Trim66, Trim67, Trim68, Trim71, Trim72, Trim75, Trim8, Trim9, Trio, Triobp, Trip10, Trip12, Trip13, Trip4, Trip6, Trmt10c, Trmt112, Trnau1ap, Trnp1, Tro, Trp53, Trp53bp1, Trp53bp2, Trp53cor1, Trp53i13, Trp53inp1, Trp53inp2, Trp63, Trp73, Trpa1, Trpc1, Trpc2, Trpc3, Trpc4, Trpc5, Trpc6, Trpm1, Trpm2, Trpm4, Trpm5, Trpm7, Trpm8, Trps1, Trpt1, Trpv1, Trpv2, Trpv3, Trpv4, Trpv5, Trpv6, Trrap, Trub1, Trub2, Tsacc, Tsc1, Tsc2, Tsc22d1, Tsc22d2, Tsc22d3, Tsc22d4, Tsfm, Tsg101, Tshb, Tshr, Tshz1, Tshz2, Tshz3, Tsix, Tsku, Tslp, Tsn, Tsnax, Tspan1, Tspan12, Tspan13, Tspan14, Tspan15, Tspan17, Tspan18, Tspan32, Tspan4, Tspan5, Tspan6, Tspan7, Tspan8, Tspan9, Tspear, Tspo, Tspoap1, Tspyl2, Tspyl5, Tssk3, Tssk4, Ttbk1, Ttbk2, Ttc21b, Ttc23, Ttc28, Ttc3, Ttc36, Ttc39b, Ttc39d, Ttc5, Ttc8, Ttf1, Tti1, Ttk, Ttl, Ttll1, Ttll12, Ttll4, Ttll6, Ttn, Ttpa, Ttr, Ttyh1, Tub, Tuba1a, Tubb1, Tubb2b, Tubb3, Tubb4a, Tubb5, Tubd1, Tubg1, Tug1, Tulp1, Tulp3, Tunar, Tusc2, Tut4, Tut7, Twf1, Twf2, Twist1, Twist2, Twsg1, Txk, Txlng, Txn1, Txndc12, Txndc15, Txndc17, Txnip, Txnl4b, Txnrd1, Tyk2, Tymp, Tyms, Tyro3, Tyrobp, Tyrp1, Tysnd1, U2af2, Uaca, Uap1, Uba2, Uba3, Uba5, Ubac2, Ubap2l, Ubash3a, Ubash3b, Ubb, Ubd, Ube2a, Ube2b, Ube2c, Ube2d1, Ube2e1, Ube2e2, Ube2g2, Ube2i, Ube2j1, Ube2k, Ube2l3, Ube2m, Ube2n, Ube2o, Ube2q1, Ube2s, Ube2srt, Ube2u, Ube2v1, Ube2v2, Ube2w, Ube2z, Ube3a, Ube3b, Ube4b, Ubl4a, Ublcp1, Ubp1, Ubqln1, Ubqln2, Ubqln4, Ubr1, Ubr2, Ubr3, Ubr4, Ubr5, Ubtf, Ubtfl1, Ubxn1, Ubxn2a, Ubxn2b, Uchl1, Uchl3, Uchl5, Ucma, Ucn, Ucn2, Ucn3, Ucp1, Ucp2, Ufc1, Ufd1, Ufl1, Ufm1, Ufsp2, Ugcg, Ugt1a1, Ugt1a7c, Ugt2b1, Ugt2b35, Ugt2b36, Ugt2b5, Uhmk1, Uhrf1, Uhrf2, Uimc1, Ulbp1, Ulk1, Ulk2, Ulk3, Ulk4, Umod, Umodl1, Umps, Unc119, Unc13a, Unc13b, Unc13c, Unc13d, Unc5a, Unc5b, Unc5c, Unc5cl, Unc5d, Unc93b1, Uncx, Ung, Unk, Upf1, Upf2, Upf3a, Upf3b, Upk3b, Uprt, Uqcc2, Uri1, Use1, Usf1, Usf2, Usf3, Ush1c, Ush1g, Ush2a, Uso1, Usp1, Usp10, Usp12, Usp13, Usp14, Usp15, Usp16, Usp17la, Usp17lb, Usp17lc, Usp17ld, Usp17le, Usp18, Usp19, Usp2, Usp20, Usp21, Usp22, Usp24, Usp25, Usp26, Usp27x, Usp28, Usp29, Usp3, Usp30, Usp32, Usp33, Usp34, Usp35, Usp36, Usp37, Usp38, Usp4, Usp40, Usp42, Usp44, Usp46, Usp47, Usp48, Usp49, Usp5, Usp50, Usp51, Usp53, Usp6nl, Usp7, Usp8, Usp9x, Usp9y, Ust, Utf1, Utp11, Utp15, Utp25, Utp4, Utrn, Uts2, Uts2b, Uts2r, Uty, Uvrag, Uxt, V1ra8, Vac14, Vamp1, Vamp2, Vamp3, Vamp4, Vamp7, Vamp8, Vangl2, Vapb, Vars1, Vars2, Vash1, Vash2, Vasn, Vasp, Vat1, Vav1, Vav2, Vav3, Vax1, Vax2, Vax2os, Vbp1, Vcam1, Vcl, Vcp, Vcpip1, Vcpkmt, Vdac1, Vdac2, Vdac3, Vdr, Vegfa, Vegfb, Vegfc, Vegfd, Veph1, Vezf1, Vgf, Vgll1, Vgll2, Vgll3, Vgll4, Vhl, Vil1, Vill, Vim, Vip, Vipr1, Vipr2, Vit, Vkorc1, Vldlr, Vmn1r40, Vmn1r41, Vmn1r42, Vmn1r43, Vmn1r44, Vmn1r45, Vmn1r46, Vmn1r47, Vmn1r48, Vmn1r49, Vmn1r50, Vmn1r51, Vmn1r52, Vmn1r53, Vmn1r54, Vmn2r1, Vmn2r116, Vmn2r26, Vmn2r81, Vmp1, Vnn1, Vpreb1a, Vpreb1b, Vpreb3, Vps11, Vps13a, Vps13c, Vps13d, Vps18, Vps25, Vps26b, Vps28, Vps33a, Vps33b, Vps35, Vps37b, Vps4a, Vps4b, Vps54, Vps72, Vrk1, Vrk2, Vrk3, Vrtn, Vsig4, Vsir, Vsnl1, Vstm2a, Vstm2l, Vstm4, Vstm5, Vsx1, Vsx2, Vtcn1, Vti1b, Vtn, Vwa2, Vwc2, Vwc2l, Vwf, Wac, Wapl, Wars1, Wars2, Was, Wasf1, Wasf2, Wasf3, Washc1, Washc2, Washc3, Washc4, Washc5, Wasl, Wbp1l, Wbp2, Wbp2nl, Wdfy1, Wdfy2, Wdhd1, Wdpcp, Wdr1, Wdr11, Wdr12, Wdr13, Wdr19, Wdr24, Wdr35, Wdr36, Wdr41, Wdr43, Wdr44, Wdr45, Wdr47, Wdr48, Wdr5, Wdr54, Wdr59, Wdr6, Wdr62, Wdr72, Wdr73, Wdr75, Wdr76, Wdr77, Wdr81, Wdr82, Wdr83, Wdr91, Wdtc1, Wee1, Wee2, Wfdc1, Wfdc6a, Wfdc6b, Wfikkn1, Wfikkn2, Wfs1, Whamm, Whrn, Wif1, Wipf1, Wipi1, Wiz, Wls, Wmp, Wnk1, Wnk2, Wnk3, Wnk4, Wnt1, Wnt10a, Wnt10b, Wnt11, Wnt16, Wnt2, Wnt2b, Wnt3, Wnt3a, Wnt4, Wnt5a, Wnt5b, Wnt6, Wnt7a, Wnt7b, Wnt8a, Wnt8b, Wnt9a, Wnt9b, Wrap53, Wrap73, Wrn, Wrnip1, Wsb1, Wsb2, Wt1, Wtap, Wtip, Wwc1, Wwc2, Wwox, Wwp1, Wwp2, Wwtr1, Xaf1, Xbp1, Xcl1, Xcr1, Xdh, Xiap, Xirp1, Xirp2, Xist, Xk, Xkr4, Xkr6, Xkr7, Xkr8, Xkr9, Xlr3b, Xlr4a, Xlr4b, Xpa, Xpc, Xpnpep1, Xpo1, Xpo4, Xpo5, Xrcc1, Xrcc2, Xrcc3, Xrcc4, Xrcc5, Xrcc6, Xrn1, Xrn2, Xylt1, Yaf2, Yap1, Ybx1, Ybx2, Ybx3, Yeats2, Yeats4, Yes1, Yipf5, Yjefn3, Yju2, Ylpm1, Yme1l1, Yod1, Ypel3, Ypel4, Yrdc, Ythdc1, Ythdc2, Ythdf1, Ythdf2, Ythdf3, Ywhab, Ywhae, Ywhag, Ywhah, Ywhaq, Ywhaq-ps3, Ywhaz, Yy1, Yy2, Zan, Zap70, Zar1, Zar1l, Zbed3, Zbed4, Zbed6, Zbp1, Zbtb1, Zbtb10, Zbtb11, Zbtb12, Zbtb14, Zbtb16, Zbtb17, Zbtb18, Zbtb2, Zbtb20, Zbtb21, Zbtb22, Zbtb24, Zbtb25, Zbtb26, Zbtb3, Zbtb32, Zbtb33, Zbtb34, Zbtb37, Zbtb38, Zbtb39, Zbtb4, Zbtb40, Zbtb41, Zbtb42, Zbtb43, Zbtb45, Zbtb46, Zbtb47, Zbtb48, Zbtb49, Zbtb5, Zbtb6, Zbtb7a, Zbtb7b, Zbtb7c, Zbtb8a, Zbtb8b, Zbtb9, Zc3h10, Zc3h12a, Zc3h12d, Zc3h13, Zc3h14, Zc3h15, Zc3h18, Zc3h3, Zc3h4, Zc3h6, Zc3h7a, Zc3h7b, Zc3h8, Zc3hav1, Zc4h2, Zcchc12, Zcchc13, Zcchc17, Zcchc24, Zcchc3, Zcchc4, Zcchc7, Zcwpw1, Zdbf2, Zdhhc1, Zdhhc11, Zdhhc12, Zdhhc15, Zdhhc16, Zdhhc17, Zdhhc18, Zdhhc19, Zdhhc2, Zdhhc21, Zdhhc25, Zdhhc3, Zdhhc4, Zdhhc5, Zdhhc6, Zdhhc7, Zdhhc8, Zdhhc9, Zeb1, Zeb2, Zer1, Zfa-ps, Zfand1, Zfand2a, Zfand2b, Zfand5, Zfand6, Zfas1, Zfat, Zfhx2, Zfhx3, Zfhx4, Zfp1, Zfp1004, Zfp1005, Zfp1006, Zfp1007, Zfp101, Zfp1010, Zfp105, Zfp106, Zfp11, Zfp110, Zfp111, Zfp112, Zfp113, Zfp119a, Zfp119b, Zfp12, Zfp120, Zfp125, Zfp128, Zfp13, Zfp131, Zfp14, Zfp141, Zfp142, Zfp143, Zfp146, Zfp148, Zfp157, Zfp160, Zfp169, Zfp174, Zfp175, Zfp180, Zfp182, Zfp184, Zfp189, Zfp2, Zfp202, Zfp207, Zfp212, Zfp213, Zfp217, Zfp219, Zfp229, Zfp236, Zfp239, Zfp24, Zfp248, Zfp251, Zfp26, Zfp260, Zfp263, Zfp266, Zfp267, Zfp268, Zfp27, Zfp273, Zfp275, Zfp276, Zfp277, Zfp28, Zfp280b, Zfp280c, Zfp280d, Zfp281, Zfp286, Zfp287, Zfp292, Zfp296, Zfp3, Zfp30, Zfp316, Zfp317, Zfp318, Zfp319, Zfp322a, Zfp324, Zfp326, Zfp329, Zfp334, Zfp335, Zfp341, Zfp345, Zfp346, Zfp35, Zfp352, Zfp354a, Zfp354b, Zfp354c, Zfp358, Zfp36, Zfp362, Zfp365, Zfp366, Zfp367, Zfp369, Zfp36l1, Zfp36l2, Zfp36l3, Zfp37, Zfp382, Zfp383, Zfp384, Zfp385a, Zfp385b, Zfp386, Zfp39, Zfp395, Zfp397, Zfp398, Zfp40, Zfp407, Zfp408, Zfp41, Zfp410, Zfp418, Zfp42, Zfp420, Zfp422, Zfp423, Zfp426, Zfp429, Zfp433, Zfp438, Zfp442, Zfp444, Zfp445, Zfp446, Zfp449, Zfp451, Zfp454, Zfp455, Zfp456, Zfp457, Zfp458, Zfp459, Zfp46, Zfp462, Zfp467, Zfp469, Zfp472, Zfp473, Zfp488, Zfp493, Zfp503, Zfp507, Zfp51, Zfp512b, Zfp513, Zfp516, Zfp518a, Zfp518b, Zfp52, Zfp521, Zfp523, Zfp524, Zfp53, Zfp534, Zfp536, Zfp54, Zfp541, Zfp551, Zfp553, Zfp558, Zfp560, Zfp563, Zfp566, Zfp568, Zfp57, Zfp574, Zfp575, Zfp579, Zfp58, Zfp580, Zfp582, Zfp583, Zfp59, Zfp592, Zfp593, Zfp595, Zfp597, Zfp598, Zfp599, Zfp60, Zfp600, Zfp605, Zfp606, Zfp607a, Zfp607b, Zfp608, Zfp609, Zfp612, Zfp616, Zfp617, Zfp618, Zfp619, Zfp62, Zfp622, Zfp623, Zfp626, Zfp628, Zfp629, Zfp637, Zfp638, Zfp639, Zfp64, Zfp640, Zfp641, Zfp644, Zfp646, Zfp647, Zfp648, Zfp65, Zfp652, Zfp653, Zfp654, Zfp655, Zfp658, Zfp661, Zfp663, Zfp664, Zfp667, Zfp668, Zfp672, Zfp677, Zfp68, Zfp683, Zfp689, Zfp69, Zfp691, Zfp692, Zfp696, Zfp697, Zfp7, Zfp703, Zfp704, Zfp706, Zfp707, Zfp708, Zfp709, Zfp710, Zfp711, Zfp712, Zfp715, Zfp719, Zfp72, Zfp729a, Zfp729b, Zfp735, Zfp738, Zfp74, Zfp740, Zfp746, Zfp747, Zfp747l1, Zfp748, Zfp750, Zfp758, Zfp759, Zfp760, Zfp763, Zfp764, Zfp764l1, Zfp768, Zfp770, Zfp771, Zfp772, Zfp773, Zfp775, Zfp777, Zfp78, Zfp780b, Zfp784, Zfp786, Zfp787, Zfp788, Zfp790, Zfp791, Zfp799, Zfp804a, Zfp808, Zfp809, Zfp81, Zfp810, Zfp811, Zfp819, Zfp82, Zfp820, Zfp821, Zfp825, Zfp827, Zfp830, Zfp84, Zfp846, Zfp85, Zfp850, Zfp853, Zfp865, Zfp866, Zfp867, Zfp868, Zfp869, Zfp87, Zfp870, Zfp871, Zfp872, Zfp873, Zfp874a, Zfp874b, Zfp879, Zfp882, Zfp9, Zfp90, Zfp91, Zfp92, Zfp93, Zfp930, Zfp931, Zfp932, Zfp933, Zfp934, Zfp935, Zfp936, Zfp937, Zfp938, Zfp940, Zfp941, Zfp942, Zfp943, Zfp944, Zfp945, Zfp946, Zfp947, Zfp948, Zfp949, Zfp950, Zfp951, Zfp952, Zfp954, Zfp955a, Zfp955b, Zfp956, Zfp958, Zfp959, Zfp960, Zfp961, Zfp963, Zfp964, Zfp966, Zfp97, Zfp970, Zfp971, Zfp973, Zfp974, Zfp975, Zfp976, Zfp977, Zfp979, Zfp980, Zfp981, Zfp982, Zfp983, Zfp984, Zfp985, Zfp987, Zfp988, Zfp989, Zfp990, Zfp991, Zfp992, Zfp994, Zfp995, Zfp998, Zfpm1, Zfpm2, Zfta, Zfx, Zfy1, Zfy2, Zfyve19, Zfyve26, Zfyve27, Zfyve28, Zfyve9, Zglp1, Zgpat, Zhx1, Zhx2, Zhx3, Zic1, Zic2, Zic3, Zic4, Zic5, Zik1, Zim1, Zkscan1, Zkscan14, Zkscan16, Zkscan17, Zkscan2, Zkscan3, Zkscan4, Zkscan5, Zkscan6, Zkscan7, Zkscan8, Zmat3, Zmiz1, Zmiz2, Zmpste24, Zmym2, Zmym3, Zmym4, Zmym5, Zmym6, Zmynd10, Zmynd11, Zmynd15, Zmynd8, Znfx1, Znhit1, Znrf1, Znrf2, Znrf3, Znrf4, Zp1, Zp2, Zp3, Zp3r, Zpbp2, Zpr1, Zranb1, Zranb3, Zscan10, Zscan12, Zscan2, Zscan20, Zscan21, Zscan22, Zscan25, Zscan26, Zscan29, Zscan4-ps1, Zscan4-ps2, Zscan4-ps3, Zscan4b, Zscan4c, Zscan4d, Zscan4e, Zscan4f, Zscan5b, Zswim2, Zswim6, Zswim7, Zswim8, Zw10, Zwilch, Zwint, Zxdb, Zxdc, Zyg11b, Zyx, Zzef1, Zzz3
GO:0044238	primary metabolic process	9963	226	145.13	3.3e-16	1.27413e-12	1700028K03Rik, 1810009J06Rik, 1810024B03Rik, 2010315B03Rik, 2610005L07Rik, 2610008E11Rik, 2610021A01Rik, 2610042L04Rik, 2810021J22Rik, 4930402F06Rik, 4930402K13Rik, 4930438A08Rik, 4930447C04Rik, 4930480E11Rik, 4930486L24Rik, 4930522L14Rik, 4930568D16Rik, 4933405O20Rik, 5730507C01Rik, 6430550D23Rik, A1cf, A3galt2, A430033K04Rik, A4galt, A4gnt, A630001G21Rik, Aacs, Aadac, Aadat, Aak1, Aamdc, Aanat, Aar2, Aars1, Aars2, Aarsd1, Aasdh, Aasdhppt, Aass, Aatf, Aatk, Abat, Abca1, Abca12, Abca17, Abca2, Abca3, Abca4, Abca5, Abca7, Abca8a, Abca8b, Abcb10, Abcb11, Abcc6, Abcc9, Abcd1, Abcd2, Abcd3, Abcd4, Abce1, Abcf1, Abcg1, Abcg4, Abhd1, Abhd10, Abhd11, Abhd12, Abhd12b, Abhd13, Abhd14b, Abhd15, Abhd16a, Abhd16b, Abhd17a, Abhd17b, Abhd17c, Abhd2, Abhd3, Abhd4, Abhd5, Abhd6, Abhd8, Abi1, Abi2, Abi3, Abl1, Abl2, Ablim1, Ablim2, Ablim3, Abo, Abra, Abraxas1, Abraxas2, Abt1, Abtb1, Acaa1a, Acaa1b, Acaa2, Acaca, Acacb, Acad10, Acad11, Acad12, Acad8, Acad9, Acadl, Acadm, Acads, Acadsb, Acadvl, Acan, Acap1, Acat1, Acat2, Acbd3, Acbd5, Acbd7, Accs, Accsl, Acd, Ace, Ace2, Ace3, Acer1, Acer2, Acer3, Acin1, Acly, Acmsd, Acnat1, Acnat2, Aco1, Aco2, Acod1, Acot1, Acot10, Acot11, Acot12, Acot13, Acot2, Acot3, Acot4, Acot5, Acot6, Acot7, Acot8, Acot9, Acox1, Acox2, Acox3, Acoxl, Acp3, Acp4, Acp6, Acr, Acsbg1, Acsbg2, Acsbg3, Acsf2, Acsf3, Acsl1, Acsl3, Acsl4, Acsl5, Acsl6, Acsm1, Acsm2, Acsm3, Acsm4, Acsm5, Acss1, Acss2, Acss3, Actb, Actl6a, Actl6b, Actmap, Actn1, Actn2, Actn3, Actn4, Actr2, Actr3, Actr5, Actr6, Actr8, Actrt1, Acvr1, Acvr1b, Acvr2a, Acvr2b, Acvrl1, Acy1, Ada, Adad1, Adad2, Adal, Adam10, Adam11, Adam12, Adam15, Adam17, Adam18, Adam19, Adam1a, Adam1b, Adam2, Adam20, Adam21, Adam22, Adam23, Adam24, Adam25, Adam26a, Adam26b, Adam28, Adam29, Adam3, Adam30, Adam32, Adam33, Adam34, Adam34l, Adam39, Adam4, Adam5, Adam6a, Adam6b, Adam7, Adam8, Adam9, Adamdec1, Adamts1, Adamts10, Adamts12, Adamts13, Adamts14, Adamts15, Adamts16, Adamts17, Adamts18, Adamts19, Adamts2, Adamts20, Adamts3, Adamts4, Adamts5, Adamts6, Adamts7, Adamts8, Adamts9, Adar, Adarb1, Adarb2, Adat1, Adat2, Adat3, Adcy1, Adcy10, Adcy2, Adcy3, Adcy4, Adcy5, Adcy6, Adcy7, Adcy8, Adcy9, Adcyap1, Adcyap1r1, Add1, Adgb, Adgrb1, Adgrf1, Adgrf5, Adgrg3, Adgrv1, Adh1, Adh4, Adh5, Adh6a, Adh6b, Adh7, Adhfe1, Adi1, Adipoq, Adipor1, Adipor2, Adk, Adm, Adm2, Adnp, Adora1, Adora2a, Adora2b, Adora3, Adpgk, Adprh, Adprhl1, Adprs, Adra1b, Adra2a, Adra2b, Adra2c, Adrb1, Adrb2, Adrm1, Adrm1b, Adsl, Adss1, Adss2, Adtrp, Aebp1, Aebp2, Aen, Afap1l2, Aff1, Aff2, Aff3, Afg1l, Afg2b, Afg3l1, Afg3l2, Afmid, Afp, Aga, Agap2, Agap3, Agbl1, Agbl2, Agbl3, Agbl4, Agbl5, Ager, Agk, Agl, Agmat, Agmo, Ago1, Ago2, Ago3, Ago4, Agpat1, Agpat2, Agpat3, Agpat4, Agpat5, Agps, Agr2, Agrn, Agt, Agtpbp1, Agtr1a, Agtr1b, Agtr2, Agxt, Agxt2, Ahcy, Ahcyl, Ahcyl1, Ahdc1, Ahi1, Ahnak, Ahnak2, Ahr, Ahrr, Ahsa1, Ahsa2, Ahsp, AI854703, AI987944, Aicda, Aida, Aif1, Aifm1, Aig1, Aim2, Aimp1, Aimp2, Aipl1, Aire, Ajuba, Ak1, Ak2, Ak3, Ak4, Ak5, Ak6, Ak7, Ak8, Ak9, Akap11, Akap17b, Akap5, Akap6, Akap8l, Akap9, Akirin1, Akirin2, Akna, Akr1a1, Akr1b1, Akr1b7, Akr1c12, Akr1c13, Akr1c14, Akr1c18, Akr1c19, Akr1c20, Akr1c21, Akr1c6, Akr1cl, Akr1d1, Akr7a5, Akt1, Akt1s1, Akt2, Akt3, Aktip, Alad, Alas1, Alas2, Aldh18a1, Aldh1a1, Aldh1a2, Aldh1a3, Aldh1a7, Aldh1l1, Aldh1l2, Aldh2, Aldh3a1, Aldh3a2, Aldh3b1, Aldh3b2, Aldh4a1, Aldh5a1, Aldh6a1, Aldh8a1, Aldoa, Aldoart1, Aldoart2, Aldob, Aldoc, Alg1, Alg10b, Alg11, Alg12, Alg13, Alg14, Alg2, Alg3, Alg5, Alg6, Alg8, Alg9, Alk, Alkbh1, Alkbh2, Alkbh3, Alkbh5, Alkbh7, Alkbh8, Alms1, Alox12, Alox12b, Alox12e, Alox15, Alox5, Alox5ap, Alox8, Aloxe3, Alpi, Als2, Alx1, Alx3, Alx4, Alyref, Alyref2, Amacr, Ambp, Ambra1, Amdhd1, Amdhd2, Amer1, Amfr, Amn1, Amot, Amotl2, Ampd1, Ampd2, Ampd3, Amt, Amy1, Amy2a1, Amy2a5, Amz1, Amz2, Anapc1, Anapc10, Anapc11, Anapc13, Anapc15, Anapc15-ps, Anapc16, Anapc2, Anapc4, Anapc5, Anapc7, Ang, Ang2, Ang3, Ang4, Ang5, Ang6, Angel2, Angpt1, Angpt4, Angptl3, Angptl4, Angptl8, Ankib1, Ankle1, Ankrd1, Ankrd11, Ankrd16, Ankrd17, Ankrd2, Ankrd23, Ankrd26, Ankrd31, Ankrd42, Ankrd49, Ankrd54, Ankrd66, Ankrd9, Anks1, Ankzf1, Ano9, Anpep, Antkmt, Antxr1, Anxa1, Anxa2, Anxa3, Anxa4, Anxa8, Aoah, Aopep, Aox1, Ap2a1, Ap3b1, Ap3d1, Ap5s1, Ap5z1, Apaf1, Apbb1, Apbb2, Apbb3, Apc, Apc2, Apcs, Apeh, Apex1, Apex2, Aph1a, Aph1b, Aph1c, Apip, Aplf, Apln, Aplnr, Aplp1, Aplp2, Apoa1, Apoa2, Apoa4, Apoa5, Apob, Apobec1, Apobec2, Apobec3, Apobec4, Apobr, Apoc1, Apoc2, Apoc2l, Apoc3, Apod, Apoe, Apof, Apoh, Apom, Apon, App, Appbp2, Appl2, Aprt, Aptx, Aqp11, Aqp8, Aqr, Ar, Araf, Arap1, Arb2a, Areg, Arel1, Arf1, Arf4, Arfgef1, Arg1, Arg2, Arglu1, Arhgef11, Arhgef2, Arhgef5, Arid1a, Arid1b, Arid2, Arid3a, Arid3b, Arid3c, Arid4a, Arid4b, Arid5a, Arid5b, Arih1, Arih2, Ark2c, Ark2n, Arl2, Arl2bp, Arl6ip4, Armc5, Armc7, Armc8, Armcx3, Arnt, Arnt2, Arpp19, Arr3, Arrb1, Arrb2, Arrdc1, Arrdc3, Arrdc4, Arsa, Arsb, Art2a, Art2b, Arv1, Arvcf, Arx, Arxes1, Arxes2, Asah1, Asah2, Asb1, Asb10, Asb11, Asb12, Asb13, Asb14, Asb15, Asb16, Asb17, Asb18, Asb2, Asb3, Asb4, Asb5, Asb6, Asb7, Asb8, Asb9, Ascc1, Ascc2, Ascc3, Ascl1, Ascl2, Ascl3, Ascl4, Ascl5, Asf1a, Asgr2, Ash1l, Ash2l, Asl, Asmt, Asns, Asnsd1, Aspa, Aspdh, Aspg, Asph, Asprv1, Aspscr1, Asrgl1, Ass1, Aste1, Astl, Asxl1, Asxl2, Asxl3, Atad2, Atad2b, Atad5, Atat1, Atcay, Ate1, Atf1, Atf1-ps, Atf2, Atf3, Atf4, Atf5, Atf6, Atf6b, Atf7, Atf7ip, Atf7ip2, Atg10, Atg101, Atg12, Atg13, Atg14, Atg16l1, Atg16l2, Atg2a, Atg2b, Atg3, Atg4a, Atg4a-ps, Atg4b, Atg4c, Atg4d, Atg5, Atg5lrt, Atg7, Atic, Atm, Atmin, Atn1, Atoh1, Atoh7, Atoh8, Atp13a2, Atp1a1, Atp1a2, Atp1a3, Atp1b1, Atp1b4, Atp23, Atp2b2, Atp2b4, Atp4b, Atp5f1a, Atp5f1b, Atp5f1c, Atp5f1d, Atp5f1e, Atp5if1, Atp5mc1, Atp5mc2, Atp5mc3, Atp5me, Atp5mf, Atp5mg, Atp5pb, Atp5pd, Atp5pf, Atp5po, Atp6-ps, Atp6ap2, Atp6v1a, Atp6v1b1, Atp6v1b2, Atp7a, Atp8b1, Atpsckmt, Atr, Atraid, Atrip, Atrx, Atxn1, Atxn1l, Atxn2l, Atxn3, Atxn7, Atxn7l3, AU041133, Auh, Aunip, Aup1, Aurka, Aurkaip1, Aurkb, Aurkc, Auts2, Avil, Avp, Avpr1a, Avpr1b, AW146154, Awat1, Awat2, Axin1, Axin2, Aym1, Azin1, Azin2, B020011L13Rik, B2m, B3galnt1, B3galnt2, B3galt1, B3galt2, B3galt4, B3galt5, B3galt6, B3galt9, B3gat1, B3gat2, B3gat3, B3glct, B3gnt2, B3gnt3, B3gnt4, B3gnt5, B3gnt6, B3gnt7, B3gnt8, B3gnt9, B3gntl1, B4galnt1, B4galnt2, B4galnt3, B4galnt4, B4galt1, B4galt2, B4galt3, B4galt4, B4galt5, B4galt6, B4galt7, B4gat1, Baat, Babam1, Babam2, Bace1, Bace2, Bach1, Bach2, Bad, Bag1, Bag2, Bag4, Bag5, Bag6, Bahd1, Bak1, Bambi, Banf1, Bank1, Banp, Bap1, Bard1, Barhl1, Barhl2, Barx1, Barx2, Basp1, Batf, Batf2, Batf3, Bax, Baz1a, Baz1b, Baz2a, Bbs1, Bbs4, Bbs7, Bbx, BC005624, BC024063, BC051665, Bc1, Bcap31, Bcar3, Bcas2, Bcas3, Bcat1, Bcat2, Bccip, Bcdin3d, Bckdha, Bckdhb, Bckdk, Bcl10, Bcl11a, Bcl11b, Bcl2, Bcl2l1, Bcl2l12, Bcl2l13, Bcl3, Bcl6, Bcl6b, Bcl7a, Bcl7b, Bcl7c, Bcl9, Bcl9l, Bclaf1, Bclaf3, Bco1, Bco2, Bcor, Bcorl1, Bdh1, Bdh2, Bdkrb1, Bdkrb2, Bdnf, Bdp1, Becn1, Bend2, Bend3, Bend5, Bend6, Bex1, Bex2, Bex3, Bex4, Bex6, Bfar, Bglap, Bglap2, Bhlha15, Bhlha9, Bhlhe22, Bhlhe23, Bhlhe40, Bhlhe41, Bhmt, Bhmt1b, Bhmt2, Bicra, Bicral, Bin1, Birc2, Birc3, Birc5, Birc6, Birc7, Blk, Blm, Blmh, Bloc1s1, Bloc1s2, Bloc1s6, Bltp1, Bmal1, Bmal2, Bmi1, Bmncr, Bmp1, Bmp10, Bmp15, Bmp2, Bmp3, Bmp4, Bmp5, Bmp6, Bmp7, Bmpr1a, Bmpr1b, Bmpr2, Bms1, Bmx, Bmyc, Bnc1, Bnc2, Bnip3, Bnip3l, Bnip3l-ps, Bod1l, Bola3, Boll, Bop1, Bpgm, Bpnt1, Bpnt2, Bptf, Braf, Brap, Brat1, Brca1, Brca2, Brcc3, Brcc3dc, Brd1, Brd2, Brd3, Brd4, Brd7, Brd8, Brd9, Brdt, Brf1, Brf2, Brinp1, Brip1, Brix1, Brme1, Brms1, Brms1l, Brpf1, Brpf3, Brsk1, Brsk2, Brwd1, Brwd3, Bscl2, Bst1, Bsx, Btaf1, Btbd1, Btbd18, Btbd35f1, Btg1, Btg2, Btk, Btrc, Bud13, Bud23, Bud31, Bysl, Bzw1, Bzw2, C1d, C1galt1, C1galt1c1, C1qbp, C1qtnf1, C1qtnf12, C1qtnf2, C1qtnf3, C1qtnf4, C1qtnf9, C1ra, C1rb, C1rl, C1s1, C1s2, C2, C2cd3, C3, C3ar1, C4bp, C5ar1, C9orf72, Cab39, Cacna1h, Cacnb4, Cacng7, Cactin, Cacul1, Cacybp, Cad, Cadm1, Cadm4, Calcoco1, Calcr, Calr, Calr3, Calr4, Camk1, Camk1d, Camk2a, Camk2b, Camk2d, Camk2g, Camk4, Camkk2, Camkmt, Caml, Camp, Camta1, Camta2, Cand1, Cand2, Cant1, Canx, Capn1, Capn10, Capn11, Capn12, Capn13, Capn15, Capn2, Capn3, Capn5, Capn6, Capn7, Capn8, Capn9, Capns1, Caprin1, Caprin2, Car5a, Card10, Card11, Card14, Card9, Carf, Carhsp1, Carlr, Carm1, Carnmt1, Carns1, Cars1, Cars2, Cartpt, Casc3, Casd1, Cask, Casp1, Casp12, Casp14, Casp2, Casp3, Casp4, Casp6, Casp7, Casp8, Casp8ap2, Casp9, Cass4, Cast, Casz1, Cat, Cav1, Cav2, Cav3, Cavin1, Cavin2, Cavin4, Cbfa2t2, Cbfa2t3, Cbfb, Cbl, Cblb, Cblc, Cbll1, Cbr1, Cbr1b, Cbr2, Cbr4, Cbs, Cbx1, Cbx2, Cbx3, Cbx4, Cbx5, Cbx6, Cbx7, Cbx8, Cby1, Cc2d1a, Cc2d1b, Ccar1, Ccar2, Ccbe1, Ccdc115, Ccdc117, Ccdc124, Ccdc22, Ccdc3, Ccdc47, Ccdc62, Ccdc85b, Ccdc88a, Ccin, Cck, Ccl19, Ccl19-ps1, Ccl19-ps3, Ccl19-ps4, Ccl19-ps5, Ccl19-ps6, Ccl21a, Ccl3, Ccl5, Ccn1, Ccn2, Ccna2, Ccnb1, Ccnb1ip1, Ccnc, Ccnd1, Ccnd2, Ccnd3, Ccne1, Ccne2, Ccnf, Ccnh, Ccnk, Ccnl1, Ccnl2, Ccnq, Ccnt1, Ccnt2, Ccny, Ccnyl1, Ccpg1, Ccr6, Ccr7, Cct2, Cct3, Cct4, Cct5, Cct6a, Cct6b, Cct7, Cct8, Cct8l1, Cd109, Cd200, Cd244a, Cd24a, Cd274, Cd28, Cd2ap, Cd2bp2, Cd300a, Cd300ld3, Cd36, Cd38, Cd3e, Cd4, Cd40, Cd40lg, Cd44, Cd46, Cd6, Cd74, Cd80, Cd81, Cd84, Cda, Cdadc1, Cdc123, Cdc14a, Cdc14b, Cdc16, Cdc20, Cdc20b, Cdc23, Cdc25b, Cdc26, Cdc27, Cdc34, Cdc34b, Cdc37, Cdc37l1, Cdc40, Cdc42, Cdc42bpa, Cdc42bpb, Cdc42bpg, Cdc45, Cdc5l, Cdc5lrt1, Cdc5lrt10, Cdc5lrt4, Cdc5lrt5, Cdc5lrt6, Cdc5lrt7, Cdc5lrt8, Cdc5lrt9, Cdc6, Cdc7, Cdc73, Cdca3, Cdca5, Cdca7, Cdca7l, Cdh1, Cdh13, Cdh5, Cdipt, Cdk1, Cdk10, Cdk11b, Cdk12, Cdk13, Cdk2, Cdk20, Cdk2ap1, Cdk2ap1rt, Cdk4, Cdk5, Cdk5r1, Cdk5r2, Cdk5rap1, Cdk5rap2, Cdk5rap3, Cdk6, Cdk7, Cdk8, Cdk9, Cdkal1, Cdkl5, Cdkn1a, Cdkn1b, Cdkn1c, Cdkn2a, Cdkn2b, Cdkn2c, Cdkn2d, Cdkn3, Cdo1, Cdon, Cds1, Cds2, Cdsn, Cdt1, Cdx1, Cdx2, Cdx4, Cdyl, Ceacam1, Ceacam2, Cebpa, Cebpb, Cebpd, Cebpe, Cebpg, Cebpz, Cel, Cela1, Cela2a, Cela3a, Cela3b, Celf1, Celf2, Celf3, Celf4, Celf5, Celf6, Celsr2, Celsr3, Cemip, Cenatac, Cenpe, Cenpf, Cenpk, Cenps, Cenpx, Cep164, Cep290, Cep295, Cep41, Cep43, Cep63, Cep78, Cep85, Cept1, Cerk, Cerkl, Cers1, Cers2, Cers3, Cers4, Cers5, Cers6, Cert1, Ces1a, Ces1b, Ces1c, Ces1d, Ces1e, Ces1f, Ces1g, Ces1h, Ces2a, Ces2b, Ces2c, Ces2e, Ces2f, Ces2g, Ces2h, Cetn2, Cfap20, Cfb, Cfd, Cfh, Cfhr4, Cfi, Cfl1, Cflar, Cftr, Cga, Cgas, Cggbp1, Ch25h, Chac1, Chaf1a, Chaf1b, Chaserr, Chchd1, Chchd2, Chchd2-ps, Chchd4, Chd1l, Chd3, Chd4, Chd5, Chd6, Chd7, Chd8, Chek1, Chek2, Cherp, Chfr, Chga, Chi3l1, Chia1, Chid1, Chil3, Chil4, Chit1, Chka, Chkb, Chlsn, Chm, Chml, Chmp1a, Chmp1b, Chmp1b2, Chmp2a, Chmp2b, Chmp3, Chmp4b, Chmp4c, Chmp5, Chmp6, Chmp7, Chordc1, Chp1, Chp2, Chpf, Chpf2, Chpt1, Chrac1, Chrm5, Chrna3, Chrna4, Chrna7, Chrnb2, Chst1, Chst10, Chst11, Chst12, Chst13, Chst14, Chst15, Chst2, Chst3, Chst4, Chst5, Chst7, Chst8, Chst9, Chsy1, Chsy3, Chtf18, Chtf8, Chuk, Churc1, Ciao1, Ciart, Cib1, Cic, Cidea, Cideb, Cidec, Ciita, Cilk1, Cinp, Cipc, Cir1, Cirbp, Cirop, Cish, Cited1, Cited2, Cited4, Ciz1, Ckap2, Ckap5, Cks1b, Cks2, Clasrp, Clca1, Clca2, Clca3a1, Clca4a, Clcf1, Clcn2, Cldn13, Cldn19, Cldn3, Cldn4, Clec16a, Clec3b, Clec4n, Clec7a, Clgn, Clip3, Clk1, Clk2, Clk3, Clk4, Cln3, Cln5, Cln6, Cln8, Clns1a, Clock, Clp1, Clpp, Clps, Clpsl2, Clpx, Clspn, Clstn3, Cltc, Clu, Cma1, Cma2, Cmah, Cmas, Cmklr1, Cmpk1, Cmpk2, Cmtm2a, Cmtr1, Cmtr2, Cnbp, Cndp1, Cndp2, Cnep1r1, Cnksr3, Cnot1, Cnot10, Cnot11, Cnot2, Cnot3, Cnot4, Cnot6, Cnot6l, Cnot7, Cnot8, Cnot9, Cnp, Cnr1, Cntd1, Cntf, Cntn1, Cntn2, Cntnap5a, Coa3, Coasy, Cog3, Cog7, Coil, Col11a1, Col1a1, Col2a1, Col3a1, Col4a2, Col6a1, Colec10, Colec11, Commd1, Commd6, Commd7, Comp, Comt, Cop1, Cops2, Cops3, Cops4, Cops5, Cops6, Cops7a, Cops7b, Cops8, Cops9, Coq2, Coq3, Coq7, Corin, Coro1c, Cox10, Cox11, Cpa1, Cpa2, Cpa3, Cpa4, Cpa5, Cpa6, Cpap, Cpb1, Cpb2, Cpd, Cpe, Cpeb1, Cpeb2, Cpeb3, Cpeb4, Cphx1, Cplane2, Cpm, Cpn1, Cpne1, Cpped1, Cpq, Cps1, Cpsf1, Cpsf2, Cpsf3, Cpsf4, Cpsf6, Cpsf7, Cpt1a, Cpt1b, Cpt1c, Cpt2, Cpvl, Cpz, Crabp2, Crat, Crb2, Crbn, Crcp, Creb1, Creb3, Creb3l1, Creb3l2, Creb3l3, Creb3l4, Creb5, Crebbp, Crebl2, Crebrf, Crebzf, Creg1, Crem, Crh, Crhr2, Cript, Cripto, Crk, Crkl, Crlf1, Crlf3, Crls1, Crnkl1, Crnn, Crot, Crppa, Crtap, Crtc1, Crtc2, Crtc3, Crx, Crxos, Cry1, Cry2, Cryaa, Cryab, Cryl1, Crym, Cs, Csad, Csdc2, Csde1, Csf1, Csf1r, Csf2, Csf3, Csgalnact1, Csgalnact2, Csk, Csl, Csnk1a1, Csnk1d, Csnk1e, Csnk2a1, Csnk2a2, Csnk2b, Cspg4, Csrnp1, Csrnp2, Csrnp3, Csrp3, Cst3, Cst7, Csta1, Csta2, Csta3, Cstb, Cstdc3, Cstdc4, Cstdc5, Cstdc6, Cstf1, Cstf2, Cstf2t, Cstf3, Cstl1, Ctag2, Ctag2l1, Ctag2l2, Ctbp1, Ctbp2, Ctbs, Ctc1, Ctcf, Ctcfl, Ctdnep1, Ctdp1, Ctdsp1, Ctdsp2, Ctdspl, Ctdspl2, Ctf1, Cth, Cthrc1, Ctif, Ctla2a, Ctnnb1, Ctnnbip1, Ctnnbl1, Ctnnd1, Ctns, Ctps1, Ctps2, Ctr9, Ctrb1, Ctrc, Ctrl, Cts3, Cts6, Cts7, Cts8, Ctsa, Ctsb, Ctsc, Ctsd, Ctse, Ctsf, Ctsg, Ctsh, Ctsj, Ctsk, Ctsl, Ctsll3, Ctsm, Ctso, Ctsq, Ctsr, Ctss, Ctsw, Ctsz, Cttnbp2nl, Ctu1, Ctu2, Cubn, Cul1, Cul2, Cul3, Cul4a, Cul4b, Cul5, Cul7, Cul9, Cux1, Cux2, Cuzd1, Cwc15, Cwc22, Cwc22rt1, Cwc22rt2, Cwc22rt3, Cwc22rt4, Cwc22rt5, Cwc22rt6, Cwc22rt7, Cwc25, Cwc27, Cwf19l1, Cwf19l2, Cwh43, Cx3cl1, Cx3cr1, Cxcr3, Cxcr4, Cxxc1, Cxxc5, Cyb5a, Cyb5r1, Cyb5r2, Cyb5r3, Cyb5r4, Cyfip1, Cyfip2, Cygb, Cyld, Cym, Cyp11a1, Cyp11b1, Cyp11b2, Cyp17a1, Cyp19a1, Cyp1a1, Cyp1a2, Cyp1b1, Cyp21a1, Cyp24a1, Cyp26a1, Cyp26b1, Cyp26c1, Cyp27a1, Cyp27b1, Cyp2a12, Cyp2a22, Cyp2a4, Cyp2a5, Cyp2b10, Cyp2b13, Cyp2b19, Cyp2b23, Cyp2b9, Cyp2c23, Cyp2c29, Cyp2c37, Cyp2c38, Cyp2c39, Cyp2c40, Cyp2c50, Cyp2c54, Cyp2c55, Cyp2d10, Cyp2d11, Cyp2d12, Cyp2d22, Cyp2d26, Cyp2d34, Cyp2d9, Cyp2e1, Cyp2f2, Cyp2g1, Cyp2j11, Cyp2j12, Cyp2j13, Cyp2j5, Cyp2j6, Cyp2j7, Cyp2j8, Cyp2j9, Cyp2r1, Cyp2s1, Cyp2t4, Cyp2u1, Cyp2w1, Cyp39a1, Cyp3a11, Cyp3a13, Cyp3a16, Cyp3a25, Cyp3a41a, Cyp3a41b, Cyp3a44, Cyp3a57, Cyp3a59, Cyp46a1, Cyp4a10, Cyp4a12a, Cyp4a12b, Cyp4a14, Cyp4a29, Cyp4a30b, Cyp4a31, Cyp4a32, Cyp4f13, Cyp4f14, Cyp4f15, Cyp4f18, Cyp4f39, Cyp4f40, Cyp4v3, Cyp4x1, Cyp51, Cyp7a1, Cyp7b1, Cyp8b1, Cyren, Cys1, Cytl1, D1Pas1, D2hgdh, D7Ertd443e, Dab1, Dab2, Dab2ip, Dach1, Dach2, Dact1, Dad1, Dag1, Dagla, Daglb, Dalrd3, Dao, Dap, Dap3, Dapk1, Dapk2, Dapk3, Dapl1, Dars1, Dars2, Daw1, Daxx, Dazap1, Dazl, Dbf4, Dbi, Dbil5, Dbndd2, Dbp, Dbr1, Dbt, Dbx1, Dbx2, Dcaf1, Dcaf10, Dcaf11, Dcaf12, Dcaf13, Dcaf15, Dcaf17, Dcaf5, Dcaf6, Dcaf7, Dcaf8, Dcakd, Dck, Dclk1, Dclk2, Dclk3, Dclre1a, Dclre1b, Dclre1c, Dcn, Dcp1a, Dcp1b, Dcp2, Dcps, Dcst1, Dct, Dctd, Dctn6, Dctpp1, Dcun1d1, Dcun1d2, Dcun1d3, Dcun1d4, Dcun1d5, Dcxr, Dda1, Ddah1, Ddb1, Ddb2, Ddc, Ddhd1, Ddhd2, Ddi1, Ddi2, Ddit3, Ddit4, Ddn, Ddo, Ddost, Ddr1, Ddr2, Ddrgk1, Ddx1, Ddx10, Ddx11, Ddx17, Ddx18, Ddx20, Ddx21, Ddx23, Ddx25, Ddx27, Ddx39a, Ddx39b, Ddx3x, Ddx4, Ddx41, Ddx42, Ddx46, Ddx47, Ddx49, Ddx5, Ddx51, Ddx52, Ddx54, Ddx56, Ddx6, Deaf1, Decr1, Decr2, Dedd, Degs1, Degs1l, Degs2, Dek, Dennd3, Denr, Depdc1a, Deptor, Dera, Derl1, Derl2, Derl3, Desi1, Desi2, Det1, Dffa, Dffb, Dgat1, Dgat2, Dgat2l6, Dgcr8, Dgka, Dgkb, Dgkd, Dgke, Dgkg, Dgkh, Dgki, Dgkk, Dgkq, Dgkz, Dglucy, Dguok, Dhcr24, Dhcr7, Dhdds, Dhdh, Dhh, Dhodh, Dhps, Dhrs11, Dhrs3, Dhrs4, Dhrs7, Dhrs7b, Dhrs9, Dhrsx, Dhtkd1, Dhx15, Dhx16, Dhx29, Dhx33, Dhx34, Dhx36, Dhx37, Dhx38, Dhx40, Dhx8, Dhx9, Dicer1, Dido1, Dimt1, Dio1, Dio2, Dip2a, Dip2b, Dis3, Dis3l, Dis3l2, Disc1, Disp1, Disp3, Dkc1, Dkk1, Dkk3, Dkkl1, Dlat, Dld, Dlg1, Dlgap1, Dll1, Dll4, Dlst, Dlx1, Dlx2, Dlx3, Dlx4, Dlx5, Dlx6, Dlx6os1, Dmac2, Dmac2l, Dmap1, Dmbx1, Dmc1, Dmd, Dmpk, Dmrt1, Dmrt2, Dmrt3, Dmrta1, Dmrta2, Dmrtb1, Dmrtc2, Dmtf1, Dmtf1l, Dmtn, Dna2, Dnaaf4, Dnah12, Dnaja1, Dnaja2, Dnaja3, Dnaja4, Dnajb1, Dnajb11, Dnajb12, Dnajb13, Dnajb14, Dnajb2, Dnajb3, Dnajb4, Dnajb5, Dnajb6, Dnajb7, Dnajb8, Dnajb9, Dnajc1, Dnajc10, Dnajc15, Dnajc17, Dnajc18, Dnajc19, Dnajc2, Dnajc24, Dnajc25, Dnajc3, Dnajc30, Dnajc5, Dnajc7, Dnase1, Dnase1l1, Dnase1l2, Dnase1l3, Dnase2a, Dnase2b, Dnd1, Dner, Dnlz, Dnm1l, Dnmt1, Dnmt3a, Dnmt3b, Dnmt3l, Dnpep, Dnph1, Dntt, Dnttip2, Dock7, Dohh, Dok7, Dolk, Dolpp1, Donson, Dot1l, Dpagt1, Dpep1, Dpep2, Dpep3, Dpf1, Dpf2, Dpf3, Dph1, Dph2, Dph3, Dph5, Dph6, Dph7, Dpm1, Dpm2, Dpm3, Dpp10, Dpp3, Dpp4, Dpp6, Dpp7, Dpp8, Dpp9, Dpy19l1, Dpy19l3, Dpy30, Dpyd, Dpys, Dr1, Drap1, Drd1, Drd2, Drd3, Drd4, Drg1, Drg2, Drgx, Drosha, Dscc1, Dse, Dsel, Dsp, Dtd1, Dtd2, Dtl, Dtnbp1, Dtwd1, Dtwd2, Dtx1, Dtx2, Dtx3, Dtx3l, Dtx4, Dtymk, Dubr, Duoxa2, Dus1l, Dus2, Dus3l, Dus4l, Dusp1, Dusp10, Dusp11, Dusp12, Dusp13a, Dusp13b, Dusp14, Dusp15, Dusp18, Dusp19, Dusp2, Dusp21, Dusp22, Dusp23, Dusp26, Dusp28, Dusp29, Dusp3, Dusp4, Dusp5, Dusp6, Dusp7, Dusp8, Dut, Duxbl1, Duxf3, Duxf4, Dvl1, Dvl2, Dvl3, Dxo, Dynap, Dynapl1, Dync2h1, Dynll1, Dyrk1a, Dyrk1b, Dyrk2, Dyrk3, Dysf, Dzip3, E130311K13Rik, E230001N04Rik, E2f1, E2f2, E2f3, E2f4, E2f5, E2f6, E2f7, E2f8, E330034G19Rik, E4f1, Eaf1, Eaf2, Eapp, Ear7, Ears2, Ebf1, Ebf2, Ebf3, Ebf4, Ebna1bp2, Ebp, Ebpl, Ecd, Ece1, Ece2, Ecel1, Ech1, Echdc1, Echdc2, Echdc3, Echs1, Eci1, Eci2, Eci3, Ecm1, Ecpas, Ecrg4, Ecscr, Ecsit, Ect2, Edc3, Edc4, Edem1, Edem2, Edem3, Edf1, Edn1, Edn2, Edn3, Ednra, Ednrb, Edrf1, Eed, Eef1a1, Eef1a2, Eef1akmt1, Eef1akmt2, Eef1akmt3, Eef1b2, Eef1d, Eef1e1, Eef1ece2, Eef1g, Eef2, Eef2k, Eef2kmt, Eefsec, Eepd1, Efcab7, Efemp1, Efl1, Efna1, Efna3, Efna5, Efr3b, Eftud2, Egf, Egfbp2, Egfr, Egln1, Egln2, Egln3, Egr1, Egr2, Egr3, Egr4, Ehd4, Ehf, Ehhadh, Ehmt1, Ehmt2, Eid1, Eid2, Eid2b, Eid3, Eif1, Eif1a, Eif1ad, Eif1ad11, Eif1ad12, Eif1ad13, Eif1ad14, Eif1ad15, Eif1ad16, Eif1ad17, Eif1ad18, Eif1ad19, Eif1ad2, Eif1ad3, Eif1ad4, Eif1ad7, Eif1ad8, Eif1ax, Eif1b, Eif2a, Eif2ak1, Eif2ak2, Eif2ak3, Eif2ak4, Eif2b1, Eif2b2, Eif2b3, Eif2b4, Eif2b5, Eif2d, Eif2s1, Eif2s2, Eif2s3x, Eif2s3y, Eif3a, Eif3b, Eif3c, Eif3d, Eif3e, Eif3f, Eif3g, Eif3h, Eif3i, Eif3j1, Eif3j2, Eif3k, Eif3l, Eif3m, Eif4a1, Eif4a2, Eif4a3, Eif4a3l1, Eif4a3l2, Eif4b, Eif4e, Eif4e1b, Eif4e2, Eif4e3, Eif4ebp1, Eif4ebp2, Eif4ebp3, Eif4enif1, Eif4g1, Eif4g2, Eif4g3, Eif4h, Eif5, Eif5a, Eif5a2, Eif5b, Eif6, Eipr1, Elac1, Elac2, Elane, Elavl1, Elavl4, Elf1, Elf2, Elf3, Elf4, Elf5, Elk1, Elk3, Elk4, Ell, Ell2, Ell3, Eloa, Elob, Eloc, Elof1, Elovl1, Elovl2, Elovl3, Elovl4, Elovl5, Elovl6, Elovl7, Elp1, Elp2, Elp3, Elp4, Elp5, Elp6, Eme1, Eme2, Emg1, Emp2, Emsy, Emx1, Emx2, En1, En2, Enc1, Endog, Endou, Endov, Eng, Engase, Eno1, Eno1b, Eno2, Eno3, Eno4, Enoph1, Enpep, Enpp1, Enpp2, Enpp3, Enpp4, Enpp5, Enpp6, Enpp7, Entpd1, Entpd2, Entpd3, Entpd4, Entpd4b, Entpd5, Entpd7, Entpd8, Eny2, Eogt, Eomes, Ep300, Ep400, Epas1, Epb42, Epc1, Epc2, Epcam, Epg5, Epha1, Epha2, Epha3, Epha4, Epha5, Epha7, Epha8, Ephb1, Ephb2, Ephb3, Ephb4, Ephx1, Ephx2, Ephx3, Epm2a, Epm2aip1, Epo, Epop, Eppin, Eprs1, Epsti1, Erap1, Erbb2, Erbb4, Erbin, Erc1, Ercc1, Ercc2, Ercc3, Ercc4, Ercc5, Ercc6, Ercc6l, Ercc6l2, Ercc8, Ereg, Erf, Erfe, Erfl, Erg, Erg28, Eri1, Erlec1, Erlin1, Erlin2, Ermp1, Ern1, Ern2, Ero1a, Ero1b, Erp27, Erp29, Erp44, Errfi1, Esco1, Esco2, Esf1, Espl1, Esr1, Esr2, Esrp1, Esrp2, Esrra, Esrrb, Esrrg, Ess2, Esx1, Etaa1, Etf1, Etfa, Etfb, Etfbkmt, Etfdh, Etnk1, Etnk2, Etnppl, Ets1, Ets2, Etv1, Etv2, Etv3, Etv3l, Etv4, Etv5, Etv6, Evpl, Evx1, Evx2, Ewsr1, Exd1, Exd2, Exo1, Exo5, Exog, Exosc1, Exosc10, Exosc2, Exosc3, Exosc4, Exosc5, Exosc6, Exosc7, Exosc8, Exosc9, Ext1, Ext2, Extl1, Extl2, Extl3, Eya1, Eya2, Eya3, Eya4, Ezh1, Ezh2, Ezr, F10, F11, F12, F13a1, F13b, F2, F2r, F2rl1, F3, F7, F8, F8a, F9, Fa2h, Faah, Faap100, Faap20, Faap24, Fabp1, Fabp2, Fabp3, Fabp4, Fabp5, Fabp6, Fadd, Fads1, Fads2, Fads2b, Fads3, Fads6, Faf1, Faf2, Fah, Fam107a, Fam111a, Fam135a, Fam135b, Fam161a, Fam168a, Fam170a, Fam20a, Fam20b, Fam20c, Fam220a, Fam3a, Fam3c, Fam47c, Fam47e, Fam50a, Fam76b, Fam83d, Fam98a, Fam98b, Fan1, Fanca, Fancb, Fancc, Fancd2, Fancf, Fancg, Fanci, Fancl, Fancm, Fank1, Fap, Far1, Far2, Fars2, Farsa, Farsb, Fas, Fasl, Fasn, Fastk, Fastkd1, Fastkd2, Fastkd3, Fastkd5, Fau, Faxdc2, Fbh1, Fbl, Fbll1, Fbln1, Fbln5, Fbn1, Fbp1, Fbp2, Fbxl12, Fbxl13, Fbxl14, Fbxl15, Fbxl16, Fbxl17, Fbxl18, Fbxl19, Fbxl2, Fbxl20, Fbxl21, Fbxl22, Fbxl3, Fbxl4, Fbxl5, Fbxl6, Fbxl7, Fbxl9, Fbxo10, Fbxo11, Fbxo17, Fbxo2, Fbxo22, Fbxo24, Fbxo25, Fbxo27, Fbxo28, Fbxo3, Fbxo30, Fbxo31, Fbxo32, Fbxo33, Fbxo38, Fbxo39, Fbxo4, Fbxo43, Fbxo44, Fbxo45, Fbxo48, Fbxo5, Fbxo6, Fbxo7, Fbxo8, Fbxo9, Fbxw11, Fbxw15, Fbxw4, Fbxw5, Fbxw7, Fbxw8, Fcer1a, Fcf1, Fcgr2b, Fcnb, Fcor, Fcsk, Fdcsp, Fdft1, Fdps, Fdx1, Fdxacb1, Fdxr, Fech, Fem1a, Fem1al, Fem1b, Fem1c, Fen1, Fer, Ferd3l, Fes, Fetub, Fev, Fezf1, Fezf2, Fga, Fgb, Fgd2, Fgd4, Fgf1, Fgf10, Fgf15, Fgf18, Fgf2, Fgf21, Fgf23, Fgf4, Fgf7, Fgf8, Fgf9, Fgfr1, Fgfr2, Fgfr3, Fgfr4, Fgg, Fggy, Fgl1, Fgr, Fh1, Fhit, Fhl2, Fhl5, Fhod1, Ficd, Fig4, Figla, Fignl1, Filip1l, Fip1l1, Firrm, Fis1, Fitm1, Fitm2, Fiz1, Fkbp10, Fkbp11, Fkbp14, Fkbp1a, Fkbp1b, Fkbp2, Fkbp3, Fkbp4, Fkbp5, Fkbp6, Fkbp7, Fkbp8, Fkbp9, Fkrp, Fktn, Flad1, Flcn, Fli1, Flna, Flot1, Flot2, Flt1, Flt3, Flt3l, Flt4, Flvcr1, Flywch1, Fmc1, Fmn2, Fmo1, Fmo2, Fmo4, Fmo5, Fmr1, Fn1, Fn3k, Fn3krp, Fndc1, Fnip1, Fnip2, Fnta, Fntb, Folh1, Fos, Fosb, Fosl1, Fosl2, Foxa1, Foxa2, Foxa3, Foxb1, Foxb2, Foxc1, Foxc2, Foxd1, Foxd2, Foxd3, Foxd4, Foxe1, Foxe3, Foxf1, Foxf2, Foxg1, Foxh1, Foxi1, Foxi2, Foxi3, Foxj1, Foxj2, Foxj3, Foxk1, Foxk2, Foxl1, Foxl2, Foxl3, Foxm1, Foxn1, Foxn2, Foxn3, Foxn4, Foxo1, Foxo3, Foxo4, Foxo6, Foxp1, Foxp2, Foxp3, Foxp4, Foxq1, Foxr1, Foxr2, Foxred2, Foxs1, Fpgs, Fpgt, Fra10ac1, Frey1, Frg1, Frk, Fry, Fscb, Fshb, Fshr, Fst, Fstl3, Ftcd, Fto, Ftsj1, Ftsj3, Ftx, Fubp1, Fubp3, Fuca1, Fuca2, Fuom, Furin, Fus, Fut1, Fut10, Fut11, Fut2, Fut4, Fut7, Fut8, Fut9, Fuz, Fxn, Fxr1, Fxr2, Fxyd1, Fyn, Fzd1, Fzd2, Fzd4, Fzd5, Fzd6, Fzd7, Fzd8, Fzr1, G2e3, G6pc1, G6pc2, G6pc3, G6pd2, G6pdx, Gaa, Gab1, Gabarap, Gabarapl1, Gabarapl2, Gabpa, Gabpb1, Gabpb2, Gad1, Gad2, Gadd45a, Gadd45b, Gadd45g, Gadd45gip1, Gal, Gal3st1, Gal3st2, Gal3st2c, Gal3st3, Gal3st4, Galc, Gale, Galk1, Galk2, Galm, Galns, Galnt1, Galnt10, Galnt11, Galnt12, Galnt13, Galnt14, Galnt15, Galnt16, Galnt17, Galnt18, Galnt2, Galnt3, Galnt4, Galnt5, Galnt6, Galnt7, Galnt9, Galntl6, Galr1, Galr2, Galr3, Galt, Gamt, Gan, Ganab, Ganc, Gapdh, Gapdh-ps15, Gapdhrt, Gapdhrt2, Gapdhs, Gar1, Garem1, Gars1, Gart, Gas1, Gas5, Gas6, Gata1, Gata2, Gata3, Gata4, Gata5, Gata6, Gatad1, Gatad2a, Gatad2b, Gatb, Gatc, Gba1, Gba2, Gbe1, Gbgt1, Gbp4, Gbx1, Gbx2, Gc, Gcat, Gcdh, Gcfc2, Gcg, Gcgr, Gch1, Gck, Gckr, Gclc, Gclm, Gcm1, Gcm2, Gcn1, Gcnt1, Gcnt2, Gcnt3, Gcnt4, Gcnt7, Gcsh, Gda, Gde1, Gdf15, Gdf2, Gdf6, Gdf7, Gdnf, Gdpd1, Gdpd2, Gdpd3, Gdpd4, Gdpd5, Gdpgp1, Gemin2, Gemin4, Gemin5, Gemin6, Gemin6-ps, Gemin7, Gemin8, Gen1, Get4, Gfap, Gfer, Gfi1, Gfi1b, Gfm1, Gfm2, Gfpt1, Gfpt2, Gfra1, Gfra2, Gfus, Gga1, Gga3, Ggcx, Ggn, Ggnbp2, Ggps1, Ggt1, Ggt5, Ggta1, Gh, Ghrh, Ghrhr, Ghsr, Gid4, Gid8, Gigyf2, Gimap3, Gimap5, Gimap6, Gimap7, Gin1, Gins1, Gins2, Gins3, Gins4, Gip, Gipc1, Git1, Gja1, Gja8, Gjc2, Gk, Gk2, Gk5, Gla, Glb1, Glb1l, Glb1l2, Glb1l3, Glce, Gldc, Glg1, Gli1, Gli2, Gli3, Glis1, Glis2, Glis3, Glmn, Glmp, Glo1, Glp1r, Glrp1, Gls, Gls2, Glt6d1, Glud1, Glul, Glyat, Glyatl3, Glyctk, Glyr1, Gm10033, Gm10768, Gm1110, Gm11690, Gm12258, Gm12610, Gm13040, Gm14295, Gm14322, Gm14325, Gm14391, Gm14399, Gm14401, Gm14403, Gm14412, Gm14418, Gm14434, Gm14443, Gm14444, Gm15222, Gm15441, Gm15446, Gm17067, Gm17655, Gm19965, Gm2044, Gm20737, Gm20738, Gm20747, Gm20773, Gm20795, Gm20806, Gm20807, Gm20808, Gm20812, Gm20815, Gm20816, Gm20818, Gm20821, Gm20822, Gm20825, Gm20826, Gm20830, Gm20834, Gm20852, Gm20854, Gm20865, Gm20873, Gm20914, Gm20917, Gm20918, Gm21118, Gm21292, Gm21310, Gm21394, Gm21719, Gm21778, Gm21812, Gm21854, Gm2381, Gm2663, Gm28171, Gm2a, Gm32687, Gm35315, Gm3604, Gm36723, Gm4275, Gm44504, Gm45871, Gm4767, Gm4787, Gm4924, Gm5141, Gm6133, Gm614, Gm6871, Gm6993, Gm7072, Gm7324, Gm8978, Gmcl1, Gmds, Gmeb1, Gmeb2, Gmnc, Gmnn, Gmppa, Gmppb, Gmpr, Gmpr2, Gmps, Gna12, Gnai1, Gnai3, Gnaq, Gnas, Gnb3, Gne, Gnl3, Gnl3l, Gnmt, Gnpat, Gnpda1, Gnpda2, Gnpnat1, Gnptab, Gnptg, Gns, Golga2, Golga7, Golm1, Golph3, Gon4l, Gon7, Gorasp1, Got1, Got1l1, Got2, Gp1ba, Gp1bb, Gp5, Gp6, Gp9, Gpaa1, Gpam, Gpat2, Gpat3, Gpat4, Gpatch1, Gpatch3, Gpbp1, Gpbp1l1, Gpc1, Gpc3, Gpcpd1, Gpd1, Gpd1l, Gpd2, Gper1, Gphn, Gpi1, Gpihbp1, Gpkow, Gpld1, Gpnmb, Gpr146, Gpr37, Gpr39, Gprc5a, Gprc5b, Gprc6a, Gps1, Gps2, Gpt, Gpt2, Gpx1, Gpx4, Grb10, Grb7, Grem1, Grhl1, Grhl2, Grhl3, Grin1, Grin2a, Grin2c, Grk1, Grk2, Grk3, Grk5, Grm5, Grn, Grpel1, Grpel2, Grsf1, Grwd1, Gsap, Gsc, Gsc2, Gsdmd, Gsk3a, Gsk3b, Gskip, Gsn, Gspt1, Gspt2, Gsta1, Gsta3, Gstm1, Gstm2, Gstm3, Gstm4, Gstm6, Gstm7, Gsto1, Gsto2, Gstp-ps, Gstp1, Gstp2, Gstp3, Gstt1, Gstz1, Gsx1, Gsx2, Gtdc1, Gtf2a1, Gtf2a1l, Gtf2a2, Gtf2b, Gtf2e1, Gtf2e2, Gtf2f1, Gtf2f2, Gtf2h1, Gtf2h2, Gtf2h3, Gtf2h4, Gtf2h5, Gtf2i, Gtf2ird1, Gtf3c1, Gtf3c2, Gtf3c3, Gtf3c4, Gtf3c5, Gtf3c6, Gtpbp1, Gtpbp2, Gtpbp3, Gtpbp4, Gtsf1, Guca1a, Guca1b, Gucy1a1, Gucy1b1, Gucy2c, Gucy2d, Gucy2e, Gucy2f, Gucy2g, Guf1, Guk1, Gulo, Gusb, Gxylt1, Gxylt2, Gyg1, Gykl1, Gys1, Gys2, Gzf1, Gzma, Gzmb, Gzmc, Gzmd, Gzme, Gzmf, Gzmg, Gzmk, Gzmm, Gzmn, H13, H1f0, H1f1, H1f10, H1f2, H1f3, H1f4, H1f5, H1f6, H1f8, H1f9, H2-DMa, H2-DMb1, H2-DMb2, H2ac25, H2ax, H2az1, H2bc1, H3c14, H6pd, Haao, Habp2, Habp4, Hacd1, Hacd2, Hacd3, Hacd4, Hace1, Hacl1, Hadh, Hadha, Hadhb, Hal, Halr1, Hamp, Hamp2, Hand1, Hand2, Hand2os1, Hao1, Hao2, Hap1, Hars1, Hars2, Has1, Has2, Has3, Haspin, Havcr2, Hax1, Hba-x, Hbb-b1, Hbb-bh1, Hbb-y, Hbegf, Hbp1, Hbs1l, Hcar1, Hcar2, Hccs, Hcfc1, Hcfc2, Hck, Hcls1, Hcrt, Hcst, Hdac1, Hdac10, Hdac2, Hdac3, Hdac4, Hdac5, Hdac6, Hdac7, Hdac8, Hdac9, Hdc, Hdgf, Hdgfl2, Hdhd5, Hdlbp, Hdx, Heatr1, Hectd1, Hectd2, Hectd3, Hectd4, Hecw1, Hecw2, Heg1, Helb, Helq, Helt, Helz2, Hemk1, Henmt1, Herc2, Herc3, Herc4, Herc6, Herpud1, Hes1, Hes2, Hes3, Hes5, Hes6, Hes7, Hesx1, Hexa, Hexb, Hexd, Hexim1, Hexim2, Hey1, Hey2, Heyl, Hfe, Hfm1, Hgd, Hgf, Hgfac, Hgs, Hgsnat, Hhat, Hhatl, Hhex, Hibadh, Hibch, Hic1, Hic2, Hif1a, Hif1an, Hif3a, Higd1a, Hinfp, Hint1, Hint2, Hipk1, Hipk2, Hipk3, Hipk4, Hira, Hivep1, Hivep2, Hivep3, Hjv, Hk1, Hk2, Hk3, Hkdc1, Hlcs, Hlf, Hltf, Hlx, Hmbox1, Hmces, Hmg20a, Hmg20b, Hmga1, Hmga1b, Hmga2, Hmgb1, Hmgb2, Hmgb4, Hmgcl, Hmgcll1, Hmgcr, Hmgcs1, Hmgcs2, Hmgn1, Hmgn2, Hmgn3, Hmgn5, Hmox1, Hmx1, Hmx2, Hmx3, Hnf1a, Hnf1b, Hnf4a, Hnf4g, Hnrnpa0, Hnrnpa1, Hnrnpa2b1, Hnrnpa3, Hnrnpab, Hnrnpc, Hnrnpd, Hnrnpdl, Hnrnpf, Hnrnph1, Hnrnph2, Hnrnph3, Hnrnpk, Hnrnpl, Hnrnpll, Hnrnpm, Hnrnpr, Hnrnpu, Hnrnpul1, Hnrnpul2, Hoga1, Homez, Hopx, Hormad1, Hoxa1, Hoxa10, Hoxa11, Hoxa11os, Hoxa13, Hoxa2, Hoxa3, Hoxa4, Hoxa5, Hoxa6, Hoxa7, Hoxa9, Hoxb1, Hoxb13, Hoxb2, Hoxb3, Hoxb3os, Hoxb4, Hoxb5, Hoxb6, Hoxb7, Hoxb8, Hoxb9, Hoxc10, Hoxc11, Hoxc12, Hoxc13, Hoxc4, Hoxc5, Hoxc6, Hoxc8, Hoxc9, Hoxd1, Hoxd10, Hoxd11, Hoxd12, Hoxd13, Hoxd3, Hoxd4, Hoxd8, Hoxd9, Hp, Hp1bp3, Hpd, Hpdl, Hpf1, Hpgd, Hpgds, Hpn, Hprt1, Hps1, Hps6, Hpse, Hpx, Hr, Hras, Hrc, Hrg, Hrh1, Hrh3, Hrob, Hs2st1, Hs3st1, Hs3st2, Hs3st3a1, Hs3st3b1, Hs3st4, Hs3st5, Hs3st6, Hs6st1, Hs6st2, Hs6st3, Hsbp1, Hsbp1l1, Hsd11b1, Hsd11b2, Hsd17b1, Hsd17b10, Hsd17b11, Hsd17b12, Hsd17b13, Hsd17b14, Hsd17b2, Hsd17b3, Hsd17b4, Hsd17b6, Hsd17b7, Hsd17b8, Hsd3b1, Hsd3b2, Hsd3b3, Hsd3b4, Hsd3b5, Hsd3b6, Hsd3b7, Hsd3b8, Hsd3b9, Hsf1, Hsf2, Hsf2bp, Hsf3, Hsf4, Hsf5, Hsp90aa1, Hsp90ab1, Hsp90b1, Hspa13, Hspa14, Hspa1a, Hspa1b, Hspa1l, Hspa2, Hspa4, Hspa4l, Hspa5, Hspa8, Hspa9, Hspb1, Hspb2, Hspb6, Hspbp1, Hspd1, Hspe1, Hspe1-rs1, Hspg2, Hsph1, Htatip2, Htatsf1, Htd2, Htr1a, Htr2a, Htr2b, Htr2c, Htra1, Htra2, Htra3, Htra4, Htt, Hunk, Hus1, Hus1b, Huwe1, Hyal1, Hyal2, Hyal3, Hyal4, Hyal5, Hycc1, Hycc2, Hyou1, Iah1, Iapp, Iars1, Iars2, Ibtk, Icam1, Ice1, Ice2, Icmt, Icosl, Id1, Id2, Id3, Id4, Ide, Idh1, Idh2, Idh3a, Idh3b, Idh3g, Idi1, Idi1-ps1, Idi2, Idi2l, Ido1, Ido2, Ids, Idua, Ier2, Ier3, Ier5, Iffo1, Ifi203, Ifi203-ps, Ifi204, Ifi206, Ifi207, Ifi208, Ifi209, Ifi213, Ifi214, Ifi27, Ifih1, Ifna, Ifnar1, Ifnar2, Ifnb1, Ifng, Ifngr1, Ifnk, Ifnz, Ifrd1, Ifrd2, Ift172, Ift52, Ift74, Ift80, Ift88, Igbp1, Igf1, Igf1r, Igf2, Igf2bp1, Igf2bp2, Igf2bp3, Igfbp3, Igfbp4, Igfbp5, Igfbp7, Igh-7, Ighg2a, Ighm, Ighmbp2, Igsf1, Igtp, Ihh, Iho1, Ik, Ikbkb, Ikbke, Ikbkg, Ikzf1, Ikzf2, Ikzf3, Ikzf4, Ikzf5, Il10, Il11, Il12a, Il12b, Il12rb1, Il12rb2, Il13, Il15, Il17a, Il17d, Il17f, Il17ra, Il18, Il18r1, Il18rap, Il1a, Il1b, Il1r2, Il1rap, Il1rn, Il2, Il21, Il22, Il22ra2, Il23a, Il24, Il25, Il27ra, Il3, Il31ra, Il33, Il34, Il4, Il4i1, Il4i1b, Il5, Il6, Il6ra, Il6st, Il7, Il9, Il9r, Ildr1, Ildr2, Ilf2, Ilf3, Ilk, Ilkap, Ilvbl, Immp1l, Immp2l, Imp3, Imp4, Impa1, Impa2, Impact, Impdh1, Impdh2, Impdh2-ps, Inava, Inca1, Ing1, Ing2, Ing3, Ing4, Ing5, Inha, Inhba, Inhbb, Inip, Ino80, Ino80b, Ino80c, Ino80d, Ino80e, Inpp1, Inpp4a, Inpp4b, Inpp5a, Inpp5b, Inpp5d, Inpp5e, Inpp5f, Inpp5j, Inpp5k, Inppl1, Ins1, Ins2, Insig1, Insig2, Insm1, Insm2, Insr, Insrr, Ints1, Ints10, Ints11, Ints12, Ints14, Ints2, Ints3, Ints4, Ints5, Ints6, Ints6l, Ints7, Ints8, Ints9, Invs, Ip6k1, Ip6k2, Ip6k3, Ipmk, Ipp, Ippk, Iqce, Iqgap1, Iqgap3, Irak1, Irak2, Irak3, Ireb2, Irf1, Irf2, Irf2bp1, Irf2bp2, Irf2bpl, Irf3, Irf4, Irf5, Irf6, Irf7, Irf8, Irf9, Irgm1, Irgm2, Irs1, Irs2, Irx1, Irx2, Irx3, Irx4, Irx5, Irx6, Isg15, Isg20, Isg20l2, Isl1, Isl2, Israa, Ist1, Isx, Isy1, Isyna1, Itch, Itga2, Itga5, Itga6, Itga8, Itgam, Itgav, Itgb1, Itgb1bp1, Itgb2, Itgb2l, Itgb3, Itgb3bp, Itgb8, Itk, Itln1, Itlnb, Itm2a, Itm2b, Itm2c, Itpa, Itpka, Itpkb, Itpkc, Ivd, Ivl, Ivns1abp, Iws1, Iyd, Jade1, Jade2, Jade3, Jag1, Jak1, Jak2, Jak3, Jarid2, Jazf1, Jdp2, Jkamp, Jmjd1c, Jmjd4, Jmjd6, Jmjd7, Jmjd8, Jmy, Josd1, Josd2, Jph2, Jpx, Jtb, Jun, Junb, Jund, Jup, Kank2, Kansl1, Kansl2, Kansl3, Kars1, Kash5, Kat14, Kat2a, Kat2b, Kat5, Kat6a, Kat6b, Kat7, Kat8, Kbtbd12, Kbtbd13, Kbtbd2, Kbtbd3, Kbtbd6, Kbtbd7, Kbtbd8, Kcmf1, Kcnab2, Kcne2, Kcnh2, Kcnip3, Kcnj11, Kcnk2, Kcnma1, Kcnq1, Kcnq2, Kcnq3, Kctd1, Kctd10, Kctd11, Kctd13, Kctd15, Kctd17, Kctd2, Kctd21, Kctd5, Kctd6, Kctd9, Kdm1a, Kdm1b, Kdm2a, Kdm2b, Kdm3a, Kdm3b, Kdm4a, Kdm4c, Kdm4d, Kdm5a, Kdm5b, Kdm5c, Kdm5d, Kdm6a, Kdm6b, Kdm7a, Kdm8, Kdr, Kdsr, Keap1, Kel, Khdc3, Khdc4, Khdrbs1, Khdrbs2, Khdrbs3, Khk, Khsrp, Kif14, Kif22, Kif3a, Kin, Kirrel1, Kirrel2, Kit, Kitl, Kl, Klb, Klf1, Klf10, Klf11, Klf12, Klf13, Klf14, Klf15, Klf16, Klf17, Klf2, Klf3, Klf4, Klf5, Klf6, Klf7, Klf8, Klf9, Klhdc1, Klhdc10, Klhdc2, Klhdc3, Klhl1, Klhl10, Klhl11, Klhl12, Klhl13, Klhl15, Klhl17, Klhl18, Klhl2, Klhl20, Klhl21, Klhl22, Klhl23, Klhl24, Klhl25, Klhl28, Klhl29, Klhl3, Klhl30, Klhl31, Klhl35, Klhl36, Klhl38, Klhl4, Klhl40, Klhl41, Klhl42, Klhl5, Klhl6, Klhl7, Klhl8, Klhl9, Klk1, Klk10, Klk11, Klk12, Klk13, Klk14, Klk15, Klk1b1, Klk1b11, Klk1b16, Klk1b21, Klk1b22, Klk1b24, Klk1b26, Klk1b27, Klk1b3, Klk1b4, Klk1b5, Klk1b8, Klk1b9, Klk4, Klk5, Klk6, Klk7, Klk8, Klk9, Klkb1, Kmo, Kmt2a, Kmt2b, Kmt2c, Kmt2d, Kmt2e, Kmt5a, Kmt5b, Kmt5c, Kndc1, Kng1, Kng2, Kpna6, Kras, Kri1, Krr1, Krt1, Krt10, Krt13, Krt17, Krt2, Krtcap2, Ksr1, Kti12, Ky, Kyat1, Kyat3, Kynu, L1cam, L3mbtl1, L3mbtl2, L3mbtl3, L3mbtl4, Lacc1, Lactb, Lage3, Lalba, Lama1, Lamp2, Lamp3, Lamtor5, Lancl1, Lancl2, Lancl3, Lao1, Lap3, Laptm4b, Laptm5, Large1, Large2, Larp1, Larp4, Larp4b, Larp6, Larp7, Larp7-ps, Lars1, Lars2, Las1l, Lats1, Lats2, Lbh, Lbr, Lbx1, Lbx2, Lcat, Lck, Lclat1, Lcmt1, Lcmt2, Lcn5, Lcor, Lcorl, Lct, Lctl, Ldb1, Ldb2, Ldc1, Ldha, Ldhb, Ldhc, Ldhd, Ldlr, Ldlrad3, Ldlrap1, Lef1, Lefty1, Leo1, Lep, Lepr, Lgals3, Lgmn, Lgsn, Lhcgr, Lhx1, Lhx2, Lhx3, Lhx4, Lhx5, Lhx6, Lhx8, Lhx9, Lias, Liat1, Lif, Lig1, Lig3, Lig4, Lilra5, Lilrb4a, Lilrb4b, Lima1, Limch1, Limd1, Lime1, Limk1, Limk2, Lims1, Lin28a, Lin28b, Lin37, Lin52, Lin54, Lin9, Lipa, Lipc, Lipe, Lipf, Lipg, Liph, Lipi, Lipk, Lipm, Lipn, Lipo1, Lipo2, Lipo3, Lipo4, Lipt1, Lipt2, Litaf, Lmcd1, Lmf1, Lmf2, Lmln, Lmna, Lmntd2, Lmo1, Lmo2, Lmo3, Lmo4, Lmo7, Lmtk2, Lmx1a, Lmx1b, Lncbate1, Lnpep, Lnx1, Lonp1, Lonp2, Loricrin, Lox, Loxl2, Loxl3, Lpar5, Lpcat1, Lpcat2, Lpcat2b, Lpcat3, Lpcat4, Lpgat1, Lpin1, Lpin2, Lpin3, Lpl, Lrat, Lrcol1, Lrif1, Lrig2, Lrp1, Lrp10, Lrp2, Lrp4, Lrp5, Lrp6, Lrp8, Lrpprc, Lrr1, Lrrc14, Lrrc41, Lrrc47, Lrrc55os, Lrrc75a, Lrrfip1, Lrrfip2, Lrrk1, Lrrk2, Lrrn3, Lrrtm3, Lrsam1, Lrwd1, Lsm1, Lsm10, Lsm11, Lsm14a, Lsm14b, Lsm2, Lsm3, Lsm4, Lsm5, Lsm6, Lsm7, Lsm8, Lsr, Lss, Lta4h, Ltc4s, Ltf, Ltk, Ltn1, LTO1, Luc7l, Luc7l2, Luc7l3, Lum, Lvrn, Lyar, Lyl1, Lyn, Lypla1, Lypla2, Lyplal1, Lyst, Lztr1, M1ap, Macc1, Macrod1, Macrod2, Macroh2a1, Macroh2a2, Mad2l1, Mad2l2, Maea, Mael, Maf, Maf1, Mafa, Mafb, Maff, Mafg, Mafk, Magea1, Magea10, Magea13, Magea14, Magea2, Magea3, Magea4, Magea5, Magea6, Magea8, Magea9, Mageb11, Mageb16, Mageb18, Mageb2, Mageb3, Mageb4, Mageb5, Mageb5b, Mageb6b1, Magec2, Maged1, Maged2, Magee1, Magee2, Mageh1, Magel2, Magi3, Magoh, Magohb, Magt1, Majin, Mak, Mak16, Malat1, Malrd1, Malsu1, Malt1, Maml1, Maml2, Maml3, Mamld1, Mamstr, Man1a, Man1a2, Man1b1, Man1c1, Man2a1, Man2a2, Man2b1, Man2b2, Man2c1, Manba, Maob, Map1a, Map2k1, Map2k2, Map2k3, Map2k4, Map2k5, Map2k6, Map2k7, Map3k1, Map3k10, Map3k11, Map3k12, Map3k13, Map3k20, Map3k3, Map3k4, Map3k5, Map3k6, Map3k7, Map3k9, Map4k1, Map4k2, Map4k3, Map4k4, Map6d1, Map7, Mapk1, Mapk10, Mapk12, Mapk13, Mapk14, Mapk15, Mapk3, Mapk6, Mapk7, Mapk8, Mapk8ip1, Mapk8ip3, Mapk9, Mapkap1, Mapkapk2, Mapkapk3, Mapkapk5, Mapre3, Mapt, Marchf1, Marchf11, Marchf2, Marchf3, Marchf4, Marchf5, Marchf6, Marchf7, Marchf8, Marchf9, Marf1, Mark1, Mark2, Mark3, Mark4, Mars1, Mars2, Mas1, Masp1, Masp2, Mast1, Mast2, Mastl, Mat1a, Matcap1, Matcap2, Mavs, Max, Maz, Mbd1, Mbd2, Mbd3, Mbd3l1, Mbd3l2, Mbd4, Mbip, Mbl2, Mblac1, Mblac2, Mbnl1, Mbnl2, Mbnl3, Mboat1, Mboat2, Mboat4, Mboat7, Mbp, Mbtd1, Mbtps1, Mbtps2, Mc1r, Mcat, Mccc1, Mccc2, Mcee, Mcf2l, Mcidas, Mcm10, Mcm2, Mcm3, Mcm4, Mcm5, Mcm6, Mcm7, Mcm8, Mcm9, Mcmbp, Mcmdc2, Mcph1, Mcpt1, Mcpt2, Mcpt4, Mcpt8, Mcpt9, Mcptl, Mcrs1, Mcts1, Mcts2, Mdc1, Mdfi, Mdfic, Mdfic2, Mdh1, Mdh1b, Mdh2, Mdk, Mdm2, Mdm4, Me1, Me2, Meaf6, Mecom, Mecp2, Mecr, Med1, Med10, Med11, Med12, Med12l, Med13, Med13l, Med14, Med15, Med16, Med17, Med18, Med19, Med20, Med21, Med22, Med23, Med24, Med25, Med26, Med27, Med28, Med29, Med30, Med31, Med4, Med6, Med7, Med8, Med9, Mef2a, Mef2b, Mef2c, Mef2d, Megf8, Mei4, Meiob, Meioc, Meiosin, Meis1, Meis2, Meis3, Melk, Meltf, Men1, Meox1, Meox2, Mep1a, Mep1b, Mepce, Mesd, Mesp1, Mesp2, Met, Met2, Metap1, Metap1d, Metap2, Mettl1, Mettl13, Mettl14, Mettl15, Mettl16, Mettl17, Mettl18, Mettl2, Mettl21a, Mettl21c, Mettl22, Mettl23, Mettl3, Mettl4, Mettl5, Mettl6, Mettl8, Mex3d, Mfap1a, Mfap1b, Mfn1, Mfsd2a, Mfsd8, Mga, Mgam, Mgat1, Mgat2, Mgat3, Mgat4a, Mgat4b, Mgat4c, Mgat4d, Mgat4e, Mgat4f, Mgat5, Mgat5b, Mgll, Mgme1, Mgmt, Mgrn1, Mgst2, Mgst3, Mib1, Mib2, Mical1, Mical2, Mid1ip1, Mid2, Mideas, Midn, Mier1, Mier2, Mier3, Mif, Mif4gd, Minar1, Mindy1, Mindy2, Mindy3, Mindy4, Mink1, Mipep, Mir103-1, Mir103-2, Mir1247, Mir125a, Mir129, Mir135a-1, Mir143, Mir144, Mir181b-1, Mir181b-2, Mir186, Mir1896, Mir196a-1, Mir196a-2, Mir196b, Mir199a-2, Mir1a-1, Mir1a-2, Mir205hg, Mir214, Mir26a-1, Mir26a-2, Mir26b, Mir301, Mir3960, Mir409, Mir423, Mir448, Mir451a, Mir451b, Mir466d, Mir466l, Mir696, Mir7-1, Mir7116, Mir744, Mir7578, Mir7b, Mir875, Mir9-1, Mirlet7b, Mirlet7c-1, Mirlet7c-2, Mirlet7g, Mitf, Mixl1, Mkks, Mknk1, Mknk2, Mkrn1, Mkrn2, Mkrn3, Mkx, Mlec, Mlf1, Mlf2, Mlh1, Mlh3, Mlip, Mllt1, Mllt10, Mllt11, Mllt3, Mllt6, Mlst8, Mlx, Mlxip, Mlxipl, Mlycd, Mmd, Mmd2, Mme, Mmel1, Mmp10, Mmp11, Mmp12, Mmp13, Mmp14, Mmp15, Mmp16, Mmp17, Mmp19, Mmp1a, Mmp1b, Mmp2, Mmp20, Mmp21, Mmp23, Mmp24, Mmp25, Mmp3, Mmp7, Mmp8, Mmp9, Mms19, Mms22l, Mmut, Mn1, Mnat1, Mnd1, Mndal, Mnt, Mnx1, Mob1b, Mob2, Mocos, Mocs1, Mocs2, Mocs3, Mogat1, Mogat2, Mogs, Morc1, Morc2a, Morc2b, Morc3, Morf4l1, Morf4l2, Mos, Mospd1, Mov10, Mov10l1, Mpc1, Mpc2, Mpdu1, Mpg, Mphosph10, Mphosph6, Mphosph8, Mpi, Mpnd, Mppe1, Mprip, Mpst, Mpv17, Mpv17l2, Mre11a, Mrgbp, Mri1, Mrm1, Mrm2, Mrm3, Mrnip, Mrpl1, Mrpl10, Mrpl11, Mrpl12, Mrpl13, Mrpl14, Mrpl15, Mrpl16, Mrpl17, Mrpl18, Mrpl19, Mrpl2, Mrpl20, Mrpl21, Mrpl22, Mrpl23, Mrpl24, Mrpl27, Mrpl28, Mrpl3, Mrpl30, Mrpl32, Mrpl33, Mrpl34, Mrpl35, Mrpl36, Mrpl37, Mrpl38, Mrpl39, Mrpl4, Mrpl40, Mrpl41, Mrpl42, Mrpl43, Mrpl44, Mrpl45, Mrpl46, Mrpl47, Mrpl48, Mrpl49, Mrpl50, Mrpl51, Mrpl52, Mrpl53, Mrpl54, Mrpl55, Mrpl57, Mrpl58, Mrpl9, Mrps10, Mrps11, Mrps12, Mrps14, Mrps15, Mrps16, Mrps17, Mrps18a, Mrps18b, Mrps18c, Mrps2, Mrps21, Mrps22, Mrps23, Mrps24, Mrps25, Mrps26, Mrps27, Mrps28, Mrps30, Mrps31, Mrps33, Mrps34, Mrps35, Mrps36, Mrps5, Mrps6, Mrps7, Mrps9, Mrrf, Mrtfa, Mrtfb, Mrto4, Msantd1, Msc, Msgn1, Msh2, Msh3, Msh4, Msh5, Msh6, Msi1, Msi2, Msl1, Msl2, Msl3, Msmo1, Msn, Msrb1, Msrb2, Msrb3, Mst1, Mst1r, Mstn, Msx1, Msx2, Msx3, mt-Atp6, mt-Atp8, mt-Nd1, mt-Nd2, mt-Nd3, mt-Nd4, mt-Nd4l, mt-Nd5, mt-Nd6, mt-Rnr1, mt-Rnr2, mt-Ta, mt-Tc, mt-Td, mt-Te, mt-Tf, mt-Tg, mt-Th, mt-Ti, mt-Tk, mt-Tl1, mt-Tl2, mt-Tm, mt-Tn, mt-Tp, mt-Tq, mt-Tr, mt-Ts1, mt-Ts2, mt-Tt, mt-Tv, mt-Tw, mt-Ty, Mt3, Mta1, Mta2, Mta3, Mtap, Mtbp, Mtch2, Mtcl2, Mtdh, Mterf1a, Mterf1b, Mterf2, Mterf3, Mterf4, Mtf1, Mtfmt, Mtg1, Mtg2, Mthfd1, Mthfd2l, Mthfr, Mthfsl, Mtif2, Mtif3, Mtln, Mtm1, Mtmr1, Mtmr10, Mtmr11, Mtmr12, Mtmr2, Mtmr3, Mtmr4, Mtmr6, Mtmr7, Mtmr9, Mtnap1, Mto1, Mtor, Mtpap, Mtpn, Mtr, Mtres1, Mtrex, Mtrf1, Mtrf1l, Mtrfr, Mtrr, Mttp, Mturn, Muc1, Mul1, Mup1, Mup11, Mup2, Mup3, Mup4, Mup5, Mus81, Musk, Mustn1, Mutyh, Mvd, Mvk, Mvp, Mxd1, Mxd3, Mxd4, Mxi1, Myadm, Myb, Mybbp1a, Mybl1, Mybl2, Myc, Mycbp, Mycbp2, Mycl, Mycn, Mycs, Myd88, Mydgf, Myef2, Myf5, Myf6, Myg1, Myh3, Myh6, Myh7, Myh8, Myh9, Mylip, Mylk2, Mylk3, Mynn, Myo1c, Myo3a, Myo3b, Myo5a, Myocd, Myod1, Myof, Myog, Myorg, Myoz1, Myoz2, Mypop, Myrf, Myrfl, Mysm1, Myt1, Myt1l, Mzf1, n-TCgca40, n-THgtg2, n-THgtg3, n-THgtg5, n-THgtg8, n-TRtct5, n-TUtca2, N4bp1, N4bp2l2, N6amt1, Naa10, Naa11, Naa12, Naa15, Naa16, Naa20, Naa40, Naa50, Naa60, Naa80, Naaa, Naalad2, Naaladl1, Nab1, Nab2, Nabp1, Nabp2, Nacc1, Nacc2, Nadk, Nadk2, Nadsyn1, Nae1, Naf1, Naga, Nagk, Naglu, Nagpa, Nags, Nampt, Nanog, Nanos1, Nanos2, Nanos3, Nanp, Nans, Napepld, Naprt, Napsa, Nars1, Nars2, Nasp, Nat10, Nat8, Nat8b-ps, Nat8f1, Nat8f7, Nat8l, Naxd, Naxe, Nbas, Nbdy, Nbn, Ncam1, Ncapg2, Ncbp1, Ncbp2, Ncbp3, Nccrp1, Nceh1, Ncf1, Ncf2, Nck1, Nck2, Ncl, Ncoa1, Ncoa2, Ncoa3, Ncoa6, Ncoa7, Ncor1, Ncor2, Ncstn, Ndfip1, Ndfip2, Ndn, Ndp, Ndst1, Ndst2, Ndst3, Ndst4, Ndufa1, Ndufa10, Ndufa11, Ndufa12, Ndufa13, Ndufa2, Ndufa3, Ndufa5, Ndufa6, Ndufa7, Ndufa8, Ndufa9, Ndufab1, Ndufab1-ps, Ndufaf5, Ndufaf7, Ndufb1, Ndufb10, Ndufb11, Ndufb2, Ndufb3, Ndufb4, Ndufb5, Ndufb6, Ndufb7, Ndufb8, Ndufb9, Ndufc1, Ndufc2, Ndufs1, Ndufs2, Ndufs3, Ndufs4, Ndufs5, Ndufs6, Ndufs7, Ndufs8, Ndufv1, Ndufv2, Ndufv3, Necab1, Necab2, Necab3, Nedd4, Nedd4l, Nedd8, Nedd9, Neil1, Neil2, Neil3, Nek1, Nek10, Nek11, Nek2, Nek3, Nek4, Nek6, Nek7, Nelfa, Nelfb, Nelfcd, Nelfe, Nell1, Nemf, Neo1, Nepn, Neu1, Neu2, Neu3, Neu4, Neurl1a, Neurl1b, Neurl2, Neurl3, Neurl4, Neurod1, Neurod2, Neurod4, Neurod6, Neurog1, Neurog2, Neurog3, Nf1, Nf2, Nfat5, Nfatc1, Nfatc2, Nfatc2ip, Nfatc3, Nfatc4, Nfe2, Nfe2l1, Nfe2l2, Nfe2l3, Nfia, Nfib, Nfic, Nfil3, Nfilz, Nfix, Nfkb1, Nfkb2, Nfkbia, Nfkbid, Nfkbie, Nfkbil1, Nfkbiz, Nfrkb, Nfs1, Nfx1, Nfxl1, Nfya, Nfyb, Nfyc, Ngdn, Ngf, Ngfr, Ngly1, Ngrn, Nhej1, Nherf1, Nhlh1, Nhlh2, Nhlrc1, Nhlrc3, Nhp2, Niban1, Niban2, Nicol1, Nif3l1, Nim1k, Nipbl, Nisch, Nit2, Nkap, Nkd1, Nkd2, Nkrf, Nktr, Nkx1-1, Nkx1-2, Nkx2-1, Nkx2-2, Nkx2-3, Nkx2-4, Nkx2-5, Nkx2-6, Nkx2-9, Nkx3-1, Nkx3-2, Nkx6-1, Nkx6-2, Nkx6-3, Nlgn2, Nlk, Nln, Nlrc3, Nlrc4, Nlrc5, Nlrp12, Nlrp1a, Nlrp1b, Nlrp3, Nlrp5, Nmd3, Nme1, Nme2, Nme3, Nme4, Nme5, Nme6, Nme7, Nme9, Nmi, Nmnat1, Nmnat2, Nmnat3, Nmrk1, Nmrk2, Nmt1, Nmt2, Nnmt, Nnt, Nob1, Nobox, Noc2l, Noc3l, Noct, Nod1, Nod2, Nodal, Nog, Nol10, Nol11, Nol3, Nol6, Nol7, Nol8, Nol9, Nolc1, Nono, Nop10, Nop14, Nop2, Nop53, Nop9, Nos1, Nos2, Nos3, Nosip, Nostrin, Notch1, Notch2, Notch3, Notch4, Noto, Notum, Nova1, Nova2, Nox4, Noxred1, Npas1, Npas2, Npas3, Npas4, Npat, Npc1, Npc1l1, Npc2, Npepl1, Npepps, Nphp3, Nploc4, Npm1, Npm2, Npm3, Npnt, Nppa, Nppb, Nppc, Npr1, Npr2, Nptn, Npy, Npy1r, Nqo1, Nr0b1, Nr0b2, Nr1d1, Nr1d2, Nr1h2, Nr1h3, Nr1h4, Nr1h5, Nr1i2, Nr1i3, Nr2c1, Nr2c2, Nr2e1, Nr2e3, Nr2f1, Nr2f2, Nr2f6, Nr3c1, Nr3c2, Nr4a1, Nr4a2, Nr4a3, Nr5a1, Nr5a2, Nr6a1, Nrarp, Nras, Nrbf2, Nrdc, Nrde2, Nrf1, Nrg1, Nrip1, Nrip2, Nrip3, Nrl, Nrp1, Nrros, Nrxn1, Nsa2, Nscme3l, Nsd1, Nsd2, Nsd3, Nsdhl, Nsf, Nsfl1c, Nsg1, Nsmaf, Nsmce1, Nsmce2, Nsmce3, Nsmce4a, Nsrp1, Nsun2, Nsun3, Nsun4, Nsun5, Nsun6, Nt5c, Nt5c1a, Nt5c1b, Nt5c2, Nt5c3, Nt5c3b, Nt5e, Nt5m, Ntan1, Ntaq1, Ntf3, Nthl1, Ntmt1, Ntmt2, Ntn3, Ntrk1, Ntrk2, Ntrk3, Nts, Ntsr1, Nuak1, Nuak2, Nub1, Nucb2, Nucks1, Nudc, Nudcd2, Nudcd3, Nudt1, Nudt10, Nudt11, Nudt12, Nudt13, Nudt14, Nudt15, Nudt16, Nudt16l1, Nudt16l2, Nudt17, Nudt18, Nudt19, Nudt2, Nudt21, Nudt3, Nudt4, Nudt5, Nudt7, Nudt8, Nudt9, Nufip1, Nuggc, Numbl, Nup153, Nup155, Nup62, Nup85, Nup98, Nupr1, Nupr2, Nus1, Nvl, Nwd1, Nxn, Nynrin, Oard1, Oas1a, Oas1b, Oas1c, Oas1d, Oas1e, Oas1f, Oas1g, Oas1h, Oas2, Oas3, Oasl2, Oat, Oaz1, Oaz2, Oaz3, Obi1, Obox1, Obox2, Obox3, Obox4, Obox5, Obox6, Obox7, Obox8, Obp2a, Obscn, Oc90, Oca2, Ocln, Ocrl, Odam, Odc1, Oga, Ogdh, Ogdhl, Ogfod1, Ogg1, Ogt, Ola1, Olah, Olig1, Olig2, Olig3, Olr1, Oma1, Onecut1, Onecut2, Onecut3, Ooep, Oog1, Oog2, Oog3, Oog4, Opa1, Opa3, Ophn1, Oprd1, Oprm1, Orc1, Orc2, Orc3, Orc4, Orc5, Orc6, Ormdl1, Ormdl2, Ormdl3, Os9, Osbp, Osbpl10, Osbpl7, Osgep, Osgepl1, Osm, Osr1, Osr2, Ost4, Ostc, Otc, Otog, Otogl, Otp, Otub1, Otub2, Otud1, Otud3, Otud4, Otud5, Otud6a, Otud6b, Otud7a, Otud7b, Otulin, Otx1, Otx2, Ovch2, Ovgp1, Ovol1, Ovol2, Ovol3, Oxa1l, Oxct1, Oxct2a, Oxct2b, Oxr1, Oxsm, Oxsr1, P2rx1, P2rx2, P2rx7, P2ry1, P2ry6, P3h1, P3h2, P3h3, P3h4, P4ha1, P4ha2, P4hb, Pa2g4, Pabir1, Pabpc1, Pabpc1l, Pabpc2, Pabpc4, Pabpn1, Pabpn1l, Pacsin3, Padi2, Padi4, Padi6, Paf1, Pafah1b1, Pafah1b2, Pafah1b3, Pafah2, Pagr1a, Pah, Paics, Paip1, Paip2, Paip2b, Pak1, Pak1ip1, Pak2, Pak3, Palb2, Pals1, Pals2, Pam, Pam16, Pan2, Pan3, Pank1, Pank2, Pank3, Pank4, Paox, Papola, Papolb, Papolg, Pappa, Pappa2, Papss1, Papss2, Paqr3, Paqr4, Pard3, Pard6a, Parg, Park7, Parl, Parn, Parp1, Parp10, Parp11, Parp12, Parp14, Parp16, Parp2, Parp3, Parp4, Parp6, Parp8, Parp9, Parpbp, Pars2, Pasd1, Pask, Pate6, Patl1, Patl2, Patz1, Pawr, Pax1, Pax2, Pax3, Pax4, Pax5, Pax6, Pax7, Pax8, Pax9, Paxbp1, Paxip1, Paxx, Pbk, Pbrm1, Pbx1, Pbx2, Pbx3, Pbx4, Pbxip1, Pcbd1, Pcbd2, Pcbp1, Pcbp2, Pcbp3, Pcbp4, Pcca, Pcdh12, Pcf11, Pcgf1, Pcgf2, Pcgf3, Pcgf5, Pcgf6, Pcid2, Pcif1, Pck1, Pck2, Pclaf, Pcmt1, Pcmtd1, Pcmtd2, Pcna, Pcnp, Pcolce, Pcsk1, Pcsk1n, Pcsk2, Pcsk4, Pcsk5, Pcsk6, Pcsk7, Pcsk9, Pctp, Pcx, Pcyox1, Pcyox1l, Pcyt1a, Pcyt1b, Pcyt2, Pdcd10, Pdcd11, Pdcd4, Pdcd5, Pdcd5-ps, Pdcd6, Pdcd6ip, Pdcd7, Pdcl, Pdcl2, Pdcl3, Pde10a, Pde12, Pde1a, Pde2a, Pde3a, Pde3b, Pde4a, Pde4c, Pde4d, Pde5a, Pde7a, Pde7b, Pde8a, Pde8b, Pde9a, Pdf, Pdgfa, Pdgfb, Pdgfc, Pdgfd, Pdgfra, Pdgfrb, Pdha1, Pdha2, Pdhb, Pdhx, Pdia2, Pdia3, Pdia4, Pdia5, Pdilt, Pdk1, Pdk2, Pdk3, Pdk4, Pdlim1, Pdlim2, Pdp1, Pdpn, Pdrg1, Pds5a, Pds5b, Pdss1, Pdss2, Pdx1, Pdxp, Pdzrn3, Peak1, Pebp1, Pecam1, Pecr, Peds1, Pef1, Peg3, Peli1, Peli2, Peli3, Pelo, Pelp1, Pemt, Pepb, Pepc, Pepd, Per1, Per2, Per3, Perm1, Perp, Pes1, Pex10, Pex12, Pex13, Pex14, Pex19, Pex2, Pex5, Pex7, Pf4, Pfas, Pfdn1, Pfdn2, Pfdn4, Pfdn5, Pfdn6, Pfkfb1, Pfkfb2, Pfkfb3, Pfkfb4, Pfkl, Pfkm, Pfkp, Pfn1, Pfn2, Pga5, Pgam1, Pgam2, Pgam5, Pgap1, Pgap2, Pgap3, Pgap4, Pgap6, Pgbd5, Pgc, Pgd, Pgf, Pgghg, Pggt1b, Pgk1, Pgk2, Pgls, Pgm1, Pgm2, Pgm2l1, Pgm3, Pgm5, Pgp, Pgpep1, Pgpep1l, Pgr, Pgs1, Phax, Phb1, Phb2, Phc1, Phc2, Phc3, Phex, Phf10, Phf12, Phf13, Phf14, Phf19, Phf2, Phf20, Phf20l1, Phf21a, Phf23, Phf3, Phf5a, Phf6, Phf8, Phgdh, Phip, Phka1, Phka2, Phkb, Phkg1, Phkg2, Phlda1, Phlda2, Phlpp1, Phlpp2, Phox2a, Phox2b, Phpt1, Phrf1, Phyh, Pi4k2a, Pi4k2b, Pi4ka, Pi4kb, Pias1, Pias2, Pias3, Pias4, Pibf1, Picalm, Pick1, Pid1, Pidd1, Pif1, Piga, Pigb, Pigc, Pigf, Pigg, Pigh, Pigk, Pigl, Pigm, Pign, Pigo, Pigp, Pigq, Pigs, Pigt, Pigu, Pigv, Pigw, Pigx, Pigyl, Pigz, Pih1d1, Pih1d2, Pik3c2a, Pik3c2b, Pik3c2g, Pik3c3, Pik3ca, Pik3cb, Pik3cd, Pik3cg, Pik3r1, Pik3r2, Pik3r3, Pik3r4, Pik3r5, Pik3r6, Pikfyve, Pim1, Pim2, Pim3, Pin1, Pin1rt1, Pin4, Pink1, Pinx1, Pip, Pip4k2a, Pip4k2b, Pip4k2c, Pip4p1, Pip4p2, Pip5k1a, Pip5k1b, Pip5k1c, Pip5kl1, Pipox, Pirb, Pisd, Pithd1, Pitpnc1, Pitrm1, Pitx1, Pitx2, Pitx3, Piwil1, Piwil2, Piwil4, Pja1, Pja2, Pkd1, Pkd2, Pkdcc, Pkhd1, Pkia, Pkib, Pkig, Pklr, Pkm, Pkn1, Pkn2, Pknox1, Pknox2, Pkp1, Pkp3, Pla1a, Pla2g10, Pla2g12a, Pla2g12b, Pla2g15, Pla2g1b, Pla2g2a, Pla2g2c, Pla2g2d, Pla2g2e, Pla2g2f, Pla2g3, Pla2g4a, Pla2g4b, Pla2g4c, Pla2g4d, Pla2g4e, Pla2g4f, Pla2g5, Pla2g6, Pla2g7, Plaa, Plaat1, Plaat3, Plaat5, Plac8, Plag1, Plagl1, Plagl2, Plat, Platr25, Plau, Plaur, Plb1, Plbd1, Plbd2, Plcb1, Plcb2, Plcb3, Plcb4, Plcd1, Plcd3, Plcd4, Plce1, Plcg1, Plcg2, Plch1, Plch2, Plcl1, Plcl2, Plcxd1, Plcxd2, Plcxd3, Plcz1, Pld1, Pld2, Pld3, Pld4, Pld6, Plec, Plek, Plekha1, Plekhn1, Plg, Plgrkt, Plin1, Plin5, Plk1, Plk2, Plk3, Plk4, Plod1, Plod2, Plod3, Plp1, Plpp1, Plpp2, Plpp3, Plpp4, Plpp5, Plpp6, Plppr1, Plppr2, Plppr3, Plppr4, Plppr5, Plrg1, Plscr1, Plscr3, Plxnb2, Pm20d1, Pm20d2, Pmaip1, Pmf1, Pml, Pmm1, Pmm2, Pmp22, Pmpca, Pmpcb, Pms1, Pms2, Pmvk, Pnkd, Pnkp, Pnldc1, Pnlip, Pnliprp1, Pnliprp2, Pnn, Pnp, Pnp2, Pnpla1, Pnpla2, Pnpla3, Pnpla5, Pnpla6, Pnpla7, Pnpla8, Pnpt1, Pnrc1, Pnrc2, Pofut1, Pofut2, Pogk, Poglut1, Poglut2, Poglut3, Pogz, Pola1, Pola2, Polb, Pold1, Pold2, Pold3, Pold4, Poldip2, Poldip3, Pole, Pole2, Pole3, Pole4, Polg, Polg2, Polh, Poli, Polk, Poll, Polm, Poln, Polq, Polr1a, Polr1b, Polr1c, Polr1d, Polr1e, Polr1f, Polr1g, Polr1h, Polr2a, Polr2b, Polr2c, Polr2d, Polr2e, Polr2f, Polr2g, Polr2h, Polr2i, Polr2j, Polr2k, Polr2l, Polr2m, Polr3a, Polr3b, Polr3c, Polr3d, Polr3e, Polr3f, Polr3g, Polr3gl, Polr3h, Polr3k, Polrmt, Pomc, Pomgnt1, Pomgnt2, Pomk, Pomt1, Pomt2, Pon1, Pop1, Pop4, Pop5, Pop7, Por, Porcn, Pot1a, Pot1b, Potefam3a, Potefam3b, Pou1f1, Pou2af1, Pou2af2, Pou2af3, Pou2f1, Pou2f2, Pou2f3, Pou3f1, Pou3f2, Pou3f3, Pou3f4, Pou4f1, Pou4f2, Pou4f3, Pou5f1, Pou5f2, Pou6f1, Pou6f2, Ppan, Ppara, Ppard, Pparg, Ppargc1a, Ppargc1b, Ppat, Ppcdc, Ppcs, Ppef1, Ppef2, Pphln1, Ppia, Ppib, Ppic, Ppid, Ppie, Ppif, Ppig, Ppih, Ppihl, Ppil1, Ppil2, Ppil3, Ppil4, Ppm1a, Ppm1b, Ppm1d, Ppm1e, Ppm1f, Ppm1g, Ppm1h, Ppm1j, Ppm1k, Ppm1l, Ppm1m, Ppm1n, Ppme1, Ppp1ca, Ppp1cb, Ppp1cc, Ppp1r10, Ppp1r11, Ppp1r12a, Ppp1r13l, Ppp1r15a, Ppp1r15b, Ppp1r1a, Ppp1r1b, Ppp1r2, Ppp1r3a, Ppp1r3b, Ppp1r3c, Ppp1r3d, Ppp1r3e, Ppp1r3f, Ppp1r3g, Ppp1r8, Ppp1r9b, Ppp2ca, Ppp2cb, Ppp2r1a, Ppp2r2a, Ppp2r3a, Ppp2r3c, Ppp2r3d, Ppp2r5a, Ppp2r5b, Ppp2r5c, Ppp2r5d, Ppp3ca, Ppp3cb, Ppp3cc, Ppp3r1, Ppp4c, Ppp4r2, Ppp4r3a, Ppp4r3b, Ppp4r3c1, Ppp4r3c2, Ppp5c, Ppp6c, Pprc1, Ppt1, Pptc7, Ppwd1, Pqbp1, Pramel1, Pramel11, Pramel12, Pramel13, Pramel14, Pramel15, Pramel16, Pramel17, Pramel18, Pramel19, Pramel20, Pramel21, Pramel22, Pramel23, Pramel24, Pramel25, Pramel26, Pramel27, Pramel28, Pramel29, Pramel30, Pramel31, Pramel32, Pramel33, Pramel35, Pramel36, Pramel37, Pramel38, Pramel40, Pramel41, Pramel42, Pramel43, Pramel44, Pramel45, Pramel46, Pramel47, Pramel48, Pramel5, Pramel51, Pramel53, Pramel55, Pramel6, Pramel60, Pramel7, Pramex1, Prcp, Prdm1, Prdm10, Prdm11, Prdm12, Prdm13, Prdm14, Prdm15, Prdm16, Prdm2, Prdm4, Prdm5, Prdm6, Prdm8, Prdm9, Prdx2, Prdx3, Prdx4, Prdx5, Prdx6, Prdx6b, Preb, Prelid1, Prep, Prepl, Prex1, Prex2, Prg3, Prickle1, Prim1, Prim2, Primpol, Prkaa1, Prkaa2, Prkab1, Prkab2, Prkaca, Prkacb, Prkag1, Prkag2, Prkag3, Prkar1a, Prkar1b, Prkar2b, Prkca, Prkcb, Prkcd, Prkce, Prkcg, Prkch, Prkci, Prkcq, Prkcsh, Prkcz, Prkd1, Prkd2, Prkdc, Prkg1, Prkg2, Prkn, Prkra, Prkrip1, Prkx, Prl, Prl2c2, Prlh, Prlr, Prmt1, Prmt2, Prmt3, Prmt5, Prmt6, Prmt7, Prmt8, Prmt9, Prnp, Proc, Proca1, Prodh, Prodh2, Prom2, Prop1, Prorp, Prorsd1, Prox1, Prox2, Proz, Prpf18, Prpf19, Prpf3, Prpf31, Prpf38a, Prpf38b, Prpf39, Prpf4, Prpf40a, Prpf40b, Prpf4b, Prpf6, Prpf8, Prph2, Prps1, Prps1l1, Prps1l3, Prps2, Prpsap1, Prpsap2, Prr16, Prr5, Prr5l, Prr7, Prrt1, Prrx1, Prrx2, Prss1, Prss12, Prss16, Prss1l, Prss2, Prss21, Prss22, Prss23, Prss27, Prss28, Prss29, Prss3, Prss30, Prss32, Prss33, Prss34, Prss36, Prss37, Prss38, Prss39, Prss3b, Prss3l, Prss40, Prss41, Prss42, Prss43, Prss44, Prss45, Prss46, Prss48, Prss50, Prss51, Prss52, Prss53, Prss54, Prss55, Prss56, Prss57, Prss58, Prss59, Prss8, Prtn3, Prx, Prxl2b, Prxl2c, Psap, Psapl1, Psat1, Psen1, Psen2, Psenen, Psip1, Pskh1, Psma1, Psma2, Psma3, Psma4, Psma5, Psma6, Psma7, Psma8, Psmb1, Psmb10, Psmb11, Psmb2, Psmb3, Psmb4, Psmb5, Psmb6, Psmb7, Psmb8, Psmb9, Psmc1, Psmc2, Psmc3, Psmc3ip, Psmc4, Psmc5, Psmc6, Psmd1, Psmd10, Psmd11, Psmd13, Psmd14, Psmd2, Psmd3, Psmd4, Psmd6, Psmd7, Psmd8, Psmd9, Psme1, Psme2, Psme3, Psme3ip1, Psme4, Psmf1, Pspc1, Psph, Psrc1, Pstk, Ptafr, Ptbp1, Ptbp2, Ptbp3, Ptcd1, Ptcd2, Ptcd3, Ptch1, Ptdss1, Ptdss2, Pten, Ptf1a, Ptgdr, Ptgds, Ptger3, Ptger4, Ptges, Ptges2, Ptges3, Ptges3-ps, Ptges3l, Ptgis, Ptgr1, Ptgr2, Ptgr3, Ptgs1, Ptgs2, Ptgs2os, Pth, Pth1r, Pth2, Pthlh, Ptk2, Ptk2b, Ptk6, Ptma, Ptms, Ptov1, Ptp4a3, Ptpa, Ptpmt1, Ptpn1, Ptpn11, Ptpn12, Ptpn13, Ptpn2, Ptpn22, Ptpn23, Ptpn3, Ptpn4, Ptpn5, Ptpn6, Ptpn7, Ptpn9, Ptpra, Ptprb, Ptprc, Ptprf, Ptprh, Ptprj, Ptprk, Ptprm, Ptprn, Ptprn2, Ptpro, Ptprq, Ptprr, Ptprs, Ptprt, Ptpru, Ptprv, Ptprz1, Ptrh1, Pttg1, Pttg1ip, Ptx3, Pudp, Puf60, Pum1, Pum2, Pum3, Pura, Purb, Purg, Pus1, Pus10, Pus3, Pus7, Pus7l, Pusl1, Pwp1, Pwp2, Pwwp2a, Pwwp2b, Pwwp3a, Pxmp4, Pxn, Pxylp1, Pycard, Pycr1, Pycr2, Pycr3, Pygb, Pygl, Pygm, Pygo1, Pym1, Pyurf, Qars1, Qdpr, Qki, Qng1, Qpct, Qpctl, Qprt, Qrich1, Qrich2, Qrsl1, Qsox1, Qsox2, Qtrt1, Qtrt2, Rab12, Rab1a, Rab1b, Rab23, Rab38, Rab3b, Rab3d, Rab3gap1, Rab3gap2, Rab40b, Rab40c, Rab6a, Rab7, Rab7b, Rabgef1, Rabggta, Rabggtb, Rabl3, Rac1, Rack1, Rad1, Rad17, Rad18, Rad21, Rad21l, Rad23a, Rad23b, Rad50, Rad51, Rad51ap1, Rad51b, Rad51c, Rad51d, Rad52, Rad54b, Rad54l, Rad54l2, Rad9a, Rad9b, Radx, Raf1, Rag1, Rag2, Rai1, Ralb, Ralbp1, Ralgapa1, Raly, Ramac, Ramp1, Ran, Ranbp2, Ranbp9, Rangap1, Rap1a, Rap1gds1, Rap2a, Rap2b, Rap2c, Rapgef2, Rapgef3, Rara, Rarb, Rarg, Rarres2, Rars1, Rars2, Rasa1, Rasal2, Rasd1, Rasd2, Rasgrp1, Rasip1, Rasl11a, Rassf1, Rassf2, Rassf5, Rax, Rb1, Rb1cc1, Rbak, Rbbp4, Rbbp5, Rbbp6, Rbbp7, Rbbp8, Rbck1, Rbfa, Rbfox1, Rbfox2, Rbfox3, Rbks, Rbl1, Rbl2, Rbm10, Rbm11, Rbm12, Rbm12b1, Rbm12b2, Rbm14, Rbm15, Rbm15b, Rbm17, Rbm20, Rbm22, Rbm24, Rbm25, Rbm28, Rbm3, Rbm33, Rbm34, Rbm38, Rbm39, Rbm4, Rbm41, Rbm42, Rbm44, Rbm46, Rbm47, Rbm48, Rbm4b, Rbm5, Rbm6, Rbm7, Rbm8a, Rbm8a2, Rbms1, Rbms3, Rbmx, Rbmx2, Rbmxl1, Rbmxl2, Rbmy, Rbmyf1, Rbmyf3, Rbmyf6, Rbmyf9, Rbp1, Rbp2, Rbp3, Rbp4, Rbpj, Rbpjl, Rbpms, Rbpms2, Rbx1, Rbx1-ps, Rc3h1, Rc3h2, Rcc1l, Rce1, Rchy1, Rcl1, Rcn3, Rcor1, Rcor2, Rcor3, Rd3, Rdh1, Rdh10, Rdh11, Rdh12, Rdh13, Rdh14, Rdh16, Rdh16f2, Rdh19, Rdh5, Rdh7, Rdh8, Rdh9, Rdx, Rec114, Rec8, Reck, Recql, Recql4, Recql5, Reg1, Reg3b, Rel, Rela, Relb, Reln, Ren1, Ren2, Renbp, Reno1, Repin1, Rere, Rest, Ret, Retsat, Rev1, Rev3l, Rex2, Rexo1, Rexo2, Rexo4, Rexo5, Rfc1, Rfc2, Rfc3, Rfc4, Rfc5, Rffl, Rfk, Rft1, Rfwd3, Rfx1, Rfx2, Rfx3, Rfx4, Rfx5, Rfx6, Rfx7, Rfx8, Rfxank, Rfxap, Rgcc, Rgma, Rgmb, Rgn, Rgp1, Rgs14, Rgs2, Rhbdd1, Rhbdd3, Rhbdf1, Rhbdf2, Rhbdl1, Rhbdl2, Rhbdl3, Rhebl1, Rhno1, Rho, Rhoa, Rhobtb3, Rhog, Rhoq, Rhox1, Rhox10, Rhox11, Rhox12, Rhox13, Rhox2a, Rhox2b, Rhox2c, Rhox2d, Rhox2f, Rhox2g, Rhox2h, Rhox3a, Rhox3c, Rhox3f, Rhox3g, Rhox3h, Rhox4a, Rhox4b, Rhox4c, Rhox4d, Rhox4e, Rhox4f, Rhox4g, Rhox5, Rhox6, Rhox7a, Rhox7b, Rhox8, Rhox9, Ric1, Ric3, Ric8a, Ric8b, Rictor, Rida, Rif1, Rigi, Rilp, Rimkla, Rimklb, Ring1, Riok1, Riok2, Riok3, Riox1, Riox2, Ripk1, Ripk2, Ripk3, Ripk4, Ripply1, Ripply2, Ripply3, Rit2, Rlf, Rlig1, Rlim, Rmi1, Rmi2, Rmnd1, Rmnd5a, Rmnd5b, Rnaseh1, Rnaseh2a, Rnaseh2b, Rnaseh2c, Rnasel, Rnaset2a, Rnaset2b, Rnf10, Rnf103, Rnf11, Rnf111, Rnf112, Rnf113a1, Rnf113a2, Rnf114, Rnf115, Rnf121, Rnf122, Rnf123, Rnf125, Rnf126, Rnf128, Rnf13, Rnf130, Rnf133, Rnf135, Rnf138, Rnf138rt1, Rnf139, Rnf14, Rnf141, Rnf144a, Rnf144b, Rnf145, Rnf146, Rnf148, Rnf149, Rnf150, Rnf152, Rnf157, Rnf166, Rnf167, Rnf168, Rnf169, Rnf170, Rnf180, Rnf181, Rnf182, Rnf183, Rnf185, Rnf186, Rnf187, Rnf19a, Rnf19b, Rnf2, Rnf20, Rnf208, Rnf212, Rnf212b, Rnf213, Rnf215, Rnf216, Rnf217, Rnf220, Rnf223, Rnf225, Rnf227, Rnf25, Rnf26, Rnf26rt, Rnf31, Rnf34, Rnf38, Rnf4, Rnf40, Rnf41, Rnf43, Rnf44, Rnf5, Rnf6, Rnf7, Rnf7l, Rnf8, Rnft1, Rnft2, Rngtt, Rnmt, Rnpc3, Rnpep, Rnpepl1, Rnps1, Rnu11, Rnu12, Rnu2-10, Rnu7, Rny1, Rny3, Robo1, Rock1, Rock2, Ropn1, Ropn1l, Ror1, Ror2, Rora, Rorb, Rorc, Ros1, Rp9, Rpa1, Rpa2, Rpa3, Rpain, Rpap1, Rpap2, Rpe, Rpe65, Rpf1, Rpf2, Rpgr, Rpia, Rpl10, Rpl10-ps3, Rpl10a, Rpl10l, Rpl11, Rpl12, Rpl13, Rpl13a, Rpl14, Rpl15, Rpl17, Rpl18, Rpl18a, Rpl19, Rpl21, Rpl22, Rpl22l1, Rpl23, Rpl23a, Rpl24, Rpl26, Rpl27, Rpl27a, Rpl27rt, Rpl28, Rpl29, Rpl3, Rpl30, Rpl31, Rpl32, Rpl32l, Rpl34, Rpl35, Rpl35a, Rpl36, Rpl36-ps12, Rpl36a, Rpl37, Rpl37a, Rpl38, Rpl39, Rpl39l, Rpl3l, Rpl4, Rpl41, Rpl5, Rpl6, Rpl6l, Rpl7, Rpl7a, Rpl7l1, Rpl8, Rpl9, Rpl9-ps6, Rplp0, Rplp1, Rplp1rt, Rplp2, Rpn1, Rpn2, Rpp14, Rpp21, Rpp25, Rpp25l, Rpp30, Rpp38, Rpp40, Rprd1a, Rprd1b, Rprd2, Rps10, Rps11, Rps12, Rps13, Rps14, Rps15, Rps15a, Rps16, Rps17, Rps18, Rps19, Rps2, Rps20, Rps21, Rps23, Rps23rg1, Rps24, Rps25, Rps26, Rps27, Rps27a, Rps27l, Rps27rt, Rps28, Rps29, Rps3, Rps3a1, Rps4x, Rps5, Rps6, Rps6-ps4, Rps6ka1, Rps6ka2, Rps6ka3, Rps6ka4, Rps6ka5, Rps6kb1, Rps6kb2, Rps7, Rps8, Rps9, Rpsa, Rptor, Rpusd1, Rpusd2, Rpusd3, Rpusd4, Rreb1, Rrm1, Rrm2, Rrm2b, Rrn3, Rrp1, Rrp15, Rrp1b, Rrp36, Rrp7a, Rrp8, Rrp9, Rrs1, Rsf1, Rsl1, Rsl24d1, Rslcan18, Rspo1, Rspry1, Rsrc1, Rsrp1, Rtca, Rtcb, Rtel1, Rtf1, Rtf2, Rtkn2, Rtn1, Rtn2, Rtn3, Rtn4, Rtraf, Rubcnl, Runx1, Runx1t1, Runx2, Runx3, Rusc1, Ruvbl1, Ruvbl2, Rwdd1, Rwdd3, Rxra, Rxrb, Rxrg, Rxylt1, Rybp, Rybp-ps, S100a1, S100a10, S100a8, S100a9, S1pr1, S1pr2, Saa1, Saa3, Sacm1l, Sae1, Safb, Safb2, Sall1, Sall2, Sall3, Sall4, Samd1, Samd11, Samd4, Samd4b, Samd7, Samd8, Samd9l, Samhd1, Samsn1, Sanbr, Sap130, Sap18, Sap18b, Sap25, Sap30, Sap30bp, Sap30l, Sardh, Sarm1, Sarnp, Sars1, Sars2, Sart1, Sart3, Sash1, Satb1, Satb2, Saysd1, Sbds, Sbno1, Sbno2, Sc5d, Scaf1, Scaf11, Scaf4, Scaf8, Scai, Scand1, Scap, Scarb1, Scarb2, Sccpdh, Scd1, Scd2, Scd3, Scd4, Scg5, Scgb1a1, Schip1, Scly, Scmh1, Scml2, Scml4, Scnm1, Scnn1b, Sco1, Scp2, Scpep1, Scrib, Scrn1, Scrn2, Scrn3, Scrt1, Scrt2, Sct, Sctr, Scx, Sdcbp, Sde2, Sdf2, Sdf2l1, Sdha, Sdhaf2, Sdhb, Sdhc, Sdhd, Sdr16c5, Sdr42e1, Sdr9c7, Sds, Sdsl, Sec1, Sec11a, Sec11c, Sec14l2, Sec22b, Sec61b, Sec61bl, Secisbp2, Sel1l, Sel1l2, Selenof, Selenoi, Selenok, Selenon, Selenoo, Selenos, Sem1, Sema4d, Sema7a, Semp2l1, Semp2l2a, Semp2l2b, Senp1, Senp2, Senp3, Senp5, Senp6, Senp7, Senp8, Sephs1, Sephs2, Sepsecs, Septin3, Septin4, Serac1, Serbp1, Serf1, Serinc1, Serinc2, Serinc4, Serinc5, Serp1, Serpina12, Serpina1a, Serpina1b, Serpina5, Serpina6, Serpinb10, Serpinb11, Serpinb12, Serpinb13, Serpinb1a, Serpinb1b, Serpinb1c, Serpinb2, Serpinb3a, Serpinb3b, Serpinb3c, Serpinb3d, Serpinb5, Serpinb6a, Serpinb6b, Serpinb6c, Serpinb6d, Serpinb6e, Serpinb7, Serpinb8, Serpinb9, Serpinb9b, Serpinb9c, Serpinb9d, Serpinb9e, Serpinb9f, Serpinb9g, Serpinb9h, Serpind1, Serpine1, Serpine2, Serpine3, Serpinf1, Serpinf2, Serping1, Serpinh1, Serpini1, Serpini2, Sertad1, Sertad2, Sertad3, Sesn2, Setbp1, Setd1a, Setd2, Setd3, Setd4, Setd5, Setd6, Setd7, Setdb1, Setdb2, Setmar, Setx, Sez6, Sez6l, Sez6l2, Sf1, Sf3a1, Sf3a2, Sf3a3, Sf3b1, Sf3b2, Sf3b3, Sf3b4, Sf3b5, Sf3b6, Sfmbt1, Sfmbt2, Sfn, Sfpq, Sfr1, Sfrp1, Sfrp2, Sfrp4, Sfrp5, Sfswap, Sftpb, Sgf29, Sgk1, Sgms1, Sgms1os1, Sgms2, Sgpl1, Sgpp1, Sgpp2, Sgsh, Sgsm1, Sgsm3, Sgta, Sh2b1, Sh2d1b1, Sh2d1b2, Sh3bgrl, Sh3bp5, Sh3d19, Sh3gl2, Sh3glb1, Sh3rf1, Sh3rf2, Sh3rf3, Sh3yl1, Sharpin, Shb, Shc1, Shfl, Shh, Shld1, Shld2, Shld3, Shmt1, Shmt2, Shoc1, Shox2, Shpk, Shprh, Siae, Siah1a, Siah1b, Siah2, Siah3, Sidt2, Sik1, Sik2, Sik3, Sim1, Sim2, Sin3a, Sin3b, Sinhcaf, Sirt1, Sirt2, Sirt3, Sirt4, Sirt5, Sirt6, Sirt7, Sis, Siva1, Six1, Six2, Six3, Six4, Six5, Six6, Skap1, Ski, Skic2, Skic3, Skic8, Skil, Skor1, Skor2, Skp1, Skp2, Sla2, Slamf9, Slbp, Slc10a7, Slc11a1, Slc12a3, Slc15a4, Slc16a1, Slc16a11, Slc16a2, Slc17a9, Slc1a1, Slc1a3, Slc22a13, Slc22a4, Slc23a2, Slc25a10, Slc25a11, Slc25a12, Slc25a13, Slc25a16, Slc25a17, Slc25a18, Slc25a2, Slc25a22, Slc25a25, Slc25a33, Slc25a37, Slc25a42, Slc25a44, Slc27a1, Slc27a2, Slc27a3, Slc27a4, Slc27a5, Slc27a6, Slc2a10, Slc2a13, Slc2a6, Slc2a8, Slc30a5, Slc30a8, Slc30a9, Slc35a1, Slc35a4, Slc35b2, Slc35b3, Slc35b4, Slc35c1, Slc35c2, Slc35d1, Slc35d2, Slc37a2, Slc37a4, Slc38a1, Slc38a2, Slc38a3, Slc39a14, Slc39a5, Slc39a8, Slc3a1, Slc3a2, Slc40a1, Slc45a2, Slc45a3, Slc4a1, Slc4a10, Slc4a4, Slc4a7, Slc51b, Slc52a2, Slc52a3, Slc6a17, Slc6a3, Slc6a7, Slc6a8, Slc6a9, Slc7a11, Slc7a7, Slc8a1, Slc8a2, Slc8a3, Slc9a1, Slco1a6, Slco3a1, Slf1, Slf2, Slfn1, Slfn14, Slfn2, Slfn8, Slfn9, Slirp, Slit2, Slk, Sltm, Slu7, Slx1b, Slx4, Slx9, Smad1, Smad2, Smad3, Smad4, Smad5, Smad6, Smad7, Smad9, Smarca1, Smarca2, Smarca4, Smarca5, Smarcad1, Smarcal1, Smarcb1, Smarcc1, Smarcc2, Smarcd1, Smarcd2, Smarcd3, Smarce1, Smc1a, Smc2, Smc3, Smc4, Smc5, Smc6, Smchd1, Smg1, Smg5, Smg6, Smg7, Smg8, Smg9, Smn1, Smndc1, Smo, Smoc2, Smok1, Smok2b, Smpd1, Smpd2, Smpd3, Smpd4, Smpd5, Smpdl3a, Smpdl3b, Smtnl1, Smu1, Smug1, Smurf1, Smurf2, Smyd1, Smyd2, Smyd3, Smyd5, Snai1, Snai2, Snai3, Snapc1, Snapc2, Snapc3, Snapc4, Snapc5, Snapin, Snca, Snd1, Snf8, Snhg15, Snhg20, Snip1, Snord32a, Snord33, Snord34, Snord35a, Snrk, Snrnp200, Snrnp25, Snrnp27, Snrnp35, Snrnp40, Snrnp48, Snrnp70, Snrpa, Snrpa1, Snrpb, Snrpb2, Snrpc, Snrpd1, Snrpd2, Snrpd3, Snrpe, Snrpert, Snrpf, Snrpg, Snrpn, Snta1, Snu13, Snw1, Snx1, Snx12, Snx3, Snx33, Snx5, Snx6, Snx9, Soat1, Soat2, Socs1, Socs2, Socs3, Socs4, Socs5, Socs6, Socs7, Sod1, Sod2, Sohlh1, Sohlh2, Son, Sorbs1, Sorbs3, Sord, Sorl1, Sos1, Sost, Sox1, Sox10, Sox11, Sox12, Sox13, Sox14, Sox15, Sox17, Sox18, Sox2, Sox21, Sox3, Sox30, Sox4, Sox5, Sox6, Sox7, Sox8, Sox9, Sp1, Sp100, Sp110, Sp140, Sp140l1, Sp140l2, Sp2, Sp3, Sp4, Sp5, Sp6, Sp7, Sp8, Sp9, Spag8, Spag9, Spam1, Spart, Spata18, Spata2, Spata20, Spata22, Spatc1l, Spcs1, Spcs2, Spcs3, Spdef, Spdya, Spdye4a, Spen, Spg11, Spg7, Sphk1, Sphk2, Spi1, Spib, Spic, Spidr, Spin1, Spin2c, Spin2d, Spin2e, Spin2g, Spin2h, Spin4, Spindoc, Spink1, Spink12, Spink2, Spink5, Spink6, Spire1, Spire2, Spn, Spns2, Spo11, Spocd1, Spock1, Spock3, Spon1, Spop, Spopfm2, Spopfm3, Spopl, Spout1, Spp1, Sppl2a, Sppl2b, Sppl2c, Sppl3, Spr, Spred1, Spred2, Sprr1a, Sprtn, Spry1, Spry2, Spry4, Spsb1, Spsb2, Spsb3, Spsb4, Sptbn4, Sptlc1, Sptlc2, Sptlc3, Sptssa, Sptssb, Spty2d1, Spx, Spz1, Sqle, Sqstm1, Sra1, Srbd1, Src, Srcin1, Srd5a1, Srd5a2, Srd5a3, Srebf1, Srebf2, Srek1, Srek1ip1, Srf, Srfbp1, Srgn, Srms, Srp9, Srpk1, Srpk2, Srpk3, Srr, Srrm1, Srrm2, Srrm4, Srrt, Srsf1, Srsf10, Srsf12, Srsf19, Srsf2, Srsf3, Srsf4, Srsf5, Srsf6, Srsf7, Srsf9, Sry, Ss18, Ss18l1, Ssb, Ssbp1, Ssbp2, Ssbp3, Ssbp4, Ssh1, Ssh2, Ssh3, Ssrp1, Ssty1, Ssty2, Ssu72, Ssxa1, St13, St14, St18, St3gal1, St3gal2, St3gal3, St3gal4, St3gal5, St3gal6, St6gal1, St6gal2, St6galnac1, St6galnac2, St6galnac3, St6galnac4, St6galnac5, St6galnac6, St8sia1, St8sia2, St8sia3, St8sia4, St8sia5, St8sia6, Stam, Stambp, Stambpl1, Star, Stard3, Stard4, Stat1, Stat2, Stat3, Stat4, Stat5a, Stat5b, Stat6, Stbd1, Stfa1, Stfa2, Stfa2l1, Stfa3, Stil, Sting1, Stk10, Stk11, Stk16, Stk17b, Stk24, Stk25, Stk26, Stk3, Stk31, Stk33, Stk36, Stk38, Stk38l, Stk39, Stk4, Stk40, Stn1, Stoml2, Stox1, Stox2, Stra8, Strada, Stradb, Strap, Strm, Strn3, Sts, Stt3a, Stt3b, Stub1, Stx1a, Stx5a, Styx, Styx-ps, Sub1, Sucla2, Suclg1, Suclg2, Sucnr1, Suds3, Sufu, Sugp1, Sugp2, Sulf1, Sulf2, Sult1a1, Sult1b1, Sult1c1, Sult1d1, Sult1e1, Sult2a1, Sult2a2, Sult2a3, Sult2a4, Sult2a5, Sult2a6, Sult2a7, Sult2a8, Sult2b1, Sult4a1, Sumf1, Sumf2, Sumo1, Sumo2, Sumo3, Supt16, Supt20, Supt3, Supt4a, Supt4b, Supt5, Supt6, Supt7l, Supv3l1, Suv39h1, Suv39h2, Suz12, Sva, Sval1, Sval2, Sval3, Svbp, Svip, Swap70, Swi5, Swsap1, Syap1, Syce3, Sycp1, Sycp3, Syf2, Syk, Sympk, Syncrip, Synj1, Synj2, Synpo2, Syvn1, T, Tab1, Tab2, Tacc1, Taco1, Tacr3, Tada1, Tada2a, Tada2b, Tada3, Taf1, Taf10, Taf11, Taf12, Taf13, Taf15, Taf1a, Taf1b, Taf1c, Taf1d, Taf2, Taf3, Taf4, Taf4b, Taf5, Taf5l, Taf6, Taf6l, Taf7, Taf7l, Taf8, Taf9, Taf9b, Tafazzin, Tagln3, Tal1, Tal2, Taldo1, Tamm41, Tank, Taok1, Taok3, Tarbp1, Tarbp2, Tardbp, Tars1, Tars2, Tars3, Tasor, Tasp1, Tat, Tax1bp1, Tbc1d10a, Tbc1d24, Tbc1d7, Tbca, Tbcb, Tbcc, Tbcd, Tbce, Tbcel, Tbk1, Tbl1x, Tbl1xr1, Tbl3, Tbp, Tbpl1, Tbpl2, Tbr1, Tbrg1, Tbrg4, Tbx1, Tbx10, Tbx15, Tbx18, Tbx19, Tbx2, Tbx20, Tbx21, Tbx22, Tbx3, Tbx4, Tbx5, Tbx6, Tbxas1, Tcea1, Tcea2, Tcea3, Tceal7, Tceanc, Tceanc2, Tcerg1, Tcf12, Tcf15, Tcf20, Tcf21, Tcf23, Tcf24, Tcf25, Tcf3, Tcf4, Tcf7, Tcf7l1, Tcf7l2, Tcfl5, Tcim, Tcirg1, Tcl1, Tcof1, Tcp1, Tcp10a, Tcp10b, Tcp10c, Tcrb, Tdg, Tdg-ps, Tdh, Tdo2, Tdp1, Tdp2, Tdpoz1, Tdpoz2, Tdpoz3, Tdpoz4, Tdpoz5, Tdpoz8, Tdpoz9, Tdrd1, Tdrd12, Tdrd3, Tdrd6, Tdrd7, Tdrd9, Tdrkh, Tead1, Tead2, Tead3, Tead4, Tecr, Tecrl, Tef, Tefm, Tek, Telo2, Ten1, Tenm1, Tenm2, Tent2, Tent4a, Tent4b, Tent5a, Tent5b, Tent5c, Tent5d, Tep1, Terb1, Terb2, Terc, Terf1, Terf2, Terf2ip, Tert, Tes3-ps, Tesc, Tescl, Tesk1, Tesk2, Tesmin, Tet1, Tet2, Tet3, Tex11, Tex12, Tex15, Tex19.1, Tex24, Tex264, Tfam, Tfap2a, Tfap2b, Tfap2c, Tfap2d, Tfap2e, Tfap4, Tfb1m, Tfb2m, Tfcp2, Tfcp2l1, Tfdp1, Tfdp2, Tfe3, Tfeb, Tfec, Tff3, Tfip11, Tfpt, Tfr2, Tfrc, Tgds, Tgfa, Tgfb1, Tgfb1i1, Tgfb2, Tgfb3, Tgfbr1, Tgfbr2, Tgfbr3, Tgfbrap1, Tgif1, Tgif2, Tgm1, Tgm2, Tgm3, Tgs1, Th, Tha1, Thada, Thap1, Thap11, Thap3, Thap4, Thap7, Thbs1, Thbs4, Them4, Them5, Thg1l, Thnsl2, Thoc1, Thoc2, Thoc3, Thoc5, Thoc6, Thoc7, Thop1, Thpo, Thra, Thrap3, Thrb, Thrsp, Thumpd1, Thumpd2, Thumpd3, Thy1, Tia1, Ticam1, Ticrr, Tigar, Timeless, Timm17a, Timm23, Timm50, Timp1, Timp2, Timp3, Timp4, Tinagl1, Tinf2, Tiparp, Tipin, Tirap, Tk1, Tk2, Tkfc, Tkt, Tlcd3b, Tle1, Tle2, Tle3, Tle4, Tle5, Tle6, Tlk1, Tlk2, Tll1, Tll2, Tlr1, Tlr2, Tlr3, Tlr4, Tlr6, Tlr7, Tlr8, Tlr9, Tlx1, Tlx2, Tlx3, Tm4sf20, Tm6sf2, Tm7sf2, Tm9sf2, Tm9sf5, Tmbim6, Tmcc2, Tmed10, Tmed10-ps, Tmed2, Tmem102, Tmem106a, Tmem106b, Tmem119, Tmem126a, Tmem129, Tmem132a, Tmem150a, Tmem161a, Tmem165, Tmem168, Tmem199, Tmem208, Tmem258, Tmem259, Tmem260, Tmem38b, Tmem41b, Tmem43, Tmem59, Tmem67, Tmem68, Tmem86a, Tmem86b, Tmem9, Tmem98, Tmf1, Tmigd3, Tmpo, Tmprss11a, Tmprss11b, Tmprss11c, Tmprss11d, Tmprss11e, Tmprss11f, Tmprss11g, Tmprss12, Tmprss13, Tmprss15, Tmprss2, Tmprss3, Tmprss4, Tmprss5, Tmprss6, Tmprss7, Tmprss9, Tmsb4x, Tmt1a, Tmt1a2, Tmt1a3, Tmtc1, Tmtc2, Tmtc3, Tmtc4, Tmub1, Tmub2, Tmx1, Tnf, Tnfaip1, Tnfaip3, Tnfaip8l3, Tnfrsf11a, Tnfrsf14, Tnfrsf18, Tnfrsf1a, Tnfrsf1b, Tnfrsf4, Tnfsf11, Tnfsf12, Tnfsf13, Tnfsf18, Tnfsf4, Tnfsf8, Tnik, Tnip1, Tnip2, Tnip3, Tnk1, Tnk2, Tnks, Tnks1bp1, Tnks2, Tnni2, Tnp1, Tnp2, Tnrc6a, Tnrc6b, Tnrc6c, Tns2, Tnxb, Tob1, Toe1, Tollip, Tom1l1, Tonsl, Top1, Top1mt, Top2a, Top2b, Top3a, Top3b, Top6bl, Topaz1, Topbp1, Topors, Toporsl, Tor1a, Tor1b, Tor2a, Tox, Tox2, Tox3, Tox4, Tpd52l1, Tpgs1, Tph1, Tph2, Tpi1, Tpk1, Tpp1, Tpp2, Tppp, Tpr, Tprkb, Tpsab1, Tpsb2, Tpsg1, Tpst1, Tpst2, Tpx2, Tra2a, Tra2b, Trabd2b, Traf1, Traf2, Traf3, Traf3ip1, Traf3ip2, Traf4, Traf5, Traf6, Traf7, Traip, Trak2, Trap1, Trappc9, Trdmt1, Treh, Trem2, Trerf1, Trex1, Trex2, Trf, Trhde, Triap1, Trib1, Trib2, Trib3, Trim11, Trim12a, Trim12c, Trim13, Trim14, Trim15, Trim17, Trim2, Trim21, Trim23, Trim24, Trim25, Trim26, Trim27, Trim28, Trim29, Trim3, Trim30a, Trim30b, Trim30c, Trim30d, Trim31, Trim32, Trim33, Trim34a, Trim34b, Trim35, Trim37, Trim38, Trim39, Trim40, Trim41, Trim44, Trim45, Trim47, Trim5, Trim52, Trim55, Trim56, Trim58, Trim59, Trim6, Trim62, Trim63, Trim65, Trim66, Trim67, Trim68, Trim69, Trim7, Trim71, Trim72, Trim8, Trim9, Triml1, Trip11, Trip12, Trip13, Trip4, Trir, Trit1, Trmo, Trmt1, Trmt10a, Trmt10b, Trmt10c, Trmt11, Trmt112, Trmt12, Trmt13, Trmt1l, Trmt2a, Trmt2b, Trmt44, Trmt5, Trmt6, Trmt61a, Trmt9b, Trmu, Trnau1ap, Trnt1, Tro, Trp53, Trp53bp1, Trp53inp1, Trp53inp2, Trp53rka, Trp53rkb, Trp63, Trp73, Trpc2, Trpc4ap, Trpc5, Trpc6, Trpm4, Trpm7, Trps1, Trpt1, Trpv1, Trpv4, Trrap, Trub1, Trub2, Try10, Try4, Try5, Tsacc, Tsc1, Tsc2, Tsc22d1, Tsc22d2, Tsc22d3, Tsc22d4, Tsen15, Tsen2, Tsen34, Tsen54, Tsfm, Tsg101, Tshz1, Tshz2, Tshz3, Tsix, Tsku, Tsn, Tsnax, Tspan10, Tspan14, Tspan15, Tspan17, Tspan33, Tspan5, Tspan9, Tspo, Tspyl2, Tspyl5, Tsr1, Tsr2, Tsr3, Tssc4, Tssk1, Tssk2, Tssk3, Tssk4, Tssk5, Tssk6, Ttbk1, Ttbk2, Ttc21b, Ttc3, Ttc36, Ttc39aos1, Ttc39b, Ttc39d, Ttc4, Ttc5, Ttc7, Ttc7b, Ttf1, Ttf2, Ttk, Ttl, Ttll1, Ttll10, Ttll11, Ttll12, Ttll13, Ttll2, Ttll3, Ttll4, Ttll5, Ttll6, Ttll7, Ttll8, Ttll9, Ttr, Tufm, Tulp4, Tunar, Tusc3, Tut1, Tut4, Tut7, Twist1, Twist2, Twnk, Txk, Txn1, Txndc5, Txnip, Txnl4a, Txnl4b, Txnrd1, Tymp, Tyms, Tyro3, Tyrp1, Tysnd1, Tyw1, Tyw3, Tyw5, U2af1, U2af1l4, U2af2, U2surp, Uap1, Uap1l1, Uba1, Uba1y, Uba2, Uba3, Uba5, Uba52, Uba6, Uba7, Ubac1, Ubac2, Ubap1, Ubap1l, Ubash3b, Ubb, Ubc, Ubd, Ube2a, Ube2b, Ube2c, Ube2d1, Ube2d2a, Ube2d2b, Ube2d3, Ube2d4, Ube2dnl1, Ube2dnl2, Ube2e1, Ube2e2, Ube2e3, Ube2f, Ube2frt, Ube2g1, Ube2g2, Ube2h, Ube2i, Ube2j1, Ube2j2, Ube2k, Ube2l3, Ube2l6, Ube2m, Ube2n, Ube2o, Ube2q1, Ube2q2, Ube2q2l, Ube2ql1, Ube2r2, Ube2s, Ube2srt, Ube2t, Ube2u, Ube2v1, Ube2v2, Ube2w, Ube2z, Ube3a, Ube3b, Ube3c, Ube3d, Ube4a, Ube4b, Ubl4a, Ubl5, Ubl5b, Ubl7, Ublcp1, Ubox5, Ubp1, Ubqln1, Ubqln2, Ubqln3, Ubqln4, Ubqln5, Ubqlnl, Ubr1, Ubr2, Ubr3, Ubr4, Ubr5, Ubr7, Ubtf, Ubtfl1, Ubxn1, Ubxn10, Ubxn11, Ubxn2a, Ubxn2b, Ubxn4, Ubxn6, Ubxn7, Ubxn8, Uchl1, Uchl1os, Uchl3, Uchl4, Uchl5, Uck1, Uck2, Uckl1, Ucn, Ucp1, Ucp2, Ucp3, Uevld, Ufc1, Ufd1, Ufl1, Ufm1, Ufsp1, Ufsp2, Ugcg, Ugdh, Uggt1, Uggt2, Ugp2, Ugt1a1, Ugt1a6a, Ugt1a7c, Ugt1a9, Ugt2a1, Ugt2a2, Ugt2b1, Ugt2b35, Ugt2b36, Ugt2b37, Ugt2b38, Ugt2b5, Ugt8a, Uhmk1, Uhrf1, Uhrf2, Uimc1, Ulk1, Ulk2, Ulk3, Ulk4, Umod, Umps, Unc119, Unc13a, Unc45a, Unc45b, Uncx, Ung, Unk, Unkl, Uox, Upb1, Upf1, Upf2, Upf3a, Upf3b, Upp1, Upp2, Uprt, Uqcc2, Uqcc3, Uqcrc2, Urad, Urah, Urb1, Uri1, Urm1, Uroc1, Usb1, Usf1, Usf2, Usf3, Usp1, Usp10, Usp11, Usp12, Usp13, Usp14, Usp15, Usp16, Usp17la, Usp17lb, Usp17lc, Usp17ld, Usp17le, Usp18, Usp19, Usp2, Usp20, Usp21, Usp22, Usp24, Usp25, Usp26, Usp27x, Usp28, Usp29, Usp3, Usp30, Usp32, Usp33, Usp34, Usp36, Usp37, Usp38, Usp39, Usp4, Usp40, Usp42, Usp43, Usp44, Usp45, Usp46, Usp47, Usp48, Usp49, Usp5, Usp50, Usp51, Usp54, Usp7, Usp8, Usp9x, Usp9y, Uspl1, Utf1, Utp11, Utp14a, Utp14b, Utp15, Utp18, Utp20, Utp23, Utp25, Utp3, Utp4, Utp6, Uvrag, Uvssa, Uxs1, Uxt, Vac14, Vangl2, Vapa, Vapb, Vars1, Vars2, Vash1, Vash2, Vax1, Vax2, Vbp1, Vcp, Vcpip1, Vcpkmt, Vdac1, Vdr, Vegfa, Vegfb, Vegfc, Vezf1, Vgll1, Vgll2, Vgll3, Vgll4, Vhl, Vim, Vip, Vipas39, Virma, Vkorc1, Vkorc1l1, Vldlr, Vnn1, Vps11, Vps13a, Vps18, Vps25, Vps28, Vps33b, Vps35, Vps36, Vps37a, Vps37b, Vps37c, Vps37d, Vps4a, Vps4b, Vps54, Vps72, Vrk1, Vrk2, Vrtn, Vsir, Vsx1, Vsx2, Vtn, Wac, Wapl, Wars1, Wars2, Was, Washc1, Wasl, Wbp11, Wbp1l, Wbp2, Wbp2nl, Wbp4, Wdfy2, Wdhd1, Wdr12, Wdr18, Wdr24, Wdr26, Wdr3, Wdr33, Wdr36, Wdr4, Wdr43, Wdr45, Wdr45b, Wdr46, Wdr48, Wdr5, Wdr55, Wdr59, Wdr6, Wdr74, Wdr75, Wdr77, Wdr81, Wdr82, Wdr83, Wdr83os, Wdr91, Wdsub1, Wdtc1, Wee1, Wee2, Wfdc6a, Wfikkn1, Wfs1, Wipi1, Wipi2, Wiz, Wnk1, Wnk2, Wnk3, Wnk4, Wnt1, Wnt10b, Wnt11, Wnt2, Wnt3a, Wnt4, Wnt5a, Wnt6, Wnt7a, Wnt9b, Wrap53, Wrn, Wrnip1, Wsb1, Wsb2, Wt1, Wtap, Wtip, Wwc1, Wwc2, Wwox, Wwp1, Wwp2, Wwtr1, Xab2, Xbp1, Xcl1, Xdh, Xiap, Xpa, Xpc, Xpnpep1, Xpnpep2, Xpnpep3, Xpo1, Xrcc1, Xrcc2, Xrcc3, Xrcc4, Xrcc5, Xrcc6, Xrn1, Xrn2, Xxylt1, Xylb, Xylt1, Xylt2, Yaf2, Yap1, Yars1, Yars2, Ybey, Ybx1, Ybx2, Ybx3, Ydjc, Yeats2, Yeats4, Yes1, Yipf5, Yju2, Yju2b, Ylpm1, Yme1l1, Yod1, Yrdc, Ythdc1, Ythdf1, Ythdf2, Ythdf3, Ywhab, Ywhah, Ywhaq, Ywhaq-ps3, Ywhaz, Yy1, Yy2, Zap70, Zar1, Zar1l, Zbed3, Zbed4, Zbed6, Zbtb1, Zbtb10, Zbtb11, Zbtb12, Zbtb14, Zbtb16, Zbtb17, Zbtb18, Zbtb2, Zbtb20, Zbtb21, Zbtb22, Zbtb24, Zbtb25, Zbtb26, Zbtb3, Zbtb32, Zbtb33, Zbtb34, Zbtb37, Zbtb38, Zbtb39, Zbtb4, Zbtb40, Zbtb41, Zbtb42, Zbtb43, Zbtb45, Zbtb46, Zbtb47, Zbtb48, Zbtb49, Zbtb5, Zbtb6, Zbtb7a, Zbtb7b, Zbtb7c, Zbtb8a, Zbtb8b, Zbtb8os, Zbtb9, Zc3h10, Zc3h12a, Zc3h12d, Zc3h13, Zc3h14, Zc3h15, Zc3h18, Zc3h3, Zc3h4, Zc3h6, Zc3h7a, Zc3h7b, Zc3h8, Zc3hav1, Zc3hc1, Zc4h2, Zcchc12, Zcchc13, Zcchc17, Zcchc4, Zcchc7, Zcchc8, Zcrb1, Zcwpw1, Zdhhc1, Zdhhc11, Zdhhc12, Zdhhc14, Zdhhc15, Zdhhc16, Zdhhc17, Zdhhc18, Zdhhc19, Zdhhc2, Zdhhc20, Zdhhc21, Zdhhc22, Zdhhc23, Zdhhc3, Zdhhc5, Zdhhc6, Zdhhc7, Zdhhc8, Zdhhc9, Zeb1, Zeb2, Zer1, Zfa-ps, Zfand2a, Zfand2b, Zfat, Zfhx2, Zfhx3, Zfhx4, Zfp1, Zfp1004, Zfp1005, Zfp1006, Zfp1007, Zfp101, Zfp1010, Zfp105, Zfp11, Zfp110, Zfp111, Zfp112, Zfp113, Zfp119a, Zfp119b, Zfp12, Zfp120, Zfp125, Zfp128, Zfp13, Zfp131, Zfp14, Zfp141, Zfp142, Zfp143, Zfp146, Zfp148, Zfp157, Zfp160, Zfp169, Zfp174, Zfp175, Zfp180, Zfp182, Zfp184, Zfp189, Zfp2, Zfp202, Zfp212, Zfp213, Zfp217, Zfp219, Zfp229, Zfp236, Zfp239, Zfp24, Zfp248, Zfp251, Zfp26, Zfp260, Zfp263, Zfp266, Zfp267, Zfp268, Zfp27, Zfp273, Zfp275, Zfp276, Zfp28, Zfp280b, Zfp280c, Zfp280d, Zfp281, Zfp286, Zfp287, Zfp292, Zfp296, Zfp3, Zfp30, Zfp316, Zfp317, Zfp318, Zfp319, Zfp322a, Zfp324, Zfp326, Zfp329, Zfp334, Zfp335, Zfp341, Zfp345, Zfp35, Zfp352, Zfp354a, Zfp354b, Zfp354c, Zfp358, Zfp36, Zfp362, Zfp365, Zfp366, Zfp367, Zfp369, Zfp36l1, Zfp36l2, Zfp36l3, Zfp37, Zfp382, Zfp383, Zfp384, Zfp385a, Zfp386, Zfp39, Zfp395, Zfp397, Zfp398, Zfp40, Zfp407, Zfp408, Zfp41, Zfp410, Zfp418, Zfp42, Zfp420, Zfp422, Zfp423, Zfp426, Zfp429, Zfp433, Zfp438, Zfp442, Zfp444, Zfp445, Zfp446, Zfp449, Zfp451, Zfp454, Zfp455, Zfp456, Zfp457, Zfp458, Zfp459, Zfp46, Zfp462, Zfp467, Zfp469, Zfp472, Zfp473, Zfp488, Zfp493, Zfp503, Zfp507, Zfp51, Zfp512b, Zfp513, Zfp516, Zfp518a, Zfp518b, Zfp52, Zfp521, Zfp523, Zfp524, Zfp53, Zfp534, Zfp536, Zfp54, Zfp541, Zfp551, Zfp553, Zfp558, Zfp560, Zfp563, Zfp566, Zfp568, Zfp57, Zfp574, Zfp575, Zfp579, Zfp58, Zfp580, Zfp582, Zfp583, Zfp59, Zfp592, Zfp593, Zfp595, Zfp597, Zfp598, Zfp599, Zfp60, Zfp600, Zfp605, Zfp606, Zfp607a, Zfp607b, Zfp608, Zfp609, Zfp612, Zfp616, Zfp617, Zfp619, Zfp62, Zfp623, Zfp626, Zfp628, Zfp629, Zfp637, Zfp638, Zfp639, Zfp64, Zfp641, Zfp644, Zfp646, Zfp647, Zfp648, Zfp65, Zfp652, Zfp653, Zfp654, Zfp655, Zfp658, Zfp661, Zfp663, Zfp664, Zfp667, Zfp668, Zfp672, Zfp677, Zfp68, Zfp683, Zfp689, Zfp69, Zfp691, Zfp692, Zfp696, Zfp697, Zfp7, Zfp703, Zfp704, Zfp706, Zfp707, Zfp708, Zfp709, Zfp710, Zfp711, Zfp712, Zfp715, Zfp719, Zfp72, Zfp729a, Zfp729b, Zfp735, Zfp738, Zfp74, Zfp740, Zfp746, Zfp747, Zfp747l1, Zfp748, Zfp750, Zfp758, Zfp759, Zfp760, Zfp763, Zfp764, Zfp764l1, Zfp768, Zfp770, Zfp771, Zfp772, Zfp773, Zfp775, Zfp777, Zfp78, Zfp780b, Zfp784, Zfp786, Zfp787, Zfp788, Zfp790, Zfp791, Zfp799, Zfp808, Zfp809, Zfp81, Zfp810, Zfp811, Zfp819, Zfp82, Zfp820, Zfp821, Zfp825, Zfp827, Zfp830, Zfp84, Zfp846, Zfp85, Zfp850, Zfp853, Zfp865, Zfp866, Zfp867, Zfp868, Zfp869, Zfp87, Zfp870, Zfp871, Zfp872, Zfp873, Zfp874a, Zfp874b, Zfp879, Zfp882, Zfp9, Zfp90, Zfp91, Zfp92, Zfp93, Zfp930, Zfp931, Zfp932, Zfp933, Zfp934, Zfp935, Zfp937, Zfp938, Zfp940, Zfp941, Zfp942, Zfp943, Zfp944, Zfp945, Zfp946, Zfp947, Zfp948, Zfp949, Zfp950, Zfp951, Zfp952, Zfp954, Zfp955a, Zfp955b, Zfp956, Zfp958, Zfp959, Zfp960, Zfp961, Zfp963, Zfp964, Zfp966, Zfp97, Zfp970, Zfp971, Zfp973, Zfp974, Zfp975, Zfp976, Zfp977, Zfp979, Zfp980, Zfp981, Zfp982, Zfp983, Zfp984, Zfp985, Zfp987, Zfp988, Zfp989, Zfp990, Zfp991, Zfp992, Zfp994, Zfp995, Zfp998, Zfpm1, Zfpm2, Zfta, Zfx, Zfy1, Zfy2, Zfyve26, Zfyve28, Zglp1, Zgpat, Zgrf1, Zhx1, Zhx2, Zhx3, Zic1, Zic2, Zic3, Zic4, Zic5, Zik1, Zim1, Zkscan1, Zkscan14, Zkscan16, Zkscan17, Zkscan2, Zkscan3, Zkscan4, Zkscan5, Zkscan6, Zkscan7, Zkscan8, Zmat2, Zmat5, Zmiz1, Zmiz2, Zmpste24, Zmym2, Zmym5, Zmynd10, Zmynd11, Zmynd15, Zmynd8, Zng1, Znhit1, Znhit3, Znhit6, Znrf1, Znrf2, Znrf3, Znrf4, Zp3, Zp3r, Zpbp2, Zpr1, Zranb1, Zranb2, Zranb3, Zrsr2, Zrsr2-ps1, Zscan10, Zscan12, Zscan2, Zscan20, Zscan21, Zscan22, Zscan25, Zscan26, Zscan29, Zscan4-ps1, Zscan4-ps2, Zscan4-ps3, Zscan4b, Zscan4c, Zscan4d, Zscan4e, Zscan4f, Zscan5b, Zswim2, Zswim7, Zswim8, Zxdb, Zxdc, Zyg11b, Zzef1, Zzz3
GO:0008152	metabolic process	11408	241	166.18	8.8e-14	2.718144e-10	1600014C10Rik, 1700017N19Rik, 1700028K03Rik, 1700066M21Rik, 1810009J06Rik, 1810024B03Rik, 2010315B03Rik, 2610005L07Rik, 2610008E11Rik, 2610021A01Rik, 2610042L04Rik, 2810021J22Rik, 4930402F06Rik, 4930402K13Rik, 4930438A08Rik, 4930447C04Rik, 4930480E11Rik, 4930486L24Rik, 4930522L14Rik, 4930568D16Rik, 4931414P19Rik, 4933405O20Rik, 5730507C01Rik, 6030468B19Rik, 6430550D23Rik, 9630013A20Rik, 9930111J21Rik1, a, A1cf, A3galt2, A430033K04Rik, A4galt, A4gnt, A630001G21Rik, Aaas, Aacs, Aadac, Aadat, Aak1, Aamdc, Aanat, Aar2, Aars1, Aars2, Aarsd1, Aasdh, Aasdhppt, Aass, Aatf, Aatk, Abat, Abca1, Abca12, Abca17, Abca2, Abca3, Abca4, Abca5, Abca7, Abca8a, Abca8b, Abcb10, Abcb11, Abcb6, Abcb7, Abcb9, Abcc10, Abcc2, Abcc5, Abcc6, Abcc8, Abcc9, Abcd1, Abcd2, Abcd3, Abcd4, Abce1, Abcf1, Abcg1, Abcg2, Abcg3, Abcg4, Abhd1, Abhd10, Abhd11, Abhd12, Abhd12b, Abhd13, Abhd14b, Abhd15, Abhd16a, Abhd16b, Abhd17a, Abhd17b, Abhd17c, Abhd2, Abhd3, Abhd4, Abhd5, Abhd6, Abhd8, Abi1, Abi2, Abi3, Abl1, Abl2, Ablim1, Ablim2, Ablim3, Abo, Abra, Abraxas1, Abraxas2, Abt1, Abtb1, Acaa1a, Acaa1b, Acaa2, Acaca, Acacb, Acad10, Acad11, Acad12, Acad8, Acad9, Acadl, Acadm, Acads, Acadsb, Acadvl, Acan, Acap1, Acat1, Acat2, Acbd3, Acbd5, Acbd7, Accs, Accsl, Acd, Ace, Ace2, Ace3, Acer1, Acer2, Acer3, Ache, Acin1, Ackr1, Acly, Acmsd, Acnat1, Acnat2, Aco1, Aco2, Acod1, Acot1, Acot10, Acot11, Acot12, Acot13, Acot2, Acot3, Acot4, Acot5, Acot6, Acot7, Acot8, Acot9, Acox1, Acox2, Acox3, Acoxl, Acp3, Acp4, Acp5, Acp6, Acr, Acsbg1, Acsbg2, Acsbg3, Acsf2, Acsf3, Acsl1, Acsl3, Acsl4, Acsl5, Acsl6, Acsm1, Acsm2, Acsm3, Acsm4, Acsm5, Acss1, Acss2, Acss3, Acta1, Acta2, Actb, Actc1, Actg1, Actg2, Actl6a, Actl6b, Actmap, Actn1, Actn2, Actn3, Actn4, Actr2, Actr3, Actr5, Actr6, Actr8, Actrt1, Acvr1, Acvr1b, Acvr2a, Acvr2b, Acvrl1, Acy1, Ada, Adad1, Adad2, Adal, Adam10, Adam11, Adam12, Adam15, Adam17, Adam18, Adam19, Adam1a, Adam1b, Adam2, Adam20, Adam21, Adam22, Adam23, Adam24, Adam25, Adam26a, Adam26b, Adam28, Adam29, Adam3, Adam30, Adam32, Adam33, Adam34, Adam34l, Adam39, Adam4, Adam5, Adam6a, Adam6b, Adam7, Adam8, Adam9, Adamdec1, Adamts1, Adamts10, Adamts12, Adamts13, Adamts14, Adamts15, Adamts16, Adamts17, Adamts18, Adamts19, Adamts2, Adamts20, Adamts3, Adamts4, Adamts5, Adamts6, Adamts7, Adamts8, Adamts9, Adar, Adarb1, Adarb2, Adat1, Adat2, Adat3, Adck2, Adcy1, Adcy10, Adcy2, Adcy3, Adcy4, Adcy5, Adcy6, Adcy7, Adcy8, Adcy9, Adcyap1, Adcyap1r1, Add1, Adgb, Adgrb1, Adgrf1, Adgrf5, Adgrg1, Adgrg3, Adgrv1, Adh1, Adh4, Adh5, Adh6a, Adh6b, Adh7, Adhfe1, Adi1, Adipoq, Adipor1, Adipor2, Adissp, Adk, Adm, Adm2, Adnp, Adnp2, Adora1, Adora2a, Adora2b, Adora3, Adpgk, Adprh, Adprhl1, Adprs, Adra1a, Adra1b, Adra2a, Adra2b, Adra2c, Adrb1, Adrb2, Adrb3, Adrm1, Adrm1b, Adsl, Adss1, Adss2, Adtrp, Aebp1, Aebp2, Aen, Afap1l2, Afdn, Aff1, Aff2, Aff3, Aff4, Afg1l, Afg2b, Afg3l1, Afg3l2, Afmid, Afp, Aga, Agap2, Agap3, Agbl1, Agbl2, Agbl3, Agbl4, Agbl5, Ager, Agk, Agl, Agmat, Agmo, Ago1, Ago2, Ago3, Ago4, Agpat1, Agpat2, Agpat3, Agpat4, Agpat5, Agps, Agr2, Agrn, Agt, Agtpbp1, Agtr1a, Agtr1b, Agtr2, Agxt, Agxt2, Ahcy, Ahcyl, Ahcyl1, Ahcyl2, Ahdc1, Ahi1, Ahnak, Ahnak2, Ahr, Ahrr, Ahsa1, Ahsa2, Ahsp, AI854703, AI987944, Aicda, Aida, Aif1, Aifm1, Aifm2, Aig1, Aim2, Aimp1, Aimp2, Aip, Aipl1, Aire, Airn, Ajuba, Ak1, Ak2, Ak3, Ak4, Ak5, Ak6, Ak7, Ak8, Ak9, Akap11, Akap12, Akap17b, Akap5, Akap6, Akap8, Akap8l, Akap9, Akirin1, Akirin2, Akna, Akp3, Akr1a1, Akr1b1, Akr1b7, Akr1c12, Akr1c13, Akr1c14, Akr1c18, Akr1c19, Akr1c20, Akr1c21, Akr1c6, Akr1cl, Akr1d1, Akr7a5, Akt1, Akt1s1, Akt2, Akt3, Aktip, Alad, Alas1, Alas2, Aldh18a1, Aldh1a1, Aldh1a2, Aldh1a3, Aldh1a7, Aldh1b1, Aldh1l1, Aldh1l2, Aldh2, Aldh3a1, Aldh3a2, Aldh3b1, Aldh3b2, Aldh3b3, Aldh4a1, Aldh5a1, Aldh6a1, Aldh7a1, Aldh8a1, Aldh9a1, Aldoa, Aldoart1, Aldoart2, Aldob, Aldoc, Alg1, Alg10b, Alg11, Alg12, Alg13, Alg14, Alg2, Alg3, Alg5, Alg6, Alg8, Alg9, Alk, Alkbh1, Alkbh2, Alkbh3, Alkbh4, Alkbh5, Alkbh7, Alkbh8, Allc, Alms1, Alox12, Alox12b, Alox12e, Alox15, Alox5, Alox5ap, Alox8, Aloxe3, Alpi, Alpk2, Alpl, Als2, Alx1, Alx3, Alx4, Alyref, Alyref2, Alyreffm1, Alyreffm10, Alyreffm11, Alyreffm14, Alyreffm2, Alyreffm3, Alyreffm4, Alyreffm5, Alyreffm6, Alyreffm7, Alyreffm8, Alyreffm9, Amacr, Ambp, Ambra1, Amd1, Amd2, Amdhd1, Amdhd2, Amer1, Amfr, Amh, Amn, Amn1, Amot, Amotl2, Ampd1, Ampd2, Ampd3, Amt, Amy1, Amy2a1, Amy2a5, Amz1, Amz2, Anapc1, Anapc10, Anapc11, Anapc13, Anapc15, Anapc15-ps, Anapc16, Anapc2, Anapc4, Anapc5, Anapc7, Ang, Ang2, Ang3, Ang4, Ang5, Ang6, Angel2, Angpt1, Angpt2, Angpt4, Angptl3, Angptl4, Angptl8, Ank, Ank1, Ank2, Ank3, Ankib1, Ankle1, Ankle2, Ankra2, Ankrd1, Ankrd11, Ankrd16, Ankrd17, Ankrd2, Ankrd23, Ankrd26, Ankrd31, Ankrd42, Ankrd49, Ankrd54, Ankrd66, Ankrd9, Anks1, Ankzf1, Ano9, Anpep, Antkmt, Antxr1, Anxa1, Anxa2, Anxa3, Anxa4, Anxa7, Anxa8, Aoah, Aoc1, Aoc1l1, Aoc1l2, Aoc1l3, Aoc2, Aoc3, Aopep, Aox1, Aox2, Aox3, Aox4, Ap1ar, Ap2a1, Ap3b1, Ap3d1, Ap4m1, Ap5s1, Ap5z1, Apaf1, Apba1, Apba2, Apba3, Apbb1, Apbb2, Apbb3, Apc, Apc2, Apcs, Apeh, Apex1, Apex2, Aph1a, Aph1b, Aph1c, Apip, Aplf, Apln, Aplnr, Aplp1, Aplp2, Apmap, Apoa1, Apoa2, Apoa4, Apoa5, Apob, Apobec1, Apobec2, Apobec3, Apobec4, Apobr, Apoc1, Apoc2, Apoc2l, Apoc3, Apod, Apoe, Apof, Apoh, Apom, Apon, App, Appbp2, Appl1, Appl2, Aprt, Aptx, Aqp11, Aqp4, Aqp8, Aqr, Ar, Araf, Arap1, Arb2a, Areg, Arel1, Arf1, Arf4, Arfgef1, Arfgef2, Arfip2, Arg1, Arg2, Arglu1, Arhgap26, Arhgef11, Arhgef2, Arhgef5, Arid1a, Arid1b, Arid2, Arid3a, Arid3b, Arid3c, Arid4a, Arid4b, Arid5a, Arid5b, Arih1, Arih2, Ark2c, Ark2n, Arl1, Arl2, Arl2bp, Arl6ip4, Arl6ip5, Arl8b, Armc3, Armc5, Armc7, Armc8, Armcx3, Armt1, Arnt, Arnt2, Arpp19, Arr3, Arrb1, Arrb2, Arrdc1, Arrdc3, Arrdc4, Arsa, Arsb, Arsg, Art2a, Art2b, Arv1, Arvcf, Arx, Arxes1, Arxes2, As3mt, Asah1, Asah2, Asb1, Asb10, Asb11, Asb12, Asb13, Asb14, Asb15, Asb16, Asb17, Asb18, Asb2, Asb3, Asb4, Asb5, Asb6, Asb7, Asb8, Asb9, Ascc1, Ascc2, Ascc3, Ascl1, Ascl2, Ascl3, Ascl4, Ascl5, Asf1a, Asgr2, Ash1l, Ash2l, Asl, Asmt, Asns, Asnsd1, Aspa, Aspdh, Aspg, Asph, Asprv1, Aspscr1, Asrgl1, Ass1, Aste1, Astl, Asxl1, Asxl2, Asxl3, Asz1, Atad2, Atad2b, Atad5, Atat1, Atcay, Ate1, Atf1, Atf1-ps, Atf2, Atf3, Atf4, Atf5, Atf6, Atf6b, Atf7, Atf7ip, Atf7ip2, Atg10, Atg101, Atg12, Atg13, Atg14, Atg16l1, Atg16l2, Atg2a, Atg2b, Atg3, Atg4a, Atg4a-ps, Atg4b, Atg4c, Atg4d, Atg5, Atg5lrt, Atg7, Atg9a, Atg9b, Atic, Atm, Atmin, Atn1, Atoh1, Atoh7, Atoh8, Atp13a2, Atp1a1, Atp1a2, Atp1a3, Atp1b1, Atp1b4, Atp23, Atp2a2, Atp2b1, Atp2b2, Atp2b4, Atp4b, Atp5f1a, Atp5f1b, Atp5f1c, Atp5f1d, Atp5f1e, Atp5if1, Atp5mc1, Atp5mc2, Atp5mc3, Atp5me, Atp5mf, Atp5mg, Atp5pb, Atp5pd, Atp5pf, Atp5po, Atp6-ps, Atp6ap2, Atp6v0a1, Atp6v1a, Atp6v1b1, Atp6v1b2, Atp7a, Atp8b1, Atpsckmt, Atr, Atraid, Atrip, Atrx, Atxn1, Atxn1l, Atxn2l, Atxn3, Atxn7, Atxn7l3, Atxn7l3b, AU041133, Auh, Aunip, Aup1, Aurka, Aurkaip1, Aurkb, Aurkc, Auts2, Avil, Avp, Avpr1a, Avpr1b, Avpr2, AW146154, Awat1, Awat2, Axin1, Axin2, Axl, Aym1, Azi2, Azin1, Azin2, B020011L13Rik, B2m, B3galnt1, B3galnt2, B3galt1, B3galt2, B3galt4, B3galt5, B3galt6, B3galt9, B3gat1, B3gat2, B3gat3, B3glct, B3gnt2, B3gnt3, B3gnt4, B3gnt5, B3gnt6, B3gnt7, B3gnt8, B3gnt9, B3gntl1, B4galnt1, B4galnt2, B4galnt3, B4galnt4, B4galt1, B4galt2, B4galt3, B4galt4, B4galt5, B4galt6, B4galt7, B4gat1, Baat, Babam1, Babam2, Bace1, Bace2, Bach1, Bach2, Bad, Bag1, Bag2, Bag3, Bag4, Bag5, Bag6, Bahd1, Bak1, Bambi, Banf1, Bank1, Banp, Bap1, Bard1, Barhl1, Barhl2, Barx1, Barx2, Basp1, Batf, Batf2, Batf3, Bax, Baz1a, Baz1b, Baz2a, Bbip1, Bbln, Bbox1, Bbs1, Bbs2, Bbs4, Bbs7, Bbx, BC004004, BC005624, BC024063, BC051665, Bc1, Bcap31, Bcar3, Bcas2, Bcas3, Bcat1, Bcat2, Bccip, Bcdin3d, Bche, Bckdha, Bckdhb, Bckdk, Bcl10, Bcl11a, Bcl11b, Bcl2, Bcl2l1, Bcl2l11, Bcl2l12, Bcl2l13, Bcl3, Bcl6, Bcl6b, Bcl7a, Bcl7b, Bcl7c, Bcl9, Bcl9l, Bclaf1, Bclaf3, Bco1, Bco2, Bcor, Bcorl1, Bcr, Bdh1, Bdh2, Bdkrb1, Bdkrb2, Bdnf, Bdp1, Becn1, Becn2, Bend2, Bend3, Bend5, Bend6, Bex1, Bex2, Bex3, Bex4, Bex6, Bfar, Bglap, Bglap2, Bhlha15, Bhlha9, Bhlhe22, Bhlhe23, Bhlhe40, Bhlhe41, Bhmt, Bhmt1b, Bhmt2, Bicra, Bicral, Bid, Bin1, Birc2, Birc3, Birc5, Birc6, Birc7, Blk, Blm, Blmh, Blnk, Bloc1s1, Bloc1s2, Bloc1s6, Bloodlinc, Bltp1, Blvra, Blvrb, Bmal1, Bmal2, Bmf, Bmi1, Bmncr, Bmp1, Bmp10, Bmp15, Bmp2, Bmp3, Bmp4, Bmp5, Bmp6, Bmp7, Bmp8b, Bmpr1a, Bmpr1b, Bmpr2, Bms1, Bmx, Bmyc, Bnc1, Bnc2, Bnip3, Bnip3l, Bnip3l-ps, Bod1l, Bok, Bola3, Boll, Bop1, Bpgm, Bpi, Bpnt1, Bpnt2, Bptf, Braf, Brap, Brat1, Brca1, Brca2, Brcc3, Brcc3dc, Brd1, Brd2, Brd3, Brd4, Brd7, Brd8, Brd9, Brdt, Brf1, Brf2, Brinp1, Brip1, Brix1, Brme1, Brms1, Brms1l, Brpf1, Brpf3, Brsk1, Brsk2, Brwd1, Brwd3, Bscl2, Bsg, Bst1, Bst2, Bsx, Btaf1, Btbd1, Btbd18, Btbd35f1, Btbd9, Btd, Btg1, Btg2, Btg4, Btk, Btn1a1, Btn2a2, Btnl1, Btnl10, Btnl12, Btnl2, Btnl4, Btnl6, Btnl9, Btrc, Bud13, Bud23, Bud31, Bvht, Bysl, Bzw1, Bzw2, C1d, C1galt1, C1galt1c1, C1qbp, C1qtnf1, C1qtnf12, C1qtnf2, C1qtnf3, C1qtnf4, C1qtnf9, C1ra, C1rb, C1rl, C1s1, C1s2, C2, C2cd3, C3, C3ar1, C4bp, C5ar1, C5ar2, C9orf72, Cab39, Cacna1a, Cacna1h, Cacnb4, Cacng7, Cactin, Cacul1, Cacybp, Cad, Cadm1, Cadm4, Calcoco1, Calcoco2, Calcr, Calhm6, Calm1, Calm2, Calm3, Calr, Calr3, Calr4, Camk1, Camk1d, Camk2a, Camk2b, Camk2d, Camk2g, Camk4, Camkk2, Camkmt, Caml, Camp, Camta1, Camta2, Cand1, Cand2, Cant1, Canx, Capn1, Capn10, Capn11, Capn12, Capn13, Capn15, Capn2, Capn3, Capn5, Capn6, Capn7, Capn8, Capn9, Capns1, Caprin1, Caprin2, Car5a, Card10, Card11, Card14, Card9, Carf, Carhsp1, Carlr, Carm1, Carmil1, Carmil2, Carmn, Carnmt1, Carns1, Cars1, Cars2, Cartpt, Casc3, Casd1, Cask, Casp1, Casp12, Casp14, Casp2, Casp3, Casp4, Casp6, Casp7, Casp8, Casp8ap2, Casp9, Casr, Cass4, Cast, Casz1, Cat, Cav1, Cav2, Cav3, Cavin1, Cavin2, Cavin3, Cavin4, Cbfa2t2, Cbfa2t3, Cbfb, Cbl, Cblb, Cblc, Cbll1, Cbr1, Cbr1b, Cbr2, Cbr3, Cbr4, Cbs, Cbx1, Cbx2, Cbx3, Cbx4, Cbx5, Cbx6, Cbx7, Cbx8, Cby1, Cc2d1a, Cc2d1b, Ccar1, Ccar2, Ccbe1, Ccdc115, Ccdc117, Ccdc124, Ccdc146, Ccdc159, Ccdc22, Ccdc3, Ccdc47, Ccdc62, Ccdc85b, Ccdc88a, Ccdc88b, Ccin, Cck, Ccl1, Ccl19, Ccl19-ps1, Ccl19-ps3, Ccl19-ps4, Ccl19-ps5, Ccl19-ps6, Ccl2, Ccl20, Ccl21a, Ccl3, Ccl4, Ccl5, Ccm2l, Ccn1, Ccn2, Ccn3, Ccn4, Ccn6, Ccna2, Ccnb1, Ccnb1-ps, Ccnb1ip1, Ccnc, Ccnd1, Ccnd2, Ccnd3, Ccne1, Ccne2, Ccnf, Ccnh, Ccnk, Ccnl1, Ccnl2, Ccnq, Ccnt1, Ccnt2, Ccny, Ccnyl1, Ccpg1, Ccr1, Ccr1l1, Ccr2, Ccr5, Ccr6, Ccr7, Ccs, Cct2, Cct3, Cct4, Cct5, Cct6a, Cct6b, Cct7, Cct8, Cct8l1, Cd109, Cd14, Cd160, Cd177, Cd1d1, Cd1d2, Cd2, Cd200, Cd200r1, Cd209b, Cd209d, Cd22, Cd226, Cd244a, Cd247, Cd24a, Cd27, Cd274, Cd276, Cd28, Cd2ap, Cd2bp2, Cd300a, Cd300c2, Cd300ld, Cd300ld3, Cd320, Cd34, Cd36, Cd37, Cd38, Cd3e, Cd4, Cd40, Cd40lg, Cd44, Cd46, Cd47, Cd55, Cd55b, Cd59a, Cd6, Cd74, Cd80, Cd81, Cd83, Cd84, Cd86, Cd96, Cda, Cdadc1, Cdc123, Cdc14a, Cdc14b, Cdc16, Cdc20, Cdc20b, Cdc23, Cdc25b, Cdc26, Cdc27, Cdc34, Cdc34b, Cdc37, Cdc37l1, Cdc40, Cdc42, Cdc42bpa, Cdc42bpb, Cdc42bpg, Cdc45, Cdc5l, Cdc5lrt1, Cdc5lrt10, Cdc5lrt4, Cdc5lrt5, Cdc5lrt6, Cdc5lrt7, Cdc5lrt8, Cdc5lrt9, Cdc6, Cdc7, Cdc73, Cdca3, Cdca5, Cdca7, Cdca7l, Cdh1, Cdh13, Cdh3, Cdh5, Cdipt, Cdk1, Cdk10, Cdk11b, Cdk12, Cdk13, Cdk16, Cdk2, Cdk20, Cdk2ap1, Cdk2ap1rt, Cdk3, Cdk4, Cdk5, Cdk5r1, Cdk5r2, Cdk5rap1, Cdk5rap2, Cdk5rap3, Cdk6, Cdk7, Cdk8, Cdk9, Cdkal1, Cdkl5, Cdkn1a, Cdkn1b, Cdkn1c, Cdkn2a, Cdkn2b, Cdkn2c, Cdkn2d, Cdkn3, Cdo1, Cdon, Cds1, Cds2, Cdsn, Cdt1, Cdx1, Cdx2, Cdx4, Cdyl, Ceacam1, Ceacam2, Ceacam20, Cebpa, Cebpb, Cebpd, Cebpe, Cebpg, Cebpz, Cel, Cela1, Cela2a, Cela3a, Cela3b, Celf1, Celf2, Celf3, Celf4, Celf5, Celf6, Celrr, Celsr2, Celsr3, Cemip, Cemip2, Cenatac, Cenpe, Cenpf, Cenpk, Cenps, Cenpv, Cenpx, Cep128, Cep164, Cep290, Cep295, Cep41, Cep43, Cep63, Cep78, Cep85, Cept1, Cer1, Cerk, Cerkl, Cers1, Cers2, Cers3, Cers4, Cers5, Cers6, Cert1, Ces1a, Ces1b, Ces1c, Ces1d, Ces1e, Ces1f, Ces1g, Ces1h, Ces2a, Ces2b, Ces2c, Ces2e, Ces2f, Ces2g, Ces2h, Cetn2, Cfap119, Cfap20, Cfap52, Cfap70, Cfb, Cfd, Cfh, Cfhr4, Cfi, Cfl1, Cflar, Cftr, Cga, Cgas, Cggbp1, Ch25h, Chac1, Chac2, Chaer1, Chaf1a, Chaf1b, Chaserr, Chat, Chchd1, Chchd10, Chchd2, Chchd2-ps, Chchd4, Chchd5, Chd1l, Chd2, Chd3, Chd4, Chd5, Chd6, Chd7, Chd8, Chdh, Chek1, Chek2, Cherp, Chfr, Chga, Chi3l1, Chia1, Chid1, Chil3, Chil4, Chil5, Chil6, Chit1, Chka, Chkb, Chlsn, Chm, Chml, Chmp1a, Chmp1b, Chmp1b2, Chmp2a, Chmp2b, Chmp3, Chmp4b, Chmp4c, Chmp5, Chmp6, Chmp7, Chordc1, Chp1, Chp2, Chpf, Chpf2, Chpt1, Chrac1, Chrd, Chrm5, Chrna3, Chrna4, Chrna7, Chrnb2, Chst1, Chst10, Chst11, Chst12, Chst13, Chst14, Chst15, Chst2, Chst3, Chst4, Chst5, Chst7, Chst8, Chst9, Chsy1, Chsy3, Chtf18, Chtf8, Chtop, Chuk, Churc1, Ciao1, Ciao3, Ciart, Cib1, Cic, Cidea, Cideb, Cidec, Ciita, Cilk1, Cilp, Cimap3, Cinp, Cipc, Cir1, Cirbp, Cirop, Cisd1, Cisd2, Cish, Cited1, Cited2, Cited4, Ciz1, Ckap2, Ckap5, Ckb, Ckm, Ckmt1, Ckmt2, Cks1b, Cks2, Clasrp, Clca1, Clca2, Clca3a1, Clca4a, Clcf1, Clcn2, Clcn3, Cldn13, Cldn19, Cldn3, Cldn4, Cldn5, Clec12a, Clec16a, Clec2i, Clec3b, Clec4a2, Clec4a3, Clec4a4, Clec4e, Clec4n, Clec5a, Clec7a, Clec9a, Clgn, Clic5, Clip3, Clk1, Clk2, Clk3, Clk4, Cln3, Cln5, Cln6, Cln8, Clnk, Clns1a, Clock, Clp1, Clpp, Clps, Clpsl2, Clpx, Clspn, Clstn3, Cltc, Clu, Clybl, Cma1, Cma2, Cmah, Cmas, Cmklr1, Cmpk1, Cmpk2, Cmtm2a, Cmtr1, Cmtr2, Cnbp, Cndp1, Cndp2, Cnep1r1, Cnksr3, Cnn2, Cnot1, Cnot10, Cnot11, Cnot2, Cnot3, Cnot4, Cnot6, Cnot6l, Cnot7, Cnot8, Cnot9, Cnp, Cnpy2, Cnr1, Cnr2, Cntd1, Cntf, Cntn1, Cntn2, Cntnap2, Cntnap5a, Coa3, Coa6, Coa8, Coasy, Cog1, Cog2, Cog3, Cog4, Cog5, Cog6, Cog7, Cog8, Coil, Col11a1, Col1a1, Col1a2, Col2a1, Col3a1, Col4a2, Col5a1, Col6a1, Colec10, Colec11, Commd1, Commd6, Commd7, Comp, Comt, Comtd1, Cop1, Cops2, Cops3, Cops4, Cops5, Cops6, Cops7a, Cops7b, Cops8, Cops9, Coq10b, Coq2, Coq3, Coq4, Coq5, Coq6, Coq7, Coq8a, Coq8b, Coq9, Corin, Coro1c, Cox10, Cox11, Cox15, Cox4i1, Cox4i2, Cox5a, Cox5b, Cox6a1, Cox6a2, Cox6b1, Cox6b2, Cox6c, Cox7a1, Cox7a2, Cox7a2l, Cox7b, Cox7b2, Cox7c, Cox8a, Cox8b, Cox8c, Cpa1, Cpa2, Cpa3, Cpa4, Cpa5, Cpa6, Cpap, Cpb1, Cpb2, Cpd, Cpe, Cpeb1, Cpeb2, Cpeb3, Cpeb4, Cphx1, Cplane2, Cpm, Cpn1, Cpne1, Cpox, Cpped1, Cpq, Cps1, Cpsf1, Cpsf2, Cpsf3, Cpsf4, Cpsf6, Cpsf7, Cpt1a, Cpt1b, Cpt1c, Cpt2, Cptp, Cpvl, Cpz, Crabp2, Crat, Crb1, Crb2, Crbn, Crcp, Creb1, Creb3, Creb3l1, Creb3l2, Creb3l3, Creb3l4, Creb5, Crebbp, Crebl2, Crebrf, Crebzf, Creg1, Crem, Crh, Crhbp, Crhr2, Crip1, Cript, Cripto, Crk, Crkl, Crlf1, Crlf2, Crlf3, Crls1, Crnde, Crnkl1, Crnn, Crot, Crp, Crppa, Crtam, Crtap, Crtc1, Crtc2, Crtc3, Crx, Crxos, Cry1, Cry2, Cryaa, Cryab, Cryba1, Cryl1, Crym, Cryz, Cs, Csad, Csdc2, Csde1, Csf1, Csf1r, Csf2, Csf3, Csgalnact1, Csgalnact2, Csk, Csl, Csmd1, Csnk1a1, Csnk1d, Csnk1e, Csnk2a1, Csnk2a2, Csnk2b, Cspg4, Csrnp1, Csrnp2, Csrnp3, Csrp3, Cst3, Cst5, Cst7, Csta1, Csta2, Csta3, Cstb, Cstdc3, Cstdc4, Cstdc5, Cstdc6, Cstf1, Cstf2, Cstf2t, Cstf3, Cstl1, Ctag2, Ctag2l1, Ctag2l2, Ctbp1, Ctbp2, Ctbs, Ctc1, Ctcf, Ctcfl, Ctdnep1, Ctdp1, Ctdsp1, Ctdsp2, Ctdspl, Ctdspl2, Ctf1, Cth, Cthrc1, Ctif, Ctla2a, Ctnnb1, Ctnnbip1, Ctnnbl1, Ctnnd1, Ctns, Ctps1, Ctps2, Ctr9, Ctrb1, Ctrc, Ctrl, Cts3, Cts6, Cts7, Cts8, Ctsa, Ctsb, Ctsc, Ctsd, Ctse, Ctsf, Ctsg, Ctsh, Ctsj, Ctsk, Ctsl, Ctsll3, Ctsm, Ctso, Ctsq, Ctsr, Ctss, Ctsw, Ctsz, Cttn, Cttnbp2nl, Ctu1, Ctu2, Cubn, Cuedc2, Cul1, Cul2, Cul3, Cul4a, Cul4b, Cul5, Cul7, Cul9, Cux1, Cux2, Cuzd1, Cwc15, Cwc22, Cwc22rt1, Cwc22rt2, Cwc22rt3, Cwc22rt4, Cwc22rt5, Cwc22rt6, Cwc22rt7, Cwc25, Cwc27, Cwf19l1, Cwf19l2, Cwh43, Cx3cl1, Cx3cr1, Cxcl1, Cxcl17, Cxcl5, Cxcr3, Cxcr4, Cxxc1, Cxxc5, Cyb5a, Cyb5b, Cyb5r1, Cyb5r2, Cyb5r3, Cyb5r4, Cyba, Cybb, Cybc1, Cyc1, Cycs, Cyct, Cyfip1, Cyfip2, Cygb, Cyld, Cym, Cyp11a1, Cyp11b1, Cyp11b2, Cyp17a1, Cyp19a1, Cyp1a1, Cyp1a2, Cyp1b1, Cyp21a1, Cyp24a1, Cyp26a1, Cyp26b1, Cyp26c1, Cyp27a1, Cyp27b1, Cyp2a12, Cyp2a22, Cyp2a4, Cyp2a5, Cyp2ab1, Cyp2b10, Cyp2b13, Cyp2b19, Cyp2b23, Cyp2b9, Cyp2c23, Cyp2c29, Cyp2c37, Cyp2c38, Cyp2c39, Cyp2c40, Cyp2c50, Cyp2c54, Cyp2c55, Cyp2c65, Cyp2c66, Cyp2c67, Cyp2c68, Cyp2c69, Cyp2c70, Cyp2d10, Cyp2d11, Cyp2d12, Cyp2d22, Cyp2d26, Cyp2d34, Cyp2d9, Cyp2e1, Cyp2f2, Cyp2g1, Cyp2j11, Cyp2j12, Cyp2j13, Cyp2j5, Cyp2j6, Cyp2j7, Cyp2j8, Cyp2j9, Cyp2r1, Cyp2s1, Cyp2t4, Cyp2u1, Cyp2w1, Cyp39a1, Cyp3a11, Cyp3a13, Cyp3a16, Cyp3a25, Cyp3a41a, Cyp3a41b, Cyp3a44, Cyp3a57, Cyp3a59, Cyp46a1, Cyp4a10, Cyp4a12a, Cyp4a12b, Cyp4a14, Cyp4a29, Cyp4a30b, Cyp4a31, Cyp4a32, Cyp4b1, Cyp4f13, Cyp4f14, Cyp4f15, Cyp4f18, Cyp4f39, Cyp4f40, Cyp4v3, Cyp4x1, Cyp51, Cyp7a1, Cyp7b1, Cyp8b1, Cyren, Cyrib, Cys1, Cytl1, D1Pas1, D2hgdh, D7Ertd443e, Dab1, Dab2, Dab2ip, Dach1, Dach2, Dact1, Dad1, Dag1, Dagla, Daglb, Dalrd3, Dand5, Dao, Dap, Dap3, Dapk1, Dapk2, Dapk3, Dapl1, Dars1, Dars2, Daw1, Daxx, Dazap1, Dazl, Dbf4, Dbh, Dbi, Dbil5, Dbndd2, Dbp, Dbr1, Dbt, Dbx1, Dbx2, Dcaf1, Dcaf10, Dcaf11, Dcaf12, Dcaf13, Dcaf15, Dcaf17, Dcaf5, Dcaf6, Dcaf7, Dcaf8, Dcakd, Dck, Dclk1, Dclk2, Dclk3, Dclre1a, Dclre1b, Dclre1c, Dcn, Dcp1a, Dcp1b, Dcp2, Dcps, Dcst1, Dct, Dctd, Dctn6, Dctpp1, Dcun1d1, Dcun1d2, Dcun1d3, Dcun1d4, Dcun1d5, Dcxr, Dda1, Ddah1, Ddb1, Ddb2, Ddc, Ddhd1, Ddhd2, Ddi1, Ddi2, Ddit3, Ddit4, Ddn, Ddo, Ddost, Ddr1, Ddr2, Ddrgk1, Ddt, Ddx1, Ddx10, Ddx11, Ddx17, Ddx18, Ddx19a, Ddx19b, Ddx20, Ddx21, Ddx23, Ddx25, Ddx27, Ddx39a, Ddx39b, Ddx3x, Ddx3y, Ddx4, Ddx41, Ddx42, Ddx46, Ddx47, Ddx49, Ddx5, Ddx51, Ddx52, Ddx54, Ddx56, Ddx6, Deaf1, Decr1, Decr2, Dedd, Defb25, Degs1, Degs1l, Degs2, Dek, Dele1, Dennd1b, Dennd3, Denr, Depdc1a, Depdc5, Depp1, Deptor, Dera, Derl1, Derl2, Derl3, Desi1, Desi2, Det1, Dffa, Dffb, Dgat1, Dgat2, Dgat2l6, Dgcr8, Dgka, Dgkb, Dgkd, Dgke, Dgkg, Dgkh, Dgki, Dgkk, Dgkq, Dgkz, Dglucy, Dguok, Dhcr24, Dhcr7, Dhdds, Dhdh, Dhfr, Dhh, Dhodh, Dhps, Dhrs11, Dhrs2, Dhrs3, Dhrs4, Dhrs7, Dhrs7b, Dhrs9, Dhrsx, Dhtkd1, Dhx15, Dhx16, Dhx29, Dhx33, Dhx34, Dhx36, Dhx37, Dhx38, Dhx40, Dhx58, Dhx8, Dhx9, Diaph1, Diaph3, Dicer1, Dido1, Dimt1, Dio1, Dio2, Dio3, Dip2a, Dip2b, Dis3, Dis3l, Dis3l2, Disc1, Disp1, Disp3, Dkc1, Dkk1, Dkk3, Dkkl1, Dlat, Dld, Dlg1, Dlgap1, Dlk1, Dll1, Dll4, Dlst, Dlx1, Dlx2, Dlx3, Dlx4, Dlx5, Dlx6, Dlx6os1, Dmac2, Dmac2l, Dmap1, Dmbx1, Dmc1, Dmd, Dmgdh, Dmpk, Dmrt1, Dmrt1i, Dmrt2, Dmrt3, Dmrta1, Dmrta2, Dmrtb1, Dmrtc2, Dmtf1, Dmtf1l, Dmtn, Dna2, Dnaaf4, Dnah12, Dnaja1, Dnaja2, Dnaja3, Dnaja4, Dnajb1, Dnajb11, Dnajb12, Dnajb13, Dnajb14, Dnajb2, Dnajb3, Dnajb4, Dnajb5, Dnajb6, Dnajb7, Dnajb8, Dnajb9, Dnajc1, Dnajc10, Dnajc15, Dnajc16, Dnajc17, Dnajc18, Dnajc19, Dnajc2, Dnajc24, Dnajc25, Dnajc3, Dnajc30, Dnajc5, Dnajc7, Dnase1, Dnase1l1, Dnase1l2, Dnase1l3, Dnase2a, Dnase2b, Dnd1, Dner, Dnlz, Dnm1l, Dnm2, Dnmt1, Dnmt3a, Dnmt3b, Dnmt3l, Dnpep, Dnph1, Dntt, Dnttip2, Dock7, Dohh, Dok7, Dolk, Dolpp1, Donson, Dot1l, Dpagt1, Dpep1, Dpep2, Dpep3, Dpf1, Dpf2, Dpf3, Dph1, Dph2, Dph3, Dph5, Dph6, Dph7, Dpm1, Dpm2, Dpm3, Dpp10, Dpp3, Dpp4, Dpp6, Dpp7, Dpp8, Dpp9, Dppa2, Dppa3, Dppa5a, Dppa5b, Dpy19l1, Dpy19l3, Dpy30, Dpyd, Dpys, Dr1, Dram1, Dram2, Drap1, Drd1, Drd2, Drd3, Drd4, Drd5, Dreh, Drg1, Drg2, Drgx, Drosha, Dscam, Dscc1, Dse, Dsel, Dsp, Dspp, Dstyk, Dtd1, Dtd2, Dtl, Dtnbp1, Dtwd1, Dtwd2, Dtx1, Dtx2, Dtx3, Dtx3l, Dtx4, Dtymk, Dubr, Duox1, Duox2, Duoxa1, Duoxa2, Dus1l, Dus2, Dus3l, Dus4l, Dusp1, Dusp10, Dusp11, Dusp12, Dusp13a, Dusp13b, Dusp14, Dusp15, Dusp16, Dusp18, Dusp19, Dusp2, Dusp21, Dusp22, Dusp23, Dusp26, Dusp28, Dusp29, Dusp3, Dusp4, Dusp5, Dusp6, Dusp7, Dusp8, Dut, Duxbl1, Duxf3, Duxf4, Dvl1, Dvl2, Dvl3, Dxo, Dynap, Dynapl1, Dync1h1, Dync2h1, Dynll1, Dyrk1a, Dyrk1b, Dyrk2, Dyrk3, Dysf, Dzip3, E130311K13Rik, E230001N04Rik, E2f1, E2f2, E2f3, E2f4, E2f5, E2f6, E2f7, E2f8, E330034G19Rik, E4f1, Eaf1, Eaf2, Eapp, Ear7, Ears2, Ebag9, Ebf1, Ebf2, Ebf3, Ebf4, Ebna1bp2, Ebp, Ebpl, Ecd, Ece1, Ece2, Ecel1, Ech1, Echdc1, Echdc2, Echdc3, Echs1, Eci1, Eci2, Eci3, Ecm1, Ecpas, Ecrg4, Ecscr, Ecsit, Ect2, Eda, Edar, Edc3, Edc4, Edem1, Edem2, Edem3, Edf1, Edn1, Edn2, Edn3, Ednra, Ednrb, Edrf1, Eed, Eef1a1, Eef1a2, Eef1akmt1, Eef1akmt2, Eef1akmt3, Eef1akmt4, Eef1b2, Eef1d, Eef1e1, Eef1ece2, Eef1g, Eef2, Eef2k, Eef2kmt, Eefsec, Eepd1, Efcab7, Efemp1, Efl1, Efna1, Efna3, Efna5, Efnb1, Efr3b, Eftud2, Egf, Egfbp2, Egfr, Egln1, Egln2, Egln3, Egr1, Egr2, Egr3, Egr4, Ehd3, Ehd4, Ehf, Ehhadh, Ehmt1, Ehmt2, Ei24, Eid1, Eid2, Eid2b, Eid3, Eif1, Eif1a, Eif1ad, Eif1ad11, Eif1ad12, Eif1ad13, Eif1ad14, Eif1ad15, Eif1ad16, Eif1ad17, Eif1ad18, Eif1ad19, Eif1ad2, Eif1ad3, Eif1ad4, Eif1ad7, Eif1ad8, Eif1ax, Eif1b, Eif2a, Eif2ak1, Eif2ak2, Eif2ak3, Eif2ak4, Eif2b1, Eif2b2, Eif2b3, Eif2b4, Eif2b5, Eif2d, Eif2s1, Eif2s2, Eif2s3x, Eif2s3y, Eif3a, Eif3b, Eif3c, Eif3d, Eif3e, Eif3f, Eif3g, Eif3h, Eif3i, Eif3j1, Eif3j2, Eif3k, Eif3l, Eif3m, Eif4a1, Eif4a2, Eif4a3, Eif4a3l1, Eif4a3l2, Eif4b, Eif4e, Eif4e1b, Eif4e2, Eif4e3, Eif4ebp1, Eif4ebp2, Eif4ebp3, Eif4enif1, Eif4g1, Eif4g2, Eif4g3, Eif4h, Eif5, Eif5a, Eif5a2, Eif5b, Eif6, Eipr1, Elac1, Elac2, Elane, Elapor1, Elavl1, Elavl4, Eldr, Elf1, Elf2, Elf3, Elf4, Elf5, Elfn2, Elk1, Elk3, Elk4, Ell, Ell2, Ell3, Elmod3, Eloa, Elob, Eloc, Elof1, Elovl1, Elovl2, Elovl3, Elovl4, Elovl5, Elovl6, Elovl7, Elp1, Elp2, Elp3, Elp4, Elp5, Elp6, Emc6, Eme1, Eme2, Emg1, Emilin1, Emp2, Emsy, Emx1, Emx2, En1, En2, Enc1, Endog, Endou, Endov, Eng, Engase, Eno1, Eno1b, Eno2, Eno3, Eno4, Enoph1, Enox2, Enpep, Enpp1, Enpp2, Enpp3, Enpp4, Enpp5, Enpp6, Enpp7, Entpd1, Entpd2, Entpd3, Entpd4, Entpd4b, Entpd5, Entpd7, Entpd8, Eny2, Eogt, Eomes, Ep300, Ep400, Epas1, Epb41l4b, Epb41l5, Epb42, Epc1, Epc2, Epcam, Epg5, Epha1, Epha2, Epha3, Epha4, Epha5, Epha7, Epha8, Ephb1, Ephb2, Ephb3, Ephb4, Ephb6, Ephx1, Ephx2, Ephx3, Epm2a, Epm2aip1, Epo, Epop, Epor, Eppin, Eprs1, Eps15, Epsti1, Epx, Erap1, Erbb2, Erbb3, Erbb4, Erbin, Erc1, Ercc1, Ercc2, Ercc3, Ercc4, Ercc5, Ercc6, Ercc6l, Ercc6l2, Ercc8, Ereg, Erf, Erfe, Erfl, Erg, Erg28, Eri1, Erlec1, Erlin1, Erlin2, Ermap, Ermp1, Ern1, Ern2, Ero1a, Ero1b, Erp27, Erp29, Erp44, Errfi1, Esco1, Esco2, Esd, Esf1, Espl1, Esr1, Esr2, Esrp1, Esrp2, Esrra, Esrrb, Esrrg, Ess2, Esx1, Etaa1, Etf1, Etfa, Etfb, Etfbkmt, Etfdh, Etfrf1, Ethe1, Etnk1, Etnk2, Etnppl, Ets1, Ets2, Etv1, Etv2, Etv3, Etv3l, Etv4, Etv5, Etv6, Eva1a, Evpl, Evx1, Evx2, Ewsr1, Exd1, Exd2, Exo1, Exo5, Exog, Exosc1, Exosc10, Exosc2, Exosc3, Exosc4, Exosc5, Exosc6, Exosc7, Exosc8, Exosc9, Ext1, Ext2, Extl1, Extl2, Extl3, Eya1, Eya2, Eya3, Eya4, Ezh1, Ezh2, Ezhip, Ezr, F10, F11, F11r, F12, F13a1, F13b, F2, F2r, F2rl1, F3, F7, F8, F830016B08Rik, F8a, F9, Fa2h, Faah, Faap100, Faap20, Faap24, Fabp1, Fabp2, Fabp3, Fabp4, Fabp5, Fabp6, Fadd, Fads1, Fads2, Fads2b, Fads3, Fads6, Faf1, Faf2, Fah, Fahd1, Fahd2a, Fam107a, Fam111a, Fam114a1, Fam135a, Fam135b, Fam161a, Fam168a, Fam168b, Fam170a, Fam20a, Fam20b, Fam20c, Fam210b, Fam220a, Fam3a, Fam3c, Fam47c, Fam47e, Fam50a, Fam76b, Fam83d, Fam98a, Fam98b, Fan1, Fanca, Fancb, Fancc, Fancd2, Fance, Fancf, Fancg, Fanci, Fancl, Fancm, Fank1, Fap, Far1, Far2, Fars2, Farsa, Farsb, Fas, Fasl, Fasn, Fastk, Fastkd1, Fastkd2, Fastkd3, Fastkd5, Fau, Faxdc2, Fbh1, Fbl, Fbll1, Fbln1, Fbln5, Fbn1, Fbp1, Fbp2, Fbxl12, Fbxl13, Fbxl14, Fbxl15, Fbxl16, Fbxl17, Fbxl18, Fbxl19, Fbxl2, Fbxl20, Fbxl21, Fbxl22, Fbxl3, Fbxl4, Fbxl5, Fbxl6, Fbxl7, Fbxl9, Fbxo10, Fbxo11, Fbxo17, Fbxo2, Fbxo22, Fbxo24, Fbxo25, Fbxo27, Fbxo28, Fbxo3, Fbxo30, Fbxo31, Fbxo32, Fbxo33, Fbxo38, Fbxo39, Fbxo4, Fbxo41, Fbxo43, Fbxo44, Fbxo45, Fbxo48, Fbxo5, Fbxo6, Fbxo7, Fbxo8, Fbxo9, Fbxw11, Fbxw15, Fbxw4, Fbxw5, Fbxw7, Fbxw7as1, Fbxw8, Fcer1a, Fcer1g, Fcf1, Fcgr1, Fcgr2b, Fcgr3, Fcgr4, Fchsd1, Fcna, Fcnb, Fcor, Fcsk, Fdcsp, Fdft1, Fdps, Fdx1, Fdx2, Fdxacb1, Fdxr, Fech, Fem1a, Fem1al, Fem1b, Fem1c, Fen1, Fer, Ferd3l, Fermt1, Fes, Fetub, Fev, Fez1, Fez2, Fezf1, Fezf2, Ffar1, Ffar2, Ffar3, Ffar4, Fga, Fgb, Fgd2, Fgd4, Fgf1, Fgf10, Fgf15, Fgf18, Fgf2, Fgf21, Fgf23, Fgf4, Fgf5, Fgf7, Fgf8, Fgf9, Fgfr1, Fgfr2, Fgfr3, Fgfr4, Fgg, Fggy, Fgl1, Fgl2, Fgr, Fh1, Fhit, Fhl2, Fhl5, Fhod1, Ficd, Fig4, Figla, Fignl1, Filip1l, Fip1l1, Firre, Firrm, Fis1, Fitm1, Fitm2, Fiz1, Fkbp10, Fkbp11, Fkbp14, Fkbp1a, Fkbp1b, Fkbp2, Fkbp3, Fkbp4, Fkbp5, Fkbp6, Fkbp7, Fkbp8, Fkbp9, Fkrp, Fktn, Flad1, Flcn, Fli1, Flicr, Flna, Flot1, Flot2, Flt1, Flt3, Flt3l, Flt4, Flvcr1, Flvcr2, Flywch1, Fmc1, Fmn1, Fmn2, Fmo1, Fmo2, Fmo3, Fmo4, Fmo5, Fmr1, Fn1, Fn3k, Fn3krp, Fnbp1l, Fndc1, Fnip1, Fnip2, Fnta, Fntb, Focad, Folh1, Folr1, Fos, Fosb, Fosl1, Fosl2, Foxa1, Foxa2, Foxa3, Foxb1, Foxb2, Foxc1, Foxc2, Foxd1, Foxd2, Foxd3, Foxd4, Foxe1, Foxe3, Foxf1, Foxf2, Foxg1, Foxh1, Foxi1, Foxi2, Foxi3, Foxj1, Foxj2, Foxj3, Foxk1, Foxk2, Foxl1, Foxl2, Foxl3, Foxm1, Foxn1, Foxn2, Foxn3, Foxn4, Foxo1, Foxo3, Foxo4, Foxo6, Foxp1, Foxp2, Foxp3, Foxp4, Foxq1, Foxr1, Foxr2, Foxred2, Foxs1, Fpgs, Fpgt, Fpr2, Fra10ac1, Frey1, Frg1, Frk, Frmd8, Fry, Fscb, Fshb, Fshr, Fst, Fstl3, Ftcd, Fto, Ftsj1, Ftsj3, Ftx, Fubp1, Fubp3, Fuca1, Fuca2, Fundc1, Fundc2, Fundc2b, Fuom, Furin, Fus, Fut1, Fut10, Fut11, Fut2, Fut4, Fut7, Fut8, Fut9, Fuz, Fxn, Fxr1, Fxr2, Fxyd1, Fyco1, Fyn, Fyttd1, Fzd1, Fzd2, Fzd4, Fzd5, Fzd6, Fzd7, Fzd8, Fzr1, G0s2, G2e3, G3bp1, G6pc1, G6pc2, G6pc3, G6pd2, G6pdx, Gaa, Gab1, Gabarap, Gabarapl1, Gabarapl2, Gabpa, Gabpb1, Gabpb2, Gad1, Gad2, Gadd45a, Gadd45b, Gadd45g, Gadd45gip1, Gadl1, Gal, Gal3st1, Gal3st2, Gal3st2c, Gal3st3, Gal3st4, Galc, Gale, Galk1, Galk2, Galm, Galns, Galnt1, Galnt10, Galnt11, Galnt12, Galnt13, Galnt14, Galnt15, Galnt16, Galnt17, Galnt18, Galnt2, Galnt3, Galnt4, Galnt5, Galnt6, Galnt7, Galnt9, Galntl6, Galr1, Galr2, Galr3, Galt, Gamt, Gan, Ganab, Ganc, Gapdh, Gapdh-ps15, Gapdhrt, Gapdhrt2, Gapdhs, Gapt, Gar1, Garem1, Garin3, Garin5a, Gars1, Gart, Gas1, Gas5, Gas6, Gata1, Gata2, Gata3, Gata4, Gata5, Gata6, Gatad1, Gatad2a, Gatad2b, Gatb, Gatc, Gatd1, Gatm, Gba1, Gba2, Gbe1, Gbf1, Gbgt1, Gbp4, Gbp5, Gbp7, Gbx1, Gbx2, Gc, Gcat, Gcdh, Gcfc2, Gcg, Gcgr, Gch1, Gchfr, Gck, Gckr, Gclc, Gclm, Gcm1, Gcm2, Gcn1, Gcnt1, Gcnt2, Gcnt3, Gcnt4, Gcnt7, Gcsh, Gda, Gdc2, Gde1, Gdf15, Gdf2, Gdf6, Gdf7, Gdnf, Gdpd1, Gdpd2, Gdpd3, Gdpd4, Gdpd5, Gdpgp1, Gemin2, Gemin4, Gemin5, Gemin6, Gemin6-ps, Gemin7, Gemin8, Gen1, Get4, Gfap, Gfer, Gfi1, Gfi1b, Gfm1, Gfm2, Gfpt1, Gfpt2, Gfra1, Gfra2, Gfus, Gga1, Gga3, Ggact, Ggcx, Ggh, Ggn, Ggnbp2, Ggps1, Ggt1, Ggt5, Ggt6, Ggt7, Ggta1, Gh, Ghr, Ghrh, Ghrhr, Ghrl, Ghsr, Gid4, Gid8, Gigyf2, Gimap3, Gimap5, Gimap6, Gimap7, Gin1, Gins1, Gins2, Gins3, Gins4, Gip, Gipc1, Git1, Gja1, Gja8, Gjc2, Gk, Gk2, Gk5, Gkn2, Gla, Glb1, Glb1l, Glb1l2, Glb1l3, Glce, Gldc, Gle1, Glg1, Gli1, Gli2, Gli3, Glis1, Glis2, Glis3, Glmn, Glmp, Glo1, Glp1r, Glrp1, Gls, Gls2, Glt6d1, Glud1, Glul, Glyat, Glyatl3, Glyctk, Glyr1, Gm10033, Gm10768, Gm1110, Gm11690, Gm12185, Gm12250, Gm12258, Gm12610, Gm13030, Gm13040, Gm14295, Gm14322, Gm14325, Gm14391, Gm14399, Gm14401, Gm14403, Gm14412, Gm14418, Gm14434, Gm14443, Gm14444, Gm15222, Gm15290, Gm15441, Gm15446, Gm17067, Gm17655, Gm19965, Gm2044, Gm20737, Gm20738, Gm20747, Gm20773, Gm20795, Gm20806, Gm20807, Gm20808, Gm20812, Gm20815, Gm20816, Gm20818, Gm20821, Gm20822, Gm20825, Gm20826, Gm20830, Gm20834, Gm20852, Gm20854, Gm20865, Gm20873, Gm20914, Gm20917, Gm20918, Gm21064, Gm21118, Gm21292, Gm21310, Gm21394, Gm21719, Gm21778, Gm21812, Gm21854, Gm2381, Gm2663, Gm28171, Gm28836, Gm2a, Gm30731, Gm32687, Gm35315, Gm3604, Gm36723, Gm38999, Gm4275, Gm44504, Gm45871, Gm4767, Gm4787, Gm4841, Gm4924, Gm5141, Gm527, Gm5431, Gm6133, Gm614, Gm6871, Gm6993, Gm7072, Gm7324, Gm8978, Gmcl1, Gmds, Gmeb1, Gmeb2, Gmnc, Gmnn, Gmppa, Gmppb, Gmpr, Gmpr2, Gmps, Gna12, Gnai1, Gnai2, Gnai3, Gnaq, Gnas, Gnasas1, Gnat2, Gnb3, Gne, Gnl3, Gnl3l, Gnmt, Gnpat, Gnpda1, Gnpda2, Gnpnat1, Gnptab, Gnptg, Gnrh1, Gns, Golga2, Golga7, Golm1, Golph3, Gon4l, Gon7, Gopc, Gorasp1, Got1, Got1l1, Got2, Gp1ba, Gp1bb, Gp5, Gp6, Gp9, Gpaa1, Gpam, Gpat2, Gpat3, Gpat4, Gpatch1, Gpatch3, Gpbp1, Gpbp1l1, Gpc1, Gpc3, Gpcpd1, Gpd1, Gpd1l, Gpd2, Gper1, Gphn, Gpi1, Gpihbp1, Gpkow, Gpld1, Gpnmb, Gpr119, Gpr12, Gpr137, Gpr137b, Gpr146, Gpr174, Gpr18, Gpr3, Gpr37, Gpr39, Gpr6, Gprasp1, Gprc5a, Gprc5b, Gprc6a, Gps1, Gps2, Gpsm1, Gpsm3, Gpt, Gpt2, Gpx1, Gpx3, Gpx4, Gramd1a, Grb10, Grb2, Grb7, Grem1, Grhl1, Grhl2, Grhl3, Grhpr, Gria1, Gria2, Gria3, Grin1, Grin2a, Grin2c, Grk1, Grk2, Grk3, Grk5, Grm2, Grm3, Grm5, Grm6, Grm7, Grn, Grp, Grpel1, Grpel2, Grsf1, Grwd1, Gsap, Gsc, Gsc2, Gsdma3, Gsdmd, Gsk3a, Gsk3b, Gskip, Gsn, Gspt1, Gspt2, Gsr, Gss, Gsta1, Gsta13, Gsta2, Gsta3, Gsta4, Gsta5, Gstk1, Gstm1, Gstm2, Gstm3, Gstm4, Gstm5, Gstm6, Gstm7, Gsto1, Gsto2, Gstp-ps, Gstp1, Gstp2, Gstp3, Gstt1, Gstt2, Gstt3, Gstt4, Gstz1, Gsx1, Gsx2, Gtdc1, Gtf2a1, Gtf2a1l, Gtf2a2, Gtf2b, Gtf2e1, Gtf2e2, Gtf2f1, Gtf2f2, Gtf2h1, Gtf2h2, Gtf2h3, Gtf2h4, Gtf2h5, Gtf2i, Gtf2ird1, Gtf3c1, Gtf3c2, Gtf3c3, Gtf3c4, Gtf3c5, Gtf3c6, Gtpbp1, Gtpbp2, Gtpbp3, Gtpbp4, Gtsf1, Guca1a, Guca1b, Gucy1a1, Gucy1b1, Gucy2c, Gucy2d, Gucy2e, Gucy2f, Gucy2g, Guf1, Guk1, Gulo, Gusb, Gxylt1, Gxylt2, Gyg1, Gykl1, Gys1, Gys2, Gzf1, Gzma, Gzmb, Gzmc, Gzmd, Gzme, Gzmf, Gzmg, Gzmk, Gzmm, Gzmn, H13, H19, H1f0, H1f1, H1f10, H1f2, H1f3, H1f4, H1f5, H1f6, H1f8, H1f9, H2-DMa, H2-DMb1, H2-DMb2, H2-M3, H2-Q9, H2-T23, H2ab1, H2ab2, H2ab3, H2ac1, H2ac10, H2ac11, H2ac12, H2ac13, H2ac15, H2ac19, H2ac20, H2ac21, H2ac22, H2ac23, H2ac24, H2ac25, H2ac4, H2ac6, H2ac7, H2ac8, H2aj, H2al1b, H2al1e, H2al1f, H2al1j, H2al1k, H2al1m, H2al1n, H2al1o, H2al2a, H2al2b, H2al3, H2ap, H2ax, H2az1, H2az2, H2bc1, H3c14, H3c6, H3f3a, H3f3b, H60a, H6pd, Haao, Habp2, Habp4, Hacd1, Hacd2, Hacd3, Hacd4, Hace1, Hacl1, Hadh, Hadha, Hadhb, Hagh, Haghl, Hal, Halr1, Hamp, Hamp2, Hand1, Hand2, Hand2os1, Hao1, Hao2, Hap1, Hars1, Hars2, Has1, Has2, Has3, Haspin, Hat1, Havcr2, Hax1, Hba-a1, Hba-x, Hbb-b1, Hbb-b2, Hbb-bh0, Hbb-bh1, Hbb-bh2, Hbb-bt, Hbb-y, Hbegf, Hbp1, Hbq1a, Hbq1b, Hbs1l, Hc, Hcar1, Hcar2, Hccs, Hcfc1, Hcfc2, Hck, Hcls1, Hcrt, Hcst, Hdac1, Hdac10, Hdac11, Hdac2, Hdac3, Hdac4, Hdac5, Hdac6, Hdac7, Hdac8, Hdac9, Hdc, Hdgf, Hdgfl2, Hdhd5, Hdlbp, Hdx, Heatr1, Hebp1, Hectd1, Hectd2, Hectd3, Hectd4, Hecw1, Hecw2, Heg1, Helb, Hells, Helq, Helt, Helz, Helz2, Hemk1, Henmt1, Herc1, Herc2, Herc3, Herc4, Herc6, Herpud1, Hes1, Hes2, Hes3, Hes5, Hes6, Hes7, Hesx1, Hexa, Hexb, Hexd, Hexim1, Hexim2, Hey1, Hey2, Heyl, Hfe, Hfm1, Hgd, Hgf, Hgfac, Hgs, Hgsnat, Hhat, Hhatl, Hhex, Hibadh, Hibch, Hic1, Hic2, Hif1a, Hif1an, Hif3a, Higd1a, Hilpda, Hinfp, Hint1, Hint2, Hipk1, Hipk2, Hipk3, Hipk4, Hira, Hivep1, Hivep2, Hivep3, Hjv, Hk1, Hk2, Hk3, Hkdc1, Hlcs, Hlf, Hltf, Hlx, Hm629797, Hmbox1, Hmbs, Hmces, Hmg20a, Hmg20b, Hmga1, Hmga1b, Hmga2, Hmgb1, Hmgb2, Hmgb4, Hmgcl, Hmgcll1, Hmgcr, Hmgcs1, Hmgcs2, Hmgn1, Hmgn2, Hmgn3, Hmgn5, Hmmr, Hmox1, Hmox2, Hmx1, Hmx2, Hmx3, Hnf1a, Hnf1b, Hnf4a, Hnf4g, Hnmt, Hnrnpa0, Hnrnpa1, Hnrnpa2b1, Hnrnpa3, Hnrnpab, Hnrnpc, Hnrnpd, Hnrnpdl, Hnrnpf, Hnrnph1, Hnrnph2, Hnrnph3, Hnrnpk, Hnrnpl, Hnrnpll, Hnrnpm, Hnrnpr, Hnrnpu, Hnrnpul1, Hnrnpul2, Hoga1, Homer2, Homer3, Homez, Hopx, Hormad1, Hotair, Hoxa1, Hoxa10, Hoxa11, Hoxa11os, Hoxa13, Hoxa2, Hoxa3, Hoxa4, Hoxa5, Hoxa6, Hoxa7, Hoxa9, Hoxb1, Hoxb13, Hoxb2, Hoxb3, Hoxb3os, Hoxb4, Hoxb5, Hoxb6, Hoxb7, Hoxb8, Hoxb9, Hoxc10, Hoxc11, Hoxc12, Hoxc13, Hoxc4, Hoxc5, Hoxc6, Hoxc8, Hoxc9, Hoxd1, Hoxd10, Hoxd11, Hoxd12, Hoxd13, Hoxd3, Hoxd4, Hoxd8, Hoxd9, Hp, Hp1bp3, Hpd, Hpdl, Hpf1, Hpgd, Hpgds, Hpn, Hprt1, Hps1, Hps6, Hpse, Hpx, Hr, Hras, Hrc, Hrg, Hrh1, Hrh3, Hrob, Hs2st1, Hs3st1, Hs3st2, Hs3st3a1, Hs3st3b1, Hs3st4, Hs3st5, Hs3st6, Hs6st1, Hs6st2, Hs6st3, Hsbp1, Hsbp1l1, Hsd11b1, Hsd11b2, Hsd17b1, Hsd17b10, Hsd17b11, Hsd17b12, Hsd17b13, Hsd17b14, Hsd17b2, Hsd17b3, Hsd17b4, Hsd17b6, Hsd17b7, Hsd17b8, Hsd3b1, Hsd3b2, Hsd3b3, Hsd3b4, Hsd3b5, Hsd3b6, Hsd3b7, Hsd3b8, Hsd3b9, Hsf1, Hsf2, Hsf2bp, Hsf3, Hsf4, Hsf5, Hsp90aa1, Hsp90ab1, Hsp90b1, Hspa13, Hspa14, Hspa1a, Hspa1b, Hspa1l, Hspa2, Hspa4, Hspa4l, Hspa5, Hspa8, Hspa9, Hspb1, Hspb2, Hspb6, Hspb8, Hspbp1, Hspd1, Hspe1, Hspe1-rs1, Hspg2, Hsph1, Htatip2, Htatsf1, Htd2, Htr1a, Htr2a, Htr2b, Htr2c, Htra1, Htra2, Htra3, Htra4, Htt, Hunk, Hus1, Hus1b, Huwe1, Hvcn1, Hyal1, Hyal2, Hyal3, Hyal4, Hyal5, Hyal6, Hycc1, Hycc2, Hyi, Hymai, Hyou1, Iah1, Iapp, Iars1, Iars2, Iba57, Ibtk, Icam1, Ice1, Ice2, Icmt, Icosl, Id1, Id2, Id3, Id4, Ide, Idh1, Idh2, Idh3a, Idh3b, Idh3g, Idi1, Idi1-ps1, Idi2, Idi2l, Ido1, Ido2, Ids, Idua, Ier2, Ier3, Ier5, Iffo1, Ifi203, Ifi203-ps, Ifi204, Ifi206, Ifi207, Ifi208, Ifi209, Ifi213, Ifi214, Ifi27, Ifi47, Ifih1, Ifna, Ifnar1, Ifnar2, Ifnb1, Ifng, Ifngr1, Ifnk, Ifnlr1, Ifnz, Ifrd1, Ifrd2, Ift172, Ift20, Ift52, Ift74, Ift80, Ift88, Igbp1, Igbp1b, Igf1, Igf1r, Igf2, Igf2bp1, Igf2bp2, Igf2bp3, Igfbp3, Igfbp4, Igfbp5, Igfbp7, Igh-7, Ighd, Ighe, Ighg1, Ighg2a, Ighm, Ighmbp2, Igsf1, Igtp, Ihh, Iho1, Iigp1, Iigp1c, Ik, Ikbkb, Ikbke, Ikbkg, Ikzf1, Ikzf2, Ikzf3, Ikzf4, Ikzf5, Il10, Il10ra, Il10rb, Il11, Il12a, Il12b, Il12rb1, Il12rb2, Il13, Il13ra1, Il13ra2, Il15, Il16, Il17a, Il17b, Il17c, Il17d, Il17f, Il17ra, Il17rb, Il17rc, Il18, Il18r1, Il18rap, Il19, Il1a, Il1b, Il1f10, Il1r1, Il1r2, Il1rap, Il1rl1, Il1rl2, Il1rn, Il2, Il20rb, Il21, Il22, Il22ra2, Il23a, Il23r, Il24, Il25, Il27, Il27ra, Il2rg, Il3, Il31ra, Il33, Il34, Il36a, Il36b, Il36g, Il36rn, Il4, Il4i1, Il4i1b, Il4ra, Il5, Il5ra, Il6, Il6ra, Il6st, Il7, Il7r, Il9, Il9r, Ildr1, Ildr2, Ilf2, Ilf3, Ilk, Ilkap, Ilrun, Ilvbl, Immp1l, Immp2l, Imp3, Imp4, Impa1, Impa2, Impact, Impdh1, Impdh2, Impdh2-ps, Inava, Inca1, Inf2, Ing1, Ing2, Ing3, Ing4, Ing5, Inha, Inhba, Inhbb, Inip, Inmt, Ino80, Ino80b, Ino80c, Ino80d, Ino80e, Inpp1, Inpp4a, Inpp4b, Inpp5a, Inpp5b, Inpp5d, Inpp5e, Inpp5f, Inpp5j, Inpp5k, Inppl1, Ins1, Ins2, Insig1, Insig2, Insm1, Insm2, Insr, Insrr, Ints1, Ints10, Ints11, Ints12, Ints14, Ints2, Ints3, Ints4, Ints5, Ints6, Ints6l, Ints7, Ints8, Ints9, Invs, Ip6k1, Ip6k2, Ip6k3, Ipmk, Ipp, Ippk, Iqce, Iqgap1, Iqgap3, Irak1, Irak2, Irak3, Irak4, Ireb2, Irf1, Irf2, Irf2bp1, Irf2bp2, Irf2bpl, Irf3, Irf4, Irf5, Irf6, Irf7, Irf8, Irf9, Irgm1, Irgm2, Irs1, Irs2, Irx1, Irx2, Irx3, Irx4, Irx5, Irx6, Iscu, Isg15, Isg20, Isg20l2, Isl1, Isl2, Israa, Ist1, Isx, Isy1, Isyna1, Itch, Itga2, Itga3, Itga5, Itga6, Itga8, Itgam, Itgav, Itgax, Itgb1, Itgb1bp1, Itgb2, Itgb2l, Itgb3, Itgb3bp, Itgb4, Itgb6, Itgb8, Itih1, Itih2, Itih3, Itih4, Itih5, Itk, Itln1, Itlnb, Itm2a, Itm2b, Itm2c, Itpa, Itpk1, Itpka, Itpkb, Itpkc, Ivd, Ivl, Ivns1abp, Iws1, Iyd, Jade1, Jade2, Jade3, Jag1, Jak1, Jak2, Jak3, Jarid2, Jazf1, Jchain, Jdp2, Jkamp, Jmjd1c, Jmjd4, Jmjd6, Jmjd7, Jmjd8, Jmy, Josd1, Josd2, Jph2, Jph4, Jpx, Jtb, Jun, Junb, Jund, Jup, Kank2, Kansl1, Kansl2, Kansl3, Kantr, Kars1, Kash5, Kat14, Kat2a, Kat2b, Kat5, Kat6a, Kat6b, Kat7, Kat8, Kbtbd12, Kbtbd13, Kbtbd2, Kbtbd3, Kbtbd6, Kbtbd7, Kbtbd8, Kcmf1, Kcnab2, Kcne2, Kcnh2, Kcnip3, Kcnj1, Kcnj11, Kcnj6, Kcnj8, Kcnk2, Kcnma1, Kcnn4, Kcnq1, Kcnq1ot1, Kcnq2, Kcnq3, Kctd1, Kctd10, Kctd11, Kctd13, Kctd15, Kctd17, Kctd2, Kctd20, Kctd21, Kctd5, Kctd6, Kctd9, Kdelr1, Kdm1a, Kdm1b, Kdm2a, Kdm2b, Kdm3a, Kdm3b, Kdm4a, Kdm4b, Kdm4c, Kdm4d, Kdm5a, Kdm5b, Kdm5c, Kdm5d, Kdm6a, Kdm6b, Kdm7a, Kdm8, Kdr, Kdsr, Keap1, Kel, Khdc3, Khdc4, Khdrbs1, Khdrbs2, Khdrbs3, Khk, Khsrp, Kif14, Kif16b, Kif1b, Kif22, Kif3a, Kin, Kirrel1, Kirrel2, Kit, Kitl, Kl, Klb, Klf1, Klf10, Klf11, Klf12, Klf13, Klf14, Klf15, Klf16, Klf17, Klf2, Klf3, Klf4, Klf5, Klf6, Klf7, Klf8, Klf9, Klhdc1, Klhdc10, Klhdc2, Klhdc3, Klhl1, Klhl10, Klhl11, Klhl12, Klhl13, Klhl15, Klhl17, Klhl18, Klhl2, Klhl20, Klhl21, Klhl22, Klhl23, Klhl24, Klhl25, Klhl28, Klhl29, Klhl3, Klhl30, Klhl31, Klhl35, Klhl36, Klhl38, Klhl4, Klhl40, Klhl41, Klhl42, Klhl5, Klhl6, Klhl7, Klhl8, Klhl9, Klk1, Klk10, Klk11, Klk12, Klk13, Klk14, Klk15, Klk1b1, Klk1b11, Klk1b16, Klk1b21, Klk1b22, Klk1b24, Klk1b26, Klk1b27, Klk1b3, Klk1b4, Klk1b5, Klk1b8, Klk1b9, Klk4, Klk5, Klk6, Klk7, Klk8, Klk9, Klkb1, Klre1, Klrh1, Klrk1, Kmo, Kmt2a, Kmt2b, Kmt2c, Kmt2d, Kmt2e, Kmt5a, Kmt5b, Kmt5c, Kndc1, Kng1, Kng2, Kpna2, Kpna2rt, Kpna4, Kpna6, Kpna7, Kras, Kri1, Krr1, Krt1, Krt10, Krt13, Krt17, Krt2, Krtcap2, Ksr1, Ksr2, Kti12, Ky, Kyat1, Kyat3, Kynu, L1cam, L2hgdh, L3mbtl1, L3mbtl2, L3mbtl3, L3mbtl4, Lacc1, Lactb, Lag3, Lage3, Lalba, Lama1, Lama4, Lamc1, Lamp2, Lamp3, Lamtor1, Lamtor5, Lancl1, Lancl2, Lancl3, Lao1, Lap3, Laptm4b, Laptm5, Large1, Large2, Larp1, Larp4, Larp4b, Larp6, Larp7, Larp7-ps, Lars1, Lars2, Las1l, Lat, Lats1, Lats2, Lax1, Lbh, Lbp, Lbr, Lbx1, Lbx2, Lcat, Lck, Lclat1, Lcmt1, Lcmt2, Lcn2, Lcn5, Lcor, Lcorl, Lcp2, Lct, Lctl, Ldb1, Ldb2, Ldc1, Ldha, Ldhal6b, Ldhb, Ldhc, Ldhd, Ldlr, Ldlrad3, Ldlrap1, Leat1, Lef1, Lefty1, Leo1, Lep, Lepr, Letmd1, Lgals3, Lgals4, Lgals6, Lgals8, Lgals9, Lgmn, Lgr4, Lgsn, Lhcgr, Lhpp, Lhx1, Lhx2, Lhx3, Lhx4, Lhx5, Lhx6, Lhx8, Lhx9, Lias, Liat1, Lichi, Lif, Lig1, Lig3, Lig4, Lilra5, Lilrb4a, Lilrb4b, Lima1, Limch1, Limd1, Lime1, Limk1, Limk2, Lims1, Lin28a, Lin28b, Lin37, Lin52, Lin54, Lin9, Lipa, Lipc, Lipe, Lipf, Lipg, Liph, Lipi, Lipk, Lipm, Lipn, Lipo1, Lipo2, Lipo3, Lipo4, Lipt1, Lipt2, Litaf, Litafd, Lix1, Lix1l, Lmcd1, Lmf1, Lmf2, Lmln, Lmna, Lmnb1, Lmnb2, Lmntd2, Lmo1, Lmo2, Lmo3, Lmo4, Lmo7, Lmtk2, Lmx1a, Lmx1b, Lncbate1, Lncbate10, Lncenc1, Lnclep, Lnpep, Lnx1, Lonp1, Lonp2, Loricrin, Lox, Loxl2, Loxl3, Lpar1, Lpar2, Lpar3, Lpar5, Lpcat1, Lpcat2, Lpcat2b, Lpcat3, Lpcat4, Lpgat1, Lpin1, Lpin2, Lpin3, Lpl, Lpo, Lrat, Lrba, Lrcol1, Lrif1, Lrig2, Lrit3, Lrp1, Lrp10, Lrp2, Lrp3, Lrp4, Lrp5, Lrp6, Lrp8, Lrpprc, Lrr1, Lrrc14, Lrrc19, Lrrc32, Lrrc41, Lrrc47, Lrrc55os, Lrrc75a, Lrrfip1, Lrrfip2, Lrrk1, Lrrk2, Lrrn3, Lrrtm3, Lrsam1, Lrwd1, Lsm1, Lsm10, Lsm11, Lsm14a, Lsm14b, Lsm2, Lsm3, Lsm4, Lsm5, Lsm6, Lsm7, Lsm8, Lsr, Lss, Lta, Lta4h, Ltb, Ltbp1, Ltc4s, Ltf, Ltk, Ltn1, LTO1, Luc7l, Luc7l2, Luc7l3, Lum, Lurap1, Lvrn, Ly6e, Ly9, Ly96, Lyar, Lyg1, Lyg2, Lyl1, Lyn, Lypla1, Lypla2, Lyplal1, Lyrm7, Lyst, Lyve1, Lztr1, Lzts1, M1ap, Macc1, Macir, Macrod1, Macrod2, Macroh2a1, Macroh2a2, Mad2l1, Mad2l2, Maea, Mael, Maf, Maf1, Mafa, Mafb, Maff, Mafg, Mafk, Magea1, Magea10, Magea13, Magea14, Magea2, Magea3, Magea4, Magea5, Magea6, Magea8, Magea9, Mageb11, Mageb16, Mageb18, Mageb2, Mageb3, Mageb4, Mageb5, Mageb5b, Mageb6b1, Magec2, Maged1, Maged2, Magee1, Magee2, Mageh1, Magel2, Magi3, Magoh, Magohb, Magt1, Majin, Mak, Mak16, Malat1, Malrd1, Malsu1, Malt1, Maml1, Maml2, Maml3, Mamld1, Mamstr, Man1a, Man1a2, Man1b1, Man1c1, Man2a1, Man2a2, Man2b1, Man2b2, Man2c1, Manba, Mannr, Maoa, Maob, Map1a, Map1lc3a, Map1lc3b, Map2k1, Map2k2, Map2k3, Map2k4, Map2k5, Map2k6, Map2k7, Map3k1, Map3k10, Map3k11, Map3k12, Map3k13, Map3k20, Map3k3, Map3k4, Map3k5, Map3k6, Map3k7, Map3k9, Map4k1, Map4k2, Map4k3, Map4k4, Map6d1, Map7, Mapk1, Mapk10, Mapk11, Mapk12, Mapk13, Mapk14, Mapk15, Mapk3, Mapk6, Mapk7, Mapk8, Mapk8ip1, Mapk8ip3, Mapk9, Mapkap1, Mapkapk2, Mapkapk3, Mapkapk5, Mapkbp1, Mapre3, Mapt, Marchf1, Marchf11, Marchf2, Marchf3, Marchf4, Marchf5, Marchf6, Marchf7, Marchf8, Marchf9, Marf1, Mark1, Mark2, Mark3, Mark4, Mars1, Mars2, Mas1, Masp1, Masp2, Mast1, Mast2, Mastl, Mat1a, Mat2a, Mat2b, Matcap1, Matcap2, Matr3, Mavs, Max, Maz, Mb, Mbd1, Mbd2, Mbd3, Mbd3l1, Mbd3l2, Mbd4, Mbip, Mbl2, Mblac1, Mblac2, Mbnl1, Mbnl2, Mbnl3, Mboat1, Mboat2, Mboat4, Mboat7, Mbp, Mbtd1, Mbtps1, Mbtps2, Mc1r, Mc2r, Mc3r, Mc4r, Mc5r, Mcat, Mccc1, Mccc2, Mcee, Mcf2l, Mcfd2, Mcidas, Mcl1, Mcm10, Mcm2, Mcm3, Mcm3ap, Mcm4, Mcm5, Mcm6, Mcm7, Mcm8, Mcm9, Mcmbp, Mcmdc2, Mcoln1, Mcoln2, Mcph1, Mcpt1, Mcpt2, Mcpt4, Mcpt8, Mcpt9, Mcptl, Mcrs1, Mcts1, Mcts2, Mdc1, Mdfi, Mdfic, Mdfic2, Mdga2, Mdh1, Mdh1b, Mdh2, Mdk, Mdm2, Mdm4, Mdp1, Me1, Me2, Me3, Meaf6, Mecom, Mecp2, Mecr, Med1, Med10, Med11, Med12, Med12l, Med13, Med13l, Med14, Med15, Med16, Med17, Med18, Med19, Med20, Med21, Med22, Med23, Med24, Med25, Med26, Med27, Med28, Med29, Med30, Med31, Med4, Med6, Med7, Med8, Med9, Mef2a, Mef2b, Mef2c, Mef2d, Mefv, Meg3, Megf8, Mei4, Meiob, Meioc, Meiosin, Meis1, Meis2, Meis3, Melk, Meltf, Men1, Meox1, Meox2, Mep1a, Mep1b, Mepce, Mertk, Mesd, Mesp1, Mesp2, Met, Met2, Metap1, Metap1d, Metap2, Mettl1, Mettl13, Mettl14, Mettl15, Mettl16, Mettl17, Mettl18, Mettl2, Mettl21a, Mettl21c, Mettl21e, Mettl22, Mettl23, Mettl24, Mettl25, Mettl3, Mettl4, Mettl5, Mettl6, Mettl8, Mettl9, Mex3d, Mexis, Mfap1a, Mfap1b, Mfap2, Mfap4, Mfn1, Mfn2, Mfsd12, Mfsd2a, Mfsd8, Mga, Mgam, Mgat1, Mgat2, Mgat3, Mgat4a, Mgat4b, Mgat4c, Mgat4d, Mgat4e, Mgat4f, Mgat5, Mgat5b, Mgll, Mgme1, Mgmt, Mgrn1, Mgst1, Mgst2, Mgst3, Mib1, Mib2, Mical1, Mical2, Mid1ip1, Mid2, Mideas, Midn, Mier1, Mier2, Mier3, Mif, Mif4gd, Minar1, Minar2, Mindy1, Mindy2, Mindy3, Mindy4, Mink1, Miox, Mipep, Mir100, Mir101a, Mir101b, Mir103-1, Mir103-2, Mir107, Mir10a, Mir1193, Mir1197, Mir122, Mir124-2hg, Mir1247, Mir124a-1, Mir124a-1hg, Mir124a-2, Mir124a-3, Mir125a, Mir125b-1, Mir125b-2, Mir127, Mir129, Mir129-1, Mir129-2, Mir133a-1, Mir133a-1hg, Mir133a-2, Mir133b, Mir134, Mir135a-1, Mir135a-2, Mir136, Mir137, Mir139, Mir140, Mir143, Mir144, Mir145b, Mir146, Mir150, Mir153, Mir154, Mir155, Mir15a, Mir17, Mir18, Mir181b-1, Mir181b-2, Mir182, Mir183, Mir184, Mir186, Mir188, Mir1896, Mir1934, Mir1954, Mir196a-1, Mir196a-2, Mir196b, Mir199a-2, Mir1a-1, Mir1a-2, Mir1b, Mir200a, Mir200b, Mir203, Mir204, Mir205, Mir205hg, Mir208a, Mir208b, Mir20a, Mir214, Mir216a, Mir216b, Mir217, Mir218, Mir218-1, Mir218-2, Mir219a-1, Mir219a-2, Mir21a, Mir21b, Mir21c, Mir221, Mir223, Mir23a, Mir23b, Mir24-1, Mir24-2, Mir25, Mir26a-1, Mir26a-2, Mir26b, Mir27a, Mir27b, Mir2861, Mir292, Mir293, Mir294, Mir295, Mir296, Mir299a, Mir299b, Mir29a, Mir29b-1, Mir29b-2, Mir29c, Mir300, Mir301, Mir3065, Mir30a, Mir30b, Mir30c-1, Mir30c-2, Mir320, Mir323, Mir324, Mir326, Mir329, Mir33, Mir330, Mir338, Mir34a, Mir34b, Mir34c, Mir351, Mir369, Mir370, Mir376a, Mir376b, Mir376c, Mir377, Mir379, Mir380, Mir381, Mir382, Mir3960, Mir409, Mir410, Mir411, Mir412, Mir423, Mir448, Mir449a, Mir449b, Mir449c, Mir450b, Mir451a, Mir451b, Mir452, Mir453, Mir466, Mir466d, Mir466e, Mir466l, Mir470, Mir485, Mir487b, Mir489, Mir494, Mir495, Mir496a, Mir496b, Mir499, Mir504, Mir505, Mir511, Mir539, Mir541, Mir543, Mir544, Mir590, Mir654, Mir664, Mir666, Mir667, Mir668, Mir669a-1, Mir669a-2, Mir669a-3, Mir669a-4, Mir669a-5, Mir669a-6, Mir675, Mir679, Mir696, Mir7-1, Mir7-2, Mir702, Mir7116, Mir744, Mir7578, Mir758, Mir7b, Mir873a, Mir874, Mir875, Mir883b, Mir9-1, Mir9-2, Mir9-3, Mir92-1, Mir92-2, Mir96, Mir98, Mirlet7a-1, Mirlet7a-2, Mirlet7b, Mirlet7c-1, Mirlet7c-2, Mirlet7e, Mirlet7g, Mis18a, Mitf, Mixl1, Mkks, Mknk1, Mknk2, Mkrn1, Mkrn2, Mkrn3, Mkx, Mlec, Mlf1, Mlf2, Mlh1, Mlh3, Mlip, Mllt1, Mllt10, Mllt11, Mllt3, Mllt6, Mlst8, Mlx, Mlxip, Mlxipl, Mlycd, Mmaa, Mmab, Mmachc, Mmadhc, Mmd, Mmd2, Mme, Mmel1, Mmp10, Mmp11, Mmp12, Mmp13, Mmp14, Mmp15, Mmp16, Mmp17, Mmp19, Mmp1a, Mmp1b, Mmp2, Mmp20, Mmp21, Mmp23, Mmp24, Mmp25, Mmp27, Mmp28, Mmp3, Mmp7, Mmp8, Mmp9, Mms19, Mms22l, Mmut, Mn1, Mnat1, Mnd1, Mndal, Mnt, Mnx1, Moap1, Mob1b, Mob2, Mocos, Mocs1, Mocs2, Mocs3, Mog, Mogat1, Mogat2, Mogs, Morc1, Morc2a, Morc2b, Morc3, Morf4l1, Morf4l2, Mos, Mosmo, Mospd1, Mov10, Mov10l1, Moxd1, Moxd2, Mpc1, Mpc2, Mpdu1, Mpg, Mphosph10, Mphosph6, Mphosph8, Mpi, Mpl, Mpnd, Mpo, Mppe1, Mprip, Mpst, Mpv17, Mpv17l, Mpv17l2, Mr1, Mrap2, Mrc2, Mre11a, Mrgbp, Mri1, Mrm1, Mrm2, Mrm3, Mrnip, Mrpl1, Mrpl10, Mrpl11, Mrpl12, Mrpl13, Mrpl14, Mrpl15, Mrpl16, Mrpl17, Mrpl18, Mrpl19, Mrpl2, Mrpl20, Mrpl21, Mrpl22, Mrpl23, Mrpl24, Mrpl27, Mrpl28, Mrpl3, Mrpl30, Mrpl32, Mrpl33, Mrpl34, Mrpl35, Mrpl36, Mrpl37, Mrpl38, Mrpl39, Mrpl4, Mrpl40, Mrpl41, Mrpl42, Mrpl43, Mrpl44, Mrpl45, Mrpl46, Mrpl47, Mrpl48, Mrpl49, Mrpl50, Mrpl51, Mrpl52, Mrpl53, Mrpl54, Mrpl55, Mrpl57, Mrpl58, Mrpl9, Mrps10, Mrps11, Mrps12, Mrps14, Mrps15, Mrps16, Mrps17, Mrps18a, Mrps18b, Mrps18c, Mrps2, Mrps21, Mrps22, Mrps23, Mrps24, Mrps25, Mrps26, Mrps27, Mrps28, Mrps30, Mrps31, Mrps33, Mrps34, Mrps35, Mrps36, Mrps5, Mrps6, Mrps7, Mrps9, Mrrf, Mrs2, Mrtfa, Mrtfb, Mrto4, Msantd1, Msc, Msgn1, Msh2, Msh3, Msh4, Msh5, Msh6, Msi1, Msi2, Msl1, Msl2, Msl3, Msmo1, Msn, Msr1, Msrb1, Msrb2, Msrb3, Mst1, Mst1r, Mstn, Msx1, Msx1os, Msx2, Msx3, mt-Atp6, mt-Atp8, mt-Co1, mt-Co2, mt-Co3, mt-Cytb, mt-Nd1, mt-Nd2, mt-Nd3, mt-Nd4, mt-Nd4l, mt-Nd5, mt-Nd6, mt-Rnr1, mt-Rnr2, mt-Ta, mt-Tc, mt-Td, mt-Te, mt-Tf, mt-Tg, mt-Th, mt-Ti, mt-Tk, mt-Tl1, mt-Tl2, mt-Tm, mt-Tn, mt-Tp, mt-Tq, mt-Tr, mt-Ts1, mt-Ts2, mt-Tt, mt-Tv, mt-Tw, mt-Ty, Mt3, Mta1, Mta2, Mta3, Mtap, Mtarc1, Mtarc2, Mtbp, Mtch2, Mtcl1, Mtcl2, Mtcl3, Mtdh, Mterf1a, Mterf1b, Mterf2, Mterf3, Mterf4, Mtf1, Mtf2, Mtfmt, Mtfr1, Mtfr1l, Mtfr2, Mtg1, Mtg2, Mthfd1, Mthfd1l, Mthfd2, Mthfd2l, Mthfr, Mthfs, Mthfsl, Mtif2, Mtif3, Mtln, Mtm1, Mtmr1, Mtmr10, Mtmr11, Mtmr12, Mtmr2, Mtmr3, Mtmr4, Mtmr6, Mtmr7, Mtmr9, Mtnap1, Mto1, Mtor, Mtpap, Mtpn, Mtr, Mtres1, Mtrex, Mtrf1, Mtrf1l, Mtrfr, Mtrr, Mttp, Mturn, Muc1, Muc16, Muc19, Mul1, Mup1, Mup11, Mup2, Mup3, Mup4, Mup5, Mus81, Musk, Mustn1, Mutyh, Mvb12a, Mvd, Mvk, Mvp, Mxd1, Mxd3, Mxd4, Mxi1, Myadm, Myb, Mybbp1a, Mybl1, Mybl2, Myc, Mycbp, Mycbp2, Mycl, Mycn, Mycs, Myd88, Mydgf, Myef2, Myf5, Myf6, Myg1, Myh3, Myh6, Myh7, Myh8, Myh9, Myhas, Mylip, Mylk2, Mylk3, Mynn, Myo1c, Myo3a, Myo3b, Myo5a, Myocd, Myod1, Myof, Myog, Myom1, Myoparr, Myorg, Myoz1, Myoz2, Mypop, Myrf, Myrfl, Mysm1, Myt1, Myt1l, Mzb1, Mzf1, n-TCgca40, n-THgtg2, n-THgtg3, n-THgtg5, n-THgtg8, n-TRtct5, n-TUtca2, N4bp1, N4bp2l2, N6amt1, Naa10, Naa11, Naa12, Naa15, Naa16, Naa20, Naa40, Naa50, Naa60, Naa80, Naaa, Naalad2, Naaladl1, Nab1, Nab2, Nabp1, Nabp2, Nacc1, Nacc2, Nadk, Nadk2, Nadsyn1, Nae1, Naf1, Naga, Nagk, Naglu, Nagpa, Nags, Naip5, Nampt, Nanog, Nanos1, Nanos2, Nanos3, Nanp, Nans, Napepld, Naprt, Napsa, Nars1, Nars2, Nasp, Nat10, Nat8, Nat8b-ps, Nat8f1, Nat8f7, Nat8l, Nav3, Naxd, Naxe, Nbas, Nbdy, Nbn, Nbr1, Ncam1, Ncapg2, Ncbp1, Ncbp2, Ncbp3, Nccrp1, Nceh1, Ncf1, Ncf2, Ncf4, Nck1, Nck2, Nckap1l, Ncl, Ncoa1, Ncoa2, Ncoa3, Ncoa6, Ncoa7, Ncor1, Ncor2, Ncstn, Ndfip1, Ndfip2, Ndn, Ndor1, Ndp, Ndrg2, Ndst1, Ndst2, Ndst3, Ndst4, Ndufa1, Ndufa10, Ndufa11, Ndufa12, Ndufa13, Ndufa2, Ndufa3, Ndufa5, Ndufa6, Ndufa7, Ndufa8, Ndufa9, Ndufab1, Ndufab1-ps, Ndufaf1, Ndufaf5, Ndufaf6, Ndufaf7, Ndufb1, Ndufb10, Ndufb11, Ndufb2, Ndufb3, Ndufb4, Ndufb5, Ndufb6, Ndufb7, Ndufb8, Ndufb9, Ndufc1, Ndufc2, Ndufs1, Ndufs2, Ndufs3, Ndufs4, Ndufs5, Ndufs6, Ndufs7, Ndufs8, Ndufv1, Ndufv2, Ndufv3, Necab1, Necab2, Necab3, Nedd4, Nedd4l, Nedd8, Nedd9, Neil1, Neil2, Neil3, Nek1, Nek10, Nek11, Nek2, Nek3, Nek4, Nek6, Nek7, Nelfa, Nelfb, Nelfcd, Nelfe, Nell1, Nemf, Neo1, Nepn, Neu1, Neu2, Neu3, Neu4, Neurl1a, Neurl1b, Neurl2, Neurl3, Neurl4, Neurod1, Neurod2, Neurod4, Neurod6, Neurog1, Neurog2, Neurog3, Nf1, Nf2, Nfam1, Nfat5, Nfatc1, Nfatc2, Nfatc2ip, Nfatc3, Nfatc4, Nfe2, Nfe2l1, Nfe2l2, Nfe2l3, Nfia, Nfib, Nfic, Nfil3, Nfilz, Nfix, Nfkb1, Nfkb2, Nfkbia, Nfkbid, Nfkbie, Nfkbil1, Nfkbiz, Nfrkb, Nfs1, Nfx1, Nfxl1, Nfya, Nfyb, Nfyc, Ngdn, Ngf, Ngfr, Ngly1, Ngrn, Nhej1, Nherf1, Nhlh1, Nhlh2, Nhlrc1, Nhlrc3, Nhp2, Niban1, Niban2, Nicol1, Nif3l1, Nim1k, Nipal3, Nipbl, Nipsnap1, Nipsnap2, Nipsnap3b, Nisch, Nit1, Nit2, Nkap, Nkapl, Nkd1, Nkd2, Nkrf, Nktr, Nkx1-1, Nkx1-2, Nkx2-1, Nkx2-2, Nkx2-2os, Nkx2-3, Nkx2-4, Nkx2-5, Nkx2-6, Nkx2-9, Nkx3-1, Nkx3-2, Nkx6-1, Nkx6-2, Nkx6-3, Nlgn2, Nlk, Nln, Nlrc3, Nlrc4, Nlrc5, Nlrp10, Nlrp12, Nlrp1a, Nlrp1b, Nlrp3, Nlrp5, Nlrp6, Nlrp9b, Nlrx1, Nmb, Nmbr, Nmd3, Nme1, Nme2, Nme3, Nme4, Nme5, Nme6, Nme7, Nme9, Nmi, Nmnat1, Nmnat2, Nmnat3, Nmrk1, Nmrk2, Nmt1, Nmt2, Nnmt, Nnt, Nob1, Nobox, Noc2l, Noc3l, Noct, Nod1, Nod2, Nodal, Nog, Nol10, Nol11, Nol3, Nol6, Nol7, Nol8, Nol9, Nolc1, Nono, Nop10, Nop14, Nop2, Nop53, Nop9, Norad, Nos1, Nos2, Nos3, Nosip, Nostrin, Notch1, Notch2, Notch3, Notch4, Noto, Notum, Nova1, Nova2, Nox1, Nox3, Nox4, Noxa1, Noxo1, Noxred1, Npas1, Npas2, Npas3, Npas4, Npat, Npbwr1, Npc1, Npc1l1, Npc2, Npepl1, Npepps, Nphp3, Nphs1, Nphs2, Npl, Nploc4, Npm1, Npm2, Npm3, Npnt, Nppa, Nppb, Nppc, Npr1, Npr2, Npr3, Nprl2, Nprl3, Nptn, Npy, Npy1r, Nqo1, Nqo2, Nr0b1, Nr0b2, Nr1d1, Nr1d2, Nr1h2, Nr1h3, Nr1h4, Nr1h5, Nr1i2, Nr1i3, Nr2c1, Nr2c2, Nr2e1, Nr2e3, Nr2f1, Nr2f2, Nr2f6, Nr3c1, Nr3c2, Nr4a1, Nr4a2, Nr4a3, Nr5a1, Nr5a2, Nr6a1, Nrarp, Nras, Nrbf2, Nrbp2, Nrdc, Nrde2, Nrf1, Nrg1, Nrip1, Nrip2, Nrip3, Nrl, Nron, Nrp1, Nrros, Nrxn1, Nsa2, Nscme3l, Nsd1, Nsd2, Nsd3, Nsdhl, Nsf, Nsfl1c, Nsg1, Nsmaf, Nsmce1, Nsmce2, Nsmce3, Nsmce4a, Nsrp1, Nsun2, Nsun3, Nsun4, Nsun5, Nsun6, Nsun7, Nt5c, Nt5c1a, Nt5c1b, Nt5c2, Nt5c3, Nt5c3b, Nt5e, Nt5m, Ntan1, Ntaq1, Ntf3, Nthl1, Ntmt1, Ntmt2, Ntn3, Ntrk1, Ntrk2, Ntrk3, Nts, Ntsr1, Nuak1, Nuak2, Nub1, Nucb2, Nucks1, Nudc, Nudcd2, Nudcd3, Nudt1, Nudt10, Nudt11, Nudt12, Nudt13, Nudt14, Nudt15, Nudt16, Nudt16l1, Nudt16l2, Nudt17, Nudt18, Nudt19, Nudt2, Nudt21, Nudt3, Nudt4, Nudt5, Nudt7, Nudt8, Nudt9, Nufip1, Nuggc, Numbl, Nup107, Nup133, Nup153, Nup155, Nup160, Nup214, Nup62, Nup85, Nup88, Nup93, Nup98, Nupr1, Nupr2, Nus1, Nutf2, Nutf2-ps1, Nvl, Nwd1, Nxf1, Nxf2, Nxf3, Nxf7, Nxn, Nxt1, Nxt2, Nynrin, Oard1, Oas1a, Oas1b, Oas1c, Oas1d, Oas1e, Oas1f, Oas1g, Oas1h, Oas2, Oas3, Oasl2, Oat, Oaz1, Oaz2, Oaz3, Obi1, Obox1, Obox2, Obox3, Obox4, Obox5, Obox6, Obox7, Obox8, Obp2a, Obscn, Oc90, Oca2, Ocln, Ocrl, Odam, Odc1, Oga, Ogdh, Ogdhl, Ogfod1, Ogg1, Ogt, Ola1, Olah, Olfm1, Olig1, Olig2, Olig3, Olr1, Oma1, Onecut1, Onecut2, Onecut3, Ooep, Oog1, Oog2, Oog3, Oog4, Opa1, Opa3, Ophn1, Oplah, Opn3, Oprd1, Oprm1, Optn, Orc1, Orc2, Orc3, Orc4, Orc5, Orc6, Ormdl1, Ormdl2, Ormdl3, Os9, Osbp, Osbpl10, Osbpl7, Oscar, Osgep, Osgepl1, Osm, Osr1, Osr2, Ost4, Ostc, Otc, Otog, Otogl, Otp, Otub1, Otub2, Otud1, Otud3, Otud4, Otud5, Otud6a, Otud6b, Otud7a, Otud7b, Otulin, Otx1, Otx2, Ovch2, Ovgp1, Ovol1, Ovol2, Ovol3, Oxa1l, Oxct1, Oxct2a, Oxct2b, Oxr1, Oxsm, Oxsr1, Oxt, Oxtr, P2rx1, P2rx2, P2rx4, P2rx7, P2ry1, P2ry2, P2ry6, P3h1, P3h2, P3h3, P3h4, P4ha1, P4ha2, P4hb, Pa2g4, Pabir1, Pabpc1, Pabpc1l, Pabpc2, Pabpc4, Pabpn1, Pabpn1l, Pacs2, Pacsin3, Padi2, Padi4, Padi6, Paf1, Pafah1b1, Pafah1b2, Pafah1b3, Pafah2, Pagr1a, Pah, Paics, Paip1, Paip2, Paip2b, Pak1, Pak1ip1, Pak2, Pak3, Palb2, Pals1, Pals2, Pam, Pam16, Pan2, Pan3, Pank1, Pank2, Pank3, Pank4, Pantr1, Pantr2, Panx1, Panx2, Panx3, Paox, Papola, Papolb, Papolg, Pappa, Pappa2, Papss1, Papss2, Paqr3, Paqr4, Pard3, Pard6a, Parg, Park7, Parl, Parn, Parp1, Parp10, Parp11, Parp12, Parp14, Parp16, Parp2, Parp3, Parp4, Parp6, Parp8, Parp9, Parpbp, Pars2, Pasd1, Pask, Pate6, Patl1, Patl2, Patz1, Paupar, Pawr, Pax1, Pax1dt, Pax2, Pax3, Pax4, Pax5, Pax6, Pax7, Pax8, Pax9, Paxbp1, Paxip1, Paxx, Pbk, Pbld1, Pbld2, Pbrm1, Pbx1, Pbx2, Pbx3, Pbx4, Pbxip1, Pcbd1, Pcbd2, Pcbp1, Pcbp2, Pcbp3, Pcbp4, Pcca, Pcdh12, Pcdha9, Pcf11, Pcgf1, Pcgf2, Pcgf3, Pcgf5, Pcgf6, Pcid2, Pcif1, Pck1, Pck2, Pclaf, Pcmt1, Pcmtd1, Pcmtd2, Pcna, Pcnp, Pcolce, Pcsk1, Pcsk1n, Pcsk2, Pcsk4, Pcsk5, Pcsk6, Pcsk7, Pcsk9, Pctp, Pcx, Pcyox1, Pcyox1l, Pcyt1a, Pcyt1b, Pcyt2, Pdcd10, Pdcd11, Pdcd1lg2, Pdcd4, Pdcd5, Pdcd5-ps, Pdcd6, Pdcd6ip, Pdcd7, Pdcl, Pdcl2, Pdcl3, Pde10a, Pde12, Pde1a, Pde1b, Pde2a, Pde3a, Pde3b, Pde4a, Pde4b, Pde4c, Pde4d, Pde5a, Pde7a, Pde7b, Pde8a, Pde8b, Pde9a, Pdf, Pdgfa, Pdgfb, Pdgfc, Pdgfd, Pdgfra, Pdgfrb, Pdha1, Pdha2, Pdhb, Pdhx, Pdia2, Pdia3, Pdia4, Pdia5, Pdilt, Pdk1, Pdk2, Pdk3, Pdk4, Pdlim1, Pdlim2, Pdp1, Pdpn, Pdrg1, Pds5a, Pds5b, Pdss1, Pdss2, Pdx1, Pdxdc1, Pdxk, Pdxp, Pdzd11, Pdzrn3, Peak1, Pebp1, Pecam1, Pecr, Peds1, Pef1, Peg3, Peli1, Peli2, Peli3, Pelo, Pelp1, Pemt, Pepb, Pepc, Pepd, Per1, Per2, Per3, Perm1, Perp, Pes1, Pex1, Pex10, Pex12, Pex13, Pex14, Pex19, Pex2, Pex5, Pex6, Pex7, Pf4, Pfas, Pfdn1, Pfdn2, Pfdn4, Pfdn5, Pfdn6, Pfkfb1, Pfkfb2, Pfkfb3, Pfkfb4, Pfkl, Pfkm, Pfkp, Pfn1, Pfn2, Pga5, Pgam1, Pgam2, Pgam5, Pgap1, Pgap2, Pgap3, Pgap4, Pgap6, Pgbd5, Pgc, Pgd, Pgf, Pgghg, Pggt1b, Pgk1, Pgk2, Pgls, Pglyrp1, Pglyrp2, Pglyrp3, Pglyrp4, Pgm1, Pgm2, Pgm2l1, Pgm3, Pgm5, Pgp, Pgpep1, Pgpep1l, Pgr, Pgrmc1, Pgs1, Phactr1, Phax, Phb1, Phb2, Phc1, Phc2, Phc3, Pheta1, Pheta2, Phex, Phf1, Phf10, Phf12, Phf13, Phf14, Phf19, Phf2, Phf20, Phf20l1, Phf21a, Phf23, Phf3, Phf5a, Phf6, Phf8, Phgdh, Phip, Phka1, Phka2, Phkb, Phkg1, Phkg2, Phlda1, Phlda2, Phlpp1, Phlpp2, Phox2a, Phox2b, Phpt1, Phrf1, Phyh, Pi4k2a, Pi4k2b, Pi4ka, Pi4kb, Pianp, Pias1, Pias2, Pias3, Pias4, Pibf1, Picalm, Pick1, Pid1, Pidd1, Pierce1, Pif1, Piga, Pigb, Pigc, Pigf, Pigg, Pigh, Pigk, Pigl, Pigm, Pign, Pigo, Pigp, Pigq, Pigs, Pigt, Pigu, Pigv, Pigw, Pigx, Pigyl, Pigz, Pih1d1, Pih1d2, Pik3c2a, Pik3c2b, Pik3c2g, Pik3c3, Pik3ca, Pik3cb, Pik3cd, Pik3cg, Pik3r1, Pik3r2, Pik3r3, Pik3r4, Pik3r5, Pik3r6, Pikfyve, Pim1, Pim2, Pim3, Pin1, Pin1rt1, Pin4, Pink1, Pinx1, Pip, Pip4k2a, Pip4k2b, Pip4k2c, Pip4p1, Pip4p2, Pip5k1a, Pip5k1b, Pip5k1c, Pip5kl1, Pipox, Pirb, Pisd, Pithd1, Pitpnc1, Pitrm1, Pitx1, Pitx2, Pitx3, Piwil1, Piwil2, Piwil4, Pja1, Pja2, Pjvk, Pkd1, Pkd2, Pkdcc, Pkhd1, Pkia, Pkib, Pkig, Pklr, Pkm, Pkn1, Pkn2, Pknox1, Pknox2, Pkp1, Pkp3, Pla1a, Pla2g10, Pla2g12a, Pla2g12b, Pla2g15, Pla2g1b, Pla2g2a, Pla2g2c, Pla2g2d, Pla2g2e, Pla2g2f, Pla2g3, Pla2g4a, Pla2g4b, Pla2g4c, Pla2g4d, Pla2g4e, Pla2g4f, Pla2g5, Pla2g6, Pla2g7, Pla2r1, Plaa, Plaat1, Plaat3, Plaat5, Plac8, Plag1, Plagl1, Plagl2, Plat, Platr14, Platr25, Plau, Plaur, Plb1, Plbd1, Plbd2, Plcb1, Plcb2, Plcb3, Plcb4, Plcd1, Plcd3, Plcd4, Plce1, Plcg1, Plcg2, Plch1, Plch2, Plcl1, Plcl2, Plcxd1, Plcxd2, Plcxd3, Plcz1, Pld1, Pld2, Pld3, Pld4, Pld6, Plec, Plek, Plekha1, Plekha3, Plekhf1, Plekhg5, Plekhj1, Plekhm1, Plekhm2, Plekhn1, Plg, Plgrkt, Plin1, Plin5, Plk1, Plk2, Plk3, Plk4, Plod1, Plod2, Plod3, Plp1, Plpbp, Plpp1, Plpp2, Plpp3, Plpp4, Plpp5, Plpp6, Plppr1, Plppr2, Plppr3, Plppr4, Plppr5, Plrg1, Plscr1, Plscr3, Pltp, Plxnb2, Pm20d1, Pm20d2, Pmaip1, Pmel, Pmf1, Pmfbp1, Pml, Pmm1, Pmm2, Pmp22, Pmpca, Pmpcb, Pms1, Pms2, Pmvk, Pnkd, Pnkp, Pnldc1, Pnlip, Pnliprp1, Pnliprp2, Pnmt, Pnn, Pnp, Pnp2, Pnpla1, Pnpla2, Pnpla3, Pnpla5, Pnpla6, Pnpla7, Pnpla8, Pnpo, Pnpt1, Pnrc1, Pnrc2, Pofut1, Pofut2, Pogk, Poglut1, Poglut2, Poglut3, Pogz, Pola1, Pola2, Polb, Pold1, Pold2, Pold3, Pold4, Poldip2, Poldip3, Pole, Pole2, Pole3, Pole4, Polg, Polg2, Polh, Poli, Polk, Poll, Polm, Poln, Polq, Polr1a, Polr1b, Polr1c, Polr1d, Polr1e, Polr1f, Polr1g, Polr1h, Polr2a, Polr2b, Polr2c, Polr2d, Polr2e, Polr2f, Polr2g, Polr2h, Polr2i, Polr2j, Polr2k, Polr2l, Polr2m, Polr3a, Polr3b, Polr3c, Polr3d, Polr3e, Polr3f, Polr3g, Polr3gl, Polr3h, Polr3k, Polrmt, Pomc, Pomgnt1, Pomgnt2, Pomk, Pomt1, Pomt2, Pon1, Pon2, Pon3, Pop1, Pop4, Pop5, Pop7, Popdc1, Por, Porcn, Postn, Pot1a, Pot1b, Potefam3a, Potefam3b, Pou1f1, Pou2af1, Pou2af2, Pou2af3, Pou2f1, Pou2f2, Pou2f3, Pou3f1, Pou3f2, Pou3f3, Pou3f4, Pou4f1, Pou4f2, Pou4f3, Pou5f1, Pou5f2, Pou6f1, Pou6f2, Ppa1, Ppa2, Ppan, Ppara, Ppard, Pparg, Ppargc1a, Ppargc1b, Ppat, Ppcdc, Ppcs, Ppef1, Ppef2, Pphln1, Ppia, Ppib, Ppic, Ppid, Ppie, Ppif, Ppig, Ppih, Ppihl, Ppil1, Ppil2, Ppil3, Ppil4, Ppip5k1, Ppip5k2, Ppl, Ppm1a, Ppm1b, Ppm1d, Ppm1e, Ppm1f, Ppm1g, Ppm1h, Ppm1j, Ppm1k, Ppm1l, Ppm1m, Ppm1n, Ppme1, Ppox, Ppp1ca, Ppp1cb, Ppp1cc, Ppp1r10, Ppp1r11, Ppp1r12a, Ppp1r13l, Ppp1r15a, Ppp1r15b, Ppp1r17, Ppp1r1a, Ppp1r1b, Ppp1r2, Ppp1r3a, Ppp1r3b, Ppp1r3c, Ppp1r3d, Ppp1r3e, Ppp1r3f, Ppp1r3g, Ppp1r42, Ppp1r8, Ppp1r9b, Ppp2ca, Ppp2cb, Ppp2r1a, Ppp2r2a, Ppp2r3a, Ppp2r3c, Ppp2r3d, Ppp2r5a, Ppp2r5b, Ppp2r5c, Ppp2r5d, Ppp3ca, Ppp3cb, Ppp3cc, Ppp3r1, Ppp4c, Ppp4r2, Ppp4r3a, Ppp4r3b, Ppp4r3c1, Ppp4r3c2, Ppp5c, Ppp6c, Pprc1, Ppt1, Ppt2, Pptc7, Ppwd1, Pqbp1, Pramel1, Pramel11, Pramel12, Pramel13, Pramel14, Pramel15, Pramel16, Pramel17, Pramel18, Pramel19, Pramel20, Pramel21, Pramel22, Pramel23, Pramel24, Pramel25, Pramel26, Pramel27, Pramel28, Pramel29, Pramel30, Pramel31, Pramel32, Pramel33, Pramel35, Pramel36, Pramel37, Pramel38, Pramel40, Pramel41, Pramel42, Pramel43, Pramel44, Pramel45, Pramel46, Pramel47, Pramel48, Pramel5, Pramel51, Pramel53, Pramel55, Pramel6, Pramel60, Pramel7, Pramex1, Prcp, Prdm1, Prdm10, Prdm11, Prdm12, Prdm13, Prdm14, Prdm15, Prdm16, Prdm2, Prdm4, Prdm5, Prdm6, Prdm8, Prdm9, Prdx1, Prdx2, Prdx3, Prdx4, Prdx5, Prdx6, Prdx6b, Preb, Prelid1, Prep, Prepl, Prex1, Prex2, Prg2, Prg3, Prg4, Prickle1, Prim1, Prim2, Primpol, Prkaa1, Prkaa2, Prkab1, Prkab2, Prkaca, Prkacb, Prkag1, Prkag2, Prkag3, Prkar1a, Prkar1b, Prkar2b, Prkca, Prkcb, Prkcd, Prkce, Prkcg, Prkch, Prkci, Prkcq, Prkcsh, Prkcz, Prkd1, Prkd2, Prkdc, Prkg1, Prkg2, Prkn, Prkra, Prkrip1, Prkx, Prl, Prl2c2, Prlh, Prlhr, Prlr, Prmt1, Prmt2, Prmt3, Prmt5, Prmt6, Prmt7, Prmt8, Prmt9, Prnp, Proc, Proca1, Prodh, Prodh2, Prom2, Prop1, Prorp, Prorsd1, Prox1, Prox2, Proz, Prpf18, Prpf19, Prpf3, Prpf31, Prpf38a, Prpf38b, Prpf39, Prpf4, Prpf40a, Prpf40b, Prpf4b, Prpf6, Prpf8, Prph2, Prps1, Prps1l1, Prps1l3, Prps2, Prpsap1, Prpsap2, Prr16, Prr5, Prr5l, Prr7, Prrt1, Prrx1, Prrx2, Prss1, Prss12, Prss16, Prss1l, Prss2, Prss21, Prss22, Prss23, Prss27, Prss28, Prss29, Prss3, Prss30, Prss32, Prss33, Prss34, Prss36, Prss37, Prss38, Prss39, Prss3b, Prss3l, Prss40, Prss41, Prss42, Prss43, Prss44, Prss45, Prss46, Prss48, Prss50, Prss51, Prss52, Prss53, Prss54, Prss55, Prss56, Prss57, Prss58, Prss59, Prss8, Prtn3, Prx, Prxl2b, Prxl2c, Psap, Psapl1, Psat1, Psen1, Psen2, Psenen, Psg18, Psg22, Psg23, Psip1, Pskh1, Psma1, Psma2, Psma3, Psma4, Psma5, Psma6, Psma7, Psma8, Psmb1, Psmb10, Psmb11, Psmb2, Psmb3, Psmb4, Psmb5, Psmb6, Psmb7, Psmb8, Psmb9, Psmc1, Psmc2, Psmc3, Psmc3ip, Psmc4, Psmc5, Psmc6, Psmd1, Psmd10, Psmd11, Psmd13, Psmd14, Psmd2, Psmd3, Psmd4, Psmd6, Psmd7, Psmd8, Psmd9, Psme1, Psme2, Psme3, Psme3ip1, Psme4, Psmf1, Pspc1, Psph, Psrc1, Pstk, Ptafr, Ptbp1, Ptbp2, Ptbp3, Ptcd1, Ptcd2, Ptcd3, Ptch1, Ptdss1, Ptdss2, Pten, Pter, Ptf1a, Ptgdr, Ptgds, Ptger2, Ptger3, Ptger4, Ptges, Ptges2, Ptges3, Ptges3-ps, Ptges3l, Ptgfr, Ptgis, Ptgr1, Ptgr2, Ptgr3, Ptgs1, Ptgs2, Ptgs2os, Ptgs2os2, Pth, Pth1r, Pth2, Pth2r, Pthlh, Ptk2, Ptk2b, Ptk6, Ptma, Ptms, Ptov1, Ptp4a3, Ptpa, Ptpmt1, Ptpn1, Ptpn11, Ptpn12, Ptpn13, Ptpn2, Ptpn22, Ptpn23, Ptpn3, Ptpn4, Ptpn5, Ptpn6, Ptpn7, Ptpn9, Ptpra, Ptprb, Ptprc, Ptprf, Ptprh, Ptprj, Ptprk, Ptprm, Ptprn, Ptprn2, Ptpro, Ptprq, Ptprr, Ptprs, Ptprt, Ptpru, Ptprv, Ptprz1, Ptrh1, Ptrh2, Pts, Pttg1, Pttg1ip, Ptx3, Pudp, Puf60, Pum1, Pum2, Pum3, Pura, Purb, Purg, Pus1, Pus10, Pus3, Pus7, Pus7l, Pusl1, Pvalb, Pwp1, Pwp2, Pwwp2a, Pwwp2b, Pwwp3a, Pxdn, Pxmp4, Pxn, Pxylp1, Pycard, Pycr1, Pycr2, Pycr3, Pygb, Pygl, Pygm, Pygo1, Pym1, Pyurf, Qars1, Qdpr, Qki, Qng1, Qpct, Qpctl, Qprt, Qrich1, Qrich2, Qrsl1, Qsox1, Qsox2, Qtrt1, Qtrt2, Rab11b, Rab12, Rab19, Rab1a, Rab1b, Rab23, Rab24, Rab26, Rab27a, Rab29, Rab2a, Rab2b, Rab33a, Rab33b, Rab38, Rab39, Rab39b, Rab3b, Rab3d, Rab3gap1, Rab3gap2, Rab40b, Rab40c, Rab43, Rab6a, Rab7, Rab7b, Rab8a, Rabgef1, Rabggta, Rabggtb, Rabl3, Rac1, Rac2, Rack1, Rad1, Rad17, Rad18, Rad21, Rad21l, Rad23a, Rad23b, Rad50, Rad51, Rad51ap1, Rad51b, Rad51c, Rad51d, Rad52, Rad54b, Rad54l, Rad54l2, Rad9a, Rad9b, Radx, Raet1b, Raf1, Rag1, Rag2, Rai1, Ralb, Ralbp1, Ralgapa1, Raly, Ramac, Ramp1, Ramp2, Ramp3, Ran, Ranbp2, Ranbp9, Rangap1, Rap1a, Rap1gds1, Rap2a, Rap2b, Rap2c, Rapgef2, Rapgef3, Rara, Rarb, Rarg, Rarres2, Rars1, Rars2, Rasa1, Rasal2, Rasd1, Rasd2, Rasgrp1, Rasip1, Rasl11a, Rassf1, Rassf2, Rassf5, Rax, Rb1, Rb1cc1, Rbak, Rbbp4, Rbbp5, Rbbp6, Rbbp7, Rbbp8, Rbbp9, Rbck1, Rbfa, Rbfox1, Rbfox2, Rbfox3, Rbks, Rbl1, Rbl2, Rbm10, Rbm11, Rbm12, Rbm12b1, Rbm12b2, Rbm14, Rbm15, Rbm15b, Rbm17, Rbm20, Rbm22, Rbm24, Rbm25, Rbm28, Rbm3, Rbm31y, Rbm33, Rbm34, Rbm38, Rbm39, Rbm4, Rbm41, Rbm42, Rbm44, Rbm46, Rbm47, Rbm48, Rbm4b, Rbm5, Rbm6, Rbm7, Rbm8a, Rbm8a2, Rbms1, Rbms3, Rbmx, Rbmx2, Rbmxl1, Rbmxl2, Rbmy, Rbmyf1, Rbmyf3, Rbmyf6, Rbmyf9, Rbp1, Rbp2, Rbp3, Rbp4, Rbpj, Rbpjl, Rbpms, Rbpms2, Rbx1, Rbx1-ps, Rc3h1, Rc3h2, Rcc1l, Rce1, Rchy1, Rcl1, Rcn3, Rcor1, Rcor2, Rcor3, Rd3, Rdh1, Rdh10, Rdh11, Rdh12, Rdh13, Rdh14, Rdh16, Rdh16f2, Rdh19, Rdh5, Rdh7, Rdh8, Rdh9, Rdx, Rec114, Rec8, Reck, Recql, Recql4, Recql5, Reg1, Reg3b, Rel, Rela, Relb, Reln, Ren1, Ren2, Renbp, Reno1, Rep15, Repin1, Rere, Resf1, Rest, Ret, Retn, Retreg1, Retreg2, Retreg3, Retsat, Rev1, Rev3l, Rex2, Rexo1, Rexo2, Rexo4, Rexo5, Rfc1, Rfc2, Rfc3, Rfc4, Rfc5, Rffl, Rfk, Rfpl4, Rft1, Rftn1, Rfwd3, Rfx1, Rfx2, Rfx3, Rfx4, Rfx5, Rfx6, Rfx7, Rfx8, Rfxank, Rfxap, Rgcc, Rgma, Rgmb, Rgn, Rgp1, Rgs14, Rgs2, Rhbdd1, Rhbdd3, Rhbdf1, Rhbdf2, Rhbdl1, Rhbdl2, Rhbdl3, Rheb, Rhebl1, Rhno1, Rho, Rhoa, Rhobtb3, Rhog, Rhoq, Rhox1, Rhox10, Rhox11, Rhox12, Rhox13, Rhox2a, Rhox2b, Rhox2c, Rhox2d, Rhox2f, Rhox2g, Rhox2h, Rhox3a, Rhox3c, Rhox3f, Rhox3g, Rhox3h, Rhox4a, Rhox4b, Rhox4c, Rhox4d, Rhox4e, Rhox4f, Rhox4g, Rhox5, Rhox6, Rhox7a, Rhox7b, Rhox8, Rhox9, Ric1, Ric3, Ric8a, Ric8b, Rictor, Rida, Rif1, Rigi, Rilp, Rimkla, Rimklb, Rimoc1, Rims1, Rims2, Ring1, Riok1, Riok2, Riok3, Riox1, Riox2, Ripk1, Ripk2, Ripk3, Ripk4, Ripply1, Ripply2, Ripply3, Rit2, Rlf, Rlig1, Rlim, Rmc1, Rmi1, Rmi2, Rmnd1, Rmnd5a, Rmnd5b, Rnaseh1, Rnaseh2a, Rnaseh2b, Rnaseh2c, Rnasel, Rnaset2a, Rnaset2b, Rnf10, Rnf103, Rnf11, Rnf111, Rnf112, Rnf113a1, Rnf113a2, Rnf114, Rnf115, Rnf121, Rnf122, Rnf123, Rnf125, Rnf126, Rnf128, Rnf13, Rnf130, Rnf133, Rnf135, Rnf138, Rnf138rt1, Rnf139, Rnf14, Rnf141, Rnf144a, Rnf144b, Rnf145, Rnf146, Rnf148, Rnf149, Rnf150, Rnf152, Rnf157, Rnf166, Rnf167, Rnf168, Rnf169, Rnf170, Rnf180, Rnf181, Rnf182, Rnf183, Rnf185, Rnf186, Rnf187, Rnf19a, Rnf19b, Rnf2, Rnf20, Rnf207, Rnf208, Rnf212, Rnf212b, Rnf213, Rnf215, Rnf216, Rnf217, Rnf220, Rnf223, Rnf225, Rnf227, Rnf25, Rnf26, Rnf26rt, Rnf31, Rnf34, Rnf38, Rnf4, Rnf40, Rnf41, Rnf43, Rnf44, Rnf5, Rnf6, Rnf7, Rnf7l, Rnf8, Rnft1, Rnft2, Rngtt, Rnls, Rnmt, Rnpc3, Rnpep, Rnpepl1, Rnps1, Rnu11, Rnu12, Rnu2-10, Rnu7, Rny1, Rny3, Ro60, Robo1, Rock1, Rock2, Rogdi, Rom1, Romo1, Ropn1, Ropn1l, Ror1, Ror2, Rora, Rorb, Rorc, Ros1, Rp9, Rpa1, Rpa2, Rpa3, Rpain, Rpap1, Rpap2, Rpe, Rpe65, Rpf1, Rpf2, Rpgr, Rpia, Rpl10, Rpl10-ps3, Rpl10a, Rpl10l, Rpl11, Rpl12, Rpl13, Rpl13a, Rpl14, Rpl15, Rpl17, Rpl18, Rpl18a, Rpl19, Rpl21, Rpl22, Rpl22l1, Rpl23, Rpl23a, Rpl24, Rpl26, Rpl27, Rpl27a, Rpl27rt, Rpl28, Rpl29, Rpl3, Rpl30, Rpl31, Rpl32, Rpl32l, Rpl34, Rpl35, Rpl35a, Rpl36, Rpl36-ps12, Rpl36a, Rpl37, Rpl37a, Rpl38, Rpl39, Rpl39l, Rpl3l, Rpl4, Rpl41, Rpl5, Rpl6, Rpl6l, Rpl7, Rpl7a, Rpl7l1, Rpl8, Rpl9, Rpl9-ps6, Rplp0, Rplp1, Rplp1rt, Rplp2, Rpn1, Rpn2, Rpp14, Rpp21, Rpp25, Rpp25l, Rpp30, Rpp38, Rpp40, Rprd1a, Rprd1b, Rprd2, Rps10, Rps11, Rps12, Rps13, Rps14, Rps15, Rps15a, Rps16, Rps17, Rps18, Rps19, Rps2, Rps20, Rps21, Rps23, Rps23rg1, Rps24, Rps25, Rps26, Rps27, Rps27a, Rps27l, Rps27rt, Rps28, Rps29, Rps3, Rps3a1, Rps4x, Rps5, Rps6, Rps6-ps4, Rps6ka1, Rps6ka2, Rps6ka3, Rps6ka4, Rps6ka5, Rps6kb1, Rps6kb2, Rps7, Rps8, Rps9, Rpsa, Rptor, Rpusd1, Rpusd2, Rpusd3, Rpusd4, Rraga, Rragb, Rragc, Rragd, Rreb1, Rrm1, Rrm2, Rrm2b, Rrn3, Rrp1, Rrp15, Rrp1b, Rrp36, Rrp7a, Rrp8, Rrp9, Rrs1, Rsad1, Rsad2, Rsf1, Rsl1, Rsl24d1, Rslcan18, Rspo1, Rspry1, Rsrc1, Rsrp1, Rtca, Rtcb, Rtel1, Rtf1, Rtf2, Rtkn2, Rtl1, Rtl4, Rtn1, Rtn2, Rtn3, Rtn4, Rtn4ip1, Rtraf, Rubcn, Rubcnl, Rufy4, Runx1, Runx1t1, Runx2, Runx3, Rusc1, Ruvbl1, Ruvbl2, Rwdd1, Rwdd3, Rxra, Rxrb, Rxrg, Rxylt1, Rybp, Rybp-ps, S100a1, S100a10, S100a13, S100a7a, S100a8, S100a9, S100b, S1pr1, S1pr2, S1pr3, S1pr4, S1pr5, Saa1, Saa3, Sacm1l, Sae1, Safb, Safb2, Sall1, Sall2, Sall3, Sall4, Samd1, Samd11, Samd4, Samd4b, Samd7, Samd8, Samd9l, Samhd1, Samsn1, Samtor, Sanbr, Sap130, Sap18, Sap18b, Sap25, Sap30, Sap30bp, Sap30l, Sardh, Sarm1, Sarnp, Sars1, Sars2, Sart1, Sart3, Sash1, Sash3, Sat1, Sat2, Satb1, Satb2, Satl1, Sav1, Saysd1, Sbds, Sbf2, Sbno1, Sbno2, Sc5d, Scaf1, Scaf11, Scaf4, Scaf8, Scai, Scamp5, Scand1, Scap, Scarb1, Scarb2, Scart2, Sccpdh, Scd1, Scd2, Scd3, Scd4, Scfd1, Scg5, Scgb1a1, Schip1, Scimp, Scly, Scmh1, Scml2, Scml4, Scn2b, Scnm1, Scnn1b, Sco1, Sco2, Scoc, Scp2, Scpep1, Scrib, Scrn1, Scrn2, Scrn3, Scrt1, Scrt2, Sct, Sctr, Scx, Sdcbp, Sde2, Sdf2, Sdf2l1, Sdha, Sdhaf2, Sdhaf3, Sdhaf4, Sdhb, Sdhc, Sdhd, Sdr16c5, Sdr42e1, Sdr9c7, Sds, Sdsl, Sec1, Sec11a, Sec11c, Sec14l2, Sec16b, Sec22b, Sec61b, Sec61bl, Sec63, Secisbp2, Seh1l, Sel1l, Sel1l2, Selenof, Selenoi, Selenok, Selenom, Selenon, Selenoo, Selenop, Selenos, Sem1, Sema4d, Sema7a, Semp2l1, Semp2l2a, Semp2l2b, Senp1, Senp2, Senp3, Senp5, Senp6, Senp7, Senp8, Sephs1, Sephs2, Sepsecs, Septin3, Septin4, Serac1, Serbp1, Serf1, Serinc1, Serinc2, Serinc4, Serinc5, Serp1, Serpina12, Serpina1a, Serpina1b, Serpina5, Serpina6, Serpinb10, Serpinb11, Serpinb12, Serpinb13, Serpinb1a, Serpinb1b, Serpinb1c, Serpinb2, Serpinb3a, Serpinb3b, Serpinb3c, Serpinb3d, Serpinb5, Serpinb6a, Serpinb6b, Serpinb6c, Serpinb6d, Serpinb6e, Serpinb7, Serpinb8, Serpinb9, Serpinb9b, Serpinb9c, Serpinb9d, Serpinb9e, Serpinb9f, Serpinb9g, Serpinb9h, Serpind1, Serpine1, Serpine2, Serpine3, Serpinf1, Serpinf2, Serping1, Serpinh1, Serpini1, Serpini2, Sertad1, Sertad2, Sertad3, Sesn1, Sesn2, Sesn3, Setbp1, Setd1a, Setd1b, Setd2, Setd3, Setd4, Setd5, Setd6, Setd7, Setdb1, Setdb2, Setmar, Setx, Sez6, Sez6l, Sez6l2, Sf1, Sf3a1, Sf3a2, Sf3a3, Sf3b1, Sf3b2, Sf3b3, Sf3b4, Sf3b5, Sf3b6, Sfmbt1, Sfmbt2, Sfn, Sfpq, Sfr1, Sfrp1, Sfrp2, Sfrp4, Sfrp5, Sfswap, Sftpb, Sftpd, Sfxn1, Sfxn3, Sfxn5, Sgcb, Sgcg, Sgf29, Sgk1, Sgms1, Sgms1os1, Sgms2, Sgpl1, Sgpp1, Sgpp2, Sgsh, Sgsm1, Sgsm3, Sgta, Sh2b1, Sh2b2, Sh2d1b1, Sh2d1b2, Sh3bgrl, Sh3bp4, Sh3bp5, Sh3d19, Sh3gl2, Sh3glb1, Sh3pxd2a, Sh3pxd2b, Sh3rf1, Sh3rf2, Sh3rf3, Sh3yl1, Shank3, Sharpin, Shb, Shc1, Shc4, Shfl, Shh, Shld1, Shld2, Shld3, Shmt1, Shmt2, Shoc1, Shox2, Shpk, Shprh, Siae, Siah1a, Siah1b, Siah2, Siah3, Sidt2, Sigirr, Siglec1, Siglecg, Sik1, Sik2, Sik3, Sim1, Sim2, Sin3a, Sin3b, Sinhcaf, Sirpa, Sirt1, Sirt2, Sirt3, Sirt4, Sirt5, Sirt6, Sirt7, Sis, Siva1, Six1, Six2, Six3, Six4, Six5, Six6, Skap1, Ski, Skic2, Skic3, Skic8, Skil, Skint1, Skint10, Skint11, Skint2, Skint3, Skint4, Skint5, Skint6, Skint7, Skint8, Skint9, Skor1, Skor2, Skp1, Skp2, Sla2, Slamf1, Slamf6, Slamf8, Slamf9, Slbp, Slc10a7, Slc11a1, Slc11a2, Slc12a3, Slc15a4, Slc16a1, Slc16a10, Slc16a11, Slc16a12, Slc16a2, Slc16a3, Slc16a9, Slc17a1, Slc17a3, Slc17a9, Slc19a2, Slc19a3, Slc1a1, Slc1a2, Slc1a3, Slc22a12, Slc22a13, Slc22a2, Slc22a4, Slc22a5, Slc23a2, Slc24a3, Slc24a4, Slc24a5, Slc25a10, Slc25a11, Slc25a12, Slc25a13, Slc25a16, Slc25a17, Slc25a18, Slc25a19, Slc25a2, Slc25a22, Slc25a23, Slc25a25, Slc25a26, Slc25a33, Slc25a37, Slc25a39, Slc25a4, Slc25a42, Slc25a44, Slc25a46, Slc25a5, Slc25a51, Slc26a7, Slc26a9, Slc27a1, Slc27a2, Slc27a3, Slc27a4, Slc27a5, Slc27a6, Slc2a10, Slc2a13, Slc2a4, Slc2a6, Slc2a8, Slc2a9, Slc30a5, Slc30a8, Slc30a9, Slc34a1, Slc35a1, Slc35a4, Slc35b2, Slc35b3, Slc35b4, Slc35c1, Slc35c2, Slc35d1, Slc35d2, Slc35d3, Slc37a2, Slc37a4, Slc38a1, Slc38a2, Slc38a3, Slc39a14, Slc39a5, Slc39a8, Slc3a1, Slc3a2, Slc40a1, Slc44a4, Slc45a2, Slc45a3, Slc48a1, Slc4a1, Slc4a10, Slc4a4, Slc4a5, Slc4a7, Slc51b, Slc52a2, Slc52a3, Slc5a3, Slc5a5, Slc5a6, Slc5a7, Slc6a17, Slc6a3, Slc6a4, Slc6a7, Slc6a8, Slc6a9, Slc7a11, Slc7a2, Slc7a5, Slc7a6, Slc7a7, Slc8a1, Slc8a2, Slc8a3, Slc9a1, Slco1a6, Slco1c1, Slco3a1, Slco4a1, Slf1, Slf2, Slfn1, Slfn14, Slfn2, Slfn8, Slfn9, Slirp, Slit2, Slit3, Slitrk1, Slk, Sln, Sltm, Slu7, Slx, Slx1b, Slx4, Slx9, Slxl1, Sly, Smad1, Smad2, Smad3, Smad4, Smad5, Smad6, Smad7, Smad9, Smarca1, Smarca2, Smarca4, Smarca5, Smarcad1, Smarcal1, Smarcb1, Smarcc1, Smarcc2, Smarcd1, Smarcd2, Smarcd3, Smarce1, Smc1a, Smc2, Smc3, Smc4, Smc5, Smc6, Smchd1, Smcr8, Smg1, Smg5, Smg6, Smg7, Smg8, Smg9, Smn1, Smndc1, Smo, Smoc2, Smok1, Smok2b, Smox, Smpd1, Smpd2, Smpd3, Smpd4, Smpd5, Smpdl3a, Smpdl3b, Sms, Smtnl1, Smu1, Smug1, Smurf1, Smurf2, Smyd1, Smyd2, Smyd3, Smyd4, Smyd5, Snai1, Snai2, Snai3, Snap29, Snapc1, Snapc2, Snapc3, Snapc4, Snapc5, Snapin, Snca, Sncaip, Sncb, Snd1, Snf8, Snhg15, Snhg17, Snhg20, Snip1, Snord32a, Snord33, Snord34, Snord35a, Snrk, Snrnp200, Snrnp25, Snrnp27, Snrnp35, Snrnp40, Snrnp48, Snrnp70, Snrpa, Snrpa1, Snrpb, Snrpb2, Snrpc, Snrpd1, Snrpd2, Snrpd3, Snrpe, Snrpert, Snrpf, Snrpg, Snrpn, Snta1, Snu13, Snw1, Snx1, Snx12, Snx14, Snx16, Snx18, Snx25, Snx3, Snx30, Snx33, Snx4, Snx5, Snx6, Snx7, Snx9, Soat1, Soat2, Socs1, Socs2, Socs3, Socs4, Socs5, Socs6, Socs7, Sod1, Sod2, Sod3, Sohlh1, Sohlh2, Son, Sorbs1, Sorbs3, Sord, Sorl1, Sort1, Sos1, Sost, Sox1, Sox10, Sox11, Sox12, Sox13, Sox14, Sox15, Sox17, Sox18, Sox2, Sox21, Sox3, Sox30, Sox4, Sox5, Sox6, Sox7, Sox8, Sox9, Sp1, Sp100, Sp110, Sp140, Sp140l1, Sp140l2, Sp2, Sp3, Sp4, Sp5, Sp6, Sp7, Sp8, Sp9, Spag11a, Spag8, Spag9, Spam1, Spart, Spata18, Spata2, Spata20, Spata22, Spata33, Spatc1l, Spcs1, Spcs2, Spcs3, Spdef, Spdya, Spdye4a, Spen, Spg11, Spg21, Spg7, Sphk1, Sphk2, Spi1, Spib, Spic, Spidr, Spin1, Spin2c, Spin2d, Spin2e, Spin2g, Spin2h, Spin4, Spindoc, Spink1, Spink12, Spink2, Spink5, Spink6, Spink7, Spire1, Spire2, Spn, Spns2, Spo11, Spocd1, Spock1, Spock3, Spon1, Spon2, Spop, Spopfm2, Spopfm3, Spopl, Spout1, Spp1, Sppl2a, Sppl2b, Sppl2c, Sppl3, Spr, Spred1, Spred2, Sprr1a, Sprtn, Spry1, Spry2, Spry4, Spsb1, Spsb2, Spsb3, Spsb4, Spta1, Sptb, Sptbn1, Sptbn4, Sptlc1, Sptlc2, Sptlc3, Sptssa, Sptssb, Spty2d1, Spx, Spz1, Sqle, Sqor, Sqstm1, Sra1, Srbd1, Src, Srcin1, Srd5a1, Srd5a2, Srd5a3, Srebf1, Srebf2, Srek1, Srek1ip1, Srf, Srfbp1, Srgn, Srm, Srms, Srp9, Srpk1, Srpk2, Srpk3, Srpx, Srpx2, Srr, Srrd, Srrm1, Srrm2, Srrm4, Srrt, Srsf1, Srsf10, Srsf12, Srsf19, Srsf2, Srsf3, Srsf4, Srsf5, Srsf6, Srsf7, Srsf9, Sry, Ss18, Ss18l1, Ssb, Ssbp1, Ssbp2, Ssbp3, Ssbp4, Ssc5d, Ssh1, Ssh2, Ssh3, Ssrp1, Ssty1, Ssty2, Ssu72, Ssxa1, St13, St14, St18, St3gal1, St3gal2, St3gal3, St3gal4, St3gal5, St3gal6, St6gal1, St6gal2, St6galnac1, St6galnac2, St6galnac3, St6galnac4, St6galnac5, St6galnac6, St8sia1, St8sia2, St8sia3, St8sia4, St8sia5, St8sia6, Stab2, Stam, Stambp, Stambpl1, Stap1, Star, Stard3, Stard4, Stard7, Stat1, Stat2, Stat3, Stat4, Stat5a, Stat5b, Stat6, Stbd1, Stc2, Stfa1, Stfa2, Stfa2l1, Stfa3, Stil, Sting1, Stk10, Stk11, Stk16, Stk17b, Stk24, Stk25, Stk26, Stk3, Stk31, Stk33, Stk36, Stk38, Stk38l, Stk39, Stk4, Stk40, Stmp1, Stn1, Stoml2, Stox1, Stox2, Stpg4, Stra8, Strada, Stradb, Strap, Strm, Strn3, Sts, Stt3a, Stt3b, Stub1, Stx12, Stx17, Stx1a, Stx1b, Stx3, Stx4a, Stx5a, Styx, Styx-ps, Sub1, Sucla2, Suclg1, Suclg2, Sucnr1, Suco, Suds3, Sufu, Sugp1, Sugp2, Sulf1, Sulf2, Sult1a1, Sult1b1, Sult1c1, Sult1c2, Sult1d1, Sult1e1, Sult2a1, Sult2a2, Sult2a3, Sult2a4, Sult2a5, Sult2a6, Sult2a7, Sult2a8, Sult2b1, Sult3a1, Sult3a2, Sult4a1, Sult5a1, Sult6b1, Sult6b2, Sumf1, Sumf2, Sumo1, Sumo2, Sumo3, Suox, Supt16, Supt20, Supt3, Supt4a, Supt4b, Supt5, Supt6, Supt7l, Supv3l1, Suv39h1, Suv39h2, Suz12, Sva, Sval1, Sval2, Sval3, Svbp, Svep1, Svip, Swap70, Swi5, Swsap1, Syap1, Syce3, Sycp1, Sycp3, Syf2, Syk, Sympk, Syncrip, Synj1, Synj2, Synpo2, Syt11, Syvn1, T, Tab1, Tab2, Tacc1, Taco1, Tacr3, Tada1, Tada2a, Tada2b, Tada3, Taf1, Taf10, Taf11, Taf12, Taf13, Taf15, Taf1a, Taf1b, Taf1c, Taf1d, Taf2, Taf3, Taf4, Taf4b, Taf5, Taf5l, Taf6, Taf6l, Taf7, Taf7l, Taf8, Taf9, Taf9b, Tafa4, Tafazzin, Tagln3, Tal1, Tal2, Taldo1, Tamm41, Tank, Taok1, Taok3, Tapbp, Tarbp1, Tarbp2, Tardbp, Tarm1, Tars1, Tars2, Tars3, Tasor, Tasor2, Tasp1, Tat, Tax1bp1, Tbc1d10a, Tbc1d12, Tbc1d14, Tbc1d16, Tbc1d17, Tbc1d23, Tbc1d24, Tbc1d25, Tbc1d5, Tbc1d7, Tbca, Tbcb, Tbcc, Tbcd, Tbce, Tbcel, Tbk1, Tbl1x, Tbl1xr1, Tbl3, Tbp, Tbpl1, Tbpl2, Tbr1, Tbrg1, Tbrg4, Tbx1, Tbx10, Tbx15, Tbx18, Tbx19, Tbx2, Tbx20, Tbx21, Tbx22, Tbx3, Tbx4, Tbx5, Tbx6, Tbxas1, Tcea1, Tcea2, Tcea3, Tceal7, Tceanc, Tceanc2, Tcerg1, Tcf12, Tcf15, Tcf19, Tcf20, Tcf21, Tcf23, Tcf24, Tcf25, Tcf3, Tcf4, Tcf7, Tcf7l1, Tcf7l2, Tcfl5, Tcim, Tcirg1, Tcl1, Tcof1, Tcp1, Tcp10a, Tcp10b, Tcp10c, Tcrb, Tdg, Tdg-ps, Tdh, Tdo2, Tdp1, Tdp2, Tdpoz1, Tdpoz2, Tdpoz3, Tdpoz4, Tdpoz5, Tdpoz8, Tdpoz9, Tdrd1, Tdrd12, Tdrd3, Tdrd5, Tdrd6, Tdrd7, Tdrd9, Tdrkh, Tead1, Tead2, Tead3, Tead4, Tecpr1, Tecr, Tecrl, Tef, Tefm, Tek, Telo2, Ten1, Tenm1, Tenm2, Tent2, Tent4a, Tent4b, Tent5a, Tent5b, Tent5c, Tent5d, Tep1, Terb1, Terb2, Terc, Terf1, Terf2, Terf2ip, Tert, Tes3-ps, Tesc, Tescl, Tesk1, Tesk2, Tesmin, Tet1, Tet2, Tet3, Tex11, Tex12, Tex15, Tex19.1, Tex19.2, Tex24, Tex264, Tfam, Tfap2a, Tfap2b, Tfap2c, Tfap2d, Tfap2e, Tfap4, Tfb1m, Tfb2m, Tfcp2, Tfcp2l1, Tfdp1, Tfdp2, Tfe3, Tfeb, Tfec, Tff3, Tfip11, Tfpt, Tfr2, Tfrc, Tg, Tgds, Tgfa, Tgfb1, Tgfb1i1, Tgfb2, Tgfb3, Tgfbr1, Tgfbr2, Tgfbr3, Tgfbrap1, Tgif1, Tgif2, Tgm1, Tgm2, Tgm3, Tgs1, Tgtp1, Tgtp2, Th, Tha1, Thada, Thap1, Thap11, Thap3, Thap4, Thap7, Thbs1, Thbs4, Them4, Them5, Thg1l, Thnsl2, Thoc1, Thoc2, Thoc2l, Thoc3, Thoc5, Thoc6, Thoc7, Thop1, Thpo, Thra, Thrap3, Thrb, Thrsp, Thtpa, Thumpd1, Thumpd2, Thumpd3, Thy1, Tia1, Tial1, Ticam1, Ticam2, Ticrr, Tifab, Tigar, Tigit, Timeless, Timm17a, Timm23, Timm50, Timp1, Timp2, Timp3, Timp4, Tinagl1, Tinf2, Tiparp, Tipin, Tirap, Tk1, Tk2, Tkfc, Tkt, Tlcd3b, Tle1, Tle2, Tle3, Tle4, Tle5, Tle6, Tlk1, Tlk2, Tll1, Tll2, Tlr1, Tlr2, Tlr3, Tlr4, Tlr5, Tlr6, Tlr7, Tlr8, Tlr9, Tlx1, Tlx2, Tlx3, Tm4sf20, Tm6sf2, Tm7sf2, Tm9sf1, Tm9sf2, Tm9sf5, Tmbim6, Tmcc2, Tmed10, Tmed10-ps, Tmed2, Tmeff2, Tmem102, Tmem106a, Tmem106b, Tmem107, Tmem119, Tmem126a, Tmem129, Tmem131, Tmem132a, Tmem132c, Tmem135, Tmem14a, Tmem14c, Tmem150a, Tmem150b, Tmem161a, Tmem165, Tmem168, Tmem199, Tmem208, Tmem225, Tmem258, Tmem259, Tmem260, Tmem38b, Tmem39a, Tmem41b, Tmem43, Tmem59, Tmem67, Tmem68, Tmem74, Tmem86a, Tmem86b, Tmem9, Tmem98, Tmf1, Tmigd3, Tmlhe, Tmpo, Tmprss11a, Tmprss11b, Tmprss11c, Tmprss11d, Tmprss11e, Tmprss11f, Tmprss11g, Tmprss12, Tmprss13, Tmprss15, Tmprss2, Tmprss3, Tmprss4, Tmprss5, Tmprss6, Tmprss7, Tmprss9, Tmsb4x, Tmt1a, Tmt1a2, Tmt1a3, Tmt1b, Tmtc1, Tmtc2, Tmtc3, Tmtc4, Tmub1, Tmub2, Tmx1, Tnc, Tnf, Tnfaip1, Tnfaip3, Tnfaip6, Tnfaip8, Tnfaip8l3, Tnfrsf11a, Tnfrsf13c, Tnfrsf14, Tnfrsf18, Tnfrsf1a, Tnfrsf1b, Tnfrsf21, Tnfrsf4, Tnfrsf8, Tnfsf11, Tnfsf12, Tnfsf13, Tnfsf13b, Tnfsf15, Tnfsf18, Tnfsf4, Tnfsf8, Tnfsf9, Tnik, Tnip1, Tnip2, Tnip3, Tnk1, Tnk2, Tnks, Tnks1bp1, Tnks2, Tnni2, Tnp1, Tnp2, Tnrc6a, Tnrc6b, Tnrc6c, Tns2, Tnxb, Tob1, Tob2, Toe1, Tollip, Tom1, Tom1l1, Tomm7, Tomm70a, Tomt, Tonsl, Top1, Top1mt, Top2a, Top2b, Top3a, Top3b, Top6bl, Topaz1, Topbp1, Topors, Toporsl, Tor1a, Tor1b, Tor2a, Tox, Tox2, Tox3, Tox4, Tpcn1, Tpcn2, Tpd52l1, Tpgs1, Tph1, Tph2, Tpi1, Tpk1, Tpmt, Tpo, Tpp1, Tpp2, Tppp, Tpr, Tprkb, Tpsab1, Tpsb2, Tpsg1, Tpst1, Tpst2, Tpx2, Tra2a, Tra2b, Trabd2b, Tradd, Traf1, Traf2, Traf3, Traf3ip1, Traf3ip2, Traf3ip3, Traf4, Traf5, Traf6, Traf7, Traip, Trak2, Tram2, Trap1, Trappc2, Trappc4, Trappc9, Trat1, Trdmt1, Treh, Trem1, Trem2, Trem3, Trerf1, Trex1, Trex2, Trf, Trh, Trhde, Triap1, Trib1, Trib2, Trib3, Tril, Trim11, Trim12a, Trim12c, Trim13, Trim14, Trim15, Trim17, Trim2, Trim21, Trim23, Trim24, Trim25, Trim26, Trim27, Trim28, Trim29, Trim3, Trim30a, Trim30b, Trim30c, Trim30d, Trim31, Trim32, Trim33, Trim34a, Trim34b, Trim35, Trim37, Trim38, Trim39, Trim40, Trim41, Trim43a, Trim43b, Trim43c, Trim44, Trim45, Trim47, Trim5, Trim52, Trim55, Trim56, Trim58, Trim59, Trim6, Trim60, Trim61, Trim62, Trim63, Trim65, Trim66, Trim67, Trim68, Trim69, Trim7, Trim71, Trim72, Trim75, Trim8, Trim9, Triml1, Trip11, Trip12, Trip13, Trip4, Trir, Trit1, Trmo, Trmt1, Trmt10a, Trmt10b, Trmt10c, Trmt11, Trmt112, Trmt12, Trmt13, Trmt1l, Trmt2a, Trmt2b, Trmt44, Trmt5, Trmt6, Trmt61a, Trmt9b, Trmu, Trnau1ap, Trnt1, Tro, Trp53, Trp53bp1, Trp53cor1, Trp53inp1, Trp53inp2, Trp53rka, Trp53rkb, Trp63, Trp73, Trpc1, Trpc2, Trpc4ap, Trpc5, Trpc6, Trpm4, Trpm7, Trpm8, Trps1, Trpt1, Trpv1, Trpv2, Trpv4, Trrap, Trub1, Trub2, Try10, Try4, Try5, Tsacc, Tsc1, Tsc2, Tsc22d1, Tsc22d2, Tsc22d3, Tsc22d4, Tsen15, Tsen2, Tsen34, Tsen54, Tsfm, Tsg101, Tshr, Tshz1, Tshz2, Tshz3, Tsix, Tsku, Tslp, Tsn, Tsnax, Tspan10, Tspan14, Tspan15, Tspan17, Tspan33, Tspan5, Tspan8, Tspan9, Tspo, Tspyl2, Tspyl5, Tsr1, Tsr2, Tsr3, Tssc4, Tssk1, Tssk2, Tssk3, Tssk4, Tssk5, Tssk6, Ttbk1, Ttbk2, Ttc21b, Ttc3, Ttc36, Ttc39aos1, Ttc39b, Ttc39d, Ttc4, Ttc5, Ttc7, Ttc7b, Ttf1, Ttf2, Ttk, Ttl, Ttll1, Ttll10, Ttll11, Ttll12, Ttll13, Ttll2, Ttll3, Ttll4, Ttll5, Ttll6, Ttll7, Ttll8, Ttll9, Ttn, Ttpa, Ttr, Ttyh1, Tuba1a, Tufm, Tug1, Tulp4, Tunar, Tusc2, Tusc3, Tut1, Tut4, Tut7, Twist1, Twist2, Twnk, Twsg1, Txk, Txn1, Txndc5, Txnip, Txnl4a, Txnl4b, Txnrd1, Txnrd3, Tyk2, Tymp, Tyms, Tyr, Tyro3, Tyrobp, Tyrp1, Tysnd1, Tyw1, Tyw3, Tyw5, U2af1, U2af1l4, U2af2, U2surp, Uaca, Uap1, Uap1l1, Uba1, Uba1y, Uba2, Uba3, Uba5, Uba52, Uba6, Uba7, Ubac1, Ubac2, Ubap1, Ubap1l, Ubash3a, Ubash3b, Ubb, Ubc, Ubd, Ube2a, Ube2b, Ube2c, Ube2d1, Ube2d2a, Ube2d2b, Ube2d3, Ube2d4, Ube2dnl1, Ube2dnl2, Ube2e1, Ube2e2, Ube2e3, Ube2f, Ube2frt, Ube2g1, Ube2g2, Ube2h, Ube2i, Ube2j1, Ube2j2, Ube2k, Ube2l3, Ube2l6, Ube2m, Ube2n, Ube2o, Ube2q1, Ube2q2, Ube2q2l, Ube2ql1, Ube2r2, Ube2s, Ube2srt, Ube2t, Ube2u, Ube2v1, Ube2v2, Ube2w, Ube2z, Ube3a, Ube3b, Ube3c, Ube3d, Ube4a, Ube4b, Ubiad1, Ubl4a, Ubl5, Ubl5b, Ubl7, Ublcp1, Ubox5, Ubp1, Ubqln1, Ubqln2, Ubqln3, Ubqln4, Ubqln5, Ubqlnl, Ubr1, Ubr2, Ubr3, Ubr4, Ubr5, Ubr7, Ubtf, Ubtfl1, Ubxn1, Ubxn10, Ubxn11, Ubxn2a, Ubxn2b, Ubxn4, Ubxn6, Ubxn7, Ubxn8, Uchl1, Uchl1os, Uchl3, Uchl4, Uchl5, Uck1, Uck2, Uckl1, Ucn, Ucn2, Ucp1, Ucp2, Ucp3, Uevld, Ufc1, Ufd1, Ufl1, Ufm1, Ufsp1, Ufsp2, Ugcg, Ugdh, Uggt1, Uggt2, Ugp2, Ugt1a1, Ugt1a6a, Ugt1a6b, Ugt1a7c, Ugt1a8, Ugt1a9, Ugt2a1, Ugt2a2, Ugt2b1, Ugt2b35, Ugt2b36, Ugt2b37, Ugt2b38, Ugt2b5, Ugt8a, Uhmk1, Uhrf1, Uhrf2, Uimc1, Ulbp1, Ulk1, Ulk2, Ulk3, Ulk4, Umod, Umodl1, Umps, Unc119, Unc13a, Unc45a, Unc45b, Unc93b1, Uncx, Ung, Unk, Unkl, Uox, Upb1, Upf1, Upf2, Upf3a, Upf3b, Upk3b, Upp1, Upp2, Uprt, Uqcc2, Uqcc3, Uqcr10, Uqcr11, Uqcrb, Uqcrc1, Uqcrc2, Uqcrfs1, Uqcrh, Uqcrq, Urad, Urah, Urb1, Uri1, Urm1, Uroc1, Urod, Uros, Usb1, Usf1, Usf2, Usf3, Usp1, Usp10, Usp11, Usp12, Usp13, Usp14, Usp15, Usp16, Usp17la, Usp17lb, Usp17lc, Usp17ld, Usp17le, Usp18, Usp19, Usp2, Usp20, Usp21, Usp22, Usp24, Usp25, Usp26, Usp27x, Usp28, Usp29, Usp3, Usp30, Usp32, Usp33, Usp34, Usp36, Usp37, Usp38, Usp39, Usp4, Usp40, Usp42, Usp43, Usp44, Usp45, Usp46, Usp47, Usp48, Usp49, Usp5, Usp50, Usp51, Usp54, Usp7, Usp8, Usp9x, Usp9y, Uspl1, Utf1, Utp11, Utp14a, Utp14b, Utp15, Utp18, Utp20, Utp23, Utp25, Utp3, Utp4, Utp6, Uts2, Uty, Uvrag, Uvssa, Uxs1, Uxt, Vac14, Vamp3, Vamp8, Vangl2, Vapa, Vapb, Vars1, Vars2, Vash1, Vash2, Vav1, Vax1, Vax2, Vbp1, Vcam1, Vcp, Vcpip1, Vcpkmt, Vdac1, Vdr, Vegfa, Vegfb, Vegfc, Vegfd, Vezf1, Vgf, Vgll1, Vgll2, Vgll3, Vgll4, Vhl, Vim, Vip, Vipas39, Virma, Vkorc1, Vkorc1l1, Vldlr, Vmp1, Vnn1, Vnn3, Vpreb1a, Vpreb3, Vps11, Vps13a, Vps13c, Vps13d, Vps16, Vps18, Vps25, Vps28, Vps33a, Vps33b, Vps35, Vps36, Vps37a, Vps37b, Vps37c, Vps37d, Vps39, Vps41, Vps4a, Vps4b, Vps51, Vps54, Vps72, Vrk1, Vrk2, Vrtn, Vsig4, Vsir, Vstm2a, Vsx1, Vsx2, Vtcn1, Vti1a, Vti1b, Vtn, Wac, Wapl, Wars1, Wars2, Was, Washc1, Wasl, Wbp11, Wbp1l, Wbp2, Wbp2nl, Wbp4, Wdfy2, Wdfy3, Wdfy4, Wdhd1, Wdr12, Wdr18, Wdr24, Wdr26, Wdr3, Wdr33, Wdr35, Wdr36, Wdr4, Wdr41, Wdr43, Wdr45, Wdr45b, Wdr46, Wdr47, Wdr48, Wdr5, Wdr55, Wdr59, Wdr6, Wdr72, Wdr74, Wdr75, Wdr77, Wdr81, Wdr82, Wdr83, Wdr83os, Wdr91, Wdr93, Wdsub1, Wdtc1, Wee1, Wee2, Wfdc6a, Wfikkn1, Wfs1, Whrn, Wincr1, Wipi1, Wipi2, Wiz, Wnk1, Wnk2, Wnk3, Wnk4, Wnt1, Wnt10a, Wnt10b, Wnt11, Wnt16, Wnt2, Wnt3, Wnt3a, Wnt4, Wnt5a, Wnt6, Wnt7a, Wnt7b, Wnt8b, Wnt9b, Wrap53, Wrn, Wrnip1, Wsb1, Wsb2, Wt1, Wtap, Wtip, Wwc1, Wwc2, Wwox, Wwp1, Wwp2, Wwtr1, Xab2, Xaf1, Xbp1, Xcl1, Xdh, Xiap, Xist, Xpa, Xpc, Xpnpep1, Xpnpep2, Xpnpep3, Xpo1, Xpo5, Xrcc1, Xrcc2, Xrcc3, Xrcc4, Xrcc5, Xrcc6, Xrn1, Xrn2, Xxylt1, Xylb, Xylt1, Xylt2, Yaf2, Yap1, Yars1, Yars2, Ybey, Ybx1, Ybx2, Ybx3, Ydjc, Yeats2, Yeats4, Yes1, Yipf5, Yju2, Yju2b, Ylpm1, Yme1l1, Yod1, Yrdc, Ythdc1, Ythdf1, Ythdf2, Ythdf3, Ywhab, Ywhah, Ywhaq, Ywhaq-ps3, Ywhaz, Yy1, Yy2, Zap70, Zar1, Zar1l, Zbed3, Zbed4, Zbed6, Zbtb1, Zbtb10, Zbtb11, Zbtb12, Zbtb14, Zbtb16, Zbtb17, Zbtb18, Zbtb2, Zbtb20, Zbtb21, Zbtb22, Zbtb24, Zbtb25, Zbtb26, Zbtb3, Zbtb32, Zbtb33, Zbtb34, Zbtb37, Zbtb38, Zbtb39, Zbtb4, Zbtb40, Zbtb41, Zbtb42, Zbtb43, Zbtb45, Zbtb46, Zbtb47, Zbtb48, Zbtb49, Zbtb5, Zbtb6, Zbtb7a, Zbtb7b, Zbtb7c, Zbtb8a, Zbtb8b, Zbtb8os, Zbtb9, Zc3h10, Zc3h11a, Zc3h12a, Zc3h12d, Zc3h13, Zc3h14, Zc3h15, Zc3h18, Zc3h3, Zc3h4, Zc3h6, Zc3h7a, Zc3h7b, Zc3h8, Zc3hav1, Zc3hc1, Zc4h2, Zcchc12, Zcchc13, Zcchc17, Zcchc3, Zcchc4, Zcchc7, Zcchc8, Zcrb1, Zcwpw1, Zdbf2, Zdhhc1, Zdhhc11, Zdhhc12, Zdhhc14, Zdhhc15, Zdhhc16, Zdhhc17, Zdhhc18, Zdhhc19, Zdhhc2, Zdhhc20, Zdhhc21, Zdhhc22, Zdhhc23, Zdhhc3, Zdhhc5, Zdhhc6, Zdhhc7, Zdhhc8, Zdhhc9, Zeb1, Zeb2, Zer1, Zfa-ps, Zfand2a, Zfand2b, Zfat, Zfhx2, Zfhx3, Zfhx4, Zfp1, Zfp1004, Zfp1005, Zfp1006, Zfp1007, Zfp101, Zfp1010, Zfp105, Zfp11, Zfp110, Zfp111, Zfp112, Zfp113, Zfp119a, Zfp119b, Zfp12, Zfp120, Zfp125, Zfp128, Zfp13, Zfp131, Zfp14, Zfp141, Zfp142, Zfp143, Zfp146, Zfp148, Zfp157, Zfp160, Zfp169, Zfp174, Zfp175, Zfp180, Zfp182, Zfp184, Zfp189, Zfp2, Zfp202, Zfp212, Zfp213, Zfp217, Zfp219, Zfp229, Zfp236, Zfp239, Zfp24, Zfp248, Zfp251, Zfp26, Zfp260, Zfp263, Zfp266, Zfp267, Zfp268, Zfp27, Zfp273, Zfp275, Zfp276, Zfp28, Zfp280b, Zfp280c, Zfp280d, Zfp281, Zfp286, Zfp287, Zfp292, Zfp296, Zfp3, Zfp30, Zfp316, Zfp317, Zfp318, Zfp319, Zfp322a, Zfp324, Zfp326, Zfp329, Zfp334, Zfp335, Zfp341, Zfp345, Zfp35, Zfp352, Zfp354a, Zfp354b, Zfp354c, Zfp358, Zfp36, Zfp362, Zfp365, Zfp366, Zfp367, Zfp369, Zfp36l1, Zfp36l2, Zfp36l3, Zfp37, Zfp382, Zfp383, Zfp384, Zfp385a, Zfp386, Zfp39, Zfp395, Zfp397, Zfp398, Zfp40, Zfp407, Zfp408, Zfp41, Zfp410, Zfp418, Zfp42, Zfp420, Zfp422, Zfp423, Zfp426, Zfp429, Zfp433, Zfp438, Zfp442, Zfp444, Zfp445, Zfp446, Zfp449, Zfp451, Zfp454, Zfp455, Zfp456, Zfp457, Zfp458, Zfp459, Zfp46, Zfp462, Zfp467, Zfp469, Zfp472, Zfp473, Zfp488, Zfp493, Zfp503, Zfp507, Zfp51, Zfp512b, Zfp513, Zfp516, Zfp518a, Zfp518b, Zfp52, Zfp521, Zfp523, Zfp524, Zfp53, Zfp534, Zfp536, Zfp54, Zfp541, Zfp551, Zfp553, Zfp558, Zfp560, Zfp563, Zfp566, Zfp568, Zfp57, Zfp574, Zfp575, Zfp579, Zfp58, Zfp580, Zfp582, Zfp583, Zfp59, Zfp592, Zfp593, Zfp595, Zfp597, Zfp598, Zfp599, Zfp60, Zfp600, Zfp605, Zfp606, Zfp607a, Zfp607b, Zfp608, Zfp609, Zfp612, Zfp616, Zfp617, Zfp619, Zfp62, Zfp622, Zfp623, Zfp626, Zfp628, Zfp629, Zfp637, Zfp638, Zfp639, Zfp64, Zfp641, Zfp644, Zfp646, Zfp647, Zfp648, Zfp65, Zfp652, Zfp653, Zfp654, Zfp655, Zfp658, Zfp661, Zfp663, Zfp664, Zfp667, Zfp668, Zfp672, Zfp677, Zfp68, Zfp683, Zfp689, Zfp69, Zfp691, Zfp692, Zfp696, Zfp697, Zfp7, Zfp703, Zfp704, Zfp706, Zfp707, Zfp708, Zfp709, Zfp710, Zfp711, Zfp712, Zfp715, Zfp719, Zfp72, Zfp729a, Zfp729b, Zfp735, Zfp738, Zfp74, Zfp740, Zfp746, Zfp747, Zfp747l1, Zfp748, Zfp750, Zfp758, Zfp759, Zfp760, Zfp763, Zfp764, Zfp764l1, Zfp768, Zfp770, Zfp771, Zfp772, Zfp773, Zfp775, Zfp777, Zfp78, Zfp780b, Zfp784, Zfp786, Zfp787, Zfp788, Zfp790, Zfp791, Zfp799, Zfp804a, Zfp808, Zfp809, Zfp81, Zfp810, Zfp811, Zfp819, Zfp82, Zfp820, Zfp821, Zfp825, Zfp827, Zfp830, Zfp84, Zfp846, Zfp85, Zfp850, Zfp853, Zfp865, Zfp866, Zfp867, Zfp868, Zfp869, Zfp87, Zfp870, Zfp871, Zfp872, Zfp873, Zfp874a, Zfp874b, Zfp879, Zfp882, Zfp9, Zfp90, Zfp91, Zfp92, Zfp93, Zfp930, Zfp931, Zfp932, Zfp933, Zfp934, Zfp935, Zfp936, Zfp937, Zfp938, Zfp940, Zfp941, Zfp942, Zfp943, Zfp944, Zfp945, Zfp946, Zfp947, Zfp948, Zfp949, Zfp950, Zfp951, Zfp952, Zfp954, Zfp955a, Zfp955b, Zfp956, Zfp958, Zfp959, Zfp960, Zfp961, Zfp963, Zfp964, Zfp966, Zfp97, Zfp970, Zfp971, Zfp973, Zfp974, Zfp975, Zfp976, Zfp977, Zfp979, Zfp980, Zfp981, Zfp982, Zfp983, Zfp984, Zfp985, Zfp987, Zfp988, Zfp989, Zfp990, Zfp991, Zfp992, Zfp994, Zfp995, Zfp998, Zfpm1, Zfpm2, Zfta, Zfx, Zfy1, Zfy2, Zfyve1, Zfyve26, Zfyve28, Zg16, Zglp1, Zgpat, Zgrf1, Zhx1, Zhx2, Zhx3, Zic1, Zic2, Zic3, Zic4, Zic5, Zik1, Zim1, Zkscan1, Zkscan14, Zkscan16, Zkscan17, Zkscan2, Zkscan3, Zkscan4, Zkscan5, Zkscan6, Zkscan7, Zkscan8, Zmat2, Zmat5, Zmiz1, Zmiz2, Zmpste24, Zmym2, Zmym5, Zmynd10, Zmynd11, Zmynd15, Zmynd8, Znfx1, Zng1, Znhit1, Znhit3, Znhit6, Znrf1, Znrf2, Znrf3, Znrf4, Zp3, Zp3r, Zpbp2, Zpr1, Zranb1, Zranb2, Zranb3, Zrsr2, Zrsr2-ps1, Zscan10, Zscan12, Zscan2, Zscan20, Zscan21, Zscan22, Zscan25, Zscan26, Zscan29, Zscan4-ps1, Zscan4-ps2, Zscan4-ps3, Zscan4b, Zscan4c, Zscan4d, Zscan4e, Zscan4f, Zscan5b, Zswim2, Zswim7, Zswim8, Zxdb, Zxdc, Zyg11b, Zzef1, Zzz3
GO:0043170	macromolecule metabolic process	9332	208	135.94	1.6e-13	4.1184e-10	1700017N19Rik, 1700028K03Rik, 1810009J06Rik, 1810024B03Rik, 2010315B03Rik, 2610008E11Rik, 2610021A01Rik, 2610042L04Rik, 2810021J22Rik, 4930402K13Rik, 4930447C04Rik, 4930480E11Rik, 4930486L24Rik, 4930522L14Rik, 4930568D16Rik, 4931414P19Rik, 5730507C01Rik, 6030468B19Rik, 6430550D23Rik, 9630013A20Rik, a, A1cf, A430033K04Rik, A4gnt, A630001G21Rik, Aak1, Aamdc, Aanat, Aar2, Aars1, Aars2, Aarsd1, Aasdhppt, Aatf, Aatk, Abca1, Abca2, Abca7, Abcb10, Abcb11, Abcc2, Abcc5, Abcc6, Abcc8, Abcc9, Abcd1, Abcd2, Abce1, Abcf1, Abcg1, Abcg4, Abhd10, Abhd12, Abhd13, Abhd14b, Abhd17a, Abhd17b, Abhd17c, Abi1, Abi2, Abi3, Abl1, Abl2, Ablim1, Ablim2, Ablim3, Abo, Abra, Abraxas1, Abraxas2, Abt1, Abtb1, Acaca, Acadm, Acan, Acbd7, Acd, Ace, Ace2, Ace3, Acer2, Ache, Acin1, Ackr1, Aco1, Acod1, Acot8, Acp4, Acp5, Acr, Acss2, Acta1, Acta2, Actb, Actc1, Actg1, Actg2, Actl6a, Actl6b, Actmap, Actn1, Actn2, Actn4, Actr2, Actr3, Actr5, Actr6, Actr8, Actrt1, Acvr1, Acvr1b, Acvr2a, Acvr2b, Acvrl1, Adad1, Adad2, Adam10, Adam11, Adam12, Adam15, Adam17, Adam18, Adam19, Adam1a, Adam1b, Adam2, Adam20, Adam21, Adam22, Adam23, Adam24, Adam25, Adam26a, Adam26b, Adam28, Adam29, Adam3, Adam30, Adam32, Adam33, Adam34, Adam34l, Adam39, Adam4, Adam5, Adam6a, Adam6b, Adam7, Adam8, Adam9, Adamdec1, Adamts1, Adamts10, Adamts12, Adamts13, Adamts14, Adamts15, Adamts16, Adamts17, Adamts18, Adamts19, Adamts2, Adamts20, Adamts3, Adamts4, Adamts5, Adamts6, Adamts7, Adamts8, Adamts9, Adar, Adarb1, Adarb2, Adat1, Adat2, Adat3, Adcy1, Adcy10, Adcy7, Adcy8, Adcyap1, Add1, Adgb, Adgrb1, Adgrf1, Adgrg1, Adgrg3, Adgrv1, Adh5, Adipoq, Adipor2, Adm2, Adnp, Adnp2, Adora2a, Adora2b, Adora3, Adprh, Adprhl1, Adprs, Adra1b, Adra2a, Adra2b, Adra2c, Adrb1, Adrb2, Adrm1, Adrm1b, Adtrp, Aebp1, Aebp2, Aen, Afap1l2, Afdn, Aff1, Aff2, Aff3, Aff4, Afg1l, Afg2b, Afg3l1, Afg3l2, Aga, Agap2, Agap3, Agbl1, Agbl2, Agbl3, Agbl4, Agbl5, Ager, Agl, Ago1, Ago2, Ago3, Ago4, Agpat1, Agpat2, Agr2, Agrn, Agt, Agtpbp1, Agtr1a, Agtr1b, Agtr2, Ahcyl1, Ahdc1, Ahi1, Ahnak, Ahnak2, Ahr, Ahrr, Ahsa1, Ahsa2, Ahsp, AI854703, AI987944, Aicda, Aida, Aif1, Aifm1, Aim2, Aimp1, Aimp2, Aipl1, Aire, Airn, Ajuba, Ak6, Akap11, Akap12, Akap17b, Akap5, Akap6, Akap8, Akap8l, Akap9, Akirin1, Akirin2, Akna, Akr1c6, Akt1, Akt1s1, Akt2, Akt3, Aktip, Alad, Alas1, Alas2, Aldh1a2, Alg1, Alg10b, Alg11, Alg12, Alg13, Alg14, Alg2, Alg3, Alg5, Alg6, Alg8, Alg9, Alk, Alkbh1, Alkbh2, Alkbh3, Alkbh4, Alkbh5, Alkbh8, Alox12, Alox12b, Alox5, Alox8, Alpk2, Als2, Alx1, Alx3, Alx4, Alyref, Alyref2, Alyreffm1, Alyreffm10, Alyreffm11, Alyreffm14, Alyreffm2, Alyreffm3, Alyreffm4, Alyreffm5, Alyreffm6, Alyreffm7, Alyreffm8, Alyreffm9, Ambp, Ambra1, Amer1, Amfr, Amh, Amn1, Amot, Amotl2, Amz1, Amz2, Anapc1, Anapc10, Anapc11, Anapc13, Anapc15, Anapc15-ps, Anapc16, Anapc2, Anapc4, Anapc5, Anapc7, Ang, Ang2, Ang3, Ang4, Ang5, Ang6, Angel2, Angpt1, Angpt2, Angpt4, Angptl8, Ank, Ank2, Ank3, Ankib1, Ankle1, Ankra2, Ankrd1, Ankrd11, Ankrd16, Ankrd17, Ankrd2, Ankrd23, Ankrd31, Ankrd42, Ankrd49, Ankrd54, Ankrd66, Ankrd9, Anks1, Ankzf1, Anpep, Antkmt, Antxr1, Anxa1, Anxa2, Anxa3, Anxa4, Anxa7, Anxa8, Aoah, Aopep, Ap1ar, Ap2a1, Ap3b1, Ap3d1, Ap5s1, Ap5z1, Apaf1, Apba1, Apba2, Apba3, Apbb1, Apbb2, Apbb3, Apc, Apc2, Apcs, Apeh, Apex1, Apex2, Aph1a, Aph1b, Aph1c, Aplf, Apln, Aplnr, Aplp1, Aplp2, Apoa1, Apoa2, Apoa4, Apoa5, Apob, Apobec1, Apobec2, Apobec3, Apobec4, Apoc1, Apoc2, Apoc3, Apod, Apoe, Apoh, Apom, App, Appbp2, Appl1, Appl2, Aptx, Aqp11, Aqp4, Aqr, Ar, Araf, Arap1, Arb2a, Areg, Arel1, Arf4, Arfgef1, Arfgef2, Arg1, Arg2, Arglu1, Arhgef11, Arhgef2, Arhgef5, Arid1a, Arid1b, Arid2, Arid3a, Arid3b, Arid3c, Arid4a, Arid4b, Arid5a, Arid5b, Arih1, Arih2, Ark2c, Ark2n, Arl2, Arl2bp, Arl6ip4, Armc7, Armc8, Armcx3, Arnt, Arnt2, Arr3, Arrb1, Arrb2, Arrdc1, Arrdc3, Arrdc4, Arsb, Arsg, Arvcf, Arx, Arxes1, Arxes2, Asb1, Asb10, Asb11, Asb12, Asb13, Asb14, Asb15, Asb16, Asb17, Asb18, Asb2, Asb3, Asb4, Asb5, Asb6, Asb7, Asb8, Asb9, Ascc1, Ascc2, Ascc3, Ascl1, Ascl2, Ascl3, Ascl4, Ascl5, Asf1a, Asgr2, Ash1l, Ash2l, Asph, Asprv1, Aspscr1, Asrgl1, Aste1, Astl, Asxl1, Asxl2, Asxl3, Asz1, Atad2, Atad2b, Atad5, Atat1, Ate1, Atf1, Atf1-ps, Atf2, Atf3, Atf4, Atf5, Atf6, Atf6b, Atf7, Atf7ip, Atf7ip2, Atg10, Atg101, Atg12, Atg13, Atg14, Atg16l1, Atg16l2, Atg2a, Atg2b, Atg3, Atg4a, Atg4a-ps, Atg4b, Atg4c, Atg4d, Atg5, Atg7, Atg9a, Atm, Atmin, Atn1, Atoh1, Atoh7, Atoh8, Atp13a2, Atp1b1, Atp1b4, Atp23, Atp2b1, Atp2b4, Atp4b, Atp5if1, Atp6ap2, Atp6v1b1, Atp7a, Atp8b1, Atpsckmt, Atr, Atraid, Atrip, Atrx, Atxn1, Atxn1l, Atxn2l, Atxn3, Atxn7, Atxn7l3, Atxn7l3b, AU041133, Aunip, Aup1, Aurka, Aurkaip1, Aurkb, Aurkc, Auts2, Avp, Avpr2, AW146154, Axin1, Axin2, Axl, Aym1, Azi2, Azin1, Azin2, B020011L13Rik, B2m, B3galnt1, B3galnt2, B3galt1, B3galt2, B3galt4, B3galt5, B3galt6, B3galt9, B3gat1, B3gat2, B3gat3, B3glct, B3gnt2, B3gnt3, B3gnt4, B3gnt5, B3gnt6, B3gnt7, B3gnt8, B3gnt9, B3gntl1, B4galnt2, B4galnt3, B4galnt4, B4galt1, B4galt2, B4galt3, B4galt4, B4galt5, B4galt6, B4galt7, B4gat1, Babam1, Babam2, Bace1, Bace2, Bach1, Bach2, Bad, Bag1, Bag2, Bag4, Bag5, Bag6, Bahd1, Bak1, Bambi, Banf1, Bank1, Banp, Bap1, Bard1, Barhl1, Barhl2, Barx1, Barx2, Basp1, Batf, Batf2, Batf3, Bax, Baz1a, Baz1b, Baz2a, Bbip1, Bbln, Bbs2, Bbs4, Bbs7, Bbx, BC005624, BC024063, BC051665, Bc1, Bcap31, Bcar3, Bcas2, Bcas3, Bccip, Bcdin3d, Bcl10, Bcl11a, Bcl11b, Bcl2, Bcl2l12, Bcl3, Bcl6, Bcl6b, Bcl7a, Bcl7b, Bcl7c, Bcl9, Bcl9l, Bclaf1, Bclaf3, Bcor, Bcorl1, Bdkrb1, Bdkrb2, Bdnf, Bdp1, Becn1, Becn2, Bend2, Bend3, Bend5, Bend6, Bex1, Bex2, Bex3, Bex4, Bex6, Bfar, Bhlha15, Bhlha9, Bhlhe22, Bhlhe23, Bhlhe40, Bhlhe41, Bicra, Bicral, Bin1, Birc2, Birc3, Birc5, Birc6, Birc7, Blk, Blm, Blmh, Blnk, Bloc1s1, Bloc1s2, Bloc1s6, Bloodlinc, Bmal1, Bmal2, Bmi1, Bmncr, Bmp1, Bmp10, Bmp15, Bmp2, Bmp3, Bmp4, Bmp5, Bmp6, Bmp7, Bmpr1a, Bmpr1b, Bmpr2, Bms1, Bmx, Bmyc, Bnc1, Bnc2, Bnip3, Bnip3l, Bnip3l-ps, Bod1l, Bola3, Boll, Bop1, Bpi, Bpnt2, Bptf, Braf, Brap, Brat1, Brca1, Brca2, Brcc3, Brcc3dc, Brd1, Brd2, Brd3, Brd4, Brd7, Brd8, Brd9, Brdt, Brf1, Brf2, Brinp1, Brip1, Brix1, Brme1, Brms1, Brms1l, Brpf1, Brpf3, Brsk1, Brsk2, Brwd1, Brwd3, Bsg, Bst1, Bst2, Bsx, Btaf1, Btbd1, Btbd18, Btbd35f1, Btg1, Btg2, Btg4, Btk, Btn1a1, Btn2a2, Btnl1, Btnl10, Btnl12, Btnl2, Btnl4, Btnl6, Btnl9, Btrc, Bud13, Bud23, Bud31, Bvht, Bysl, Bzw1, Bzw2, C1d, C1galt1, C1galt1c1, C1qbp, C1qtnf1, C1qtnf2, C1qtnf3, C1qtnf4, C1qtnf9, C1ra, C1rb, C1rl, C1s1, C1s2, C2, C2cd3, C3, C3ar1, C4bp, C5ar1, C5ar2, C9orf72, Cab39, Cacng7, Cactin, Cacul1, Cacybp, Cad, Cadm1, Cadm4, Calcoco1, Calcr, Calhm6, Calr, Calr3, Calr4, Camk1, Camk1d, Camk2a, Camk2b, Camk2d, Camk2g, Camk4, Camkk2, Camkmt, Caml, Camp, Camta1, Camta2, Cand1, Cand2, Cant1, Canx, Capn1, Capn10, Capn11, Capn12, Capn13, Capn15, Capn2, Capn3, Capn5, Capn6, Capn7, Capn8, Capn9, Capns1, Caprin1, Caprin2, Card10, Card11, Card14, Card9, Carf, Carhsp1, Carlr, Carm1, Carmil2, Carmn, Cars1, Cars2, Cartpt, Casc3, Cask, Casp1, Casp12, Casp14, Casp2, Casp3, Casp4, Casp6, Casp7, Casp8, Casp8ap2, Casp9, Casr, Cass4, Cast, Casz1, Cat, Cav1, Cav2, Cav3, Cavin1, Cavin2, Cavin3, Cavin4, Cbfa2t2, Cbfa2t3, Cbfb, Cbl, Cblb, Cblc, Cbll1, Cbs, Cbx1, Cbx2, Cbx3, Cbx4, Cbx5, Cbx6, Cbx7, Cbx8, Cby1, Cc2d1a, Cc2d1b, Ccar1, Ccar2, Ccbe1, Ccdc115, Ccdc117, Ccdc124, Ccdc146, Ccdc159, Ccdc22, Ccdc3, Ccdc47, Ccdc62, Ccdc85b, Ccdc88a, Ccdc88b, Ccin, Cck, Ccl1, Ccl19, Ccl19-ps1, Ccl19-ps3, Ccl19-ps4, Ccl19-ps5, Ccl19-ps6, Ccl2, Ccl20, Ccl21a, Ccl3, Ccl4, Ccl5, Ccm2l, Ccn1, Ccn2, Ccn3, Ccn4, Ccna2, Ccnb1, Ccnb1ip1, Ccnc, Ccnd1, Ccnd2, Ccnd3, Ccne1, Ccne2, Ccnf, Ccnh, Ccnk, Ccnl1, Ccnl2, Ccnq, Ccnt1, Ccnt2, Ccny, Ccnyl1, Ccpg1, Ccr1, Ccr1l1, Ccr2, Ccr5, Ccr6, Ccr7, Cct2, Cct3, Cct4, Cct5, Cct6a, Cct6b, Cct7, Cct8, Cct8l1, Cd109, Cd14, Cd160, Cd1d1, Cd1d2, Cd2, Cd200, Cd200r1, Cd209b, Cd209d, Cd22, Cd226, Cd244a, Cd247, Cd24a, Cd27, Cd274, Cd276, Cd28, Cd2ap, Cd2bp2, Cd300a, Cd300c2, Cd300ld, Cd300ld3, Cd34, Cd36, Cd37, Cd38, Cd3e, Cd4, Cd40, Cd40lg, Cd44, Cd46, Cd47, Cd55, Cd55b, Cd59a, Cd6, Cd74, Cd80, Cd81, Cd83, Cd84, Cd86, Cd96, Cdadc1, Cdc123, Cdc14a, Cdc14b, Cdc16, Cdc20, Cdc20b, Cdc23, Cdc25b, Cdc26, Cdc27, Cdc34, Cdc34b, Cdc37, Cdc37l1, Cdc40, Cdc42, Cdc42bpa, Cdc42bpb, Cdc42bpg, Cdc45, Cdc5l, Cdc5lrt1, Cdc5lrt10, Cdc5lrt4, Cdc5lrt5, Cdc5lrt6, Cdc5lrt7, Cdc5lrt8, Cdc5lrt9, Cdc6, Cdc7, Cdc73, Cdca3, Cdca5, Cdca7, Cdca7l, Cdh1, Cdh13, Cdh3, Cdh5, Cdk1, Cdk10, Cdk11b, Cdk12, Cdk13, Cdk2, Cdk20, Cdk2ap1, Cdk2ap1rt, Cdk3, Cdk4, Cdk5, Cdk5r1, Cdk5r2, Cdk5rap1, Cdk5rap2, Cdk5rap3, Cdk6, Cdk7, Cdk8, Cdk9, Cdkal1, Cdkl5, Cdkn1a, Cdkn1b, Cdkn1c, Cdkn2a, Cdkn2b, Cdkn2c, Cdkn2d, Cdkn3, Cdon, Cdsn, Cdt1, Cdx1, Cdx2, Cdx4, Cdyl, Ceacam1, Ceacam2, Ceacam20, Cebpa, Cebpb, Cebpd, Cebpe, Cebpg, Cebpz, Cela1, Cela2a, Cela3a, Cela3b, Celf1, Celf2, Celf3, Celf4, Celf5, Celf6, Celrr, Celsr2, Celsr3, Cemip, Cemip2, Cenatac, Cenpe, Cenpf, Cenpk, Cenps, Cenpv, Cenpx, Cep128, Cep164, Cep290, Cep295, Cep41, Cep43, Cep63, Cep78, Cep85, Cer1, Ces1d, Ces1g, Ces2a, Cetn2, Cfap119, Cfap20, Cfap52, Cfap70, Cfb, Cfd, Cfh, Cfhr4, Cfi, Cfl1, Cflar, Cgas, Cggbp1, Chac1, Chaer1, Chaf1a, Chaf1b, Chaserr, Chchd1, Chchd2, Chchd2-ps, Chchd4, Chd1l, Chd2, Chd3, Chd4, Chd5, Chd6, Chd7, Chd8, Chek1, Chek2, Cherp, Chfr, Chga, Chi3l1, Chia1, Chid1, Chil3, Chil4, Chil5, Chil6, Chit1, Chm, Chml, Chmp1a, Chmp1b, Chmp1b2, Chmp2a, Chmp2b, Chmp3, Chmp4b, Chmp4c, Chmp5, Chmp6, Chmp7, Chordc1, Chp1, Chp2, Chpf, Chpf2, Chrac1, Chrd, Chrm5, Chrna3, Chrna4, Chrna7, Chst1, Chst10, Chst11, Chst12, Chst13, Chst14, Chst3, Chst4, Chst5, Chst7, Chst8, Chst9, Chsy1, Chsy3, Chtf18, Chtf8, Chtop, Chuk, Churc1, Ciao1, Ciao3, Ciart, Cib1, Cic, Cidea, Ciita, Cilk1, Cilp, Cinp, Cipc, Cir1, Cirbp, Cirop, Cish, Cited1, Cited2, Cited4, Ciz1, Ckap2, Ckap5, Cks1b, Cks2, Clasrp, Clca1, Clca2, Clca3a1, Clca4a, Clcf1, Cldn13, Cldn19, Cldn3, Cldn4, Cldn5, Clec12a, Clec16a, Clec2i, Clec3b, Clec4a2, Clec4a3, Clec4a4, Clec4e, Clec4n, Clec5a, Clec7a, Clec9a, Clgn, Clip3, Clk1, Clk2, Clk3, Clk4, Cln3, Cln5, Cln6, Cln8, Clnk, Clns1a, Clock, Clp1, Clpp, Clpx, Clspn, Cltc, Clu, Cma1, Cma2, Cmklr1, Cmtm2a, Cmtr1, Cmtr2, Cnbp, Cndp1, Cndp2, Cnksr3, Cnn2, Cnot1, Cnot10, Cnot11, Cnot2, Cnot3, Cnot4, Cnot6, Cnot6l, Cnot7, Cnot8, Cnot9, Cnpy2, Cntd1, Cntf, Cntn1, Cntn2, Cntnap2, Cntnap5a, Coa3, Cog3, Cog7, Coil, Col11a1, Col1a1, Col2a1, Col3a1, Col4a2, Col5a1, Col6a1, Colec10, Colec11, Commd1, Commd6, Commd7, Comp, Comt, Cop1, Cops2, Cops3, Cops4, Cops5, Cops6, Cops7a, Cops7b, Cops8, Cops9, Coq7, Corin, Coro1c, Cox10, Cpa1, Cpa2, Cpa3, Cpa4, Cpa5, Cpa6, Cpap, Cpb1, Cpb2, Cpd, Cpe, Cpeb1, Cpeb2, Cpeb3, Cpeb4, Cphx1, Cplane2, Cpm, Cpn1, Cpne1, Cpped1, Cpq, Cpsf1, Cpsf2, Cpsf3, Cpsf4, Cpsf6, Cpsf7, Cpt1c, Cptp, Cpvl, Cpz, Crb1, Crb2, Crbn, Crcp, Creb1, Creb3, Creb3l1, Creb3l2, Creb3l3, Creb3l4, Creb5, Crebbp, Crebl2, Crebrf, Crebzf, Creg1, Crem, Crh, Crhr2, Crip1, Cript, Cripto, Crkl, Crlf1, Crlf2, Crlf3, Crnde, Crnkl1, Crnn, Crp, Crppa, Crtam, Crtap, Crtc1, Crtc2, Crtc3, Crx, Crxos, Cry1, Cry2, Cryaa, Cryab, Cryba1, Crym, Csdc2, Csde1, Csf1, Csf1r, Csf2, Csf3, Csgalnact1, Csgalnact2, Csk, Csmd1, Csnk1a1, Csnk1d, Csnk1e, Csnk2a1, Csnk2a2, Csnk2b, Cspg4, Csrnp1, Csrnp2, Csrnp3, Csrp3, Cst3, Cst5, Cst7, Csta1, Csta2, Csta3, Cstb, Cstdc3, Cstdc4, Cstdc5, Cstdc6, Cstf1, Cstf2, Cstf2t, Cstf3, Cstl1, Ctag2, Ctag2l1, Ctag2l2, Ctbp1, Ctbp2, Ctbs, Ctc1, Ctcf, Ctcfl, Ctdnep1, Ctdp1, Ctdsp1, Ctdsp2, Ctdspl, Ctdspl2, Ctf1, Cth, Ctif, Ctla2a, Ctnnb1, Ctnnbip1, Ctnnbl1, Ctnnd1, Ctr9, Ctrb1, Ctrc, Ctrl, Cts3, Cts6, Cts7, Cts8, Ctsa, Ctsb, Ctsc, Ctsd, Ctse, Ctsf, Ctsg, Ctsh, Ctsj, Ctsk, Ctsl, Ctsll3, Ctsm, Ctso, Ctsq, Ctsr, Ctss, Ctsw, Ctsz, Cttnbp2nl, Ctu1, Ctu2, Cuedc2, Cul1, Cul2, Cul3, Cul4a, Cul4b, Cul5, Cul7, Cul9, Cux1, Cux2, Cuzd1, Cwc15, Cwc22, Cwc22rt1, Cwc22rt2, Cwc22rt3, Cwc22rt4, Cwc22rt5, Cwc22rt6, Cwc22rt7, Cwc25, Cwc27, Cwf19l1, Cwf19l2, Cwh43, Cx3cl1, Cx3cr1, Cxcl17, Cxcl5, Cxcr3, Cxcr4, Cxxc1, Cxxc5, Cyba, Cybb, Cyfip1, Cyfip2, Cyld, Cym, Cyp1a2, Cyp1b1, Cyp26b1, Cyp2j6, Cyp3a13, Cyp3a41a, Cyp51, Cyren, Cyrib, Cys1, Cytl1, D1Pas1, D2hgdh, D7Ertd443e, Dab1, Dab2, Dab2ip, Dach1, Dach2, Dact1, Dad1, Dag1, Dalrd3, Dand5, Dap, Dap3, Dapk1, Dapk2, Dapk3, Dapl1, Dars1, Dars2, Daw1, Daxx, Dazap1, Dazl, Dbf4, Dbh, Dbi, Dbndd2, Dbp, Dbr1, Dbx1, Dbx2, Dcaf1, Dcaf10, Dcaf11, Dcaf12, Dcaf13, Dcaf15, Dcaf17, Dcaf5, Dcaf6, Dcaf7, Dcaf8, Dclk1, Dclk2, Dclk3, Dclre1a, Dclre1b, Dclre1c, Dcn, Dcp1a, Dcp1b, Dcp2, Dcps, Dcst1, Dctpp1, Dcun1d1, Dcun1d2, Dcun1d3, Dcun1d4, Dcun1d5, Dda1, Ddah1, Ddb1, Ddb2, Ddc, Ddi1, Ddi2, Ddit3, Ddn, Ddost, Ddr1, Ddr2, Ddrgk1, Ddx1, Ddx10, Ddx11, Ddx17, Ddx18, Ddx19a, Ddx19b, Ddx20, Ddx21, Ddx23, Ddx25, Ddx27, Ddx39a, Ddx39b, Ddx3x, Ddx3y, Ddx4, Ddx41, Ddx42, Ddx46, Ddx47, Ddx49, Ddx5, Ddx51, Ddx52, Ddx54, Ddx56, Ddx6, Deaf1, Dedd, Defb25, Dek, Dennd1b, Dennd3, Denr, Depdc1a, Deptor, Derl1, Derl2, Derl3, Desi1, Desi2, Det1, Dffa, Dffb, Dgat2, Dgcr8, Dgkq, Dguok, Dhcr24, Dhdds, Dhh, Dhps, Dhrs7b, Dhx15, Dhx16, Dhx29, Dhx33, Dhx34, Dhx36, Dhx37, Dhx38, Dhx40, Dhx58, Dhx8, Dhx9, Diaph1, Diaph3, Dicer1, Dido1, Dimt1, Dip2a, Dip2b, Dis3, Dis3l, Dis3l2, Disc1, Disp1, Dkc1, Dkk1, Dkk3, Dld, Dlg1, Dlgap1, Dlk1, Dll1, Dll4, Dlx1, Dlx2, Dlx3, Dlx4, Dlx5, Dlx6, Dlx6os1, Dmac2, Dmap1, Dmbx1, Dmc1, Dmd, Dmpk, Dmrt1, Dmrt1i, Dmrt2, Dmrt3, Dmrta1, Dmrta2, Dmrtb1, Dmrtc2, Dmtf1, Dmtf1l, Dmtn, Dna2, Dnaaf4, Dnah12, Dnaja1, Dnaja2, Dnaja3, Dnaja4, Dnajb1, Dnajb11, Dnajb12, Dnajb13, Dnajb14, Dnajb2, Dnajb3, Dnajb4, Dnajb5, Dnajb6, Dnajb7, Dnajb8, Dnajb9, Dnajc1, Dnajc10, Dnajc17, Dnajc18, Dnajc2, Dnajc24, Dnajc25, Dnajc3, Dnajc5, Dnajc7, Dnase1, Dnase1l1, Dnase1l2, Dnase1l3, Dnase2a, Dnase2b, Dnd1, Dner, Dnlz, Dnm1l, Dnmt1, Dnmt3a, Dnmt3b, Dnmt3l, Dnpep, Dntt, Dnttip2, Dock7, Dohh, Dok7, Dolk, Dolpp1, Donson, Dot1l, Dpagt1, Dpep1, Dpep2, Dpep3, Dpf1, Dpf2, Dpf3, Dph1, Dph2, Dph3, Dph5, Dph6, Dph7, Dpm1, Dpm2, Dpm3, Dpp10, Dpp3, Dpp4, Dpp6, Dpp7, Dpp8, Dpp9, Dppa2, Dppa3, Dppa5a, Dppa5b, Dpy19l1, Dpy19l3, Dpy30, Dr1, Drap1, Drd1, Drd2, Drd3, Drd4, Dreh, Drg1, Drg2, Drgx, Drosha, Dscc1, Dse, Dsel, Dsp, Dspp, Dtd1, Dtd2, Dtl, Dtnbp1, Dtwd1, Dtwd2, Dtx1, Dtx2, Dtx3, Dtx3l, Dtx4, Dubr, Duoxa2, Dus1l, Dus2, Dus3l, Dus4l, Dusp1, Dusp10, Dusp11, Dusp12, Dusp13a, Dusp13b, Dusp14, Dusp15, Dusp18, Dusp19, Dusp2, Dusp21, Dusp22, Dusp23, Dusp26, Dusp28, Dusp29, Dusp3, Dusp4, Dusp5, Dusp6, Dusp7, Dusp8, Duxbl1, Duxf3, Duxf4, Dvl1, Dvl2, Dvl3, Dxo, Dynap, Dynapl1, Dync2h1, Dynll1, Dyrk1a, Dyrk1b, Dyrk2, Dyrk3, Dysf, Dzip3, E130311K13Rik, E230001N04Rik, E2f1, E2f2, E2f3, E2f4, E2f5, E2f6, E2f7, E2f8, E330034G19Rik, E4f1, Eaf1, Eaf2, Eapp, Ear7, Ears2, Ebag9, Ebf1, Ebf2, Ebf3, Ebf4, Ebna1bp2, Ecd, Ece1, Ece2, Ecel1, Ecm1, Ecpas, Ecrg4, Ecscr, Ecsit, Ect2, Eda, Edar, Edc3, Edc4, Edem1, Edem2, Edem3, Edf1, Edn1, Edn3, Ednra, Ednrb, Edrf1, Eed, Eef1a1, Eef1a2, Eef1akmt1, Eef1akmt2, Eef1akmt3, Eef1b2, Eef1d, Eef1e1, Eef1ece2, Eef1g, Eef2, Eef2k, Eef2kmt, Eefsec, Eepd1, Efcab7, Efemp1, Efl1, Efna1, Efna3, Efna5, Eftud2, Egf, Egfbp2, Egfr, Egln1, Egln2, Egln3, Egr1, Egr2, Egr3, Egr4, Ehd3, Ehd4, Ehf, Ehmt1, Ehmt2, Eid1, Eid2, Eid2b, Eid3, Eif1, Eif1a, Eif1ad, Eif1ad11, Eif1ad12, Eif1ad13, Eif1ad14, Eif1ad15, Eif1ad16, Eif1ad17, Eif1ad18, Eif1ad19, Eif1ad2, Eif1ad3, Eif1ad4, Eif1ad7, Eif1ad8, Eif1ax, Eif1b, Eif2a, Eif2ak1, Eif2ak2, Eif2ak3, Eif2ak4, Eif2b1, Eif2b2, Eif2b3, Eif2b4, Eif2b5, Eif2d, Eif2s1, Eif2s2, Eif2s3x, Eif2s3y, Eif3a, Eif3b, Eif3c, Eif3d, Eif3e, Eif3f, Eif3g, Eif3h, Eif3i, Eif3j1, Eif3j2, Eif3k, Eif3l, Eif3m, Eif4a1, Eif4a2, Eif4a3, Eif4a3l1, Eif4a3l2, Eif4b, Eif4e, Eif4e1b, Eif4e2, Eif4e3, Eif4ebp1, Eif4ebp2, Eif4ebp3, Eif4enif1, Eif4g1, Eif4g2, Eif4g3, Eif4h, Eif5, Eif5a, Eif5a2, Eif5b, Eif6, Eipr1, Elac1, Elac2, Elane, Elavl1, Elavl4, Eldr, Elf1, Elf2, Elf3, Elf4, Elf5, Elfn2, Elk1, Elk3, Elk4, Ell, Ell2, Ell3, Elmod3, Eloa, Elob, Eloc, Elof1, Elp1, Elp2, Elp3, Elp4, Elp5, Elp6, Eme1, Eme2, Emg1, Emilin1, Emp2, Emsy, Emx1, Emx2, En1, En2, Enc1, Endog, Endou, Endov, Eng, Engase, Eno1, Eno1b, Enpep, Enpp1, Enpp2, Enpp7, Entpd5, Eny2, Eogt, Eomes, Ep300, Ep400, Epas1, Epb41l4b, Epb41l5, Epb42, Epc1, Epc2, Epcam, Epg5, Epha1, Epha2, Epha3, Epha4, Epha5, Epha7, Epha8, Ephb1, Ephb2, Ephb3, Ephb4, Ephb6, Ephx2, Epm2a, Epm2aip1, Epo, Epop, Eppin, Eprs1, Eps15, Epsti1, Epx, Erap1, Erbb2, Erbb3, Erbb4, Erbin, Erc1, Ercc1, Ercc2, Ercc3, Ercc4, Ercc5, Ercc6, Ercc6l, Ercc6l2, Ercc8, Ereg, Erf, Erfl, Erg, Eri1, Erlec1, Erlin1, Erlin2, Ermap, Ermp1, Ern1, Ern2, Ero1a, Ero1b, Erp27, Erp29, Erp44, Errfi1, Esco1, Esco2, Esf1, Espl1, Esr1, Esr2, Esrp1, Esrp2, Esrra, Esrrb, Esrrg, Ess2, Esx1, Etaa1, Etf1, Etfbkmt, Ets1, Ets2, Etv1, Etv2, Etv3, Etv3l, Etv4, Etv5, Etv6, Evpl, Evx1, Evx2, Ewsr1, Exd1, Exd2, Exo1, Exo5, Exog, Exosc1, Exosc10, Exosc2, Exosc3, Exosc4, Exosc5, Exosc6, Exosc7, Exosc8, Exosc9, Ext1, Ext2, Extl1, Extl3, Eya1, Eya2, Eya3, Eya4, Ezh1, Ezh2, Ezhip, Ezr, F10, F11, F11r, F12, F13a1, F13b, F2, F2r, F2rl1, F3, F7, F8, F8a, F9, Faap100, Faap20, Faap24, Fabp4, Fadd, Fads3, Faf1, Faf2, Fam107a, Fam111a, Fam114a1, Fam161a, Fam168a, Fam168b, Fam170a, Fam20a, Fam20b, Fam20c, Fam210b, Fam220a, Fam3a, Fam3c, Fam47c, Fam47e, Fam50a, Fam76b, Fam83d, Fam98a, Fam98b, Fan1, Fanca, Fancb, Fancc, Fancd2, Fance, Fancf, Fancg, Fanci, Fancl, Fancm, Fank1, Fap, Fars2, Farsa, Farsb, Fas, Fasl, Fastk, Fastkd1, Fastkd2, Fastkd3, Fastkd5, Fau, Faxdc2, Fbh1, Fbl, Fbll1, Fbln1, Fbln5, Fbn1, Fbp1, Fbxl12, Fbxl13, Fbxl14, Fbxl15, Fbxl16, Fbxl17, Fbxl18, Fbxl19, Fbxl2, Fbxl20, Fbxl21, Fbxl22, Fbxl3, Fbxl4, Fbxl5, Fbxl6, Fbxl7, Fbxl9, Fbxo10, Fbxo11, Fbxo17, Fbxo2, Fbxo22, Fbxo24, Fbxo25, Fbxo27, Fbxo28, Fbxo3, Fbxo30, Fbxo31, Fbxo32, Fbxo33, Fbxo38, Fbxo39, Fbxo4, Fbxo41, Fbxo43, Fbxo44, Fbxo45, Fbxo48, Fbxo5, Fbxo6, Fbxo7, Fbxo8, Fbxo9, Fbxw11, Fbxw15, Fbxw4, Fbxw5, Fbxw7, Fbxw8, Fcer1a, Fcer1g, Fcf1, Fcgr1, Fcgr2b, Fcgr3, Fcgr4, Fchsd1, Fcna, Fcnb, Fcor, Fdcsp, Fdxacb1, Fech, Fem1a, Fem1al, Fem1b, Fem1c, Fen1, Fer, Ferd3l, Fermt1, Fes, Fetub, Fev, Fezf1, Fezf2, Ffar1, Ffar2, Ffar3, Ffar4, Fga, Fgb, Fgd2, Fgd4, Fgf1, Fgf10, Fgf15, Fgf18, Fgf2, Fgf23, Fgf4, Fgf5, Fgf7, Fgf8, Fgf9, Fgfr1, Fgfr2, Fgfr3, Fgfr4, Fgg, Fgl2, Fgr, Fh1, Fhit, Fhl2, Fhl5, Fhod1, Ficd, Figla, Fignl1, Filip1l, Fip1l1, Firre, Firrm, Fiz1, Fkbp10, Fkbp11, Fkbp14, Fkbp1a, Fkbp1b, Fkbp2, Fkbp3, Fkbp4, Fkbp5, Fkbp6, Fkbp7, Fkbp8, Fkbp9, Fkrp, Fktn, Flcn, Fli1, Flicr, Flna, Flot1, Flot2, Flt1, Flt3, Flt3l, Flt4, Flvcr2, Flywch1, Fmn1, Fmn2, Fmr1, Fn1, Fn3k, Fn3krp, Fndc1, Fnip1, Fnip2, Fnta, Fntb, Focad, Folh1, Fos, Fosb, Fosl1, Fosl2, Foxa1, Foxa2, Foxa3, Foxb1, Foxb2, Foxc1, Foxc2, Foxd1, Foxd2, Foxd3, Foxd4, Foxe1, Foxe3, Foxf1, Foxf2, Foxg1, Foxh1, Foxi1, Foxi2, Foxi3, Foxj1, Foxj2, Foxj3, Foxk1, Foxk2, Foxl1, Foxl2, Foxl3, Foxm1, Foxn1, Foxn2, Foxn3, Foxn4, Foxo1, Foxo3, Foxo4, Foxo6, Foxp1, Foxp2, Foxp3, Foxp4, Foxq1, Foxr1, Foxr2, Foxred2, Foxs1, Fra10ac1, Frey1, Frg1, Frk, Frmd8, Fry, Fscb, Fshb, Fshr, Fst, Fstl3, Fto, Ftsj1, Ftsj3, Ftx, Fubp1, Fubp3, Furin, Fus, Fut1, Fut10, Fut11, Fut2, Fut4, Fut7, Fut8, Fut9, Fuz, Fxn, Fxr1, Fxr2, Fxyd1, Fyn, Fyttd1, Fzd1, Fzd2, Fzd4, Fzd5, Fzd6, Fzd7, Fzd8, Fzr1, G2e3, G3bp1, G6pc1, G6pd2, G6pdx, Gaa, Gab1, Gabarap, Gabarapl1, Gabarapl2, Gabpa, Gabpb1, Gabpb2, Gadd45a, Gadd45b, Gadd45g, Gadd45gip1, Gal, Gal3st2, Gal3st2c, Gal3st4, Galns, Galnt1, Galnt10, Galnt11, Galnt12, Galnt13, Galnt14, Galnt15, Galnt16, Galnt17, Galnt18, Galnt2, Galnt3, Galnt4, Galnt5, Galnt6, Galnt7, Galnt9, Galntl6, Galr1, Galr2, Galr3, Gan, Ganab, Ganc, Gapdh, Gapdh-ps15, Gapdhrt, Gapdhrt2, Gapt, Gar1, Garem1, Garin3, Garin5a, Gars1, Gas1, Gas5, Gas6, Gata1, Gata2, Gata3, Gata4, Gata5, Gata6, Gatad1, Gatad2a, Gatad2b, Gatb, Gatc, Gba1, Gbe1, Gbgt1, Gbp4, Gbp5, Gbp7, Gbx1, Gbx2, Gcfc2, Gcg, Gcgr, Gch1, Gck, Gclc, Gcm1, Gcm2, Gcn1, Gcnt1, Gcnt2, Gcnt3, Gcnt4, Gcnt7, Gcsh, Gdf2, Gdf6, Gdf7, Gdnf, Gemin2, Gemin4, Gemin5, Gemin6, Gemin6-ps, Gemin7, Gemin8, Gen1, Get4, Gfap, Gfer, Gfi1, Gfi1b, Gfm1, Gfm2, Gfpt1, Gfpt2, Gfra1, Gfra2, Gga1, Gga3, Ggcx, Ggn, Ggnbp2, Ggt1, Ggt5, Ggta1, Ghrh, Ghrhr, Ghrl, Ghsr, Gid4, Gid8, Gigyf2, Gimap3, Gimap5, Gin1, Gins1, Gins2, Gins3, Gins4, Gipc1, Git1, Gja1, Gja8, Gjc2, Gkn2, Glb1, Glce, Gle1, Glg1, Gli1, Gli2, Gli3, Glis1, Glis2, Glis3, Glmn, Glmp, Glo1, Glp1r, Glrp1, Glul, Glyctk, Glyr1, Gm10033, Gm10768, Gm11690, Gm12258, Gm12610, Gm13030, Gm13040, Gm14295, Gm14322, Gm14325, Gm14391, Gm14399, Gm14401, Gm14403, Gm14412, Gm14418, Gm14434, Gm14443, Gm14444, Gm15222, Gm15290, Gm15441, Gm15446, Gm17067, Gm17655, Gm19965, Gm2044, Gm20737, Gm20738, Gm20747, Gm20773, Gm20795, Gm20806, Gm20807, Gm20808, Gm20812, Gm20815, Gm20816, Gm20818, Gm20821, Gm20822, Gm20825, Gm20826, Gm20830, Gm20834, Gm20852, Gm20854, Gm20865, Gm20873, Gm20914, Gm20917, Gm20918, Gm21064, Gm21118, Gm21292, Gm21310, Gm21394, Gm21719, Gm21778, Gm21812, Gm21854, Gm2381, Gm2663, Gm28171, Gm28836, Gm30731, Gm32687, Gm35315, Gm3604, Gm36723, Gm38999, Gm4275, Gm44504, Gm45871, Gm4767, Gm4787, Gm4924, Gm5141, Gm527, Gm6133, Gm614, Gm6871, Gm7072, Gm7324, Gmcl1, Gmeb1, Gmeb2, Gmnc, Gmnn, Gmppa, Gmppb, Gna12, Gnaq, Gnas, Gnasas1, Gnat2, Gnb3, Gnl3, Gnl3l, Gnmt, Gnptab, Gnrh1, Gns, Golga2, Golga7, Golph3, Gon4l, Gon7, Gorasp1, Gp1ba, Gp1bb, Gp5, Gp6, Gp9, Gpaa1, Gpam, Gpat2, Gpatch1, Gpatch3, Gpbp1, Gpbp1l1, Gpc1, Gpc3, Gpd1l, Gper1, Gphn, Gpi1, Gpkow, Gpld1, Gpnmb, Gpr174, Gpr18, Gpr39, Gprasp1, Gprc5a, Gprc5b, Gps1, Gps2, Gpsm3, Gpx1, Grb10, Grb7, Grem1, Grhl1, Grhl2, Grhl3, Gria1, Gria2, Gria3, Grin1, Grin2a, Grin2c, Grk1, Grk2, Grk3, Grk5, Grm2, Grm3, Grm5, Grm6, Grn, Grp, Grpel1, Grpel2, Grsf1, Grwd1, Gsap, Gsc, Gsc2, Gsdma3, Gsdmd, Gsk3a, Gsk3b, Gskip, Gsn, Gspt1, Gspt2, Gstp-ps, Gstp1, Gstp2, Gstp3, Gstt1, Gsx1, Gsx2, Gtdc1, Gtf2a1, Gtf2a1l, Gtf2a2, Gtf2b, Gtf2e1, Gtf2e2, Gtf2f1, Gtf2f2, Gtf2h1, Gtf2h2, Gtf2h3, Gtf2h4, Gtf2h5, Gtf2i, Gtf2ird1, Gtf3c1, Gtf3c2, Gtf3c3, Gtf3c4, Gtf3c5, Gtf3c6, Gtpbp1, Gtpbp2, Gtpbp3, Gtpbp4, Gtsf1, Guf1, Gusb, Gxylt1, Gxylt2, Gyg1, Gys1, Gys2, Gzf1, Gzma, Gzmb, Gzmc, Gzmd, Gzme, Gzmf, Gzmg, Gzmk, Gzmm, Gzmn, H13, H19, H1f0, H1f1, H1f10, H1f2, H1f3, H1f4, H1f5, H1f6, H1f8, H1f9, H2-DMa, H2-DMb1, H2-DMb2, H2-M3, H2-Q9, H2-T23, H2ab1, H2ab2, H2ab3, H2ac1, H2ac10, H2ac11, H2ac12, H2ac13, H2ac15, H2ac19, H2ac20, H2ac21, H2ac22, H2ac23, H2ac24, H2ac25, H2ac4, H2ac6, H2ac7, H2ac8, H2aj, H2al1b, H2al1e, H2al1f, H2al1j, H2al1k, H2al1m, H2al1n, H2al1o, H2al2a, H2al2b, H2al3, H2ap, H2ax, H2az1, H2az2, H2bc1, H3c14, H3c6, H3f3a, H3f3b, H60a, Habp2, Habp4, Hace1, Hadhb, Halr1, Hamp, Hamp2, Hand1, Hand2, Hand2os1, Hap1, Hars1, Hars2, Has1, Has2, Has3, Haspin, Hat1, Havcr2, Hax1, Hba-x, Hbb-b1, Hbb-bh1, Hbb-y, Hbegf, Hbp1, Hbs1l, Hc, Hccs, Hcfc1, Hcfc2, Hck, Hcls1, Hcrt, Hcst, Hdac1, Hdac10, Hdac11, Hdac2, Hdac3, Hdac4, Hdac5, Hdac6, Hdac7, Hdac8, Hdac9, Hdgf, Hdgfl2, Hdx, Heatr1, Hectd1, Hectd2, Hectd3, Hecw1, Hecw2, Heg1, Helb, Hells, Helq, Helt, Helz, Helz2, Hemk1, Henmt1, Herc2, Herc3, Herc4, Herc6, Herpud1, Hes1, Hes2, Hes3, Hes5, Hes6, Hes7, Hesx1, Hexa, Hexb, Hexim1, Hexim2, Hey1, Hey2, Heyl, Hfe, Hfm1, Hgf, Hgfac, Hgs, Hgsnat, Hhat, Hhatl, Hhex, Hic1, Hic2, Hif1a, Hif1an, Hif3a, Higd1a, Hilpda, Hinfp, Hint1, Hint2, Hipk1, Hipk2, Hipk3, Hipk4, Hira, Hivep1, Hivep2, Hivep3, Hjv, Hk1, Hlcs, Hlf, Hltf, Hlx, Hm629797, Hmbox1, Hmces, Hmg20a, Hmg20b, Hmga1, Hmga1b, Hmga2, Hmgb1, Hmgb2, Hmgb4, Hmgcr, Hmgn1, Hmgn2, Hmgn3, Hmgn5, Hmmr, Hmox1, Hmx1, Hmx2, Hmx3, Hnf1a, Hnf1b, Hnf4a, Hnf4g, Hnrnpa0, Hnrnpa1, Hnrnpa2b1, Hnrnpa3, Hnrnpab, Hnrnpc, Hnrnpd, Hnrnpdl, Hnrnpf, Hnrnph1, Hnrnph2, Hnrnph3, Hnrnpk, Hnrnpl, Hnrnpll, Hnrnpm, Hnrnpr, Hnrnpu, Hnrnpul1, Hnrnpul2, Homer2, Homer3, Homez, Hopx, Hormad1, Hotair, Hoxa1, Hoxa10, Hoxa11, Hoxa11os, Hoxa13, Hoxa2, Hoxa3, Hoxa4, Hoxa5, Hoxa6, Hoxa7, Hoxa9, Hoxb1, Hoxb13, Hoxb2, Hoxb3, Hoxb3os, Hoxb4, Hoxb5, Hoxb6, Hoxb7, Hoxb8, Hoxb9, Hoxc10, Hoxc11, Hoxc12, Hoxc13, Hoxc4, Hoxc5, Hoxc6, Hoxc8, Hoxc9, Hoxd1, Hoxd10, Hoxd11, Hoxd12, Hoxd13, Hoxd3, Hoxd4, Hoxd8, Hoxd9, Hp, Hp1bp3, Hpf1, Hpn, Hps1, Hpse, Hpx, Hr, Hras, Hrc, Hrg, Hrob, Hs2st1, Hs3st1, Hs3st2, Hs3st3a1, Hs3st3b1, Hs3st4, Hs3st5, Hs3st6, Hs6st1, Hs6st2, Hs6st3, Hsbp1, Hsbp1l1, Hsd17b1, Hsd17b10, Hsf1, Hsf2, Hsf2bp, Hsf3, Hsf4, Hsf5, Hsp90aa1, Hsp90ab1, Hsp90b1, Hspa13, Hspa14, Hspa1a, Hspa1b, Hspa1l, Hspa2, Hspa4, Hspa4l, Hspa5, Hspa8, Hspa9, Hspb1, Hspb2, Hspb6, Hspbp1, Hspd1, Hspe1, Hspe1-rs1, Hspg2, Hsph1, Htatip2, Htatsf1, Htr2a, Htr2b, Htra1, Htra2, Htra3, Htra4, Htt, Hunk, Hus1, Hus1b, Huwe1, Hyal1, Hyal2, Hyal3, Hyal4, Hyal5, Hyal6, Hymai, Hyou1, Iapp, Iars1, Iars2, Ibtk, Icam1, Ice1, Ice2, Icmt, Icosl, Id1, Id2, Id3, Id4, Ide, Ido1, Ids, Idua, Ier2, Ier3, Ier5, Iffo1, Ifi203, Ifi203-ps, Ifi204, Ifi206, Ifi207, Ifi208, Ifi209, Ifi213, Ifi214, Ifi27, Ifih1, Ifna, Ifnar1, Ifnar2, Ifnb1, Ifng, Ifngr1, Ifnk, Ifnz, Ifrd1, Ifrd2, Ift172, Ift52, Ift74, Ift80, Ift88, Igbp1, Igf1, Igf1r, Igf2, Igf2bp1, Igf2bp2, Igf2bp3, Igfbp3, Igfbp5, Igh-7, Ighd, Ighe, Ighg1, Ighg2a, Ighm, Ighmbp2, Igsf1, Igtp, Ihh, Iho1, Ik, Ikbkb, Ikbke, Ikbkg, Ikzf1, Ikzf2, Ikzf3, Ikzf4, Ikzf5, Il10, Il11, Il12a, Il12b, Il12rb1, Il12rb2, Il13, Il13ra1, Il13ra2, Il15, Il16, Il17a, Il17b, Il17c, Il17d, Il17f, Il17ra, Il17rb, Il17rc, Il18, Il18r1, Il18rap, Il19, Il1a, Il1b, Il1f10, Il1r1, Il1r2, Il1rap, Il1rl1, Il1rl2, Il2, Il20rb, Il21, Il22, Il22ra2, Il23a, Il23r, Il24, Il25, Il27, Il27ra, Il2rg, Il3, Il31ra, Il33, Il34, Il36a, Il36b, Il36g, Il36rn, Il4, Il4i1, Il4i1b, Il4ra, Il5, Il5ra, Il6, Il6ra, Il6st, Il7, Il7r, Il9, Il9r, Ildr1, Ildr2, Ilf2, Ilf3, Ilk, Ilkap, Ilrun, Immp1l, Immp2l, Imp3, Imp4, Impact, Inava, Inca1, Inf2, Ing1, Ing2, Ing3, Ing4, Ing5, Inha, Inhba, Inhbb, Inip, Ino80, Ino80b, Ino80c, Ino80d, Ino80e, Inpp5b, Inpp5d, Inpp5e, Inpp5f, Inpp5j, Inpp5k, Inppl1, Ins1, Ins2, Insm1, Insm2, Insr, Insrr, Ints1, Ints10, Ints11, Ints12, Ints14, Ints2, Ints3, Ints4, Ints5, Ints6, Ints6l, Ints7, Ints8, Ints9, Invs, Ip6k2, Ip6k3, Ipp, Ippk, Iqce, Iqgap1, Iqgap3, Irak1, Irak2, Irak3, Irak4, Ireb2, Irf1, Irf2, Irf2bp1, Irf2bp2, Irf2bpl, Irf3, Irf4, Irf5, Irf6, Irf7, Irf8, Irf9, Irgm1, Irgm2, Irs1, Irs2, Irx1, Irx2, Irx3, Irx4, Irx5, Irx6, Isg15, Isg20, Isg20l2, Isl1, Isl2, Israa, Ist1, Isx, Isy1, Itch, Itga2, Itga3, Itga5, Itga6, Itga8, Itgav, Itgax, Itgb1, Itgb1bp1, Itgb2, Itgb2l, Itgb3, Itgb3bp, Itgb6, Itgb8, Itih1, Itih2, Itih3, Itih4, Itih5, Itk, Itln1, Itlnb, Itm2a, Itm2b, Itm2c, Itpkb, Ivl, Ivns1abp, Iws1, Jade1, Jade2, Jade3, Jag1, Jak1, Jak2, Jak3, Jarid2, Jazf1, Jdp2, Jkamp, Jmjd1c, Jmjd4, Jmjd6, Jmjd7, Jmy, Josd1, Josd2, Jph2, Jph4, Jpx, Jtb, Jun, Junb, Jund, Jup, Kank2, Kansl1, Kansl2, Kansl3, Kantr, Kars1, Kash5, Kat14, Kat2a, Kat2b, Kat5, Kat6a, Kat6b, Kat7, Kat8, Kbtbd12, Kbtbd13, Kbtbd2, Kbtbd3, Kbtbd6, Kbtbd7, Kbtbd8, Kcmf1, Kcne2, Kcnh2, Kcnip3, Kcnj1, Kcnj8, Kcnk2, Kcnn4, Kcnq1ot1, Kcnq2, Kcnq3, Kctd1, Kctd10, Kctd11, Kctd13, Kctd15, Kctd17, Kctd2, Kctd21, Kctd5, Kctd6, Kctd9, Kdelr1, Kdm1a, Kdm1b, Kdm2a, Kdm2b, Kdm3a, Kdm3b, Kdm4a, Kdm4b, Kdm4c, Kdm4d, Kdm5a, Kdm5b, Kdm5c, Kdm5d, Kdm6a, Kdm6b, Kdm7a, Kdm8, Kdr, Keap1, Kel, Khdc3, Khdc4, Khdrbs1, Khdrbs2, Khdrbs3, Khk, Khsrp, Kif14, Kif16b, Kif1b, Kif22, Kif3a, Kin, Kirrel1, Kirrel2, Kit, Kitl, Klf1, Klf10, Klf11, Klf12, Klf13, Klf14, Klf15, Klf16, Klf17, Klf2, Klf3, Klf4, Klf5, Klf6, Klf7, Klf8, Klf9, Klhdc1, Klhdc10, Klhdc2, Klhdc3, Klhl1, Klhl10, Klhl11, Klhl12, Klhl13, Klhl15, Klhl17, Klhl18, Klhl2, Klhl20, Klhl21, Klhl22, Klhl23, Klhl24, Klhl25, Klhl28, Klhl29, Klhl3, Klhl30, Klhl31, Klhl35, Klhl36, Klhl38, Klhl4, Klhl40, Klhl41, Klhl42, Klhl5, Klhl6, Klhl7, Klhl8, Klhl9, Klk1, Klk10, Klk11, Klk12, Klk13, Klk14, Klk15, Klk1b1, Klk1b11, Klk1b16, Klk1b21, Klk1b22, Klk1b24, Klk1b26, Klk1b27, Klk1b3, Klk1b4, Klk1b5, Klk1b8, Klk1b9, Klk4, Klk5, Klk6, Klk7, Klk8, Klk9, Klkb1, Klre1, Klrh1, Klrk1, Kmt2a, Kmt2b, Kmt2c, Kmt2d, Kmt2e, Kmt5a, Kmt5b, Kmt5c, Kndc1, Kng1, Kng2, Kpna2, Kpna2rt, Kpna4, Kpna6, Kpna7, Kras, Kri1, Krr1, Krt1, Krt10, Krt13, Krt17, Krt2, Krtcap2, Ksr1, Kti12, Ky, L1cam, L3mbtl1, L3mbtl2, L3mbtl3, L3mbtl4, Lacc1, Lactb, Lag3, Lage3, Lama1, Lamc1, Lamp2, Lamp3, Lamtor1, Lamtor5, Lancl2, Lap3, Laptm4b, Laptm5, Large1, Large2, Larp1, Larp4, Larp4b, Larp6, Larp7, Larp7-ps, Lars1, Lars2, Las1l, Lat, Lats1, Lats2, Lax1, Lbh, Lbp, Lbr, Lbx1, Lbx2, Lcat, Lck, Lcmt1, Lcmt2, Lcn2, Lcor, Lcorl, Lcp2, Ldb1, Ldb2, Ldc1, Ldlr, Ldlrad3, Ldlrap1, Leat1, Lef1, Lefty1, Leo1, Lep, Lepr, Lgals3, Lgals4, Lgals6, Lgals9, Lgmn, Lgr4, Lhx1, Lhx2, Lhx3, Lhx4, Lhx5, Lhx6, Lhx8, Lhx9, Lias, Liat1, Lichi, Lif, Lig1, Lig3, Lig4, Lilra5, Lilrb4a, Lilrb4b, Limch1, Limd1, Lime1, Limk1, Limk2, Lims1, Lin28a, Lin28b, Lin37, Lin52, Lin54, Lin9, Lipa, Lipc, Lipe, Lipg, Lipt1, Lipt2, Litaf, Litafd, Lmcd1, Lmf1, Lmf2, Lmln, Lmna, Lmnb1, Lmnb2, Lmntd2, Lmo1, Lmo2, Lmo3, Lmo4, Lmo7, Lmtk2, Lmx1a, Lmx1b, Lncbate1, Lncbate10, Lncenc1, Lnclep, Lnpep, Lnx1, Lonp1, Lonp2, Loricrin, Lox, Loxl2, Loxl3, Lpar3, Lpar5, Lpcat1, Lpin1, Lpin2, Lpin3, Lpl, Lrif1, Lrig2, Lrit3, Lrp1, Lrp2, Lrp3, Lrp4, Lrp5, Lrp6, Lrp8, Lrpprc, Lrr1, Lrrc14, Lrrc19, Lrrc32, Lrrc41, Lrrc47, Lrrc55os, Lrrc75a, Lrrfip1, Lrrfip2, Lrrk1, Lrrk2, Lrrn3, Lrrtm3, Lrsam1, Lrwd1, Lsm1, Lsm10, Lsm11, Lsm14a, Lsm14b, Lsm2, Lsm3, Lsm4, Lsm5, Lsm6, Lsm7, Lsm8, Lta, Lta4h, Ltb, Ltf, Ltk, Ltn1, LTO1, Luc7l, Luc7l2, Luc7l3, Lum, Lurap1, Lvrn, Ly9, Ly96, Lyar, Lyg1, Lyg2, Lyl1, Lyn, Lypla1, Lypla2, Lyplal1, Lyve1, Lztr1, M1ap, Macc1, Macir, Macrod1, Macrod2, Macroh2a1, Macroh2a2, Mad2l1, Mad2l2, Maea, Mael, Maf, Maf1, Mafa, Mafb, Maff, Mafg, Mafk, Magea1, Magea10, Magea13, Magea14, Magea2, Magea3, Magea4, Magea5, Magea6, Magea8, Magea9, Mageb11, Mageb16, Mageb18, Mageb2, Mageb3, Mageb4, Mageb5, Mageb5b, Mageb6b1, Magec2, Maged1, Maged2, Magee1, Magee2, Mageh1, Magel2, Magi3, Magoh, Magohb, Magt1, Majin, Mak, Mak16, Malat1, Malsu1, Malt1, Maml1, Maml2, Maml3, Mamld1, Mamstr, Man1a, Man1a2, Man1b1, Man1c1, Man2a1, Man2a2, Man2b1, Manba, Mannr, Map1a, Map2k1, Map2k2, Map2k3, Map2k4, Map2k5, Map2k6, Map2k7, Map3k1, Map3k10, Map3k11, Map3k12, Map3k13, Map3k20, Map3k3, Map3k4, Map3k5, Map3k6, Map3k7, Map3k9, Map4k1, Map4k2, Map4k3, Map4k4, Map6d1, Mapk1, Mapk10, Mapk11, Mapk12, Mapk13, Mapk14, Mapk15, Mapk3, Mapk6, Mapk7, Mapk8, Mapk8ip1, Mapk8ip3, Mapk9, Mapkap1, Mapkapk2, Mapkapk3, Mapkapk5, Mapkbp1, Mapre3, Mapt, Marchf1, Marchf11, Marchf2, Marchf3, Marchf4, Marchf5, Marchf6, Marchf7, Marchf8, Marchf9, Marf1, Mark1, Mark2, Mark3, Mark4, Mars1, Mars2, Mas1, Masp1, Masp2, Mast1, Mast2, Mastl, Matcap1, Matcap2, Matr3, Mavs, Max, Maz, Mbd1, Mbd2, Mbd3, Mbd3l1, Mbd3l2, Mbd4, Mbip, Mbl2, Mblac1, Mbnl1, Mbnl2, Mbnl3, Mboat4, Mbp, Mbtd1, Mbtps1, Mbtps2, Mc1r, Mc3r, Mcf2l, Mcidas, Mcm10, Mcm2, Mcm3, Mcm3ap, Mcm4, Mcm5, Mcm6, Mcm7, Mcm8, Mcm9, Mcmbp, Mcmdc2, Mcoln2, Mcph1, Mcpt1, Mcpt2, Mcpt4, Mcpt8, Mcpt9, Mcptl, Mcrs1, Mcts1, Mcts2, Mdc1, Mdfi, Mdfic, Mdfic2, Mdga2, Mdk, Mdm2, Mdm4, Meaf6, Mecom, Mecp2, Med1, Med10, Med11, Med12, Med12l, Med13, Med13l, Med14, Med15, Med16, Med17, Med18, Med19, Med20, Med21, Med22, Med23, Med24, Med25, Med26, Med27, Med28, Med29, Med30, Med31, Med4, Med6, Med7, Med8, Med9, Mef2a, Mef2b, Mef2c, Mef2d, Mefv, Meg3, Megf8, Mei4, Meiob, Meioc, Meiosin, Meis1, Meis2, Meis3, Melk, Meltf, Men1, Meox1, Meox2, Mep1a, Mep1b, Mepce, Mertk, Mesd, Mesp1, Mesp2, Met, Metap1, Metap1d, Metap2, Mettl1, Mettl13, Mettl14, Mettl15, Mettl16, Mettl17, Mettl18, Mettl2, Mettl21a, Mettl21c, Mettl22, Mettl23, Mettl3, Mettl4, Mettl5, Mettl6, Mettl8, Mex3d, Mexis, Mfap1a, Mfap1b, Mfn2, Mfsd8, Mga, Mgam, Mgat1, Mgat2, Mgat3, Mgat4a, Mgat4b, Mgat4c, Mgat4d, Mgat4e, Mgat4f, Mgat5, Mgat5b, Mgme1, Mgmt, Mgrn1, Mib1, Mib2, Mical1, Mical2, Mid2, Mideas, Midn, Mier1, Mier2, Mier3, Mif, Mif4gd, Minar1, Minar2, Mindy1, Mindy2, Mindy3, Mindy4, Mink1, Mipep, Mir100, Mir101a, Mir101b, Mir103-1, Mir103-2, Mir107, Mir10a, Mir122, Mir124-2hg, Mir1247, Mir124a-1, Mir124a-1hg, Mir124a-2, Mir124a-3, Mir125a, Mir125b-1, Mir125b-2, Mir127, Mir129, Mir129-1, Mir129-2, Mir133a-1, Mir133a-1hg, Mir133a-2, Mir133b, Mir134, Mir135a-1, Mir135a-2, Mir136, Mir137, Mir139, Mir140, Mir143, Mir144, Mir145b, Mir146, Mir150, Mir153, Mir154, Mir155, Mir15a, Mir17, Mir18, Mir181b-1, Mir181b-2, Mir182, Mir183, Mir184, Mir186, Mir188, Mir1896, Mir1934, Mir1954, Mir196a-1, Mir196a-2, Mir196b, Mir1a-1, Mir1a-2, Mir1b, Mir200a, Mir200b, Mir203, Mir204, Mir205, Mir205hg, Mir208a, Mir208b, Mir20a, Mir214, Mir216a, Mir216b, Mir217, Mir218, Mir218-1, Mir218-2, Mir219a-1, Mir219a-2, Mir21a, Mir21b, Mir21c, Mir221, Mir223, Mir23a, Mir23b, Mir24-1, Mir24-2, Mir25, Mir26a-1, Mir26a-2, Mir26b, Mir27a, Mir27b, Mir2861, Mir292, Mir293, Mir294, Mir295, Mir296, Mir29a, Mir29b-1, Mir29b-2, Mir29c, Mir301, Mir3065, Mir30a, Mir30b, Mir30c-1, Mir30c-2, Mir320, Mir324, Mir326, Mir33, Mir330, Mir338, Mir34a, Mir34b, Mir34c, Mir351, Mir370, Mir382, Mir3960, Mir409, Mir411, Mir423, Mir448, Mir449a, Mir449b, Mir449c, Mir450b, Mir451a, Mir451b, Mir452, Mir466, Mir466d, Mir466e, Mir466l, Mir470, Mir489, Mir494, Mir495, Mir499, Mir504, Mir505, Mir511, Mir539, Mir541, Mir543, Mir590, Mir664, Mir668, Mir669a-1, Mir669a-2, Mir669a-3, Mir669a-4, Mir669a-5, Mir669a-6, Mir675, Mir696, Mir7-1, Mir7-2, Mir702, Mir7116, Mir744, Mir7578, Mir7b, Mir873a, Mir874, Mir875, Mir883b, Mir9-1, Mir9-2, Mir9-3, Mir92-1, Mir92-2, Mir96, Mir98, Mirlet7a-1, Mirlet7a-2, Mirlet7b, Mirlet7c-1, Mirlet7c-2, Mirlet7e, Mirlet7g, Mis18a, Mitf, Mixl1, Mkks, Mknk1, Mknk2, Mkrn1, Mkrn2, Mkrn3, Mkx, Mlec, Mlf1, Mlf2, Mlh1, Mlh3, Mlip, Mllt1, Mllt10, Mllt11, Mllt3, Mllt6, Mlst8, Mlx, Mlxip, Mlxipl, Mmd, Mmd2, Mme, Mmel1, Mmp10, Mmp11, Mmp12, Mmp13, Mmp14, Mmp15, Mmp16, Mmp17, Mmp19, Mmp1a, Mmp1b, Mmp2, Mmp20, Mmp21, Mmp23, Mmp24, Mmp25, Mmp3, Mmp7, Mmp8, Mmp9, Mms19, Mms22l, Mn1, Mnat1, Mnd1, Mndal, Mnt, Mnx1, Mob1b, Mob2, Mocos, Mocs1, Mocs2, Mocs3, Mog, Mogs, Morc1, Morc2a, Morc2b, Morc3, Morf4l1, Morf4l2, Mos, Mosmo, Mospd1, Mov10, Mov10l1, Mpg, Mphosph10, Mphosph6, Mphosph8, Mpl, Mpnd, Mppe1, Mprip, Mpv17, Mpv17l2, Mr1, Mre11a, Mrgbp, Mrm1, Mrm2, Mrm3, Mrnip, Mrpl1, Mrpl10, Mrpl11, Mrpl12, Mrpl13, Mrpl14, Mrpl15, Mrpl16, Mrpl17, Mrpl18, Mrpl19, Mrpl2, Mrpl20, Mrpl21, Mrpl22, Mrpl23, Mrpl24, Mrpl27, Mrpl28, Mrpl3, Mrpl30, Mrpl32, Mrpl33, Mrpl34, Mrpl35, Mrpl36, Mrpl37, Mrpl38, Mrpl39, Mrpl4, Mrpl40, Mrpl41, Mrpl42, Mrpl43, Mrpl44, Mrpl45, Mrpl46, Mrpl47, Mrpl48, Mrpl49, Mrpl50, Mrpl51, Mrpl52, Mrpl53, Mrpl54, Mrpl55, Mrpl57, Mrpl58, Mrpl9, Mrps10, Mrps11, Mrps12, Mrps14, Mrps15, Mrps16, Mrps17, Mrps18a, Mrps18b, Mrps18c, Mrps2, Mrps21, Mrps22, Mrps23, Mrps24, Mrps25, Mrps26, Mrps27, Mrps28, Mrps30, Mrps31, Mrps33, Mrps34, Mrps35, Mrps5, Mrps6, Mrps7, Mrps9, Mrrf, Mrtfa, Mrtfb, Mrto4, Msantd1, Msc, Msgn1, Msh2, Msh3, Msh4, Msh5, Msh6, Msi1, Msi2, Msl1, Msl2, Msl3, Msn, Msr1, Msrb1, Msrb2, Msrb3, Mst1, Mst1r, Mstn, Msx1, Msx1os, Msx2, Msx3, mt-Rnr1, mt-Rnr2, mt-Ta, mt-Tc, mt-Td, mt-Te, mt-Tf, mt-Tg, mt-Th, mt-Ti, mt-Tk, mt-Tl1, mt-Tl2, mt-Tm, mt-Tn, mt-Tp, mt-Tq, mt-Tr, mt-Ts1, mt-Ts2, mt-Tt, mt-Tv, mt-Tw, mt-Ty, Mt3, Mta1, Mta2, Mta3, Mtbp, Mtdh, Mterf1a, Mterf1b, Mterf2, Mterf3, Mterf4, Mtf1, Mtf2, Mtfmt, Mtg1, Mtg2, Mtif2, Mtif3, Mtm1, Mtmr1, Mtmr2, Mtmr3, Mtmr4, Mtmr9, Mtnap1, Mto1, Mtor, Mtpap, Mtpn, Mtres1, Mtrex, Mtrf1, Mtrf1l, Mtrfr, Mttp, Mturn, Muc1, Muc16, Muc19, Mul1, Mup1, Mup11, Mup2, Mup3, Mup4, Mup5, Mus81, Musk, Mustn1, Mutyh, Mvb12a, Mvk, Mvp, Mxd1, Mxd3, Mxd4, Mxi1, Myadm, Myb, Mybbp1a, Mybl1, Mybl2, Myc, Mycbp, Mycbp2, Mycl, Mycn, Mycs, Myd88, Mydgf, Myef2, Myf5, Myf6, Myg1, Myh9, Myhas, Mylip, Mylk2, Mylk3, Mynn, Myo1c, Myo3a, Myo3b, Myocd, Myod1, Myog, Myom1, Myoparr, Myoz1, Myoz2, Mypop, Myrf, Myrfl, Mysm1, Myt1, Myt1l, Mzb1, Mzf1, n-TCgca40, n-THgtg2, n-THgtg3, n-THgtg5, n-THgtg8, n-TRtct5, n-TUtca2, N4bp1, N4bp2l2, N6amt1, Naa10, Naa11, Naa12, Naa15, Naa16, Naa20, Naa50, Naa60, Naa80, Naalad2, Naaladl1, Nab1, Nab2, Nabp1, Nabp2, Nacc1, Nacc2, Nae1, Naf1, Naglu, Nagpa, Naip5, Nampt, Nanog, Nanos1, Nanos2, Nanos3, Napsa, Nars1, Nars2, Nasp, Nat10, Nat8, Nat8b-ps, Nat8f1, Nat8f7, Nav3, Nbas, Nbdy, Nbn, Ncam1, Ncapg2, Ncbp1, Ncbp2, Ncbp3, Nccrp1, Nceh1, Nck1, Nck2, Nckap1l, Ncl, Ncoa1, Ncoa2, Ncoa3, Ncoa6, Ncoa7, Ncor1, Ncor2, Ncstn, Ndfip1, Ndfip2, Ndn, Ndp, Ndrg2, Ndst1, Ndst2, Ndst3, Ndst4, Ndufa13, Ndufab1, Ndufab1-ps, Ndufaf5, Ndufaf7, Ndufs4, Ndufs6, Necab1, Necab2, Necab3, Nedd4, Nedd4l, Nedd8, Nedd9, Neil1, Neil2, Neil3, Nek1, Nek10, Nek11, Nek2, Nek3, Nek4, Nek6, Nek7, Nelfa, Nelfb, Nelfcd, Nelfe, Nell1, Nemf, Neo1, Nepn, Neu2, Neu4, Neurl1a, Neurl1b, Neurl2, Neurl3, Neurl4, Neurod1, Neurod2, Neurod4, Neurod6, Neurog1, Neurog2, Neurog3, Nf1, Nf2, Nfam1, Nfat5, Nfatc1, Nfatc2, Nfatc2ip, Nfatc3, Nfatc4, Nfe2, Nfe2l1, Nfe2l2, Nfe2l3, Nfia, Nfib, Nfic, Nfil3, Nfilz, Nfix, Nfkb1, Nfkb2, Nfkbia, Nfkbid, Nfkbie, Nfkbil1, Nfkbiz, Nfrkb, Nfs1, Nfx1, Nfxl1, Nfya, Nfyb, Nfyc, Ngdn, Ngf, Ngfr, Ngly1, Ngrn, Nhej1, Nherf1, Nhlh1, Nhlh2, Nhlrc1, Nhlrc3, Nhp2, Niban1, Niban2, Nicol1, Nif3l1, Nim1k, Nipal3, Nipbl, Nkap, Nkapl, Nkd1, Nkd2, Nkrf, Nktr, Nkx1-1, Nkx1-2, Nkx2-1, Nkx2-2, Nkx2-2os, Nkx2-3, Nkx2-4, Nkx2-5, Nkx2-6, Nkx2-9, Nkx3-1, Nkx3-2, Nkx6-1, Nkx6-2, Nkx6-3, Nlgn2, Nlk, Nln, Nlrc3, Nlrc4, Nlrc5, Nlrp10, Nlrp12, Nlrp1a, Nlrp1b, Nlrp3, Nlrp5, Nlrp6, Nlrp9b, Nlrx1, Nmb, Nmbr, Nmd3, Nme1, Nme2, Nme3, Nmi, Nmnat1, Nmnat2, Nmt1, Nmt2, Nnmt, Nnt, Nob1, Nobox, Noc2l, Noc3l, Noct, Nod1, Nod2, Nodal, Nog, Nol10, Nol11, Nol3, Nol6, Nol7, Nol8, Nol9, Nolc1, Nono, Nop10, Nop14, Nop2, Nop53, Nop9, Norad, Nos1, Nos2, Nos3, Nosip, Nostrin, Notch1, Notch2, Notch3, Notch4, Noto, Notum, Nova1, Nova2, Nox1, Nox4, Npas1, Npas2, Npas3, Npas4, Npat, Npc1, Npc1l1, Npc2, Npepl1, Npepps, Nphs1, Nphs2, Nploc4, Npm1, Npm2, Npm3, Npnt, Nppa, Nppb, Nppc, Nptn, Nqo1, Nr0b1, Nr0b2, Nr1d1, Nr1d2, Nr1h2, Nr1h3, Nr1h4, Nr1h5, Nr1i2, Nr1i3, Nr2c1, Nr2c2, Nr2e1, Nr2e3, Nr2f1, Nr2f2, Nr2f6, Nr3c1, Nr3c2, Nr4a1, Nr4a2, Nr4a3, Nr5a1, Nr5a2, Nr6a1, Nrarp, Nras, Nrbf2, Nrdc, Nrde2, Nrf1, Nrg1, Nrip1, Nrip2, Nrip3, Nrl, Nron, Nrp1, Nrros, Nrxn1, Nsa2, Nscme3l, Nsd1, Nsd2, Nsd3, Nsf, Nsfl1c, Nsg1, Nsmce1, Nsmce2, Nsmce3, Nsmce4a, Nsrp1, Nsun2, Nsun3, Nsun4, Nsun5, Nsun6, Nt5c2, Ntan1, Ntaq1, Ntf3, Nthl1, Ntmt1, Ntmt2, Ntn3, Ntrk1, Ntrk2, Ntrk3, Nts, Ntsr1, Nuak1, Nuak2, Nub1, Nucb2, Nucks1, Nudc, Nudcd2, Nudcd3, Nudt1, Nudt12, Nudt15, Nudt16, Nudt16l1, Nudt16l2, Nudt21, Nudt3, Nudt5, Nufip1, Nuggc, Numbl, Nup107, Nup133, Nup153, Nup155, Nup160, Nup214, Nup62, Nup85, Nup88, Nup93, Nup98, Nupr1, Nupr2, Nus1, Nutf2, Nutf2-ps1, Nvl, Nwd1, Nxf1, Nxf2, Nxf3, Nxf7, Nxn, Nxt1, Nxt2, Nynrin, Oard1, Oas1a, Oas1b, Oas1c, Oas1d, Oas1e, Oas1f, Oas1g, Oas1h, Oas2, Oas3, Oaz1, Oaz2, Oaz3, Obi1, Obox1, Obox2, Obox3, Obox4, Obox5, Obox6, Obox7, Obox8, Obscn, Ocln, Odam, Odc1, Oga, Ogfod1, Ogg1, Ogt, Olfm1, Olig1, Olig2, Olig3, Olr1, Oma1, Onecut1, Onecut2, Onecut3, Ooep, Oog1, Oog2, Oog3, Oog4, Opa1, Ophn1, Oprd1, Optn, Orc1, Orc2, Orc3, Orc4, Orc5, Orc6, Ormdl1, Ormdl2, Ormdl3, Os9, Osbp, Osbpl7, Oscar, Osgep, Osgepl1, Osm, Osr1, Osr2, Ost4, Ostc, Otp, Otub1, Otub2, Otud1, Otud3, Otud4, Otud5, Otud6a, Otud6b, Otud7a, Otud7b, Otulin, Otx1, Otx2, Ovch2, Ovgp1, Ovol1, Ovol2, Ovol3, Oxa1l, Oxr1, Oxsr1, P2rx2, P2rx7, P2ry1, P2ry2, P3h1, P3h2, P3h3, P3h4, P4ha1, P4ha2, P4hb, Pa2g4, Pabir1, Pabpc1, Pabpc1l, Pabpc2, Pabpc4, Pabpn1, Pabpn1l, Pacsin3, Padi2, Padi4, Padi6, Paf1, Pagr1a, Paip1, Paip2, Paip2b, Pak1, Pak1ip1, Pak2, Pak3, Palb2, Pals1, Pam, Pam16, Pan2, Pan3, Pantr1, Pantr2, Panx1, Panx2, Panx3, Papola, Papolb, Papolg, Pappa, Pappa2, Paqr3, Paqr4, Pard3, Pard6a, Parg, Park7, Parl, Parn, Parp1, Parp10, Parp11, Parp12, Parp14, Parp16, Parp2, Parp3, Parp4, Parp6, Parp8, Parp9, Parpbp, Pars2, Pasd1, Pask, Pate6, Patl1, Patl2, Patz1, Paupar, Pawr, Pax1, Pax1dt, Pax2, Pax3, Pax4, Pax5, Pax6, Pax7, Pax8, Pax9, Paxbp1, Paxip1, Paxx, Pbk, Pbrm1, Pbx1, Pbx2, Pbx3, Pbx4, Pbxip1, Pcbd1, Pcbd2, Pcbp1, Pcbp2, Pcbp3, Pcbp4, Pcdh12, Pcdha9, Pcf11, Pcgf1, Pcgf2, Pcgf3, Pcgf5, Pcgf6, Pcid2, Pcif1, Pck1, Pclaf, Pcmt1, Pcmtd1, Pcmtd2, Pcna, Pcnp, Pcolce, Pcsk1, Pcsk1n, Pcsk2, Pcsk4, Pcsk5, Pcsk6, Pcsk7, Pcsk9, Pcx, Pcyox1, Pcyox1l, Pcyt1a, Pdcd10, Pdcd11, Pdcd1lg2, Pdcd4, Pdcd5, Pdcd5-ps, Pdcd6, Pdcd6ip, Pdcd7, Pdcl, Pdcl2, Pdcl3, Pde12, Pde2a, Pde3a, Pde4b, Pde4d, Pde5a, Pdf, Pdgfa, Pdgfb, Pdgfc, Pdgfd, Pdgfra, Pdgfrb, Pdia2, Pdia3, Pdia4, Pdia5, Pdilt, Pdk3, Pdlim1, Pdlim2, Pdp1, Pdrg1, Pds5a, Pds5b, Pdx1, Pdxp, Pdzrn3, Peak1, Pebp1, Pecam1, Pef1, Peg3, Peli1, Peli2, Peli3, Pelo, Pelp1, Pemt, Pepb, Pepc, Pepd, Per1, Per2, Per3, Perm1, Perp, Pes1, Pex1, Pex10, Pex12, Pex14, Pex19, Pex2, Pex5, Pex6, Pf4, Pfdn1, Pfdn2, Pfdn4, Pfdn5, Pfdn6, Pfkm, Pfn1, Pfn2, Pga5, Pgam5, Pgap1, Pgap2, Pgap3, Pgap4, Pgbd5, Pgc, Pgf, Pggt1b, Pgk1, Pglyrp1, Pglyrp2, Pglyrp3, Pglyrp4, Pgm1, Pgm2, Pgm3, Pgpep1, Pgpep1l, Pgr, Phactr1, Phax, Phb1, Phb2, Phc1, Phc2, Phc3, Pheta1, Pheta2, Phex, Phf1, Phf10, Phf12, Phf13, Phf14, Phf19, Phf2, Phf20, Phf20l1, Phf21a, Phf23, Phf3, Phf5a, Phf6, Phf8, Phgdh, Phip, Phka1, Phka2, Phkb, Phkg1, Phkg2, Phlda1, Phlda2, Phlpp1, Phlpp2, Phox2a, Phox2b, Phpt1, Phrf1, Pianp, Pias1, Pias2, Pias3, Pias4, Pibf1, Picalm, Pick1, Pid1, Pidd1, Pierce1, Pif1, Piga, Pigb, Pigc, Pigf, Pigg, Pigh, Pigk, Pigl, Pigm, Pign, Pigo, Pigp, Pigq, Pigs, Pigt, Pigu, Pigv, Pigw, Pigx, Pigyl, Pigz, Pih1d1, Pih1d2, Pik3c3, Pik3ca, Pik3cb, Pik3cd, Pik3cg, Pik3r1, Pik3r2, Pik3r3, Pik3r4, Pik3r5, Pik3r6, Pikfyve, Pim1, Pim2, Pim3, Pin1, Pin1rt1, Pin4, Pink1, Pinx1, Pip, Pip5kl1, Pirb, Pisd, Pithd1, Pitrm1, Pitx1, Pitx2, Pitx3, Piwil1, Piwil2, Piwil4, Pja1, Pja2, Pkd1, Pkd2, Pkdcc, Pkhd1, Pkia, Pkib, Pkig, Pkm, Pkn1, Pkn2, Pknox1, Pknox2, Pkp1, Pkp3, Pla2g10, Pla2g3, Pla2g6, Pla2r1, Plaa, Plac8, Plag1, Plagl1, Plagl2, Plat, Platr14, Platr25, Plau, Plaur, Plcb1, Plcg2, Pld1, Pld3, Pld4, Pld6, Plec, Plekha3, Plekhj1, Plekhn1, Plg, Plgrkt, Plk1, Plk2, Plk3, Plk4, Plod1, Plod2, Plod3, Plp1, Plpp3, Plpp6, Plrg1, Plscr1, Plxnb2, Pm20d1, Pm20d2, Pmaip1, Pmf1, Pmfbp1, Pml, Pmm1, Pmm2, Pmp22, Pmpca, Pmpcb, Pms1, Pms2, Pnkp, Pnldc1, Pnn, Pnp, Pnp2, Pnpt1, Pnrc1, Pnrc2, Pofut1, Pofut2, Pogk, Poglut1, Poglut2, Poglut3, Pogz, Pola1, Pola2, Polb, Pold1, Pold2, Pold3, Pold4, Poldip2, Poldip3, Pole, Pole2, Pole3, Pole4, Polg, Polg2, Polh, Poli, Polk, Poll, Polm, Poln, Polq, Polr1a, Polr1b, Polr1c, Polr1d, Polr1e, Polr1f, Polr1g, Polr1h, Polr2a, Polr2b, Polr2c, Polr2d, Polr2e, Polr2f, Polr2g, Polr2h, Polr2i, Polr2j, Polr2k, Polr2l, Polr2m, Polr3a, Polr3b, Polr3c, Polr3d, Polr3e, Polr3f, Polr3g, Polr3gl, Polr3h, Polr3k, Polrmt, Pomc, Pomgnt1, Pomgnt2, Pomk, Pomt1, Pomt2, Pop1, Pop4, Pop5, Pop7, Popdc1, Porcn, Postn, Pot1a, Pot1b, Potefam3a, Potefam3b, Pou1f1, Pou2af1, Pou2af2, Pou2af3, Pou2f1, Pou2f2, Pou2f3, Pou3f1, Pou3f2, Pou3f3, Pou3f4, Pou4f1, Pou4f2, Pou4f3, Pou5f1, Pou5f2, Pou6f1, Pou6f2, Ppan, Ppara, Ppard, Pparg, Ppargc1a, Ppargc1b, Ppef1, Ppef2, Pphln1, Ppia, Ppib, Ppic, Ppid, Ppie, Ppif, Ppig, Ppih, Ppihl, Ppil1, Ppil2, Ppil3, Ppil4, Ppl, Ppm1a, Ppm1b, Ppm1d, Ppm1e, Ppm1f, Ppm1g, Ppm1h, Ppm1j, Ppm1k, Ppm1l, Ppm1m, Ppm1n, Ppme1, Ppp1ca, Ppp1cb, Ppp1cc, Ppp1r10, Ppp1r11, Ppp1r12a, Ppp1r13l, Ppp1r15a, Ppp1r15b, Ppp1r1a, Ppp1r1b, Ppp1r2, Ppp1r3a, Ppp1r3b, Ppp1r3c, Ppp1r3d, Ppp1r3e, Ppp1r3f, Ppp1r3g, Ppp1r8, Ppp1r9b, Ppp2ca, Ppp2cb, Ppp2r1a, Ppp2r2a, Ppp2r3a, Ppp2r3c, Ppp2r3d, Ppp2r5a, Ppp2r5b, Ppp2r5c, Ppp2r5d, Ppp3ca, Ppp3cb, Ppp3cc, Ppp3r1, Ppp4c, Ppp4r2, Ppp4r3a, Ppp4r3b, Ppp4r3c1, Ppp4r3c2, Ppp5c, Ppp6c, Pprc1, Ppt1, Ppt2, Pptc7, Ppwd1, Pqbp1, Pramel1, Pramel11, Pramel12, Pramel13, Pramel14, Pramel15, Pramel16, Pramel17, Pramel18, Pramel19, Pramel20, Pramel21, Pramel22, Pramel23, Pramel24, Pramel25, Pramel26, Pramel27, Pramel28, Pramel29, Pramel30, Pramel31, Pramel32, Pramel33, Pramel35, Pramel36, Pramel37, Pramel38, Pramel40, Pramel41, Pramel42, Pramel43, Pramel44, Pramel45, Pramel46, Pramel47, Pramel48, Pramel5, Pramel51, Pramel53, Pramel55, Pramel6, Pramel60, Pramel7, Pramex1, Prcp, Prdm1, Prdm10, Prdm11, Prdm12, Prdm13, Prdm14, Prdm15, Prdm16, Prdm2, Prdm4, Prdm5, Prdm6, Prdm8, Prdm9, Prdx2, Prdx3, Prdx4, Prdx5, Prdx6, Prdx6b, Preb, Prelid1, Prep, Prepl, Prex1, Prex2, Prg2, Prg3, Prg4, Prickle1, Prim1, Prim2, Primpol, Prkaa1, Prkaa2, Prkab1, Prkaca, Prkacb, Prkag1, Prkag2, Prkag3, Prkar1a, Prkar1b, Prkca, Prkcb, Prkcd, Prkce, Prkcg, Prkch, Prkci, Prkcq, Prkcsh, Prkcz, Prkd1, Prkd2, Prkdc, Prkg1, Prkg2, Prkn, Prkra, Prkrip1, Prkx, Prl, Prl2c2, Prlr, Prmt1, Prmt2, Prmt3, Prmt5, Prmt6, Prmt7, Prmt8, Prmt9, Prnp, Proc, Proca1, Prom2, Prop1, Prorp, Prorsd1, Prox1, Prox2, Proz, Prpf18, Prpf19, Prpf3, Prpf31, Prpf38a, Prpf38b, Prpf39, Prpf4, Prpf40a, Prpf40b, Prpf4b, Prpf6, Prpf8, Prph2, Prr16, Prr5, Prr5l, Prr7, Prrt1, Prrx1, Prrx2, Prss1, Prss12, Prss16, Prss1l, Prss2, Prss21, Prss22, Prss23, Prss27, Prss28, Prss29, Prss3, Prss30, Prss32, Prss33, Prss34, Prss36, Prss37, Prss38, Prss39, Prss3b, Prss3l, Prss40, Prss41, Prss42, Prss43, Prss44, Prss45, Prss46, Prss48, Prss50, Prss51, Prss52, Prss53, Prss54, Prss55, Prss56, Prss57, Prss58, Prss59, Prss8, Prtn3, Prx, Psap, Psen1, Psen2, Psenen, Psg18, Psg22, Psg23, Psip1, Pskh1, Psma1, Psma2, Psma3, Psma4, Psma5, Psma6, Psma7, Psma8, Psmb1, Psmb10, Psmb11, Psmb2, Psmb3, Psmb4, Psmb5, Psmb6, Psmb7, Psmb8, Psmb9, Psmc1, Psmc2, Psmc3, Psmc3ip, Psmc4, Psmc5, Psmc6, Psmd1, Psmd10, Psmd11, Psmd13, Psmd14, Psmd2, Psmd3, Psmd4, Psmd6, Psmd7, Psmd8, Psmd9, Psme1, Psme2, Psme3, Psme3ip1, Psme4, Psmf1, Pspc1, Psrc1, Pstk, Ptafr, Ptbp1, Ptbp2, Ptbp3, Ptcd1, Ptcd2, Ptcd3, Ptch1, Pten, Ptf1a, Ptgds, Ptger2, Ptger3, Ptger4, Ptges2, Ptges3, Ptges3-ps, Ptges3l, Ptgfr, Ptgis, Ptgs2, Ptgs2os, Ptgs2os2, Pth, Pthlh, Ptk2, Ptk2b, Ptk6, Ptma, Ptms, Ptov1, Ptp4a3, Ptpa, Ptpmt1, Ptpn1, Ptpn11, Ptpn12, Ptpn13, Ptpn2, Ptpn22, Ptpn23, Ptpn3, Ptpn4, Ptpn5, Ptpn6, Ptpn7, Ptpn9, Ptpra, Ptprb, Ptprc, Ptprf, Ptprh, Ptprj, Ptprk, Ptprm, Ptprn, Ptpro, Ptprr, Ptprs, Ptprt, Ptpru, Ptprv, Ptprz1, Ptrh1, Ptrh2, Pttg1, Pttg1ip, Ptx3, Puf60, Pum1, Pum2, Pum3, Pura, Purb, Purg, Pus1, Pus10, Pus3, Pus7, Pus7l, Pusl1, Pvalb, Pwp1, Pwp2, Pwwp2a, Pwwp2b, Pwwp3a, Pxn, Pxylp1, Pycard, Pygb, Pygl, Pygm, Pygo1, Pym1, Pyurf, Qars1, Qki, Qng1, Qpct, Qpctl, Qrich1, Qrich2, Qrsl1, Qsox1, Qsox2, Qtrt1, Qtrt2, Rab11b, Rab12, Rab1a, Rab1b, Rab23, Rab27a, Rab29, Rab2b, Rab3b, Rab3d, Rab3gap1, Rab3gap2, Rab40b, Rab40c, Rab6a, Rab7, Rab7b, Rabgef1, Rabggta, Rabggtb, Rabl3, Rac1, Rack1, Rad1, Rad17, Rad18, Rad21, Rad21l, Rad23a, Rad23b, Rad50, Rad51, Rad51ap1, Rad51b, Rad51c, Rad51d, Rad52, Rad54b, Rad54l, Rad54l2, Rad9a, Rad9b, Radx, Raet1b, Raf1, Rag1, Rag2, Rai1, Ralb, Ralbp1, Ralgapa1, Raly, Ramac, Ramp1, Ramp2, Ramp3, Ranbp2, Ranbp9, Rangap1, Rap1a, Rap1gds1, Rap2a, Rap2b, Rap2c, Rapgef2, Rapgef3, Rara, Rarb, Rarg, Rarres2, Rars1, Rars2, Rasa1, Rasal2, Rasd1, Rasd2, Rasgrp1, Rasip1, Rasl11a, Rassf1, Rassf2, Rassf5, Rax, Rb1, Rb1cc1, Rbak, Rbbp4, Rbbp5, Rbbp6, Rbbp7, Rbbp8, Rbbp9, Rbck1, Rbfa, Rbfox1, Rbfox2, Rbfox3, Rbl1, Rbl2, Rbm10, Rbm11, Rbm12, Rbm12b1, Rbm12b2, Rbm14, Rbm15, Rbm15b, Rbm17, Rbm20, Rbm22, Rbm24, Rbm25, Rbm28, Rbm3, Rbm31y, Rbm33, Rbm34, Rbm38, Rbm39, Rbm4, Rbm41, Rbm42, Rbm44, Rbm46, Rbm47, Rbm48, Rbm4b, Rbm5, Rbm6, Rbm7, Rbm8a, Rbm8a2, Rbms1, Rbms3, Rbmx, Rbmx2, Rbmxl1, Rbmxl2, Rbmy, Rbmyf1, Rbmyf3, Rbmyf6, Rbmyf9, Rbp3, Rbp4, Rbpj, Rbpjl, Rbpms, Rbpms2, Rbx1, Rbx1-ps, Rc3h1, Rc3h2, Rcc1l, Rce1, Rchy1, Rcl1, Rcn3, Rcor1, Rcor2, Rcor3, Rdx, Rec114, Rec8, Reck, Recql, Recql4, Recql5, Reg1, Reg3b, Rel, Rela, Relb, Reln, Ren1, Ren2, Reno1, Rep15, Repin1, Rere, Resf1, Rest, Ret, Rev1, Rev3l, Rex2, Rexo1, Rexo2, Rexo4, Rexo5, Rfc1, Rfc2, Rfc3, Rfc4, Rfc5, Rffl, Rfpl4, Rft1, Rftn1, Rfwd3, Rfx1, Rfx2, Rfx3, Rfx4, Rfx5, Rfx6, Rfx7, Rfx8, Rfxank, Rfxap, Rgcc, Rgma, Rgmb, Rgn, Rgp1, Rgs14, Rgs2, Rhbdd1, Rhbdd3, Rhbdf1, Rhbdf2, Rhbdl1, Rhbdl2, Rhbdl3, Rhebl1, Rhno1, Rho, Rhoa, Rhobtb3, Rhog, Rhoq, Rhox1, Rhox10, Rhox11, Rhox12, Rhox13, Rhox2a, Rhox2b, Rhox2c, Rhox2d, Rhox2f, Rhox2g, Rhox2h, Rhox3a, Rhox3c, Rhox3f, Rhox3g, Rhox3h, Rhox4a, Rhox4b, Rhox4c, Rhox4d, Rhox4e, Rhox4f, Rhox4g, Rhox5, Rhox6, Rhox7a, Rhox7b, Rhox8, Rhox9, Ric1, Ric3, Ric8a, Ric8b, Rictor, Rida, Rif1, Rigi, Rilp, Rimkla, Rimklb, Rims1, Rims2, Ring1, Riok1, Riok2, Riok3, Riox1, Riox2, Ripk1, Ripk2, Ripk3, Ripk4, Ripply1, Ripply2, Ripply3, Rit2, Rlf, Rlig1, Rlim, Rmi1, Rmi2, Rmnd1, Rmnd5a, Rmnd5b, Rnaseh1, Rnaseh2a, Rnaseh2b, Rnaseh2c, Rnasel, Rnaset2a, Rnaset2b, Rnf10, Rnf103, Rnf11, Rnf111, Rnf112, Rnf113a1, Rnf113a2, Rnf114, Rnf115, Rnf121, Rnf122, Rnf123, Rnf125, Rnf126, Rnf128, Rnf13, Rnf130, Rnf133, Rnf135, Rnf138, Rnf138rt1, Rnf139, Rnf14, Rnf141, Rnf144a, Rnf144b, Rnf145, Rnf146, Rnf148, Rnf149, Rnf150, Rnf152, Rnf157, Rnf166, Rnf167, Rnf168, Rnf169, Rnf170, Rnf180, Rnf181, Rnf182, Rnf183, Rnf185, Rnf186, Rnf187, Rnf19a, Rnf19b, Rnf2, Rnf20, Rnf207, Rnf208, Rnf212, Rnf212b, Rnf213, Rnf215, Rnf216, Rnf217, Rnf220, Rnf223, Rnf225, Rnf227, Rnf25, Rnf26, Rnf26rt, Rnf31, Rnf34, Rnf38, Rnf4, Rnf40, Rnf41, Rnf43, Rnf44, Rnf5, Rnf6, Rnf7, Rnf7l, Rnf8, Rnft1, Rnft2, Rngtt, Rnmt, Rnpc3, Rnpep, Rnpepl1, Rnps1, Rnu11, Rnu12, Rnu2-10, Rnu7, Rny1, Rny3, Ro60, Robo1, Rock1, Rock2, Rogdi, Rom1, Ropn1, Ropn1l, Ror1, Ror2, Rora, Rorb, Rorc, Ros1, Rp9, Rpa1, Rpa2, Rpa3, Rpain, Rpap1, Rpap2, Rpf1, Rpf2, Rpgr, Rpl10, Rpl10-ps3, Rpl10a, Rpl10l, Rpl11, Rpl12, Rpl13, Rpl13a, Rpl14, Rpl15, Rpl17, Rpl18, Rpl18a, Rpl19, Rpl21, Rpl22, Rpl22l1, Rpl23, Rpl23a, Rpl24, Rpl26, Rpl27, Rpl27a, Rpl27rt, Rpl28, Rpl29, Rpl3, Rpl30, Rpl31, Rpl32, Rpl32l, Rpl34, Rpl35, Rpl35a, Rpl36, Rpl36-ps12, Rpl36a, Rpl37, Rpl37a, Rpl38, Rpl39, Rpl39l, Rpl3l, Rpl4, Rpl41, Rpl5, Rpl6, Rpl6l, Rpl7, Rpl7a, Rpl7l1, Rpl8, Rpl9, Rpl9-ps6, Rplp0, Rplp1, Rplp1rt, Rplp2, Rpn1, Rpn2, Rpp14, Rpp21, Rpp25, Rpp25l, Rpp30, Rpp38, Rpp40, Rprd1a, Rprd1b, Rprd2, Rps10, Rps11, Rps12, Rps13, Rps14, Rps15, Rps15a, Rps16, Rps17, Rps18, Rps19, Rps2, Rps20, Rps21, Rps23, Rps23rg1, Rps24, Rps25, Rps26, Rps27, Rps27a, Rps27l, Rps27rt, Rps28, Rps29, Rps3, Rps3a1, Rps4x, Rps5, Rps6, Rps6-ps4, Rps6ka1, Rps6ka2, Rps6ka3, Rps6ka4, Rps6ka5, Rps6kb1, Rps6kb2, Rps7, Rps8, Rps9, Rpsa, Rptor, Rpusd1, Rpusd2, Rpusd3, Rpusd4, Rreb1, Rrm1, Rrm2b, Rrn3, Rrp1, Rrp15, Rrp1b, Rrp36, Rrp7a, Rrp8, Rrp9, Rrs1, Rsad2, Rsf1, Rsl1, Rsl24d1, Rslcan18, Rspo1, Rspry1, Rsrc1, Rsrp1, Rtca, Rtcb, Rtel1, Rtf1, Rtf2, Rtkn2, Rtl1, Rtn1, Rtn2, Rtn3, Rtn4, Rtraf, Rubcnl, Runx1, Runx1t1, Runx2, Runx3, Rusc1, Ruvbl1, Ruvbl2, Rwdd1, Rwdd3, Rxra, Rxrb, Rxrg, Rxylt1, Rybp, Rybp-ps, S100a1, S100a10, S100a13, S100a7a, S100a8, S100a9, S100b, S1pr1, S1pr2, S1pr3, Saa3, Sae1, Safb, Safb2, Sall1, Sall2, Sall3, Sall4, Samd1, Samd11, Samd4, Samd4b, Samd7, Samd8, Samd9l, Samhd1, Samsn1, Sanbr, Sap130, Sap18, Sap18b, Sap25, Sap30, Sap30bp, Sap30l, Sarnp, Sars1, Sars2, Sart1, Sart3, Sash1, Sash3, Satb1, Satb2, Sav1, Saysd1, Sbds, Sbno1, Sbno2, Scaf1, Scaf11, Scaf4, Scaf8, Scai, Scamp5, Scand1, Scart2, Scg5, Scgb1a1, Scimp, Scmh1, Scml2, Scml4, Scn2b, Scnm1, Scnn1b, Sco1, Scpep1, Scrib, Scrn1, Scrn2, Scrn3, Scrt1, Scrt2, Scx, Sdcbp, Sde2, Sdf2, Sdf2l1, Sdhaf2, Sdr16c5, Sec1, Sec11a, Sec11c, Sec16b, Sec22b, Sec61b, Sec61bl, Secisbp2, Seh1l, Sel1l, Sel1l2, Selenof, Selenok, Selenoo, Selenos, Sem1, Sema4d, Sema7a, Semp2l1, Semp2l2a, Semp2l2b, Senp1, Senp2, Senp3, Senp5, Senp6, Senp7, Senp8, Sepsecs, Septin3, Septin4, Serbp1, Serf1, Serp1, Serpina1a, Serpina1b, Serpina5, Serpinb10, Serpinb11, Serpinb12, Serpinb13, Serpinb1a, Serpinb1b, Serpinb1c, Serpinb2, Serpinb3a, Serpinb3b, Serpinb3c, Serpinb3d, Serpinb5, Serpinb6a, Serpinb6b, Serpinb6c, Serpinb6d, Serpinb6e, Serpinb7, Serpinb8, Serpinb9, Serpinb9b, Serpinb9c, Serpinb9d, Serpinb9e, Serpinb9f, Serpinb9g, Serpinb9h, Serpind1, Serpine1, Serpine2, Serpine3, Serpinf1, Serpinf2, Serping1, Serpinh1, Serpini1, Serpini2, Sertad1, Sertad2, Sertad3, Sesn2, Setbp1, Setd1a, Setd2, Setd3, Setd4, Setd5, Setd6, Setd7, Setdb1, Setdb2, Setmar, Setx, Sez6, Sez6l, Sez6l2, Sf1, Sf3a1, Sf3a2, Sf3a3, Sf3b1, Sf3b2, Sf3b3, Sf3b4, Sf3b5, Sf3b6, Sfmbt1, Sfmbt2, Sfn, Sfpq, Sfr1, Sfrp1, Sfrp2, Sfrp4, Sfrp5, Sfswap, Sftpd, Sgcb, Sgcg, Sgf29, Sgk1, Sgms1, Sgms1os1, Sgsh, Sgsm1, Sgsm3, Sgta, Sh2b1, Sh2d1b1, Sh2d1b2, Sh3bgrl, Sh3bp5, Sh3d19, Sh3gl2, Sh3glb1, Sh3pxd2b, Sh3rf1, Sh3rf2, Sh3rf3, Shank3, Sharpin, Shb, Shc1, Shc4, Shfl, Shh, Shld1, Shld2, Shld3, Shmt1, Shmt2, Shoc1, Shox2, Shprh, Siah1a, Siah1b, Siah2, Siah3, Sidt2, Sigirr, Siglec1, Siglecg, Sik1, Sik2, Sik3, Sim1, Sim2, Sin3a, Sin3b, Sinhcaf, Sirpa, Sirt1, Sirt2, Sirt3, Sirt4, Sirt5, Sirt6, Sirt7, Siva1, Six1, Six2, Six3, Six4, Six5, Six6, Skap1, Ski, Skic2, Skic3, Skic8, Skil, Skint1, Skint10, Skint11, Skint2, Skint3, Skint4, Skint5, Skint6, Skint7, Skint8, Skint9, Skor1, Skor2, Skp1, Skp2, Sla2, Slamf1, Slamf6, Slamf9, Slbp, Slc10a7, Slc11a1, Slc12a3, Slc15a4, Slc17a9, Slc1a1, Slc22a2, Slc24a3, Slc24a4, Slc25a26, Slc25a33, Slc25a37, Slc26a9, Slc2a10, Slc2a13, Slc2a4, Slc30a5, Slc30a8, Slc30a9, Slc34a1, Slc35a4, Slc35b2, Slc35b3, Slc35c1, Slc35c2, Slc35d1, Slc35d2, Slc37a4, Slc38a2, Slc38a3, Slc39a5, Slc39a8, Slc3a1, Slc40a1, Slc4a10, Slc4a5, Slc51b, Slc6a17, Slc6a4, Slc6a7, Slc6a8, Slc6a9, Slc7a5, Slc8a1, Slc8a2, Slc8a3, Slc9a1, Slco3a1, Slf1, Slf2, Slfn1, Slfn14, Slfn2, Slfn8, Slfn9, Slirp, Slit2, Slit3, Slitrk1, Slk, Sltm, Slu7, Slx, Slx1b, Slx4, Slx9, Slxl1, Sly, Smad1, Smad2, Smad3, Smad4, Smad5, Smad6, Smad7, Smad9, Smarca1, Smarca2, Smarca4, Smarca5, Smarcad1, Smarcal1, Smarcb1, Smarcc1, Smarcc2, Smarcd1, Smarcd2, Smarcd3, Smarce1, Smc1a, Smc2, Smc3, Smc4, Smc5, Smc6, Smchd1, Smcr8, Smg1, Smg5, Smg6, Smg7, Smg8, Smg9, Smn1, Smndc1, Smo, Smoc2, Smok1, Smok2b, Smpd1, Smpd3, Smtnl1, Smu1, Smug1, Smurf1, Smurf2, Smyd1, Smyd2, Smyd3, Smyd5, Snai1, Snai2, Snai3, Snapc1, Snapc2, Snapc3, Snapc4, Snapc5, Snapin, Snca, Snd1, Snf8, Snhg15, Snhg17, Snhg20, Snip1, Snrk, Snrnp200, Snrnp25, Snrnp27, Snrnp35, Snrnp40, Snrnp48, Snrnp70, Snrpa, Snrpa1, Snrpb, Snrpb2, Snrpc, Snrpd1, Snrpd2, Snrpd3, Snrpe, Snrpert, Snrpf, Snrpg, Snrpn, Snta1, Snu13, Snw1, Snx1, Snx12, Snx16, Snx25, Snx3, Snx33, Snx5, Snx6, Snx9, Soat1, Socs1, Socs2, Socs3, Socs4, Socs5, Socs6, Socs7, Sod1, Sod2, Sohlh1, Sohlh2, Son, Sorbs1, Sorbs3, Sorl1, Sort1, Sos1, Sost, Sox1, Sox10, Sox11, Sox12, Sox13, Sox14, Sox15, Sox17, Sox18, Sox2, Sox21, Sox3, Sox30, Sox4, Sox5, Sox6, Sox7, Sox8, Sox9, Sp1, Sp100, Sp110, Sp140, Sp140l1, Sp140l2, Sp2, Sp3, Sp4, Sp5, Sp6, Sp7, Sp8, Sp9, Spag11a, Spag8, Spag9, Spam1, Spata18, Spata2, Spata22, Spatc1l, Spcs1, Spcs2, Spcs3, Spdef, Spdya, Spdye4a, Spen, Spg11, Spg21, Spg7, Sphk1, Sphk2, Spi1, Spib, Spic, Spidr, Spin1, Spin2c, Spin2d, Spin2e, Spin2g, Spin2h, Spin4, Spindoc, Spink1, Spink12, Spink2, Spink5, Spink6, Spink7, Spire1, Spire2, Spn, Spo11, Spocd1, Spock1, Spock3, Spon1, Spon2, Spop, Spopfm2, Spopfm3, Spopl, Spout1, Spp1, Sppl2a, Sppl2b, Sppl2c, Sppl3, Spred1, Spred2, Sprr1a, Sprtn, Spry1, Spry2, Spry4, Spsb1, Spsb2, Spsb3, Spsb4, Sptbn1, Sptbn4, Spty2d1, Spx, Spz1, Sqstm1, Sra1, Srbd1, Src, Srcin1, Srd5a3, Srebf1, Srebf2, Srek1, Srek1ip1, Srf, Srfbp1, Srgn, Srms, Srp9, Srpk1, Srpk2, Srpk3, Srrm1, Srrm2, Srrm4, Srrt, Srsf1, Srsf10, Srsf12, Srsf19, Srsf2, Srsf3, Srsf4, Srsf5, Srsf6, Srsf7, Srsf9, Sry, Ss18, Ss18l1, Ssb, Ssbp1, Ssbp2, Ssbp3, Ssbp4, Ssc5d, Ssh1, Ssh2, Ssh3, Ssrp1, Ssty1, Ssty2, Ssu72, Ssxa1, St13, St14, St18, St3gal1, St3gal2, St3gal3, St3gal4, St3gal5, St3gal6, St6gal1, St6gal2, St6galnac1, St6galnac2, St6galnac3, St6galnac4, St6galnac5, St6galnac6, St8sia1, St8sia2, St8sia3, St8sia4, St8sia5, St8sia6, Stab2, Stam, Stambp, Stambpl1, Stap1, Star, Stard7, Stat1, Stat2, Stat3, Stat4, Stat5a, Stat5b, Stat6, Stbd1, Stc2, Stfa1, Stfa2, Stfa2l1, Stfa3, Stil, Sting1, Stk10, Stk11, Stk16, Stk17b, Stk24, Stk25, Stk26, Stk3, Stk31, Stk33, Stk36, Stk38, Stk38l, Stk39, Stk4, Stk40, Stmp1, Stn1, Stoml2, Stox1, Stox2, Stpg4, Stra8, Strada, Stradb, Strap, Strm, Strn3, Stt3a, Stt3b, Stub1, Stx1a, Stx1b, Stx3, Stx4a, Stx5a, Styx, Styx-ps, Sub1, Sucnr1, Suds3, Sufu, Sugp1, Sugp2, Sulf1, Sulf2, Sumf1, Sumf2, Sumo1, Sumo2, Sumo3, Supt16, Supt20, Supt3, Supt4a, Supt4b, Supt5, Supt6, Supt7l, Supv3l1, Suv39h1, Suv39h2, Suz12, Sva, Sval1, Sval2, Sval3, Svbp, Svep1, Svip, Swap70, Swi5, Swsap1, Syap1, Syce3, Sycp1, Sycp3, Syf2, Syk, Sympk, Syncrip, Synpo2, Syt11, Syvn1, T, Tab1, Tab2, Tacc1, Taco1, Tada1, Tada2a, Tada2b, Tada3, Taf1, Taf10, Taf11, Taf12, Taf13, Taf15, Taf1a, Taf1b, Taf1c, Taf1d, Taf2, Taf3, Taf4, Taf4b, Taf5, Taf5l, Taf6, Taf6l, Taf7, Taf7l, Taf8, Taf9, Taf9b, Tagln3, Tal1, Tal2, Tank, Taok1, Taok3, Tapbp, Tarbp1, Tarbp2, Tardbp, Tarm1, Tars1, Tars2, Tars3, Tasor, Tasor2, Tasp1, Tax1bp1, Tbc1d10a, Tbc1d16, Tbc1d23, Tbc1d24, Tbc1d7, Tbca, Tbcb, Tbcc, Tbcd, Tbce, Tbcel, Tbk1, Tbl1x, Tbl1xr1, Tbl3, Tbp, Tbpl1, Tbpl2, Tbr1, Tbrg1, Tbrg4, Tbx1, Tbx10, Tbx15, Tbx18, Tbx19, Tbx2, Tbx20, Tbx21, Tbx22, Tbx3, Tbx4, Tbx5, Tbx6, Tcea1, Tcea2, Tcea3, Tceal7, Tceanc, Tceanc2, Tcerg1, Tcf12, Tcf15, Tcf19, Tcf20, Tcf21, Tcf23, Tcf24, Tcf25, Tcf3, Tcf4, Tcf7, Tcf7l1, Tcf7l2, Tcfl5, Tcim, Tcirg1, Tcl1, Tcof1, Tcp1, Tcp10a, Tcp10b, Tcp10c, Tcrb, Tdg, Tdg-ps, Tdp1, Tdp2, Tdpoz1, Tdpoz2, Tdpoz3, Tdpoz4, Tdpoz5, Tdpoz8, Tdpoz9, Tdrd1, Tdrd12, Tdrd3, Tdrd5, Tdrd6, Tdrd7, Tdrd9, Tdrkh, Tead1, Tead2, Tead3, Tead4, Tef, Tefm, Tek, Telo2, Ten1, Tenm1, Tenm2, Tent2, Tent4a, Tent4b, Tent5a, Tent5b, Tent5c, Tent5d, Tep1, Terb1, Terb2, Terc, Terf1, Terf2, Terf2ip, Tert, Tes3-ps, Tesc, Tescl, Tesk1, Tesk2, Tesmin, Tet1, Tet2, Tet3, Tex11, Tex12, Tex15, Tex19.1, Tex19.2, Tex24, Tex264, Tfam, Tfap2a, Tfap2b, Tfap2c, Tfap2d, Tfap2e, Tfap4, Tfb1m, Tfb2m, Tfcp2, Tfcp2l1, Tfdp1, Tfdp2, Tfe3, Tfeb, Tfec, Tfip11, Tfpt, Tfr2, Tfrc, Tgfa, Tgfb1, Tgfb1i1, Tgfb2, Tgfb3, Tgfbr1, Tgfbr2, Tgfbr3, Tgfbrap1, Tgif1, Tgif2, Tgm1, Tgm2, Tgm3, Tgs1, Thada, Thap1, Thap11, Thap3, Thap7, Thbs1, Thbs4, Thg1l, Thoc1, Thoc2, Thoc2l, Thoc3, Thoc5, Thoc6, Thoc7, Thop1, Thpo, Thra, Thrap3, Thrb, Thumpd1, Thumpd2, Thumpd3, Thy1, Tia1, Tial1, Ticam1, Ticam2, Ticrr, Tifab, Tigar, Tigit, Timeless, Timm17a, Timm23, Timm50, Timp1, Timp2, Timp3, Timp4, Tinagl1, Tinf2, Tiparp, Tipin, Tirap, Tk1, Tk2, Tle1, Tle2, Tle3, Tle4, Tle5, Tle6, Tlk1, Tlk2, Tll1, Tll2, Tlr1, Tlr2, Tlr3, Tlr4, Tlr5, Tlr6, Tlr7, Tlr8, Tlr9, Tlx1, Tlx2, Tlx3, Tm4sf20, Tm9sf2, Tm9sf5, Tmbim6, Tmcc2, Tmed10, Tmed10-ps, Tmed2, Tmeff2, Tmem102, Tmem106a, Tmem106b, Tmem107, Tmem119, Tmem126a, Tmem129, Tmem132a, Tmem135, Tmem161a, Tmem165, Tmem168, Tmem199, Tmem208, Tmem258, Tmem259, Tmem260, Tmem41b, Tmem59, Tmem67, Tmem9, Tmem98, Tmf1, Tmigd3, Tmpo, Tmprss11a, Tmprss11b, Tmprss11c, Tmprss11d, Tmprss11e, Tmprss11f, Tmprss11g, Tmprss12, Tmprss13, Tmprss15, Tmprss2, Tmprss3, Tmprss4, Tmprss5, Tmprss6, Tmprss7, Tmprss9, Tmsb4x, Tmt1a, Tmt1a2, Tmt1a3, Tmtc1, Tmtc2, Tmtc3, Tmtc4, Tmub1, Tmub2, Tmx1, Tnc, Tnf, Tnfaip1, Tnfaip3, Tnfaip6, Tnfaip8, Tnfrsf11a, Tnfrsf13c, Tnfrsf14, Tnfrsf18, Tnfrsf1a, Tnfrsf1b, Tnfrsf21, Tnfrsf4, Tnfrsf8, Tnfsf11, Tnfsf12, Tnfsf13, Tnfsf13b, Tnfsf15, Tnfsf18, Tnfsf4, Tnfsf8, Tnfsf9, Tnik, Tnip1, Tnip2, Tnip3, Tnk1, Tnk2, Tnks, Tnks1bp1, Tnks2, Tnni2, Tnp1, Tnp2, Tnrc6a, Tnrc6b, Tnrc6c, Tns2, Tob1, Tob2, Toe1, Tollip, Tom1l1, Tomm70a, Tonsl, Top1, Top1mt, Top2a, Top2b, Top3a, Top3b, Top6bl, Topaz1, Topbp1, Topors, Toporsl, Tor1a, Tor1b, Tor2a, Tox, Tox2, Tox3, Tox4, Tpd52l1, Tpgs1, Tpp1, Tpp2, Tppp, Tpr, Tprkb, Tpsab1, Tpsb2, Tpsg1, Tpst1, Tpst2, Tpx2, Tra2a, Tra2b, Trabd2b, Tradd, Traf1, Traf2, Traf3, Traf3ip1, Traf3ip2, Traf3ip3, Traf4, Traf5, Traf6, Traf7, Traip, Trak2, Trap1, Trappc2, Trappc9, Trat1, Trdmt1, Trem1, Trem2, Trem3, Trerf1, Trex1, Trex2, Trf, Trhde, Triap1, Trib1, Trib2, Trib3, Tril, Trim11, Trim12a, Trim12c, Trim13, Trim14, Trim15, Trim17, Trim2, Trim21, Trim23, Trim24, Trim25, Trim26, Trim27, Trim28, Trim29, Trim3, Trim30a, Trim30b, Trim30c, Trim30d, Trim31, Trim32, Trim33, Trim34a, Trim34b, Trim35, Trim37, Trim38, Trim39, Trim40, Trim41, Trim43a, Trim43b, Trim43c, Trim44, Trim45, Trim47, Trim5, Trim52, Trim55, Trim56, Trim58, Trim59, Trim6, Trim60, Trim61, Trim62, Trim63, Trim65, Trim66, Trim67, Trim68, Trim69, Trim7, Trim71, Trim72, Trim75, Trim8, Trim9, Triml1, Trip11, Trip12, Trip13, Trip4, Trir, Trit1, Trmo, Trmt1, Trmt10a, Trmt10b, Trmt10c, Trmt11, Trmt112, Trmt12, Trmt13, Trmt1l, Trmt2a, Trmt2b, Trmt44, Trmt5, Trmt6, Trmt61a, Trmt9b, Trmu, Trnau1ap, Trnt1, Tro, Trp53, Trp53bp1, Trp53cor1, Trp53inp1, Trp53inp2, Trp53rka, Trp53rkb, Trp63, Trp73, Trpc2, Trpc4ap, Trpc5, Trpc6, Trpm4, Trpm7, Trps1, Trpt1, Trpv1, Trpv4, Trrap, Trub1, Trub2, Try10, Try4, Try5, Tsacc, Tsc1, Tsc2, Tsc22d1, Tsc22d2, Tsc22d3, Tsc22d4, Tsen15, Tsen2, Tsen34, Tsen54, Tsfm, Tsg101, Tshz1, Tshz2, Tshz3, Tsix, Tsku, Tslp, Tsn, Tsnax, Tspan10, Tspan14, Tspan15, Tspan17, Tspan33, Tspan5, Tspan8, Tspan9, Tspo, Tspyl2, Tspyl5, Tsr1, Tsr2, Tsr3, Tssc4, Tssk1, Tssk2, Tssk3, Tssk4, Tssk5, Tssk6, Ttbk1, Ttbk2, Ttc21b, Ttc3, Ttc36, Ttc39aos1, Ttc4, Ttc5, Ttf1, Ttf2, Ttk, Ttl, Ttll1, Ttll10, Ttll11, Ttll12, Ttll13, Ttll2, Ttll3, Ttll4, Ttll5, Ttll6, Ttll7, Ttll8, Ttll9, Ttn, Ttyh1, Tuba1a, Tufm, Tug1, Tulp4, Tunar, Tusc2, Tusc3, Tut1, Tut4, Tut7, Twist1, Twist2, Twnk, Twsg1, Txk, Txn1, Txndc5, Txnip, Txnl4a, Txnl4b, Tyk2, Tyms, Tyro3, Tyrobp, Tysnd1, Tyw1, Tyw3, Tyw5, U2af1, U2af1l4, U2af2, U2surp, Uaca, Uap1, Uba1, Uba1y, Uba2, Uba3, Uba5, Uba52, Uba6, Uba7, Ubac1, Ubac2, Ubap1, Ubap1l, Ubash3a, Ubash3b, Ubb, Ubc, Ubd, Ube2a, Ube2b, Ube2c, Ube2d1, Ube2d2a, Ube2d2b, Ube2d3, Ube2d4, Ube2dnl1, Ube2dnl2, Ube2e1, Ube2e2, Ube2e3, Ube2f, Ube2frt, Ube2g1, Ube2g2, Ube2h, Ube2i, Ube2j1, Ube2j2, Ube2k, Ube2l3, Ube2l6, Ube2m, Ube2n, Ube2o, Ube2q1, Ube2q2, Ube2q2l, Ube2ql1, Ube2r2, Ube2s, Ube2srt, Ube2t, Ube2u, Ube2v1, Ube2v2, Ube2w, Ube2z, Ube3a, Ube3b, Ube3c, Ube3d, Ube4a, Ube4b, Ubl4a, Ubl5, Ubl5b, Ubl7, Ublcp1, Ubox5, Ubp1, Ubqln1, Ubqln2, Ubqln3, Ubqln4, Ubqln5, Ubqlnl, Ubr1, Ubr2, Ubr3, Ubr4, Ubr5, Ubr7, Ubtf, Ubtfl1, Ubxn1, Ubxn10, Ubxn11, Ubxn2a, Ubxn2b, Ubxn4, Ubxn6, Ubxn7, Ubxn8, Uchl1, Uchl1os, Uchl3, Uchl4, Uchl5, Ucn, Ucn2, Ucp1, Uevld, Ufc1, Ufd1, Ufl1, Ufm1, Ufsp1, Ufsp2, Ugcg, Ugdh, Uggt1, Uggt2, Ugp2, Uhmk1, Uhrf1, Uhrf2, Uimc1, Ulbp1, Ulk1, Ulk2, Ulk3, Ulk4, Umod, Umodl1, Unc119, Unc13a, Unc45a, Unc45b, Unc93b1, Uncx, Ung, Unk, Unkl, Upf1, Upf2, Upf3a, Upf3b, Upk3b, Uqcc2, Uqcrc2, Urb1, Uri1, Urm1, Usb1, Usf1, Usf2, Usf3, Usp1, Usp10, Usp11, Usp12, Usp13, Usp14, Usp15, Usp16, Usp17la, Usp17lb, Usp17lc, Usp17ld, Usp17le, Usp18, Usp19, Usp2, Usp20, Usp21, Usp22, Usp24, Usp25, Usp26, Usp27x, Usp28, Usp29, Usp3, Usp30, Usp32, Usp33, Usp34, Usp36, Usp37, Usp38, Usp39, Usp4, Usp40, Usp42, Usp43, Usp44, Usp45, Usp46, Usp47, Usp48, Usp49, Usp5, Usp50, Usp51, Usp54, Usp7, Usp8, Usp9x, Usp9y, Uspl1, Utf1, Utp11, Utp14a, Utp14b, Utp15, Utp18, Utp20, Utp23, Utp25, Utp3, Utp4, Utp6, Uty, Uvrag, Uvssa, Uxt, Vamp3, Vangl2, Vapb, Vars1, Vars2, Vash1, Vash2, Vax1, Vax2, Vbp1, Vcp, Vcpip1, Vcpkmt, Vdr, Vegfa, Vegfb, Vegfc, Vegfd, Vezf1, Vgll1, Vgll2, Vgll3, Vgll4, Vhl, Vim, Vip, Vipas39, Virma, Vkorc1, Vkorc1l1, Vldlr, Vpreb1a, Vpreb3, Vps11, Vps13a, Vps18, Vps25, Vps28, Vps33b, Vps35, Vps36, Vps37a, Vps37b, Vps37c, Vps37d, Vps4a, Vps4b, Vps54, Vps72, Vrk1, Vrk2, Vrtn, Vsig4, Vsir, Vstm2a, Vsx1, Vsx2, Vtcn1, Vtn, Wac, Wapl, Wars1, Wars2, Was, Washc1, Wasl, Wbp11, Wbp1l, Wbp2, Wbp2nl, Wbp4, Wdfy2, Wdhd1, Wdr12, Wdr18, Wdr24, Wdr26, Wdr3, Wdr33, Wdr35, Wdr36, Wdr4, Wdr43, Wdr45, Wdr45b, Wdr46, Wdr48, Wdr5, Wdr55, Wdr59, Wdr6, Wdr72, Wdr74, Wdr75, Wdr77, Wdr81, Wdr82, Wdr83, Wdr83os, Wdr91, Wdsub1, Wdtc1, Wee1, Wee2, Wfdc6a, Wfikkn1, Wfs1, Whrn, Wincr1, Wipi1, Wipi2, Wiz, Wnk1, Wnk2, Wnk3, Wnk4, Wnt1, Wnt10a, Wnt10b, Wnt11, Wnt16, Wnt2, Wnt3, Wnt3a, Wnt4, Wnt5a, Wnt6, Wnt7a, Wnt7b, Wnt8b, Wnt9b, Wrap53, Wrn, Wrnip1, Wsb1, Wsb2, Wt1, Wtap, Wtip, Wwc1, Wwc2, Wwox, Wwp1, Wwp2, Wwtr1, Xab2, Xaf1, Xbp1, Xcl1, Xdh, Xiap, Xist, Xpa, Xpc, Xpnpep1, Xpnpep2, Xpnpep3, Xpo1, Xpo5, Xrcc1, Xrcc2, Xrcc3, Xrcc4, Xrcc5, Xrcc6, Xrn1, Xrn2, Xxylt1, Xylt1, Xylt2, Yaf2, Yap1, Yars1, Yars2, Ybey, Ybx1, Ybx2, Ybx3, Yeats2, Yeats4, Yes1, Yipf5, Yju2, Yju2b, Ylpm1, Yme1l1, Yod1, Yrdc, Ythdc1, Ythdf1, Ythdf2, Ythdf3, Ywhab, Ywhah, Ywhaq, Ywhaq-ps3, Ywhaz, Yy1, Yy2, Zap70, Zar1, Zar1l, Zbed3, Zbed4, Zbed6, Zbtb1, Zbtb10, Zbtb11, Zbtb12, Zbtb14, Zbtb16, Zbtb17, Zbtb18, Zbtb2, Zbtb20, Zbtb21, Zbtb22, Zbtb24, Zbtb25, Zbtb26, Zbtb3, Zbtb32, Zbtb33, Zbtb34, Zbtb37, Zbtb38, Zbtb39, Zbtb4, Zbtb40, Zbtb41, Zbtb42, Zbtb43, Zbtb45, Zbtb46, Zbtb47, Zbtb48, Zbtb49, Zbtb5, Zbtb6, Zbtb7a, Zbtb7b, Zbtb7c, Zbtb8a, Zbtb8b, Zbtb8os, Zbtb9, Zc3h10, Zc3h11a, Zc3h12a, Zc3h12d, Zc3h13, Zc3h14, Zc3h15, Zc3h18, Zc3h3, Zc3h4, Zc3h6, Zc3h7a, Zc3h7b, Zc3h8, Zc3hav1, Zc3hc1, Zc4h2, Zcchc12, Zcchc13, Zcchc17, Zcchc3, Zcchc4, Zcchc7, Zcchc8, Zcrb1, Zcwpw1, Zdbf2, Zdhhc1, Zdhhc11, Zdhhc12, Zdhhc14, Zdhhc15, Zdhhc16, Zdhhc17, Zdhhc18, Zdhhc19, Zdhhc2, Zdhhc20, Zdhhc21, Zdhhc22, Zdhhc23, Zdhhc3, Zdhhc5, Zdhhc6, Zdhhc7, Zdhhc8, Zdhhc9, Zeb1, Zeb2, Zer1, Zfa-ps, Zfand2a, Zfand2b, Zfat, Zfhx2, Zfhx3, Zfhx4, Zfp1, Zfp1004, Zfp1005, Zfp1006, Zfp1007, Zfp101, Zfp1010, Zfp105, Zfp11, Zfp110, Zfp111, Zfp112, Zfp113, Zfp119a, Zfp119b, Zfp12, Zfp120, Zfp125, Zfp128, Zfp13, Zfp131, Zfp14, Zfp141, Zfp142, Zfp143, Zfp146, Zfp148, Zfp157, Zfp160, Zfp169, Zfp174, Zfp175, Zfp180, Zfp182, Zfp184, Zfp189, Zfp2, Zfp202, Zfp212, Zfp213, Zfp217, Zfp219, Zfp229, Zfp236, Zfp239, Zfp24, Zfp248, Zfp251, Zfp26, Zfp260, Zfp263, Zfp266, Zfp267, Zfp268, Zfp27, Zfp273, Zfp275, Zfp276, Zfp28, Zfp280b, Zfp280c, Zfp280d, Zfp281, Zfp286, Zfp287, Zfp292, Zfp296, Zfp3, Zfp30, Zfp316, Zfp317, Zfp318, Zfp319, Zfp322a, Zfp324, Zfp326, Zfp329, Zfp334, Zfp335, Zfp341, Zfp345, Zfp35, Zfp352, Zfp354a, Zfp354b, Zfp354c, Zfp358, Zfp36, Zfp362, Zfp365, Zfp366, Zfp367, Zfp369, Zfp36l1, Zfp36l2, Zfp36l3, Zfp37, Zfp382, Zfp383, Zfp384, Zfp385a, Zfp386, Zfp39, Zfp395, Zfp397, Zfp398, Zfp40, Zfp407, Zfp408, Zfp41, Zfp410, Zfp418, Zfp42, Zfp420, Zfp422, Zfp423, Zfp426, Zfp429, Zfp433, Zfp438, Zfp442, Zfp444, Zfp445, Zfp446, Zfp449, Zfp451, Zfp454, Zfp455, Zfp456, Zfp457, Zfp458, Zfp459, Zfp46, Zfp462, Zfp467, Zfp469, Zfp472, Zfp473, Zfp488, Zfp493, Zfp503, Zfp507, Zfp51, Zfp512b, Zfp513, Zfp516, Zfp518a, Zfp518b, Zfp52, Zfp521, Zfp523, Zfp524, Zfp53, Zfp534, Zfp536, Zfp54, Zfp541, Zfp551, Zfp553, Zfp558, Zfp560, Zfp563, Zfp566, Zfp568, Zfp57, Zfp574, Zfp575, Zfp579, Zfp58, Zfp580, Zfp582, Zfp583, Zfp59, Zfp592, Zfp593, Zfp595, Zfp597, Zfp598, Zfp599, Zfp60, Zfp600, Zfp605, Zfp606, Zfp607a, Zfp607b, Zfp608, Zfp609, Zfp612, Zfp616, Zfp617, Zfp619, Zfp62, Zfp623, Zfp626, Zfp628, Zfp629, Zfp637, Zfp638, Zfp639, Zfp64, Zfp641, Zfp644, Zfp646, Zfp647, Zfp648, Zfp65, Zfp652, Zfp653, Zfp654, Zfp655, Zfp658, Zfp661, Zfp663, Zfp664, Zfp667, Zfp668, Zfp672, Zfp677, Zfp68, Zfp683, Zfp689, Zfp69, Zfp691, Zfp692, Zfp696, Zfp697, Zfp7, Zfp703, Zfp704, Zfp706, Zfp707, Zfp708, Zfp709, Zfp710, Zfp711, Zfp712, Zfp715, Zfp719, Zfp72, Zfp729a, Zfp729b, Zfp735, Zfp738, Zfp74, Zfp740, Zfp746, Zfp747, Zfp747l1, Zfp748, Zfp750, Zfp758, Zfp759, Zfp760, Zfp763, Zfp764, Zfp764l1, Zfp768, Zfp770, Zfp771, Zfp772, Zfp773, Zfp775, Zfp777, Zfp78, Zfp780b, Zfp784, Zfp786, Zfp787, Zfp788, Zfp790, Zfp791, Zfp799, Zfp804a, Zfp808, Zfp809, Zfp81, Zfp810, Zfp811, Zfp819, Zfp82, Zfp820, Zfp821, Zfp825, Zfp827, Zfp830, Zfp84, Zfp846, Zfp85, Zfp850, Zfp853, Zfp865, Zfp866, Zfp867, Zfp868, Zfp869, Zfp87, Zfp870, Zfp871, Zfp872, Zfp873, Zfp874a, Zfp874b, Zfp879, Zfp882, Zfp9, Zfp90, Zfp91, Zfp92, Zfp93, Zfp930, Zfp931, Zfp932, Zfp933, Zfp934, Zfp935, Zfp936, Zfp937, Zfp938, Zfp940, Zfp941, Zfp942, Zfp943, Zfp944, Zfp945, Zfp946, Zfp947, Zfp948, Zfp949, Zfp950, Zfp951, Zfp952, Zfp954, Zfp955a, Zfp955b, Zfp956, Zfp958, Zfp959, Zfp960, Zfp961, Zfp963, Zfp964, Zfp966, Zfp97, Zfp970, Zfp971, Zfp973, Zfp974, Zfp975, Zfp976, Zfp977, Zfp979, Zfp980, Zfp981, Zfp982, Zfp983, Zfp984, Zfp985, Zfp987, Zfp988, Zfp989, Zfp990, Zfp991, Zfp992, Zfp994, Zfp995, Zfp998, Zfpm1, Zfpm2, Zfta, Zfx, Zfy1, Zfy2, Zfyve26, Zfyve28, Zg16, Zglp1, Zgpat, Zgrf1, Zhx1, Zhx2, Zhx3, Zic1, Zic2, Zic3, Zic4, Zic5, Zik1, Zim1, Zkscan1, Zkscan14, Zkscan16, Zkscan17, Zkscan2, Zkscan3, Zkscan4, Zkscan5, Zkscan6, Zkscan7, Zkscan8, Zmat2, Zmat5, Zmiz1, Zmiz2, Zmpste24, Zmym2, Zmym5, Zmynd10, Zmynd11, Zmynd15, Zmynd8, Znfx1, Zng1, Znhit1, Znhit3, Znhit6, Znrf1, Znrf2, Znrf3, Znrf4, Zp3, Zp3r, Zpbp2, Zpr1, Zranb1, Zranb2, Zranb3, Zrsr2, Zrsr2-ps1, Zscan10, Zscan12, Zscan2, Zscan20, Zscan21, Zscan22, Zscan25, Zscan26, Zscan29, Zscan4-ps1, Zscan4-ps2, Zscan4-ps3, Zscan4b, Zscan4c, Zscan4d, Zscan4e, Zscan4f, Zscan5b, Zswim2, Zswim7, Zswim8, Zxdb, Zxdc, Zyg11b, Zzef1, Zzz3
GO:0009058	biosynthetic process	8095	186	117.92	7.0e-13	1.5444e-9	1700017N19Rik, 1810024B03Rik, 2010315B03Rik, 2610008E11Rik, 2610021A01Rik, 2810021J22Rik, 4930402F06Rik, 4930402K13Rik, 4930447C04Rik, 4930480E11Rik, 4930522L14Rik, 4930568D16Rik, 4931414P19Rik, 5730507C01Rik, 6030468B19Rik, 6430550D23Rik, 9630013A20Rik, a, A1cf, A3galt2, A430033K04Rik, A4galt, A4gnt, A630001G21Rik, Aadat, Aamdc, Aanat, Aar2, Aars1, Aars2, Aarsd1, Aasdh, Aasdhppt, Aass, Aatf, Abat, Abca1, Abca2, Abca3, Abca7, Abca8a, Abca8b, Abcb10, Abcb6, Abcb7, Abcc2, Abcc5, Abcc6, Abcc8, Abcc9, Abcd1, Abcd2, Abcd3, Abce1, Abcf1, Abcg1, Abcg4, Abhd1, Abhd14b, Abhd2, Abhd3, Abhd4, Abhd5, Abhd6, Abhd8, Abl1, Abl2, Ablim1, Ablim2, Ablim3, Abo, Abra, Abt1, Abtb1, Acaca, Acacb, Acadl, Acadm, Acadvl, Acan, Acat1, Acbd3, Acbd7, Accs, Accsl, Acd, Ace, Ace2, Acer1, Acer2, Acer3, Acin1, Ackr1, Acly, Acmsd, Aco1, Acod1, Acot7, Acot8, Acox1, Acox2, Acp4, Acp5, Acsbg1, Acsbg2, Acsbg3, Acsf3, Acsl1, Acsl3, Acsl4, Acsl5, Acsl6, Acsm1, Acsm2, Acsm3, Acsm4, Acsm5, Acss1, Acss2, Acta1, Acta2, Actb, Actc1, Actg1, Actg2, Actl6a, Actl6b, Actmap, Actn1, Actn2, Actn4, Actr2, Actr3, Actr5, Actr6, Actr8, Actrt1, Acvr1, Acvr1b, Acvr2a, Acvr2b, Acvrl1, Ada, Adad1, Adad2, Adal, Adam10, Adam17, Adam19, Adam2, Adam3, Adam33, Adam8, Adam9, Adamts2, Adamts3, Adar, Adarb1, Adarb2, Adat1, Adat2, Adat3, Adck2, Adcy1, Adcy10, Adcy2, Adcy3, Adcy4, Adcy5, Adcy6, Adcy7, Adcy8, Adcy9, Adcyap1, Adcyap1r1, Adgrb1, Adgrf1, Adgrf5, Adgrg1, Adgrg3, Adi1, Adipoq, Adipor2, Adk, Adm2, Adnp, Adnp2, Adora2a, Adora2b, Adora3, Adra2a, Adrb2, Adrm1, Adrm1b, Adsl, Adss1, Adss2, Adtrp, Aebp1, Aebp2, Aen, Afap1l2, Afdn, Aff1, Aff2, Aff3, Aff4, Afg3l1, Afg3l2, Afmid, Agap2, Ager, Agk, Agmat, Agmo, Ago1, Ago2, Ago3, Ago4, Agpat1, Agpat2, Agpat3, Agpat4, Agpat5, Agps, Agr2, Agrn, Agt, Agtr1a, Agtr2, Agxt, Agxt2, Ahcyl1, Ahdc1, Ahi1, Ahnak, Ahnak2, Ahr, Ahrr, Ahsa1, Ahsa2, Ahsp, AI854703, AI987944, Aicda, Aif1, Aim2, Aimp1, Aimp2, Aire, Airn, Ajuba, Ak1, Ak2, Ak3, Ak4, Ak5, Ak6, Ak7, Ak8, Ak9, Akap12, Akap17b, Akap5, Akap6, Akap8, Akap8l, Akirin1, Akirin2, Akna, Akr1a1, Akr1b1, Akr1c14, Akr1c18, Akr1c20, Akr1c21, Akr1c6, Akr1d1, Akt1, Akt2, Alad, Alas1, Alas2, Aldh18a1, Aldh1a1, Aldh1a2, Aldh1a3, Aldh1l1, Aldh1l2, Aldh2, Aldh7a1, Aldh8a1, Aldh9a1, Aldoa, Aldob, Aldoc, Alg1, Alg10b, Alg11, Alg12, Alg13, Alg14, Alg2, Alg3, Alg5, Alg6, Alg8, Alg9, Alkbh1, Alkbh3, Alkbh4, Alkbh5, Alkbh8, Alox12, Alox12b, Alox15, Alox5, Alox5ap, Alox8, Aloxe3, Alpk2, Alx1, Alx3, Alx4, Alyref, Alyref2, Alyreffm1, Alyreffm10, Alyreffm11, Alyreffm14, Alyreffm2, Alyreffm3, Alyreffm4, Alyreffm5, Alyreffm6, Alyreffm7, Alyreffm8, Alyreffm9, Amacr, Ambp, Ambra1, Amd1, Amd2, Amdhd2, Amh, Amot, Amotl2, Ampd1, Ampd2, Ampd3, Anapc2, Ang, Ang2, Ang3, Ang4, Ang5, Ang6, Angel2, Angpt1, Angpt2, Angptl8, Ank, Ank1, Ank2, Ank3, Ankra2, Ankrd1, Ankrd11, Ankrd16, Ankrd2, Ankrd23, Ankrd42, Ankrd49, Ankzf1, Anpep, Antkmt, Anxa1, Anxa2, Anxa3, Anxa4, Anxa7, Ap2a1, Ap3b1, Ap3d1, Ap5z1, Apba1, Apba2, Apba3, Apbb1, Apbb2, Apbb3, Apex1, Aph1a, Aph1b, Aph1c, Apip, Aplf, Apln, Aplnr, Aplp1, Apmap, Apoa1, Apoa2, Apoa4, Apoa5, Apob, Apobec1, Apobec2, Apobec3, Apobec4, Apoc1, Apoc2, Apoc2l, Apoc3, Apod, Apoe, Apoh, App, Appl1, Appl2, Aprt, Aqp11, Aqp4, Aqp8, Aqr, Ar, Arap1, Arb2a, Arf4, Arfgef1, Arfgef2, Arg1, Arg2, Arglu1, Arhgef11, Arhgef2, Arhgef5, Arid1a, Arid1b, Arid2, Arid3a, Arid3b, Arid3c, Arid4a, Arid4b, Arid5a, Arid5b, Arl2, Arl2bp, Arl6ip4, Armc5, Armc7, Armcx3, Arnt, Arnt2, Arpp19, Arrb1, Arrb2, Arrdc4, Arsg, Arvcf, Arx, Arxes1, Arxes2, Asah1, Asah2, Ascc1, Ascc2, Ascc3, Ascl1, Ascl2, Ascl3, Ascl4, Ascl5, Ash1l, Ash2l, Asl, Asmt, Asns, Asnsd1, Aspdh, Asph, Asprv1, Ass1, Astl, Asxl1, Asxl2, Asxl3, Asz1, Atad2, Atad2b, Atad5, Atf1, Atf1-ps, Atf2, Atf3, Atf4, Atf5, Atf6, Atf6b, Atf7, Atf7ip, Atf7ip2, Atg10, Atg101, Atg12, Atg13, Atg14, Atg16l1, Atg16l2, Atg4a, Atg4a-ps, Atg4b, Atg4c, Atg4d, Atg5, Atg5lrt, Atg7, Atg9a, Atic, Atm, Atmin, Atn1, Atoh1, Atoh7, Atoh8, Atp13a2, Atp1a1, Atp1b1, Atp1b4, Atp23, Atp2b1, Atp2b4, Atp4b, Atp5f1a, Atp5f1b, Atp5f1c, Atp5f1d, Atp5f1e, Atp5if1, Atp5mc1, Atp5mc2, Atp5mc3, Atp5me, Atp5mf, Atp5mg, Atp5pb, Atp5pd, Atp5pf, Atp5po, Atp6-ps, Atp6ap2, Atp6v1a, Atp6v1b1, Atp7a, Atp8b1, Atpsckmt, Atr, Atraid, Atrx, Atxn1, Atxn1l, Atxn7, Atxn7l3, Atxn7l3b, AU041133, Aurka, Aurkaip1, Aurkb, Auts2, Avil, Avp, Avpr1a, Avpr1b, Avpr2, AW146154, Awat2, Axin1, Axin2, Axl, Aym1, Azi2, Azin1, Azin2, B020011L13Rik, B2m, B3galnt1, B3galnt2, B3galt1, B3galt2, B3galt4, B3galt5, B3galt6, B3galt9, B3gat1, B3gat2, B3gat3, B3glct, B3gnt2, B3gnt3, B3gnt4, B3gnt5, B3gnt6, B3gnt7, B3gnt8, B3gnt9, B3gntl1, B4galnt1, B4galnt2, B4galnt3, B4galnt4, B4galt1, B4galt2, B4galt3, B4galt4, B4galt5, B4galt6, B4galt7, B4gat1, Baat, Bace1, Bace2, Bach1, Bach2, Bag1, Bag2, Bag5, Bahd1, Bak1, Bambi, Banf1, Bank1, Banp, Bap1, Barhl1, Barhl2, Barx1, Barx2, Basp1, Batf, Batf2, Batf3, Baz1a, Baz1b, Baz2a, Bbip1, Bbln, Bbox1, Bbs2, Bbs4, Bbs7, Bbx, BC005624, BC024063, Bc1, Bcas2, Bcas3, Bcat1, Bcat2, Bcdin3d, Bckdk, Bcl10, Bcl11a, Bcl11b, Bcl2, Bcl2l1, Bcl2l12, Bcl3, Bcl6, Bcl6b, Bcl7a, Bcl7b, Bcl7c, Bcl9, Bcl9l, Bclaf1, Bclaf3, Bcor, Bcorl1, Bdh2, Bdnf, Bdp1, Becn1, Bend2, Bend3, Bend5, Bend6, Bex2, Bglap, Bglap2, Bhlha15, Bhlha9, Bhlhe22, Bhlhe23, Bhlhe40, Bhlhe41, Bhmt, Bhmt1b, Bhmt2, Bicra, Bicral, Bin1, Birc2, Birc5, Blm, Blnk, Bloc1s2, Bloc1s6, Bloodlinc, Bmal1, Bmal2, Bmi1, Bmncr, Bmp1, Bmp10, Bmp15, Bmp2, Bmp3, Bmp4, Bmp5, Bmp6, Bmp7, Bmpr1a, Bmpr1b, Bmpr2, Bms1, Bmyc, Bnc1, Bnc2, Bola3, Boll, Bop1, Bpi, Bpnt1, Bpnt2, Bptf, Braf, Brca1, Brca2, Brd1, Brd2, Brd3, Brd4, Brd7, Brd8, Brd9, Brdt, Brf1, Brf2, Brinp1, Brip1, Brix1, Brms1, Brms1l, Brpf1, Brpf3, Brwd1, Brwd3, Bscl2, Bsg, Bst2, Bsx, Btaf1, Btbd18, Btg2, Btg4, Btk, Btn1a1, Btn2a2, Btnl1, Btnl10, Btnl12, Btnl2, Btnl4, Btnl6, Btnl9, Btrc, Bud13, Bud23, Bud31, Bvht, Bysl, Bzw1, Bzw2, C1d, C1galt1, C1galt1c1, C1qbp, C1qtnf1, C1qtnf12, C1qtnf2, C1qtnf3, C1qtnf4, C1ra, C1rb, C1rl, C2cd3, C3, C3ar1, C5ar1, C5ar2, Cacna1a, Cacna1h, Cacng7, Cactin, Cad, Cadm1, Calcoco1, Calcr, Calhm6, Calr, Calr3, Calr4, Camk1, Camk1d, Camk2a, Camk2d, Camk4, Camp, Camta1, Camta2, Cand1, Cant1, Canx, Capn1, Capn2, Capn3, Caprin1, Caprin2, Car5a, Card11, Card14, Card9, Carf, Carhsp1, Carlr, Carm1, Carmil2, Carmn, Carns1, Cars1, Cars2, Cartpt, Casc3, Cask, Casp1, Casp12, Casp2, Casp3, Casp4, Casp6, Casp7, Casp8, Casp8ap2, Casp9, Casr, Casz1, Cat, Cav1, Cavin1, Cavin2, Cavin3, Cavin4, Cbfa2t2, Cbfa2t3, Cbfb, Cbll1, Cbr4, Cbs, Cbx1, Cbx2, Cbx3, Cbx4, Cbx5, Cbx6, Cbx7, Cbx8, Cby1, Cc2d1a, Cc2d1b, Ccar1, Ccar2, Ccbe1, Ccdc124, Ccdc146, Ccdc159, Ccdc3, Ccdc47, Ccdc62, Ccdc85b, Ccdc88b, Ccl1, Ccl19, Ccl2, Ccl20, Ccl21a, Ccl3, Ccl4, Ccl5, Ccm2l, Ccn1, Ccn2, Ccn3, Ccn4, Ccn6, Ccna2, Ccnb1, Ccnc, Ccnd1, Ccnd3, Ccne1, Ccnh, Ccnk, Ccnl1, Ccnl2, Ccnq, Ccnt1, Ccnt2, Ccpg1, Ccr1, Ccr1l1, Ccr2, Ccr5, Ccr6, Ccr7, Cct2, Cct3, Cct4, Cct5, Cct6a, Cct6b, Cct7, Cct8, Cct8l1, Cd14, Cd160, Cd1d1, Cd1d2, Cd2, Cd200, Cd200r1, Cd209b, Cd209d, Cd22, Cd226, Cd244a, Cd247, Cd24a, Cd27, Cd274, Cd276, Cd28, Cd2ap, Cd2bp2, Cd300c2, Cd300ld, Cd34, Cd36, Cd37, Cd38, Cd3e, Cd4, Cd40, Cd40lg, Cd44, Cd46, Cd47, Cd55, Cd55b, Cd59a, Cd6, Cd74, Cd81, Cd83, Cd84, Cd86, Cd96, Cda, Cdc123, Cdc14a, Cdc14b, Cdc37, Cdc37l1, Cdc40, Cdc5l, Cdc5lrt1, Cdc5lrt10, Cdc5lrt4, Cdc5lrt5, Cdc5lrt6, Cdc5lrt7, Cdc5lrt8, Cdc5lrt9, Cdc73, Cdca7, Cdca7l, Cdh1, Cdh13, Cdh3, Cdh5, Cdipt, Cdk1, Cdk11b, Cdk12, Cdk13, Cdk2, Cdk20, Cdk2ap1, Cdk2ap1rt, Cdk3, Cdk4, Cdk5, Cdk5r1, Cdk5rap1, Cdk5rap2, Cdk5rap3, Cdk6, Cdk7, Cdk8, Cdk9, Cdkal1, Cdkn1a, Cdkn1b, Cdkn1c, Cdkn2a, Cdkn2d, Cdkn3, Cdo1, Cdon, Cds1, Cds2, Cdx1, Cdx2, Cdx4, Cdyl, Ceacam1, Ceacam2, Ceacam20, Cebpa, Cebpb, Cebpd, Cebpe, Cebpg, Cebpz, Cela1, Celf1, Celf2, Celf3, Celf4, Celf5, Celf6, Celrr, Celsr2, Cenatac, Cenpf, Cenpk, Cenpv, Cep128, Cep290, Cept1, Cer1, Cerkl, Cers1, Cers2, Cers3, Cers4, Cers5, Cers6, Ces1a, Ces1b, Ces1c, Ces1d, Ces1e, Ces1f, Ces1g, Ces1h, Ces2a, Cfap119, Cfap52, Cfap70, Cfd, Cfh, Cflar, Cftr, Cga, Cgas, Cggbp1, Ch25h, Chac1, Chaer1, Chaserr, Chat, Chchd1, Chchd2, Chchd2-ps, Chchd4, Chd2, Chd3, Chd4, Chd5, Chd6, Chd7, Chd8, Chdh, Chek1, Chek2, Cherp, Chi3l1, Chia1, Chid1, Chil3, Chil4, Chil5, Chil6, Chka, Chkb, Chlsn, Chmp1a, Chordc1, Chp1, Chp2, Chpf, Chpf2, Chpt1, Chrac1, Chrd, Chrna7, Chst1, Chst10, Chst11, Chst12, Chst13, Chst14, Chst15, Chst3, Chst5, Chst7, Chst8, Chst9, Chsy1, Chsy3, Chtf18, Chtf8, Chtop, Chuk, Churc1, Ciao1, Ciao3, Ciart, Cib1, Cic, Cidea, Ciita, Cilp, Cipc, Cir1, Cirbp, Cited1, Cited2, Cited4, Ckap2, Ckap5, Ckb, Ckm, Ckmt1, Ckmt2, Cks1b, Cks2, Clasrp, Clcf1, Clcn2, Clcn3, Cldn19, Cldn3, Cldn5, Clec12a, Clec2i, Clec3b, Clec4a2, Clec4a3, Clec4a4, Clec4e, Clec4n, Clec5a, Clec7a, Clec9a, Clgn, Clip3, Clk1, Clk2, Clk3, Clk4, Cln3, Cln5, Clnk, Clns1a, Clock, Clp1, Clpx, Cltc, Clu, Cma1, Cma2, Cmas, Cmklr1, Cmpk1, Cmpk2, Cmtm2a, Cmtr1, Cmtr2, Cnbp, Cnep1r1, Cnn2, Cnot1, Cnot10, Cnot11, Cnot2, Cnot3, Cnot6, Cnot6l, Cnot7, Cnot8, Cnot9, Cnpy2, Cntf, Cntn1, Cntn2, Cntnap2, Coa3, Coa8, Coasy, Cog3, Cog7, Coil, Col1a1, Col2a1, Col3a1, Col4a2, Col5a1, Col6a1, Commd1, Commd6, Commd7, Comp, Comt, Cops2, Cops5, Coq2, Coq3, Coq4, Coq5, Coq6, Coq7, Coq8a, Coq8b, Coq9, Corin, Cox10, Cox11, Cox15, Cpa3, Cpap, Cpb2, Cpd, Cpe, Cpeb1, Cpeb2, Cpeb3, Cpeb4, Cphx1, Cplane2, Cpm, Cpn1, Cpne1, Cpox, Cpped1, Cps1, Cpsf1, Cpsf2, Cpsf3, Cpsf4, Cpsf6, Cpsf7, Cptp, Cpz, Crb1, Crcp, Creb1, Creb3, Creb3l1, Creb3l2, Creb3l3, Creb3l4, Creb5, Crebbp, Crebl2, Crebrf, Crebzf, Creg1, Crem, Crh, Crhr2, Crip1, Cript, Cripto, Crkl, Crlf2, Crlf3, Crls1, Crnde, Crnkl1, Crnn, Crp, Crppa, Crtam, Crtap, Crtc1, Crtc2, Crtc3, Crx, Crxos, Cry1, Cry2, Cryaa, Cryab, Cryba1, Cryl1, Crym, Csad, Csdc2, Csde1, Csf1, Csf1r, Csf2, Csf3, Csgalnact1, Csgalnact2, Csk, Csmd1, Csnk1d, Csnk1e, Csrnp1, Csrnp2, Csrnp3, Csrp3, Cst5, Cstf1, Cstf2, Cstf2t, Cstf3, Cstl1, Ctbp1, Ctbp2, Ctc1, Ctcf, Ctcfl, Ctdnep1, Ctdp1, Ctdsp1, Ctdsp2, Ctdspl, Ctdspl2, Cth, Cthrc1, Ctif, Ctla2a, Ctnnb1, Ctnnbip1, Ctnnbl1, Ctnnd1, Ctns, Ctps1, Ctps2, Ctr9, Ctse, Ctsg, Ctsh, Ctsl, Ctss, Ctsz, Ctu1, Ctu2, Cuedc2, Cul3, Cul4b, Cux1, Cux2, Cuzd1, Cwc15, Cwc22, Cwc22rt1, Cwc22rt2, Cwc22rt3, Cwc22rt4, Cwc22rt5, Cwc22rt6, Cwc22rt7, Cwc25, Cwc27, Cwf19l1, Cwf19l2, Cwh43, Cx3cl1, Cx3cr1, Cxcl17, Cxcl5, Cxcr3, Cxxc1, Cxxc5, Cyb5b, Cyb5r1, Cyb5r2, Cyb5r3, Cyba, Cybb, Cyfip1, Cygb, Cyld, Cyp11a1, Cyp11b1, Cyp11b2, Cyp17a1, Cyp19a1, Cyp1a1, Cyp1a2, Cyp1b1, Cyp21a1, Cyp26b1, Cyp27a1, Cyp27b1, Cyp2c23, Cyp2d22, Cyp2j6, Cyp2r1, Cyp39a1, Cyp3a13, Cyp3a41a, Cyp4a10, Cyp4a12a, Cyp4a12b, Cyp4a14, Cyp4a29, Cyp4a30b, Cyp4a31, Cyp4a32, Cyp4f39, Cyp51, Cyp7a1, Cyp7b1, Cyp8b1, Cyren, Cyrib, Cys1, Cytl1, D1Pas1, Dab2, Dab2ip, Dach1, Dach2, Dact1, Dad1, Dagla, Daglb, Dalrd3, Dand5, Dao, Dap, Dap3, Dapk1, Dapk3, Dapl1, Dars1, Dars2, Daxx, Dazap1, Dazl, Dbh, Dbi, Dbp, Dbr1, Dbx1, Dbx2, Dcaf1, Dcaf11, Dcaf13, Dcaf5, Dcaf6, Dcakd, Dck, Dcn, Dcp1a, Dcp1b, Dcp2, Dcps, Dct, Dctd, Dctn6, Dcxr, Ddah1, Ddb1, Ddc, Ddi2, Ddit3, Ddn, Ddost, Ddr2, Ddrgk1, Ddt, Ddx1, Ddx10, Ddx11, Ddx17, Ddx18, Ddx19a, Ddx19b, Ddx20, Ddx21, Ddx23, Ddx25, Ddx27, Ddx39a, Ddx39b, Ddx3x, Ddx3y, Ddx4, Ddx41, Ddx42, Ddx46, Ddx47, Ddx49, Ddx5, Ddx51, Ddx52, Ddx54, Ddx56, Ddx6, Deaf1, Decr2, Dedd, Defb25, Degs1, Degs1l, Degs2, Dek, Dennd1b, Denr, Depdc1a, Derl3, Dffa, Dgat1, Dgat2, Dgat2l6, Dgcr8, Dgka, Dgkb, Dgkd, Dgke, Dgkg, Dgkh, Dgki, Dgkk, Dgkq, Dgkz, Dguok, Dhcr24, Dhcr7, Dhdds, Dhfr, Dhh, Dhodh, Dhps, Dhrs11, Dhrs7b, Dhrs9, Dhrsx, Dhx15, Dhx16, Dhx29, Dhx33, Dhx34, Dhx36, Dhx37, Dhx38, Dhx40, Dhx58, Dhx8, Dhx9, Diaph1, Diaph3, Dicer1, Dido1, Dimt1, Dio1, Dio2, Dio3, Dip2a, Dis3, Dis3l, Dis3l2, Disp1, Dkc1, Dkk1, Dkk3, Dkkl1, Dlat, Dld, Dlg1, Dlk1, Dll1, Dll4, Dlx1, Dlx2, Dlx3, Dlx4, Dlx5, Dlx6, Dlx6os1, Dmac2l, Dmap1, Dmbx1, Dmd, Dmrt1, Dmrt1i, Dmrt2, Dmrt3, Dmrta1, Dmrta2, Dmrtb1, Dmrtc2, Dmtf1, Dmtf1l, Dnaja1, Dnaja2, Dnaja3, Dnaja4, Dnajb1, Dnajb11, Dnajb12, Dnajb13, Dnajb14, Dnajb2, Dnajb3, Dnajb4, Dnajb5, Dnajb6, Dnajb7, Dnajb8, Dnajb9, Dnajc1, Dnajc10, Dnajc17, Dnajc18, Dnajc2, Dnajc25, Dnajc3, Dnajc30, Dnajc5, Dnajc7, Dnd1, Dnlz, Dnm1l, Dnm2, Dnmt1, Dnmt3a, Dnmt3b, Dnmt3l, Dnph1, Dntt, Dnttip2, Dohh, Dolk, Dolpp1, Dot1l, Dpagt1, Dpf1, Dpf2, Dpf3, Dph3, Dpm1, Dpm2, Dpm3, Dppa2, Dppa3, Dppa5a, Dppa5b, Dpy19l1, Dpy19l3, Dpy30, Dpyd, Dr1, Drap1, Drd2, Drd3, Dreh, Drg1, Drg2, Drgx, Drosha, Dscc1, Dse, Dspp, Dtl, Dtnbp1, Dtwd1, Dtwd2, Dtx3l, Dtymk, Dubr, Duox1, Duox2, Duoxa1, Duoxa2, Dus1l, Dus2, Dus3l, Dus4l, Dusp1, Dusp10, Dusp12, Dusp13a, Dusp13b, Dusp14, Dusp15, Dusp18, Dusp19, Dusp2, Dusp21, Dusp22, Dusp23, Dusp26, Dusp28, Dusp29, Dusp3, Dusp4, Dusp5, Dusp6, Dusp7, Dusp8, Dut, Duxbl1, Duxf3, Duxf4, Dvl1, Dvl2, Dvl3, Dxo, Dync2h1, Dynll1, Dyrk1a, Dyrk1b, Dyrk2, Dysf, E130311K13Rik, E230001N04Rik, E2f1, E2f2, E2f3, E2f4, E2f5, E2f6, E2f7, E2f8, E4f1, Eaf1, Eaf2, Eapp, Ears2, Ebag9, Ebf1, Ebf2, Ebf3, Ebf4, Ebna1bp2, Ebp, Ecd, Ece1, Ece2, Ecel1, Ecm1, Ecsit, Eda, Edar, Edc3, Edc4, Edem3, Edf1, Edn1, Edn2, Edn3, Ednra, Ednrb, Edrf1, Eed, Eef1a1, Eef1a2, Eef1b2, Eef1d, Eef1e1, Eef1ece2, Eef1g, Eef2, Eef2k, Eefsec, Efcab7, Efemp1, Efl1, Efna1, Efr3b, Eftud2, Egf, Egfbp2, Egfr, Egln1, Egr1, Egr2, Egr3, Egr4, Ehf, Ehmt1, Ehmt2, Eid1, Eid2, Eid2b, Eif1, Eif1a, Eif1ad, Eif1ad11, Eif1ad12, Eif1ad13, Eif1ad14, Eif1ad15, Eif1ad16, Eif1ad17, Eif1ad18, Eif1ad19, Eif1ad2, Eif1ad3, Eif1ad4, Eif1ad7, Eif1ad8, Eif1ax, Eif1b, Eif2a, Eif2ak1, Eif2ak2, Eif2ak3, Eif2ak4, Eif2b1, Eif2b2, Eif2b3, Eif2b4, Eif2b5, Eif2d, Eif2s1, Eif2s2, Eif2s3x, Eif2s3y, Eif3a, Eif3b, Eif3c, Eif3d, Eif3e, Eif3f, Eif3g, Eif3h, Eif3i, Eif3j1, Eif3j2, Eif3k, Eif3l, Eif3m, Eif4a1, Eif4a2, Eif4a3, Eif4a3l1, Eif4a3l2, Eif4b, Eif4e, Eif4e1b, Eif4e2, Eif4e3, Eif4ebp1, Eif4ebp2, Eif4ebp3, Eif4enif1, Eif4g1, Eif4g2, Eif4g3, Eif4h, Eif5, Eif5a, Eif5a2, Eif5b, Eif6, Elac1, Elac2, Elane, Elavl1, Elavl4, Eldr, Elf1, Elf2, Elf3, Elf4, Elf5, Elfn2, Elk1, Elk3, Elk4, Ell, Ell2, Ell3, Elmod3, Eloa, Elob, Eloc, Elof1, Elovl1, Elovl2, Elovl3, Elovl4, Elovl5, Elovl6, Elovl7, Elp1, Elp2, Elp3, Elp4, Elp5, Elp6, Emg1, Emilin1, Emsy, Emx1, Emx2, En1, En2, Enc1, Endou, Eng, Eno1, Eno1b, Eno2, Enoph1, Enpep, Enpp1, Enpp7, Entpd1, Entpd5, Entpd8, Eny2, Eogt, Eomes, Ep300, Ep400, Epas1, Epb41l4b, Epb41l5, Epc1, Epc2, Epcam, Epg5, Epha2, Epha5, Ephb2, Ephb6, Ephx1, Ephx2, Epm2a, Epm2aip1, Epo, Epop, Epor, Eprs1, Epsti1, Epx, Erbb2, Erbb3, Erbb4, Erbin, Erc1, Ercc1, Ercc2, Ercc3, Ercc6, Ereg, Erf, Erfe, Erfl, Erg, Erg28, Eri1, Erlin1, Erlin2, Ermap, Ern1, Ern2, Ero1a, Ero1b, Erp27, Erp29, Erp44, Errfi1, Esf1, Esr1, Esr2, Esrp1, Esrp2, Esrra, Esrrb, Esrrg, Ess2, Esx1, Etf1, Etnk1, Etnk2, Ets1, Ets2, Etv1, Etv2, Etv3, Etv3l, Etv4, Etv5, Etv6, Evpl, Evx1, Evx2, Ewsr1, Exd1, Exo1, Exosc1, Exosc10, Exosc2, Exosc3, Exosc4, Exosc5, Exosc6, Exosc7, Exosc8, Exosc9, Ext1, Ext2, Extl1, Extl3, Eya1, Ezh1, Ezh2, Ezhip, Ezr, F11, F11r, F12, F13a1, F13b, F2, F2r, F2rl1, F3, F7, F8, F9, Fa2h, Faap20, Fabp3, Fabp4, Fabp5, Fadd, Fads1, Fads2, Fads2b, Fads3, Fads6, Fam111a, Fam114a1, Fam168b, Fam170a, Fam20b, Fam210b, Fam220a, Fam3a, Fam3c, Fam47c, Fam47e, Fam50a, Fam76b, Fam98a, Fam98b, Fanca, Fancb, Fancd2, Fance, Fank1, Far1, Far2, Fars2, Farsa, Farsb, Fas, Fasl, Fasn, Fastk, Fastkd1, Fastkd2, Fastkd3, Fastkd5, Fau, Faxdc2, Fbl, Fbll1, Fbln1, Fbln5, Fbn1, Fbp1, Fbp2, Fbxl19, Fbxl2, Fbxo24, Fbxo30, Fbxo4, Fbxo41, Fbxw11, Fbxw7, Fcer1a, Fcer1g, Fcf1, Fcgr1, Fcgr2b, Fcgr3, Fcgr4, Fchsd1, Fcna, Fcnb, Fcor, Fcsk, Fdcsp, Fdft1, Fdps, Fdx1, Fdxacb1, Fdxr, Fech, Fer, Ferd3l, Fermt1, Fev, Fezf1, Fezf2, Ffar1, Ffar2, Ffar3, Ffar4, Fga, Fgb, Fgf1, Fgf10, Fgf15, Fgf2, Fgf23, Fgf4, Fgf5, Fgf7, Fgf8, Fgf9, Fgfr1, Fgfr2, Fgfr3, Fgfr4, Fgg, Fgl2, Fgr, Fh1, Fhl2, Fhl5, Fhod1, Fig4, Figla, Filip1l, Fip1l1, Firre, Fitm1, Fitm2, Fiz1, Fkbp10, Fkbp11, Fkbp14, Fkbp1a, Fkbp1b, Fkbp2, Fkbp3, Fkbp4, Fkbp5, Fkbp6, Fkbp7, Fkbp8, Fkbp9, Fkrp, Fktn, Flad1, Flcn, Fli1, Flicr, Flna, Flot1, Flot2, Flt1, Flt3, Flt3l, Flt4, Flvcr1, Flvcr2, Flywch1, Fmn1, Fmo1, Fmo3, Fmr1, Fn1, Fnip1, Fnip2, Fnta, Focad, Fos, Fosb, Fosl1, Fosl2, Foxa1, Foxa2, Foxa3, Foxb1, Foxb2, Foxc1, Foxc2, Foxd1, Foxd2, Foxd3, Foxd4, Foxe1, Foxe3, Foxf1, Foxf2, Foxg1, Foxh1, Foxi1, Foxi2, Foxi3, Foxj1, Foxj2, Foxj3, Foxk1, Foxk2, Foxl1, Foxl2, Foxl3, Foxm1, Foxn1, Foxn2, Foxn3, Foxn4, Foxo1, Foxo3, Foxo4, Foxo6, Foxp1, Foxp2, Foxp3, Foxp4, Foxq1, Foxr1, Foxr2, Foxs1, Fpgs, Fpgt, Fra10ac1, Frey1, Frg1, Frk, Frmd8, Fshb, Fst, Fstl3, Fto, Ftsj1, Ftsj3, Ftx, Fubp1, Fubp3, Fuom, Furin, Fus, Fut1, Fut10, Fut11, Fut2, Fut4, Fut7, Fut8, Fut9, Fuz, Fxn, Fxr1, Fxr2, Fyn, Fyttd1, Fzd1, Fzd2, Fzd4, Fzd5, Fzd6, Fzd7, G3bp1, G6pc1, G6pc2, G6pc3, G6pd2, G6pdx, Gabpa, Gabpb1, Gabpb2, Gad1, Gad2, Gadd45a, Gadd45g, Gadd45gip1, Gal, Gal3st1, Gal3st2, Gal3st2c, Gal3st3, Gal3st4, Galnt1, Galnt10, Galnt11, Galnt12, Galnt13, Galnt14, Galnt15, Galnt16, Galnt17, Galnt18, Galnt2, Galnt3, Galnt4, Galnt5, Galnt6, Galnt7, Galnt9, Galntl6, Galr1, Galr2, Galr3, Gamt, Gapdh, Gapdh-ps15, Gapdhrt, Gapdhrt2, Gapt, Gar1, Garin3, Garin5a, Gars1, Gart, Gas1, Gas5, Gas6, Gata1, Gata2, Gata3, Gata4, Gata5, Gata6, Gatad1, Gatad2a, Gatad2b, Gatb, Gatc, Gatm, Gba1, Gba2, Gbe1, Gbf1, Gbgt1, Gbp4, Gbp5, Gbp7, Gbx1, Gbx2, Gcat, Gcdh, Gcfc2, Gcg, Gcgr, Gch1, Gchfr, Gck, Gclc, Gclm, Gcm1, Gcm2, Gcn1, Gcnt1, Gcnt2, Gcnt3, Gcnt4, Gcnt7, Gcsh, Gdf2, Gdf6, Gdf7, Gdnf, Gemin2, Gemin4, Gemin5, Gemin6, Gemin6-ps, Gemin7, Gemin8, Gfap, Gfer, Gfi1, Gfi1b, Gfm1, Gfm2, Gfpt1, Gfpt2, Gfus, Ggcx, Ggnbp2, Ggps1, Ggt1, Ggt5, Ggt6, Ggt7, Ggta1, Gh, Ghrh, Ghrl, Ghsr, Gigyf2, Gimap3, Gimap5, Gip, Gipc1, Git1, Gja1, Gja8, Gjc2, Gk, Gk2, Gk5, Gkn2, Gla, Glce, Gle1, Glg1, Gli1, Gli2, Gli3, Glis1, Glis2, Glis3, Glmn, Glmp, Glo1, Glp1r, Glrp1, Gls, Gls2, Glt6d1, Glul, Glyr1, Gm10033, Gm10768, Gm12258, Gm13030, Gm14295, Gm14322, Gm14325, Gm14391, Gm14399, Gm14401, Gm14403, Gm14412, Gm14418, Gm14434, Gm14443, Gm14444, Gm15222, Gm15290, Gm15441, Gm15446, Gm17067, Gm17655, Gm19965, Gm2044, Gm20737, Gm20738, Gm20747, Gm20773, Gm20795, Gm20806, Gm20807, Gm20808, Gm20812, Gm20815, Gm20816, Gm20818, Gm20821, Gm20822, Gm20825, Gm20826, Gm20830, Gm20834, Gm20852, Gm20854, Gm20865, Gm20873, Gm20914, Gm20917, Gm20918, Gm21064, Gm21118, Gm21292, Gm21310, Gm21394, Gm21719, Gm21778, Gm21812, Gm21854, Gm2381, Gm28171, Gm28836, Gm30731, Gm32687, Gm35315, Gm3604, Gm36723, Gm38999, Gm4275, Gm45871, Gm4767, Gm4924, Gm5141, Gm527, Gm6133, Gm614, Gm6871, Gm6993, Gm7072, Gm7324, Gmcl1, Gmds, Gmeb1, Gmeb2, Gmnn, Gmppa, Gmppb, Gmpr, Gmpr2, Gmps, Gnai1, Gnas, Gnasas1, Gnat2, Gnb3, Gne, Gnl3, Gnl3l, Gnmt, Gnpat, Gnpda1, Gnpda2, Gnpnat1, Gnrh1, Golga2, Golga7, Golph3, Gon4l, Gon7, Gorasp1, Got1, Got1l1, Got2, Gp1ba, Gp1bb, Gp5, Gp9, Gpaa1, Gpam, Gpat2, Gpat3, Gpat4, Gpatch1, Gpatch3, Gpbp1, Gpbp1l1, Gpd1, Gpd2, Gper1, Gphn, Gpi1, Gpkow, Gpld1, Gpnmb, Gpr146, Gpr174, Gpr18, Gpr37, Gprc5b, Gprc6a, Gps2, Gpsm3, Gpt, Gpt2, Gpx1, Grb10, Grb7, Grem1, Grhl1, Grhl2, Grhl3, Gria1, Grin1, Grk2, Grm2, Grm3, Grm5, Grm6, Grn, Grp, Grpel1, Grpel2, Grsf1, Gsc, Gsc2, Gsdma3, Gsdmd, Gsk3a, Gsk3b, Gsn, Gspt1, Gspt2, Gss, Gsta1, Gstm1, Gstm2, Gstm3, Gstm4, Gstm6, Gstm7, Gsto1, Gstp-ps, Gstp1, Gstp2, Gstp3, Gsx1, Gsx2, Gtdc1, Gtf2a1, Gtf2a1l, Gtf2a2, Gtf2b, Gtf2e1, Gtf2e2, Gtf2f1, Gtf2f2, Gtf2h1, Gtf2h2, Gtf2h3, Gtf2h4, Gtf2h5, Gtf2i, Gtf2ird1, Gtf3c1, Gtf3c2, Gtf3c3, Gtf3c4, Gtf3c5, Gtf3c6, Gtpbp1, Gtpbp2, Gtpbp3, Gtpbp4, Gtsf1, Guca1a, Guca1b, Gucy1a1, Gucy1b1, Gucy2c, Gucy2d, Gucy2e, Gucy2f, Gucy2g, Guf1, Guk1, Gulo, Gxylt1, Gxylt2, Gyg1, Gykl1, Gys1, Gys2, Gzf1, Gzma, Gzmb, Gzmc, Gzmd, Gzme, Gzmf, Gzmg, Gzmk, Gzmm, Gzmn, H13, H19, H1f0, H1f2, H1f3, H1f4, H1f5, H1f8, H1f9, H2-DMa, H2-DMb1, H2-DMb2, H2-M3, H2-Q9, H2-T23, H2ab1, H2ab2, H2ab3, H2ac1, H2ac10, H2ac11, H2ac12, H2ac13, H2ac15, H2ac19, H2ac20, H2ac21, H2ac22, H2ac23, H2ac24, H2ac25, H2ac4, H2ac6, H2ac7, H2ac8, H2aj, H2al1b, H2al1e, H2al1f, H2al1j, H2al1k, H2al1m, H2al1n, H2al1o, H2al2a, H2al2b, H2al3, H2ap, H2ax, H2az1, H2az2, H2bc1, H3c14, H3c6, H3f3a, H3f3b, H60a, H6pd, Haao, Habp4, Hacd1, Hacd2, Hacd3, Hacd4, Hadhb, Hagh, Halr1, Hamp, Hand1, Hand2, Hand2os1, Hao1, Hars1, Hars2, Has1, Has2, Has3, Haspin, Hat1, Havcr2, Hax1, Hba-x, Hbb-b1, Hbb-bh1, Hbb-y, Hbegf, Hbp1, Hbs1l, Hc, Hcfc1, Hcfc2, Hck, Hcls1, Hdac1, Hdac10, Hdac11, Hdac2, Hdac3, Hdac4, Hdac5, Hdac6, Hdac7, Hdac8, Hdac9, Hdc, Hdgf, Hdhd5, Hdx, Heatr1, Heg1, Helb, Hells, Helt, Helz, Helz2, Hemk1, Henmt1, Hes1, Hes2, Hes3, Hes5, Hes6, Hes7, Hesx1, Hexa, Hexb, Hexim1, Hexim2, Hey1, Hey2, Heyl, Hfe, Hgf, Hgfac, Hgs, Hhat, Hhatl, Hhex, Hic1, Hic2, Hif1a, Hif1an, Hif3a, Hilpda, Hinfp, Hint1, Hint2, Hipk1, Hipk2, Hipk3, Hira, Hivep1, Hivep2, Hivep3, Hjv, Hk1, Hlf, Hltf, Hlx, Hm629797, Hmbox1, Hmbs, Hmces, Hmg20a, Hmg20b, Hmga1, Hmga1b, Hmga2, Hmgb1, Hmgb2, Hmgb4, Hmgcl, Hmgcll1, Hmgcr, Hmgcs1, Hmgcs2, Hmgn1, Hmgn2, Hmgn3, Hmgn5, Hmox1, Hmx1, Hmx2, Hmx3, Hnf1a, Hnf1b, Hnf4a, Hnf4g, Hnrnpa0, Hnrnpa1, Hnrnpa2b1, Hnrnpa3, Hnrnpab, Hnrnpc, Hnrnpd, Hnrnpdl, Hnrnpf, Hnrnph1, Hnrnph2, Hnrnph3, Hnrnpk, Hnrnpl, Hnrnpll, Hnrnpm, Hnrnpr, Hnrnpu, Hnrnpul1, Hnrnpul2, Hoga1, Homer2, Homer3, Homez, Hopx, Hotair, Hoxa1, Hoxa10, Hoxa11, Hoxa11os, Hoxa13, Hoxa2, Hoxa3, Hoxa4, Hoxa5, Hoxa6, Hoxa7, Hoxa9, Hoxb1, Hoxb13, Hoxb2, Hoxb3, Hoxb4, Hoxb5, Hoxb6, Hoxb7, Hoxb8, Hoxb9, Hoxc10, Hoxc11, Hoxc12, Hoxc13, Hoxc4, Hoxc5, Hoxc6, Hoxc8, Hoxc9, Hoxd1, Hoxd10, Hoxd11, Hoxd12, Hoxd13, Hoxd3, Hoxd4, Hoxd8, Hoxd9, Hp, Hp1bp3, Hpgds, Hpn, Hprt1, Hps1, Hpse, Hpx, Hr, Hras, Hrg, Hrh1, Hrob, Hs2st1, Hs3st1, Hs3st2, Hs3st3a1, Hs3st3b1, Hs3st4, Hs3st5, Hs3st6, Hs6st1, Hs6st2, Hs6st3, Hsbp1, Hsbp1l1, Hsd11b1, Hsd17b1, Hsd17b10, Hsd17b11, Hsd17b12, Hsd17b13, Hsd17b2, Hsd17b3, Hsd17b7, Hsd17b8, Hsd3b1, Hsd3b2, Hsd3b3, Hsd3b4, Hsd3b5, Hsd3b6, Hsd3b7, Hsd3b8, Hsd3b9, Hsf1, Hsf2, Hsf3, Hsf4, Hsf5, Hsp90aa1, Hsp90ab1, Hsp90b1, Hspa13, Hspa14, Hspa1a, Hspa1b, Hspa1l, Hspa2, Hspa4, Hspa4l, Hspa5, Hspa8, Hspa9, Hspb1, Hspb2, Hspb6, Hspd1, Hspe1, Hspe1-rs1, Hsph1, Htatip2, Htatsf1, Htd2, Htr2a, Htr2b, Htr2c, Htt, Huwe1, Hvcn1, Hyal1, Hyal2, Hycc1, Hycc2, Hymai, Hyou1, Iapp, Iars1, Iars2, Iba57, Icam1, Ice1, Ice2, Icmt, Icosl, Id1, Id2, Id3, Id4, Idh1, Idh2, Idi1, Idi1-ps1, Idi2, Idi2l, Ido1, Ido2, Ier2, Ier5, Ifi203, Ifi203-ps, Ifi204, Ifi206, Ifi207, Ifi208, Ifi209, Ifi213, Ifi214, Ifi27, Ifih1, Ifna, Ifnar1, Ifnar2, Ifnb1, Ifng, Ifngr1, Ifnk, Ifnz, Ifrd1, Ifrd2, Ift172, Ift52, Ift74, Ift80, Ift88, Igbp1, Igf1, Igf1r, Igf2, Igf2bp1, Igf2bp2, Igf2bp3, Igfbp5, Igfbp7, Igh-7, Ighd, Ighe, Ighg1, Ighm, Ighmbp2, Igsf1, Igtp, Ihh, Ik, Ikbkb, Ikbke, Ikbkg, Ikzf1, Ikzf2, Ikzf3, Ikzf4, Ikzf5, Il10, Il11, Il12a, Il12b, Il12rb1, Il12rb2, Il13, Il13ra1, Il13ra2, Il15, Il16, Il17a, Il17b, Il17c, Il17d, Il17f, Il17ra, Il17rb, Il17rc, Il18, Il18r1, Il18rap, Il19, Il1a, Il1b, Il1f10, Il1r1, Il1r2, Il1rap, Il1rl1, Il1rl2, Il2, Il20rb, Il21, Il22, Il23a, Il23r, Il25, Il27, Il27ra, Il2rg, Il3, Il31ra, Il33, Il34, Il36a, Il36b, Il36g, Il36rn, Il4, Il4i1, Il4i1b, Il4ra, Il5, Il5ra, Il6, Il6ra, Il7, Il7r, Il9, Ildr1, Ildr2, Ilf2, Ilf3, Ilk, Ilkap, Ilrun, Ilvbl, Immp1l, Immp2l, Imp3, Imp4, Impa1, Impa2, Impact, Impdh1, Impdh2, Impdh2-ps, Inava, Inf2, Ing1, Ing2, Ing3, Ing4, Ing5, Inha, Inhba, Inhbb, Ino80, Ino80b, Ino80c, Ino80d, Ino80e, Inpp1, Inpp4a, Inpp4b, Inpp5b, Inpp5d, Inpp5e, Inpp5k, Inppl1, Ins1, Ins2, Insig1, Insig2, Insm1, Insm2, Insr, Ints1, Ints10, Ints11, Ints12, Ints14, Ints2, Ints3, Ints4, Ints5, Ints6, Ints6l, Ints7, Ints8, Ints9, Ip6k1, Ip6k2, Ip6k3, Ipmk, Ippk, Iqce, Iqgap1, Iqgap3, Irak1, Irak2, Irak3, Irak4, Ireb2, Irf1, Irf2, Irf2bp1, Irf2bp2, Irf2bpl, Irf3, Irf4, Irf5, Irf6, Irf7, Irf8, Irf9, Irgm1, Irgm2, Irs1, Irs2, Irx1, Irx2, Irx3, Irx4, Irx5, Irx6, Isg15, Isg20, Isg20l2, Isl1, Isl2, Isx, Isy1, Isyna1, Itch, Itga2, Itga3, Itga6, Itga8, Itgav, Itgax, Itgb1bp1, Itgb2, Itgb2l, Itgb3, Itgb3bp, Itgb6, Itgb8, Itk, Itm2a, Itm2b, Itm2c, Itpka, Itpkb, Itpkc, Ivl, Ivns1abp, Iws1, Jade1, Jade2, Jade3, Jag1, Jak2, Jak3, Jarid2, Jazf1, Jdp2, Jmjd1c, Jmjd4, Jmjd6, Jmy, Jph2, Jph4, Jpx, Jun, Junb, Jund, Jup, Kank2, Kansl1, Kansl2, Kansl3, Kantr, Kars1, Kat14, Kat2a, Kat2b, Kat5, Kat6a, Kat6b, Kat7, Kat8, Kbtbd2, Kbtbd8, Kcnh2, Kcnip3, Kcnj1, Kcnj8, Kcnk2, Kcnn4, Kcnq1ot1, Kcnq2, Kcnq3, Kctd1, Kctd15, Kdelr1, Kdm1a, Kdm1b, Kdm2a, Kdm2b, Kdm3a, Kdm3b, Kdm4a, Kdm4b, Kdm4c, Kdm4d, Kdm5a, Kdm5b, Kdm5c, Kdm5d, Kdm6a, Kdm6b, Kdm7a, Kdm8, Kdr, Kdsr, Keap1, Kel, Khdc4, Khdrbs1, Khdrbs2, Khdrbs3, Khsrp, Kif1b, Kin, Kit, Kl, Klf1, Klf10, Klf11, Klf12, Klf13, Klf14, Klf15, Klf16, Klf17, Klf2, Klf3, Klf4, Klf5, Klf6, Klf7, Klf8, Klf9, Klhdc10, Klhl22, Klhl25, Klhl3, Klk1, Klk10, Klk11, Klk12, Klk13, Klk14, Klk15, Klk1b1, Klk1b11, Klk1b16, Klk1b21, Klk1b22, Klk1b24, Klk1b26, Klk1b27, Klk1b3, Klk1b4, Klk1b5, Klk1b8, Klk1b9, Klk4, Klk5, Klk6, Klk7, Klk8, Klk9, Klkb1, Klre1, Klrh1, Klrk1, Kmo, Kmt2a, Kmt2b, Kmt2c, Kmt2d, Kmt2e, Kmt5a, Kmt5b, Kmt5c, Kpna2, Kpna2rt, Kpna4, Kpna6, Kpna7, Kras, Kri1, Krr1, Krt13, Krt17, Krtcap2, Kti12, Kyat1, Kyat3, Kynu, L3mbtl1, L3mbtl2, L3mbtl3, L3mbtl4, Lacc1, Lag3, Lage3, Lalba, Lamc1, Lamp3, Lamtor5, Lancl2, Laptm4b, Laptm5, Large1, Large2, Larp1, Larp4, Larp4b, Larp6, Larp7, Larp7-ps, Lars1, Lars2, Las1l, Lat, Lax1, Lbh, Lbp, Lbr, Lbx1, Lbx2, Lcat, Lck, Lclat1, Lcmt2, Lcn2, Lcor, Lcorl, Lcp2, Ldb1, Ldb2, Ldc1, Ldha, Ldhb, Ldhc, Ldhd, Ldlr, Ldlrad3, Leat1, Lef1, Lefty1, Leo1, Lep, Lepr, Lgals3, Lgals4, Lgals6, Lgals9, Lgmn, Lgr4, Lgsn, Lhcgr, Lhx1, Lhx2, Lhx3, Lhx4, Lhx5, Lhx6, Lhx8, Lhx9, Lias, Lichi, Lif, Lig1, Lig3, Lig4, Lilra5, Lilrb4a, Lilrb4b, Limd1, Lime1, Lims1, Lin28a, Lin28b, Lin37, Lin52, Lin54, Lin9, Lipa, Lipc, Lipe, Lipg, Lipt1, Lipt2, Litaf, Litafd, Lmcd1, Lmf1, Lmf2, Lmna, Lmnb1, Lmnb2, Lmntd2, Lmo1, Lmo2, Lmo3, Lmo4, Lmo7, Lmx1a, Lmx1b, Lncbate1, Lncbate10, Lncenc1, Lnclep, Lonp2, Lox, Loxl2, Loxl3, Lpar3, Lpar5, Lpcat1, Lpcat2, Lpcat2b, Lpcat3, Lpcat4, Lpgat1, Lpin1, Lpin2, Lpin3, Lpl, Lrif1, Lrit3, Lrp1, Lrp2, Lrp3, Lrp5, Lrp6, Lrpprc, Lrrc14, Lrrc19, Lrrc32, Lrrc47, Lrrc55os, Lrrfip1, Lrrfip2, Lrrk2, Lsm1, Lsm10, Lsm11, Lsm14a, Lsm14b, Lsm2, Lsm3, Lsm4, Lsm5, Lsm6, Lsm7, Lsm8, Lss, Lta, Lta4h, Ltb, Ltbp1, Ltc4s, Ltf, Ltn1, LTO1, Luc7l, Luc7l2, Luc7l3, Lum, Lurap1, Ly9, Ly96, Lyar, Lyl1, Lyn, M1ap, Macc1, Macir, Macroh2a1, Macroh2a2, Mad2l2, Mael, Maf, Maf1, Mafa, Mafb, Maff, Mafg, Mafk, Magea1, Magea10, Magea13, Magea14, Magea2, Magea3, Magea4, Magea5, Magea6, Magea8, Magea9, Mageb11, Mageb16, Mageb18, Mageb2, Mageb3, Mageb4, Mageb5, Mageb5b, Mageb6b1, Magec2, Maged1, Maged2, Magee1, Magee2, Mageh1, Magel2, Magoh, Magohb, Magt1, Mak, Mak16, Malat1, Malrd1, Malsu1, Malt1, Maml1, Maml2, Maml3, Mamld1, Mamstr, Man1a, Man1a2, Man1b1, Man1c1, Man2a1, Man2a2, Mannr, Map2k1, Map2k2, Map2k3, Map2k5, Map2k7, Map3k1, Map3k10, Map3k12, Map3k13, Map3k20, Map3k4, Map3k5, Map3k7, Map6d1, Mapk1, Mapk10, Mapk11, Mapk13, Mapk14, Mapk15, Mapk3, Mapk7, Mapk8, Mapk8ip1, Mapk8ip3, Mapk9, Mapkapk2, Mapkapk5, Mapkbp1, Mapre3, Mapt, Marchf8, Marf1, Mark1, Mars1, Mars2, Mas1, Mast2, Mat1a, Mat2a, Mat2b, Matr3, Mavs, Max, Maz, Mbd1, Mbd2, Mbd3, Mbd3l1, Mbd3l2, Mbip, Mbl2, Mblac1, Mbnl1, Mbnl2, Mbnl3, Mboat1, Mboat2, Mboat4, Mboat7, Mbp, Mbtd1, Mbtps1, Mbtps2, Mc1r, Mc3r, Mcat, Mcf2l, Mcidas, Mcm3ap, Mcoln2, Mcph1, Mcpt1, Mcpt2, Mcpt4, Mcpt8, Mcpt9, Mcptl, Mcrs1, Mcts1, Mcts2, Mdfi, Mdfic, Mdfic2, Mdga2, Mdh1, Mdh2, Mdk, Mdm2, Mdm4, Meaf6, Mecom, Mecp2, Mecr, Med1, Med10, Med11, Med12, Med12l, Med13, Med13l, Med14, Med15, Med16, Med17, Med18, Med19, Med20, Med21, Med22, Med23, Med24, Med25, Med26, Med27, Med28, Med29, Med30, Med31, Med4, Med6, Med7, Med8, Med9, Mef2a, Mef2b, Mef2c, Mef2d, Mefv, Meg3, Megf8, Meioc, Meiosin, Meis1, Meis2, Meis3, Meltf, Men1, Meox1, Meox2, Mep1a, Mepce, Mertk, Mesd, Mesp1, Mesp2, Met, Metap1, Metap2, Mettl1, Mettl13, Mettl14, Mettl15, Mettl16, Mettl17, Mettl18, Mettl2, Mettl23, Mettl3, Mettl4, Mettl5, Mettl6, Mettl8, Mex3d, Mexis, Mfap1a, Mfap1b, Mfn2, Mfsd12, Mfsd2a, Mfsd8, Mga, Mgat1, Mgat2, Mgat3, Mgat4a, Mgat4b, Mgat4c, Mgat4d, Mgat4e, Mgat4f, Mgat5, Mgat5b, Mgll, Mgst2, Mgst3, Mical2, Mid1ip1, Mid2, Mideas, Mier1, Mier2, Mier3, Mif, Mif4gd, Minar2, Mipep, Mir100, Mir101a, Mir101b, Mir103-1, Mir103-2, Mir107, Mir10a, Mir122, Mir124-2hg, Mir1247, Mir124a-1, Mir124a-1hg, Mir124a-2, Mir124a-3, Mir125a, Mir125b-1, Mir125b-2, Mir127, Mir129, Mir129-1, Mir129-2, Mir133a-1, Mir133a-1hg, Mir133a-2, Mir133b, Mir134, Mir135a-1, Mir135a-2, Mir136, Mir137, Mir139, Mir140, Mir143, Mir144, Mir145b, Mir146, Mir150, Mir153, Mir154, Mir155, Mir15a, Mir17, Mir18, Mir181b-1, Mir181b-2, Mir182, Mir183, Mir184, Mir186, Mir188, Mir1896, Mir1934, Mir1954, Mir196a-1, Mir196a-2, Mir196b, Mir1a-1, Mir1a-2, Mir1b, Mir200a, Mir200b, Mir203, Mir204, Mir205, Mir205hg, Mir208a, Mir208b, Mir20a, Mir214, Mir216a, Mir216b, Mir217, Mir218, Mir218-1, Mir218-2, Mir219a-1, Mir219a-2, Mir21a, Mir21b, Mir21c, Mir221, Mir223, Mir23a, Mir23b, Mir24-1, Mir24-2, Mir25, Mir26a-1, Mir26a-2, Mir26b, Mir27a, Mir27b, Mir2861, Mir292, Mir293, Mir294, Mir295, Mir296, Mir29a, Mir29b-1, Mir29b-2, Mir29c, Mir301, Mir3065, Mir30a, Mir30b, Mir30c-1, Mir30c-2, Mir320, Mir324, Mir326, Mir33, Mir330, Mir338, Mir34a, Mir34b, Mir34c, Mir351, Mir370, Mir382, Mir3960, Mir409, Mir411, Mir423, Mir448, Mir449a, Mir449b, Mir449c, Mir450b, Mir451a, Mir451b, Mir452, Mir466, Mir466d, Mir466e, Mir466l, Mir470, Mir489, Mir494, Mir495, Mir499, Mir504, Mir505, Mir511, Mir539, Mir541, Mir543, Mir590, Mir664, Mir668, Mir669a-1, Mir669a-2, Mir669a-3, Mir669a-4, Mir669a-5, Mir669a-6, Mir675, Mir696, Mir7-1, Mir7-2, Mir702, Mir7116, Mir744, Mir7578, Mir7b, Mir873a, Mir874, Mir875, Mir883b, Mir9-1, Mir9-2, Mir9-3, Mir92-1, Mir92-2, Mir96, Mir98, Mirlet7a-1, Mirlet7a-2, Mirlet7b, Mirlet7c-1, Mirlet7c-2, Mirlet7e, Mirlet7g, Mis18a, Mitf, Mixl1, Mkks, Mknk1, Mknk2, Mkrn2, Mkx, Mlec, Mlf1, Mlf2, Mlh1, Mlip, Mllt1, Mllt10, Mllt11, Mllt3, Mllt6, Mlst8, Mlx, Mlxip, Mlxipl, Mlycd, Mme, Mmel1, Mmp12, Mmp14, Mmp16, Mmp7, Mmp8, Mms19, Mmut, Mn1, Mnat1, Mndal, Mnt, Mnx1, Mocos, Mocs1, Mocs2, Mocs3, Mog, Mogat1, Mogat2, Mogs, Morc1, Morc2a, Morc2b, Morc3, Morf4l1, Morf4l2, Mosmo, Mospd1, Mov10, Mov10l1, Moxd1, Moxd2, Mpc1, Mpc2, Mpdu1, Mphosph10, Mphosph6, Mphosph8, Mpi, Mpl, Mpo, Mppe1, Mpst, Mpv17l, Mpv17l2, Mr1, Mrgbp, Mri1, Mrm1, Mrm2, Mrm3, Mrpl1, Mrpl10, Mrpl11, Mrpl12, Mrpl13, Mrpl14, Mrpl15, Mrpl16, Mrpl17, Mrpl18, Mrpl19, Mrpl2, Mrpl20, Mrpl21, Mrpl22, Mrpl23, Mrpl24, Mrpl27, Mrpl28, Mrpl3, Mrpl30, Mrpl32, Mrpl33, Mrpl34, Mrpl35, Mrpl36, Mrpl37, Mrpl38, Mrpl39, Mrpl4, Mrpl40, Mrpl41, Mrpl42, Mrpl43, Mrpl44, Mrpl45, Mrpl46, Mrpl47, Mrpl48, Mrpl49, Mrpl50, Mrpl51, Mrpl52, Mrpl53, Mrpl54, Mrpl55, Mrpl57, Mrpl58, Mrpl9, Mrps10, Mrps11, Mrps12, Mrps14, Mrps15, Mrps16, Mrps17, Mrps18a, Mrps18b, Mrps18c, Mrps2, Mrps21, Mrps22, Mrps23, Mrps24, Mrps25, Mrps26, Mrps27, Mrps28, Mrps30, Mrps31, Mrps33, Mrps34, Mrps35, Mrps5, Mrps6, Mrps7, Mrps9, Mrrf, Mrtfa, Mrtfb, Mrto4, Msantd1, Msc, Msgn1, Msh2, Msh3, Msh6, Msi1, Msi2, Msl1, Msl2, Msl3, Msmo1, Msn, Msr1, Mst1, Mstn, Msx1, Msx1os, Msx2, Msx3, mt-Atp6, mt-Atp8, mt-Nd1, mt-Nd2, mt-Nd3, mt-Nd4, mt-Nd4l, mt-Nd5, mt-Nd6, mt-Rnr1, mt-Rnr2, mt-Ta, mt-Tc, mt-Td, mt-Te, mt-Tf, mt-Tg, mt-Th, mt-Ti, mt-Tk, mt-Tl1, mt-Tl2, mt-Tm, mt-Tn, mt-Tp, mt-Tq, mt-Tr, mt-Ts1, mt-Ts2, mt-Tt, mt-Tv, mt-Tw, mt-Ty, Mt3, Mta1, Mta2, Mta3, Mtap, Mtarc1, Mtarc2, Mtcl2, Mtdh, Mterf1a, Mterf1b, Mterf2, Mterf3, Mterf4, Mtf1, Mtf2, Mtfmt, Mtg1, Mtg2, Mthfd1, Mthfd1l, Mthfd2l, Mthfr, Mthfs, Mthfsl, Mtif2, Mtif3, Mto1, Mtor, Mtpap, Mtpn, Mtr, Mtres1, Mtrex, Mtrf1, Mtrf1l, Mtrfr, Mtrr, Mttp, Mturn, Muc1, Muc16, Muc19, Mul1, Mup1, Mup11, Mup2, Mup3, Mup4, Mup5, Musk, Mustn1, Mvd, Mvk, Mvp, Mxd1, Mxd3, Mxd4, Mxi1, Myadm, Myb, Mybbp1a, Mybl1, Mybl2, Myc, Mycbp, Mycbp2, Mycl, Mycn, Mycs, Myd88, Mydgf, Myef2, Myf5, Myf6, Myg1, Myh9, Myhas, Mylk2, Mynn, Myo1c, Myo5a, Myocd, Myod1, Myog, Myom1, Myoparr, Myoz1, Myoz2, Mypop, Myrf, Myrfl, Mysm1, Myt1, Myt1l, Mzb1, Mzf1, n-TCgca40, n-THgtg2, n-THgtg3, n-THgtg5, n-THgtg8, n-TRtct5, n-TUtca2, N4bp1, N4bp2l2, N6amt1, Naa10, Naa11, Naa12, Naa15, Naa16, Naa20, Naa50, Naa60, Naa80, Nab1, Nab2, Nacc1, Nacc2, Nadk, Nadk2, Nadsyn1, Naf1, Naglu, Nagpa, Nags, Naip5, Nampt, Nanog, Nanos1, Nanos2, Nanos3, Nanp, Nans, Naprt, Nars1, Nars2, Nat10, Nat8, Nat8b-ps, Nat8f1, Nat8f7, Nav3, Nbas, Nbdy, Nbn, Ncapg2, Ncbp1, Ncbp2, Ncbp3, Ncf1, Ncf2, Nck1, Nck2, Nckap1l, Ncl, Ncoa1, Ncoa2, Ncoa3, Ncoa6, Ncoa7, Ncor1, Ncor2, Ncstn, Ndfip1, Ndfip2, Ndn, Ndp, Ndrg2, Ndst1, Ndst2, Ndst3, Ndst4, Ndufa1, Ndufa10, Ndufa11, Ndufa12, Ndufa13, Ndufa2, Ndufa3, Ndufa5, Ndufa6, Ndufa7, Ndufa8, Ndufa9, Ndufab1, Ndufab1-ps, Ndufaf6, Ndufb1, Ndufb10, Ndufb11, Ndufb2, Ndufb3, Ndufb4, Ndufb5, Ndufb6, Ndufb7, Ndufb8, Ndufb9, Ndufc1, Ndufc2, Ndufs1, Ndufs2, Ndufs3, Ndufs4, Ndufs5, Ndufs6, Ndufs7, Ndufs8, Ndufv1, Ndufv2, Ndufv3, Necab1, Necab2, Necab3, Nedd4, Nedd8, Nek2, Nek4, Nek7, Nelfa, Nelfb, Nelfcd, Nelfe, Nell1, Nemf, Neo1, Nepn, Neurl1a, Neurod1, Neurod2, Neurod4, Neurod6, Neurog1, Neurog2, Neurog3, Nf1, Nfam1, Nfat5, Nfatc1, Nfatc2, Nfatc2ip, Nfatc3, Nfatc4, Nfe2, Nfe2l1, Nfe2l2, Nfe2l3, Nfia, Nfib, Nfic, Nfil3, Nfilz, Nfix, Nfkb1, Nfkb2, Nfkbia, Nfkbid, Nfkbie, Nfkbil1, Nfkbiz, Nfrkb, Nfs1, Nfx1, Nfxl1, Nfya, Nfyb, Nfyc, Ngdn, Ngf, Ngfr, Ngrn, Nhej1, Nhlh1, Nhlh2, Nhlrc1, Nhp2, Niban1, Niban2, Nicol1, Nif3l1, Nipal3, Nipbl, Nkap, Nkapl, Nkd2, Nkrf, Nktr, Nkx1-1, Nkx1-2, Nkx2-1, Nkx2-2, Nkx2-2os, Nkx2-3, Nkx2-4, Nkx2-5, Nkx2-6, Nkx2-9, Nkx3-1, Nkx3-2, Nkx6-1, Nkx6-2, Nkx6-3, Nlk, Nln, Nlrc3, Nlrc4, Nlrc5, Nlrp10, Nlrp12, Nlrp1a, Nlrp1b, Nlrp3, Nlrp5, Nlrp6, Nlrp9b, Nlrx1, Nmb, Nmbr, Nmd3, Nme1, Nme2, Nme3, Nme4, Nme5, Nme6, Nme7, Nme9, Nmi, Nmnat1, Nmnat2, Nmnat3, Nmrk1, Nmrk2, Nmt1, Nmt2, Nnmt, Nob1, Nobox, Noc2l, Noct, Nod1, Nod2, Nodal, Nog, Nol10, Nol11, Nol3, Nol6, Nol7, Nol8, Nol9, Nolc1, Nono, Nop10, Nop14, Nop2, Nop53, Nop9, Norad, Nos1, Nos2, Nos3, Nosip, Nostrin, Notch1, Notch2, Notch3, Notch4, Noto, Nova1, Nova2, Nox1, Nox4, Noxred1, Npas1, Npas2, Npas3, Npas4, Npat, Npc1, Npc1l1, Npc2, Nphs1, Nphs2, Nploc4, Npm1, Npm3, Npnt, Nppa, Nppb, Nppc, Npr1, Npr2, Nptn, Npy1r, Nqo1, Nr0b1, Nr0b2, Nr1d1, Nr1d2, Nr1h2, Nr1h3, Nr1h4, Nr1h5, Nr1i2, Nr1i3, Nr2c1, Nr2c2, Nr2e1, Nr2e3, Nr2f1, Nr2f2, Nr2f6, Nr3c1, Nr3c2, Nr4a1, Nr4a2, Nr4a3, Nr5a1, Nr5a2, Nr6a1, Nrarp, Nras, Nrbf2, Nrde2, Nrf1, Nrg1, Nrip1, Nrip2, Nrl, Nron, Nrxn1, Nsa2, Nscme3l, Nsd1, Nsd2, Nsd3, Nsdhl, Nsmce3, Nsrp1, Nsun2, Nsun3, Nsun4, Nsun5, Nsun6, Nt5e, Ntf3, Ntn3, Ntrk1, Ntrk2, Ntrk3, Nts, Ntsr1, Nucks1, Nudc, Nudcd2, Nudcd3, Nudt12, Nudt16, Nudt16l2, Nudt2, Nudt21, Nufip1, Nuggc, Nup107, Nup133, Nup155, Nup160, Nup214, Nup62, Nup85, Nup88, Nup93, Nup98, Nupr1, Nupr2, Nus1, Nutf2, Nutf2-ps1, Nvl, Nwd1, Nxf1, Nxf2, Nxf3, Nxf7, Nxt1, Nxt2, Oas1a, Oas1b, Oas1c, Oas1d, Oas1e, Oas1f, Oas1g, Oas1h, Oas2, Oas3, Oasl2, Oat, Oaz1, Oaz2, Oaz3, Obi1, Obox1, Obox2, Obox3, Obox4, Obox5, Obox6, Obox7, Obox8, Obp2a, Oca2, Ocln, Odam, Odc1, Oga, Ogfod1, Ogg1, Ogt, Olah, Olfm1, Olig1, Olig2, Olig3, Olr1, Oma1, Onecut1, Onecut2, Onecut3, Oog1, Oog2, Oog3, Opa1, Opn3, Oprd1, Oprm1, Optn, Ormdl1, Ormdl2, Ormdl3, Osbp, Oscar, Osgep, Osgepl1, Osm, Osr1, Osr2, Ost4, Ostc, Otc, Otp, Otud5, Otud6b, Otud7b, Otulin, Otx1, Otx2, Ovol1, Ovol2, Ovol3, Oxsm, P2rx1, P2rx2, P2rx4, P2rx7, P2ry1, P2ry2, P2ry6, P3h1, P3h3, P3h4, P4hb, Pa2g4, Pabpc1, Pabpc1l, Pabpc2, Pabpc4, Pabpn1, Pabpn1l, Padi2, Padi6, Paf1, Pagr1a, Pah, Paics, Paip1, Paip2, Paip2b, Pak1, Pak1ip1, Pak3, Pals1, Pam, Pam16, Pan2, Pan3, Pank1, Pank2, Pank3, Pank4, Pantr1, Pantr2, Panx1, Panx2, Panx3, Paox, Papola, Papolb, Papolg, Papss1, Papss2, Paqr4, Park7, Parl, Parn, Parp1, Parp10, Parp14, Parp16, Parp3, Parp9, Pars2, Pasd1, Pask, Pate6, Patl1, Patl2, Patz1, Paupar, Pawr, Pax1, Pax1dt, Pax2, Pax3, Pax4, Pax5, Pax6, Pax7, Pax8, Pax9, Paxbp1, Paxip1, Pbld1, Pbld2, Pbrm1, Pbx1, Pbx2, Pbx3, Pbx4, Pbxip1, Pcbd1, Pcbd2, Pcbp1, Pcbp2, Pcbp3, Pcbp4, Pcdha9, Pcf11, Pcgf1, Pcgf2, Pcgf3, Pcgf5, Pcgf6, Pcid2, Pcif1, Pck1, Pck2, Pclaf, Pcna, Pcsk1, Pcsk1n, Pcsk2, Pcsk4, Pcsk5, Pcsk6, Pcsk7, Pcsk9, Pcx, Pcyt1a, Pcyt1b, Pcyt2, Pdcd10, Pdcd11, Pdcd1lg2, Pdcd4, Pdcd5, Pdcd5-ps, Pdcd7, Pdcl, Pdcl2, Pdcl3, Pde12, Pde2a, Pde4b, Pde4d, Pde8b, Pdf, Pdgfa, Pdgfb, Pdgfra, Pdgfrb, Pdha1, Pdha2, Pdhb, Pdhx, Pdia2, Pdia3, Pdia4, Pdia5, Pdilt, Pdk1, Pdk2, Pdk3, Pdk4, Pdlim1, Pdrg1, Pdss1, Pdss2, Pdx1, Pdxk, Pdxp, Pebp1, Pecr, Peds1, Peg3, Peli1, Peli3, Pelo, Pelp1, Pemt, Per1, Per2, Per3, Perm1, Pes1, Pex14, Pex19, Pex2, Pex7, Pf4, Pfas, Pfdn1, Pfdn2, Pfdn4, Pfdn5, Pfdn6, Pfkfb1, Pfkm, Pfn1, Pgam1, Pgam2, Pgam5, Pgap1, Pgap2, Pgap3, Pgap4, Pgc, Pgd, Pgf, Pgk1, Pgk2, Pglyrp1, Pglyrp2, Pglyrp3, Pglyrp4, Pgm1, Pgm2, Pgm3, Pgp, Pgr, Pgrmc1, Pgs1, Phactr1, Phax, Phb1, Phb2, Phc1, Phc2, Phc3, Phex, Phf1, Phf10, Phf12, Phf14, Phf19, Phf2, Phf20, Phf20l1, Phf21a, Phf3, Phf5a, Phf6, Phf8, Phgdh, Phip, Phlda1, Phlda2, Phlpp1, Phlpp2, Phox2a, Phox2b, Phrf1, Pi4k2a, Pi4k2b, Pi4ka, Pi4kb, Pianp, Pias1, Pias2, Pias3, Pias4, Pibf1, Picalm, Pick1, Pid1, Pidd1, Pierce1, Pif1, Piga, Pigb, Pigc, Pigf, Pigg, Pigh, Pigk, Pigl, Pigm, Pign, Pigo, Pigp, Pigq, Pigs, Pigt, Pigu, Pigv, Pigw, Pigx, Pigyl, Pigz, Pih1d1, Pih1d2, Pik3c2a, Pik3c2b, Pik3c2g, Pik3c3, Pik3ca, Pik3cb, Pik3cd, Pik3cg, Pik3r1, Pik3r2, Pik3r3, Pik3r4, Pikfyve, Pim1, Pim2, Pin1, Pin1rt1, Pin4, Pink1, Pinx1, Pip, Pip4k2a, Pip4k2b, Pip4k2c, Pip5k1a, Pip5k1b, Pip5k1c, Pip5kl1, Pisd, Pithd1, Pitrm1, Pitx1, Pitx2, Pitx3, Piwil1, Piwil2, Piwil4, Pkd1, Pkd2, Pkhd1, Pkia, Pkib, Pkig, Pklr, Pkm, Pkn1, Pknox1, Pknox2, Pkp1, Pkp3, Pla2g10, Pla2g15, Pla2g1b, Pla2g2a, Pla2g3, Pla2g4a, Pla2g4c, Pla2g4f, Pla2g5, Pla2g6, Pla2r1, Plaat3, Plac8, Plag1, Plagl1, Plagl2, Plat, Platr14, Platr25, Plau, Plaur, Plcb1, Plcd1, Plce1, Plcg1, Plcg2, Pld1, Pld2, Pld3, Pld4, Pld6, Plec, Plek, Plekhn1, Plg, Plgrkt, Plin5, Plk1, Plk3, Plod2, Plod3, Plp1, Plpp1, Plpp3, Plrg1, Plscr1, Plscr3, Pltp, Plxnb2, Pm20d1, Pmel, Pmf1, Pmfbp1, Pml, Pmm1, Pmm2, Pmp22, Pmpca, Pmpcb, Pms2, Pmvk, Pnkp, Pnldc1, Pnlip, Pnliprp1, Pnliprp2, Pnmt, Pnn, Pnp, Pnp2, Pnpla1, Pnpla2, Pnpla3, Pnpla8, Pnpo, Pnpt1, Pnrc1, Pnrc2, Pofut1, Pofut2, Pogk, Poglut1, Poglut2, Poglut3, Pogz, Pola1, Pola2, Polb, Pold1, Pold2, Pold3, Pold4, Poldip2, Poldip3, Pole, Pole2, Pole3, Polg, Polg2, Polh, Poli, Polk, Poll, Polm, Poln, Polq, Polr1a, Polr1b, Polr1c, Polr1d, Polr1e, Polr1f, Polr1g, Polr1h, Polr2a, Polr2b, Polr2c, Polr2d, Polr2e, Polr2f, Polr2g, Polr2h, Polr2i, Polr2j, Polr2k, Polr2l, Polr2m, Polr3a, Polr3b, Polr3c, Polr3d, Polr3e, Polr3f, Polr3g, Polr3gl, Polr3h, Polr3k, Polrmt, Pomc, Pomgnt1, Pomgnt2, Pomk, Pomt1, Pomt2, Pop1, Pop4, Pop5, Pop7, Por, Porcn, Postn, Pot1a, Pot1b, Pou1f1, Pou2af1, Pou2af2, Pou2af3, Pou2f1, Pou2f2, Pou2f3, Pou3f1, Pou3f2, Pou3f3, Pou3f4, Pou4f1, Pou4f2, Pou4f3, Pou5f1, Pou5f2, Pou6f1, Pou6f2, Ppan, Ppara, Ppard, Pparg, Ppargc1a, Ppargc1b, Ppat, Ppcdc, Ppcs, Ppef1, Ppef2, Pphln1, Ppia, Ppib, Ppic, Ppid, Ppie, Ppif, Ppig, Ppih, Ppil1, Ppil2, Ppil3, Ppil4, Ppip5k1, Ppip5k2, Ppl, Ppm1a, Ppm1b, Ppm1d, Ppm1e, Ppm1f, Ppm1g, Ppm1h, Ppm1j, Ppm1k, Ppm1l, Ppm1m, Ppm1n, Ppme1, Ppox, Ppp1ca, Ppp1cb, Ppp1cc, Ppp1r11, Ppp1r12a, Ppp1r13l, Ppp1r15a, Ppp1r15b, Ppp1r1b, Ppp1r3a, Ppp1r3b, Ppp1r3c, Ppp1r3d, Ppp1r3e, Ppp1r3f, Ppp1r3g, Ppp1r8, Ppp2ca, Ppp2cb, Ppp2r5b, Ppp2r5d, Ppp3ca, Ppp3cb, Ppp3cc, Ppp3r1, Ppp4c, Ppp4r2, Ppp4r3a, Ppp4r3b, Ppp5c, Ppp6c, Pprc1, Pptc7, Ppwd1, Pqbp1, Pramel1, Pramel7, Prcp, Prdm1, Prdm10, Prdm11, Prdm12, Prdm13, Prdm14, Prdm15, Prdm16, Prdm2, Prdm4, Prdm5, Prdm6, Prdm8, Prdm9, Prdx2, Prdx3, Prdx5, Prdx6, Prdx6b, Preb, Prep, Prg2, Prg3, Prg4, Prickle1, Prim1, Prim2, Primpol, Prkaa1, Prkaa2, Prkab1, Prkab2, Prkaca, Prkacb, Prkag1, Prkag2, Prkag3, Prkar1a, Prkca, Prkcb, Prkcd, Prkch, Prkci, Prkcq, Prkcz, Prkd1, Prkd2, Prkdc, Prkg1, Prkg2, Prkn, Prkra, Prkrip1, Prl, Prl2c2, Prmt1, Prmt2, Prmt3, Prmt5, Prmt6, Prmt7, Prmt8, Prmt9, Prnp, Prop1, Prorp, Prox1, Prox2, Prpf18, Prpf19, Prpf3, Prpf31, Prpf38a, Prpf38b, Prpf39, Prpf4, Prpf40a, Prpf40b, Prpf4b, Prpf6, Prpf8, Prph2, Prps1, Prps1l1, Prps1l3, Prps2, Prpsap1, Prpsap2, Prr16, Prr5l, Prr7, Prrx1, Prrx2, Prss12, Prss37, Prss3b, Prss51, Prss57, Prss58, Prss59, Prx, Prxl2b, Psap, Psat1, Psen1, Psen2, Psenen, Psg18, Psg22, Psg23, Psip1, Psma6, Psmc3ip, Psmc5, Psmc6, Psmd10, Psmd9, Pspc1, Psph, Psrc1, Pstk, Ptafr, Ptbp1, Ptbp2, Ptbp3, Ptcd1, Ptcd2, Ptcd3, Ptch1, Ptdss1, Ptdss2, Pten, Ptf1a, Ptgds, Ptger2, Ptger3, Ptger4, Ptges, Ptges2, Ptges3, Ptges3-ps, Ptges3l, Ptgfr, Ptgis, Ptgr1, Ptgs1, Ptgs2, Ptgs2os, Ptgs2os2, Pth, Pth1r, Pth2, Pthlh, Ptk2b, Ptma, Ptms, Ptov1, Ptp4a3, Ptpa, Ptpmt1, Ptpn11, Ptpn2, Ptpn22, Ptpn6, Ptprc, Ptprj, Ptprk, Ptprn, Ptprq, Ptprs, Ptrh1, Ptrh2, Pts, Ptx3, Puf60, Pum1, Pum2, Pum3, Pura, Purb, Purg, Pus1, Pus10, Pus3, Pus7, Pus7l, Pusl1, Pvalb, Pwp1, Pwp2, Pwwp2a, Pwwp2b, Pxylp1, Pycard, Pycr1, Pycr2, Pycr3, Pygl, Pygo1, Pym1, Pyurf, Qars1, Qdpr, Qki, Qng1, Qprt, Qrich1, Qrsl1, Qsox1, Qsox2, Qtrt1, Qtrt2, Rab1a, Rab27a, Rab2b, Rab38, Rab3gap1, Rab3gap2, Rab7b, Rabgef1, Rabl3, Rac1, Rack1, Rad21, Rad50, Rad54l2, Raet1b, Raf1, Rag1, Rag2, Rai1, Ralgapa1, Raly, Ramac, Ramp1, Ramp2, Ramp3, Ranbp2, Rap1a, Rap1gds1, Rap2c, Rapgef2, Rapgef3, Rara, Rarb, Rarg, Rars1, Rars2, Rasal2, Rasd1, Rasgrp1, Rasl11a, Rax, Rb1, Rb1cc1, Rbak, Rbbp4, Rbbp5, Rbbp6, Rbbp7, Rbbp8, Rbbp9, Rbck1, Rbfa, Rbfox1, Rbfox2, Rbfox3, Rbl1, Rbl2, Rbm10, Rbm11, Rbm12, Rbm12b1, Rbm12b2, Rbm14, Rbm15, Rbm15b, Rbm17, Rbm20, Rbm22, Rbm24, Rbm25, Rbm28, Rbm3, Rbm31y, Rbm33, Rbm34, Rbm38, Rbm39, Rbm4, Rbm41, Rbm42, Rbm44, Rbm46, Rbm47, Rbm48, Rbm4b, Rbm5, Rbm6, Rbm7, Rbm8a, Rbm8a2, Rbms3, Rbmx, Rbmx2, Rbmxl1, Rbmxl2, Rbmy, Rbmyf1, Rbmyf3, Rbmyf6, Rbmyf9, Rbp1, Rbp4, Rbpj, Rbpjl, Rbpms, Rbpms2, Rbx1, Rbx1-ps, Rc3h1, Rc3h2, Rcc1l, Rce1, Rchy1, Rcl1, Rcn3, Rcor1, Rcor2, Rcor3, Rd3, Rdh1, Rdh10, Rdh16, Rdh16f2, Rdh19, Rdh9, Rdx, Recql5, Reg1, Rel, Rela, Relb, Reln, Ren1, Ren2, Reno1, Repin1, Rere, Resf1, Rest, Ret, Rev1, Rev3l, Rex2, Rexo1, Rexo4, Rexo5, Rfc1, Rfc2, Rfc3, Rfc4, Rfc5, Rfk, Rfpl4, Rft1, Rftn1, Rfx1, Rfx2, Rfx3, Rfx4, Rfx5, Rfx6, Rfx7, Rfx8, Rfxank, Rfxap, Rgcc, Rgma, Rgmb, Rgn, Rgs2, Rhbdd1, Rhebl1, Rho, Rhoa, Rhog, Rhoq, Rhox1, Rhox10, Rhox11, Rhox12, Rhox13, Rhox2a, Rhox2b, Rhox2c, Rhox2d, Rhox2f, Rhox2g, Rhox2h, Rhox3a, Rhox3c, Rhox3f, Rhox3g, Rhox3h, Rhox4a, Rhox4b, Rhox4c, Rhox4d, Rhox4e, Rhox4f, Rhox4g, Rhox5, Rhox6, Rhox7a, Rhox7b, Rhox8, Rhox9, Ric3, Ric8a, Ric8b, Rictor, Rida, Rif1, Rigi, Rims1, Rims2, Ring1, Riok1, Riok2, Riok3, Riox1, Riox2, Ripk1, Ripk2, Ripk3, Ripk4, Ripply1, Ripply2, Ripply3, Rit2, Rlf, Rlim, Rmnd1, Rnaseh2b, Rnasel, Rnf10, Rnf113a1, Rnf113a2, Rnf123, Rnf125, Rnf128, Rnf135, Rnf139, Rnf14, Rnf141, Rnf168, Rnf170, Rnf187, Rnf19b, Rnf2, Rnf20, Rnf207, Rnf216, Rnf220, Rnf25, Rnf26, Rnf26rt, Rnf31, Rnf4, Rnf40, Rnf6, Rnf8, Rngtt, Rnmt, Rnpc3, Rnpep, Rnps1, Rnu11, Rnu12, Rnu2-10, Rnu7, Ro60, Robo1, Rock1, Rock2, Rogdi, Rom1, Ror1, Ror2, Rora, Rorb, Rorc, Ros1, Rp9, Rpa1, Rpap1, Rpap2, Rpe65, Rpf1, Rpf2, Rpl10, Rpl10-ps3, Rpl10a, Rpl10l, Rpl11, Rpl12, Rpl13, Rpl13a, Rpl14, Rpl15, Rpl17, Rpl18, Rpl18a, Rpl19, Rpl21, Rpl22, Rpl22l1, Rpl23, Rpl23a, Rpl24, Rpl26, Rpl27, Rpl27a, Rpl27rt, Rpl28, Rpl29, Rpl3, Rpl30, Rpl31, Rpl32, Rpl32l, Rpl34, Rpl35, Rpl35a, Rpl36, Rpl36-ps12, Rpl36a, Rpl37, Rpl37a, Rpl38, Rpl39, Rpl39l, Rpl3l, Rpl4, Rpl41, Rpl5, Rpl6, Rpl6l, Rpl7, Rpl7a, Rpl7l1, Rpl8, Rpl9, Rpl9-ps6, Rplp0, Rplp1, Rplp1rt, Rplp2, Rpn1, Rpn2, Rpp14, Rpp21, Rpp25, Rpp25l, Rpp30, Rpp38, Rpp40, Rprd1a, Rprd1b, Rprd2, Rps10, Rps11, Rps12, Rps13, Rps14, Rps15, Rps15a, Rps16, Rps17, Rps18, Rps19, Rps2, Rps20, Rps21, Rps23, Rps24, Rps25, Rps26, Rps27, Rps27a, Rps27l, Rps27rt, Rps28, Rps29, Rps3, Rps3a1, Rps4x, Rps5, Rps6, Rps6-ps4, Rps6ka1, Rps6ka2, Rps6ka3, Rps6ka4, Rps6ka5, Rps6kb1, Rps6kb2, Rps7, Rps8, Rps9, Rpsa, Rptor, Rpusd1, Rpusd2, Rpusd3, Rpusd4, Rreb1, Rrm1, Rrm2, Rrm2b, Rrn3, Rrp1, Rrp15, Rrp1b, Rrp36, Rrp7a, Rrp8, Rrp9, Rrs1, Rsad1, Rsad2, Rsf1, Rsl1, Rsl24d1, Rslcan18, Rspo1, Rsrc1, Rsrp1, Rtca, Rtcb, Rtf1, Rtkn2, Rtl1, Rtn2, Rtn4, Rtn4ip1, Rtraf, Runx1, Runx1t1, Runx2, Runx3, Ruvbl1, Ruvbl2, Rwdd1, Rwdd3, Rxra, Rxrb, Rxrg, Rxylt1, Rybp, Rybp-ps, S100a1, S100a10, S100a13, S100a7a, S100a9, S100b, S1pr1, S1pr3, Safb, Safb2, Sall1, Sall2, Sall3, Sall4, Samd1, Samd11, Samd4, Samd4b, Samd7, Samd8, Samhd1, Sanbr, Sap130, Sap18, Sap18b, Sap25, Sap30, Sap30bp, Sap30l, Sarnp, Sars1, Sars2, Sart1, Sart3, Sash3, Sat1, Satb1, Satb2, Sav1, Saysd1, Sbds, Sbno1, Sbno2, Sc5d, Scaf1, Scaf11, Scaf4, Scaf8, Scai, Scamp5, Scand1, Scap, Scarb1, Scart2, Sccpdh, Scd1, Scd2, Scd3, Scd4, Scg5, Scgb1a1, Scimp, Scmh1, Scml2, Scml4, Scn2b, Scnm1, Scnn1b, Sco1, Scp2, Scrib, Scrt1, Scrt2, Scx, Sdcbp, Sde2, Sdf2, Sdf2l1, Sdha, Sdhb, Sdhc, Sdhd, Sdr16c5, Sdr42e1, Sds, Sec1, Sec11a, Sec11c, Sec14l2, Sec16b, Secisbp2, Seh1l, Selenof, Selenoi, Selenok, Selenos, Sem1, Sema4d, Sema7a, Senp1, Senp2, Sephs1, Sephs2, Sepsecs, Serac1, Serbp1, Serinc1, Serinc4, Serinc5, Serp1, Serpina12, Serpina1a, Serpina1b, Serpinb1a, Serpinb1b, Serpinb1c, Serpinb7, Serpine1, Serpine2, Serpinf1, Serpinf2, Serpinh1, Sertad1, Sertad2, Sertad3, Sesn2, Setbp1, Setd1a, Setd2, Setd3, Setd4, Setd5, Setd6, Setd7, Setdb1, Setdb2, Setmar, Setx, Sf1, Sf3a1, Sf3a2, Sf3a3, Sf3b1, Sf3b2, Sf3b3, Sf3b4, Sf3b5, Sf3b6, Sfmbt1, Sfmbt2, Sfn, Sfpq, Sfr1, Sfrp1, Sfrp2, Sfrp4, Sfrp5, Sfswap, Sftpd, Sgcb, Sgcg, Sgf29, Sgms1, Sgms1os1, Sgms2, Sgsm1, Sgta, Sh2b1, Sh2d1b1, Sh3bgrl, Sh3gl2, Sh3glb1, Sh3pxd2b, Sh3yl1, Shank3, Shc1, Shc4, Shfl, Shh, Shld1, Shld2, Shld3, Shmt1, Shmt2, Shox2, Sigirr, Siglec1, Siglecg, Sik1, Sik2, Sim1, Sim2, Sin3a, Sin3b, Sinhcaf, Sirpa, Sirt1, Sirt2, Sirt3, Sirt4, Sirt5, Sirt6, Sirt7, Siva1, Six1, Six2, Six3, Six4, Six5, Six6, Skap1, Ski, Skic2, Skic3, Skic8, Skil, Skint1, Skint10, Skint11, Skint2, Skint3, Skint4, Skint5, Skint6, Skint7, Skint8, Skint9, Skor1, Skor2, Sla2, Slamf1, Slamf6, Slamf9, Slbp, Slc10a7, Slc11a1, Slc11a2, Slc15a4, Slc19a2, Slc19a3, Slc1a1, Slc1a2, Slc1a3, Slc22a2, Slc24a3, Slc24a4, Slc24a5, Slc25a10, Slc25a11, Slc25a12, Slc25a13, Slc25a16, Slc25a19, Slc25a33, Slc25a37, Slc25a39, Slc25a42, Slc26a9, Slc27a1, Slc27a2, Slc27a5, Slc2a10, Slc2a4, Slc30a5, Slc30a8, Slc30a9, Slc34a1, Slc35a1, Slc35a4, Slc35b2, Slc35b4, Slc35c1, Slc35c2, Slc35d1, Slc35d2, Slc37a4, Slc38a1, Slc38a2, Slc38a3, Slc39a14, Slc39a5, Slc39a8, Slc3a1, Slc40a1, Slc44a4, Slc45a2, Slc45a3, Slc4a10, Slc4a5, Slc4a7, Slc51b, Slc52a2, Slc52a3, Slc5a3, Slc5a7, Slc6a3, Slc6a4, Slc6a9, Slc7a11, Slc7a2, Slc7a5, Slc7a6, Slc8a1, Slc8a2, Slc9a1, Slco3a1, Slfn1, Slfn14, Slfn2, Slirp, Slit2, Slit3, Slitrk1, Sltm, Slu7, Slx, Slx9, Slxl1, Sly, Smad1, Smad2, Smad3, Smad4, Smad5, Smad6, Smad7, Smad9, Smarca1, Smarca2, Smarca4, Smarca5, Smarcad1, Smarcal1, Smarcb1, Smarcc1, Smarcc2, Smarcd1, Smarcd2, Smarcd3, Smarce1, Smchd1, Smcr8, Smg1, Smg5, Smg6, Smg7, Smg8, Smg9, Smn1, Smndc1, Smo, Smoc2, Smpd1, Smpd2, Smpd3, Smpd4, Smpd5, Sms, Smtnl1, Smu1, Smyd1, Smyd2, Smyd3, Smyd5, Snai1, Snai2, Snai3, Snapc1, Snapc2, Snapc3, Snapc4, Snapc5, Snapin, Snca, Snd1, Snf8, Snhg17, Snhg20, Snip1, Snrnp200, Snrnp25, Snrnp27, Snrnp35, Snrnp40, Snrnp48, Snrnp70, Snrpa, Snrpa1, Snrpb, Snrpb2, Snrpc, Snrpd1, Snrpd2, Snrpd3, Snrpe, Snrpert, Snrpf, Snrpg, Snrpn, Snu13, Snw1, Snx12, Snx3, Snx5, Snx6, Soat1, Socs1, Socs5, Sod1, Sod2, Sohlh1, Sohlh2, Son, Sorbs1, Sorbs3, Sord, Sorl1, Sort1, Sos1, Sost, Sox1, Sox10, Sox11, Sox12, Sox13, Sox14, Sox15, Sox17, Sox18, Sox2, Sox21, Sox3, Sox30, Sox4, Sox5, Sox6, Sox7, Sox8, Sox9, Sp1, Sp100, Sp110, Sp140, Sp140l1, Sp140l2, Sp2, Sp3, Sp4, Sp5, Sp6, Sp7, Sp8, Sp9, Spag11a, Spag8, Spata22, Spcs1, Spcs2, Spcs3, Spdef, Spen, Spg21, Spg7, Sphk1, Sphk2, Spi1, Spib, Spic, Spin1, Spin2c, Spin2d, Spin2e, Spin2g, Spin2h, Spin4, Spindoc, Spink7, Spn, Spocd1, Spon1, Spon2, Spop, Spout1, Spp1, Sppl3, Spr, Sprtn, Spry2, Spta1, Sptb, Sptbn1, Sptlc1, Sptlc2, Sptlc3, Sptssa, Sptssb, Spty2d1, Spx, Spz1, Sqle, Sqstm1, Sra1, Srbd1, Src, Srd5a1, Srd5a2, Srd5a3, Srebf1, Srebf2, Srek1, Srek1ip1, Srf, Srfbp1, Srgn, Srm, Srp9, Srpk1, Srpk2, Srpk3, Srr, Srrd, Srrm1, Srrm2, Srrm4, Srrt, Srsf1, Srsf10, Srsf12, Srsf19, Srsf2, Srsf3, Srsf4, Srsf5, Srsf6, Srsf7, Srsf9, Sry, Ss18, Ss18l1, Ssb, Ssbp2, Ssbp3, Ssbp4, Ssc5d, Ssh1, Ssh2, Ssh3, Ssty1, Ssty2, Ssu72, Ssxa1, St13, St18, St3gal1, St3gal2, St3gal3, St3gal4, St3gal5, St3gal6, St6gal1, St6gal2, St6galnac1, St6galnac2, St6galnac3, St6galnac4, St6galnac5, St6galnac6, St8sia1, St8sia2, St8sia3, St8sia4, St8sia5, St8sia6, Stap1, Star, Stard3, Stard4, Stard7, Stat1, Stat2, Stat3, Stat4, Stat5a, Stat5b, Stat6, Stc2, Sting1, Stk11, Stk16, Stk3, Stk36, Stk40, Stmp1, Stn1, Stoml2, Stox1, Stox2, Stpg4, Stra8, Strap, Strm, Strn3, Stt3a, Stt3b, Stub1, Stx1b, Stx3, Stx4a, Sub1, Sucnr1, Suco, Suds3, Sufu, Sugp1, Sugp2, Sulf1, Sulf2, Sumo1, Sumo2, Supt16, Supt20, Supt3, Supt4a, Supt4b, Supt5, Supt6, Supt7l, Supv3l1, Suv39h1, Suv39h2, Suz12, Svep1, Svip, Swap70, Sycp1, Sycp3, Syf2, Syk, Sympk, Syncrip, Syt11, T, Tacc1, Taco1, Tada1, Tada2a, Tada2b, Tada3, Taf1, Taf10, Taf11, Taf12, Taf13, Taf15, Taf1a, Taf1b, Taf1c, Taf1d, Taf2, Taf3, Taf4, Taf4b, Taf5, Taf5l, Taf6, Taf6l, Taf7, Taf7l, Taf8, Taf9, Taf9b, Tafazzin, Tagln3, Tal1, Tal2, Tamm41, Tank, Tapbp, Tarbp1, Tarbp2, Tardbp, Tarm1, Tars1, Tars2, Tars3, Tasor, Tasor2, Tasp1, Tat, Tax1bp1, Tbc1d23, Tbca, Tbcb, Tbcc, Tbcd, Tbce, Tbcel, Tbk1, Tbl1x, Tbl1xr1, Tbl3, Tbp, Tbpl1, Tbpl2, Tbr1, Tbrg4, Tbx1, Tbx10, Tbx15, Tbx18, Tbx19, Tbx2, Tbx20, Tbx21, Tbx22, Tbx3, Tbx4, Tbx5, Tbx6, Tbxas1, Tcea1, Tcea2, Tcea3, Tceal7, Tceanc, Tceanc2, Tcerg1, Tcf12, Tcf15, Tcf19, Tcf20, Tcf21, Tcf23, Tcf24, Tcf25, Tcf3, Tcf4, Tcf7, Tcf7l1, Tcf7l2, Tcfl5, Tcirg1, Tcl1, Tcof1, Tcp1, Tcp10a, Tcp10b, Tcp10c, Tdg, Tdrd1, Tdrd12, Tdrd3, Tdrd5, Tdrd6, Tdrd7, Tdrd9, Tdrkh, Tead1, Tead2, Tead3, Tead4, Tecr, Tecrl, Tef, Tefm, Tek, Telo2, Ten1, Tenm1, Tenm2, Tent2, Tent4a, Tent4b, Tent5a, Tent5b, Tent5c, Tent5d, Terc, Terf1, Terf2, Terf2ip, Tert, Tesc, Tescl, Tesk1, Tesmin, Tet1, Tet2, Tet3, Tex12, Tex15, Tex19.1, Tex19.2, Tex24, Tfam, Tfap2a, Tfap2b, Tfap2c, Tfap2d, Tfap2e, Tfap4, Tfb1m, Tfb2m, Tfcp2, Tfcp2l1, Tfdp1, Tfdp2, Tfe3, Tfeb, Tfec, Tfip11, Tfpt, Tfr2, Tfrc, Tg, Tgfb1, Tgfb1i1, Tgfb2, Tgfb3, Tgfbr1, Tgfbr2, Tgfbr3, Tgfbrap1, Tgif1, Tgif2, Tgm2, Tgs1, Th, Tha1, Thada, Thap1, Thap11, Thap3, Thap7, Thbs1, Thg1l, Thnsl2, Thoc1, Thoc2, Thoc2l, Thoc3, Thoc5, Thoc6, Thoc7, Thra, Thrap3, Thrb, Thrsp, Thtpa, Thumpd1, Thumpd2, Thumpd3, Tia1, Tial1, Ticam1, Ticam2, Tifab, Tigit, Timeless, Timm17a, Timm23, Tinf2, Tiparp, Tirap, Tk1, Tk2, Tkt, Tlcd3b, Tle1, Tle2, Tle3, Tle4, Tle5, Tle6, Tll1, Tll2, Tlr1, Tlr2, Tlr3, Tlr4, Tlr5, Tlr6, Tlr7, Tlr8, Tlr9, Tlx1, Tlx2, Tlx3, Tm7sf2, Tm9sf2, Tmbim6, Tmed10, Tmed10-ps, Tmed2, Tmeff2, Tmem106a, Tmem107, Tmem119, Tmem131, Tmem135, Tmem14a, Tmem14c, Tmem150a, Tmem165, Tmem208, Tmem258, Tmem260, Tmem38b, Tmem41b, Tmem59, Tmem68, Tmem98, Tmf1, Tmigd3, Tmlhe, Tmpo, Tmprss12, Tmprss2, Tmprss4, Tmprss6, Tmprss9, Tmsb4x, Tmt1a, Tmt1a2, Tmt1a3, Tmtc1, Tmtc2, Tmtc3, Tmtc4, Tmx1, Tnc, Tnf, Tnfaip3, Tnfaip8, Tnfrsf11a, Tnfrsf13c, Tnfrsf14, Tnfrsf1a, Tnfrsf1b, Tnfrsf21, Tnfrsf4, Tnfrsf8, Tnfsf11, Tnfsf13, Tnfsf13b, Tnfsf15, Tnfsf18, Tnfsf4, Tnfsf8, Tnfsf9, Tnip1, Tnip2, Tnip3, Tnks, Tnni2, Tnp1, Tnp2, Tnrc6a, Tnrc6b, Tnrc6c, Tob1, Tob2, Toe1, Tomm70a, Top1, Top2a, Top2b, Topaz1, Topors, Tor1a, Tor1b, Tor2a, Tox, Tox2, Tox3, Tox4, Tph1, Tph2, Tpi1, Tpk1, Tpo, Tpr, Tprkb, Tra2a, Tra2b, Tradd, Traf1, Traf2, Traf3, Traf3ip1, Traf3ip2, Traf3ip3, Traf5, Traf6, Traf7, Traip, Trak2, Tram2, Trap1, Trappc2, Trappc9, Trdmt1, Trem1, Trem2, Trem3, Trerf1, Trex1, Trf, Triap1, Trib1, Trib2, Trib3, Tril, Trim11, Trim12a, Trim12c, Trim13, Trim14, Trim15, Trim17, Trim21, Trim24, Trim25, Trim26, Trim27, Trim28, Trim29, Trim30a, Trim30b, Trim30c, Trim30d, Trim31, Trim32, Trim33, Trim34a, Trim34b, Trim37, Trim38, Trim39, Trim40, Trim43a, Trim43b, Trim43c, Trim44, Trim5, Trim52, Trim55, Trim56, Trim58, Trim6, Trim60, Trim61, Trim62, Trim63, Trim65, Trim66, Trim68, Trim71, Trim75, Trim8, Trip11, Trip12, Trip4, Trit1, Trmo, Trmt1, Trmt10a, Trmt10b, Trmt10c, Trmt11, Trmt112, Trmt12, Trmt13, Trmt1l, Trmt2a, Trmt2b, Trmt44, Trmt5, Trmt6, Trmt61a, Trmt9b, Trmu, Trnau1ap, Trnt1, Tro, Trp53, Trp53bp1, Trp53cor1, Trp53inp1, Trp53inp2, Trp53rkb, Trp63, Trp73, Trpc1, Trpc2, Trpm4, Trps1, Trpt1, Trpv1, Trpv4, Trrap, Trub1, Trub2, Tsc1, Tsc2, Tsc22d1, Tsc22d2, Tsc22d3, Tsc22d4, Tsen15, Tsen2, Tsen34, Tsen54, Tsfm, Tsg101, Tshz1, Tshz2, Tshz3, Tsix, Tsku, Tslp, Tsn, Tsnax, Tspan10, Tspan14, Tspan15, Tspan17, Tspan33, Tspan5, Tspan8, Tspo, Tsr1, Tsr2, Tsr3, Tssc4, Tssk4, Ttbk1, Ttc21b, Ttc39aos1, Ttc4, Ttc5, Ttc7, Ttc7b, Ttf1, Ttf2, Ttn, Ttyh1, Tuba1a, Tufm, Tug1, Tunar, Tusc2, Tusc3, Tut1, Tut4, Tut7, Twist1, Twist2, Twnk, Twsg1, Txk, Txn1, Txndc5, Txnip, Txnl4a, Txnl4b, Tyk2, Tyms, Tyr, Tyrobp, Tyrp1, Tysnd1, Tyw1, Tyw3, Tyw5, U2af1, U2af1l4, U2af2, U2surp, Uaca, Uap1, Uap1l1, Uba3, Uba5, Uba52, Ubac1, Ubash3a, Ube2e1, Ube2i, Ube2j1, Ube2l3, Ube2n, Ube3a, Ube4b, Ubiad1, Ubl5, Ubl5b, Ublcp1, Ubp1, Ubr2, Ubr4, Ubr5, Ubtf, Ubtfl1, Ubxn2a, Uchl1os, Uchl5, Uck1, Uck2, Uckl1, Ucn, Ucn2, Ucp1, Uevld, Ufc1, Ufd1, Ufl1, Ufsp1, Ufsp2, Ugcg, Ugdh, Uggt1, Uggt2, Ugp2, Ugt1a6a, Ugt8a, Uhmk1, Uhrf1, Uhrf2, Uimc1, Ulbp1, Ulk1, Ulk4, Umod, Umodl1, Umps, Unc45a, Unc45b, Unc93b1, Uncx, Ung, Unk, Upb1, Upf1, Upf2, Upf3a, Upf3b, Upk3b, Upp1, Upp2, Uprt, Uqcc2, Uqcc3, Urb1, Uri1, Urm1, Urod, Uros, Usb1, Usf1, Usf2, Usf3, Usp10, Usp13, Usp15, Usp16, Usp17le, Usp2, Usp21, Usp22, Usp25, Usp3, Usp36, Usp39, Usp4, Usp47, Usp49, Usp50, Usp7, Uspl1, Utf1, Utp11, Utp14a, Utp14b, Utp15, Utp18, Utp20, Utp23, Utp25, Utp3, Utp4, Utp6, Uts2, Uty, Uvrag, Uxs1, Uxt, Vac14, Vangl2, Vapa, Vapb, Vars1, Vars2, Vash1, Vax1, Vax2, Vbp1, Vcp, Vdac1, Vdr, Vegfa, Vegfb, Vegfd, Vezf1, Vgll1, Vgll2, Vgll3, Vgll4, Vhl, Vim, Vip, Virma, Vkorc1, Vpreb1a, Vpreb3, Vps13a, Vps35, Vps54, Vps72, Vrtn, Vsig4, Vsir, Vstm2a, Vsx1, Vsx2, Vtcn1, Wac, Wars1, Wars2, Was, Wasl, Wbp11, Wbp2, Wbp2nl, Wbp4, Wdhd1, Wdr12, Wdr18, Wdr3, Wdr33, Wdr35, Wdr36, Wdr4, Wdr43, Wdr45, Wdr45b, Wdr46, Wdr5, Wdr55, Wdr6, Wdr72, Wdr74, Wdr75, Wdr77, Wdr82, Wdr83, Wdr83os, Wdtc1, Wfs1, Whrn, Wincr1, Wipi1, Wipi2, Wiz, Wnk1, Wnk4, Wnt1, Wnt10a, Wnt10b, Wnt11, Wnt16, Wnt2, Wnt3, Wnt3a, Wnt4, Wnt5a, Wnt6, Wnt7a, Wnt7b, Wnt8b, Wrap53, Wrn, Wrnip1, Wt1, Wtap, Wtip, Wwc1, Wwc2, Wwox, Wwp1, Wwp2, Wwtr1, Xab2, Xaf1, Xbp1, Xcl1, Xdh, Xiap, Xist, Xpa, Xpc, Xpnpep3, Xpo1, Xpo5, Xrcc4, Xrcc5, Xrcc6, Xrn1, Xrn2, Xxylt1, Xylb, Xylt1, Xylt2, Yaf2, Yap1, Yars1, Yars2, Ybey, Ybx1, Ybx2, Ybx3, Yeats2, Yeats4, Yes1, Yipf5, Yju2, Yju2b, Ylpm1, Yme1l1, Yrdc, Ythdc1, Ythdf1, Ythdf2, Ythdf3, Ywhab, Ywhah, Ywhaq, Ywhaq-ps3, Ywhaz, Yy1, Yy2, Zar1, Zar1l, Zbed3, Zbed4, Zbed6, Zbtb1, Zbtb10, Zbtb11, Zbtb12, Zbtb14, Zbtb16, Zbtb17, Zbtb18, Zbtb2, Zbtb20, Zbtb21, Zbtb22, Zbtb24, Zbtb25, Zbtb26, Zbtb3, Zbtb32, Zbtb33, Zbtb34, Zbtb37, Zbtb38, Zbtb39, Zbtb4, Zbtb40, Zbtb41, Zbtb42, Zbtb43, Zbtb45, Zbtb46, Zbtb47, Zbtb48, Zbtb49, Zbtb5, Zbtb6, Zbtb7a, Zbtb7b, Zbtb7c, Zbtb8a, Zbtb8b, Zbtb8os, Zbtb9, Zc3h10, Zc3h11a, Zc3h12a, Zc3h12d, Zc3h13, Zc3h14, Zc3h15, Zc3h18, Zc3h3, Zc3h4, Zc3h6, Zc3h7a, Zc3h7b, Zc3h8, Zc3hav1, Zc4h2, Zcchc12, Zcchc13, Zcchc17, Zcchc3, Zcchc4, Zcchc7, Zcchc8, Zcrb1, Zdbf2, Zdhhc1, Zdhhc11, Zdhhc12, Zdhhc14, Zdhhc15, Zdhhc16, Zdhhc17, Zdhhc18, Zdhhc19, Zdhhc2, Zdhhc20, Zdhhc21, Zdhhc22, Zdhhc23, Zdhhc3, Zdhhc5, Zdhhc6, Zdhhc7, Zdhhc8, Zdhhc9, Zeb1, Zeb2, Zfa-ps, Zfat, Zfhx2, Zfhx3, Zfhx4, Zfp1, Zfp1004, Zfp1005, Zfp1006, Zfp1007, Zfp101, Zfp1010, Zfp105, Zfp11, Zfp110, Zfp111, Zfp112, Zfp113, Zfp119a, Zfp119b, Zfp12, Zfp120, Zfp125, Zfp128, Zfp13, Zfp131, Zfp14, Zfp141, Zfp142, Zfp143, Zfp146, Zfp148, Zfp157, Zfp160, Zfp169, Zfp174, Zfp175, Zfp180, Zfp182, Zfp184, Zfp189, Zfp2, Zfp202, Zfp212, Zfp213, Zfp217, Zfp219, Zfp229, Zfp236, Zfp239, Zfp24, Zfp248, Zfp251, Zfp26, Zfp260, Zfp263, Zfp266, Zfp267, Zfp268, Zfp27, Zfp273, Zfp275, Zfp276, Zfp28, Zfp280b, Zfp280c, Zfp280d, Zfp281, Zfp286, Zfp287, Zfp292, Zfp296, Zfp3, Zfp30, Zfp316, Zfp317, Zfp318, Zfp319, Zfp322a, Zfp324, Zfp326, Zfp329, Zfp334, Zfp335, Zfp341, Zfp345, Zfp35, Zfp352, Zfp354a, Zfp354b, Zfp354c, Zfp358, Zfp36, Zfp362, Zfp366, Zfp367, Zfp369, Zfp36l1, Zfp36l2, Zfp36l3, Zfp37, Zfp382, Zfp383, Zfp384, Zfp385a, Zfp386, Zfp39, Zfp395, Zfp397, Zfp398, Zfp40, Zfp407, Zfp408, Zfp41, Zfp410, Zfp418, Zfp42, Zfp420, Zfp422, Zfp423, Zfp426, Zfp429, Zfp433, Zfp438, Zfp442, Zfp444, Zfp445, Zfp446, Zfp449, Zfp451, Zfp454, Zfp455, Zfp456, Zfp457, Zfp458, Zfp459, Zfp46, Zfp462, Zfp467, Zfp469, Zfp472, Zfp473, Zfp488, Zfp493, Zfp503, Zfp507, Zfp51, Zfp512b, Zfp513, Zfp516, Zfp518a, Zfp518b, Zfp52, Zfp521, Zfp523, Zfp524, Zfp53, Zfp534, Zfp536, Zfp54, Zfp541, Zfp551, Zfp553, Zfp558, Zfp560, Zfp563, Zfp566, Zfp568, Zfp57, Zfp574, Zfp575, Zfp579, Zfp58, Zfp580, Zfp582, Zfp583, Zfp59, Zfp593, Zfp595, Zfp597, Zfp598, Zfp599, Zfp60, Zfp600, Zfp605, Zfp606, Zfp607a, Zfp607b, Zfp608, Zfp609, Zfp612, Zfp616, Zfp617, Zfp619, Zfp62, Zfp623, Zfp626, Zfp628, Zfp629, Zfp637, Zfp638, Zfp639, Zfp64, Zfp641, Zfp644, Zfp646, Zfp647, Zfp648, Zfp65, Zfp652, Zfp653, Zfp654, Zfp655, Zfp658, Zfp661, Zfp663, Zfp664, Zfp667, Zfp668, Zfp672, Zfp677, Zfp68, Zfp683, Zfp689, Zfp69, Zfp691, Zfp692, Zfp696, Zfp697, Zfp7, Zfp703, Zfp704, Zfp706, Zfp707, Zfp708, Zfp709, Zfp710, Zfp711, Zfp712, Zfp715, Zfp719, Zfp72, Zfp729a, Zfp729b, Zfp735, Zfp738, Zfp74, Zfp740, Zfp746, Zfp747, Zfp747l1, Zfp748, Zfp750, Zfp758, Zfp759, Zfp760, Zfp763, Zfp764, Zfp764l1, Zfp768, Zfp770, Zfp771, Zfp772, Zfp773, Zfp775, Zfp777, Zfp78, Zfp780b, Zfp784, Zfp786, Zfp787, Zfp788, Zfp790, Zfp791, Zfp799, Zfp804a, Zfp808, Zfp809, Zfp81, Zfp810, Zfp811, Zfp819, Zfp82, Zfp820, Zfp821, Zfp825, Zfp827, Zfp830, Zfp84, Zfp846, Zfp85, Zfp850, Zfp853, Zfp865, Zfp866, Zfp867, Zfp868, Zfp869, Zfp87, Zfp870, Zfp871, Zfp872, Zfp873, Zfp874a, Zfp874b, Zfp879, Zfp882, Zfp9, Zfp90, Zfp91, Zfp92, Zfp93, Zfp930, Zfp931, Zfp932, Zfp933, Zfp934, Zfp935, Zfp936, Zfp937, Zfp938, Zfp940, Zfp941, Zfp942, Zfp943, Zfp944, Zfp945, Zfp946, Zfp947, Zfp948, Zfp949, Zfp950, Zfp951, Zfp952, Zfp954, Zfp955a, Zfp955b, Zfp956, Zfp958, Zfp959, Zfp960, Zfp961, Zfp963, Zfp964, Zfp966, Zfp97, Zfp970, Zfp971, Zfp973, Zfp974, Zfp975, Zfp976, Zfp977, Zfp979, Zfp980, Zfp981, Zfp982, Zfp983, Zfp984, Zfp985, Zfp987, Zfp988, Zfp989, Zfp990, Zfp991, Zfp992, Zfp994, Zfp995, Zfp998, Zfpm1, Zfpm2, Zfta, Zfx, Zfy1, Zfy2, Zg16, Zglp1, Zgpat, Zgrf1, Zhx1, Zhx2, Zhx3, Zic1, Zic2, Zic3, Zic4, Zic5, Zik1, Zim1, Zkscan1, Zkscan14, Zkscan16, Zkscan17, Zkscan2, Zkscan3, Zkscan4, Zkscan5, Zkscan6, Zkscan7, Zkscan8, Zmat2, Zmat5, Zmiz1, Zmiz2, Zmpste24, Zmym2, Zmym5, Zmynd10, Zmynd11, Zmynd15, Zmynd8, Znfx1, Zng1, Znhit1, Znhit3, Znhit6, Zp3, Zpbp2, Zpr1, Zranb2, Zrsr2, Zrsr2-ps1, Zscan10, Zscan12, Zscan2, Zscan20, Zscan21, Zscan22, Zscan25, Zscan26, Zscan29, Zscan4-ps1, Zscan4-ps2, Zscan4-ps3, Zscan4b, Zscan4c, Zscan4d, Zscan4e, Zscan4f, Zscan5b, Zswim8, Zxdb, Zxdc, Zzz3
GO:0009059	macromolecule biosynthetic process	7094	167	103.34	3.7e-12	7.14285e-9	1700017N19Rik, 1810024B03Rik, 2010315B03Rik, 2610008E11Rik, 2610021A01Rik, 2810021J22Rik, 4930402K13Rik, 4930447C04Rik, 4930480E11Rik, 4930522L14Rik, 4930568D16Rik, 4931414P19Rik, 5730507C01Rik, 6030468B19Rik, 6430550D23Rik, 9630013A20Rik, a, A1cf, A430033K04Rik, A4gnt, A630001G21Rik, Aamdc, Aanat, Aar2, Aars1, Aars2, Aarsd1, Aasdhppt, Aatf, Abca1, Abca2, Abca7, Abcb10, Abcc2, Abcc5, Abcc6, Abcc8, Abcc9, Abcd1, Abcd2, Abce1, Abcf1, Abcg4, Abhd14b, Abl1, Abl2, Ablim1, Ablim2, Ablim3, Abo, Abra, Abt1, Abtb1, Acadm, Acan, Acbd7, Acd, Ace, Ace2, Acer2, Acin1, Ackr1, Aco1, Acod1, Acot8, Acp4, Acp5, Acss2, Acta1, Acta2, Actb, Actc1, Actg1, Actg2, Actl6a, Actl6b, Actmap, Actn1, Actn2, Actn4, Actr2, Actr3, Actr5, Actr6, Actr8, Actrt1, Acvr1, Acvr1b, Acvr2a, Acvr2b, Acvrl1, Adad1, Adad2, Adam10, Adam17, Adam19, Adam2, Adam3, Adam33, Adam8, Adam9, Adamts2, Adamts3, Adar, Adarb1, Adarb2, Adat1, Adat2, Adat3, Adcy1, Adcy7, Adcy8, Adcyap1, Adgrf1, Adgrg1, Adgrg3, Adipoq, Adipor2, Adm2, Adnp, Adnp2, Adora2a, Adora2b, Adora3, Adra2a, Adrb2, Adrm1, Adrm1b, Adtrp, Aebp1, Aebp2, Aen, Afap1l2, Afdn, Aff1, Aff2, Aff3, Aff4, Afg3l1, Afg3l2, Agap2, Ager, Ago1, Ago2, Ago3, Ago4, Agpat1, Agpat2, Agr2, Agrn, Agt, Agtr1a, Agtr2, Ahcyl1, Ahdc1, Ahi1, Ahnak, Ahnak2, Ahr, Ahrr, Ahsa1, Ahsa2, Ahsp, AI854703, AI987944, Aicda, Aif1, Aim2, Aimp1, Aimp2, Aire, Airn, Ajuba, Ak6, Akap12, Akap17b, Akap5, Akap6, Akap8, Akap8l, Akirin1, Akirin2, Akna, Akr1c6, Akt1, Akt2, Alas1, Alas2, Aldh1a2, Alg1, Alg10b, Alg11, Alg12, Alg13, Alg14, Alg2, Alg3, Alg5, Alg6, Alg8, Alg9, Alkbh1, Alkbh3, Alkbh4, Alkbh5, Alkbh8, Alox12, Alox12b, Alox5, Alox8, Alpk2, Alx1, Alx3, Alx4, Alyref, Alyref2, Alyreffm1, Alyreffm10, Alyreffm11, Alyreffm14, Alyreffm2, Alyreffm3, Alyreffm4, Alyreffm5, Alyreffm6, Alyreffm7, Alyreffm8, Alyreffm9, Ambp, Ambra1, Amh, Amot, Amotl2, Anapc2, Ang, Ang2, Ang3, Ang4, Ang5, Ang6, Angel2, Angpt1, Angpt2, Angptl8, Ank, Ank2, Ank3, Ankra2, Ankrd1, Ankrd11, Ankrd16, Ankrd2, Ankrd23, Ankrd42, Ankrd49, Ankzf1, Anpep, Anxa1, Anxa2, Anxa3, Anxa4, Anxa7, Ap2a1, Ap3b1, Ap3d1, Ap5z1, Apba1, Apba2, Apba3, Apbb1, Apbb2, Apbb3, Apex1, Aph1a, Aph1b, Aph1c, Aplf, Apln, Aplnr, Aplp1, Apoa1, Apoa2, Apob, Apobec1, Apobec2, Apobec3, Apobec4, Apod, Apoe, Apoh, App, Appl1, Appl2, Aqp11, Aqp4, Aqr, Ar, Arap1, Arb2a, Arf4, Arfgef1, Arfgef2, Arg1, Arg2, Arglu1, Arhgef11, Arhgef2, Arhgef5, Arid1a, Arid1b, Arid2, Arid3a, Arid3b, Arid3c, Arid4a, Arid4b, Arid5a, Arid5b, Arl2, Arl2bp, Arl6ip4, Armc7, Armcx3, Arnt, Arnt2, Arrb1, Arrb2, Arrdc4, Arsg, Arvcf, Arx, Arxes1, Arxes2, Ascc1, Ascc2, Ascc3, Ascl1, Ascl2, Ascl3, Ascl4, Ascl5, Ash1l, Ash2l, Asph, Asprv1, Astl, Asxl1, Asxl2, Asxl3, Asz1, Atad2, Atad2b, Atad5, Atf1, Atf1-ps, Atf2, Atf3, Atf4, Atf5, Atf6, Atf6b, Atf7, Atf7ip, Atf7ip2, Atg10, Atg101, Atg12, Atg13, Atg14, Atg16l1, Atg16l2, Atg4a, Atg4a-ps, Atg4b, Atg4c, Atg4d, Atg5, Atg7, Atg9a, Atm, Atmin, Atn1, Atoh1, Atoh7, Atoh8, Atp13a2, Atp1b1, Atp1b4, Atp23, Atp2b1, Atp2b4, Atp4b, Atp6ap2, Atp6v1b1, Atp7a, Atp8b1, Atr, Atraid, Atrx, Atxn1, Atxn1l, Atxn7, Atxn7l3, Atxn7l3b, AU041133, Aurka, Aurkaip1, Aurkb, Auts2, Avp, Avpr2, AW146154, Axin1, Axin2, Axl, Aym1, Azi2, B020011L13Rik, B2m, B3galnt1, B3galnt2, B3galt1, B3galt2, B3galt4, B3galt5, B3galt6, B3galt9, B3gat1, B3gat2, B3gat3, B3glct, B3gnt2, B3gnt3, B3gnt4, B3gnt5, B3gnt6, B3gnt7, B3gnt8, B3gnt9, B3gntl1, B4galnt2, B4galnt3, B4galnt4, B4galt1, B4galt2, B4galt3, B4galt4, B4galt5, B4galt6, B4galt7, B4gat1, Bace1, Bace2, Bach1, Bach2, Bag1, Bag2, Bag5, Bahd1, Bak1, Bambi, Banf1, Bank1, Banp, Bap1, Barhl1, Barhl2, Barx1, Barx2, Basp1, Batf, Batf2, Batf3, Baz1a, Baz1b, Baz2a, Bbip1, Bbln, Bbs2, Bbs4, Bbs7, Bbx, BC005624, BC024063, Bc1, Bcas2, Bcas3, Bcdin3d, Bcl10, Bcl11a, Bcl11b, Bcl2, Bcl2l12, Bcl3, Bcl6, Bcl6b, Bcl7a, Bcl7b, Bcl7c, Bcl9, Bcl9l, Bclaf1, Bclaf3, Bcor, Bcorl1, Bdnf, Bdp1, Bend2, Bend3, Bend5, Bend6, Bex2, Bhlha15, Bhlha9, Bhlhe22, Bhlhe23, Bhlhe40, Bhlhe41, Bicra, Bicral, Bin1, Birc2, Birc5, Blm, Blnk, Bloc1s2, Bloc1s6, Bloodlinc, Bmal1, Bmal2, Bmi1, Bmncr, Bmp1, Bmp10, Bmp15, Bmp2, Bmp3, Bmp4, Bmp5, Bmp6, Bmp7, Bmpr1a, Bmpr1b, Bmpr2, Bms1, Bmyc, Bnc1, Bnc2, Bola3, Boll, Bop1, Bpi, Bptf, Braf, Brca1, Brca2, Brd1, Brd2, Brd3, Brd4, Brd7, Brd8, Brd9, Brdt, Brf1, Brf2, Brinp1, Brip1, Brix1, Brms1, Brms1l, Brpf1, Brpf3, Brwd1, Brwd3, Bsg, Bst2, Bsx, Btaf1, Btbd18, Btg2, Btg4, Btk, Btn1a1, Btn2a2, Btnl1, Btnl10, Btnl12, Btnl2, Btnl4, Btnl6, Btnl9, Btrc, Bud13, Bud23, Bud31, Bvht, Bysl, Bzw1, Bzw2, C1d, C1galt1, C1galt1c1, C1qbp, C1qtnf1, C1qtnf2, C1qtnf3, C1qtnf4, C1ra, C1rb, C1rl, C2cd3, C3, C3ar1, C5ar1, C5ar2, Cacng7, Cactin, Cadm1, Calcoco1, Calcr, Calhm6, Calr, Calr3, Calr4, Camk1, Camk1d, Camk2a, Camk2d, Camk4, Camp, Camta1, Camta2, Cand1, Cant1, Canx, Capn1, Capn2, Capn3, Caprin1, Caprin2, Card11, Card14, Card9, Carf, Carhsp1, Carlr, Carm1, Carmil2, Carmn, Cars1, Cars2, Cartpt, Casc3, Cask, Casp1, Casp12, Casp2, Casp3, Casp4, Casp6, Casp7, Casp8, Casp8ap2, Casp9, Casr, Casz1, Cat, Cav1, Cavin1, Cavin2, Cavin3, Cavin4, Cbfa2t2, Cbfa2t3, Cbfb, Cbll1, Cbx1, Cbx2, Cbx3, Cbx4, Cbx5, Cbx6, Cbx7, Cbx8, Cby1, Cc2d1a, Cc2d1b, Ccar1, Ccar2, Ccbe1, Ccdc124, Ccdc146, Ccdc159, Ccdc3, Ccdc47, Ccdc62, Ccdc85b, Ccdc88b, Ccl1, Ccl19, Ccl2, Ccl20, Ccl21a, Ccl3, Ccl4, Ccl5, Ccm2l, Ccn1, Ccn2, Ccn3, Ccn4, Ccna2, Ccnb1, Ccnc, Ccnd1, Ccnd3, Ccne1, Ccnh, Ccnk, Ccnl1, Ccnl2, Ccnq, Ccnt1, Ccnt2, Ccpg1, Ccr1, Ccr1l1, Ccr2, Ccr5, Ccr6, Ccr7, Cct2, Cct3, Cct4, Cct5, Cct6a, Cct6b, Cct7, Cct8, Cct8l1, Cd14, Cd160, Cd1d1, Cd1d2, Cd2, Cd200, Cd200r1, Cd209b, Cd209d, Cd22, Cd226, Cd244a, Cd247, Cd24a, Cd27, Cd274, Cd276, Cd28, Cd2ap, Cd2bp2, Cd300c2, Cd300ld, Cd34, Cd36, Cd37, Cd38, Cd3e, Cd4, Cd40, Cd40lg, Cd44, Cd46, Cd47, Cd55, Cd55b, Cd59a, Cd6, Cd74, Cd81, Cd83, Cd84, Cd86, Cd96, Cdc123, Cdc14a, Cdc14b, Cdc37, Cdc37l1, Cdc40, Cdc5l, Cdc5lrt1, Cdc5lrt10, Cdc5lrt4, Cdc5lrt5, Cdc5lrt6, Cdc5lrt7, Cdc5lrt8, Cdc5lrt9, Cdc73, Cdca7, Cdca7l, Cdh1, Cdh13, Cdh3, Cdh5, Cdk1, Cdk11b, Cdk12, Cdk13, Cdk2, Cdk20, Cdk2ap1, Cdk2ap1rt, Cdk3, Cdk4, Cdk5, Cdk5r1, Cdk5rap1, Cdk5rap2, Cdk5rap3, Cdk6, Cdk7, Cdk8, Cdk9, Cdkal1, Cdkn1a, Cdkn1b, Cdkn1c, Cdkn2a, Cdkn2d, Cdkn3, Cdon, Cdx1, Cdx2, Cdx4, Cdyl, Ceacam1, Ceacam20, Cebpa, Cebpb, Cebpd, Cebpe, Cebpg, Cebpz, Cela1, Celf1, Celf2, Celf3, Celf4, Celf5, Celf6, Celrr, Celsr2, Cenatac, Cenpf, Cenpk, Cenpv, Cep128, Cep290, Cer1, Ces1d, Ces1g, Ces2a, Cfap119, Cfap52, Cfap70, Cfd, Cfh, Cflar, Cgas, Cggbp1, Chac1, Chaer1, Chaserr, Chchd1, Chchd2, Chchd2-ps, Chchd4, Chd2, Chd3, Chd4, Chd5, Chd6, Chd7, Chd8, Chek1, Chek2, Cherp, Chi3l1, Chia1, Chid1, Chil3, Chil4, Chil5, Chil6, Chmp1a, Chordc1, Chp1, Chp2, Chpf, Chpf2, Chrac1, Chrd, Chrna7, Chst1, Chst10, Chst11, Chst12, Chst13, Chst14, Chst3, Chst5, Chst7, Chst8, Chst9, Chsy1, Chsy3, Chtf18, Chtf8, Chtop, Chuk, Churc1, Ciao1, Ciao3, Ciart, Cib1, Cic, Cidea, Ciita, Cilp, Cipc, Cir1, Cirbp, Cited1, Cited2, Cited4, Ckap2, Ckap5, Cks1b, Cks2, Clasrp, Clcf1, Cldn19, Cldn3, Cldn5, Clec12a, Clec2i, Clec3b, Clec4a2, Clec4a3, Clec4a4, Clec4e, Clec4n, Clec5a, Clec7a, Clec9a, Clgn, Clip3, Clk1, Clk2, Clk3, Clk4, Cln3, Cln5, Clnk, Clns1a, Clock, Clp1, Clpx, Cltc, Clu, Cma1, Cma2, Cmklr1, Cmtm2a, Cmtr1, Cmtr2, Cnbp, Cnn2, Cnot1, Cnot10, Cnot11, Cnot2, Cnot3, Cnot6, Cnot6l, Cnot7, Cnot8, Cnot9, Cnpy2, Cntf, Cntn1, Cntn2, Cntnap2, Coa3, Cog3, Cog7, Coil, Col1a1, Col2a1, Col3a1, Col4a2, Col5a1, Col6a1, Commd1, Commd6, Commd7, Comp, Comt, Cops2, Cops5, Coq7, Corin, Cpa3, Cpap, Cpb2, Cpd, Cpe, Cpeb1, Cpeb2, Cpeb3, Cpeb4, Cphx1, Cplane2, Cpm, Cpn1, Cpne1, Cpped1, Cpsf1, Cpsf2, Cpsf3, Cpsf4, Cpsf6, Cpsf7, Cptp, Cpz, Crb1, Crcp, Creb1, Creb3, Creb3l1, Creb3l2, Creb3l3, Creb3l4, Creb5, Crebbp, Crebl2, Crebrf, Crebzf, Creg1, Crem, Crh, Crhr2, Crip1, Cript, Cripto, Crkl, Crlf2, Crlf3, Crnde, Crnkl1, Crnn, Crp, Crppa, Crtam, Crtap, Crtc1, Crtc2, Crtc3, Crx, Crxos, Cry1, Cry2, Cryaa, Cryab, Cryba1, Crym, Csdc2, Csde1, Csf1, Csf1r, Csf2, Csf3, Csgalnact1, Csgalnact2, Csk, Csmd1, Csnk1d, Csnk1e, Csrnp1, Csrnp2, Csrnp3, Csrp3, Cst5, Cstf1, Cstf2, Cstf2t, Cstf3, Cstl1, Ctbp1, Ctbp2, Ctc1, Ctcf, Ctcfl, Ctdnep1, Ctdp1, Ctdsp1, Ctdsp2, Ctdspl, Ctdspl2, Cth, Ctif, Ctla2a, Ctnnb1, Ctnnbip1, Ctnnbl1, Ctnnd1, Ctr9, Ctse, Ctsg, Ctsh, Ctsl, Ctss, Ctsz, Ctu1, Ctu2, Cuedc2, Cul3, Cul4b, Cux1, Cux2, Cuzd1, Cwc15, Cwc22, Cwc22rt1, Cwc22rt2, Cwc22rt3, Cwc22rt4, Cwc22rt5, Cwc22rt6, Cwc22rt7, Cwc25, Cwc27, Cwf19l1, Cwf19l2, Cwh43, Cx3cl1, Cx3cr1, Cxcl17, Cxcl5, Cxcr3, Cxxc1, Cxxc5, Cyba, Cybb, Cyfip1, Cyld, Cyp1a2, Cyp1b1, Cyp26b1, Cyp2j6, Cyp3a13, Cyp3a41a, Cyren, Cyrib, Cys1, Cytl1, D1Pas1, Dab2, Dab2ip, Dach1, Dach2, Dact1, Dad1, Dalrd3, Dand5, Dap, Dap3, Dapk1, Dapk3, Dapl1, Dars1, Dars2, Daxx, Dazap1, Dazl, Dbh, Dbi, Dbp, Dbr1, Dbx1, Dbx2, Dcaf1, Dcaf11, Dcaf13, Dcaf6, Dcn, Dcp1a, Dcp1b, Dcp2, Dcps, Ddb1, Ddc, Ddi2, Ddit3, Ddn, Ddost, Ddr2, Ddrgk1, Ddx1, Ddx10, Ddx11, Ddx17, Ddx18, Ddx19a, Ddx19b, Ddx20, Ddx21, Ddx23, Ddx25, Ddx27, Ddx39a, Ddx39b, Ddx3x, Ddx3y, Ddx4, Ddx41, Ddx42, Ddx46, Ddx47, Ddx49, Ddx5, Ddx51, Ddx52, Ddx54, Ddx56, Ddx6, Deaf1, Dedd, Defb25, Dek, Dennd1b, Denr, Depdc1a, Derl3, Dffa, Dgcr8, Dgkq, Dhcr24, Dhdds, Dhh, Dhps, Dhrs7b, Dhx15, Dhx16, Dhx29, Dhx33, Dhx34, Dhx36, Dhx37, Dhx38, Dhx40, Dhx58, Dhx8, Dhx9, Diaph1, Diaph3, Dicer1, Dido1, Dimt1, Dip2a, Dis3, Dis3l, Dis3l2, Disp1, Dkc1, Dkk1, Dkk3, Dlg1, Dlk1, Dll1, Dll4, Dlx1, Dlx2, Dlx3, Dlx4, Dlx5, Dlx6, Dlx6os1, Dmap1, Dmbx1, Dmd, Dmrt1, Dmrt1i, Dmrt2, Dmrt3, Dmrta1, Dmrta2, Dmrtb1, Dmrtc2, Dmtf1, Dmtf1l, Dnaja1, Dnaja2, Dnaja3, Dnaja4, Dnajb1, Dnajb11, Dnajb12, Dnajb13, Dnajb14, Dnajb2, Dnajb3, Dnajb4, Dnajb5, Dnajb6, Dnajb7, Dnajb8, Dnajb9, Dnajc1, Dnajc10, Dnajc17, Dnajc18, Dnajc2, Dnajc25, Dnajc3, Dnajc5, Dnajc7, Dnd1, Dnlz, Dnm1l, Dnmt1, Dnmt3a, Dnmt3b, Dnmt3l, Dntt, Dnttip2, Dohh, Dolk, Dolpp1, Dot1l, Dpagt1, Dpf1, Dpf2, Dpf3, Dph3, Dpm1, Dpm2, Dpm3, Dppa2, Dppa3, Dppa5a, Dppa5b, Dpy19l1, Dpy19l3, Dpy30, Dr1, Drap1, Drd2, Drd3, Dreh, Drg1, Drg2, Drgx, Drosha, Dscc1, Dse, Dspp, Dtl, Dtnbp1, Dtwd1, Dtwd2, Dtx3l, Dubr, Duoxa2, Dus1l, Dus2, Dus3l, Dus4l, Dusp1, Dusp10, Dusp12, Dusp13a, Dusp13b, Dusp14, Dusp15, Dusp18, Dusp19, Dusp2, Dusp21, Dusp22, Dusp23, Dusp26, Dusp28, Dusp29, Dusp3, Dusp4, Dusp5, Dusp6, Dusp7, Dusp8, Duxbl1, Duxf3, Duxf4, Dvl1, Dvl2, Dvl3, Dxo, Dync2h1, Dyrk1a, Dyrk1b, Dyrk2, Dysf, E130311K13Rik, E230001N04Rik, E2f1, E2f2, E2f3, E2f4, E2f5, E2f6, E2f7, E2f8, E4f1, Eaf1, Eaf2, Eapp, Ears2, Ebag9, Ebf1, Ebf2, Ebf3, Ebf4, Ebna1bp2, Ecd, Ece1, Ece2, Ecel1, Ecm1, Ecsit, Eda, Edar, Edc3, Edc4, Edem3, Edf1, Edn1, Edn3, Ednra, Ednrb, Edrf1, Eed, Eef1a1, Eef1a2, Eef1b2, Eef1d, Eef1e1, Eef1ece2, Eef1g, Eef2, Eef2k, Eefsec, Efcab7, Efemp1, Efl1, Efna1, Eftud2, Egf, Egfbp2, Egfr, Egln1, Egr1, Egr2, Egr3, Egr4, Ehf, Ehmt1, Ehmt2, Eid1, Eid2, Eid2b, Eif1, Eif1a, Eif1ad, Eif1ad11, Eif1ad12, Eif1ad13, Eif1ad14, Eif1ad15, Eif1ad16, Eif1ad17, Eif1ad18, Eif1ad19, Eif1ad2, Eif1ad3, Eif1ad4, Eif1ad7, Eif1ad8, Eif1ax, Eif1b, Eif2a, Eif2ak1, Eif2ak2, Eif2ak3, Eif2ak4, Eif2b1, Eif2b2, Eif2b3, Eif2b4, Eif2b5, Eif2d, Eif2s1, Eif2s2, Eif2s3x, Eif2s3y, Eif3a, Eif3b, Eif3c, Eif3d, Eif3e, Eif3f, Eif3g, Eif3h, Eif3i, Eif3j1, Eif3j2, Eif3k, Eif3l, Eif3m, Eif4a1, Eif4a2, Eif4a3, Eif4a3l1, Eif4a3l2, Eif4b, Eif4e, Eif4e1b, Eif4e2, Eif4e3, Eif4ebp1, Eif4ebp2, Eif4ebp3, Eif4enif1, Eif4g1, Eif4g2, Eif4g3, Eif4h, Eif5, Eif5a, Eif5a2, Eif5b, Eif6, Elac1, Elac2, Elane, Elavl1, Elavl4, Eldr, Elf1, Elf2, Elf3, Elf4, Elf5, Elfn2, Elk1, Elk3, Elk4, Ell, Ell2, Ell3, Elmod3, Eloa, Elob, Eloc, Elof1, Elp1, Elp2, Elp3, Elp4, Elp5, Elp6, Emg1, Emilin1, Emsy, Emx1, Emx2, En1, En2, Enc1, Endou, Eng, Eno1, Eno1b, Enpep, Enpp1, Enpp7, Entpd5, Eny2, Eogt, Eomes, Ep300, Ep400, Epas1, Epb41l4b, Epb41l5, Epc1, Epc2, Epcam, Epg5, Epha2, Epha5, Ephb2, Ephb6, Ephx2, Epm2a, Epm2aip1, Epo, Epop, Eprs1, Epsti1, Epx, Erbb2, Erbb3, Erbb4, Erbin, Erc1, Ercc1, Ercc2, Ercc3, Ercc6, Ereg, Erf, Erfl, Erg, Eri1, Ermap, Ern1, Ern2, Ero1a, Ero1b, Erp27, Erp29, Erp44, Errfi1, Esf1, Esr1, Esr2, Esrp1, Esrp2, Esrra, Esrrb, Esrrg, Ess2, Esx1, Etf1, Ets1, Ets2, Etv1, Etv2, Etv3, Etv3l, Etv4, Etv5, Etv6, Evpl, Evx1, Evx2, Ewsr1, Exd1, Exo1, Exosc1, Exosc10, Exosc2, Exosc3, Exosc4, Exosc5, Exosc6, Exosc7, Exosc8, Exosc9, Ext1, Ext2, Extl1, Extl3, Eya1, Ezh1, Ezh2, Ezhip, Ezr, F11, F11r, F12, F13a1, F13b, F2, F2r, F2rl1, F3, F7, F8, F9, Faap20, Fabp4, Fadd, Fads3, Fam111a, Fam114a1, Fam168b, Fam170a, Fam20b, Fam210b, Fam220a, Fam3a, Fam3c, Fam47c, Fam47e, Fam50a, Fam76b, Fam98a, Fam98b, Fanca, Fancb, Fancd2, Fance, Fank1, Fars2, Farsa, Farsb, Fas, Fasl, Fastk, Fastkd1, Fastkd2, Fastkd3, Fastkd5, Fau, Fbl, Fbll1, Fbln1, Fbln5, Fbn1, Fbp1, Fbxl19, Fbxl2, Fbxo24, Fbxo30, Fbxo4, Fbxo41, Fbxw11, Fbxw7, Fcer1a, Fcer1g, Fcf1, Fcgr1, Fcgr2b, Fcgr3, Fcgr4, Fchsd1, Fcna, Fcnb, Fcor, Fdcsp, Fdxacb1, Fech, Fer, Ferd3l, Fermt1, Fev, Fezf1, Fezf2, Ffar1, Ffar2, Ffar3, Ffar4, Fga, Fgb, Fgf1, Fgf10, Fgf15, Fgf2, Fgf23, Fgf4, Fgf5, Fgf7, Fgf8, Fgf9, Fgfr1, Fgfr2, Fgfr3, Fgfr4, Fgg, Fgl2, Fgr, Fhl2, Fhl5, Fhod1, Figla, Filip1l, Fip1l1, Firre, Fiz1, Fkbp10, Fkbp11, Fkbp14, Fkbp1a, Fkbp1b, Fkbp2, Fkbp3, Fkbp4, Fkbp5, Fkbp6, Fkbp7, Fkbp8, Fkbp9, Fkrp, Fktn, Flcn, Fli1, Flicr, Flna, Flot1, Flot2, Flt1, Flt3, Flt3l, Flt4, Flvcr2, Flywch1, Fmn1, Fmr1, Fn1, Fnip1, Fnip2, Fnta, Focad, Fos, Fosb, Fosl1, Fosl2, Foxa1, Foxa2, Foxa3, Foxb1, Foxb2, Foxc1, Foxc2, Foxd1, Foxd2, Foxd3, Foxd4, Foxe1, Foxe3, Foxf1, Foxf2, Foxg1, Foxh1, Foxi1, Foxi2, Foxi3, Foxj1, Foxj2, Foxj3, Foxk1, Foxk2, Foxl1, Foxl2, Foxl3, Foxm1, Foxn1, Foxn2, Foxn3, Foxn4, Foxo1, Foxo3, Foxo4, Foxo6, Foxp1, Foxp2, Foxp3, Foxp4, Foxq1, Foxr1, Foxr2, Foxs1, Fra10ac1, Frey1, Frg1, Frk, Frmd8, Fshb, Fst, Fstl3, Fto, Ftsj1, Ftsj3, Ftx, Fubp1, Fubp3, Furin, Fus, Fut1, Fut10, Fut11, Fut2, Fut4, Fut7, Fut8, Fut9, Fuz, Fxn, Fxr1, Fxr2, Fyn, Fyttd1, Fzd1, Fzd2, Fzd4, Fzd5, Fzd6, Fzd7, G3bp1, G6pc1, G6pdx, Gabpa, Gabpb1, Gabpb2, Gadd45a, Gadd45g, Gadd45gip1, Gal, Gal3st2, Gal3st2c, Gal3st4, Galnt1, Galnt10, Galnt11, Galnt12, Galnt13, Galnt14, Galnt15, Galnt16, Galnt17, Galnt18, Galnt2, Galnt3, Galnt4, Galnt5, Galnt6, Galnt7, Galnt9, Galntl6, Galr1, Galr2, Galr3, Gapdh, Gapdh-ps15, Gapdhrt, Gapdhrt2, Gapt, Gar1, Garin3, Garin5a, Gars1, Gas1, Gas5, Gas6, Gata1, Gata2, Gata3, Gata4, Gata5, Gata6, Gatad1, Gatad2a, Gatad2b, Gatb, Gatc, Gba1, Gbe1, Gbgt1, Gbp4, Gbp5, Gbp7, Gbx1, Gbx2, Gcfc2, Gcgr, Gch1, Gck, Gclc, Gcm1, Gcm2, Gcn1, Gcnt1, Gcnt2, Gcnt3, Gcnt4, Gcnt7, Gcsh, Gdf2, Gdf6, Gdf7, Gdnf, Gemin2, Gemin4, Gemin5, Gemin6, Gemin6-ps, Gemin7, Gemin8, Gfap, Gfer, Gfi1, Gfi1b, Gfm1, Gfm2, Gfpt1, Gfpt2, Ggcx, Ggnbp2, Ggt1, Ggta1, Ghrh, Ghrl, Ghsr, Gigyf2, Gimap3, Gimap5, Git1, Gja1, Gja8, Gjc2, Gkn2, Glce, Gle1, Glg1, Gli1, Gli2, Gli3, Glis1, Glis2, Glis3, Glmn, Glmp, Glo1, Glp1r, Glrp1, Glul, Glyr1, Gm10033, Gm10768, Gm12258, Gm13030, Gm14295, Gm14322, Gm14325, Gm14391, Gm14399, Gm14401, Gm14403, Gm14412, Gm14418, Gm14434, Gm14443, Gm14444, Gm15222, Gm15290, Gm15441, Gm15446, Gm17067, Gm17655, Gm19965, Gm2044, Gm20737, Gm20738, Gm20747, Gm20773, Gm20795, Gm20806, Gm20807, Gm20808, Gm20812, Gm20815, Gm20816, Gm20818, Gm20821, Gm20822, Gm20825, Gm20826, Gm20830, Gm20834, Gm20852, Gm20854, Gm20865, Gm20873, Gm20914, Gm20917, Gm20918, Gm21064, Gm21118, Gm21292, Gm21310, Gm21394, Gm21719, Gm21778, Gm21812, Gm21854, Gm2381, Gm28171, Gm28836, Gm30731, Gm32687, Gm35315, Gm3604, Gm36723, Gm38999, Gm4275, Gm45871, Gm4767, Gm4924, Gm5141, Gm527, Gm6133, Gm614, Gm6871, Gm7072, Gm7324, Gmcl1, Gmeb1, Gmeb2, Gmnn, Gmppa, Gmppb, Gnas, Gnasas1, Gnat2, Gnb3, Gnl3, Gnl3l, Gnrh1, Golga2, Golga7, Golph3, Gon4l, Gon7, Gorasp1, Gp1ba, Gp1bb, Gp5, Gp9, Gpaa1, Gpam, Gpat2, Gpatch1, Gpatch3, Gpbp1, Gpbp1l1, Gper1, Gpi1, Gpkow, Gpnmb, Gpr174, Gpr18, Gprc5b, Gps2, Gpsm3, Gpx1, Grb10, Grb7, Grem1, Grhl1, Grhl2, Grhl3, Gria1, Grin1, Grk2, Grm2, Grm3, Grm5, Grm6, Grn, Grp, Grpel1, Grpel2, Grsf1, Gsc, Gsc2, Gsdma3, Gsdmd, Gsk3a, Gsk3b, Gsn, Gspt1, Gspt2, Gstp-ps, Gstp1, Gstp2, Gstp3, Gsx1, Gsx2, Gtdc1, Gtf2a1, Gtf2a1l, Gtf2a2, Gtf2b, Gtf2e1, Gtf2e2, Gtf2f1, Gtf2f2, Gtf2h1, Gtf2h2, Gtf2h3, Gtf2h4, Gtf2h5, Gtf2i, Gtf2ird1, Gtf3c1, Gtf3c2, Gtf3c3, Gtf3c4, Gtf3c5, Gtf3c6, Gtpbp1, Gtpbp2, Gtpbp3, Gtpbp4, Gtsf1, Guf1, Gxylt1, Gxylt2, Gyg1, Gys1, Gys2, Gzf1, Gzma, Gzmb, Gzmc, Gzmd, Gzme, Gzmf, Gzmg, Gzmk, Gzmm, Gzmn, H13, H19, H1f0, H1f2, H1f3, H1f4, H1f5, H1f8, H1f9, H2-DMa, H2-DMb1, H2-DMb2, H2-M3, H2-Q9, H2-T23, H2ab1, H2ab2, H2ab3, H2ac1, H2ac10, H2ac11, H2ac12, H2ac13, H2ac15, H2ac19, H2ac20, H2ac21, H2ac22, H2ac23, H2ac24, H2ac25, H2ac4, H2ac6, H2ac7, H2ac8, H2aj, H2al1b, H2al1e, H2al1f, H2al1j, H2al1k, H2al1m, H2al1n, H2al1o, H2al2a, H2al2b, H2al3, H2ap, H2ax, H2az1, H2az2, H2bc1, H3c14, H3c6, H3f3a, H3f3b, H60a, Habp4, Hadhb, Halr1, Hamp, Hand1, Hand2, Hand2os1, Hars1, Hars2, Has1, Has2, Has3, Haspin, Hat1, Havcr2, Hax1, Hba-x, Hbb-b1, Hbb-bh1, Hbb-y, Hbegf, Hbp1, Hbs1l, Hc, Hcfc1, Hcfc2, Hck, Hcls1, Hdac1, Hdac10, Hdac11, Hdac2, Hdac3, Hdac4, Hdac5, Hdac6, Hdac7, Hdac8, Hdac9, Hdgf, Hdx, Heatr1, Heg1, Helb, Hells, Helt, Helz, Helz2, Hemk1, Henmt1, Hes1, Hes2, Hes3, Hes5, Hes6, Hes7, Hesx1, Hexa, Hexb, Hexim1, Hexim2, Hey1, Hey2, Heyl, Hfe, Hgf, Hgfac, Hgs, Hhat, Hhatl, Hhex, Hic1, Hic2, Hif1a, Hif1an, Hif3a, Hilpda, Hinfp, Hint1, Hipk1, Hipk2, Hipk3, Hira, Hivep1, Hivep2, Hivep3, Hjv, Hk1, Hlf, Hltf, Hlx, Hm629797, Hmbox1, Hmces, Hmg20a, Hmg20b, Hmga1, Hmga1b, Hmga2, Hmgb1, Hmgb2, Hmgb4, Hmgn1, Hmgn2, Hmgn3, Hmgn5, Hmox1, Hmx1, Hmx2, Hmx3, Hnf1a, Hnf1b, Hnf4a, Hnf4g, Hnrnpa0, Hnrnpa1, Hnrnpa2b1, Hnrnpa3, Hnrnpab, Hnrnpc, Hnrnpd, Hnrnpdl, Hnrnpf, Hnrnph1, Hnrnph2, Hnrnph3, Hnrnpk, Hnrnpl, Hnrnpll, Hnrnpm, Hnrnpr, Hnrnpu, Hnrnpul1, Hnrnpul2, Homer2, Homer3, Homez, Hopx, Hotair, Hoxa1, Hoxa10, Hoxa11, Hoxa11os, Hoxa13, Hoxa2, Hoxa3, Hoxa4, Hoxa5, Hoxa6, Hoxa7, Hoxa9, Hoxb1, Hoxb13, Hoxb2, Hoxb3, Hoxb4, Hoxb5, Hoxb6, Hoxb7, Hoxb8, Hoxb9, Hoxc10, Hoxc11, Hoxc12, Hoxc13, Hoxc4, Hoxc5, Hoxc6, Hoxc8, Hoxc9, Hoxd1, Hoxd10, Hoxd11, Hoxd12, Hoxd13, Hoxd3, Hoxd4, Hoxd8, Hoxd9, Hp, Hp1bp3, Hpn, Hps1, Hpse, Hpx, Hr, Hras, Hrg, Hrob, Hs2st1, Hs3st1, Hs3st2, Hs3st3a1, Hs3st3b1, Hs3st4, Hs3st5, Hs3st6, Hs6st1, Hs6st2, Hs6st3, Hsbp1, Hsbp1l1, Hsd17b1, Hsd17b10, Hsf1, Hsf2, Hsf3, Hsf4, Hsf5, Hsp90aa1, Hsp90ab1, Hsp90b1, Hspa13, Hspa14, Hspa1a, Hspa1b, Hspa1l, Hspa2, Hspa4, Hspa4l, Hspa5, Hspa8, Hspa9, Hspb1, Hspb2, Hspb6, Hspd1, Hspe1, Hspe1-rs1, Hsph1, Htatip2, Htatsf1, Htr2a, Htr2b, Htt, Huwe1, Hyal1, Hyal2, Hymai, Hyou1, Iapp, Iars1, Iars2, Ice1, Ice2, Icmt, Icosl, Id1, Id2, Id3, Id4, Ido1, Ier2, Ier5, Ifi203, Ifi203-ps, Ifi204, Ifi206, Ifi207, Ifi208, Ifi209, Ifi213, Ifi214, Ifi27, Ifih1, Ifna, Ifnar1, Ifnar2, Ifnb1, Ifng, Ifngr1, Ifnk, Ifnz, Ifrd1, Ifrd2, Ift172, Ift52, Ift74, Ift80, Ift88, Igbp1, Igf1, Igf1r, Igf2, Igf2bp1, Igf2bp2, Igf2bp3, Igfbp5, Igh-7, Ighd, Ighe, Ighg1, Ighm, Ighmbp2, Igsf1, Igtp, Ihh, Ik, Ikbkb, Ikbke, Ikbkg, Ikzf1, Ikzf2, Ikzf3, Ikzf4, Ikzf5, Il10, Il11, Il12a, Il12b, Il12rb1, Il12rb2, Il13, Il13ra1, Il13ra2, Il15, Il16, Il17a, Il17b, Il17c, Il17d, Il17f, Il17ra, Il17rb, Il17rc, Il18, Il18r1, Il18rap, Il19, Il1a, Il1b, Il1f10, Il1r1, Il1r2, Il1rap, Il1rl1, Il1rl2, Il2, Il20rb, Il21, Il22, Il23a, Il23r, Il25, Il27, Il27ra, Il2rg, Il3, Il31ra, Il33, Il34, Il36a, Il36b, Il36g, Il36rn, Il4, Il4i1, Il4i1b, Il4ra, Il5, Il5ra, Il6, Il6ra, Il7, Il7r, Il9, Ildr1, Ildr2, Ilf2, Ilf3, Ilk, Ilkap, Ilrun, Immp1l, Immp2l, Imp3, Imp4, Impact, Inava, Inf2, Ing1, Ing2, Ing3, Ing4, Ing5, Inha, Inhba, Inhbb, Ino80, Ino80b, Ino80c, Ino80d, Ino80e, Inpp5b, Inpp5d, Inpp5e, Inpp5k, Inppl1, Ins1, Ins2, Insm1, Insm2, Insr, Ints1, Ints10, Ints11, Ints12, Ints14, Ints2, Ints3, Ints4, Ints5, Ints6, Ints6l, Ints7, Ints8, Ints9, Ippk, Iqce, Iqgap1, Iqgap3, Irak1, Irak2, Irak3, Irak4, Ireb2, Irf1, Irf2, Irf2bp1, Irf2bp2, Irf2bpl, Irf3, Irf4, Irf5, Irf6, Irf7, Irf8, Irf9, Irgm1, Irgm2, Irs1, Irs2, Irx1, Irx2, Irx3, Irx4, Irx5, Irx6, Isg15, Isg20, Isg20l2, Isl1, Isl2, Isx, Isy1, Itch, Itga2, Itga3, Itga6, Itga8, Itgav, Itgax, Itgb1bp1, Itgb3, Itgb3bp, Itgb6, Itgb8, Itk, Itm2a, Itm2b, Itm2c, Ivl, Ivns1abp, Iws1, Jade1, Jade2, Jade3, Jag1, Jak2, Jak3, Jarid2, Jazf1, Jdp2, Jmjd1c, Jmjd4, Jmjd6, Jmy, Jph2, Jph4, Jpx, Jun, Junb, Jund, Jup, Kank2, Kansl1, Kansl2, Kansl3, Kantr, Kars1, Kat14, Kat2a, Kat2b, Kat5, Kat6a, Kat6b, Kat7, Kat8, Kbtbd2, Kbtbd8, Kcnh2, Kcnip3, Kcnj1, Kcnj8, Kcnk2, Kcnn4, Kcnq1ot1, Kcnq2, Kcnq3, Kctd1, Kctd15, Kdelr1, Kdm1a, Kdm1b, Kdm2a, Kdm2b, Kdm3a, Kdm3b, Kdm4a, Kdm4b, Kdm4c, Kdm4d, Kdm5a, Kdm5b, Kdm5c, Kdm5d, Kdm6a, Kdm6b, Kdm7a, Kdm8, Kdr, Keap1, Kel, Khdc4, Khdrbs1, Khdrbs2, Khdrbs3, Khsrp, Kif1b, Kin, Kit, Klf1, Klf10, Klf11, Klf12, Klf13, Klf14, Klf15, Klf16, Klf17, Klf2, Klf3, Klf4, Klf5, Klf6, Klf7, Klf8, Klf9, Klhdc10, Klhl22, Klhl25, Klhl3, Klk1, Klk10, Klk11, Klk12, Klk13, Klk14, Klk15, Klk1b1, Klk1b11, Klk1b16, Klk1b21, Klk1b22, Klk1b24, Klk1b26, Klk1b27, Klk1b3, Klk1b4, Klk1b5, Klk1b8, Klk1b9, Klk4, Klk5, Klk6, Klk7, Klk8, Klk9, Klkb1, Klre1, Klrh1, Klrk1, Kmt2a, Kmt2b, Kmt2c, Kmt2d, Kmt2e, Kmt5a, Kmt5b, Kmt5c, Kpna2, Kpna2rt, Kpna4, Kpna6, Kpna7, Kras, Kri1, Krr1, Krt13, Krt17, Krtcap2, Kti12, L3mbtl1, L3mbtl2, L3mbtl3, L3mbtl4, Lacc1, Lag3, Lage3, Lamc1, Lamp3, Lamtor5, Lancl2, Laptm4b, Laptm5, Large1, Large2, Larp1, Larp4, Larp4b, Larp6, Larp7, Larp7-ps, Lars1, Lars2, Las1l, Lat, Lax1, Lbh, Lbp, Lbr, Lbx1, Lbx2, Lcat, Lck, Lcmt2, Lcn2, Lcor, Lcorl, Lcp2, Ldb1, Ldb2, Ldlr, Ldlrad3, Leat1, Lef1, Lefty1, Leo1, Lep, Lgals3, Lgals4, Lgals6, Lgals9, Lgmn, Lgr4, Lhx1, Lhx2, Lhx3, Lhx4, Lhx5, Lhx6, Lhx8, Lhx9, Lias, Lichi, Lif, Lig1, Lig3, Lig4, Lilra5, Lilrb4a, Lilrb4b, Limd1, Lime1, Lims1, Lin28a, Lin28b, Lin37, Lin52, Lin54, Lin9, Lipa, Lipc, Lipe, Lipt1, Lipt2, Litaf, Litafd, Lmcd1, Lmf1, Lmf2, Lmna, Lmnb1, Lmnb2, Lmntd2, Lmo1, Lmo2, Lmo3, Lmo4, Lmo7, Lmx1a, Lmx1b, Lncbate1, Lncbate10, Lncenc1, Lnclep, Lonp2, Lox, Loxl2, Loxl3, Lpar3, Lpar5, Lpin1, Lpin2, Lpin3, Lpl, Lrif1, Lrit3, Lrp1, Lrp2, Lrp3, Lrp5, Lrp6, Lrpprc, Lrrc14, Lrrc19, Lrrc32, Lrrc47, Lrrc55os, Lrrfip1, Lrrfip2, Lrrk2, Lsm1, Lsm10, Lsm11, Lsm14a, Lsm14b, Lsm2, Lsm3, Lsm4, Lsm5, Lsm6, Lsm7, Lsm8, Lta, Ltb, Ltf, Ltn1, LTO1, Luc7l, Luc7l2, Luc7l3, Lum, Lurap1, Ly9, Ly96, Lyar, Lyl1, Lyn, M1ap, Macc1, Macir, Macroh2a1, Macroh2a2, Mad2l2, Mael, Maf, Maf1, Mafa, Mafb, Maff, Mafg, Mafk, Magea1, Magea10, Magea13, Magea14, Magea2, Magea3, Magea4, Magea5, Magea6, Magea8, Magea9, Mageb11, Mageb16, Mageb18, Mageb2, Mageb3, Mageb4, Mageb5, Mageb5b, Mageb6b1, Magec2, Maged1, Maged2, Magee1, Magee2, Mageh1, Magel2, Magoh, Magohb, Magt1, Mak, Mak16, Malat1, Malsu1, Malt1, Maml1, Maml2, Maml3, Mamld1, Mamstr, Man1a, Man1a2, Man1b1, Man1c1, Man2a1, Man2a2, Mannr, Map2k1, Map2k2, Map2k3, Map2k5, Map2k7, Map3k1, Map3k10, Map3k12, Map3k13, Map3k20, Map3k4, Map3k5, Map3k7, Map6d1, Mapk1, Mapk10, Mapk11, Mapk13, Mapk14, Mapk15, Mapk3, Mapk7, Mapk8, Mapk8ip1, Mapk8ip3, Mapk9, Mapkapk2, Mapkapk5, Mapkbp1, Mapre3, Mapt, Marchf8, Marf1, Mark1, Mars1, Mars2, Mast2, Matr3, Mavs, Max, Maz, Mbd1, Mbd2, Mbd3, Mbd3l1, Mbd3l2, Mbip, Mbl2, Mblac1, Mbnl1, Mbnl2, Mbnl3, Mboat4, Mbp, Mbtd1, Mbtps1, Mbtps2, Mc1r, Mc3r, Mcf2l, Mcidas, Mcm3ap, Mcoln2, Mcph1, Mcpt1, Mcpt2, Mcpt4, Mcpt8, Mcpt9, Mcptl, Mcrs1, Mcts1, Mcts2, Mdfi, Mdfic, Mdfic2, Mdga2, Mdk, Mdm2, Mdm4, Meaf6, Mecom, Mecp2, Med1, Med10, Med11, Med12, Med12l, Med13, Med13l, Med14, Med15, Med16, Med17, Med18, Med19, Med20, Med21, Med22, Med23, Med24, Med25, Med26, Med27, Med28, Med29, Med30, Med31, Med4, Med6, Med7, Med8, Med9, Mef2a, Mef2b, Mef2c, Mef2d, Mefv, Meg3, Megf8, Meioc, Meiosin, Meis1, Meis2, Meis3, Meltf, Men1, Meox1, Meox2, Mep1a, Mepce, Mertk, Mesd, Mesp1, Mesp2, Met, Metap1, Metap2, Mettl1, Mettl13, Mettl14, Mettl15, Mettl16, Mettl17, Mettl18, Mettl2, Mettl23, Mettl3, Mettl4, Mettl5, Mettl6, Mettl8, Mex3d, Mexis, Mfap1a, Mfap1b, Mfn2, Mfsd8, Mga, Mgat1, Mgat2, Mgat3, Mgat4a, Mgat4b, Mgat4c, Mgat4d, Mgat4e, Mgat4f, Mgat5, Mgat5b, Mical2, Mid2, Mideas, Mier1, Mier2, Mier3, Mif, Mif4gd, Minar2, Mipep, Mir100, Mir101a, Mir101b, Mir103-1, Mir103-2, Mir107, Mir10a, Mir122, Mir124-2hg, Mir1247, Mir124a-1, Mir124a-1hg, Mir124a-2, Mir124a-3, Mir125a, Mir125b-1, Mir125b-2, Mir127, Mir129, Mir129-1, Mir129-2, Mir133a-1, Mir133a-1hg, Mir133a-2, Mir133b, Mir134, Mir135a-1, Mir135a-2, Mir136, Mir137, Mir139, Mir140, Mir143, Mir144, Mir145b, Mir146, Mir150, Mir153, Mir154, Mir155, Mir15a, Mir17, Mir18, Mir181b-1, Mir181b-2, Mir182, Mir183, Mir184, Mir186, Mir188, Mir1896, Mir1934, Mir1954, Mir196a-1, Mir196a-2, Mir196b, Mir1a-1, Mir1a-2, Mir1b, Mir200a, Mir200b, Mir203, Mir204, Mir205, Mir205hg, Mir208a, Mir208b, Mir20a, Mir214, Mir216a, Mir216b, Mir217, Mir218, Mir218-1, Mir218-2, Mir219a-1, Mir219a-2, Mir21a, Mir21b, Mir21c, Mir221, Mir223, Mir23a, Mir23b, Mir24-1, Mir24-2, Mir25, Mir26a-1, Mir26a-2, Mir26b, Mir27a, Mir27b, Mir2861, Mir292, Mir293, Mir294, Mir295, Mir296, Mir29a, Mir29b-1, Mir29b-2, Mir29c, Mir301, Mir3065, Mir30a, Mir30b, Mir30c-1, Mir30c-2, Mir320, Mir324, Mir326, Mir33, Mir330, Mir338, Mir34a, Mir34b, Mir34c, Mir351, Mir370, Mir382, Mir3960, Mir409, Mir411, Mir423, Mir448, Mir449a, Mir449b, Mir449c, Mir450b, Mir451a, Mir451b, Mir452, Mir466, Mir466d, Mir466e, Mir466l, Mir470, Mir489, Mir494, Mir495, Mir499, Mir504, Mir505, Mir511, Mir539, Mir541, Mir543, Mir590, Mir664, Mir668, Mir669a-1, Mir669a-2, Mir669a-3, Mir669a-4, Mir669a-5, Mir669a-6, Mir675, Mir696, Mir7-1, Mir7-2, Mir702, Mir7116, Mir744, Mir7578, Mir7b, Mir873a, Mir874, Mir875, Mir883b, Mir9-1, Mir9-2, Mir9-3, Mir92-1, Mir92-2, Mir96, Mir98, Mirlet7a-1, Mirlet7a-2, Mirlet7b, Mirlet7c-1, Mirlet7c-2, Mirlet7e, Mirlet7g, Mis18a, Mitf, Mixl1, Mkks, Mknk1, Mknk2, Mkrn2, Mkx, Mlec, Mlf1, Mlf2, Mlh1, Mlip, Mllt1, Mllt10, Mllt11, Mllt3, Mllt6, Mlx, Mlxip, Mlxipl, Mme, Mmel1, Mmp12, Mmp14, Mmp16, Mmp7, Mmp8, Mms19, Mn1, Mnat1, Mndal, Mnt, Mnx1, Mocs3, Mog, Mogs, Morc1, Morc2a, Morc2b, Morc3, Morf4l1, Morf4l2, Mosmo, Mospd1, Mov10, Mov10l1, Mphosph10, Mphosph6, Mphosph8, Mpl, Mppe1, Mpv17l2, Mr1, Mrgbp, Mrm1, Mrm2, Mrm3, Mrpl1, Mrpl10, Mrpl11, Mrpl12, Mrpl13, Mrpl14, Mrpl15, Mrpl16, Mrpl17, Mrpl18, Mrpl19, Mrpl2, Mrpl20, Mrpl21, Mrpl22, Mrpl23, Mrpl24, Mrpl27, Mrpl28, Mrpl3, Mrpl30, Mrpl32, Mrpl33, Mrpl34, Mrpl35, Mrpl36, Mrpl37, Mrpl38, Mrpl39, Mrpl4, Mrpl40, Mrpl41, Mrpl42, Mrpl43, Mrpl44, Mrpl45, Mrpl46, Mrpl47, Mrpl48, Mrpl49, Mrpl50, Mrpl51, Mrpl52, Mrpl53, Mrpl54, Mrpl55, Mrpl57, Mrpl58, Mrpl9, Mrps10, Mrps11, Mrps12, Mrps14, Mrps15, Mrps16, Mrps17, Mrps18a, Mrps18b, Mrps18c, Mrps2, Mrps21, Mrps22, Mrps23, Mrps24, Mrps25, Mrps26, Mrps27, Mrps28, Mrps30, Mrps31, Mrps33, Mrps34, Mrps35, Mrps5, Mrps6, Mrps7, Mrps9, Mrrf, Mrtfa, Mrtfb, Mrto4, Msantd1, Msc, Msgn1, Msh2, Msh3, Msh6, Msi1, Msi2, Msl1, Msl2, Msl3, Msn, Msr1, Mst1, Mstn, Msx1, Msx1os, Msx2, Msx3, mt-Rnr1, mt-Rnr2, mt-Ta, mt-Tc, mt-Td, mt-Te, mt-Tf, mt-Tg, mt-Th, mt-Ti, mt-Tk, mt-Tl1, mt-Tl2, mt-Tm, mt-Tn, mt-Tp, mt-Tq, mt-Tr, mt-Ts1, mt-Ts2, mt-Tt, mt-Tv, mt-Tw, mt-Ty, Mt3, Mta1, Mta2, Mta3, Mtdh, Mterf1a, Mterf1b, Mterf2, Mterf3, Mterf4, Mtf1, Mtf2, Mtfmt, Mtg1, Mtg2, Mtif2, Mtif3, Mto1, Mtor, Mtpap, Mtpn, Mtres1, Mtrex, Mtrf1, Mtrf1l, Mtrfr, Mttp, Mturn, Muc1, Muc16, Muc19, Mul1, Mup1, Mup11, Mup2, Mup3, Mup4, Mup5, Musk, Mustn1, Mvk, Mvp, Mxd1, Mxd3, Mxd4, Mxi1, Myadm, Myb, Mybbp1a, Mybl1, Mybl2, Myc, Mycbp, Mycbp2, Mycl, Mycn, Mycs, Myd88, Mydgf, Myef2, Myf5, Myf6, Myg1, Myh9, Myhas, Mylk2, Mynn, Myo1c, Myocd, Myod1, Myog, Myom1, Myoparr, Myoz1, Myoz2, Mypop, Myrf, Myrfl, Mysm1, Myt1, Myt1l, Mzb1, Mzf1, n-TCgca40, n-THgtg2, n-THgtg3, n-THgtg5, n-THgtg8, n-TRtct5, n-TUtca2, N4bp1, N4bp2l2, N6amt1, Naa10, Naa11, Naa12, Naa15, Naa16, Naa20, Naa50, Naa60, Naa80, Nab1, Nab2, Nacc1, Nacc2, Naf1, Naglu, Nagpa, Naip5, Nampt, Nanog, Nanos1, Nanos2, Nanos3, Nars1, Nars2, Nat10, Nat8, Nat8b-ps, Nat8f1, Nat8f7, Nav3, Nbas, Nbdy, Nbn, Ncapg2, Ncbp1, Ncbp2, Ncbp3, Nck1, Nck2, Nckap1l, Ncl, Ncoa1, Ncoa2, Ncoa3, Ncoa6, Ncoa7, Ncor1, Ncor2, Ncstn, Ndfip1, Ndfip2, Ndn, Ndp, Ndrg2, Ndst1, Ndst2, Ndst3, Ndst4, Ndufa13, Ndufab1, Ndufab1-ps, Ndufs6, Necab1, Necab2, Necab3, Nedd4, Nedd8, Nek2, Nek4, Nek7, Nelfa, Nelfb, Nelfcd, Nelfe, Nell1, Nemf, Neo1, Nepn, Neurl1a, Neurod1, Neurod2, Neurod4, Neurod6, Neurog1, Neurog2, Neurog3, Nf1, Nfam1, Nfat5, Nfatc1, Nfatc2, Nfatc2ip, Nfatc3, Nfatc4, Nfe2, Nfe2l1, Nfe2l2, Nfe2l3, Nfia, Nfib, Nfic, Nfil3, Nfilz, Nfix, Nfkb1, Nfkb2, Nfkbia, Nfkbid, Nfkbie, Nfkbil1, Nfkbiz, Nfrkb, Nfx1, Nfxl1, Nfya, Nfyb, Nfyc, Ngdn, Ngf, Ngfr, Ngrn, Nhej1, Nhlh1, Nhlh2, Nhlrc1, Nhp2, Niban1, Niban2, Nicol1, Nif3l1, Nipal3, Nipbl, Nkap, Nkapl, Nkd2, Nkrf, Nktr, Nkx1-1, Nkx1-2, Nkx2-1, Nkx2-2, Nkx2-2os, Nkx2-3, Nkx2-4, Nkx2-5, Nkx2-6, Nkx2-9, Nkx3-1, Nkx3-2, Nkx6-1, Nkx6-2, Nkx6-3, Nlk, Nlrc3, Nlrc4, Nlrc5, Nlrp10, Nlrp12, Nlrp1a, Nlrp1b, Nlrp3, Nlrp5, Nlrp6, Nlrp9b, Nlrx1, Nmb, Nmbr, Nmd3, Nme1, Nme2, Nmi, Nmnat1, Nmnat2, Nmt1, Nmt2, Nob1, Nobox, Noc2l, Noct, Nod1, Nod2, Nodal, Nog, Nol10, Nol11, Nol3, Nol6, Nol7, Nol8, Nol9, Nolc1, Nono, Nop10, Nop14, Nop2, Nop53, Nop9, Norad, Nos1, Nos2, Nos3, Nostrin, Notch1, Notch2, Notch3, Notch4, Noto, Nova1, Nova2, Nox1, Nox4, Npas1, Npas2, Npas3, Npas4, Npat, Npc1, Npc2, Nphs1, Nphs2, Nploc4, Npm1, Npm3, Npnt, Nppa, Nppb, Nppc, Nptn, Nqo1, Nr0b1, Nr0b2, Nr1d1, Nr1d2, Nr1h2, Nr1h3, Nr1h4, Nr1h5, Nr1i2, Nr1i3, Nr2c1, Nr2c2, Nr2e1, Nr2e3, Nr2f1, Nr2f2, Nr2f6, Nr3c1, Nr3c2, Nr4a1, Nr4a2, Nr4a3, Nr5a1, Nr5a2, Nr6a1, Nrarp, Nras, Nrbf2, Nrde2, Nrf1, Nrg1, Nrip1, Nrip2, Nrl, Nron, Nrxn1, Nsa2, Nscme3l, Nsd1, Nsd2, Nsd3, Nsmce3, Nsrp1, Nsun2, Nsun3, Nsun4, Nsun5, Nsun6, Ntf3, Ntn3, Ntrk1, Ntrk2, Ntrk3, Nts, Ntsr1, Nucks1, Nudc, Nudcd2, Nudcd3, Nudt12, Nudt16, Nudt16l2, Nudt21, Nufip1, Nuggc, Nup107, Nup133, Nup155, Nup160, Nup214, Nup62, Nup85, Nup88, Nup93, Nup98, Nupr1, Nupr2, Nus1, Nutf2, Nutf2-ps1, Nvl, Nwd1, Nxf1, Nxf2, Nxf3, Nxf7, Nxt1, Nxt2, Oas1a, Oas1b, Oas1c, Oas1d, Oas1e, Oas1f, Oas1g, Oas1h, Oas2, Oas3, Obi1, Obox1, Obox2, Obox3, Obox4, Obox5, Obox6, Obox7, Obox8, Ocln, Odam, Oga, Ogfod1, Ogg1, Ogt, Olfm1, Olig1, Olig2, Olig3, Olr1, Oma1, Onecut1, Onecut2, Onecut3, Oog1, Oog2, Oog3, Opa1, Oprd1, Optn, Ormdl1, Ormdl2, Ormdl3, Oscar, Osgep, Osgepl1, Osm, Osr1, Osr2, Ost4, Ostc, Otp, Otud5, Otud6b, Otud7b, Otulin, Otx1, Otx2, Ovol1, Ovol2, Ovol3, P2rx2, P2rx7, P2ry1, P2ry2, P3h1, P4hb, Pa2g4, Pabpc1, Pabpc1l, Pabpc2, Pabpc4, Pabpn1, Pabpn1l, Padi2, Padi6, Paf1, Pagr1a, Paip1, Paip2, Paip2b, Pak1, Pak1ip1, Pak3, Pals1, Pam, Pam16, Pan2, Pan3, Pantr1, Pantr2, Panx1, Panx2, Panx3, Papola, Papolb, Papolg, Paqr4, Park7, Parl, Parn, Parp1, Parp10, Parp14, Parp16, Parp3, Parp9, Pars2, Pasd1, Pask, Pate6, Patl1, Patl2, Patz1, Paupar, Pawr, Pax1, Pax1dt, Pax2, Pax3, Pax4, Pax5, Pax6, Pax7, Pax8, Pax9, Paxbp1, Paxip1, Pbrm1, Pbx1, Pbx2, Pbx3, Pbx4, Pbxip1, Pcbd1, Pcbd2, Pcbp1, Pcbp2, Pcbp3, Pcbp4, Pcdha9, Pcf11, Pcgf1, Pcgf2, Pcgf3, Pcgf5, Pcgf6, Pcid2, Pcif1, Pck1, Pclaf, Pcna, Pcsk1, Pcsk1n, Pcsk2, Pcsk4, Pcsk5, Pcsk6, Pcsk7, Pcsk9, Pcx, Pcyt1a, Pdcd10, Pdcd11, Pdcd1lg2, Pdcd4, Pdcd5, Pdcd5-ps, Pdcd7, Pdcl, Pdcl2, Pdcl3, Pde12, Pde2a, Pde4b, Pde4d, Pdf, Pdgfb, Pdgfra, Pdgfrb, Pdia2, Pdia3, Pdia4, Pdia5, Pdilt, Pdlim1, Pdrg1, Pdx1, Pdxp, Peg3, Peli1, Peli3, Pelo, Pelp1, Per1, Per2, Per3, Perm1, Pes1, Pex14, Pex19, Pf4, Pfdn1, Pfdn2, Pfdn4, Pfdn5, Pfdn6, Pfkm, Pfn1, Pgam5, Pgap1, Pgap2, Pgap3, Pgap4, Pgc, Pgf, Pgk1, Pglyrp1, Pglyrp2, Pglyrp3, Pglyrp4, Pgm1, Pgm2, Pgm3, Pgr, Phactr1, Phax, Phb1, Phb2, Phc1, Phc2, Phc3, Phex, Phf1, Phf10, Phf12, Phf14, Phf19, Phf2, Phf20, Phf20l1, Phf21a, Phf3, Phf5a, Phf6, Phf8, Phgdh, Phip, Phlda1, Phlda2, Phlpp1, Phlpp2, Phox2a, Phox2b, Phrf1, Pianp, Pias1, Pias2, Pias3, Pias4, Pibf1, Picalm, Pick1, Pid1, Pidd1, Pierce1, Pif1, Piga, Pigb, Pigc, Pigf, Pigg, Pigh, Pigk, Pigl, Pigm, Pign, Pigo, Pigp, Pigq, Pigs, Pigt, Pigu, Pigv, Pigw, Pigx, Pigyl, Pigz, Pih1d1, Pih1d2, Pik3c3, Pik3ca, Pik3cb, Pik3cd, Pik3r1, Pik3r2, Pik3r3, Pim1, Pim2, Pin1, Pin1rt1, Pin4, Pink1, Pinx1, Pip, Pisd, Pithd1, Pitrm1, Pitx1, Pitx2, Pitx3, Piwil1, Piwil2, Piwil4, Pkd1, Pkd2, Pkhd1, Pkia, Pkib, Pkig, Pkm, Pkn1, Pknox1, Pknox2, Pkp1, Pkp3, Pla2g10, Pla2g3, Pla2g6, Pla2r1, Plac8, Plag1, Plagl1, Plagl2, Plat, Platr14, Platr25, Plau, Plaur, Plcb1, Plcg2, Pld1, Pld3, Pld4, Pld6, Plec, Plekhn1, Plg, Plgrkt, Plk1, Plk3, Plod3, Plp1, Plpp3, Plrg1, Plscr1, Plxnb2, Pmf1, Pmfbp1, Pml, Pmm1, Pmm2, Pmp22, Pmpca, Pmpcb, Pms2, Pnkp, Pnldc1, Pnn, Pnp, Pnp2, Pnpt1, Pnrc1, Pnrc2, Pofut1, Pofut2, Pogk, Poglut1, Poglut2, Poglut3, Pogz, Pola1, Pola2, Polb, Pold1, Pold2, Pold3, Pold4, Poldip2, Poldip3, Pole, Pole2, Pole3, Polg, Polg2, Polh, Poli, Polk, Poll, Polm, Poln, Polq, Polr1a, Polr1b, Polr1c, Polr1d, Polr1e, Polr1f, Polr1g, Polr1h, Polr2a, Polr2b, Polr2c, Polr2d, Polr2e, Polr2f, Polr2g, Polr2h, Polr2i, Polr2j, Polr2k, Polr2l, Polr2m, Polr3a, Polr3b, Polr3c, Polr3d, Polr3e, Polr3f, Polr3g, Polr3gl, Polr3h, Polr3k, Polrmt, Pomc, Pomgnt1, Pomgnt2, Pomk, Pomt1, Pomt2, Pop1, Pop4, Pop5, Pop7, Porcn, Postn, Pot1a, Pot1b, Pou1f1, Pou2af1, Pou2af2, Pou2af3, Pou2f1, Pou2f2, Pou2f3, Pou3f1, Pou3f2, Pou3f3, Pou3f4, Pou4f1, Pou4f2, Pou4f3, Pou5f1, Pou5f2, Pou6f1, Pou6f2, Ppan, Ppara, Ppard, Pparg, Ppargc1a, Ppargc1b, Ppef1, Ppef2, Pphln1, Ppia, Ppib, Ppic, Ppid, Ppie, Ppif, Ppig, Ppih, Ppil1, Ppil2, Ppil3, Ppil4, Ppl, Ppm1a, Ppm1b, Ppm1d, Ppm1e, Ppm1f, Ppm1g, Ppm1h, Ppm1j, Ppm1k, Ppm1l, Ppm1m, Ppm1n, Ppme1, Ppp1ca, Ppp1cb, Ppp1cc, Ppp1r11, Ppp1r12a, Ppp1r13l, Ppp1r15a, Ppp1r15b, Ppp1r1b, Ppp1r3a, Ppp1r3b, Ppp1r3c, Ppp1r3d, Ppp1r3e, Ppp1r3f, Ppp1r3g, Ppp1r8, Ppp2ca, Ppp2cb, Ppp2r5b, Ppp2r5d, Ppp3ca, Ppp3cb, Ppp3cc, Ppp3r1, Ppp4c, Ppp4r2, Ppp5c, Ppp6c, Pprc1, Pptc7, Ppwd1, Pqbp1, Pramel1, Pramel7, Prcp, Prdm1, Prdm10, Prdm11, Prdm12, Prdm13, Prdm14, Prdm15, Prdm16, Prdm2, Prdm4, Prdm5, Prdm6, Prdm8, Prdm9, Prdx2, Prdx3, Prdx5, Prdx6, Prdx6b, Preb, Prep, Prg2, Prg3, Prg4, Prickle1, Prim1, Prim2, Primpol, Prkaa1, Prkaa2, Prkab1, Prkaca, Prkacb, Prkag1, Prkag3, Prkar1a, Prkca, Prkcb, Prkcd, Prkch, Prkci, Prkcq, Prkcz, Prkd1, Prkd2, Prkdc, Prkg2, Prkn, Prkra, Prkrip1, Prl, Prl2c2, Prmt1, Prmt2, Prmt3, Prmt5, Prmt6, Prmt7, Prmt8, Prmt9, Prnp, Prop1, Prorp, Prox1, Prox2, Prpf18, Prpf19, Prpf3, Prpf31, Prpf38a, Prpf38b, Prpf39, Prpf4, Prpf40a, Prpf40b, Prpf4b, Prpf6, Prpf8, Prph2, Prr16, Prr5l, Prr7, Prrx1, Prrx2, Prss12, Prss37, Prss3b, Prss51, Prss57, Prss58, Prss59, Prx, Psap, Psen1, Psen2, Psenen, Psg18, Psg22, Psg23, Psip1, Psma6, Psmc3ip, Psmc5, Psmc6, Psmd10, Psmd9, Pspc1, Psrc1, Pstk, Ptafr, Ptbp1, Ptbp2, Ptbp3, Ptcd1, Ptcd2, Ptcd3, Ptch1, Pten, Ptf1a, Ptgds, Ptger2, Ptger3, Ptger4, Ptges2, Ptges3, Ptges3-ps, Ptges3l, Ptgfr, Ptgis, Ptgs2, Ptgs2os, Ptgs2os2, Pth, Pthlh, Ptk2b, Ptma, Ptms, Ptov1, Ptp4a3, Ptpa, Ptpmt1, Ptpn11, Ptpn2, Ptpn22, Ptpn6, Ptprc, Ptprj, Ptprk, Ptprn, Ptprs, Ptrh1, Ptrh2, Puf60, Pum1, Pum2, Pum3, Pura, Purb, Purg, Pus1, Pus10, Pus3, Pus7, Pus7l, Pusl1, Pvalb, Pwp1, Pwp2, Pwwp2a, Pwwp2b, Pxylp1, Pycard, Pygo1, Pym1, Pyurf, Qars1, Qki, Qng1, Qrich1, Qrsl1, Qsox1, Qsox2, Qtrt1, Qtrt2, Rab1a, Rab27a, Rab2b, Rab3gap1, Rab3gap2, Rab7b, Rabgef1, Rabl3, Rac1, Rack1, Rad21, Rad50, Rad54l2, Raet1b, Raf1, Rag1, Rag2, Rai1, Ralgapa1, Raly, Ramac, Ramp1, Ramp2, Ramp3, Ranbp2, Rap1gds1, Rap2c, Rapgef3, Rara, Rarb, Rarg, Rars1, Rars2, Rasal2, Rasd1, Rasgrp1, Rasl11a, Rax, Rb1, Rb1cc1, Rbak, Rbbp4, Rbbp5, Rbbp6, Rbbp7, Rbbp8, Rbbp9, Rbck1, Rbfa, Rbfox1, Rbfox2, Rbfox3, Rbl1, Rbl2, Rbm10, Rbm11, Rbm12, Rbm12b1, Rbm12b2, Rbm14, Rbm15, Rbm15b, Rbm17, Rbm20, Rbm22, Rbm24, Rbm25, Rbm28, Rbm3, Rbm31y, Rbm33, Rbm34, Rbm38, Rbm39, Rbm4, Rbm41, Rbm42, Rbm44, Rbm46, Rbm47, Rbm48, Rbm4b, Rbm5, Rbm6, Rbm7, Rbm8a, Rbm8a2, Rbms3, Rbmx, Rbmx2, Rbmxl1, Rbmxl2, Rbmy, Rbmyf1, Rbmyf3, Rbmyf6, Rbmyf9, Rbp4, Rbpj, Rbpjl, Rbpms, Rbpms2, Rbx1, Rbx1-ps, Rc3h1, Rc3h2, Rcc1l, Rce1, Rchy1, Rcl1, Rcor1, Rcor2, Rcor3, Rdx, Recql5, Reg1, Rel, Rela, Relb, Reln, Ren1, Ren2, Reno1, Repin1, Rere, Resf1, Rest, Ret, Rev1, Rev3l, Rex2, Rexo1, Rexo4, Rexo5, Rfc1, Rfc2, Rfc3, Rfc4, Rfc5, Rfpl4, Rft1, Rftn1, Rfx1, Rfx2, Rfx3, Rfx4, Rfx5, Rfx6, Rfx7, Rfx8, Rfxank, Rfxap, Rgcc, Rgma, Rgmb, Rgn, Rgs2, Rhbdd1, Rhebl1, Rho, Rhoa, Rhog, Rhoq, Rhox1, Rhox10, Rhox11, Rhox12, Rhox13, Rhox2a, Rhox2b, Rhox2c, Rhox2d, Rhox2f, Rhox2g, Rhox2h, Rhox3a, Rhox3c, Rhox3f, Rhox3g, Rhox3h, Rhox4a, Rhox4b, Rhox4c, Rhox4d, Rhox4e, Rhox4f, Rhox4g, Rhox5, Rhox6, Rhox7a, Rhox7b, Rhox8, Rhox9, Ric3, Ric8a, Ric8b, Rictor, Rida, Rif1, Rigi, Rims1, Rims2, Ring1, Riok1, Riok2, Riok3, Riox1, Riox2, Ripk1, Ripk2, Ripk3, Ripk4, Ripply1, Ripply2, Ripply3, Rit2, Rlf, Rlim, Rmnd1, Rnaseh2b, Rnasel, Rnf10, Rnf113a1, Rnf113a2, Rnf123, Rnf125, Rnf128, Rnf135, Rnf139, Rnf14, Rnf141, Rnf168, Rnf170, Rnf187, Rnf19b, Rnf2, Rnf20, Rnf207, Rnf216, Rnf220, Rnf25, Rnf26, Rnf26rt, Rnf31, Rnf4, Rnf40, Rnf6, Rnf8, Rngtt, Rnmt, Rnpc3, Rnpep, Rnps1, Rnu11, Rnu12, Rnu2-10, Rnu7, Ro60, Robo1, Rock1, Rock2, Rogdi, Rom1, Ror1, Ror2, Rora, Rorb, Rorc, Ros1, Rp9, Rpa1, Rpap1, Rpap2, Rpf1, Rpf2, Rpl10, Rpl10-ps3, Rpl10a, Rpl10l, Rpl11, Rpl12, Rpl13, Rpl13a, Rpl14, Rpl15, Rpl17, Rpl18, Rpl18a, Rpl19, Rpl21, Rpl22, Rpl22l1, Rpl23, Rpl23a, Rpl24, Rpl26, Rpl27, Rpl27a, Rpl27rt, Rpl28, Rpl29, Rpl3, Rpl30, Rpl31, Rpl32, Rpl32l, Rpl34, Rpl35, Rpl35a, Rpl36, Rpl36-ps12, Rpl36a, Rpl37, Rpl37a, Rpl38, Rpl39, Rpl39l, Rpl3l, Rpl4, Rpl41, Rpl5, Rpl6, Rpl6l, Rpl7, Rpl7a, Rpl7l1, Rpl8, Rpl9, Rpl9-ps6, Rplp0, Rplp1, Rplp1rt, Rplp2, Rpn1, Rpn2, Rpp14, Rpp21, Rpp25, Rpp25l, Rpp30, Rpp38, Rpp40, Rprd1a, Rprd1b, Rprd2, Rps10, Rps11, Rps12, Rps13, Rps14, Rps15, Rps15a, Rps16, Rps17, Rps18, Rps19, Rps2, Rps20, Rps21, Rps23, Rps24, Rps25, Rps26, Rps27, Rps27a, Rps27l, Rps27rt, Rps28, Rps29, Rps3, Rps3a1, Rps4x, Rps5, Rps6, Rps6-ps4, Rps6ka1, Rps6ka2, Rps6ka3, Rps6ka4, Rps6ka5, Rps6kb1, Rps6kb2, Rps7, Rps8, Rps9, Rpsa, Rptor, Rpusd1, Rpusd2, Rpusd3, Rpusd4, Rreb1, Rrm1, Rrm2b, Rrn3, Rrp1, Rrp15, Rrp1b, Rrp36, Rrp7a, Rrp8, Rrp9, Rrs1, Rsad2, Rsf1, Rsl1, Rsl24d1, Rslcan18, Rspo1, Rsrc1, Rsrp1, Rtca, Rtcb, Rtf1, Rtkn2, Rtl1, Rtn2, Rtn4, Rtraf, Runx1, Runx1t1, Runx2, Runx3, Ruvbl1, Ruvbl2, Rwdd1, Rwdd3, Rxra, Rxrb, Rxrg, Rxylt1, Rybp, Rybp-ps, S100a1, S100a10, S100a13, S100a7a, S100a9, S100b, S1pr1, S1pr3, Safb, Safb2, Sall1, Sall2, Sall3, Sall4, Samd1, Samd11, Samd4, Samd4b, Samd7, Samd8, Samhd1, Sanbr, Sap130, Sap18, Sap18b, Sap25, Sap30, Sap30bp, Sap30l, Sarnp, Sars1, Sars2, Sart1, Sart3, Sash3, Satb1, Satb2, Sav1, Saysd1, Sbds, Sbno1, Sbno2, Scaf1, Scaf11, Scaf4, Scaf8, Scai, Scamp5, Scand1, Scart2, Scg5, Scgb1a1, Scimp, Scmh1, Scml2, Scml4, Scn2b, Scnm1, Scnn1b, Sco1, Scrib, Scrt1, Scrt2, Scx, Sdcbp, Sde2, Sdf2, Sdf2l1, Sdr16c5, Sec1, Sec11a, Sec11c, Sec16b, Secisbp2, Seh1l, Selenof, Selenok, Selenos, Sem1, Sema4d, Sema7a, Senp1, Senp2, Sepsecs, Serbp1, Serp1, Serpina1a, Serpina1b, Serpinb1a, Serpinb1b, Serpinb1c, Serpinb7, Serpine1, Serpine2, Serpinf1, Serpinf2, Serpinh1, Sertad1, Sertad2, Sertad3, Sesn2, Setbp1, Setd1a, Setd2, Setd3, Setd4, Setd5, Setd6, Setd7, Setdb1, Setdb2, Setmar, Setx, Sf1, Sf3a1, Sf3a2, Sf3a3, Sf3b1, Sf3b2, Sf3b3, Sf3b4, Sf3b5, Sf3b6, Sfmbt1, Sfmbt2, Sfn, Sfpq, Sfr1, Sfrp1, Sfrp2, Sfrp4, Sfrp5, Sfswap, Sftpd, Sgcb, Sgcg, Sgf29, Sgms1, Sgms1os1, Sgsm1, Sgta, Sh2b1, Sh2d1b1, Sh3bgrl, Sh3gl2, Sh3glb1, Sh3pxd2b, Shank3, Shc1, Shc4, Shfl, Shh, Shld1, Shld2, Shld3, Shmt1, Shmt2, Shox2, Sigirr, Siglec1, Siglecg, Sik1, Sik2, Sim1, Sim2, Sin3a, Sin3b, Sinhcaf, Sirpa, Sirt1, Sirt2, Sirt3, Sirt4, Sirt6, Sirt7, Siva1, Six1, Six2, Six3, Six4, Six5, Six6, Skap1, Ski, Skic2, Skic3, Skic8, Skil, Skint1, Skint10, Skint11, Skint2, Skint3, Skint4, Skint5, Skint6, Skint7, Skint8, Skint9, Skor1, Skor2, Sla2, Slamf1, Slamf6, Slamf9, Slbp, Slc10a7, Slc11a1, Slc15a4, Slc1a1, Slc22a2, Slc24a3, Slc24a4, Slc25a33, Slc25a37, Slc26a9, Slc2a10, Slc2a4, Slc30a5, Slc30a8, Slc30a9, Slc34a1, Slc35a4, Slc35b2, Slc35c1, Slc35c2, Slc35d1, Slc35d2, Slc37a4, Slc38a2, Slc38a3, Slc39a5, Slc39a8, Slc3a1, Slc40a1, Slc4a10, Slc4a5, Slc51b, Slc6a4, Slc6a9, Slc7a5, Slc8a1, Slc8a2, Slc9a1, Slco3a1, Slfn1, Slfn14, Slfn2, Slirp, Slit2, Slit3, Slitrk1, Sltm, Slu7, Slx, Slx9, Slxl1, Sly, Smad1, Smad2, Smad3, Smad4, Smad5, Smad6, Smad7, Smad9, Smarca1, Smarca2, Smarca4, Smarca5, Smarcad1, Smarcal1, Smarcb1, Smarcc1, Smarcc2, Smarcd1, Smarcd2, Smarcd3, Smarce1, Smchd1, Smcr8, Smg1, Smg5, Smg6, Smg7, Smg8, Smg9, Smn1, Smndc1, Smo, Smoc2, Smpd3, Smtnl1, Smu1, Smyd1, Smyd2, Smyd3, Smyd5, Snai1, Snai2, Snai3, Snapc1, Snapc2, Snapc3, Snapc4, Snapc5, Snapin, Snd1, Snf8, Snhg17, Snhg20, Snip1, Snrnp200, Snrnp25, Snrnp27, Snrnp35, Snrnp40, Snrnp48, Snrnp70, Snrpa, Snrpa1, Snrpb, Snrpb2, Snrpc, Snrpd1, Snrpd2, Snrpd3, Snrpe, Snrpert, Snrpf, Snrpg, Snrpn, Snu13, Snw1, Snx12, Snx3, Snx5, Snx6, Soat1, Socs1, Socs5, Sod1, Sod2, Sohlh1, Sohlh2, Son, Sorbs1, Sorbs3, Sorl1, Sort1, Sos1, Sost, Sox1, Sox10, Sox11, Sox12, Sox13, Sox14, Sox15, Sox17, Sox18, Sox2, Sox21, Sox3, Sox30, Sox4, Sox5, Sox6, Sox7, Sox8, Sox9, Sp1, Sp100, Sp110, Sp140, Sp140l1, Sp140l2, Sp2, Sp3, Sp4, Sp5, Sp6, Sp7, Sp8, Sp9, Spag11a, Spag8, Spata22, Spcs1, Spcs2, Spcs3, Spdef, Spen, Spg21, Spg7, Sphk1, Sphk2, Spi1, Spib, Spic, Spin1, Spin2c, Spin2d, Spin2e, Spin2g, Spin2h, Spin4, Spindoc, Spink7, Spn, Spocd1, Spon1, Spon2, Spop, Spout1, Spp1, Sppl3, Sprtn, Spry2, Sptbn1, Spty2d1, Spx, Spz1, Sqstm1, Sra1, Srbd1, Src, Srd5a3, Srebf1, Srebf2, Srek1, Srek1ip1, Srf, Srfbp1, Srgn, Srp9, Srpk1, Srpk2, Srpk3, Srrm1, Srrm2, Srrm4, Srrt, Srsf1, Srsf10, Srsf12, Srsf19, Srsf2, Srsf3, Srsf4, Srsf5, Srsf6, Srsf7, Srsf9, Sry, Ss18, Ss18l1, Ssb, Ssbp2, Ssbp3, Ssbp4, Ssc5d, Ssh1, Ssh2, Ssh3, Ssty1, Ssty2, Ssu72, Ssxa1, St13, St18, St3gal1, St3gal2, St3gal3, St3gal4, St3gal5, St3gal6, St6gal1, St6gal2, St6galnac1, St6galnac2, St6galnac3, St6galnac4, St6galnac5, St6galnac6, St8sia1, St8sia2, St8sia3, St8sia4, St8sia5, St8sia6, Stap1, Star, Stard7, Stat1, Stat2, Stat3, Stat4, Stat5a, Stat5b, Stat6, Stc2, Sting1, Stk16, Stk3, Stk36, Stk40, Stmp1, Stn1, Stoml2, Stox1, Stox2, Stpg4, Stra8, Strap, Strm, Strn3, Stt3a, Stt3b, Stub1, Stx1b, Stx3, Stx4a, Sub1, Sucnr1, Suds3, Sufu, Sugp1, Sugp2, Sulf1, Sulf2, Sumo1, Sumo2, Supt16, Supt20, Supt3, Supt4a, Supt4b, Supt5, Supt6, Supt7l, Supv3l1, Suv39h1, Suv39h2, Suz12, Svep1, Svip, Swap70, Sycp1, Sycp3, Syf2, Syk, Sympk, Syncrip, Syt11, T, Tacc1, Taco1, Tada1, Tada2a, Tada2b, Tada3, Taf1, Taf10, Taf11, Taf12, Taf13, Taf15, Taf1a, Taf1b, Taf1c, Taf1d, Taf2, Taf3, Taf4, Taf4b, Taf5, Taf5l, Taf6, Taf6l, Taf7, Taf7l, Taf8, Taf9, Taf9b, Tagln3, Tal1, Tal2, Tank, Tapbp, Tarbp1, Tarbp2, Tardbp, Tarm1, Tars1, Tars2, Tars3, Tasor, Tasor2, Tasp1, Tax1bp1, Tbc1d23, Tbca, Tbcb, Tbcc, Tbcd, Tbce, Tbcel, Tbk1, Tbl1x, Tbl1xr1, Tbl3, Tbp, Tbpl1, Tbpl2, Tbr1, Tbrg4, Tbx1, Tbx10, Tbx15, Tbx18, Tbx19, Tbx2, Tbx20, Tbx21, Tbx22, Tbx3, Tbx4, Tbx5, Tbx6, Tcea1, Tcea2, Tcea3, Tceal7, Tceanc, Tceanc2, Tcerg1, Tcf12, Tcf15, Tcf19, Tcf20, Tcf21, Tcf23, Tcf24, Tcf25, Tcf3, Tcf4, Tcf7, Tcf7l1, Tcf7l2, Tcfl5, Tcirg1, Tcl1, Tcof1, Tcp1, Tcp10a, Tcp10b, Tcp10c, Tdg, Tdrd1, Tdrd12, Tdrd3, Tdrd5, Tdrd6, Tdrd7, Tdrd9, Tdrkh, Tead1, Tead2, Tead3, Tead4, Tef, Tefm, Tek, Telo2, Ten1, Tenm1, Tenm2, Tent2, Tent4a, Tent4b, Tent5a, Tent5b, Tent5c, Tent5d, Terc, Terf1, Terf2, Terf2ip, Tert, Tesc, Tescl, Tesk1, Tesmin, Tet1, Tet2, Tet3, Tex12, Tex15, Tex19.1, Tex19.2, Tex24, Tfam, Tfap2a, Tfap2b, Tfap2c, Tfap2d, Tfap2e, Tfap4, Tfb1m, Tfb2m, Tfcp2, Tfcp2l1, Tfdp1, Tfdp2, Tfe3, Tfeb, Tfec, Tfip11, Tfpt, Tfr2, Tfrc, Tgfb1, Tgfb1i1, Tgfb2, Tgfb3, Tgfbr1, Tgfbr2, Tgfbr3, Tgfbrap1, Tgif1, Tgif2, Tgm2, Tgs1, Thada, Thap1, Thap11, Thap3, Thap7, Thbs1, Thg1l, Thoc1, Thoc2, Thoc2l, Thoc3, Thoc5, Thoc6, Thoc7, Thra, Thrap3, Thrb, Thumpd1, Thumpd2, Thumpd3, Tia1, Tial1, Ticam1, Ticam2, Tifab, Tigit, Timeless, Timm17a, Timm23, Tinf2, Tiparp, Tirap, Tk1, Tk2, Tle1, Tle2, Tle3, Tle4, Tle5, Tle6, Tll1, Tll2, Tlr1, Tlr2, Tlr3, Tlr4, Tlr5, Tlr6, Tlr7, Tlr8, Tlr9, Tlx1, Tlx2, Tlx3, Tm9sf2, Tmbim6, Tmed10, Tmed10-ps, Tmed2, Tmeff2, Tmem106a, Tmem107, Tmem119, Tmem135, Tmem165, Tmem208, Tmem258, Tmem260, Tmem41b, Tmem59, Tmem98, Tmf1, Tmigd3, Tmpo, Tmprss12, Tmprss2, Tmprss4, Tmprss6, Tmprss9, Tmsb4x, Tmt1a, Tmt1a2, Tmt1a3, Tmtc1, Tmtc2, Tmtc3, Tmtc4, Tnc, Tnf, Tnfaip3, Tnfaip8, Tnfrsf11a, Tnfrsf13c, Tnfrsf14, Tnfrsf1a, Tnfrsf1b, Tnfrsf21, Tnfrsf4, Tnfrsf8, Tnfsf11, Tnfsf13, Tnfsf13b, Tnfsf15, Tnfsf18, Tnfsf4, Tnfsf8, Tnfsf9, Tnip1, Tnip2, Tnip3, Tnks, Tnni2, Tnp1, Tnp2, Tnrc6a, Tnrc6b, Tnrc6c, Tob1, Tob2, Toe1, Tomm70a, Top1, Top2a, Top2b, Topaz1, Topors, Tor1a, Tor1b, Tor2a, Tox, Tox2, Tox3, Tox4, Tpr, Tprkb, Tra2a, Tra2b, Tradd, Traf1, Traf2, Traf3, Traf3ip1, Traf3ip2, Traf3ip3, Traf5, Traf6, Traf7, Traip, Trak2, Trap1, Trappc2, Trappc9, Trdmt1, Trem1, Trem2, Trem3, Trerf1, Trex1, Trf, Triap1, Trib1, Trib2, Trib3, Tril, Trim11, Trim12a, Trim12c, Trim13, Trim14, Trim15, Trim17, Trim21, Trim24, Trim25, Trim26, Trim27, Trim28, Trim29, Trim30a, Trim30b, Trim30c, Trim30d, Trim31, Trim32, Trim33, Trim34a, Trim34b, Trim37, Trim38, Trim39, Trim40, Trim43a, Trim43b, Trim43c, Trim44, Trim5, Trim52, Trim55, Trim56, Trim58, Trim6, Trim60, Trim61, Trim62, Trim63, Trim65, Trim66, Trim68, Trim71, Trim75, Trim8, Trip11, Trip12, Trip4, Trit1, Trmo, Trmt1, Trmt10a, Trmt10b, Trmt10c, Trmt11, Trmt112, Trmt12, Trmt13, Trmt1l, Trmt2a, Trmt2b, Trmt44, Trmt5, Trmt6, Trmt61a, Trmt9b, Trmu, Trnau1ap, Trnt1, Tro, Trp53, Trp53bp1, Trp53cor1, Trp53inp1, Trp53inp2, Trp53rkb, Trp63, Trp73, Trpc2, Trpm4, Trps1, Trpt1, Trpv1, Trpv4, Trrap, Trub1, Trub2, Tsc1, Tsc2, Tsc22d1, Tsc22d2, Tsc22d3, Tsc22d4, Tsen15, Tsen2, Tsen34, Tsen54, Tsfm, Tsg101, Tshz1, Tshz2, Tshz3, Tsix, Tsku, Tslp, Tsn, Tsnax, Tspan10, Tspan14, Tspan15, Tspan17, Tspan33, Tspan5, Tspan8, Tspo, Tsr1, Tsr2, Tsr3, Tssc4, Tssk4, Ttbk1, Ttc21b, Ttc39aos1, Ttc4, Ttc5, Ttf1, Ttf2, Ttn, Ttyh1, Tuba1a, Tufm, Tug1, Tunar, Tusc2, Tusc3, Tut1, Tut4, Tut7, Twist1, Twist2, Twnk, Twsg1, Txk, Txn1, Txndc5, Txnip, Txnl4a, Txnl4b, Tyk2, Tyms, Tyrobp, Tysnd1, Tyw1, Tyw3, Tyw5, U2af1, U2af1l4, U2af2, U2surp, Uaca, Uap1, Uba3, Uba5, Uba52, Ubac1, Ubash3a, Ube2e1, Ube2i, Ube2j1, Ube2l3, Ube2n, Ube3a, Ube4b, Ubl5, Ubl5b, Ublcp1, Ubp1, Ubr2, Ubr5, Ubtf, Ubtfl1, Ubxn2a, Uchl1os, Uchl5, Ucn, Ucn2, Ucp1, Ufc1, Ufd1, Ufl1, Ufsp1, Ufsp2, Ugcg, Ugdh, Uggt1, Uggt2, Ugp2, Uhmk1, Uhrf1, Uhrf2, Uimc1, Ulbp1, Ulk1, Ulk4, Umod, Umodl1, Unc45a, Unc45b, Unc93b1, Uncx, Ung, Unk, Upf1, Upf2, Upf3a, Upf3b, Upk3b, Uqcc2, Urb1, Uri1, Urm1, Usb1, Usf1, Usf2, Usf3, Usp10, Usp13, Usp15, Usp16, Usp17le, Usp2, Usp21, Usp22, Usp25, Usp3, Usp36, Usp39, Usp4, Usp47, Usp49, Usp50, Usp7, Uspl1, Utf1, Utp11, Utp14a, Utp14b, Utp15, Utp18, Utp20, Utp23, Utp25, Utp3, Utp4, Utp6, Uty, Uxt, Vangl2, Vapb, Vars1, Vars2, Vash1, Vax1, Vax2, Vbp1, Vcp, Vdr, Vegfa, Vegfb, Vegfd, Vezf1, Vgll1, Vgll2, Vgll3, Vgll4, Vhl, Vim, Vip, Virma, Vpreb1a, Vpreb3, Vps13a, Vps35, Vps54, Vps72, Vrtn, Vsig4, Vsir, Vstm2a, Vsx1, Vsx2, Vtcn1, Wac, Wars1, Wars2, Was, Wasl, Wbp11, Wbp2, Wbp2nl, Wbp4, Wdhd1, Wdr12, Wdr18, Wdr3, Wdr33, Wdr35, Wdr36, Wdr4, Wdr43, Wdr45, Wdr45b, Wdr46, Wdr5, Wdr55, Wdr6, Wdr72, Wdr74, Wdr75, Wdr77, Wdr82, Wdr83, Wdr83os, Wdtc1, Wfs1, Whrn, Wincr1, Wipi1, Wipi2, Wiz, Wnk1, Wnk4, Wnt1, Wnt10a, Wnt10b, Wnt11, Wnt16, Wnt2, Wnt3, Wnt3a, Wnt4, Wnt5a, Wnt6, Wnt7a, Wnt7b, Wnt8b, Wrap53, Wrn, Wrnip1, Wt1, Wtap, Wtip, Wwc1, Wwc2, Wwox, Wwp1, Wwp2, Wwtr1, Xab2, Xaf1, Xbp1, Xcl1, Xdh, Xiap, Xist, Xpa, Xpc, Xpnpep3, Xpo1, Xpo5, Xrcc4, Xrcc5, Xrcc6, Xrn1, Xrn2, Xxylt1, Xylt1, Xylt2, Yaf2, Yap1, Yars1, Yars2, Ybey, Ybx1, Ybx2, Ybx3, Yeats2, Yeats4, Yes1, Yipf5, Yju2, Yju2b, Ylpm1, Yme1l1, Yrdc, Ythdc1, Ythdf1, Ythdf2, Ythdf3, Ywhab, Ywhah, Ywhaq, Ywhaq-ps3, Ywhaz, Yy1, Yy2, Zar1, Zar1l, Zbed3, Zbed4, Zbed6, Zbtb1, Zbtb10, Zbtb11, Zbtb12, Zbtb14, Zbtb16, Zbtb17, Zbtb18, Zbtb2, Zbtb20, Zbtb21, Zbtb22, Zbtb24, Zbtb25, Zbtb26, Zbtb3, Zbtb32, Zbtb33, Zbtb34, Zbtb37, Zbtb38, Zbtb39, Zbtb4, Zbtb40, Zbtb41, Zbtb42, Zbtb43, Zbtb45, Zbtb46, Zbtb47, Zbtb48, Zbtb49, Zbtb5, Zbtb6, Zbtb7a, Zbtb7b, Zbtb7c, Zbtb8a, Zbtb8b, Zbtb8os, Zbtb9, Zc3h10, Zc3h11a, Zc3h12a, Zc3h12d, Zc3h13, Zc3h14, Zc3h15, Zc3h18, Zc3h3, Zc3h4, Zc3h6, Zc3h7a, Zc3h7b, Zc3h8, Zc3hav1, Zc4h2, Zcchc12, Zcchc13, Zcchc17, Zcchc3, Zcchc4, Zcchc7, Zcchc8, Zcrb1, Zdbf2, Zdhhc1, Zdhhc11, Zdhhc12, Zdhhc14, Zdhhc15, Zdhhc16, Zdhhc17, Zdhhc18, Zdhhc19, Zdhhc2, Zdhhc20, Zdhhc21, Zdhhc22, Zdhhc23, Zdhhc3, Zdhhc5, Zdhhc6, Zdhhc7, Zdhhc8, Zdhhc9, Zeb1, Zeb2, Zfa-ps, Zfat, Zfhx2, Zfhx3, Zfhx4, Zfp1, Zfp1004, Zfp1005, Zfp1006, Zfp1007, Zfp101, Zfp1010, Zfp105, Zfp11, Zfp110, Zfp111, Zfp112, Zfp113, Zfp119a, Zfp119b, Zfp12, Zfp120, Zfp125, Zfp128, Zfp13, Zfp131, Zfp14, Zfp141, Zfp142, Zfp143, Zfp146, Zfp148, Zfp157, Zfp160, Zfp169, Zfp174, Zfp175, Zfp180, Zfp182, Zfp184, Zfp189, Zfp2, Zfp202, Zfp212, Zfp213, Zfp217, Zfp219, Zfp229, Zfp236, Zfp239, Zfp24, Zfp248, Zfp251, Zfp26, Zfp260, Zfp263, Zfp266, Zfp267, Zfp268, Zfp27, Zfp273, Zfp275, Zfp276, Zfp28, Zfp280b, Zfp280c, Zfp280d, Zfp281, Zfp286, Zfp287, Zfp292, Zfp296, Zfp3, Zfp30, Zfp316, Zfp317, Zfp318, Zfp319, Zfp322a, Zfp324, Zfp326, Zfp329, Zfp334, Zfp335, Zfp341, Zfp345, Zfp35, Zfp352, Zfp354a, Zfp354b, Zfp354c, Zfp358, Zfp36, Zfp362, Zfp366, Zfp367, Zfp369, Zfp36l1, Zfp36l2, Zfp36l3, Zfp37, Zfp382, Zfp383, Zfp384, Zfp385a, Zfp386, Zfp39, Zfp395, Zfp397, Zfp398, Zfp40, Zfp407, Zfp408, Zfp41, Zfp410, Zfp418, Zfp42, Zfp420, Zfp422, Zfp423, Zfp426, Zfp429, Zfp433, Zfp438, Zfp442, Zfp444, Zfp445, Zfp446, Zfp449, Zfp451, Zfp454, Zfp455, Zfp456, Zfp457, Zfp458, Zfp459, Zfp46, Zfp462, Zfp467, Zfp469, Zfp472, Zfp473, Zfp488, Zfp493, Zfp503, Zfp507, Zfp51, Zfp512b, Zfp513, Zfp516, Zfp518a, Zfp518b, Zfp52, Zfp521, Zfp523, Zfp524, Zfp53, Zfp534, Zfp536, Zfp54, Zfp541, Zfp551, Zfp553, Zfp558, Zfp560, Zfp563, Zfp566, Zfp568, Zfp57, Zfp574, Zfp575, Zfp579, Zfp58, Zfp580, Zfp582, Zfp583, Zfp59, Zfp593, Zfp595, Zfp597, Zfp598, Zfp599, Zfp60, Zfp600, Zfp605, Zfp606, Zfp607a, Zfp607b, Zfp608, Zfp609, Zfp612, Zfp616, Zfp617, Zfp619, Zfp62, Zfp623, Zfp626, Zfp628, Zfp629, Zfp637, Zfp638, Zfp639, Zfp64, Zfp641, Zfp644, Zfp646, Zfp647, Zfp648, Zfp65, Zfp652, Zfp653, Zfp654, Zfp655, Zfp658, Zfp661, Zfp663, Zfp664, Zfp667, Zfp668, Zfp672, Zfp677, Zfp68, Zfp683, Zfp689, Zfp69, Zfp691, Zfp692, Zfp696, Zfp697, Zfp7, Zfp703, Zfp704, Zfp706, Zfp707, Zfp708, Zfp709, Zfp710, Zfp711, Zfp712, Zfp715, Zfp719, Zfp72, Zfp729a, Zfp729b, Zfp735, Zfp738, Zfp74, Zfp740, Zfp746, Zfp747, Zfp747l1, Zfp748, Zfp750, Zfp758, Zfp759, Zfp760, Zfp763, Zfp764, Zfp764l1, Zfp768, Zfp770, Zfp771, Zfp772, Zfp773, Zfp775, Zfp777, Zfp78, Zfp780b, Zfp784, Zfp786, Zfp787, Zfp788, Zfp790, Zfp791, Zfp799, Zfp804a, Zfp808, Zfp809, Zfp81, Zfp810, Zfp811, Zfp819, Zfp82, Zfp820, Zfp821, Zfp825, Zfp827, Zfp830, Zfp84, Zfp846, Zfp85, Zfp850, Zfp853, Zfp865, Zfp866, Zfp867, Zfp868, Zfp869, Zfp87, Zfp870, Zfp871, Zfp872, Zfp873, Zfp874a, Zfp874b, Zfp879, Zfp882, Zfp9, Zfp90, Zfp91, Zfp92, Zfp93, Zfp930, Zfp931, Zfp932, Zfp933, Zfp934, Zfp935, Zfp936, Zfp937, Zfp938, Zfp940, Zfp941, Zfp942, Zfp943, Zfp944, Zfp945, Zfp946, Zfp947, Zfp948, Zfp949, Zfp950, Zfp951, Zfp952, Zfp954, Zfp955a, Zfp955b, Zfp956, Zfp958, Zfp959, Zfp960, Zfp961, Zfp963, Zfp964, Zfp966, Zfp97, Zfp970, Zfp971, Zfp973, Zfp974, Zfp975, Zfp976, Zfp977, Zfp979, Zfp980, Zfp981, Zfp982, Zfp983, Zfp984, Zfp985, Zfp987, Zfp988, Zfp989, Zfp990, Zfp991, Zfp992, Zfp994, Zfp995, Zfp998, Zfpm1, Zfpm2, Zfta, Zfx, Zfy1, Zfy2, Zg16, Zglp1, Zgpat, Zgrf1, Zhx1, Zhx2, Zhx3, Zic1, Zic2, Zic3, Zic4, Zic5, Zik1, Zim1, Zkscan1, Zkscan14, Zkscan16, Zkscan17, Zkscan2, Zkscan3, Zkscan4, Zkscan5, Zkscan6, Zkscan7, Zkscan8, Zmat2, Zmat5, Zmiz1, Zmiz2, Zmpste24, Zmym2, Zmym5, Zmynd10, Zmynd11, Zmynd15, Zmynd8, Znfx1, Zng1, Znhit1, Znhit3, Znhit6, Zp3, Zpbp2, Zpr1, Zranb2, Zrsr2, Zrsr2-ps1, Zscan10, Zscan12, Zscan2, Zscan20, Zscan21, Zscan22, Zscan25, Zscan26, Zscan29, Zscan4-ps1, Zscan4-ps2, Zscan4-ps3, Zscan4b, Zscan4c, Zscan4d, Zscan4e, Zscan4f, Zscan5b, Zswim8, Zxdb, Zxdc, Zzz3
GO:0016070	RNA metabolic process	4466	116	65.06	1.2e-10	2.0592e-7	2010315B03Rik, 2610008E11Rik, 2610021A01Rik, 2810021J22Rik, 4930402K13Rik, 4930447C04Rik, 4930480E11Rik, 4930522L14Rik, 5730507C01Rik, A1cf, A430033K04Rik, A630001G21Rik, Aamdc, Aar2, Aars1, Aars2, Aarsd1, Aatf, Abcc9, Abcg4, Abhd14b, Ablim1, Ablim2, Ablim3, Abra, Abt1, Acin1, Acod1, Acss2, Actb, Actl6a, Actl6b, Actn1, Actn2, Actn4, Actr2, Actr3, Actr5, Actr6, Actr8, Actrt1, Acvr1, Acvr1b, Acvr2a, Acvr2b, Acvrl1, Adad1, Adad2, Adam3, Adar, Adarb1, Adarb2, Adat1, Adat2, Adat3, Adcy1, Adcy8, Adcyap1, Adgrf1, Adgrg3, Adipoq, Adnp, Adora2a, Adora3, Adrb2, Adrm1, Adrm1b, Aebp1, Aebp2, Aen, Afap1l2, Aff1, Aff2, Aff3, Agap2, Ager, Ago1, Ago2, Ago3, Ago4, Agrn, Agt, Agtr2, Ahcyl1, Ahdc1, Ahi1, Ahnak, Ahnak2, Ahr, Ahrr, AI854703, AI987944, Aicda, Aim2, Aire, Ajuba, Ak6, Akap17b, Akap8l, Akirin1, Akirin2, Akna, Akr1c6, Akt1, Akt2, Alkbh1, Alkbh5, Alkbh8, Alx1, Alx3, Alx4, Alyref, Alyref2, Ambra1, Amot, Amotl2, Ang, Ang2, Ang3, Ang4, Ang5, Ang6, Angel2, Ankrd1, Ankrd16, Ankrd2, Ankrd23, Ankrd42, Ankrd49, Anxa2, Anxa3, Anxa4, Ap3b1, Ap3d1, Apbb1, Apbb2, Apbb3, Apex1, Apln, Aplp1, Apobec1, Apobec2, Apobec3, Apobec4, Apoe, App, Aqr, Ar, Arap1, Arb2a, Arf4, Arglu1, Arhgef11, Arhgef2, Arhgef5, Arid1a, Arid1b, Arid2, Arid3a, Arid3b, Arid3c, Arid4a, Arid4b, Arid5a, Arid5b, Arl2bp, Arl6ip4, Armc7, Armcx3, Arnt, Arnt2, Arrb1, Arrb2, Arvcf, Arx, Ascc1, Ascc2, Ascl1, Ascl2, Ascl3, Ascl4, Ascl5, Ash1l, Ash2l, Asph, Asxl1, Asxl2, Asxl3, Atad2, Atad2b, Atf1, Atf1-ps, Atf2, Atf3, Atf4, Atf5, Atf6, Atf6b, Atf7, Atf7ip, Atf7ip2, Atg16l1, Atg16l2, Atg5, Atg7, Atm, Atmin, Atn1, Atoh1, Atoh7, Atoh8, Atp1b4, Atp2b4, Atp8b1, Atrx, Atxn1, Atxn1l, Atxn2l, Atxn7, Atxn7l3, AU041133, Aurkb, Auts2, AW146154, Axin1, Axin2, Aym1, B020011L13Rik, B3gntl1, Bach1, Bach2, Bag4, Bahd1, Bambi, Banp, Bap1, Barhl1, Barhl2, Barx1, Barx2, Basp1, Batf, Batf2, Batf3, Baz1a, Baz1b, Baz2a, Bbs7, Bbx, BC005624, BC024063, Bcas2, Bcas3, Bcdin3d, Bcl10, Bcl11a, Bcl11b, Bcl2l12, Bcl3, Bcl6, Bcl6b, Bcl7a, Bcl7b, Bcl7c, Bcl9, Bcl9l, Bclaf1, Bclaf3, Bcor, Bcorl1, Bdnf, Bdp1, Bend3, Bend5, Bend6, Bex2, Bhlha15, Bhlha9, Bhlhe22, Bhlhe23, Bhlhe40, Bhlhe41, Bicra, Bicral, Bin1, Birc2, Birc5, Blm, Bloc1s2, Bmal1, Bmal2, Bmi1, Bmp10, Bmp15, Bmp2, Bmp3, Bmp4, Bmp5, Bmp6, Bmp7, Bmpr1a, Bmpr1b, Bmpr2, Bms1, Bmyc, Bnc1, Bnc2, Boll, Bop1, Bptf, Brca1, Brca2, Brd1, Brd2, Brd3, Brd4, Brd7, Brd8, Brd9, Brdt, Brf1, Brf2, Brip1, Brix1, Brms1, Brms1l, Brpf1, Brpf3, Brwd1, Brwd3, Bsx, Btaf1, Btbd18, Btg2, Btrc, Bud13, Bud23, Bud31, Bysl, C1d, C1qbp, C5ar1, Cacng7, Cactin, Calcoco1, Calcr, Calr, Camk1, Camk1d, Camk2a, Camk4, Camta1, Camta2, Cand1, Capn3, Caprin1, Caprin2, Card11, Card14, Card9, Carf, Carhsp1, Carlr, Carm1, Cars1, Cars2, Casc3, Cask, Casp8ap2, Casz1, Cat, Cav1, Cavin1, Cavin2, Cavin4, Cbfa2t2, Cbfa2t3, Cbfb, Cbll1, Cbx1, Cbx2, Cbx3, Cbx4, Cbx5, Cbx6, Cbx7, Cbx8, Cby1, Cc2d1a, Cc2d1b, Ccar1, Ccar2, Ccdc124, Ccdc62, Ccdc85b, Ccl3, Ccn1, Ccna2, Ccnb1, Ccnc, Ccnd1, Ccnd3, Ccne1, Ccnh, Ccnk, Ccnl1, Ccnl2, Ccnq, Ccnt1, Ccnt2, Ccpg1, Cd200, Cd274, Cd28, Cd2bp2, Cd36, Cd38, Cd4, Cd40, Cd40lg, Cd74, Cd81, Cd84, Cdc14a, Cdc14b, Cdc40, Cdc5l, Cdc5lrt1, Cdc5lrt10, Cdc5lrt4, Cdc5lrt5, Cdc5lrt6, Cdc5lrt7, Cdc5lrt8, Cdc5lrt9, Cdc73, Cdca7, Cdca7l, Cdh1, Cdh13, Cdk1, Cdk11b, Cdk12, Cdk13, Cdk2, Cdk2ap1, Cdk2ap1rt, Cdk5, Cdk5r1, Cdk5rap1, Cdk5rap2, Cdk5rap3, Cdk6, Cdk7, Cdk8, Cdk9, Cdkal1, Cdkn1b, Cdkn1c, Cdkn2a, Cdkn3, Cdon, Cdx1, Cdx2, Cdx4, Cdyl, Cebpa, Cebpb, Cebpd, Cebpe, Cebpg, Cebpz, Cela1, Celf1, Celf2, Celf3, Celf4, Celf5, Celf6, Celsr2, Cenatac, Cenpf, Cenpk, Cep290, Ces1d, Cflar, Cggbp1, Chaserr, Chchd2, Chchd2-ps, Chd3, Chd4, Chd5, Chd6, Chd7, Chd8, Chek2, Cherp, Chp1, Chp2, Chuk, Churc1, Ciao1, Ciart, Cib1, Cic, Ciita, Cipc, Cir1, Cirbp, Cited1, Cited2, Cited4, Ckap2, Cks1b, Cks2, Clasrp, Clec7a, Clk1, Clk2, Clk3, Clk4, Clns1a, Clock, Clp1, Clu, Cmklr1, Cmtm2a, Cmtr1, Cmtr2, Cnbp, Cnot1, Cnot10, Cnot2, Cnot3, Cnot6, Cnot6l, Cnot7, Cnot8, Cnot9, Coil, Col1a1, Col4a2, Commd1, Commd6, Commd7, Cops2, Cops5, Coq7, Cpap, Cpeb1, Cpeb3, Cphx1, Cpped1, Cpsf1, Cpsf2, Cpsf3, Cpsf4, Cpsf6, Cpsf7, Crcp, Creb1, Creb3, Creb3l1, Creb3l2, Creb3l3, Creb3l4, Creb5, Crebbp, Crebl2, Crebrf, Crebzf, Creg1, Crem, Cript, Cripto, Crlf3, Crnkl1, Crnn, Crtc1, Crtc2, Crtc3, Crx, Crxos, Cry1, Cry2, Cryab, Crym, Csdc2, Csde1, Csf2, Csf3, Csrnp1, Csrnp2, Csrnp3, Csrp3, Cstf1, Cstf2, Cstf2t, Cstf3, Ctag2, Ctag2l1, Ctag2l2, Ctbp1, Ctbp2, Ctcf, Ctcfl, Ctdnep1, Ctdp1, Ctdsp1, Ctdsp2, Ctdspl, Ctdspl2, Cth, Ctif, Ctnnb1, Ctnnbip1, Ctnnbl1, Ctr9, Ctu1, Ctu2, Cul3, Cux1, Cux2, Cwc15, Cwc22, Cwc22rt1, Cwc22rt2, Cwc22rt3, Cwc22rt4, Cwc22rt5, Cwc22rt6, Cwc22rt7, Cwc25, Cwf19l1, Cwf19l2, Cx3cl1, Cxcr3, Cxxc1, Cxxc5, Cyld, Cyp1b1, Cys1, Cytl1, D1Pas1, Dab2, Dab2ip, Dach1, Dach2, Dact1, Dalrd3, Dap, Dars1, Dars2, Daxx, Dazap1, Dazl, Dbp, Dbr1, Dbx1, Dbx2, Dcaf1, Dcaf13, Dcaf6, Dcn, Dcp1a, Dcp1b, Dcp2, Dcps, Ddit3, Ddn, Ddr2, Ddrgk1, Ddx1, Ddx10, Ddx11, Ddx17, Ddx18, Ddx20, Ddx21, Ddx23, Ddx27, Ddx39a, Ddx39b, Ddx3x, Ddx4, Ddx41, Ddx42, Ddx46, Ddx47, Ddx49, Ddx5, Ddx51, Ddx52, Ddx54, Ddx56, Deaf1, Dedd, Dek, Depdc1a, Dgcr8, Dgkq, Dhrs7b, Dhx15, Dhx16, Dhx33, Dhx34, Dhx36, Dhx37, Dhx38, Dhx40, Dhx8, Dhx9, Dicer1, Dido1, Dimt1, Dis3, Dis3l, Dis3l2, Dkc1, Dkk1, Dkk3, Dlg1, Dll1, Dll4, Dlx1, Dlx2, Dlx3, Dlx4, Dlx5, Dlx6, Dlx6os1, Dmap1, Dmbx1, Dmd, Dmrt1, Dmrt2, Dmrt3, Dmrta1, Dmrta2, Dmrtb1, Dmrtc2, Dmtf1, Dmtf1l, Dna2, Dnaja3, Dnajb1, Dnajb11, Dnajb4, Dnajb5, Dnajb6, Dnajc17, Dnajc2, Dnd1, Dnmt1, Dnmt3a, Dnmt3b, Dnmt3l, Dnttip2, Dot1l, Dpf1, Dpf2, Dpf3, Dph3, Dpy30, Dr1, Drap1, Drd2, Drd3, Drgx, Drosha, Dtd1, Dtd2, Dtwd1, Dtwd2, Dtx3l, Dubr, Dus1l, Dus2, Dus3l, Dus4l, Dusp1, Dusp10, Dusp12, Dusp13a, Dusp13b, Dusp14, Dusp15, Dusp18, Dusp19, Dusp2, Dusp21, Dusp22, Dusp23, Dusp26, Dusp28, Dusp29, Dusp3, Dusp4, Dusp5, Dusp6, Dusp7, Dusp8, Duxbl1, Duxf3, Duxf4, Dvl1, Dvl2, Dvl3, Dxo, Dyrk1a, Dyrk1b, E130311K13Rik, E230001N04Rik, E2f1, E2f2, E2f3, E2f4, E2f5, E2f6, E2f7, E2f8, E4f1, Eaf1, Eaf2, Eapp, Ear7, Ears2, Ebf1, Ebf2, Ebf3, Ebf4, Ebna1bp2, Ecd, Ecm1, Ecsit, Edc3, Edc4, Edf1, Edn1, Ednrb, Edrf1, Eed, Eef1d, Efcab7, Efemp1, Efna1, Eftud2, Egf, Egfr, Egln1, Egr1, Egr2, Egr3, Egr4, Ehf, Ehmt1, Ehmt2, Eid1, Eid2, Eid2b, Eif1, Eif2ak2, Eif2ak3, Eif2ak4, Eif3e, Eif4a1, Eif4a3, Eif4a3l1, Eif4a3l2, Eif4enif1, Eif6, Elac1, Elac2, Elane, Elavl1, Elavl4, Elf1, Elf2, Elf3, Elf4, Elf5, Elk1, Elk3, Elk4, Ell, Ell2, Ell3, Eloa, Elob, Eloc, Elof1, Elp1, Elp2, Elp3, Elp4, Elp5, Elp6, Emg1, Emsy, Emx1, Emx2, En1, En2, Eng, Eno1, Eno1b, Enpp1, Eny2, Eomes, Ep300, Ep400, Epas1, Epc1, Epc2, Epcam, Epha5, Epm2a, Epo, Epop, Eprs1, Erbb2, Erbb4, Erbin, Erc1, Ercc1, Ercc2, Ercc3, Ercc6, Ereg, Erf, Erfl, Erg, Eri1, Ern1, Ern2, Esf1, Esr1, Esr2, Esrp1, Esrp2, Esrra, Esrrb, Esrrg, Ess2, Esx1, Etf1, Ets1, Ets2, Etv1, Etv2, Etv3, Etv3l, Etv4, Etv5, Etv6, Evx1, Evx2, Ewsr1, Exd1, Exosc1, Exosc10, Exosc2, Exosc3, Exosc4, Exosc5, Exosc6, Exosc7, Exosc8, Exosc9, Eya1, Ezh1, Ezh2, Ezr, F2r, F2rl1, Fabp4, Fadd, Fam170a, Fam220a, Fam47c, Fam47e, Fam50a, Fam76b, Fanca, Fancd2, Fank1, Fars2, Farsa, Farsb, Fasl, Fastk, Fastkd1, Fastkd2, Fastkd3, Fastkd5, Fbl, Fbll1, Fbln5, Fbp1, Fbxl19, Fbxl2, Fbxo24, Fbxw11, Fcf1, Fcgr2b, Fcor, Fdxacb1, Fen1, Fer, Ferd3l, Fev, Fezf1, Fezf2, Fgf1, Fgf10, Fgf2, Fgf23, Fgf4, Fgf7, Fgf9, Fgfr1, Fgfr2, Fgfr3, Fhl2, Fhl5, Fhod1, Figla, Fip1l1, Fiz1, Fkbp10, Fkbp11, Fkbp14, Fkbp1a, Fkbp1b, Fkbp2, Fkbp3, Fkbp4, Fkbp5, Fkbp6, Fkbp7, Fkbp8, Fkbp9, Flcn, Fli1, Flna, Flt3l, Flywch1, Fmr1, Fnip1, Fnip2, Fos, Fosb, Fosl1, Fosl2, Foxa1, Foxa2, Foxa3, Foxb1, Foxb2, Foxc1, Foxc2, Foxd1, Foxd2, Foxd3, Foxd4, Foxe1, Foxe3, Foxf1, Foxf2, Foxg1, Foxh1, Foxi1, Foxi2, Foxi3, Foxj1, Foxj2, Foxj3, Foxk1, Foxk2, Foxl1, Foxl2, Foxl3, Foxm1, Foxn1, Foxn2, Foxn3, Foxn4, Foxo1, Foxo3, Foxo4, Foxo6, Foxp1, Foxp2, Foxp3, Foxp4, Foxq1, Foxr1, Foxr2, Foxs1, Fra10ac1, Frg1, Frk, Fst, Fstl3, Fto, Ftsj1, Ftsj3, Ftx, Fubp1, Fubp3, Fus, Fxr1, Fxr2, Fzd1, Fzd2, Fzd4, Fzd5, Fzd6, Fzd7, Gabpa, Gabpb1, Gabpb2, Gadd45a, Gal, Galr1, Galr2, Galr3, Gar1, Gars1, Gas5, Gas6, Gata1, Gata2, Gata3, Gata4, Gata5, Gata6, Gatad1, Gatad2a, Gatad2b, Gatb, Gatc, Gbp4, Gbx1, Gbx2, Gcfc2, Gclc, Gcm1, Gcm2, Gdf2, Gdf6, Gdf7, Gdnf, Gemin2, Gemin4, Gemin5, Gemin6, Gemin6-ps, Gemin7, Gemin8, Gfi1, Gfi1b, Ghrh, Gigyf2, Gli1, Gli2, Gli3, Glis1, Glis2, Glis3, Glmp, Glo1, Glp1r, Glrp1, Glyr1, Gm10033, Gm10768, Gm12258, Gm14295, Gm14322, Gm14325, Gm14391, Gm14399, Gm14401, Gm14403, Gm14412, Gm14418, Gm14434, Gm14443, Gm14444, Gm15446, Gm17067, Gm17655, Gm19965, Gm20737, Gm20738, Gm20747, Gm20773, Gm20795, Gm20806, Gm20807, Gm20808, Gm20812, Gm20815, Gm20816, Gm20818, Gm20821, Gm20822, Gm20825, Gm20826, Gm20830, Gm20834, Gm20852, Gm20854, Gm20865, Gm20873, Gm20914, Gm20917, Gm20918, Gm21118, Gm21292, Gm21310, Gm21394, Gm21719, Gm21778, Gm21812, Gm21854, Gm2381, Gm28171, Gm32687, Gm35315, Gm3604, Gm4275, Gm45871, Gm4767, Gm4924, Gm5141, Gm614, Gm6871, Gm7072, Gm7324, Gmcl1, Gmeb1, Gmeb2, Gmnn, Gnas, Gnl3, Gon4l, Gon7, Gpat2, Gpatch1, Gpatch3, Gpbp1, Gpbp1l1, Gper1, Gpkow, Gps2, Grem1, Grhl1, Grhl2, Grhl3, Grin1, Grm5, Grsf1, Gsc, Gsc2, Gsdmd, Gsk3a, Gsk3b, Gspt1, Gspt2, Gsx1, Gsx2, Gtdc1, Gtf2a1, Gtf2a1l, Gtf2a2, Gtf2b, Gtf2e1, Gtf2e2, Gtf2f1, Gtf2f2, Gtf2h1, Gtf2h2, Gtf2h3, Gtf2h4, Gtf2h5, Gtf2i, Gtf2ird1, Gtf3c1, Gtf3c2, Gtf3c3, Gtf3c4, Gtf3c5, Gtf3c6, Gtpbp1, Gtpbp2, Gtpbp3, Gtpbp4, Gtsf1, Gzf1, H1f2, H1f3, H1f4, H1f5, H2az1, H3c14, Habp4, Halr1, Hamp, Hand1, Hand2, Hand2os1, Hars1, Hars2, Has3, Havcr2, Hax1, Hba-x, Hbb-bh1, Hbb-y, Hbp1, Hbs1l, Hcfc1, Hcfc2, Hck, Hcls1, Hdac1, Hdac10, Hdac2, Hdac3, Hdac4, Hdac5, Hdac7, Hdac9, Hdgf, Hdx, Heatr1, Helb, Helt, Helz2, Henmt1, Hes1, Hes2, Hes3, Hes5, Hes6, Hes7, Hesx1, Hexb, Hexim1, Hexim2, Hey1, Hey2, Heyl, Hhex, Hic1, Hic2, Hif1a, Hif1an, Hif3a, Hinfp, Hint1, Hipk1, Hipk2, Hipk3, Hira, Hivep1, Hivep2, Hivep3, Hjv, Hlf, Hltf, Hlx, Hmbox1, Hmg20a, Hmg20b, Hmga1, Hmga1b, Hmga2, Hmgb1, Hmgb2, Hmgb4, Hmgn1, Hmgn2, Hmgn3, Hmgn5, Hmox1, Hmx1, Hmx2, Hmx3, Hnf1a, Hnf1b, Hnf4a, Hnf4g, Hnrnpa0, Hnrnpa1, Hnrnpa2b1, Hnrnpa3, Hnrnpab, Hnrnpc, Hnrnpd, Hnrnpdl, Hnrnpf, Hnrnph1, Hnrnph2, Hnrnph3, Hnrnpk, Hnrnpl, Hnrnpll, Hnrnpm, Hnrnpr, Hnrnpu, Hnrnpul1, Hnrnpul2, Homez, Hopx, Hoxa1, Hoxa10, Hoxa11, Hoxa11os, Hoxa13, Hoxa2, Hoxa3, Hoxa4, Hoxa5, Hoxa6, Hoxa7, Hoxa9, Hoxb1, Hoxb13, Hoxb2, Hoxb3, Hoxb4, Hoxb5, Hoxb6, Hoxb7, Hoxb8, Hoxb9, Hoxc10, Hoxc11, Hoxc12, Hoxc13, Hoxc4, Hoxc5, Hoxc6, Hoxc8, Hoxc9, Hoxd1, Hoxd10, Hoxd11, Hoxd12, Hoxd13, Hoxd3, Hoxd4, Hoxd8, Hoxd9, Hp1bp3, Hr, Hras, Hsbp1, Hsbp1l1, Hsd17b10, Hsf1, Hsf2, Hsf3, Hsf4, Hsf5, Hspa1a, Hspa1b, Hspa8, Htatip2, Htatsf1, Hyal2, Iars1, Iars2, Ice1, Ice2, Id1, Id2, Id3, Id4, Ier2, Ier5, Ifi203, Ifi203-ps, Ifi204, Ifi206, Ifi207, Ifi208, Ifi209, Ifi213, Ifi214, Ifi27, Ifnar1, Ifnar2, Ifnb1, Ifng, Ifnk, Ifrd1, Ift172, Ift74, Igbp1, Igf1, Igf1r, Igf2, Igf2bp1, Igf2bp2, Igf2bp3, Ighmbp2, Igsf1, Ihh, Ik, Ikbkb, Ikbke, Ikbkg, Ikzf1, Ikzf2, Ikzf3, Ikzf4, Ikzf5, Il10, Il11, Il13, Il17a, Il17f, Il18, Il18r1, Il18rap, Il1a, Il1b, Il1rap, Il2, Il22, Il23a, Il25, Il33, Il4, Il4i1, Il4i1b, Il5, Il6, Ildr1, Ildr2, Ilf2, Ilf3, Ilk, Ilkap, Imp3, Imp4, Impact, Ing1, Ing2, Ing3, Ing4, Ing5, Inhba, Ino80, Ino80b, Ino80c, Ino80d, Ino80e, Inpp5k, Ins1, Ins2, Insm1, Insm2, Insr, Ints1, Ints10, Ints11, Ints12, Ints14, Ints2, Ints3, Ints4, Ints5, Ints6, Ints6l, Ints7, Ints8, Ints9, Ippk, Iqce, Irak1, Irak2, Irak3, Irf1, Irf2, Irf2bp1, Irf2bp2, Irf2bpl, Irf3, Irf4, Irf5, Irf6, Irf7, Irf8, Irf9, Irx1, Irx2, Irx3, Irx4, Irx5, Irx6, Isg20, Isg20l2, Isl1, Isl2, Isx, Isy1, Itch, Itga6, Itga8, Itgb1bp1, Itgb3bp, Ivns1abp, Iws1, Jade1, Jade2, Jade3, Jag1, Jak2, Jak3, Jarid2, Jazf1, Jdp2, Jmjd1c, Jmjd6, Jmy, Jph2, Jpx, Jun, Junb, Jund, Jup, Kank2, Kansl1, Kansl2, Kansl3, Kars1, Kat14, Kat2a, Kat2b, Kat5, Kat6a, Kat6b, Kat7, Kat8, Kcnh2, Kcnip3, Kctd1, Kctd15, Kdm1a, Kdm1b, Kdm2a, Kdm2b, Kdm3a, Kdm3b, Kdm4a, Kdm4c, Kdm5a, Kdm5b, Kdm5c, Kdm5d, Kdm6a, Kdm6b, Kdm7a, Kdm8, Keap1, Khdc4, Khdrbs1, Khdrbs2, Khdrbs3, Khsrp, Kin, Kit, Klf1, Klf10, Klf11, Klf12, Klf13, Klf14, Klf15, Klf16, Klf17, Klf2, Klf3, Klf4, Klf5, Klf6, Klf7, Klf8, Klf9, Kmt2a, Kmt2b, Kmt2c, Kmt2d, Kmt2e, Kmt5a, Kpna6, Kri1, Krr1, Kti12, L3mbtl1, L3mbtl2, L3mbtl3, L3mbtl4, Lage3, Lamtor5, Lancl2, Larp1, Larp4b, Larp6, Larp7, Larp7-ps, Lars1, Lars2, Las1l, Lbh, Lbx1, Lbx2, Lcmt2, Lcor, Lcorl, Ldb1, Ldb2, Lef1, Lefty1, Leo1, Lep, Lgals3, Lhx1, Lhx2, Lhx3, Lhx4, Lhx5, Lhx6, Lhx8, Lhx9, Lif, Lilrb4a, Lilrb4b, Limd1, Lime1, Lims1, Lin28a, Lin28b, Lin37, Lin52, Lin54, Lin9, Lipe, Litaf, Lmcd1, Lmntd2, Lmo1, Lmo2, Lmo3, Lmo4, Lmo7, Lmx1a, Lmx1b, Lncbate1, Loxl2, Loxl3, Lpar5, Lpin1, Lpin2, Lpin3, Lrif1, Lrp5, Lrp6, Lrpprc, Lrrc14, Lrrc47, Lrrfip1, Lrrfip2, Lsm1, Lsm10, Lsm11, Lsm14b, Lsm2, Lsm3, Lsm4, Lsm5, Lsm6, Lsm7, Lsm8, Ltf, Luc7l, Luc7l2, Luc7l3, Lum, Lyar, Lyl1, M1ap, Macc1, Macroh2a1, Macroh2a2, Mad2l2, Mael, Maf, Maf1, Mafa, Mafb, Maff, Mafg, Mafk, Magea1, Magea10, Magea13, Magea14, Magea2, Magea3, Magea4, Magea5, Magea6, Magea8, Magea9, Mageb11, Mageb16, Mageb18, Mageb2, Mageb3, Mageb4, Mageb5, Mageb5b, Mageb6b1, Magec2, Maged1, Maged2, Magee1, Magee2, Mageh1, Magel2, Magoh, Magohb, Mak, Mak16, Malat1, Malt1, Maml1, Maml2, Maml3, Mamld1, Mamstr, Map2k1, Map2k2, Map2k3, Map2k5, Map2k7, Map3k1, Map3k10, Map3k12, Map3k13, Map3k5, Mapk1, Mapk10, Mapk14, Mapk15, Mapk3, Mapk7, Mapk8, Mapk8ip1, Mapk9, Mapkapk2, Mapkapk5, Mapre3, Mars1, Mars2, Mavs, Max, Maz, Mbd1, Mbd2, Mbd3, Mbd3l1, Mbd3l2, Mbip, Mblac1, Mbnl1, Mbnl2, Mbnl3, Mbtd1, Mbtps2, Mc1r, Mcf2l, Mcidas, Mcph1, Mcrs1, Mdfi, Mdfic, Mdfic2, Mdk, Mdm2, Mdm4, Meaf6, Mecom, Mecp2, Med1, Med10, Med11, Med12, Med12l, Med13, Med13l, Med14, Med15, Med16, Med17, Med18, Med19, Med20, Med21, Med22, Med23, Med24, Med25, Med26, Med27, Med28, Med29, Med30, Med31, Med4, Med6, Med7, Med8, Med9, Mef2a, Mef2b, Mef2c, Mef2d, Meioc, Meiosin, Meis1, Meis2, Meis3, Men1, Meox1, Meox2, Mepce, Mesp1, Mesp2, Met, Mettl1, Mettl13, Mettl14, Mettl15, Mettl16, Mettl18, Mettl2, Mettl23, Mettl3, Mettl4, Mettl5, Mettl6, Mettl8, Mex3d, Mfap1a, Mfap1b, Mga, Mical2, Mid2, Mideas, Mier1, Mier2, Mier3, Mir103-1, Mir103-2, Mir143, Mir144, Mir196a-1, Mir196a-2, Mir196b, Mir205hg, Mir3960, Mir451a, Mir451b, Mir466d, Mir466l, Mir7-1, Mir744, Mir7578, Mirlet7b, Mirlet7c-1, Mirlet7c-2, Mitf, Mixl1, Mkrn2, Mkx, Mlf1, Mlf2, Mlh1, Mlip, Mllt1, Mllt10, Mllt11, Mllt3, Mllt6, Mlx, Mlxip, Mlxipl, Mmp12, Mms19, Mn1, Mnat1, Mndal, Mnt, Mnx1, Mocs3, Morc1, Morc2a, Morc2b, Morc3, Morf4l1, Morf4l2, Mospd1, Mov10, Mov10l1, Mphosph10, Mphosph6, Mphosph8, Mrgbp, Mrm1, Mrm2, Mrm3, Mrpl12, Mrpl44, Mrtfa, Mrtfb, Mrto4, Msantd1, Msc, Msgn1, Msl1, Msl2, Msl3, Mstn, Msx1, Msx2, Msx3, Mt3, Mta1, Mta2, Mta3, Mtdh, Mterf1a, Mterf1b, Mterf2, Mterf3, Mterf4, Mtf1, Mtfmt, Mto1, Mtor, Mtpap, Mtpn, Mtres1, Mtrex, Mturn, Muc1, Mup1, Mup11, Mup2, Mup3, Mup4, Mup5, Musk, Mxd1, Mxd3, Mxd4, Mxi1, Myb, Mybbp1a, Mybl1, Mybl2, Myc, Mycbp, Mycl, Mycn, Mycs, Myd88, Mydgf, Myef2, Myf5, Myf6, Myg1, Mynn, Myo1c, Myocd, Myod1, Myog, Myoz1, Myoz2, Mypop, Myrf, Myrfl, Mysm1, Myt1, Myt1l, Mzf1, N4bp2l2, N6amt1, Naa15, Nab1, Nab2, Nacc1, Nacc2, Naf1, Nampt, Nanog, Nanos1, Nanos2, Nanos3, Nars1, Nars2, Nat10, Nbas, Nbdy, Ncapg2, Ncbp1, Ncbp2, Ncbp3, Nck1, Nck2, Ncl, Ncoa1, Ncoa2, Ncoa3, Ncoa6, Ncoa7, Ncor1, Ncor2, Ndn, Ndp, Ndufa13, Nedd4, Nedd8, Nek4, Nelfa, Nelfb, Nelfcd, Nelfe, Neo1, Nepn, Neurod1, Neurod2, Neurod4, Neurod6, Neurog1, Neurog2, Neurog3, Nfat5, Nfatc1, Nfatc2, Nfatc2ip, Nfatc3, Nfatc4, Nfe2, Nfe2l1, Nfe2l2, Nfe2l3, Nfia, Nfib, Nfic, Nfil3, Nfilz, Nfix, Nfkb1, Nfkb2, Nfkbia, Nfkbid, Nfkbie, Nfkbil1, Nfkbiz, Nfrkb, Nfx1, Nfxl1, Nfya, Nfyb, Nfyc, Ngdn, Ngf, Ngfr, Nhlh1, Nhlh2, Nhp2, Niban2, Nicol1, Nif3l1, Nipbl, Nkap, Nkrf, Nktr, Nkx1-1, Nkx1-2, Nkx2-1, Nkx2-2, Nkx2-3, Nkx2-4, Nkx2-5, Nkx2-6, Nkx2-9, Nkx3-1, Nkx3-2, Nkx6-1, Nkx6-2, Nkx6-3, Nlk, Nlrc3, Nlrc4, Nlrc5, Nlrp12, Nlrp3, Nlrp5, Nmd3, Nme2, Nmnat1, Nob1, Nobox, Noc2l, Noct, Nod1, Nod2, Nodal, Nog, Nol10, Nol11, Nol3, Nol6, Nol7, Nol8, Nol9, Nolc1, Nono, Nop10, Nop14, Nop2, Nop53, Nop9, Nos1, Nostrin, Notch1, Notch2, Notch3, Notch4, Noto, Nova1, Nova2, Npas1, Npas2, Npas3, Npas4, Npat, Npm1, Npm3, Npnt, Nr0b1, Nr0b2, Nr1d1, Nr1d2, Nr1h2, Nr1h3, Nr1h4, Nr1h5, Nr1i2, Nr1i3, Nr2c1, Nr2c2, Nr2e1, Nr2e3, Nr2f1, Nr2f2, Nr2f6, Nr3c1, Nr3c2, Nr4a1, Nr4a2, Nr4a3, Nr5a1, Nr5a2, Nr6a1, Nrarp, Nrbf2, Nrde2, Nrf1, Nrg1, Nrip1, Nrip2, Nrl, Nsa2, Nscme3l, Nsd1, Nsd2, Nsd3, Nsmce3, Nsrp1, Nsun2, Nsun3, Nsun4, Nsun5, Nsun6, Ntf3, Ntn3, Ntrk1, Nts, Nucks1, Nudt12, Nudt16, Nudt16l2, Nudt21, Nudt3, Nufip1, Nup155, Nup62, Nup85, Nup98, Nupr1, Nupr2, Nvl, Nwd1, Oas1a, Oas1b, Oas1c, Oas1d, Oas1e, Oas1f, Oas1g, Oas1h, Oas2, Oas3, Obi1, Obox1, Obox2, Obox3, Obox4, Obox5, Obox6, Obox7, Obox8, Ogg1, Ogt, Olig1, Olig2, Olig3, Onecut1, Onecut2, Onecut3, Oog1, Oog2, Oog3, Osgep, Osgepl1, Osm, Osr1, Osr2, Otp, Otud7b, Otulin, Otx1, Otx2, Ovol1, Ovol2, Ovol3, P2rx2, P2ry1, Pa2g4, Pabpc1, Pabpc1l, Pabpc2, Pabpc4, Pabpn1, Pabpn1l, Padi2, Paf1, Pagr1a, Paip1, Pak1ip1, Pam, Pan2, Pan3, Papola, Papolb, Papolg, Park7, Parn, Parp1, Parp10, Parp9, Pars2, Pasd1, Pask, Patl1, Patl2, Patz1, Pawr, Pax1, Pax2, Pax3, Pax4, Pax5, Pax6, Pax7, Pax8, Pax9, Paxbp1, Paxip1, Pbrm1, Pbx1, Pbx2, Pbx3, Pbx4, Pbxip1, Pcbd1, Pcbd2, Pcbp1, Pcbp2, Pcbp3, Pcbp4, Pcf11, Pcgf1, Pcgf2, Pcgf3, Pcgf5, Pcgf6, Pcid2, Pcif1, Pck1, Pcna, Pdcd11, Pdcd4, Pdcd7, Pde12, Pde2a, Pde3a, Pdgfb, Pdlim1, Pdx1, Pdxp, Peg3, Peli1, Pelo, Pelp1, Per1, Per2, Per3, Perm1, Pes1, Pex14, Pf4, Pfdn5, Pfkm, Pfn1, Pgam5, Pgr, Phax, Phb1, Phb2, Phc1, Phc2, Phc3, Phf10, Phf12, Phf14, Phf19, Phf2, Phf20, Phf20l1, Phf21a, Phf3, Phf5a, Phf6, Phf8, Phip, Phlpp1, Phlpp2, Phox2a, Phox2b, Phrf1, Pias1, Pias2, Pias3, Pias4, Picalm, Pid1, Pih1d1, Pih1d2, Pik3r1, Pik3r2, Pim1, Pim2, Pin1, Pin1rt1, Pin4, Pink1, Pithd1, Pitx1, Pitx2, Pitx3, Piwil1, Piwil2, Piwil4, Pkd1, Pkd2, Pkhd1, Pkia, Pkig, Pkm, Pkn1, Pknox1, Pknox2, Pkp1, Pkp3, Pla2g10, Plac8, Plag1, Plagl1, Plagl2, Platr25, Plcb1, Plcg2, Pld6, Plekhn1, Plk1, Plk3, Plpp3, Plrg1, Plscr1, Pmf1, Pml, Pnldc1, Pnn, Pnpt1, Pnrc1, Pnrc2, Pogk, Pogz, Pola1, Pola2, Pole3, Polr1a, Polr1b, Polr1c, Polr1d, Polr1e, Polr1f, Polr1g, Polr1h, Polr2a, Polr2b, Polr2c, Polr2d, Polr2e, Polr2f, Polr2g, Polr2h, Polr2i, Polr2j, Polr2k, Polr2l, Polr2m, Polr3a, Polr3b, Polr3c, Polr3d, Polr3e, Polr3f, Polr3g, Polr3gl, Polr3h, Polr3k, Polrmt, Pomc, Pop1, Pop4, Pop5, Pop7, Pou1f1, Pou2af1, Pou2af2, Pou2af3, Pou2f1, Pou2f2, Pou2f3, Pou3f1, Pou3f2, Pou3f3, Pou3f4, Pou4f1, Pou4f2, Pou4f3, Pou5f1, Pou5f2, Pou6f1, Pou6f2, Ppan, Ppara, Ppard, Pparg, Ppargc1a, Ppargc1b, Ppef1, Ppef2, Pphln1, Ppia, Ppib, Ppic, Ppid, Ppie, Ppif, Ppig, Ppih, Ppil1, Ppil2, Ppil3, Ppil4, Ppm1a, Ppm1b, Ppm1d, Ppm1e, Ppm1f, Ppm1g, Ppm1h, Ppm1j, Ppm1k, Ppm1l, Ppm1m, Ppm1n, Ppp1ca, Ppp1cb, Ppp1cc, Ppp1r12a, Ppp1r13l, Ppp1r15a, Ppp1r1b, Ppp1r8, Ppp2ca, Ppp2cb, Ppp2r5b, Ppp2r5d, Ppp3ca, Ppp3cb, Ppp3cc, Ppp3r1, Ppp4c, Ppp4r2, Ppp5c, Ppp6c, Pprc1, Pptc7, Ppwd1, Pqbp1, Pramel1, Pramel7, Prdm1, Prdm10, Prdm11, Prdm12, Prdm13, Prdm14, Prdm15, Prdm16, Prdm2, Prdm4, Prdm5, Prdm6, Prdm8, Prdm9, Prdx2, Prdx3, Prdx5, Prdx6, Prdx6b, Preb, Prickle1, Prim1, Prim2, Primpol, Prkaa1, Prkaca, Prkcb, Prkch, Prkci, Prkcq, Prkcz, Prkd1, Prkd2, Prkdc, Prkn, Prkra, Prkrip1, Prl, Prl2c2, Prmt1, Prmt2, Prmt3, Prmt5, Prmt6, Prmt7, Prmt8, Prmt9, Prnp, Prop1, Prorp, Prorsd1, Prox1, Prox2, Prpf18, Prpf19, Prpf3, Prpf31, Prpf38a, Prpf38b, Prpf39, Prpf4, Prpf40a, Prpf40b, Prpf4b, Prpf6, Prpf8, Prr5l, Prr7, Prrx1, Prrx2, Prx, Psen1, Psen2, Psip1, Psma6, Psmc3ip, Psmc5, Psmc6, Psmd10, Psmd9, Pspc1, Psrc1, Ptafr, Ptbp1, Ptbp2, Ptbp3, Ptcd1, Ptcd2, Ptch1, Pten, Ptf1a, Ptges2, Ptgis, Ptgs2os, Pth, Pthlh, Ptma, Ptms, Ptov1, Ptp4a3, Ptpa, Ptpmt1, Ptpn2, Ptprc, Ptprk, Ptprn, Puf60, Pum1, Pum2, Pura, Purb, Purg, Pus1, Pus10, Pus3, Pus7, Pus7l, Pusl1, Pwp1, Pwp2, Pwwp2a, Pwwp2b, Pycard, Pygo1, Pym1, Qars1, Qki, Qng1, Qrich1, Qrsl1, Qtrt1, Qtrt2, Rab7b, Rad21, Rad54l2, Raf1, Rai1, Ralgapa1, Raly, Ramac, Rap2c, Rapgef3, Rara, Rarb, Rarg, Rars1, Rars2, Rasd1, Rasl11a, Rax, Rb1, Rbak, Rbbp4, Rbbp5, Rbbp6, Rbbp7, Rbbp8, Rbck1, Rbfa, Rbfox1, Rbfox2, Rbfox3, Rbl1, Rbl2, Rbm10, Rbm11, Rbm12, Rbm12b1, Rbm12b2, Rbm14, Rbm15, Rbm15b, Rbm17, Rbm20, Rbm22, Rbm24, Rbm25, Rbm28, Rbm3, Rbm33, Rbm34, Rbm38, Rbm39, Rbm4, Rbm41, Rbm42, Rbm44, Rbm46, Rbm47, Rbm48, Rbm4b, Rbm5, Rbm6, Rbm7, Rbm8a, Rbm8a2, Rbmx, Rbmx2, Rbmxl1, Rbmxl2, Rbmy, Rbmyf1, Rbmyf3, Rbmyf6, Rbmyf9, Rbpj, Rbpjl, Rbpms, Rbpms2, Rc3h1, Rc3h2, Rcl1, Rcor1, Rcor2, Rcor3, Recql5, Rel, Rela, Relb, Reln, Reno1, Repin1, Rere, Rest, Ret, Rex2, Rexo1, Rexo4, Rexo5, Rfc1, Rfx1, Rfx2, Rfx3, Rfx4, Rfx5, Rfx6, Rfx7, Rfx8, Rfxank, Rfxap, Rgcc, Rgma, Rgmb, Rgn, Rhebl1, Rhoa, Rhog, Rhoq, Rhox1, Rhox10, Rhox11, Rhox12, Rhox13, Rhox2a, Rhox2b, Rhox2c, Rhox2d, Rhox2f, Rhox2g, Rhox2h, Rhox3a, Rhox3c, Rhox3f, Rhox3g, Rhox3h, Rhox4a, Rhox4b, Rhox4c, Rhox4d, Rhox4e, Rhox4f, Rhox4g, Rhox5, Rhox6, Rhox7a, Rhox7b, Rhox8, Rhox9, Rida, Rif1, Rigi, Ring1, Riok1, Riok2, Riok3, Riox1, Riox2, Ripk1, Ripk2, Ripk3, Ripk4, Ripply1, Ripply2, Ripply3, Rit2, Rlf, Rlig1, Rlim, Rnaseh1, Rnaseh2a, Rnaseh2b, Rnaseh2c, Rnasel, Rnaset2a, Rnaset2b, Rnf10, Rnf113a1, Rnf113a2, Rnf14, Rnf141, Rnf168, Rnf187, Rnf2, Rnf20, Rnf220, Rnf25, Rnf31, Rnf4, Rnf40, Rnf6, Rnf8, Rngtt, Rnmt, Rnpc3, Rnps1, Rnu11, Rnu12, Rnu2-10, Rnu7, Rock1, Rock2, Ror1, Ror2, Rora, Rorb, Rorc, Rp9, Rpap1, Rpap2, Rpf1, Rpf2, Rpl10, Rpl10-ps3, Rpl11, Rpl14, Rpl23, Rpl26, Rpl27, Rpl35, Rpl35a, Rpl5, Rpl7, Rpl7a, Rpl7l1, Rpp14, Rpp21, Rpp25, Rpp25l, Rpp30, Rpp38, Rpp40, Rprd1a, Rprd1b, Rprd2, Rps13, Rps14, Rps15, Rps16, Rps17, Rps19, Rps21, Rps24, Rps25, Rps26, Rps27, Rps27rt, Rps28, Rps3, Rps6, Rps6-ps4, Rps6ka1, Rps6ka3, Rps6ka4, Rps6ka5, Rps7, Rps8, Rptor, Rpusd1, Rpusd2, Rpusd3, Rpusd4, Rreb1, Rrn3, Rrp1, Rrp15, Rrp1b, Rrp36, Rrp7a, Rrp8, Rrp9, Rrs1, Rsf1, Rsl1, Rslcan18, Rsrc1, Rsrp1, Rtca, Rtcb, Rtf1, Rtkn2, Rtraf, Runx1, Runx1t1, Runx2, Runx3, Ruvbl1, Ruvbl2, Rwdd1, Rwdd3, Rxra, Rxrb, Rxrg, Rybp, Rybp-ps, S100a1, S100a10, S1pr1, Safb, Safb2, Sall1, Sall2, Sall3, Sall4, Samd1, Samd11, Samd4, Samd4b, Samd7, Sap130, Sap18, Sap18b, Sap25, Sap30, Sap30bp, Sap30l, Sarnp, Sars1, Sars2, Sart1, Sart3, Satb1, Satb2, Sbds, Sbno1, Sbno2, Scaf1, Scaf11, Scaf4, Scaf8, Scai, Scand1, Scgb1a1, Scmh1, Scml2, Scml4, Scnm1, Scrt1, Scrt2, Scx, Sdcbp, Sde2, Sdr16c5, Secisbp2, Sema4d, Senp1, Senp2, Sepsecs, Serpinf2, Sertad1, Sertad2, Sertad3, Setbp1, Setd1a, Setd2, Setd3, Setd4, Setd5, Setd6, Setd7, Setdb1, Setdb2, Setmar, Setx, Sf1, Sf3a1, Sf3a2, Sf3a3, Sf3b1, Sf3b2, Sf3b3, Sf3b4, Sf3b5, Sf3b6, Sfmbt1, Sfmbt2, Sfn, Sfpq, Sfr1, Sfrp1, Sfrp2, Sfrp4, Sfrp5, Sfswap, Sgf29, Sgms1os1, Sgsm1, Shc1, Shh, Shox2, Sidt2, Sik1, Sik2, Sim1, Sim2, Sin3a, Sin3b, Sinhcaf, Sirt1, Sirt2, Sirt3, Sirt6, Sirt7, Siva1, Six1, Six2, Six3, Six4, Six5, Six6, Skap1, Ski, Skic2, Skic3, Skic8, Skil, Skor1, Skor2, Sla2, Slbp, Slc11a1, Slc25a33, Slc30a9, Slc38a2, Slc38a3, Slc39a5, Slc39a8, Slc40a1, Slc9a1, Slco3a1, Slfn1, Slfn14, Slfn2, Slfn8, Slfn9, Slirp, Sltm, Slu7, Slx9, Smad1, Smad2, Smad3, Smad4, Smad5, Smad6, Smad7, Smad9, Smarca1, Smarca2, Smarca4, Smarca5, Smarcad1, Smarcal1, Smarcb1, Smarcc1, Smarcc2, Smarcd1, Smarcd2, Smarcd3, Smarce1, Smg1, Smg5, Smg6, Smg7, Smg8, Smg9, Smn1, Smndc1, Smo, Smtnl1, Smu1, Smyd1, Smyd2, Smyd3, Snai1, Snai2, Snai3, Snapc1, Snapc2, Snapc3, Snapc4, Snapc5, Snd1, Snf8, Snip1, Snrnp200, Snrnp25, Snrnp27, Snrnp35, Snrnp40, Snrnp48, Snrnp70, Snrpa, Snrpa1, Snrpb, Snrpb2, Snrpc, Snrpd1, Snrpd2, Snrpd3, Snrpe, Snrpert, Snrpf, Snrpg, Snrpn, Snu13, Snw1, Snx5, Snx6, Sod2, Sohlh1, Sohlh2, Son, Sorbs3, Sos1, Sost, Sox1, Sox10, Sox11, Sox12, Sox13, Sox14, Sox15, Sox17, Sox18, Sox2, Sox21, Sox3, Sox30, Sox4, Sox5, Sox6, Sox7, Sox8, Sox9, Sp1, Sp100, Sp110, Sp140, Sp140l1, Sp140l2, Sp2, Sp3, Sp4, Sp5, Sp6, Sp7, Sp8, Sp9, Spag8, Spdef, Spen, Sphk1, Sphk2, Spi1, Spib, Spic, Spin1, Spin2c, Spin2d, Spin2e, Spin2g, Spin2h, Spin4, Spindoc, Spocd1, Spop, Spout1, Spp1, Spty2d1, Spx, Spz1, Sqstm1, Sra1, Src, Srebf1, Srebf2, Srek1, Srek1ip1, Srf, Srfbp1, Srpk1, Srpk2, Srpk3, Srrm1, Srrm2, Srrm4, Srrt, Srsf1, Srsf10, Srsf12, Srsf19, Srsf2, Srsf3, Srsf4, Srsf5, Srsf6, Srsf7, Srsf9, Sry, Ss18, Ss18l1, Ssb, Ssbp2, Ssbp3, Ssbp4, Ssh1, Ssh2, Ssh3, Ssty1, Ssty2, Ssu72, Ssxa1, St18, Stat1, Stat2, Stat3, Stat4, Stat5a, Stat5b, Stat6, Sting1, Stk16, Stk36, Stox1, Stox2, Stra8, Strap, Strm, Strn3, Sub1, Suds3, Sufu, Sugp1, Sugp2, Sumo1, Sumo2, Supt16, Supt20, Supt3, Supt4a, Supt4b, Supt5, Supt6, Supt7l, Supv3l1, Suv39h1, Suv39h2, Suz12, Syf2, Syk, Sympk, Syncrip, T, Tacc1, Tada1, Tada2a, Tada2b, Tada3, Taf1, Taf10, Taf11, Taf12, Taf13, Taf15, Taf1a, Taf1b, Taf1c, Taf1d, Taf2, Taf3, Taf4, Taf4b, Taf5, Taf5l, Taf6, Taf6l, Taf7, Taf7l, Taf8, Taf9, Taf9b, Tagln3, Tal1, Tal2, Tarbp1, Tarbp2, Tardbp, Tars1, Tars2, Tars3, Tasor, Tasp1, Tax1bp1, Tbk1, Tbl1x, Tbl1xr1, Tbl3, Tbp, Tbpl1, Tbpl2, Tbr1, Tbrg4, Tbx1, Tbx10, Tbx15, Tbx18, Tbx19, Tbx2, Tbx20, Tbx21, Tbx22, Tbx3, Tbx4, Tbx5, Tbx6, Tcea1, Tcea2, Tcea3, Tceal7, Tceanc, Tceanc2, Tcerg1, Tcf12, Tcf15, Tcf20, Tcf21, Tcf23, Tcf24, Tcf25, Tcf3, Tcf4, Tcf7, Tcf7l1, Tcf7l2, Tcfl5, Tcof1, Tcp10a, Tcp10b, Tcp10c, Tdg, Tdrd1, Tdrd12, Tdrd3, Tdrd6, Tdrd7, Tdrd9, Tdrkh, Tead1, Tead2, Tead3, Tead4, Tef, Tefm, Tenm1, Tenm2, Tent2, Tent4a, Tent4b, Tent5a, Tent5b, Tent5c, Tent5d, Terf2ip, Tert, Tesc, Tescl, Tesk1, Tesmin, Tet1, Tet2, Tet3, Tex24, Tfam, Tfap2a, Tfap2b, Tfap2c, Tfap2d, Tfap2e, Tfap4, Tfb1m, Tfb2m, Tfcp2, Tfcp2l1, Tfdp1, Tfdp2, Tfe3, Tfeb, Tfec, Tfip11, Tfpt, Tfr2, Tfrc, Tgfb1, Tgfb1i1, Tgfb2, Tgfb3, Tgfbr1, Tgfbr3, Tgfbrap1, Tgif1, Tgif2, Tgs1, Thada, Thap1, Thap11, Thap3, Thap7, Thg1l, Thoc1, Thoc2, Thoc3, Thoc5, Thoc6, Thoc7, Thra, Thrap3, Thrb, Thumpd1, Thumpd2, Thumpd3, Tia1, Ticam1, Timeless, Tirap, Tle1, Tle2, Tle3, Tle4, Tle5, Tle6, Tlr2, Tlr3, Tlr4, Tlr7, Tlr9, Tlx1, Tlx2, Tlx3, Tmbim6, Tmem41b, Tmf1, Tmigd3, Tmpo, Tmprss6, Tmsb4x, Tmt1a, Tmt1a2, Tmt1a3, Tmtc1, Tnf, Tnfaip3, Tnfrsf11a, Tnfrsf1a, Tnfrsf1b, Tnfrsf4, Tnfsf11, Tnfsf18, Tnfsf4, Tnfsf8, Tnip1, Tnip2, Tnip3, Tnks, Tnni2, Tnp1, Tnrc6a, Tnrc6b, Tnrc6c, Tob1, Toe1, Top1, Top2a, Top2b, Topaz1, Topors, Tox, Tox2, Tox3, Tox4, Tpr, Tprkb, Tra2a, Tra2b, Traf1, Traf2, Traf3, Traf3ip1, Traf3ip2, Traf5, Traf6, Traf7, Traip, Trak2, Trappc9, Trdmt1, Trerf1, Trf, Triap1, Trib1, Trib2, Trib3, Trim11, Trim12a, Trim12c, Trim13, Trim14, Trim15, Trim21, Trim24, Trim25, Trim26, Trim27, Trim28, Trim29, Trim30a, Trim30b, Trim30c, Trim30d, Trim31, Trim32, Trim37, Trim38, Trim40, Trim44, Trim5, Trim52, Trim6, Trim62, Trim66, Trim71, Trim8, Trip4, Trir, Trit1, Trmo, Trmt1, Trmt10a, Trmt10b, Trmt10c, Trmt11, Trmt112, Trmt12, Trmt13, Trmt1l, Trmt2a, Trmt2b, Trmt44, Trmt5, Trmt6, Trmt61a, Trmt9b, Trmu, Trnt1, Tro, Trp53, Trp53bp1, Trp53inp1, Trp53inp2, Trp53rka, Trp53rkb, Trp63, Trp73, Trps1, Trpt1, Trpv1, Trpv4, Trrap, Trub1, Trub2, Tsc2, Tsc22d1, Tsc22d2, Tsc22d3, Tsc22d4, Tsen15, Tsen2, Tsen34, Tsen54, Tsg101, Tshz1, Tshz2, Tshz3, Tsix, Tsn, Tsnax, Tsr1, Tsr2, Tsr3, Tssc4, Tssk4, Ttc21b, Ttc39aos1, Ttc5, Ttf1, Ttf2, Tunar, Tut1, Tut4, Tut7, Twist1, Twist2, Twnk, Txk, Txn1, Txnip, Txnl4a, Txnl4b, Tyw1, Tyw3, Tyw5, U2af1, U2af1l4, U2af2, U2surp, Uba3, Ube2e1, Ube2i, Ube2l3, Ube2n, Ube3a, Ubl5, Ubl5b, Ublcp1, Ubp1, Ubtf, Ubtfl1, Uchl5, Ucn, Ucp1, Ufl1, Uhrf1, Uimc1, Umod, Uncx, Upf1, Upf2, Upf3a, Upf3b, Urb1, Uri1, Urm1, Usb1, Usf1, Usf2, Usf3, Usp13, Usp15, Usp16, Usp2, Usp21, Usp22, Usp25, Usp3, Usp36, Usp39, Usp4, Usp47, Usp49, Usp7, Uspl1, Utf1, Utp11, Utp14a, Utp14b, Utp15, Utp18, Utp20, Utp23, Utp25, Utp3, Utp4, Utp6, Uxt, Vapb, Vars1, Vars2, Vax1, Vax2, Vdr, Vegfa, Vezf1, Vgll1, Vgll2, Vgll3, Vgll4, Vhl, Vim, Vip, Virma, Vps72, Vrtn, Vsx1, Vsx2, Wac, Wars1, Wars2, Was, Wasl, Wbp11, Wbp2, Wbp2nl, Wbp4, Wdhd1, Wdr12, Wdr18, Wdr3, Wdr33, Wdr36, Wdr4, Wdr43, Wdr46, Wdr5, Wdr55, Wdr6, Wdr74, Wdr75, Wdr77, Wdr82, Wdr83, Wdtc1, Wfs1, Wiz, Wnk1, Wnt1, Wnt10b, Wnt11, Wnt2, Wnt3a, Wnt4, Wnt5a, Wnt6, Wnt7a, Wt1, Wtap, Wtip, Wwc1, Wwc2, Wwox, Wwp1, Wwp2, Wwtr1, Xab2, Xbp1, Xcl1, Xpa, Xpc, Xpo1, Xrcc5, Xrcc6, Xrn1, Xrn2, Yaf2, Yap1, Yars1, Yars2, Ybey, Ybx1, Ybx2, Ybx3, Yeats2, Yeats4, Yes1, Yju2, Yju2b, Ylpm1, Yrdc, Ythdc1, Ythdf1, Ythdf2, Ythdf3, Ywhab, Ywhah, Ywhaq, Ywhaq-ps3, Ywhaz, Yy1, Yy2, Zar1, Zbed3, Zbed4, Zbed6, Zbtb1, Zbtb10, Zbtb11, Zbtb12, Zbtb14, Zbtb16, Zbtb17, Zbtb18, Zbtb2, Zbtb20, Zbtb21, Zbtb22, Zbtb24, Zbtb25, Zbtb26, Zbtb3, Zbtb32, Zbtb33, Zbtb34, Zbtb37, Zbtb38, Zbtb39, Zbtb4, Zbtb40, Zbtb41, Zbtb42, Zbtb43, Zbtb45, Zbtb46, Zbtb47, Zbtb48, Zbtb49, Zbtb5, Zbtb6, Zbtb7a, Zbtb7b, Zbtb7c, Zbtb8a, Zbtb8b, Zbtb8os, Zbtb9, Zc3h10, Zc3h12a, Zc3h12d, Zc3h13, Zc3h14, Zc3h18, Zc3h3, Zc3h4, Zc3h6, Zc3h7a, Zc3h7b, Zc3h8, Zc3hav1, Zc4h2, Zcchc12, Zcchc17, Zcchc4, Zcchc7, Zcchc8, Zcrb1, Zeb1, Zeb2, Zfa-ps, Zfat, Zfhx2, Zfhx3, Zfhx4, Zfp1, Zfp1004, Zfp1005, Zfp1006, Zfp1007, Zfp101, Zfp1010, Zfp105, Zfp11, Zfp110, Zfp111, Zfp112, Zfp113, Zfp119a, Zfp119b, Zfp12, Zfp120, Zfp125, Zfp128, Zfp13, Zfp131, Zfp14, Zfp141, Zfp142, Zfp143, Zfp146, Zfp148, Zfp157, Zfp160, Zfp169, Zfp174, Zfp175, Zfp180, Zfp182, Zfp184, Zfp189, Zfp2, Zfp202, Zfp212, Zfp213, Zfp217, Zfp219, Zfp229, Zfp236, Zfp239, Zfp24, Zfp248, Zfp251, Zfp26, Zfp260, Zfp263, Zfp266, Zfp267, Zfp268, Zfp27, Zfp273, Zfp275, Zfp276, Zfp28, Zfp280b, Zfp280c, Zfp280d, Zfp281, Zfp286, Zfp287, Zfp292, Zfp296, Zfp3, Zfp30, Zfp316, Zfp317, Zfp318, Zfp319, Zfp322a, Zfp324, Zfp326, Zfp329, Zfp334, Zfp335, Zfp341, Zfp345, Zfp35, Zfp352, Zfp354a, Zfp354b, Zfp354c, Zfp358, Zfp36, Zfp362, Zfp366, Zfp367, Zfp369, Zfp36l1, Zfp36l2, Zfp36l3, Zfp37, Zfp382, Zfp383, Zfp384, Zfp386, Zfp39, Zfp395, Zfp397, Zfp398, Zfp40, Zfp407, Zfp408, Zfp41, Zfp410, Zfp418, Zfp42, Zfp420, Zfp422, Zfp423, Zfp426, Zfp429, Zfp433, Zfp438, Zfp442, Zfp444, Zfp445, Zfp446, Zfp449, Zfp451, Zfp454, Zfp455, Zfp456, Zfp457, Zfp458, Zfp459, Zfp46, Zfp462, Zfp467, Zfp469, Zfp472, Zfp473, Zfp488, Zfp493, Zfp503, Zfp507, Zfp51, Zfp512b, Zfp513, Zfp516, Zfp518a, Zfp518b, Zfp52, Zfp521, Zfp523, Zfp524, Zfp53, Zfp534, Zfp536, Zfp54, Zfp541, Zfp551, Zfp553, Zfp558, Zfp560, Zfp563, Zfp566, Zfp568, Zfp57, Zfp574, Zfp575, Zfp579, Zfp58, Zfp580, Zfp582, Zfp583, Zfp59, Zfp593, Zfp595, Zfp597, Zfp599, Zfp60, Zfp600, Zfp605, Zfp606, Zfp607a, Zfp607b, Zfp608, Zfp609, Zfp612, Zfp616, Zfp617, Zfp619, Zfp62, Zfp623, Zfp626, Zfp628, Zfp629, Zfp637, Zfp638, Zfp639, Zfp64, Zfp641, Zfp644, Zfp646, Zfp647, Zfp648, Zfp65, Zfp652, Zfp653, Zfp654, Zfp655, Zfp658, Zfp661, Zfp663, Zfp664, Zfp667, Zfp668, Zfp672, Zfp677, Zfp68, Zfp683, Zfp689, Zfp69, Zfp691, Zfp692, Zfp696, Zfp697, Zfp7, Zfp703, Zfp704, Zfp706, Zfp707, Zfp708, Zfp709, Zfp710, Zfp711, Zfp712, Zfp715, Zfp719, Zfp72, Zfp729a, Zfp729b, Zfp735, Zfp738, Zfp74, Zfp740, Zfp746, Zfp747, Zfp747l1, Zfp748, Zfp750, Zfp758, Zfp759, Zfp760, Zfp763, Zfp764, Zfp764l1, Zfp768, Zfp770, Zfp771, Zfp772, Zfp773, Zfp775, Zfp777, Zfp78, Zfp780b, Zfp784, Zfp786, Zfp787, Zfp788, Zfp790, Zfp791, Zfp799, Zfp808, Zfp809, Zfp81, Zfp810, Zfp811, Zfp819, Zfp82, Zfp820, Zfp821, Zfp825, Zfp827, Zfp830, Zfp84, Zfp846, Zfp85, Zfp850, Zfp853, Zfp865, Zfp866, Zfp867, Zfp868, Zfp869, Zfp87, Zfp870, Zfp871, Zfp872, Zfp873, Zfp874a, Zfp874b, Zfp879, Zfp882, Zfp9, Zfp90, Zfp91, Zfp92, Zfp93, Zfp930, Zfp931, Zfp932, Zfp933, Zfp934, Zfp935, Zfp937, Zfp938, Zfp940, Zfp941, Zfp942, Zfp943, Zfp944, Zfp945, Zfp946, Zfp947, Zfp948, Zfp949, Zfp950, Zfp951, Zfp952, Zfp954, Zfp955a, Zfp955b, Zfp956, Zfp958, Zfp959, Zfp960, Zfp961, Zfp963, Zfp964, Zfp966, Zfp97, Zfp970, Zfp971, Zfp973, Zfp974, Zfp975, Zfp976, Zfp977, Zfp979, Zfp980, Zfp981, Zfp982, Zfp983, Zfp984, Zfp985, Zfp987, Zfp988, Zfp989, Zfp990, Zfp991, Zfp992, Zfp994, Zfp995, Zfp998, Zfpm1, Zfpm2, Zfta, Zfx, Zfy1, Zfy2, Zglp1, Zgpat, Zgrf1, Zhx1, Zhx2, Zhx3, Zic1, Zic2, Zic3, Zic4, Zic5, Zik1, Zim1, Zkscan1, Zkscan14, Zkscan16, Zkscan17, Zkscan2, Zkscan3, Zkscan4, Zkscan5, Zkscan6, Zkscan7, Zkscan8, Zmat2, Zmat5, Zmiz1, Zmiz2, Zmpste24, Zmym2, Zmym5, Zmynd11, Zmynd15, Zmynd8, Znhit1, Znhit3, Znhit6, Zp3, Zpr1, Zranb2, Zrsr2, Zrsr2-ps1, Zscan10, Zscan12, Zscan2, Zscan20, Zscan21, Zscan22, Zscan25, Zscan26, Zscan29, Zscan4-ps1, Zscan4-ps2, Zscan4-ps3, Zscan4b, Zscan4c, Zscan4d, Zscan4e, Zscan4f, Zscan5b, Zswim8, Zxdb, Zxdc, Zzz3
GO:0080090	regulation of primary metabolic process	5537	135	80.66	1.5e-10	2.3166000000000002e-7	1810024B03Rik, 2010315B03Rik, 2610008E11Rik, 2610021A01Rik, 2610042L04Rik, 2810021J22Rik, 4930447C04Rik, 4930522L14Rik, 5730507C01Rik, A1cf, A430033K04Rik, A630001G21Rik, Aadac, Aamdc, Aars1, Aatf, Abat, Abca2, Abca3, Abca7, Abcb10, Abcb11, Abcc9, Abcd1, Abcd2, Abce1, Abcf1, Abcg1, Abcg4, Abhd14b, Abhd5, Abhd6, Abi1, Abi2, Abi3, Abl1, Ablim1, Ablim2, Ablim3, Abra, Abraxas1, Abt1, Acacb, Acadl, Acadm, Acadvl, Acd, Ace, Acer1, Acer2, Acin1, Aco1, Acod1, Acot8, Acp4, Acsl3, Acsl4, Acsl5, Acss2, Actb, Actl6a, Actl6b, Actn1, Actn2, Actn3, Actn4, Actr2, Actr3, Actr5, Actr6, Actr8, Actrt1, Acvr1, Acvr1b, Acvr2a, Acvr2b, Acvrl1, Adam17, Adam3, Adam8, Adam9, Adar, Adarb1, Adcy1, Adcy10, Adcy8, Adcyap1, Adcyap1r1, Adgrb1, Adgrf1, Adgrf5, Adgrg3, Adipoq, Adipor1, Adipor2, Adnp, Adora1, Adora2a, Adora2b, Adora3, Adra1b, Adra2a, Adra2b, Adra2c, Adrb2, Adtrp, Aebp1, Aebp2, Afap1l2, Aff1, Aff2, Aff3, Agap2, Agbl4, Ager, Ago1, Ago2, Ago3, Ago4, Agrn, Agt, Agtpbp1, Agtr1a, Agtr1b, Agtr2, Ahcyl1, Ahdc1, Ahi1, Ahnak, Ahnak2, Ahr, Ahrr, AI854703, AI987944, Aicda, Aida, Aif1, Aifm1, Aim2, Aimp2, Aire, Ajuba, Akap11, Akap5, Akap6, Akap8l, Akap9, Akirin1, Akirin2, Akna, Akr1c18, Akr1c6, Akt1, Akt1s1, Akt2, Aktip, Alad, Aldh2, Aldob, Alk, Alkbh1, Alkbh3, Alkbh5, Als2, Alx1, Alx3, Alx4, Ambra1, Amdhd2, Amer1, Amot, Amotl2, Ang, Ang2, Ang3, Ang4, Ang5, Ang6, Angel2, Angpt1, Angpt4, Angptl3, Angptl4, Angptl8, Ankle1, Ankrd1, Ankrd17, Ankrd2, Ankrd23, Ankrd26, Ankrd31, Ankrd42, Ankrd49, Ankrd54, Ankrd66, Anks1, Antkmt, Antxr1, Anxa1, Anxa2, Anxa3, Anxa4, Anxa8, Ap2a1, Ap3b1, Ap3d1, Apaf1, Apbb1, Apbb2, Apbb3, Apc, Apcs, Apex1, Aph1a, Aph1b, Aph1c, Aplf, Apln, Aplnr, Aplp1, Aplp2, Apoa1, Apoa2, Apoa4, Apoa5, Apob, Apobec1, Apobec3, Apoc1, Apoc2, Apoc2l, Apoc3, Apod, Apoe, Apoh, App, Appl2, Aqp11, Aqp8, Ar, Araf, Arap1, Arb2a, Areg, Arf1, Arf4, Arglu1, Arhgef11, Arhgef2, Arhgef5, Arid1a, Arid1b, Arid2, Arid3a, Arid3b, Arid3c, Arid4a, Arid4b, Arid5a, Arid5b, Arl2, Arl2bp, Armc5, Armcx3, Arnt, Arnt2, Arpp19, Arr3, Arrb1, Arrb2, Arrdc3, Arrdc4, Arv1, Arx, Asah1, Asb11, Asb5, Asb9, Ascc1, Ascc2, Ascl1, Ascl2, Ascl3, Ascl4, Ascl5, Ash1l, Ash2l, Asph, Aspscr1, Astl, Asxl1, Asxl2, Asxl3, Atad2, Atad5, Atcay, Atf1, Atf1-ps, Atf2, Atf3, Atf4, Atf5, Atf6, Atf6b, Atf7, Atf7ip, Atf7ip2, Atg10, Atg101, Atg13, Atg14, Atg4b, Atg5, Atg7, Atm, Atmin, Atn1, Atoh1, Atoh7, Atoh8, Atp13a2, Atp1a1, Atp1b4, Atp2b4, Atp5if1, Atp7a, Atp8b1, Atpsckmt, Atr, Atraid, Atrip, Atrx, Atxn1, Atxn1l, Atxn3, Atxn7, Atxn7l3, AU041133, Aunip, Aurka, Aurkaip1, Aurkb, Auts2, Avil, Avp, Avpr1a, Avpr1b, AW146154, Axin1, Axin2, Aym1, Azin1, Azin2, B020011L13Rik, B3gntl1, Babam1, Babam2, Bace2, Bach1, Bach2, Bad, Bag1, Bag2, Bag4, Bag5, Bag6, Bahd1, Bak1, Bambi, Bank1, Banp, Bap1, Bard1, Barhl1, Barhl2, Barx1, Barx2, Basp1, Batf, Batf2, Batf3, Bax, Baz1a, Baz1b, Baz2a, Bbs4, Bbs7, Bbx, BC024063, Bc1, Bcap31, Bcar3, Bcas3, Bccip, Bcdin3d, Bckdk, Bcl10, Bcl11a, Bcl11b, Bcl2, Bcl2l1, Bcl2l12, Bcl3, Bcl6, Bcl6b, Bcl7a, Bcl7b, Bcl7c, Bcl9, Bcl9l, Bclaf1, Bclaf3, Bcor, Bcorl1, Bdkrb1, Bdkrb2, Bdnf, Bdp1, Bend3, Bend5, Bend6, Bex1, Bex2, Bex3, Bex4, Bex6, Bglap, Bglap2, Bhlha15, Bhlha9, Bhlhe22, Bhlhe23, Bhlhe40, Bhlhe41, Bicra, Bicral, Bin1, Birc2, Birc3, Birc5, Birc7, Blm, Bloc1s2, Bmal1, Bmal2, Bmi1, Bmp10, Bmp15, Bmp2, Bmp3, Bmp4, Bmp5, Bmp6, Bmp7, Bmpr1a, Bmpr1b, Bmpr2, Bmyc, Bnc1, Bnc2, Boll, Bptf, Braf, Brat1, Brca1, Brca2, Brcc3, Brcc3dc, Brd1, Brd2, Brd3, Brd4, Brd7, Brd8, Brd9, Brdt, Brf1, Brf2, Brip1, Brms1, Brms1l, Brpf1, Brpf3, Brwd1, Brwd3, Bscl2, Bst1, Bsx, Btaf1, Btbd18, Btg2, Btrc, Bud23, Bud31, Bzw1, Bzw2, C1d, C1qbp, C1qtnf1, C1qtnf12, C1qtnf2, C1qtnf3, C1qtnf9, C2cd3, C3, C3ar1, C4bp, C9orf72, Cab39, Cacng7, Cactin, Cacul1, Cacybp, Cadm1, Cadm4, Calcoco1, Calcr, Calr, Camk1, Camk1d, Camk2a, Camk2d, Camk4, Camkk2, Caml, Camp, Camta1, Camta2, Cand1, Capn2, Capn3, Caprin1, Caprin2, Card10, Card11, Card14, Card9, Carf, Carhsp1, Carlr, Carm1, Cartpt, Casc3, Cask, Casp3, Casp8, Casp8ap2, Cass4, Cast, Casz1, Cat, Cav1, Cav2, Cav3, Cavin2, Cavin4, Cbfa2t2, Cbfa2t3, Cbfb, Cblb, Cblc, Cbx1, Cbx2, Cbx3, Cbx4, Cbx5, Cbx6, Cbx7, Cbx8, Cby1, Cc2d1a, Cc2d1b, Ccar1, Ccar2, Ccbe1, Ccdc117, Ccdc22, Ccdc3, Ccdc62, Ccdc85b, Ccdc88a, Cck, Ccl19, Ccl19-ps1, Ccl19-ps3, Ccl19-ps4, Ccl19-ps5, Ccl19-ps6, Ccl21a, Ccl3, Ccl5, Ccn1, Ccn2, Ccna2, Ccnb1, Ccnc, Ccnd1, Ccnd2, Ccnd3, Ccne1, Ccnh, Ccnk, Ccnl1, Ccnl2, Ccnq, Ccnt1, Ccnt2, Ccny, Ccnyl1, Ccpg1, Ccr7, Cct2, Cct3, Cct4, Cct5, Cct6a, Cct7, Cct8, Cd109, Cd200, Cd244a, Cd24a, Cd274, Cd28, Cd300a, Cd300ld3, Cd36, Cd38, Cd3e, Cd4, Cd40, Cd40lg, Cd44, Cd46, Cd6, Cd74, Cd80, Cd81, Cd84, Cda, Cdc14a, Cdc14b, Cdc20, Cdc20b, Cdc25b, Cdc37, Cdc42, Cdc5l, Cdc5lrt1, Cdc5lrt10, Cdc5lrt4, Cdc5lrt5, Cdc5lrt6, Cdc5lrt7, Cdc5lrt8, Cdc5lrt9, Cdc7, Cdc73, Cdca7, Cdca7l, Cdh1, Cdh13, Cdh5, Cdk1, Cdk11b, Cdk12, Cdk13, Cdk2, Cdk20, Cdk2ap1, Cdk2ap1rt, Cdk4, Cdk5, Cdk5r1, Cdk5r2, Cdk5rap1, Cdk5rap2, Cdk5rap3, Cdk6, Cdk7, Cdk8, Cdk9, Cdkn1a, Cdkn1b, Cdkn1c, Cdkn2a, Cdkn2b, Cdkn2c, Cdkn2d, Cdkn3, Cdon, Cdt1, Cdx1, Cdx2, Cdx4, Cdyl, Ceacam1, Ceacam2, Cebpa, Cebpb, Cebpd, Cebpe, Cebpg, Cebpz, Cela1, Celf1, Celf2, Celf3, Celf4, Celf5, Celf6, Celsr2, Celsr3, Cemip, Cenatac, Cenpe, Cenpf, Cenpk, Cep290, Cep295, Cep43, Cep63, Cep78, Cep85, Cers2, Ces1a, Ces1b, Ces1c, Ces1d, Ces1e, Ces1f, Ces1g, Ces1h, Cfl1, Cflar, Cga, Cgas, Cggbp1, Ch25h, Chac1, Chaserr, Chchd2, Chchd2-ps, Chd3, Chd4, Chd5, Chd6, Chd7, Chd8, Chek1, Chek2, Chfr, Chga, Chi3l1, Chlsn, Chmp6, Chordc1, Chp1, Chp2, Chrac1, Chrm5, Chrna3, Chrna7, Chrnb2, Chtf18, Chtf8, Chuk, Churc1, Ciao1, Ciart, Cib1, Cic, Cidea, Cideb, Cidec, Ciita, Cipc, Cir1, Cirbp, Cited1, Cited2, Cited4, Ciz1, Ckap2, Cks1b, Cks2, Clcf1, Clcn2, Cldn13, Cldn19, Cldn3, Cldn4, Clec16a, Clec3b, Clec4n, Clec7a, Clip3, Clk1, Clk2, Clk3, Clk4, Cln3, Cln6, Clns1a, Clock, Clspn, Clstn3, Cltc, Clu, Cmklr1, Cmtm2a, Cnbp, Cndp1, Cnep1r1, Cnksr3, Cnot1, Cnot10, Cnot11, Cnot2, Cnot3, Cnot6, Cnot6l, Cnot7, Cnot8, Cnot9, Cnr1, Cntf, Cntn1, Cntn2, Coa3, Col1a1, Commd1, Commd6, Commd7, Comt, Cop1, Cops2, Cops5, Cops8, Cops9, Coq7, Coro1c, Cox11, Cpap, Cpb2, Cpeb1, Cpeb2, Cpeb3, Cpeb4, Cphx1, Cpped1, Cpt1a, Crb2, Creb1, Creb3, Creb3l1, Creb3l2, Creb3l3, Creb3l4, Creb5, Crebbp, Crebl2, Crebrf, Crebzf, Creg1, Crem, Crh, Crhr2, Cripto, Crkl, Crlf1, Crlf3, Crnn, Crtap, Crtc1, Crtc2, Crtc3, Crx, Crxos, Cry1, Cry2, Cryaa, Cryab, Crym, Csdc2, Csde1, Csf1, Csf1r, Csf2, Csf3, Csnk1a1, Csnk1d, Csnk1e, Csnk2a1, Csnk2a2, Csnk2b, Cspg4, Csrnp1, Csrnp2, Csrnp3, Csrp3, Cst3, Cst7, Csta1, Csta2, Csta3, Cstb, Cstdc3, Cstdc4, Cstdc5, Cstdc6, Ctbp1, Ctbp2, Ctc1, Ctcf, Ctcfl, Ctdnep1, Ctdp1, Ctdsp1, Ctdsp2, Ctdspl, Ctdspl2, Ctf1, Cth, Ctif, Ctla2a, Ctnnb1, Ctnnbip1, Ctnnd1, Ctr9, Ctsa, Ctsc, Ctsh, Ctsz, Cul3, Cul4a, Cul4b, Cux1, Cux2, Cwh43, Cx3cl1, Cx3cr1, Cxcr3, Cxcr4, Cxxc1, Cxxc5, Cyfip1, Cyfip2, Cyld, Cyp17a1, Cyp1b1, Cyp27b1, Cyp2j6, Cyp51, Cyp7a1, Cyren, Cys1, Cytl1, D1Pas1, Dab1, Dab2, Dab2ip, Dach1, Dach2, Dact1, Daglb, Dap, Dapk1, Dapk3, Dapl1, Daxx, Dazap1, Dazl, Dbf4, Dbi, Dbndd2, Dbp, Dbx1, Dbx2, Dcaf1, Dcaf5, Dcaf6, Dcn, Dcp1a, Dcp1b, Dcp2, Dcps, Dcun1d1, Dcun1d2, Dcun1d3, Dcun1d4, Dcun1d5, Dda1, Ddb1, Ddit3, Ddit4, Ddn, Ddr2, Ddrgk1, Ddx11, Ddx17, Ddx20, Ddx21, Ddx25, Ddx39b, Ddx3x, Ddx41, Ddx49, Ddx5, Ddx54, Ddx6, Deaf1, Dedd, Dek, Depdc1a, Deptor, Derl1, Desi1, Det1, Dffa, Dffb, Dgat1, Dgat2, Dgcr8, Dgkq, Dhcr7, Dhh, Dhrs7b, Dhx29, Dhx33, Dhx34, Dhx36, Dhx9, Dicer1, Dido1, Dimt1, Dip2a, Dip2b, Dis3l2, Disc1, Disp3, Dkc1, Dkk1, Dkk3, Dkkl1, Dlg1, Dlgap1, Dll1, Dll4, Dlx1, Dlx2, Dlx3, Dlx4, Dlx5, Dlx6, Dlx6os1, Dmap1, Dmbx1, Dmd, Dmrt1, Dmrt2, Dmrt3, Dmrta1, Dmrta2, Dmrtb1, Dmrtc2, Dmtf1, Dmtf1l, Dmtn, Dna2, Dnaaf4, Dnaja1, Dnaja3, Dnajb1, Dnajb2, Dnajb4, Dnajb5, Dnajb6, Dnajc1, Dnajc10, Dnajc15, Dnajc17, Dnajc19, Dnajc2, Dnajc3, Dnajc30, Dnd1, Dnm1l, Dnmt1, Dnmt3a, Dnmt3b, Dnmt3l, Dock7, Dok7, Dot1l, Dpf1, Dpf2, Dpf3, Dr1, Drap1, Drd1, Drd2, Drd3, Drd4, Drgx, Drosha, Dscc1, Dtl, Dtnbp1, Dtx3l, Dubr, Dus3l, Dusp1, Dusp10, Dusp12, Dusp13a, Dusp13b, Dusp14, Dusp15, Dusp18, Dusp19, Dusp2, Dusp21, Dusp22, Dusp23, Dusp26, Dusp28, Dusp29, Dusp3, Dusp4, Dusp5, Dusp6, Dusp7, Dusp8, Duxbl1, Duxf3, Duxf4, Dvl1, Dvl2, Dvl3, Dxo, Dynap, Dynapl1, Dynll1, Dyrk1a, Dyrk1b, Dyrk2, Dysf, E130311K13Rik, E230001N04Rik, E2f1, E2f2, E2f3, E2f4, E2f5, E2f6, E2f7, E2f8, E330034G19Rik, E4f1, Eaf1, Eaf2, Eapp, Ebf1, Ebf2, Ebf3, Ebf4, Ecd, Ecm1, Ecscr, Ecsit, Ect2, Edf1, Edn1, Edn3, Ednra, Ednrb, Edrf1, Eed, Eef1a2, Eef1d, Eef2, Eef2k, Eefsec, Efcab7, Efemp1, Efna1, Efna3, Efna5, Egf, Egfr, Egln1, Egln2, Egr1, Egr2, Egr3, Egr4, Ehd4, Ehf, Ehmt1, Ehmt2, Eid1, Eid2, Eid2b, Eif1, Eif2a, Eif2ak1, Eif2ak2, Eif2ak3, Eif2ak4, Eif2b5, Eif2s1, Eif3b, Eif3d, Eif3e, Eif3h, Eif3k, Eif4a1, Eif4a3, Eif4a3l1, Eif4a3l2, Eif4e, Eif4e2, Eif4e3, Eif4ebp1, Eif4ebp2, Eif4ebp3, Eif4enif1, Eif4g1, Eif4g2, Eif4g3, Eif5, Eif5a, Eif5a2, Eif5b, Eif6, Elane, Elavl1, Elavl4, Elf1, Elf2, Elf3, Elf4, Elf5, Elk1, Elk3, Elk4, Ell, Ell2, Ell3, Eloa, Elovl5, Elp3, Elp4, Emp2, Emsy, Emx1, Emx2, En1, En2, Enc1, Endog, Endou, Eng, Eno1, Eno1b, Enpp1, Enpp2, Enpp7, Entpd1, Eny2, Eomes, Ep300, Ep400, Epas1, Epc1, Epc2, Epcam, Epha1, Epha4, Epha5, Epha7, Ephb2, Ephx2, Epm2a, Epm2aip1, Epo, Epop, Eppin, Eprs1, Erbb2, Erbb4, Erbin, Erc1, Ercc1, Ercc2, Ercc4, Ercc6, Ercc8, Ereg, Erf, Erfe, Erfl, Erg, Erlin1, Erlin2, Ern1, Ern2, Erp29, Errfi1, Esco1, Esco2, Esr1, Esr2, Esrp1, Esrp2, Esrra, Esrrb, Esrrg, Esx1, Etaa1, Etf1, Etfbkmt, Ets1, Ets2, Etv1, Etv2, Etv3, Etv3l, Etv4, Etv5, Etv6, Evx1, Evx2, Ewsr1, Exosc10, Exosc3, Exosc6, Exosc9, Eya1, Eya2, Eya3, Eya4, Ezh1, Ezh2, Ezr, F12, F2, F2r, F2rl1, F8a, Fabp1, Fabp3, Fabp4, Fabp5, Fadd, Faf1, Fam107a, Fam161a, Fam168a, Fam170a, Fam20a, Fam220a, Fam50a, Fam76b, Fam83d, Fanca, Fancb, Fancd2, Fanci, Fancm, Fank1, Fas, Fasl, Fastk, Fastkd1, Fastkd2, Fastkd3, Fastkd5, Faxdc2, Fbh1, Fbln1, Fbln5, Fbn1, Fbp1, Fbxl19, Fbxl20, Fbxl5, Fbxo11, Fbxo2, Fbxo22, Fbxo33, Fbxo4, Fbxo43, Fbxo5, Fbxo7, Fbxw11, Fbxw7, Fbxw8, Fcer1a, Fcgr2b, Fcor, Fdps, Fech, Fem1a, Fer, Ferd3l, Fetub, Fev, Fezf1, Fezf2, Fgd2, Fgd4, Fgf1, Fgf10, Fgf15, Fgf18, Fgf2, Fgf21, Fgf23, Fgf4, Fgf7, Fgf8, Fgf9, Fgfr1, Fgfr2, Fgfr3, Fgfr4, Fgl1, Fgr, Fh1, Fhit, Fhl2, Fhl5, Fhod1, Figla, Fignl1, Fip1l1, Firrm, Fis1, Fitm2, Fiz1, Fkbp10, Fkbp11, Fkbp14, Fkbp1a, Fkbp1b, Fkbp2, Fkbp3, Fkbp4, Fkbp5, Fkbp7, Fkbp8, Fkbp9, Fktn, Flcn, Fli1, Flna, Flot1, Flot2, Flt1, Flt3, Flt3l, Flt4, Flywch1, Fmc1, Fmn2, Fmo1, Fmo2, Fmo4, Fmo5, Fmr1, Fn1, Fndc1, Fnip1, Fnip2, Fnta, Fos, Fosb, Fosl1, Fosl2, Foxa1, Foxa2, Foxa3, Foxb1, Foxb2, Foxc1, Foxc2, Foxd1, Foxd2, Foxd3, Foxd4, Foxe1, Foxe3, Foxf1, Foxf2, Foxg1, Foxh1, Foxi1, Foxi2, Foxi3, Foxj1, Foxj2, Foxj3, Foxk1, Foxk2, Foxl1, Foxl2, Foxl3, Foxm1, Foxn1, Foxn2, Foxn3, Foxn4, Foxo1, Foxo3, Foxo4, Foxo6, Foxp1, Foxp2, Foxp3, Foxp4, Foxq1, Foxr1, Foxr2, Foxs1, Frk, Fry, Fscb, Fshb, Fshr, Fst, Fstl3, Fto, Fubp1, Fubp3, Furin, Fus, Fuz, Fxr1, Fxr2, Fxyd1, Fyn, Fzd1, Fzd2, Fzd4, Fzd5, Fzd6, Fzd7, Fzd8, Fzr1, G6pd2, G6pdx, Gab1, Gabarap, Gabarapl2, Gabpa, Gabpb1, Gabpb2, Gadd45a, Gadd45b, Gadd45g, Gal, Galr1, Galr2, Galr3, Gapdh, Gapdh-ps15, Gapdhrt, Gapdhrt2, Gapdhs, Garem1, Gas1, Gas6, Gata1, Gata2, Gata3, Gata4, Gata5, Gata6, Gatad1, Gatad2a, Gatad2b, Gba1, Gbp4, Gbx1, Gbx2, Gcg, Gcgr, Gch1, Gck, Gckr, Gclc, Gcm1, Gcm2, Gcn1, Gdf15, Gdf2, Gdf6, Gdf7, Gdnf, Gemin5, Gfap, Gfer, Gfi1, Gfi1b, Gfpt1, Gfra1, Gfra2, Gga1, Gga3, Ggnbp2, Gh, Ghrh, Ghrhr, Ghsr, Gigyf2, Gimap3, Gimap5, Gip, Gipc1, Git1, Gja1, Gja8, Gjc2, Gk, Glg1, Gli1, Gli2, Gli3, Glis1, Glis2, Glis3, Glmn, Glmp, Glo1, Glp1r, Glrp1, Gm10033, Gm12258, Gm14295, Gm14322, Gm14325, Gm14391, Gm14399, Gm14401, Gm14403, Gm14412, Gm14418, Gm14434, Gm14443, Gm14444, Gm15446, Gm17067, Gm17655, Gm19965, Gm20737, Gm20738, Gm20747, Gm20773, Gm20795, Gm20806, Gm20807, Gm20808, Gm20812, Gm20815, Gm20816, Gm20818, Gm20821, Gm20822, Gm20825, Gm20826, Gm20830, Gm20834, Gm20852, Gm20854, Gm20865, Gm20873, Gm20914, Gm20917, Gm20918, Gm21118, Gm21292, Gm21310, Gm21394, Gm21719, Gm21778, Gm21812, Gm21854, Gm2381, Gm28171, Gm32687, Gm35315, Gm3604, Gm4275, Gm45871, Gm4767, Gm4924, Gm5141, Gm6871, Gm7072, Gm7324, Gmcl1, Gmeb1, Gmeb2, Gmnc, Gmnn, Gmppa, Gna12, Gnai1, Gnaq, Gnas, Gnb3, Gnl3, Gnl3l, Gnmt, Golga2, Golm1, Gon4l, Gpam, Gpatch3, Gpbp1, Gpbp1l1, Gpc3, Gpd1, Gpd1l, Gper1, Gpld1, Gpnmb, Gpr146, Gpr37, Gpr39, Gprc5a, Gprc5b, Gprc6a, Gps2, Gpt, Gpx1, Grb10, Grb7, Grem1, Grhl1, Grhl2, Grhl3, Grin1, Grin2a, Grin2c, Grk2, Grk3, Grm5, Grn, Grsf1, Gsap, Gsc, Gsc2, Gsdmd, Gsk3a, Gsk3b, Gskip, Gsn, Gspt1, Gstp-ps, Gstp1, Gstp2, Gstp3, Gsx1, Gsx2, Gtdc1, Gtf2a1, Gtf2a2, Gtf2f1, Gtf2f2, Gtf2h1, Gtf2h2, Gtf2h3, Gtf2i, Gtf2ird1, Gtpbp1, Gtpbp4, Gtsf1, Guca1a, Guca1b, Guf1, Gzf1, Gzma, Gzmb, Gzmc, Gzmn, H1f0, H1f1, H1f10, H1f2, H1f3, H1f4, H1f5, H1f6, H1f8, H1f9, H2az1, H3c14, H6pd, Habp4, Halr1, Hamp, Hamp2, Hand1, Hand2, Hap1, Has2, Has3, Havcr2, Hax1, Hba-x, Hbb-b1, Hbb-bh1, Hbb-y, Hbegf, Hbp1, Hbs1l, Hcar1, Hcar2, Hcfc1, Hcfc2, Hck, Hcls1, Hcrt, Hdac1, Hdac10, Hdac2, Hdac3, Hdac4, Hdac5, Hdac6, Hdac7, Hdac8, Hdac9, Hdgf, Hdgfl2, Hdx, Heatr1, Heg1, Helb, Helq, Helt, Helz2, Herpud1, Hes1, Hes2, Hes3, Hes5, Hes6, Hes7, Hesx1, Hexb, Hexim1, Hexim2, Hey1, Hey2, Heyl, Hfe, Hgf, Hgs, Hhatl, Hhex, Hic1, Hic2, Hif1a, Hif1an, Hif3a, Higd1a, Hinfp, Hint1, Hint2, Hipk1, Hipk2, Hipk3, Hira, Hivep1, Hivep2, Hivep3, Hjv, Hlf, Hltf, Hlx, Hmbox1, Hmces, Hmg20a, Hmg20b, Hmga1, Hmga1b, Hmga2, Hmgb1, Hmgb2, Hmgb4, Hmgcr, Hmgn1, Hmgn2, Hmgn3, Hmgn5, Hmox1, Hmx1, Hmx2, Hmx3, Hnf1a, Hnf1b, Hnf4a, Hnf4g, Hnrnpa0, Hnrnpa2b1, Hnrnpab, Hnrnpc, Hnrnpd, Hnrnpf, Hnrnph1, Hnrnph2, Hnrnph3, Hnrnpk, Hnrnpl, Hnrnpll, Hnrnpr, Hnrnpu, Homez, Hopx, Hoxa1, Hoxa10, Hoxa11, Hoxa11os, Hoxa13, Hoxa2, Hoxa3, Hoxa4, Hoxa5, Hoxa6, Hoxa7, Hoxa9, Hoxb1, Hoxb13, Hoxb2, Hoxb3, Hoxb4, Hoxb5, Hoxb6, Hoxb7, Hoxb8, Hoxb9, Hoxc10, Hoxc11, Hoxc12, Hoxc13, Hoxc4, Hoxc5, Hoxc6, Hoxc8, Hoxc9, Hoxd1, Hoxd10, Hoxd11, Hoxd12, Hoxd13, Hoxd3, Hoxd4, Hoxd8, Hoxd9, Hp1bp3, Hpgd, Hpn, Hprt1, Hpx, Hr, Hras, Hrc, Hrg, Hrh1, Hsbp1, Hsbp1l1, Hsd11b1, Hsd17b13, Hsd3b4, Hsd3b5, Hsd3b8, Hsd3b9, Hsf1, Hsf2, Hsf3, Hsf4, Hsf5, Hsp90aa1, Hsp90ab1, Hspa1a, Hspa1b, Hspa2, Hspa4, Hspa5, Hspa8, Hspb1, Hspbp1, Hspg2, Htatip2, Htr1a, Htr2a, Htr2b, Htr2c, Htt, Hus1, Huwe1, Hyal2, Ibtk, Icam1, Ice1, Ice2, Id1, Id2, Id3, Id4, Ide, Idh1, Idi2, Ier2, Ier3, Ier5, Ifi203, Ifi203-ps, Ifi204, Ifi206, Ifi207, Ifi208, Ifi209, Ifi213, Ifi214, Ifi27, Ifna, Ifnar1, Ifnar2, Ifnb1, Ifng, Ifngr1, Ifnk, Ifrd1, Ifrd2, Ift172, Ift52, Ift74, Ift88, Igbp1, Igf1, Igf1r, Igf2, Igf2bp1, Igf2bp2, Igf2bp3, Igfbp3, Igfbp4, Igfbp5, Igfbp7, Igh-7, Ighg2a, Ighm, Ighmbp2, Igsf1, Igtp, Ihh, Ikbkb, Ikbke, Ikbkg, Ikzf1, Ikzf2, Ikzf3, Ikzf4, Ikzf5, Il10, Il11, Il12a, Il12b, Il13, Il15, Il17a, Il17d, Il17f, Il18, Il18r1, Il18rap, Il1a, Il1b, Il1r2, Il1rap, Il2, Il21, Il22, Il22ra2, Il23a, Il24, Il25, Il27ra, Il3, Il31ra, Il33, Il34, Il4, Il4i1, Il4i1b, Il5, Il6, Il6ra, Il6st, Il7, Il9, Il9r, Ildr1, Ildr2, Ilf2, Ilf3, Ilk, Ilkap, Impact, Inava, Inca1, Ing1, Ing2, Ing3, Ing4, Ing5, Inhba, Inhbb, Ino80, Ino80b, Ino80c, Ino80d, Ino80e, Inpp5b, Inpp5e, Inpp5f, Inpp5j, Inpp5k, Inppl1, Ins1, Ins2, Insig1, Insig2, Insm1, Insm2, Insr, Ip6k2, Ippk, Iqce, Iqgap1, Iqgap3, Irak1, Irak2, Irak3, Ireb2, Irf1, Irf2, Irf2bp1, Irf2bp2, Irf2bpl, Irf3, Irf4, Irf5, Irf6, Irf7, Irf8, Irf9, Irgm1, Irgm2, Irs1, Irs2, Irx1, Irx2, Irx3, Irx4, Irx5, Irx6, Isg15, Isl1, Isl2, Israa, Ist1, Isx, Itch, Itga2, Itga5, Itga6, Itga8, Itgam, Itgav, Itgb1, Itgb1bp1, Itgb2, Itgb2l, Itgb3, Itgb3bp, Itln1, Itlnb, Itm2a, Itm2b, Itm2c, Itpkb, Ivns1abp, Iws1, Jade1, Jade2, Jade3, Jag1, Jak2, Jak3, Jarid2, Jazf1, Jdp2, Jmjd1c, Jmjd4, Jmjd6, Jmjd8, Jmy, Jph2, Jpx, Jtb, Jun, Junb, Jund, Jup, Kank2, Kansl1, Kansl2, Kansl3, Kars1, Kat14, Kat2a, Kat2b, Kat5, Kat6a, Kat6b, Kat7, Kat8, Kbtbd8, Kcne2, Kcnh2, Kcnip3, Kcnk2, Kcnma1, Kctd1, Kctd13, Kctd15, Kdm1a, Kdm2a, Kdm2b, Kdm3a, Kdm3b, Kdm4a, Kdm4c, Kdm4d, Kdm5a, Kdm5b, Kdm5c, Kdm5d, Kdm6a, Kdm6b, Kdm7a, Kdm8, Kdr, Keap1, Khdc3, Khdrbs1, Khdrbs2, Khdrbs3, Khk, Khsrp, Kif14, Kirrel1, Kirrel2, Kit, Kitl, Klf1, Klf10, Klf11, Klf12, Klf13, Klf14, Klf15, Klf16, Klf17, Klf2, Klf3, Klf4, Klf5, Klf6, Klf7, Klf8, Klf9, Klhl15, Klhl25, Klhl31, Klhl40, Kmt2a, Kmt2b, Kmt2c, Kmt2d, Kmt2e, Kmt5a, Kmt5b, Kmt5c, Kndc1, Kng1, Kng2, Kpna6, Kras, Krt13, Krt17, Ksr1, L1cam, L3mbtl1, L3mbtl2, L3mbtl3, L3mbtl4, Lacc1, Lactb, Lamp3, Lamtor5, Lancl2, Laptm4b, Laptm5, Larp1, Larp4, Larp4b, Larp6, Larp7, Larp7-ps, Lats1, Lats2, Lbh, Lbx1, Lbx2, Lck, Lcmt1, Lcor, Lcorl, Ldb1, Ldb2, Ldc1, Ldlr, Ldlrad3, Lef1, Lefty1, Leo1, Lep, Lepr, Lhcgr, Lhx1, Lhx2, Lhx3, Lhx4, Lhx5, Lhx6, Lhx8, Lhx9, Lif, Lig3, Lilra5, Lilrb4a, Lilrb4b, Limch1, Limd1, Lime1, Limk1, Limk2, Lims1, Lin28a, Lin28b, Lin37, Lin52, Lin54, Lin9, Lipg, Litaf, Lmcd1, Lmf1, Lmna, Lmntd2, Lmo1, Lmo2, Lmo3, Lmo4, Lmo7, Lmx1a, Lmx1b, Lonp1, Lonp2, Lox, Loxl2, Loxl3, Lpar5, Lpcat1, Lpcat3, Lpgat1, Lpin1, Lpin2, Lpin3, Lrif1, Lrig2, Lrp1, Lrp4, Lrp5, Lrp6, Lrp8, Lrpprc, Lrrc14, Lrrfip1, Lrrfip2, Lrrk1, Lrrk2, Lrrn3, Lrrtm3, Lsm1, Lsm14a, Lsm14b, Lsr, Ltf, Lum, Lyar, Lyl1, Lyn, Macc1, Macroh2a1, Macroh2a2, Mad2l1, Mad2l2, Mael, Maf, Maf1, Mafa, Mafb, Maff, Mafg, Mafk, Magea1, Magea10, Magea13, Magea14, Magea2, Magea3, Magea4, Magea5, Magea6, Magea8, Magea9, Mageb11, Mageb16, Mageb18, Mageb2, Mageb3, Mageb4, Mageb5, Mageb5b, Mageb6b1, Magec2, Maged1, Maged2, Magee1, Magee2, Mageh1, Magel2, Magi3, Magoh, Magohb, Mak, Malat1, Malrd1, Malsu1, Malt1, Maml1, Maml2, Maml3, Mamld1, Mamstr, Maob, Map1a, Map2k1, Map2k2, Map2k3, Map2k4, Map2k5, Map2k6, Map2k7, Map3k1, Map3k10, Map3k11, Map3k12, Map3k13, Map3k20, Map3k4, Map3k5, Map3k7, Map4k2, Mapk1, Mapk10, Mapk14, Mapk15, Mapk3, Mapk7, Mapk8, Mapk8ip1, Mapk8ip3, Mapk9, Mapkap1, Mapkapk2, Mapkapk5, Mapre3, Mapt, Marchf2, Marchf7, Mars1, Mas1, Mastl, Mavs, Max, Maz, Mbd1, Mbd2, Mbd3, Mbd3l1, Mbd3l2, Mbip, Mbl2, Mbnl1, Mbnl2, Mbnl3, Mboat7, Mbp, Mbtd1, Mbtps2, Mc1r, Mcf2l, Mcidas, Mcph1, Mcrs1, Mcts1, Mdfi, Mdfic, Mdfic2, Mdk, Mdm2, Mdm4, Me1, Me2, Meaf6, Mecom, Mecp2, Med1, Med10, Med11, Med12, Med12l, Med13, Med13l, Med14, Med15, Med16, Med17, Med18, Med19, Med20, Med21, Med22, Med23, Med24, Med25, Med26, Med27, Med28, Med29, Med30, Med31, Med4, Med6, Med7, Med8, Med9, Mef2a, Mef2b, Mef2c, Mef2d, Meioc, Meiosin, Meis1, Meis2, Meis3, Meltf, Men1, Meox1, Meox2, Mepce, Mesp1, Mesp2, Met, Mettl1, Mettl13, Mettl14, Mettl16, Mettl18, Mettl23, Mettl3, Mettl4, Mettl5, Mettl8, Mex3d, Mfsd2a, Mfsd8, Mga, Mgat3, Mgat4d, Mgmt, Mical1, Mical2, Mid1ip1, Mid2, Mideas, Midn, Mier1, Mier2, Mier3, Mif, Mif4gd, Minar1, Mir103-1, Mir103-2, Mir1247, Mir125a, Mir129, Mir135a-1, Mir143, Mir144, Mir181b-1, Mir181b-2, Mir186, Mir196a-1, Mir196a-2, Mir196b, Mir199a-2, Mir1a-1, Mir1a-2, Mir205hg, Mir214, Mir26a-1, Mir26a-2, Mir26b, Mir3960, Mir448, Mir451a, Mir451b, Mir466d, Mir466l, Mir7-1, Mir7116, Mir744, Mir7578, Mir7b, Mir875, Mir9-1, Mirlet7b, Mirlet7g, Mitf, Mixl1, Mknk1, Mknk2, Mkrn2, Mkx, Mlf1, Mlf2, Mlh1, Mlip, Mllt1, Mllt10, Mllt11, Mllt3, Mllt6, Mlst8, Mlx, Mlxip, Mlxipl, Mlycd, Mmd, Mmd2, Mmp12, Mmp14, Mmp9, Mms19, Mn1, Mnat1, Mndal, Mnt, Mnx1, Mob1b, Mob2, Morc1, Morc2a, Morc2b, Morc3, Morf4l1, Morf4l2, Mospd1, Mov10, Mphosph8, Mprip, Mpv17, Mpv17l2, Mre11a, Mrgbp, Mrnip, Mrpl12, Mrpl13, Mrps27, Mrtfa, Mrtfb, Msantd1, Msc, Msgn1, Msh2, Msh3, Msh6, Msi1, Msi2, Msl1, Msl2, Msl3, Msn, Mst1, Mst1r, Mstn, Msx1, Msx2, Msx3, Mt3, Mta1, Mta2, Mta3, Mtbp, Mtch2, Mtcl2, Mtdh, Mterf1a, Mterf1b, Mterf2, Mterf3, Mterf4, Mtf1, Mtg1, Mtg2, Mtln, Mtm1, Mtmr1, Mtmr2, Mtmr3, Mtmr4, Mtmr9, Mtnap1, Mtor, Mtpn, Mtres1, Mturn, Muc1, Mul1, Mup1, Mup11, Mup2, Mup3, Mup4, Mup5, Musk, Mustn1, Mvk, Mvp, Mxd1, Mxd3, Mxd4, Mxi1, Myadm, Myb, Mybbp1a, Mybl1, Mybl2, Myc, Mycbp, Mycbp2, Mycl, Mycn, Mycs, Myd88, Mydgf, Myef2, Myf5, Myf6, Myh9, Mylip, Mynn, Myo1c, Myocd, Myod1, Myog, Myoz1, Myoz2, Mypop, Myrf, Myrfl, Mysm1, Myt1, Myt1l, Mzf1, n-TUtca2, N4bp1, N4bp2l2, Naa15, Nab1, Nab2, Nabp2, Nacc1, Nacc2, Naf1, Nampt, Nanog, Nanos1, Nanos2, Nanos3, Nat10, Nbas, Nbn, Ncam1, Ncbp1, Ncbp2, Nck1, Nck2, Ncl, Ncoa1, Ncoa2, Ncoa3, Ncoa6, Ncoa7, Ncor1, Ncor2, Ncstn, Ndfip1, Ndfip2, Ndn, Ndp, Ndufa13, Ndufc2, Ndufs4, Necab1, Necab2, Necab3, Nedd4, Nedd4l, Nedd8, Nedd9, Neil1, Nek10, Nek2, Nek3, Nek4, Nek7, Nelfa, Nelfb, Nelfcd, Nelfe, Nell1, Neo1, Nepn, Neurl1a, Neurod1, Neurod2, Neurod4, Neurod6, Neurog1, Neurog2, Neurog3, Nf1, Nf2, Nfat5, Nfatc1, Nfatc2, Nfatc2ip, Nfatc3, Nfatc4, Nfe2, Nfe2l1, Nfe2l2, Nfe2l3, Nfia, Nfib, Nfic, Nfil3, Nfilz, Nfix, Nfkb1, Nfkb2, Nfkbia, Nfkbid, Nfkbie, Nfkbil1, Nfkbiz, Nfrkb, Nfx1, Nfxl1, Nfya, Nfyb, Nfyc, Ngdn, Ngf, Ngfr, Ngrn, Nherf1, Nhlh1, Nhlh2, Nhlrc1, Niban1, Niban2, Nicol1, Nif3l1, Nipbl, Nkap, Nkd1, Nkd2, Nkrf, Nktr, Nkx1-1, Nkx1-2, Nkx2-1, Nkx2-2, Nkx2-3, Nkx2-4, Nkx2-5, Nkx2-6, Nkx2-9, Nkx3-1, Nkx3-2, Nkx6-1, Nkx6-2, Nkx6-3, Nlk, Nln, Nlrc3, Nlrc4, Nlrc5, Nlrp12, Nlrp3, Nlrp5, Nmd3, Nme2, Nmi, Nmnat1, Nmnat2, Nnmt, Nnt, Nobox, Noc2l, Noct, Nod1, Nod2, Nodal, Nog, Nol11, Nolc1, Nono, Nop53, Nos1, Nos2, Nos3, Nostrin, Notch1, Notch2, Notch3, Notch4, Noto, Nova1, Nova2, Nox4, Npas1, Npas2, Npas3, Npas4, Npat, Npm1, Npm2, Npnt, Nppa, Nppc, Nptn, Npy, Npy1r, Nqo1, Nr0b1, Nr0b2, Nr1d1, Nr1d2, Nr1h2, Nr1h3, Nr1h4, Nr1h5, Nr1i2, Nr1i3, Nr2c1, Nr2c2, Nr2e1, Nr2e3, Nr2f1, Nr2f2, Nr2f6, Nr3c1, Nr3c2, Nr4a1, Nr4a2, Nr4a3, Nr5a1, Nr5a2, Nr6a1, Nrarp, Nras, Nrbf2, Nrdc, Nrde2, Nrf1, Nrg1, Nrip1, Nrip2, Nrl, Nrp1, Nrxn1, Nscme3l, Nsd1, Nsd2, Nsd3, Nsf, Nsmaf, Nsmce3, Nsrp1, Nsun2, Nsun3, Nsun4, Nsun5, Ntf3, Ntn3, Ntrk1, Ntrk2, Ntrk3, Nts, Ntsr1, Nub1, Nucb2, Nucks1, Nudt15, Nudt16, Nudt16l1, Nufip1, Nuggc, Nup62, Nup85, Nup98, Nupr1, Nupr2, Nvl, Nwd1, Nxn, Oas1a, Oas1b, Oas1c, Oas1d, Oas1e, Oas1f, Oas1g, Oas1h, Oas3, Oaz1, Oaz2, Oaz3, Obi1, Obox1, Obox2, Obox3, Obox4, Obox5, Obox6, Obox7, Obox8, Obp2a, Ocln, Odam, Odc1, Oga, Ogfod1, Ogg1, Ogt, Olig1, Olig2, Olig3, Onecut1, Onecut2, Onecut3, Ooep, Oog1, Oog2, Oog3, Opa3, Ophn1, Oprd1, Oprm1, Orc3, Orc5, Ormdl1, Ormdl2, Ormdl3, Osbp, Osbpl7, Osm, Osr1, Osr2, Otp, Otub1, Otud4, Otud6b, Otud7b, Otulin, Otx1, Otx2, Ovol1, Ovol2, Ovol3, Oxr1, P2rx2, P2rx7, P2ry1, P2ry6, P3h1, Pa2g4, Pabir1, Pabpc1, Pabpc2, Pabpc4, Pabpn1, Pabpn1l, Pacsin3, Padi6, Paf1, Pagr1a, Paip1, Paip2, Paip2b, Pak1, Pak2, Pak3, Pam, Pan2, Pan3, Pank2, Paox, Paqr3, Paqr4, Pard3, Pard6a, Parg, Park7, Parl, Parn, Parp1, Parp10, Parp14, Parp16, Parp3, Parp9, Parpbp, Pasd1, Pask, Patl1, Patl2, Patz1, Pawr, Pax1, Pax2, Pax3, Pax4, Pax5, Pax6, Pax7, Pax8, Pax9, Paxbp1, Paxip1, Pbk, Pbrm1, Pbx1, Pbx2, Pbx3, Pbx4, Pbxip1, Pcbd1, Pcbd2, Pcbp1, Pcbp2, Pcbp3, Pcbp4, Pcgf1, Pcgf2, Pcgf3, Pcgf5, Pcgf6, Pcid2, Pcif1, Pck1, Pcna, Pcsk9, Pcx, Pdcd10, Pdcd4, Pdcd6, Pdcd7, Pdcl3, Pde12, Pde2a, Pde3a, Pde3b, Pde4d, Pde5a, Pde8b, Pdgfa, Pdgfb, Pdgfc, Pdgfd, Pdgfra, Pdgfrb, Pdk1, Pdk2, Pdk3, Pdk4, Pdlim1, Pds5a, Pdx1, Pdxp, Pebp1, Pecam1, Pef1, Peg3, Peli1, Peli2, Peli3, Pelo, Pelp1, Pemt, Per1, Per2, Per3, Perm1, Perp, Pex14, Pex2, Pf4, Pfdn1, Pfdn2, Pfdn4, Pfdn5, Pfdn6, Pfkfb1, Pfkm, Pfn1, Pfn2, Pgam5, Pgp, Pgr, Phax, Phb1, Phb2, Phc1, Phc2, Phc3, Phf10, Phf12, Phf13, Phf14, Phf19, Phf2, Phf20, Phf20l1, Phf21a, Phf23, Phf3, Phf5a, Phf6, Phf8, Phip, Phka1, Phkb, Phkg1, Phkg2, Phlda2, Phlpp1, Phlpp2, Phox2a, Phox2b, Pias1, Pias2, Pias3, Pias4, Pibf1, Picalm, Pid1, Pif1, Pih1d1, Pik3c3, Pik3ca, Pik3cg, Pik3r1, Pik3r2, Pik3r3, Pik3r5, Pik3r6, Pim1, Pim2, Pin1, Pin1rt1, Pin4, Pink1, Pinx1, Pip5kl1, Pirb, Pithd1, Pitx1, Pitx2, Pitx3, Piwil1, Piwil2, Piwil4, Pkd1, Pkd2, Pkhd1, Pkia, Pkib, Pkig, Pkm, Pkn1, Pknox1, Pknox2, Pkp1, Pkp3, Pla2g10, Pla2g3, Pla2g4a, Pla2g6, Plaa, Plac8, Plag1, Plagl1, Plagl2, Plat, Platr25, Plau, Plaur, Plcb1, Plcd1, Plcg2, Pld1, Plec, Plek, Plekhn1, Plgrkt, Plin5, Plk1, Plk2, Plk3, Plpp3, Plscr1, Plxnb2, Pm20d2, Pmaip1, Pmf1, Pml, Pms2, Pnkd, Pnkp, Pnldc1, Pnp, Pnpla2, Pnpt1, Pogk, Pogz, Poldip3, Pole3, Polg2, Polq, Polr2a, Polr2g, Pomc, Pomt1, Pomt2, Por, Pot1a, Pot1b, Potefam3a, Potefam3b, Pou1f1, Pou2af1, Pou2af2, Pou2af3, Pou2f1, Pou2f2, Pou2f3, Pou3f1, Pou3f2, Pou3f3, Pou3f4, Pou4f1, Pou4f2, Pou4f3, Pou5f1, Pou5f2, Pou6f1, Pou6f2, Ppara, Ppard, Pparg, Ppargc1a, Ppargc1b, Ppef1, Ppef2, Pphln1, Ppia, Ppib, Ppic, Ppid, Ppie, Ppif, Ppig, Ppih, Ppil1, Ppil3, Ppil4, Ppm1a, Ppm1b, Ppm1d, Ppm1e, Ppm1f, Ppm1g, Ppm1h, Ppm1j, Ppm1k, Ppm1l, Ppm1m, Ppm1n, Ppp1ca, Ppp1cb, Ppp1cc, Ppp1r10, Ppp1r12a, Ppp1r13l, Ppp1r15a, Ppp1r15b, Ppp1r3a, Ppp1r3b, Ppp1r3c, Ppp1r3d, Ppp1r3e, Ppp1r3f, Ppp1r3g, Ppp1r9b, Ppp2ca, Ppp2cb, Ppp2r3a, Ppp2r3c, Ppp2r5b, Ppp2r5d, Ppp3ca, Ppp3cb, Ppp3cc, Ppp3r1, Ppp4c, Ppp4r2, Ppp4r3a, Ppp4r3b, Ppp4r3c1, Ppp4r3c2, Ppp5c, Ppp6c, Pprc1, Pptc7, Ppwd1, Pqbp1, Pramel1, Pramel7, Prdm1, Prdm10, Prdm11, Prdm12, Prdm13, Prdm14, Prdm15, Prdm16, Prdm2, Prdm4, Prdm5, Prdm6, Prdm8, Prdm9, Prdx2, Prdx3, Prdx5, Prdx6, Prdx6b, Preb, Prelid1, Prex1, Prex2, Prg3, Prickle1, Prkaa1, Prkaa2, Prkaca, Prkacb, Prkag1, Prkag2, Prkag3, Prkar1a, Prkca, Prkcb, Prkcd, Prkce, Prkcg, Prkch, Prkci, Prkcq, Prkcz, Prkd1, Prkd2, Prkdc, Prkg1, Prkn, Prkra, Prkrip1, Prl, Prl2c2, Prlr, Prmt1, Prmt2, Prmt3, Prmt5, Prmt6, Prmt7, Prmt8, Prmt9, Prnp, Prom2, Prop1, Prox1, Prox2, Prpf18, Prpf19, Prpf6, Prr16, Prr5, Prr5l, Prr7, Prrx1, Prrx2, Prss22, Prss37, Prx, Prxl2c, Psap, Psapl1, Psen1, Psen2, Psenen, Psip1, Psma3, Psma6, Psmb8, Psmc3ip, Psmc5, Psmc6, Psmd1, Psmd10, Psmd14, Psmd2, Psmd3, Psmd9, Psme1, Psme2, Psme3, Psme3ip1, Psmf1, Pspc1, Psrc1, Pstk, Ptafr, Ptbp1, Ptbp2, Ptbp3, Ptcd2, Ptcd3, Ptch1, Pten, Ptf1a, Ptger3, Ptger4, Ptges2, Ptges3, Ptgis, Ptgs2, Ptgs2os, Pth, Pth1r, Pthlh, Ptk2, Ptk2b, Ptk6, Ptma, Ptms, Ptov1, Ptp4a3, Ptpa, Ptpmt1, Ptpn1, Ptpn11, Ptpn13, Ptpn2, Ptpn22, Ptpn3, Ptpn5, Ptpn6, Ptprb, Ptprc, Ptprh, Ptprj, Ptprk, Ptprn, Ptpro, Ptprt, Ptprz1, Pttg1ip, Ptx3, Puf60, Pum1, Pum2, Pum3, Pura, Purb, Purg, Pus1, Pus7, Pwp1, Pwwp2a, Pwwp2b, Pxn, Pxylp1, Pycard, Pygo1, Pym1, Qars1, Qki, Qrich1, Qrich2, Rab1a, Rab1b, Rab23, Rab38, Rab3gap1, Rab3gap2, Rab7, Rab7b, Rabgef1, Rabl3, Rac1, Rack1, Rad17, Rad18, Rad21, Rad23a, Rad23b, Rad50, Rad51, Rad51ap1, Rad52, Rad54l2, Radx, Raf1, Rai1, Ralb, Ralbp1, Ralgapa1, Raly, Ramp1, Ranbp2, Ranbp9, Rap1a, Rap2a, Rap2b, Rap2c, Rapgef2, Rapgef3, Rara, Rarb, Rarg, Rarres2, Rasa1, Rasal2, Rasd1, Rasd2, Rasgrp1, Rasip1, Rasl11a, Rassf1, Rassf2, Rassf5, Rax, Rb1, Rb1cc1, Rbak, Rbbp4, Rbbp6, Rbbp7, Rbbp8, Rbck1, Rbfox1, Rbfox2, Rbfox3, Rbl1, Rbl2, Rbm10, Rbm11, Rbm12, Rbm12b1, Rbm12b2, Rbm14, Rbm15, Rbm15b, Rbm20, Rbm22, Rbm24, Rbm25, Rbm3, Rbm33, Rbm38, Rbm39, Rbm4, Rbm42, Rbm46, Rbm47, Rbm4b, Rbm5, Rbm7, Rbm8a, Rbm8a2, Rbms3, Rbmx, Rbmxl1, Rbmxl2, Rbmy, Rbmyf1, Rbmyf3, Rbmyf6, Rbmyf9, Rbpj, Rbpjl, Rbpms, Rbpms2, Rbx1, Rbx1-ps, Rc3h1, Rc3h2, Rcc1l, Rchy1, Rcn3, Rcor1, Rcor2, Rcor3, Rd3, Rdh1, Rdh10, Rdh16, Rdh16f2, Rdh19, Rdh9, Rdx, Reck, Recql5, Reg1, Reg3b, Rel, Rela, Relb, Reln, Reno1, Repin1, Rere, Rest, Ret, Rex2, Rfc1, Rfc2, Rfc3, Rfc4, Rfc5, Rfx1, Rfx2, Rfx3, Rfx4, Rfx5, Rfx6, Rfx7, Rfx8, Rfxank, Rfxap, Rgcc, Rgma, Rgmb, Rgn, Rgp1, Rgs14, Rgs2, Rhbdd1, Rhbdd3, Rhbdf1, Rhbdf2, Rhebl1, Rhoa, Rhobtb3, Rhog, Rhoq, Rhox1, Rhox10, Rhox11, Rhox12, Rhox13, Rhox2a, Rhox2b, Rhox2c, Rhox2d, Rhox2f, Rhox2g, Rhox2h, Rhox3a, Rhox3c, Rhox3f, Rhox3g, Rhox3h, Rhox4a, Rhox4b, Rhox4c, Rhox4d, Rhox4e, Rhox4f, Rhox4g, Rhox5, Rhox6, Rhox7a, Rhox7b, Rhox8, Rhox9, Ric1, Rictor, Rida, Rif1, Rigi, Rilp, Ring1, Riok1, Riok2, Riox1, Riox2, Ripk1, Ripk2, Ripk3, Ripk4, Ripply1, Ripply2, Ripply3, Rit2, Rlf, Rlim, Rmi2, Rmnd1, Rnasel, Rnf10, Rnf111, Rnf126, Rnf139, Rnf14, Rnf141, Rnf168, Rnf169, Rnf180, Rnf185, Rnf187, Rnf19a, Rnf2, Rnf20, Rnf213, Rnf220, Rnf25, Rnf31, Rnf4, Rnf40, Rnf41, Rnf6, Rnf8, Rnft1, Rnft2, Rnps1, Robo1, Rock1, Rock2, Ropn1, Ropn1l, Ror1, Ror2, Rora, Rorb, Rorc, Rpa2, Rpap2, Rpf2, Rpl10, Rpl10-ps3, Rpl11, Rpl13a, Rpl23, Rpl26, Rpl38, Rpl5, Rplp1, Rprd1b, Rps13, Rps14, Rps2, Rps23rg1, Rps26, Rps27l, Rps3, Rps4x, Rps6ka1, Rps6ka2, Rps6ka3, Rps6ka4, Rps6ka5, Rps6kb1, Rps6kb2, Rps7, Rps9, Rptor, Rpusd3, Rpusd4, Rreb1, Rrn3, Rrp1b, Rrp8, Rsf1, Rsl1, Rslcan18, Rspo1, Rtel1, Rtf1, Rtkn2, Rtn1, Rtn2, Rtn3, Rtn4, Rtraf, Rubcnl, Runx1, Runx1t1, Runx2, Runx3, Ruvbl1, Ruvbl2, Rwdd1, Rwdd3, Rxra, Rxrb, Rxrg, Rybp, Rybp-ps, S100a1, S100a10, S100a9, S1pr1, S1pr2, Sae1, Safb, Safb2, Sall1, Sall2, Sall3, Sall4, Samd1, Samd11, Samd4, Samd4b, Samd7, Samd8, Samd9l, Samsn1, Sap130, Sap18, Sap18b, Sap25, Sap30, Sap30bp, Sap30l, Sarnp, Sars1, Sash1, Satb1, Satb2, Sbno1, Sbno2, Scaf4, Scaf8, Scai, Scand1, Scap, Scarb1, Scarb2, Scgb1a1, Scmh1, Scml2, Scml4, Sco1, Scp2, Scrib, Scrt1, Scrt2, Sct, Sctr, Scx, Sdcbp, Sdr16c5, Sec14l2, Sec22b, Secisbp2, Sema4d, Sema7a, Senp1, Senp2, Senp3, Sepsecs, Septin4, Serbp1, Serp1, Serpina12, Serpina5, Serpinb10, Serpinb11, Serpinb12, Serpinb13, Serpinb1a, Serpinb1b, Serpinb1c, Serpinb2, Serpinb3a, Serpinb3b, Serpinb3c, Serpinb3d, Serpinb5, Serpinb6a, Serpinb6b, Serpinb6c, Serpinb6d, Serpinb6e, Serpinb7, Serpinb8, Serpinb9, Serpinb9b, Serpinb9c, Serpinb9d, Serpinb9e, Serpinb9f, Serpinb9g, Serpinb9h, Serpind1, Serpine1, Serpine2, Serpine3, Serpinf1, Serpinf2, Serping1, Serpinh1, Serpini1, Serpini2, Sertad1, Sertad2, Sertad3, Sesn2, Setbp1, Setd2, Setd3, Setd4, Setd5, Setd6, Setd7, Setdb1, Setdb2, Setmar, Setx, Sez6, Sez6l, Sez6l2, Sf1, Sf3b1, Sf3b3, Sf3b5, Sfmbt1, Sfmbt2, Sfn, Sfpq, Sfr1, Sfrp1, Sfrp2, Sfrp4, Sfrp5, Sfswap, Sgf29, Sgms1os1, Sgsm1, Sgsm3, Sgta, Sh2b1, Sh2d1b1, Sh2d1b2, Sh3bgrl, Sh3bp5, Sh3d19, Sh3gl2, Sh3rf1, Sh3rf2, Sh3rf3, Shb, Shc1, Shfl, Shh, Shld1, Shld2, Shld3, Shmt1, Shmt2, Shox2, Siah2, Sik1, Sik2, Sim1, Sim2, Sin3a, Sin3b, Sinhcaf, Sirt1, Sirt2, Sirt3, Sirt4, Sirt6, Sirt7, Siva1, Six1, Six2, Six3, Six4, Six5, Six6, Skap1, Ski, Skil, Skor1, Skor2, Skp1, Skp2, Sla2, Slc11a1, Slc15a4, Slc1a1, Slc22a13, Slc25a12, Slc25a37, Slc27a1, Slc2a10, Slc2a13, Slc2a6, Slc30a9, Slc35a4, Slc35b4, Slc38a2, Slc38a3, Slc39a5, Slc39a8, Slc40a1, Slc45a3, Slc4a1, Slc4a4, Slc51b, Slc6a3, Slc6a9, Slc7a11, Slc7a7, Slc8a1, Slc8a2, Slc8a3, Slc9a1, Slco3a1, Slf1, Slf2, Slfn1, Slfn2, Slirp, Slit2, Sltm, Slx1b, Slx4, Smad1, Smad2, Smad3, Smad4, Smad5, Smad6, Smad7, Smad9, Smarca1, Smarca2, Smarca4, Smarca5, Smarcad1, Smarcal1, Smarcb1, Smarcc1, Smarcc2, Smarcd1, Smarcd2, Smarcd3, Smarce1, Smc3, Smchd1, Smg1, Smg5, Smg6, Smg8, Smn1, Smo, Smoc2, Smpd1, Smpd3, Smtnl1, Smu1, Smurf1, Smyd1, Smyd2, Smyd3, Smyd5, Snai1, Snai2, Snai3, Snca, Snf8, Snrnp70, Snta1, Snw1, Snx1, Snx12, Snx3, Snx33, Snx5, Snx6, Snx9, Soat1, Socs1, Socs3, Socs4, Socs5, Sod1, Sod2, Sohlh1, Sohlh2, Son, Sorbs1, Sorbs3, Sorl1, Sos1, Sost, Sox1, Sox10, Sox11, Sox12, Sox13, Sox14, Sox15, Sox17, Sox18, Sox2, Sox21, Sox3, Sox30, Sox4, Sox5, Sox6, Sox7, Sox8, Sox9, Sp1, Sp100, Sp110, Sp140, Sp140l1, Sp140l2, Sp2, Sp3, Sp4, Sp5, Sp6, Sp7, Sp8, Sp9, Spag8, Spag9, Spata18, Spatc1l, Spdef, Spdya, Spdye4a, Spen, Sphk1, Sphk2, Spi1, Spib, Spic, Spidr, Spin1, Spin2c, Spin2d, Spin2e, Spin2g, Spin2h, Spin4, Spindoc, Spink1, Spink12, Spink2, Spink5, Spink6, Spire1, Spire2, Spn, Spocd1, Spock1, Spock3, Spon1, Spop, Spopfm2, Spopfm3, Spopl, Spp1, Spred1, Spred2, Sprtn, Spry1, Spry2, Spry4, Spsb4, Sptbn4, Spty2d1, Spx, Spz1, Sqstm1, Sra1, Src, Srcin1, Srebf1, Srebf2, Srf, Srp9, Srpk1, Srpk2, Srpk3, Srrm1, Srrm4, Srrt, Srsf1, Srsf10, Srsf12, Srsf19, Srsf2, Srsf3, Srsf4, Srsf5, Srsf6, Srsf7, Srsf9, Sry, Ss18, Ss18l1, Ssb, Ssbp1, Ssbp2, Ssbp3, Ssbp4, Ssh1, Ssh2, Ssh3, Ssty1, Ssty2, Ssu72, Ssxa1, St18, Star, Stard4, Stat1, Stat2, Stat3, Stat4, Stat5a, Stat5b, Stat6, Stfa1, Stfa2, Stfa2l1, Stfa3, Stil, Sting1, Stk11, Stk16, Stk36, Stk38, Stk4, Stn1, Stox1, Stox2, Stra8, Strada, Stradb, Strap, Strm, Strn3, Stub1, Stx5a, Styx, Styx-ps, Sub1, Sucnr1, Suds3, Sufu, Sumf2, Sumo1, Sumo2, Sumo3, Supt20, Supt3, Supt4a, Supt4b, Supt5, Supt6, Supt7l, Supv3l1, Suv39h1, Suv39h2, Suz12, Svbp, Svip, Syap1, Syk, Syncrip, Synpo2, T, Tab1, Tab2, Tacc1, Taco1, Tacr3, Tada1, Tada2a, Tada2b, Tada3, Taf1, Taf10, Taf11, Taf12, Taf13, Taf15, Taf1d, Taf2, Taf3, Taf4, Taf4b, Taf5, Taf5l, Taf6, Taf6l, Taf7, Taf8, Taf9, Taf9b, Tagln3, Tal1, Tal2, Tank, Taok1, Taok3, Tarbp2, Tardbp, Tasor, Tasp1, Tax1bp1, Tbc1d10a, Tbc1d24, Tbc1d7, Tbk1, Tbl1x, Tbl1xr1, Tbp, Tbr1, Tbrg4, Tbx1, Tbx10, Tbx15, Tbx18, Tbx19, Tbx2, Tbx20, Tbx21, Tbx22, Tbx3, Tbx4, Tbx5, Tbx6, Tcea1, Tcea2, Tcea3, Tceal7, Tceanc, Tceanc2, Tcerg1, Tcf12, Tcf15, Tcf20, Tcf21, Tcf23, Tcf24, Tcf25, Tcf3, Tcf4, Tcf7, Tcf7l1, Tcf7l2, Tcfl5, Tcim, Tcl1, Tcof1, Tcp1, Tcp10a, Tcp10b, Tcp10c, Tcrb, Tdg, Tdpoz1, Tdpoz2, Tdpoz3, Tdpoz4, Tdpoz5, Tdpoz8, Tdpoz9, Tdrd3, Tead1, Tead2, Tead3, Tead4, Tef, Tek, Ten1, Tenm1, Tenm2, Tent2, Tent4a, Tent4b, Tent5a, Tent5b, Tent5c, Tent5d, Terc, Terf1, Terf2, Terf2ip, Tert, Tes3-ps, Tesc, Tescl, Tesk1, Tesmin, Tet1, Tet2, Tet3, Tex15, Tex24, Tfam, Tfap2a, Tfap2b, Tfap2c, Tfap2d, Tfap2e, Tfap4, Tfcp2, Tfcp2l1, Tfdp1, Tfdp2, Tfe3, Tfeb, Tfec, Tff3, Tfpt, Tfr2, Tfrc, Tgfa, Tgfb1, Tgfb1i1, Tgfb2, Tgfb3, Tgfbr1, Tgfbr3, Tgfbrap1, Tgif1, Tgif2, Thap1, Thap11, Thap3, Thap7, Thbs1, Thbs4, Thpo, Thra, Thrap3, Thrb, Thrsp, Thy1, Tia1, Ticam1, Ticrr, Tigar, Timeless, Timm17a, Timm23, Timp1, Timp2, Timp3, Timp4, Tinf2, Tiparp, Tipin, Tirap, Tle1, Tle2, Tle3, Tle4, Tle5, Tle6, Tlk2, Tlr1, Tlr2, Tlr3, Tlr4, Tlr6, Tlr7, Tlr8, Tlr9, Tlx1, Tlx2, Tlx3, Tm4sf20, Tm6sf2, Tm9sf2, Tm9sf5, Tmbim6, Tmed10, Tmed10-ps, Tmed2, Tmem102, Tmem119, Tmem132a, Tmem161a, Tmem168, Tmem259, Tmem67, Tmem9, Tmem98, Tmf1, Tmigd3, Tmpo, Tmprss6, Tmsb4x, Tmtc3, Tmx1, Tnf, Tnfaip1, Tnfaip3, Tnfrsf11a, Tnfrsf14, Tnfrsf18, Tnfrsf1a, Tnfrsf1b, Tnfrsf4, Tnfsf11, Tnfsf12, Tnfsf13, Tnfsf18, Tnfsf4, Tnfsf8, Tnik, Tnip1, Tnip2, Tnip3, Tnk2, Tnks, Tnks1bp1, Tnks2, Tnni2, Tnp1, Tnp2, Tnrc6a, Tnrc6b, Tnrc6c, Tob1, Tollip, Tom1l1, Top2a, Top2b, Topors, Tox, Tox2, Tox3, Tox4, Tpd52l1, Tpk1, Tppp, Tpr, Tpx2, Tra2a, Tra2b, Trabd2b, Traf1, Traf2, Traf3, Traf3ip1, Traf3ip2, Traf4, Traf5, Traf6, Traf7, Traip, Trak2, Trap1, Trappc9, Trdmt1, Trem2, Trerf1, Trex1, Trf, Triap1, Trib1, Trib2, Trib3, Trim11, Trim12a, Trim12c, Trim13, Trim14, Trim15, Trim21, Trim23, Trim24, Trim25, Trim26, Trim27, Trim28, Trim29, Trim30a, Trim30b, Trim30c, Trim30d, Trim31, Trim32, Trim37, Trim38, Trim39, Trim40, Trim44, Trim5, Trim52, Trim6, Trim62, Trim63, Trim65, Trim66, Trim67, Trim71, Trim8, Trip4, Trmt10c, Trmt112, Trnau1ap, Tro, Trp53, Trp53bp1, Trp53inp1, Trp53inp2, Trp63, Trp73, Trpc5, Trpc6, Trps1, Trpt1, Trpv1, Trpv4, Trrap, Trub1, Trub2, Tsacc, Tsc1, Tsc2, Tsc22d1, Tsc22d2, Tsc22d3, Tsc22d4, Tsfm, Tsg101, Tshz1, Tshz2, Tshz3, Tsix, Tspan15, Tspan17, Tspan5, Tspan9, Tspo, Tspyl2, Tspyl5, Tssk4, Ttbk1, Ttc21b, Ttc36, Ttc39b, Ttc39d, Ttc5, Ttf1, Tunar, Tut4, Tut7, Twist1, Twist2, Txk, Txn1, Txnip, Tyms, Tysnd1, U2af2, Uba2, Uba3, Ubash3b, Ubb, Ube2b, Ube2d1, Ube2e1, Ube2i, Ube2k, Ube2l3, Ube2n, Ube2s, Ube2srt, Ube2v1, Ube2v2, Ube3a, Ublcp1, Ubp1, Ubqln1, Ubqln2, Ubqln4, Ubr3, Ubr4, Ubtf, Ubtfl1, Ubxn1, Ubxn2a, Uchl1, Uchl5, Ucn, Ucp1, Ufl1, Ufsp2, Uhmk1, Uhrf1, Uimc1, Ulk1, Ulk4, Unc119, Unc13a, Uncx, Unk, Upf1, Upf3a, Upf3b, Uqcc2, Uri1, Usf1, Usf2, Usf3, Usp1, Usp13, Usp14, Usp16, Usp17le, Usp19, Usp2, Usp21, Usp22, Usp25, Usp26, Usp3, Usp36, Usp37, Usp38, Usp4, Usp44, Usp47, Usp5, Usp51, Usp7, Usp8, Usp9x, Utf1, Utp15, Utp4, Uvrag, Uxt, Vangl2, Vax1, Vax2, Vbp1, Vcp, Vdr, Vegfa, Vegfb, Vegfc, Vezf1, Vgll1, Vgll2, Vgll3, Vgll4, Vhl, Vim, Vip, Vldlr, Vps11, Vps25, Vps28, Vps35, Vps72, Vrtn, Vsir, Vsx1, Vsx2, Vtn, Wac, Wapl, Wars1, Was, Washc1, Wasl, Wbp1l, Wbp2, Wbp2nl, Wdfy2, Wdr24, Wdr43, Wdr48, Wdr5, Wdr59, Wdr75, Wdr77, Wdr82, Wdr91, Wdtc1, Wee2, Wfdc6a, Wfikkn1, Wfs1, Wiz, Wnk1, Wnk3, Wnk4, Wnt1, Wnt10b, Wnt11, Wnt2, Wnt3a, Wnt4, Wnt5a, Wnt6, Wnt7a, Wnt9b, Wrap53, Wrn, Wrnip1, Wt1, Wtap, Wtip, Wwc1, Wwc2, Wwox, Wwp1, Wwp2, Wwtr1, Xbp1, Xcl1, Xdh, Xiap, Xpa, Xpc, Xpo1, Xrcc1, Xrcc4, Xrcc5, Xrcc6, Xrn1, Yaf2, Yap1, Ybx1, Ybx2, Ybx3, Yeats2, Yeats4, Yes1, Ylpm1, Ythdc1, Ythdf1, Ythdf2, Ythdf3, Ywhab, Ywhah, Ywhaq, Ywhaq-ps3, Ywhaz, Yy1, Yy2, Zar1, Zar1l, Zbed3, Zbed4, Zbed6, Zbtb1, Zbtb10, Zbtb11, Zbtb12, Zbtb14, Zbtb16, Zbtb17, Zbtb18, Zbtb2, Zbtb20, Zbtb21, Zbtb22, Zbtb24, Zbtb25, Zbtb26, Zbtb3, Zbtb32, Zbtb33, Zbtb34, Zbtb37, Zbtb38, Zbtb39, Zbtb4, Zbtb40, Zbtb41, Zbtb42, Zbtb43, Zbtb45, Zbtb46, Zbtb47, Zbtb48, Zbtb49, Zbtb5, Zbtb6, Zbtb7a, Zbtb7b, Zbtb7c, Zbtb8a, Zbtb8b, Zbtb9, Zc3h10, Zc3h12a, Zc3h12d, Zc3h14, Zc3h18, Zc3h4, Zc3h6, Zc3h8, Zc3hav1, Zc4h2, Zcchc12, Zcchc13, Zcchc17, Zcchc4, Zcwpw1, Zdhhc2, Zeb1, Zeb2, Zer1, Zfa-ps, Zfand2a, Zfat, Zfhx2, Zfhx3, Zfhx4, Zfp1, Zfp1004, Zfp1005, Zfp1006, Zfp1007, Zfp101, Zfp1010, Zfp105, Zfp11, Zfp110, Zfp111, Zfp112, Zfp113, Zfp119a, Zfp119b, Zfp12, Zfp120, Zfp125, Zfp128, Zfp13, Zfp131, Zfp14, Zfp141, Zfp142, Zfp143, Zfp146, Zfp148, Zfp157, Zfp160, Zfp169, Zfp174, Zfp175, Zfp180, Zfp182, Zfp184, Zfp189, Zfp2, Zfp202, Zfp212, Zfp213, Zfp217, Zfp219, Zfp229, Zfp236, Zfp239, Zfp24, Zfp248, Zfp251, Zfp26, Zfp260, Zfp263, Zfp266, Zfp267, Zfp268, Zfp27, Zfp273, Zfp275, Zfp276, Zfp28, Zfp280b, Zfp280c, Zfp280d, Zfp281, Zfp286, Zfp287, Zfp292, Zfp296, Zfp3, Zfp30, Zfp316, Zfp317, Zfp318, Zfp319, Zfp322a, Zfp324, Zfp326, Zfp329, Zfp334, Zfp335, Zfp341, Zfp345, Zfp35, Zfp352, Zfp354a, Zfp354b, Zfp354c, Zfp358, Zfp36, Zfp362, Zfp365, Zfp366, Zfp367, Zfp369, Zfp36l1, Zfp36l2, Zfp36l3, Zfp37, Zfp382, Zfp383, Zfp384, Zfp385a, Zfp386, Zfp39, Zfp395, Zfp397, Zfp398, Zfp40, Zfp407, Zfp408, Zfp41, Zfp410, Zfp418, Zfp42, Zfp420, Zfp422, Zfp423, Zfp426, Zfp429, Zfp433, Zfp438, Zfp442, Zfp444, Zfp445, Zfp446, Zfp449, Zfp451, Zfp454, Zfp455, Zfp456, Zfp457, Zfp458, Zfp459, Zfp46, Zfp462, Zfp467, Zfp469, Zfp472, Zfp473, Zfp488, Zfp493, Zfp503, Zfp507, Zfp51, Zfp512b, Zfp513, Zfp516, Zfp518a, Zfp518b, Zfp52, Zfp521, Zfp523, Zfp524, Zfp53, Zfp534, Zfp536, Zfp54, Zfp541, Zfp551, Zfp553, Zfp558, Zfp560, Zfp563, Zfp566, Zfp568, Zfp57, Zfp574, Zfp575, Zfp579, Zfp58, Zfp580, Zfp582, Zfp583, Zfp59, Zfp592, Zfp593, Zfp595, Zfp597, Zfp598, Zfp599, Zfp60, Zfp600, Zfp605, Zfp606, Zfp607a, Zfp607b, Zfp608, Zfp609, Zfp612, Zfp616, Zfp617, Zfp619, Zfp62, Zfp623, Zfp626, Zfp628, Zfp629, Zfp637, Zfp638, Zfp639, Zfp64, Zfp641, Zfp644, Zfp646, Zfp647, Zfp648, Zfp65, Zfp652, Zfp653, Zfp654, Zfp655, Zfp658, Zfp661, Zfp663, Zfp664, Zfp667, Zfp668, Zfp672, Zfp677, Zfp68, Zfp683, Zfp689, Zfp69, Zfp691, Zfp692, Zfp696, Zfp697, Zfp7, Zfp703, Zfp704, Zfp706, Zfp707, Zfp708, Zfp709, Zfp710, Zfp711, Zfp712, Zfp715, Zfp719, Zfp72, Zfp729a, Zfp729b, Zfp735, Zfp738, Zfp74, Zfp740, Zfp746, Zfp747, Zfp747l1, Zfp748, Zfp750, Zfp758, Zfp759, Zfp760, Zfp763, Zfp764, Zfp764l1, Zfp768, Zfp770, Zfp771, Zfp772, Zfp773, Zfp775, Zfp777, Zfp78, Zfp780b, Zfp784, Zfp786, Zfp787, Zfp788, Zfp790, Zfp791, Zfp799, Zfp808, Zfp809, Zfp81, Zfp810, Zfp811, Zfp819, Zfp82, Zfp820, Zfp821, Zfp825, Zfp827, Zfp84, Zfp846, Zfp85, Zfp850, Zfp853, Zfp865, Zfp866, Zfp867, Zfp868, Zfp869, Zfp87, Zfp870, Zfp871, Zfp872, Zfp873, Zfp874a, Zfp874b, Zfp879, Zfp882, Zfp9, Zfp90, Zfp91, Zfp92, Zfp93, Zfp930, Zfp931, Zfp932, Zfp933, Zfp934, Zfp935, Zfp937, Zfp938, Zfp940, Zfp941, Zfp942, Zfp943, Zfp944, Zfp945, Zfp946, Zfp947, Zfp948, Zfp949, Zfp950, Zfp951, Zfp952, Zfp954, Zfp955a, Zfp955b, Zfp956, Zfp958, Zfp959, Zfp960, Zfp961, Zfp963, Zfp964, Zfp966, Zfp97, Zfp970, Zfp971, Zfp973, Zfp974, Zfp975, Zfp976, Zfp977, Zfp979, Zfp980, Zfp981, Zfp982, Zfp983, Zfp984, Zfp985, Zfp987, Zfp988, Zfp989, Zfp990, Zfp991, Zfp992, Zfp994, Zfp995, Zfp998, Zfpm1, Zfpm2, Zfta, Zfx, Zfy1, Zfy2, Zfyve28, Zglp1, Zgpat, Zhx1, Zhx2, Zhx3, Zic1, Zic2, Zic3, Zic4, Zic5, Zik1, Zim1, Zkscan1, Zkscan14, Zkscan16, Zkscan17, Zkscan2, Zkscan3, Zkscan4, Zkscan5, Zkscan6, Zkscan7, Zkscan8, Zmiz1, Zmiz2, Zmpste24, Zmym2, Zmym5, Zmynd11, Zmynd15, Zmynd8, Znhit1, Zp3, Zp3r, Zpr1, Zranb3, Zscan10, Zscan12, Zscan2, Zscan20, Zscan21, Zscan22, Zscan25, Zscan26, Zscan29, Zscan4-ps1, Zscan4-ps2, Zscan4-ps3, Zscan4b, Zscan4c, Zscan4d, Zscan4e, Zscan4f, Zscan5b, Zswim8, Zxdb, Zxdc, Zyg11b, Zzef1, Zzz3
GO:0051252	regulation of RNA metabolic process	3656	100	53.26	2.3e-10	3.2292000000000004e-7	2010315B03Rik, 2610008E11Rik, 2610021A01Rik, 2810021J22Rik, 4930447C04Rik, 4930522L14Rik, 5730507C01Rik, A1cf, A430033K04Rik, A630001G21Rik, Aamdc, Aatf, Abcc9, Abcg4, Abhd14b, Ablim1, Ablim2, Ablim3, Abra, Abt1, Acin1, Acod1, Acss2, Actb, Actl6a, Actl6b, Actn1, Actn2, Actn4, Actr2, Actr3, Actr5, Actr6, Actr8, Actrt1, Acvr1, Acvr1b, Acvr2a, Acvr2b, Acvrl1, Adam3, Adarb1, Adcy1, Adcy8, Adcyap1, Adgrf1, Adgrg3, Adipoq, Adnp, Adora2a, Adora3, Adrb2, Aebp1, Aebp2, Afap1l2, Aff1, Aff3, Agap2, Ager, Ago1, Ago2, Ago3, Agrn, Agt, Agtr2, Ahcyl1, Ahdc1, Ahi1, Ahr, Ahrr, AI854703, AI987944, Aicda, Aim2, Aire, Ajuba, Akap8l, Akirin1, Akirin2, Akna, Akr1c6, Akt1, Akt2, Alkbh5, Alx1, Alx3, Alx4, Ambra1, Amot, Amotl2, Ang, Angel2, Ankrd1, Ankrd2, Ankrd23, Ankrd42, Ankrd49, Anxa2, Anxa3, Anxa4, Ap3b1, Ap3d1, Apbb1, Apbb2, Apbb3, Apex1, Apln, Apobec1, Apobec3, Apoe, App, Ar, Arap1, Arb2a, Arf4, Arglu1, Arhgef11, Arhgef2, Arhgef5, Arid1a, Arid1b, Arid2, Arid3a, Arid3b, Arid3c, Arid4a, Arid4b, Arid5a, Arid5b, Arl2bp, Armcx3, Arnt, Arnt2, Arrb1, Arrb2, Arx, Ascc1, Ascc2, Ascl1, Ascl2, Ascl3, Ascl4, Ascl5, Ash1l, Ash2l, Asph, Asxl1, Asxl2, Asxl3, Atad2, Atf1, Atf1-ps, Atf2, Atf3, Atf4, Atf5, Atf6, Atf6b, Atf7, Atf7ip, Atf7ip2, Atm, Atmin, Atn1, Atoh1, Atoh7, Atoh8, Atp1b4, Atp2b4, Atp8b1, Atrx, Atxn1, Atxn1l, Atxn7, Atxn7l3, AU041133, Aurkb, Auts2, AW146154, Axin1, Axin2, Aym1, B020011L13Rik, Bach1, Bach2, Bag4, Bahd1, Bambi, Banp, Bap1, Barhl1, Barhl2, Barx1, Barx2, Basp1, Batf, Batf2, Batf3, Baz1a, Baz1b, Baz2a, Bbs7, Bbx, BC024063, Bcas3, Bcl10, Bcl11a, Bcl11b, Bcl2l12, Bcl3, Bcl6, Bcl6b, Bcl7a, Bcl7b, Bcl7c, Bcl9, Bcl9l, Bclaf1, Bclaf3, Bcor, Bcorl1, Bdnf, Bdp1, Bend3, Bend5, Bend6, Bex2, Bhlha15, Bhlha9, Bhlhe22, Bhlhe23, Bhlhe40, Bhlhe41, Bicra, Bicral, Bin1, Birc2, Birc5, Blm, Bloc1s2, Bmal1, Bmal2, Bmi1, Bmp10, Bmp15, Bmp2, Bmp3, Bmp4, Bmp5, Bmp6, Bmp7, Bmpr1a, Bmpr1b, Bmpr2, Bmyc, Bnc1, Bnc2, Boll, Bptf, Brca1, Brca2, Brd1, Brd2, Brd3, Brd4, Brd7, Brd8, Brd9, Brdt, Brf1, Brf2, Brip1, Brms1, Brms1l, Brpf1, Brpf3, Brwd1, Brwd3, Bsx, Btaf1, Btbd18, Btg2, Btrc, Bud23, Bud31, C1d, C1qbp, Cacng7, Cactin, Calcoco1, Calcr, Calr, Camk1, Camk1d, Camk2a, Camk4, Camta1, Camta2, Cand1, Capn3, Caprin1, Caprin2, Card11, Card14, Card9, Carf, Carhsp1, Carlr, Carm1, Casc3, Cask, Casp8ap2, Casz1, Cat, Cav1, Cavin2, Cavin4, Cbfa2t2, Cbfa2t3, Cbfb, Cbx1, Cbx2, Cbx3, Cbx4, Cbx5, Cbx6, Cbx7, Cbx8, Cby1, Cc2d1a, Cc2d1b, Ccar1, Ccar2, Ccdc62, Ccdc85b, Ccl3, Ccn1, Ccna2, Ccnb1, Ccnc, Ccnd1, Ccnd3, Ccne1, Ccnh, Ccnk, Ccnl1, Ccnl2, Ccnq, Ccnt1, Ccnt2, Ccpg1, Cd200, Cd274, Cd28, Cd36, Cd38, Cd4, Cd40, Cd40lg, Cd74, Cd81, Cd84, Cdc14a, Cdc14b, Cdc5l, Cdc5lrt1, Cdc5lrt10, Cdc5lrt4, Cdc5lrt5, Cdc5lrt6, Cdc5lrt7, Cdc5lrt8, Cdc5lrt9, Cdc73, Cdca7, Cdca7l, Cdh1, Cdh13, Cdk1, Cdk12, Cdk13, Cdk2, Cdk2ap1, Cdk2ap1rt, Cdk5, Cdk5r1, Cdk5rap2, Cdk5rap3, Cdk6, Cdk7, Cdk8, Cdk9, Cdkn1b, Cdkn1c, Cdkn2a, Cdkn3, Cdon, Cdx1, Cdx2, Cdx4, Cdyl, Cebpa, Cebpb, Cebpd, Cebpe, Cebpg, Cebpz, Cela1, Celf1, Celf2, Celf3, Celf4, Celf5, Celf6, Celsr2, Cenpf, Cenpk, Cep290, Ces1d, Cflar, Cggbp1, Chaserr, Chchd2, Chchd2-ps, Chd3, Chd4, Chd5, Chd6, Chd7, Chd8, Chek2, Chp1, Chp2, Chuk, Churc1, Ciao1, Ciart, Cib1, Cic, Ciita, Cipc, Cir1, Cirbp, Cited1, Cited2, Cited4, Ckap2, Cks1b, Cks2, Clec7a, Clns1a, Clock, Clu, Cmklr1, Cmtm2a, Cnbp, Cnot1, Cnot2, Cnot3, Cnot6, Cnot6l, Cnot7, Cnot8, Cnot9, Col1a1, Commd1, Commd6, Commd7, Cops2, Cops5, Coq7, Cpap, Cpeb1, Cpeb3, Cphx1, Cpped1, Creb1, Creb3, Creb3l1, Creb3l2, Creb3l3, Creb3l4, Creb5, Crebbp, Crebl2, Crebrf, Crebzf, Creg1, Crem, Cripto, Crlf3, Crnn, Crtc1, Crtc2, Crtc3, Crx, Crxos, Cry1, Cry2, Cryab, Crym, Csdc2, Csde1, Csf2, Csf3, Csrnp1, Csrnp2, Csrnp3, Csrp3, Ctbp1, Ctbp2, Ctcf, Ctcfl, Ctdnep1, Ctdp1, Ctdsp1, Ctdsp2, Ctdspl, Ctdspl2, Cth, Ctnnb1, Ctnnbip1, Ctr9, Cul3, Cux1, Cux2, Cx3cl1, Cxcr3, Cxxc1, Cxxc5, Cyld, Cyp1b1, Cys1, Cytl1, D1Pas1, Dab2, Dab2ip, Dach1, Dach2, Dact1, Dap, Daxx, Dazap1, Dazl, Dbp, Dbx1, Dbx2, Dcaf1, Dcaf6, Dcn, Dcp1a, Dcp1b, Dcp2, Dcps, Ddit3, Ddn, Ddr2, Ddrgk1, Ddx11, Ddx17, Ddx20, Ddx21, Ddx3x, Ddx41, Ddx49, Ddx5, Ddx54, Deaf1, Dedd, Dek, Depdc1a, Dgkq, Dhrs7b, Dhx33, Dhx34, Dhx36, Dhx9, Dicer1, Dido1, Dimt1, Dis3l2, Dkc1, Dkk1, Dkk3, Dlg1, Dll1, Dll4, Dlx1, Dlx2, Dlx3, Dlx4, Dlx5, Dlx6, Dlx6os1, Dmap1, Dmbx1, Dmd, Dmrt1, Dmrt2, Dmrt3, Dmrta1, Dmrta2, Dmrtb1, Dmrtc2, Dmtf1, Dmtf1l, Dnaja3, Dnajb1, Dnajb4, Dnajb5, Dnajb6, Dnajc17, Dnajc2, Dnd1, Dnmt1, Dnmt3a, Dnmt3b, Dnmt3l, Dot1l, Dpf1, Dpf2, Dpf3, Dr1, Drap1, Drd2, Drd3, Drgx, Drosha, Dtx3l, Dubr, Dusp1, Dusp10, Dusp12, Dusp13a, Dusp13b, Dusp14, Dusp15, Dusp18, Dusp19, Dusp2, Dusp21, Dusp22, Dusp23, Dusp26, Dusp28, Dusp29, Dusp3, Dusp4, Dusp5, Dusp6, Dusp7, Dusp8, Duxbl1, Duxf3, Duxf4, Dvl1, Dvl2, Dvl3, Dxo, Dyrk1a, Dyrk1b, E130311K13Rik, E230001N04Rik, E2f1, E2f2, E2f3, E2f4, E2f5, E2f6, E2f7, E2f8, E4f1, Eaf1, Eaf2, Eapp, Ebf1, Ebf2, Ebf3, Ebf4, Ecd, Ecm1, Ecsit, Edf1, Edn1, Ednrb, Edrf1, Eed, Eef1d, Efcab7, Efemp1, Efna1, Egf, Egfr, Egln1, Egr1, Egr2, Egr3, Egr4, Ehf, Ehmt1, Ehmt2, Eid1, Eid2, Eid2b, Eif1, Eif2ak2, Eif2ak3, Eif2ak4, Eif4a1, Eif4a3, Eif4a3l1, Eif4a3l2, Eif4enif1, Elane, Elavl1, Elavl4, Elf1, Elf2, Elf3, Elf4, Elf5, Elk1, Elk3, Elk4, Ell, Ell2, Ell3, Eloa, Elp3, Elp4, Emsy, Emx1, Emx2, En1, En2, Eng, Eno1, Eno1b, Enpp1, Eny2, Eomes, Ep300, Ep400, Epas1, Epc1, Epc2, Epcam, Epha5, Epm2a, Epo, Epop, Erbb2, Erbb4, Erbin, Erc1, Ercc1, Ercc2, Ercc6, Ereg, Erf, Erfl, Erg, Ern2, Esr1, Esr2, Esrra, Esrrb, Esrrg, Esx1, Ets1, Ets2, Etv1, Etv2, Etv3, Etv3l, Etv4, Etv5, Etv6, Evx1, Evx2, Ewsr1, Exosc10, Exosc9, Eya1, Ezh1, Ezh2, Ezr, F2r, F2rl1, Fabp4, Fadd, Fam170a, Fam220a, Fam76b, Fanca, Fancd2, Fank1, Fasl, Fastk, Fastkd1, Fastkd2, Fastkd3, Fastkd5, Fbln5, Fbp1, Fbxl19, Fbxw11, Fcgr2b, Fcor, Fer, Ferd3l, Fev, Fezf1, Fezf2, Fgf1, Fgf10, Fgf2, Fgf23, Fgf4, Fgf7, Fgf9, Fgfr1, Fgfr2, Fgfr3, Fhl2, Fhl5, Fhod1, Figla, Fip1l1, Fiz1, Fkbp10, Fkbp11, Fkbp14, Fkbp1a, Fkbp1b, Fkbp2, Fkbp3, Fkbp4, Fkbp5, Fkbp7, Fkbp8, Fkbp9, Flcn, Fli1, Flna, Flt3l, Flywch1, Fmr1, Fnip1, Fnip2, Fos, Fosb, Fosl1, Fosl2, Foxa1, Foxa2, Foxa3, Foxb1, Foxb2, Foxc1, Foxc2, Foxd1, Foxd2, Foxd3, Foxd4, Foxe1, Foxe3, Foxf1, Foxf2, Foxg1, Foxh1, Foxi1, Foxi2, Foxi3, Foxj1, Foxj2, Foxj3, Foxk1, Foxk2, Foxl1, Foxl2, Foxl3, Foxm1, Foxn1, Foxn2, Foxn3, Foxn4, Foxo1, Foxo3, Foxo4, Foxo6, Foxp1, Foxp2, Foxp3, Foxp4, Foxq1, Foxr1, Foxr2, Foxs1, Frk, Fst, Fstl3, Fto, Fubp1, Fubp3, Fus, Fxr1, Fxr2, Fzd1, Fzd2, Fzd4, Fzd5, Fzd6, Fzd7, Gabpa, Gabpb1, Gabpb2, Gadd45a, Gal, Galr1, Galr2, Galr3, Gas6, Gata1, Gata2, Gata3, Gata4, Gata5, Gata6, Gatad1, Gatad2a, Gatad2b, Gbp4, Gbx1, Gbx2, Gclc, Gcm1, Gcm2, Gdf2, Gdf6, Gdf7, Gdnf, Gfi1, Gfi1b, Ghrh, Gigyf2, Gli1, Gli2, Gli3, Glis1, Glis2, Glis3, Glmp, Glo1, Glp1r, Glrp1, Gm10033, Gm12258, Gm14295, Gm14322, Gm14325, Gm14391, Gm14399, Gm14401, Gm14403, Gm14412, Gm14418, Gm14434, Gm14443, Gm14444, Gm15446, Gm17067, Gm17655, Gm19965, Gm20737, Gm20738, Gm20747, Gm20773, Gm20795, Gm20806, Gm20807, Gm20808, Gm20812, Gm20815, Gm20816, Gm20818, Gm20821, Gm20822, Gm20825, Gm20826, Gm20830, Gm20834, Gm20852, Gm20854, Gm20865, Gm20873, Gm20914, Gm20917, Gm20918, Gm21118, Gm21292, Gm21310, Gm21394, Gm21719, Gm21778, Gm21812, Gm21854, Gm2381, Gm28171, Gm32687, Gm35315, Gm3604, Gm4275, Gm45871, Gm4767, Gm4924, Gm5141, Gm6871, Gm7072, Gm7324, Gmcl1, Gmeb1, Gmeb2, Gmnn, Gnas, Gnl3, Gon4l, Gpatch3, Gpbp1, Gpbp1l1, Gper1, Gps2, Grem1, Grhl1, Grhl2, Grhl3, Grin1, Grm5, Grsf1, Gsc, Gsc2, Gsdmd, Gsk3a, Gsk3b, Gsx1, Gsx2, Gtf2a1, Gtf2a2, Gtf2f1, Gtf2f2, Gtf2h1, Gtf2h2, Gtf2h3, Gtf2i, Gtf2ird1, Gtpbp1, Gtsf1, Gzf1, H1f2, H1f3, H1f4, H1f5, H2az1, H3c14, Halr1, Hamp, Hand1, Hand2, Has3, Havcr2, Hax1, Hba-x, Hbb-bh1, Hbb-y, Hbp1, Hcfc1, Hcfc2, Hck, Hcls1, Hdac1, Hdac10, Hdac2, Hdac3, Hdac4, Hdac5, Hdac7, Hdac9, Hdgf, Hdx, Heatr1, Helt, Helz2, Hes1, Hes2, Hes3, Hes5, Hes6, Hes7, Hesx1, Hexb, Hexim1, Hexim2, Hey1, Hey2, Heyl, Hhex, Hic1, Hic2, Hif1a, Hif1an, Hif3a, Hinfp, Hint1, Hipk1, Hipk2, Hipk3, Hira, Hivep1, Hivep2, Hivep3, Hjv, Hlf, Hltf, Hlx, Hmbox1, Hmg20a, Hmg20b, Hmga1, Hmga1b, Hmga2, Hmgb1, Hmgb2, Hmgb4, Hmgn1, Hmgn2, Hmgn3, Hmgn5, Hmox1, Hmx1, Hmx2, Hmx3, Hnf1a, Hnf1b, Hnf4a, Hnf4g, Hnrnpa0, Hnrnpa2b1, Hnrnpab, Hnrnpc, Hnrnpd, Hnrnpk, Hnrnpl, Hnrnpr, Hnrnpu, Homez, Hopx, Hoxa1, Hoxa10, Hoxa11, Hoxa11os, Hoxa13, Hoxa2, Hoxa3, Hoxa4, Hoxa5, Hoxa6, Hoxa7, Hoxa9, Hoxb1, Hoxb13, Hoxb2, Hoxb3, Hoxb4, Hoxb5, Hoxb6, Hoxb7, Hoxb8, Hoxb9, Hoxc10, Hoxc11, Hoxc12, Hoxc13, Hoxc4, Hoxc5, Hoxc6, Hoxc8, Hoxc9, Hoxd1, Hoxd10, Hoxd11, Hoxd12, Hoxd13, Hoxd3, Hoxd4, Hoxd8, Hoxd9, Hp1bp3, Hr, Hras, Hsbp1, Hsbp1l1, Hsf1, Hsf2, Hsf3, Hsf4, Hsf5, Hspa1a, Hspa1b, Hspa8, Htatip2, Hyal2, Ice1, Ice2, Id1, Id2, Id3, Id4, Ier2, Ier5, Ifi203, Ifi203-ps, Ifi204, Ifi206, Ifi207, Ifi208, Ifi209, Ifi213, Ifi214, Ifi27, Ifnar1, Ifnar2, Ifnb1, Ifng, Ifnk, Ifrd1, Ift172, Ift74, Igbp1, Igf1, Igf1r, Igf2, Igf2bp1, Igf2bp2, Igf2bp3, Ighmbp2, Igsf1, Ihh, Ikbkb, Ikbke, Ikbkg, Ikzf1, Ikzf2, Ikzf3, Ikzf4, Ikzf5, Il10, Il11, Il13, Il17a, Il17f, Il18, Il18r1, Il18rap, Il1a, Il1b, Il1rap, Il2, Il22, Il23a, Il25, Il33, Il4, Il4i1, Il4i1b, Il5, Il6, Ilf2, Ilf3, Ilk, Ilkap, Impact, Ing1, Ing2, Ing3, Ing4, Ing5, Inhba, Ino80, Ino80b, Ino80c, Ino80d, Ino80e, Inpp5k, Ins1, Ins2, Insm1, Insm2, Insr, Ippk, Iqce, Irak1, Irak2, Irak3, Irf1, Irf2, Irf2bp1, Irf2bp2, Irf2bpl, Irf3, Irf4, Irf5, Irf6, Irf7, Irf8, Irf9, Irx1, Irx2, Irx3, Irx4, Irx5, Irx6, Isl1, Isl2, Isx, Itch, Itga6, Itga8, Itgb1bp1, Itgb3bp, Iws1, Jade1, Jade2, Jade3, Jag1, Jak2, Jak3, Jarid2, Jazf1, Jdp2, Jmjd1c, Jmjd6, Jmy, Jph2, Jpx, Jun, Junb, Jund, Jup, Kank2, Kansl1, Kansl2, Kansl3, Kars1, Kat14, Kat2a, Kat2b, Kat5, Kat6a, Kat6b, Kat7, Kat8, Kcnh2, Kcnip3, Kctd1, Kctd15, Kdm1a, Kdm2a, Kdm2b, Kdm3a, Kdm3b, Kdm4a, Kdm4c, Kdm5a, Kdm5b, Kdm5c, Kdm5d, Kdm6a, Kdm6b, Kdm7a, Kdm8, Keap1, Khdrbs1, Khdrbs2, Khdrbs3, Khsrp, Kit, Klf1, Klf10, Klf11, Klf12, Klf13, Klf14, Klf15, Klf16, Klf17, Klf2, Klf3, Klf4, Klf5, Klf6, Klf7, Klf8, Klf9, Kmt2a, Kmt2b, Kmt2c, Kmt2d, Kmt2e, Kmt5a, Kpna6, L3mbtl1, L3mbtl2, L3mbtl3, L3mbtl4, Lamtor5, Lancl2, Larp1, Larp4b, Larp7, Larp7-ps, Lbh, Lbx1, Lbx2, Lcor, Lcorl, Ldb1, Ldb2, Lef1, Lefty1, Leo1, Lep, Lhx1, Lhx2, Lhx3, Lhx4, Lhx5, Lhx6, Lhx8, Lhx9, Lif, Lilrb4a, Lilrb4b, Limd1, Lime1, Lims1, Lin28b, Lin37, Lin52, Lin54, Lin9, Litaf, Lmcd1, Lmntd2, Lmo1, Lmo2, Lmo3, Lmo4, Lmo7, Lmx1a, Lmx1b, Loxl2, Loxl3, Lpar5, Lpin1, Lpin2, Lpin3, Lrif1, Lrp5, Lrp6, Lrpprc, Lrrc14, Lrrfip1, Lrrfip2, Lsm1, Ltf, Lum, Lyar, Lyl1, Macc1, Macroh2a1, Macroh2a2, Mad2l2, Mael, Maf, Maf1, Mafa, Mafb, Maff, Mafg, Mafk, Magea1, Magea10, Magea13, Magea14, Magea2, Magea3, Magea4, Magea5, Magea6, Magea8, Magea9, Mageb11, Mageb16, Mageb18, Mageb2, Mageb3, Mageb4, Mageb5, Mageb5b, Mageb6b1, Magec2, Maged1, Maged2, Magee1, Magee2, Mageh1, Magel2, Magoh, Magohb, Mak, Malat1, Malt1, Maml1, Maml2, Maml3, Mamld1, Mamstr, Map2k1, Map2k2, Map2k3, Map2k5, Map2k7, Map3k1, Map3k10, Map3k12, Map3k13, Map3k5, Mapk1, Mapk10, Mapk14, Mapk15, Mapk3, Mapk7, Mapk8, Mapk8ip1, Mapk9, Mapkapk2, Mapkapk5, Mapre3, Mars1, Mavs, Max, Maz, Mbd1, Mbd2, Mbd3, Mbd3l1, Mbd3l2, Mbip, Mbnl1, Mbnl2, Mbtd1, Mbtps2, Mc1r, Mcf2l, Mcidas, Mcph1, Mcrs1, Mdfi, Mdfic, Mdfic2, Mdk, Mdm2, Mdm4, Meaf6, Mecom, Mecp2, Med1, Med10, Med11, Med12, Med12l, Med13, Med13l, Med14, Med15, Med16, Med17, Med18, Med19, Med20, Med21, Med22, Med23, Med24, Med25, Med26, Med27, Med28, Med29, Med30, Med31, Med4, Med6, Med7, Med8, Med9, Mef2a, Mef2b, Mef2c, Mef2d, Meioc, Meiosin, Meis1, Meis2, Meis3, Men1, Meox1, Meox2, Mepce, Mesp1, Mesp2, Met, Mettl1, Mettl13, Mettl14, Mettl16, Mettl18, Mettl23, Mettl3, Mettl4, Mex3d, Mga, Mical2, Mid2, Mideas, Mier1, Mier2, Mier3, Mir103-1, Mir103-2, Mir143, Mir144, Mir196a-1, Mir196a-2, Mir196b, Mir205hg, Mir3960, Mir451a, Mir451b, Mir466d, Mir466l, Mir7-1, Mir744, Mir7578, Mitf, Mixl1, Mkrn2, Mkx, Mlf1, Mlf2, Mlh1, Mlip, Mllt1, Mllt10, Mllt11, Mllt3, Mllt6, Mlx, Mlxip, Mlxipl, Mmp12, Mms19, Mn1, Mnat1, Mndal, Mnt, Mnx1, Morc1, Morc2a, Morc2b, Morc3, Morf4l1, Morf4l2, Mospd1, Mov10, Mphosph8, Mrgbp, Mrpl12, Mrtfa, Mrtfb, Msantd1, Msc, Msgn1, Msl1, Msl2, Msl3, Mstn, Msx1, Msx2, Msx3, Mt3, Mta1, Mta2, Mta3, Mtdh, Mterf1a, Mterf1b, Mterf2, Mterf3, Mterf4, Mtf1, Mtor, Mtpn, Mtres1, Mturn, Muc1, Mup1, Mup11, Mup2, Mup3, Mup4, Mup5, Musk, Mxd1, Mxd3, Mxd4, Mxi1, Myb, Mybbp1a, Mybl1, Mybl2, Myc, Mycbp, Mycl, Mycn, Mycs, Myd88, Mydgf, Myef2, Myf5, Myf6, Mynn, Myo1c, Myocd, Myod1, Myog, Myoz1, Myoz2, Mypop, Myrf, Myrfl, Mysm1, Myt1, Myt1l, Mzf1, N4bp2l2, Naa15, Nab1, Nab2, Nacc1, Nacc2, Naf1, Nampt, Nanog, Nanos1, Nanos2, Nanos3, Nbas, Ncbp1, Ncbp2, Nck1, Nck2, Ncl, Ncoa1, Ncoa2, Ncoa3, Ncoa6, Ncoa7, Ncor1, Ncor2, Ndn, Ndp, Ndufa13, Nedd4, Nedd8, Nek4, Nelfa, Nelfb, Nelfcd, Nelfe, Neo1, Nepn, Neurod1, Neurod2, Neurod4, Neurod6, Neurog1, Neurog2, Neurog3, Nfat5, Nfatc1, Nfatc2, Nfatc2ip, Nfatc3, Nfatc4, Nfe2, Nfe2l1, Nfe2l2, Nfe2l3, Nfia, Nfib, Nfic, Nfil3, Nfilz, Nfix, Nfkb1, Nfkb2, Nfkbia, Nfkbid, Nfkbie, Nfkbil1, Nfkbiz, Nfrkb, Nfx1, Nfxl1, Nfya, Nfyb, Nfyc, Ngf, Ngfr, Nhlh1, Nhlh2, Niban2, Nicol1, Nif3l1, Nipbl, Nkap, Nkrf, Nktr, Nkx1-1, Nkx1-2, Nkx2-1, Nkx2-2, Nkx2-3, Nkx2-4, Nkx2-5, Nkx2-6, Nkx2-9, Nkx3-1, Nkx3-2, Nkx6-1, Nkx6-2, Nkx6-3, Nlk, Nlrc3, Nlrc4, Nlrc5, Nlrp12, Nlrp3, Nlrp5, Nmd3, Nme2, Nmnat1, Nobox, Noc2l, Noct, Nod1, Nod2, Nodal, Nog, Nol11, Nolc1, Nono, Nop53, Nos1, Nostrin, Notch1, Notch2, Notch3, Notch4, Noto, Nova1, Nova2, Npas1, Npas2, Npas3, Npas4, Npat, Npm1, Npnt, Nr0b1, Nr0b2, Nr1d1, Nr1d2, Nr1h2, Nr1h3, Nr1h4, Nr1h5, Nr1i2, Nr1i3, Nr2c1, Nr2c2, Nr2e1, Nr2e3, Nr2f1, Nr2f2, Nr2f6, Nr3c1, Nr3c2, Nr4a1, Nr4a2, Nr4a3, Nr5a1, Nr5a2, Nr6a1, Nrarp, Nrbf2, Nrde2, Nrf1, Nrg1, Nrip1, Nrip2, Nrl, Nscme3l, Nsd1, Nsd2, Nsd3, Nsmce3, Nsrp1, Nsun2, Ntf3, Ntn3, Ntrk1, Nts, Nucks1, Nudt16, Nufip1, Nup62, Nup85, Nup98, Nupr1, Nupr2, Nwd1, Oas1a, Oas1b, Oas1c, Oas1d, Oas1e, Oas1f, Oas1g, Oas1h, Oas3, Obi1, Obox1, Obox2, Obox3, Obox4, Obox5, Obox6, Obox7, Obox8, Ogg1, Ogt, Olig1, Olig2, Olig3, Onecut1, Onecut2, Onecut3, Oog1, Oog2, Oog3, Osm, Osr1, Osr2, Otp, Otud7b, Otulin, Otx1, Otx2, Ovol1, Ovol2, Ovol3, P2rx2, P2ry1, Pa2g4, Pabpc1, Pabpc2, Pabpc4, Pabpn1, Pabpn1l, Paf1, Pagr1a, Paip1, Pam, Pan2, Pan3, Park7, Parn, Parp1, Parp10, Parp9, Pasd1, Pask, Patl1, Patl2, Patz1, Pawr, Pax1, Pax2, Pax3, Pax4, Pax5, Pax6, Pax7, Pax8, Pax9, Paxbp1, Paxip1, Pbrm1, Pbx1, Pbx2, Pbx3, Pbx4, Pbxip1, Pcbd1, Pcbd2, Pcbp1, Pcbp2, Pcbp3, Pcbp4, Pcgf1, Pcgf2, Pcgf3, Pcgf5, Pcgf6, Pcid2, Pck1, Pcna, Pdcd4, Pdcd7, Pde12, Pde2a, Pde3a, Pdgfb, Pdlim1, Pdx1, Pdxp, Peg3, Peli1, Pelp1, Per1, Per2, Per3, Perm1, Pex14, Pf4, Pfdn5, Pfkm, Pfn1, Pgam5, Pgr, Phax, Phb1, Phb2, Phc1, Phc2, Phc3, Phf10, Phf12, Phf14, Phf19, Phf2, Phf20, Phf20l1, Phf21a, Phf3, Phf5a, Phf6, Phf8, Phip, Phlpp1, Phlpp2, Phox2a, Phox2b, Pias1, Pias2, Pias3, Pias4, Picalm, Pid1, Pih1d1, Pik3r1, Pik3r2, Pim1, Pim2, Pin1, Pin1rt1, Pin4, Pink1, Pithd1, Pitx1, Pitx2, Pitx3, Piwil1, Piwil2, Piwil4, Pkd1, Pkd2, Pkhd1, Pkia, Pkig, Pkm, Pkn1, Pknox1, Pknox2, Pkp1, Pkp3, Pla2g10, Plac8, Plag1, Plagl1, Plagl2, Platr25, Plcb1, Plcg2, Plekhn1, Plk1, Plk3, Plpp3, Plscr1, Pmf1, Pml, Pnldc1, Pnpt1, Pogk, Pogz, Pole3, Polr2g, Pomc, Pou1f1, Pou2af1, Pou2af2, Pou2af3, Pou2f1, Pou2f2, Pou2f3, Pou3f1, Pou3f2, Pou3f3, Pou3f4, Pou4f1, Pou4f2, Pou4f3, Pou5f1, Pou5f2, Pou6f1, Pou6f2, Ppara, Ppard, Pparg, Ppargc1a, Ppargc1b, Ppef1, Ppef2, Pphln1, Ppia, Ppib, Ppic, Ppid, Ppie, Ppif, Ppig, Ppih, Ppil1, Ppil3, Ppil4, Ppm1a, Ppm1b, Ppm1d, Ppm1e, Ppm1f, Ppm1g, Ppm1h, Ppm1j, Ppm1k, Ppm1l, Ppm1m, Ppm1n, Ppp1ca, Ppp1cb, Ppp1cc, Ppp1r12a, Ppp1r13l, Ppp1r15a, Ppp2ca, Ppp2cb, Ppp2r5b, Ppp2r5d, Ppp3ca, Ppp3cb, Ppp3cc, Ppp3r1, Ppp4c, Ppp5c, Ppp6c, Pprc1, Pptc7, Ppwd1, Pramel1, Pramel7, Prdm1, Prdm10, Prdm11, Prdm12, Prdm13, Prdm14, Prdm15, Prdm16, Prdm2, Prdm4, Prdm5, Prdm6, Prdm8, Prdm9, Prdx2, Prdx3, Prdx5, Prdx6, Prdx6b, Preb, Prickle1, Prkaa1, Prkaca, Prkcb, Prkch, Prkci, Prkcq, Prkcz, Prkd1, Prkd2, Prkdc, Prkn, Prl, Prl2c2, Prmt1, Prmt2, Prmt3, Prmt5, Prmt6, Prmt7, Prmt8, Prmt9, Prnp, Prop1, Prox1, Prox2, Prpf19, Prpf6, Prr5l, Prr7, Prrx1, Prrx2, Psen1, Psen2, Psip1, Psma6, Psmc3ip, Psmc5, Psmc6, Psmd10, Psmd9, Pspc1, Psrc1, Ptafr, Ptbp1, Ptbp3, Ptcd2, Ptch1, Pten, Ptf1a, Ptges2, Ptgis, Ptgs2os, Pth, Pthlh, Ptma, Ptms, Ptov1, Ptp4a3, Ptpa, Ptpmt1, Ptpn2, Ptprc, Ptprk, Ptprn, Puf60, Pum1, Pum2, Pura, Purb, Purg, Pus1, Pwp1, Pwwp2a, Pwwp2b, Pycard, Pygo1, Qars1, Qki, Qrich1, Rab7b, Rad21, Rad54l2, Raf1, Rai1, Ralgapa1, Raly, Rap2c, Rapgef3, Rara, Rarb, Rarg, Rasd1, Rasl11a, Rax, Rb1, Rbak, Rbbp4, Rbbp7, Rbbp8, Rbck1, Rbfox1, Rbfox2, Rbfox3, Rbl1, Rbl2, Rbm10, Rbm11, Rbm14, Rbm15, Rbm15b, Rbm20, Rbm24, Rbm25, Rbm3, Rbm33, Rbm38, Rbm39, Rbm4, Rbm42, Rbm46, Rbm47, Rbm5, Rbm7, Rbm8a, Rbm8a2, Rbmx, Rbmxl1, Rbmxl2, Rbmy, Rbmyf1, Rbmyf3, Rbmyf6, Rbmyf9, Rbpj, Rbpjl, Rbpms, Rbpms2, Rc3h1, Rc3h2, Rcor1, Rcor2, Rcor3, Recql5, Rel, Rela, Relb, Reln, Reno1, Repin1, Rere, Rest, Ret, Rex2, Rfc1, Rfx1, Rfx2, Rfx3, Rfx4, Rfx5, Rfx6, Rfx7, Rfx8, Rfxank, Rfxap, Rgcc, Rgma, Rgmb, Rgn, Rhebl1, Rhoa, Rhog, Rhoq, Rhox1, Rhox10, Rhox11, Rhox12, Rhox13, Rhox2a, Rhox2b, Rhox2c, Rhox2d, Rhox2f, Rhox2g, Rhox2h, Rhox3a, Rhox3c, Rhox3f, Rhox3g, Rhox3h, Rhox4a, Rhox4b, Rhox4c, Rhox4d, Rhox4e, Rhox4f, Rhox4g, Rhox5, Rhox6, Rhox7a, Rhox7b, Rhox8, Rhox9, Rida, Rif1, Rigi, Ring1, Riok1, Riok2, Riox1, Riox2, Ripk1, Ripk2, Ripk3, Ripk4, Ripply1, Ripply2, Ripply3, Rit2, Rlf, Rlim, Rnasel, Rnf10, Rnf14, Rnf141, Rnf168, Rnf187, Rnf2, Rnf20, Rnf220, Rnf25, Rnf31, Rnf4, Rnf40, Rnf6, Rnf8, Rnps1, Rock1, Rock2, Ror1, Ror2, Rora, Rorb, Rorc, Rpap2, Rpf2, Rpl10, Rpl10-ps3, Rpl23, Rprd1b, Rps14, Rps3, Rps6ka1, Rps6ka3, Rps6ka4, Rps6ka5, Rptor, Rreb1, Rrn3, Rrp1b, Rrp8, Rsf1, Rsl1, Rslcan18, Rtf1, Rtkn2, Rtraf, Runx1, Runx1t1, Runx2, Runx3, Ruvbl1, Ruvbl2, Rwdd1, Rwdd3, Rxra, Rxrb, Rxrg, Rybp, Rybp-ps, S100a1, S100a10, S1pr1, Safb, Safb2, Sall1, Sall2, Sall3, Sall4, Samd1, Samd11, Samd4, Samd4b, Samd7, Sap130, Sap18, Sap18b, Sap25, Sap30, Sap30bp, Sap30l, Sarnp, Sars1, Satb1, Satb2, Sbno1, Sbno2, Scaf4, Scaf8, Scai, Scand1, Scgb1a1, Scmh1, Scml2, Scml4, Scrt1, Scrt2, Scx, Sdcbp, Sdr16c5, Secisbp2, Sema4d, Senp1, Senp2, Serpinf2, Sertad1, Sertad2, Sertad3, Setbp1, Setd2, Setd3, Setd4, Setd5, Setd6, Setd7, Setdb1, Setdb2, Setmar, Setx, Sf1, Sf3b1, Sf3b3, Sf3b5, Sfmbt1, Sfmbt2, Sfn, Sfpq, Sfr1, Sfrp1, Sfrp2, Sfrp4, Sfrp5, Sfswap, Sgf29, Sgms1os1, Sgsm1, Shc1, Shh, Shox2, Sik1, Sik2, Sim1, Sim2, Sin3a, Sin3b, Sinhcaf, Sirt1, Sirt2, Sirt3, Sirt6, Sirt7, Siva1, Six1, Six2, Six3, Six4, Six5, Six6, Skap1, Ski, Skil, Skor1, Skor2, Sla2, Slc11a1, Slc30a9, Slc38a3, Slc39a5, Slc39a8, Slc40a1, Slc9a1, Slco3a1, Slfn1, Slfn2, Slirp, Sltm, Smad1, Smad2, Smad3, Smad4, Smad5, Smad6, Smad7, Smad9, Smarca1, Smarca2, Smarca4, Smarca5, Smarcad1, Smarcal1, Smarcb1, Smarcc1, Smarcc2, Smarcd1, Smarcd2, Smarcd3, Smarce1, Smo, Smtnl1, Smu1, Smyd1, Smyd2, Smyd3, Snai1, Snai2, Snai3, Snf8, Snrnp70, Snw1, Snx5, Snx6, Sod2, Sohlh1, Sohlh2, Son, Sorbs3, Sos1, Sost, Sox1, Sox10, Sox11, Sox12, Sox13, Sox14, Sox15, Sox17, Sox18, Sox2, Sox21, Sox3, Sox30, Sox4, Sox5, Sox6, Sox7, Sox8, Sox9, Sp1, Sp100, Sp110, Sp140, Sp140l1, Sp140l2, Sp2, Sp3, Sp4, Sp5, Sp6, Sp7, Sp8, Sp9, Spag8, Spdef, Spen, Sphk1, Spi1, Spib, Spic, Spin1, Spin2c, Spin2d, Spin2e, Spin2g, Spin2h, Spin4, Spindoc, Spocd1, Spop, Spp1, Spty2d1, Spx, Spz1, Sqstm1, Sra1, Src, Srebf1, Srebf2, Srf, Srpk1, Srpk2, Srpk3, Srrm1, Srrm4, Srrt, Srsf1, Srsf10, Srsf12, Srsf19, Srsf2, Srsf3, Srsf4, Srsf6, Srsf7, Srsf9, Sry, Ss18, Ss18l1, Ssbp2, Ssbp3, Ssbp4, Ssh1, Ssh2, Ssh3, Ssty1, Ssty2, Ssu72, Ssxa1, St18, Stat1, Stat2, Stat3, Stat4, Stat5a, Stat5b, Stat6, Sting1, Stk16, Stk36, Stox1, Stox2, Stra8, Strap, Strm, Strn3, Sub1, Suds3, Sufu, Sumo1, Sumo2, Supt20, Supt3, Supt4a, Supt4b, Supt5, Supt6, Supt7l, Supv3l1, Suv39h1, Suv39h2, Suz12, Syk, Syncrip, T, Tacc1, Tada1, Tada2a, Tada2b, Tada3, Taf1, Taf10, Taf11, Taf12, Taf13, Taf15, Taf1d, Taf2, Taf3, Taf4, Taf4b, Taf5, Taf5l, Taf6, Taf6l, Taf7, Taf8, Taf9, Taf9b, Tagln3, Tal1, Tal2, Tardbp, Tasor, Tasp1, Tax1bp1, Tbk1, Tbl1x, Tbl1xr1, Tbp, Tbr1, Tbrg4, Tbx1, Tbx10, Tbx15, Tbx18, Tbx19, Tbx2, Tbx20, Tbx21, Tbx22, Tbx3, Tbx4, Tbx5, Tbx6, Tcea1, Tcea2, Tcea3, Tceal7, Tceanc, Tceanc2, Tcerg1, Tcf12, Tcf15, Tcf20, Tcf21, Tcf23, Tcf24, Tcf25, Tcf3, Tcf4, Tcf7, Tcf7l1, Tcf7l2, Tcfl5, Tcp10a, Tcp10b, Tcp10c, Tdg, Tdrd3, Tead1, Tead2, Tead3, Tead4, Tef, Tenm1, Tenm2, Tent2, Tent4a, Tent4b, Tent5a, Tent5b, Tent5c, Tent5d, Terf2ip, Tert, Tesc, Tescl, Tesmin, Tet1, Tet2, Tet3, Tex24, Tfam, Tfap2a, Tfap2b, Tfap2c, Tfap2d, Tfap2e, Tfap4, Tfcp2, Tfcp2l1, Tfdp1, Tfdp2, Tfe3, Tfeb, Tfec, Tfpt, Tfr2, Tfrc, Tgfb1, Tgfb1i1, Tgfb2, Tgfb3, Tgfbr1, Tgfbr3, Tgfbrap1, Tgif1, Tgif2, Thap1, Thap11, Thap3, Thap7, Thra, Thrap3, Thrb, Tia1, Ticam1, Timeless, Tirap, Tle1, Tle2, Tle3, Tle4, Tle5, Tle6, Tlr2, Tlr3, Tlr4, Tlr7, Tlr9, Tlx1, Tlx2, Tlx3, Tmbim6, Tmf1, Tmigd3, Tmpo, Tmprss6, Tmsb4x, Tnf, Tnfaip3, Tnfrsf11a, Tnfrsf1a, Tnfrsf1b, Tnfrsf4, Tnfsf11, Tnfsf18, Tnfsf4, Tnfsf8, Tnip1, Tnip2, Tnip3, Tnks, Tnni2, Tnp1, Tnrc6a, Tnrc6b, Tnrc6c, Tob1, Top2a, Top2b, Topors, Tox, Tox2, Tox3, Tox4, Tpr, Tra2a, Tra2b, Traf1, Traf2, Traf3, Traf3ip1, Traf3ip2, Traf5, Traf6, Traf7, Traip, Trak2, Trappc9, Trdmt1, Trerf1, Trf, Triap1, Trib1, Trib2, Trib3, Trim11, Trim12a, Trim12c, Trim13, Trim14, Trim15, Trim21, Trim24, Trim25, Trim26, Trim27, Trim28, Trim29, Trim30a, Trim30b, Trim30c, Trim30d, Trim31, Trim32, Trim37, Trim38, Trim40, Trim44, Trim5, Trim52, Trim6, Trim62, Trim66, Trim71, Trim8, Trip4, Trmt112, Tro, Trp53, Trp53bp1, Trp53inp1, Trp53inp2, Trp63, Trp73, Trps1, Trpv1, Trpv4, Trrap, Tsc2, Tsc22d1, Tsc22d2, Tsc22d3, Tsc22d4, Tsg101, Tshz1, Tshz2, Tshz3, Tsix, Tssk4, Ttc21b, Ttc5, Tunar, Tut4, Tut7, Twist1, Twist2, Txk, Txn1, Txnip, U2af2, Uba3, Ube2e1, Ube2i, Ube2l3, Ube2n, Ube3a, Ublcp1, Ubp1, Ubtf, Ubtfl1, Uchl5, Ucn, Ucp1, Ufl1, Uhrf1, Uimc1, Uncx, Upf1, Upf3a, Upf3b, Uri1, Usf1, Usf2, Usf3, Usp13, Usp16, Usp2, Usp21, Usp22, Usp3, Usp36, Usp47, Usp7, Utf1, Utp15, Utp4, Uxt, Vax1, Vax2, Vdr, Vegfa, Vezf1, Vgll1, Vgll2, Vgll3, Vgll4, Vhl, Vim, Vip, Vps72, Vrtn, Vsx1, Vsx2, Wac, Was, Wasl, Wbp2, Wbp2nl, Wdr43, Wdr5, Wdr75, Wdr77, Wdr82, Wdtc1, Wfs1, Wiz, Wnk1, Wnt1, Wnt10b, Wnt11, Wnt2, Wnt3a, Wnt4, Wnt5a, Wnt6, Wnt7a, Wt1, Wtap, Wtip, Wwc1, Wwc2, Wwox, Wwp1, Wwp2, Wwtr1, Xbp1, Xcl1, Xpa, Xpc, Xpo1, Xrcc5, Xrcc6, Yaf2, Yap1, Ybx1, Ybx2, Ybx3, Yeats2, Yeats4, Yes1, Ylpm1, Ythdc1, Ythdf1, Ythdf2, Ythdf3, Ywhab, Ywhah, Ywhaq, Ywhaq-ps3, Ywhaz, Yy1, Yy2, Zar1, Zbed3, Zbed4, Zbed6, Zbtb1, Zbtb10, Zbtb11, Zbtb12, Zbtb14, Zbtb16, Zbtb17, Zbtb18, Zbtb2, Zbtb20, Zbtb21, Zbtb22, Zbtb24, Zbtb25, Zbtb26, Zbtb3, Zbtb32, Zbtb33, Zbtb34, Zbtb37, Zbtb38, Zbtb39, Zbtb4, Zbtb40, Zbtb41, Zbtb42, Zbtb43, Zbtb45, Zbtb46, Zbtb47, Zbtb48, Zbtb49, Zbtb5, Zbtb6, Zbtb7a, Zbtb7b, Zbtb7c, Zbtb8a, Zbtb8b, Zbtb9, Zc3h12a, Zc3h12d, Zc3h14, Zc3h18, Zc3h4, Zc3h6, Zc3h8, Zc3hav1, Zc4h2, Zcchc12, Zcchc17, Zeb1, Zeb2, Zfa-ps, Zfat, Zfhx2, Zfhx3, Zfhx4, Zfp1, Zfp1004, Zfp1005, Zfp1006, Zfp1007, Zfp101, Zfp1010, Zfp105, Zfp11, Zfp110, Zfp111, Zfp112, Zfp113, Zfp119a, Zfp119b, Zfp12, Zfp120, Zfp125, Zfp128, Zfp13, Zfp131, Zfp14, Zfp141, Zfp142, Zfp143, Zfp146, Zfp148, Zfp157, Zfp160, Zfp169, Zfp174, Zfp175, Zfp180, Zfp182, Zfp184, Zfp189, Zfp2, Zfp202, Zfp212, Zfp213, Zfp217, Zfp219, Zfp229, Zfp236, Zfp239, Zfp24, Zfp248, Zfp251, Zfp26, Zfp260, Zfp263, Zfp266, Zfp267, Zfp268, Zfp27, Zfp273, Zfp275, Zfp276, Zfp28, Zfp280b, Zfp280c, Zfp280d, Zfp281, Zfp286, Zfp287, Zfp292, Zfp296, Zfp3, Zfp30, Zfp316, Zfp317, Zfp318, Zfp319, Zfp322a, Zfp324, Zfp326, Zfp329, Zfp334, Zfp335, Zfp341, Zfp345, Zfp35, Zfp352, Zfp354a, Zfp354b, Zfp354c, Zfp358, Zfp36, Zfp362, Zfp366, Zfp367, Zfp369, Zfp36l1, Zfp36l2, Zfp36l3, Zfp37, Zfp382, Zfp383, Zfp384, Zfp386, Zfp39, Zfp395, Zfp397, Zfp398, Zfp40, Zfp407, Zfp408, Zfp41, Zfp410, Zfp418, Zfp42, Zfp420, Zfp422, Zfp423, Zfp426, Zfp429, Zfp433, Zfp438, Zfp442, Zfp444, Zfp445, Zfp446, Zfp449, Zfp451, Zfp454, Zfp455, Zfp456, Zfp457, Zfp458, Zfp459, Zfp46, Zfp462, Zfp467, Zfp469, Zfp472, Zfp473, Zfp488, Zfp493, Zfp503, Zfp507, Zfp51, Zfp512b, Zfp513, Zfp516, Zfp518a, Zfp518b, Zfp52, Zfp521, Zfp523, Zfp524, Zfp53, Zfp534, Zfp536, Zfp54, Zfp541, Zfp551, Zfp553, Zfp558, Zfp560, Zfp563, Zfp566, Zfp568, Zfp57, Zfp574, Zfp575, Zfp579, Zfp58, Zfp580, Zfp582, Zfp583, Zfp59, Zfp593, Zfp595, Zfp597, Zfp599, Zfp60, Zfp600, Zfp605, Zfp606, Zfp607a, Zfp607b, Zfp608, Zfp609, Zfp612, Zfp616, Zfp617, Zfp619, Zfp62, Zfp623, Zfp626, Zfp628, Zfp629, Zfp637, Zfp639, Zfp64, Zfp641, Zfp644, Zfp646, Zfp647, Zfp648, Zfp65, Zfp652, Zfp653, Zfp654, Zfp655, Zfp658, Zfp661, Zfp663, Zfp664, Zfp667, Zfp668, Zfp672, Zfp677, Zfp68, Zfp683, Zfp689, Zfp69, Zfp691, Zfp692, Zfp696, Zfp697, Zfp7, Zfp703, Zfp704, Zfp706, Zfp707, Zfp708, Zfp709, Zfp710, Zfp711, Zfp712, Zfp715, Zfp719, Zfp72, Zfp729a, Zfp729b, Zfp735, Zfp738, Zfp74, Zfp740, Zfp746, Zfp747, Zfp747l1, Zfp748, Zfp750, Zfp758, Zfp759, Zfp760, Zfp763, Zfp764, Zfp764l1, Zfp768, Zfp770, Zfp771, Zfp772, Zfp773, Zfp775, Zfp777, Zfp78, Zfp780b, Zfp784, Zfp786, Zfp787, Zfp788, Zfp790, Zfp791, Zfp799, Zfp808, Zfp809, Zfp81, Zfp810, Zfp811, Zfp819, Zfp82, Zfp820, Zfp821, Zfp825, Zfp827, Zfp84, Zfp846, Zfp85, Zfp850, Zfp853, Zfp865, Zfp866, Zfp867, Zfp868, Zfp869, Zfp87, Zfp870, Zfp871, Zfp872, Zfp873, Zfp874a, Zfp874b, Zfp879, Zfp882, Zfp9, Zfp90, Zfp91, Zfp92, Zfp93, Zfp930, Zfp931, Zfp932, Zfp933, Zfp934, Zfp935, Zfp937, Zfp938, Zfp940, Zfp941, Zfp942, Zfp943, Zfp944, Zfp945, Zfp946, Zfp947, Zfp948, Zfp949, Zfp950, Zfp951, Zfp952, Zfp954, Zfp955a, Zfp955b, Zfp956, Zfp958, Zfp959, Zfp960, Zfp961, Zfp963, Zfp964, Zfp966, Zfp97, Zfp970, Zfp971, Zfp973, Zfp974, Zfp975, Zfp976, Zfp977, Zfp979, Zfp980, Zfp981, Zfp982, Zfp983, Zfp984, Zfp985, Zfp987, Zfp988, Zfp989, Zfp990, Zfp991, Zfp992, Zfp994, Zfp995, Zfp998, Zfpm1, Zfpm2, Zfta, Zfx, Zfy1, Zfy2, Zglp1, Zgpat, Zhx1, Zhx2, Zhx3, Zic1, Zic2, Zic3, Zic4, Zic5, Zik1, Zim1, Zkscan1, Zkscan14, Zkscan16, Zkscan17, Zkscan2, Zkscan3, Zkscan4, Zkscan5, Zkscan6, Zkscan7, Zkscan8, Zmiz1, Zmiz2, Zmpste24, Zmym2, Zmym5, Zmynd11, Zmynd15, Zmynd8, Znhit1, Zp3, Zscan10, Zscan12, Zscan2, Zscan20, Zscan21, Zscan22, Zscan25, Zscan26, Zscan29, Zscan4-ps1, Zscan4-ps2, Zscan4-ps3, Zscan4b, Zscan4c, Zscan4d, Zscan4e, Zscan4f, Zscan5b, Zswim8, Zxdb, Zxdc, Zzz3
GO:0141187	nucleic acid biosynthetic process	4366	113	63.6	2.9e-10	3.4451999999999996e-7	2010315B03Rik, 2610008E11Rik, 2610021A01Rik, 2810021J22Rik, 4930402K13Rik, 4930447C04Rik, 4930480E11Rik, 4930522L14Rik, 5730507C01Rik, A1cf, A430033K04Rik, A630001G21Rik, Aamdc, Aar2, Aars1, Aatf, Abcc9, Abcg4, Abhd14b, Ablim1, Ablim2, Ablim3, Abra, Abt1, Acd, Acin1, Acod1, Acss2, Actb, Actl6a, Actl6b, Actn1, Actn2, Actn4, Actr2, Actr3, Actr5, Actr6, Actr8, Actrt1, Acvr1, Acvr1b, Acvr2a, Acvr2b, Acvrl1, Adad1, Adad2, Adam3, Adar, Adarb1, Adarb2, Adat1, Adat2, Adat3, Adcy1, Adcy8, Adcyap1, Adgrf1, Adgrg3, Adipoq, Adnp, Adora2a, Adora3, Adrb2, Adrm1, Adrm1b, Aebp1, Aebp2, Aen, Afap1l2, Aff1, Aff2, Aff3, Agap2, Ager, Ago1, Ago2, Ago3, Ago4, Agrn, Agt, Agtr2, Ahcyl1, Ahdc1, Ahi1, Ahnak, Ahnak2, Ahr, Ahrr, AI854703, AI987944, Aicda, Aim2, Aire, Ajuba, Ak6, Akap17b, Akap8l, Akirin1, Akirin2, Akna, Akr1c6, Akt1, Akt2, Alkbh1, Alkbh5, Alkbh8, Alx1, Alx3, Alx4, Alyref, Alyref2, Ambra1, Amot, Amotl2, Ang, Ang2, Ang3, Ang4, Ang5, Ang6, Angel2, Ankrd1, Ankrd16, Ankrd2, Ankrd23, Ankrd42, Ankrd49, Anxa2, Anxa3, Anxa4, Ap3b1, Ap3d1, Apbb1, Apbb2, Apbb3, Apex1, Apln, Apobec1, Apobec2, Apobec3, Apobec4, Apoe, App, Aqr, Ar, Arap1, Arb2a, Arf4, Arglu1, Arhgef11, Arhgef2, Arhgef5, Arid1a, Arid1b, Arid2, Arid3a, Arid3b, Arid3c, Arid4a, Arid4b, Arid5a, Arid5b, Arl2bp, Arl6ip4, Armc7, Armcx3, Arnt, Arnt2, Arrb1, Arrb2, Arvcf, Arx, Ascc1, Ascc2, Ascl1, Ascl2, Ascl3, Ascl4, Ascl5, Ash1l, Ash2l, Asph, Asxl1, Asxl2, Asxl3, Atad2, Atad2b, Atf1, Atf1-ps, Atf2, Atf3, Atf4, Atf5, Atf6, Atf6b, Atf7, Atf7ip, Atf7ip2, Atg16l1, Atg16l2, Atg5, Atg7, Atm, Atmin, Atn1, Atoh1, Atoh7, Atoh8, Atp1b4, Atp2b4, Atp8b1, Atr, Atrx, Atxn1, Atxn1l, Atxn7, Atxn7l3, AU041133, Aurkb, Auts2, AW146154, Axin1, Aym1, B020011L13Rik, B3gntl1, Bach1, Bach2, Bahd1, Bambi, Banp, Bap1, Barhl1, Barhl2, Barx1, Barx2, Basp1, Batf, Batf2, Batf3, Baz1a, Baz1b, Baz2a, Bbs7, Bbx, BC005624, BC024063, Bcas2, Bcas3, Bcdin3d, Bcl10, Bcl11a, Bcl11b, Bcl2l12, Bcl3, Bcl6, Bcl6b, Bcl7a, Bcl7b, Bcl7c, Bcl9, Bcl9l, Bclaf1, Bclaf3, Bcor, Bcorl1, Bdnf, Bdp1, Bend3, Bend5, Bend6, Bex2, Bhlha15, Bhlha9, Bhlhe22, Bhlhe23, Bhlhe40, Bhlhe41, Bicra, Bicral, Bin1, Birc2, Birc5, Blm, Bloc1s2, Bmal1, Bmal2, Bmi1, Bmp10, Bmp15, Bmp2, Bmp3, Bmp4, Bmp5, Bmp6, Bmp7, Bmpr1a, Bmpr1b, Bmpr2, Bms1, Bmyc, Bnc1, Bnc2, Bop1, Bptf, Brca1, Brca2, Brd1, Brd2, Brd3, Brd4, Brd7, Brd8, Brd9, Brdt, Brf1, Brf2, Brip1, Brix1, Brms1, Brms1l, Brpf1, Brpf3, Brwd1, Brwd3, Bsx, Btaf1, Btbd18, Btg2, Btrc, Bud13, Bud23, Bud31, Bysl, C1d, C1qbp, C3ar1, C5ar1, Cactin, Calcoco1, Calr, Camk1, Camk1d, Camk2a, Camk2d, Camk4, Camta1, Camta2, Cand1, Capn3, Caprin2, Card11, Card14, Card9, Carf, Carm1, Casc3, Cask, Casp8ap2, Casz1, Cat, Cav1, Cavin1, Cavin2, Cavin4, Cbfa2t2, Cbfa2t3, Cbfb, Cbll1, Cbx1, Cbx2, Cbx3, Cbx4, Cbx5, Cbx6, Cbx7, Cbx8, Cby1, Cc2d1a, Cc2d1b, Ccar1, Ccar2, Ccdc124, Ccdc62, Ccdc85b, Ccl3, Ccn1, Ccn2, Ccna2, Ccnb1, Ccnc, Ccnd1, Ccnd3, Ccne1, Ccnh, Ccnk, Ccnl1, Ccnl2, Ccnq, Ccnt1, Ccnt2, Ccpg1, Cct2, Cct3, Cct4, Cct5, Cct6a, Cct7, Cct8, Cd200, Cd274, Cd28, Cd2bp2, Cd36, Cd38, Cd4, Cd40, Cd40lg, Cd74, Cd81, Cd84, Cdc14a, Cdc14b, Cdc40, Cdc5l, Cdc5lrt1, Cdc5lrt10, Cdc5lrt4, Cdc5lrt5, Cdc5lrt6, Cdc5lrt7, Cdc5lrt8, Cdc5lrt9, Cdc73, Cdca7, Cdca7l, Cdh1, Cdh13, Cdk1, Cdk11b, Cdk12, Cdk13, Cdk2, Cdk2ap1, Cdk2ap1rt, Cdk5, Cdk5r1, Cdk5rap1, Cdk5rap2, Cdk5rap3, Cdk6, Cdk7, Cdk8, Cdk9, Cdkal1, Cdkn1a, Cdkn1b, Cdkn1c, Cdkn2a, Cdkn2d, Cdkn3, Cdon, Cdx1, Cdx2, Cdx4, Cdyl, Cebpa, Cebpb, Cebpd, Cebpe, Cebpg, Cebpz, Cela1, Celf1, Celf2, Celf3, Celf4, Celf5, Celf6, Celsr2, Cenatac, Cenpf, Cenpk, Cep290, Ces1d, Cflar, Cggbp1, Chaserr, Chchd2, Chchd2-ps, Chd3, Chd4, Chd5, Chd6, Chd7, Chd8, Chek1, Chek2, Cherp, Chp1, Chp2, Chrac1, Chtf18, Chtf8, Chuk, Churc1, Ciao1, Ciart, Cib1, Cic, Ciita, Cipc, Cir1, Cirbp, Cited1, Cited2, Cited4, Ckap2, Cks1b, Cks2, Clasrp, Clec7a, Clk1, Clk2, Clk3, Clk4, Clns1a, Clock, Clp1, Clu, Cmklr1, Cmtm2a, Cmtr1, Cmtr2, Cnbp, Cnot1, Cnot2, Cnot3, Cnot6, Cnot6l, Cnot7, Cnot9, Coil, Col1a1, Col4a2, Commd1, Commd6, Commd7, Cops2, Cops5, Coq7, Cpap, Cpeb1, Cpeb3, Cphx1, Cpped1, Cpsf1, Cpsf2, Cpsf3, Cpsf4, Cpsf6, Cpsf7, Crcp, Creb1, Creb3, Creb3l1, Creb3l2, Creb3l3, Creb3l4, Creb5, Crebbp, Crebl2, Crebrf, Crebzf, Creg1, Crem, Crhr2, Cript, Cripto, Crlf3, Crnkl1, Crnn, Crtc1, Crtc2, Crtc3, Crx, Crxos, Cry1, Cry2, Cryab, Crym, Csdc2, Csf2, Csf3, Csrnp1, Csrnp2, Csrnp3, Csrp3, Cstf1, Cstf2, Cstf2t, Cstf3, Ctbp1, Ctbp2, Ctc1, Ctcf, Ctcfl, Ctdnep1, Ctdp1, Ctdsp1, Ctdsp2, Ctdspl, Ctdspl2, Cth, Ctnnb1, Ctnnbip1, Ctnnbl1, Ctr9, Ctu1, Ctu2, Cul3, Cux1, Cux2, Cwc15, Cwc22, Cwc22rt1, Cwc22rt2, Cwc22rt3, Cwc22rt4, Cwc22rt5, Cwc22rt6, Cwc22rt7, Cwc25, Cwf19l1, Cwf19l2, Cx3cl1, Cxcr3, Cxxc1, Cxxc5, Cyld, Cyp1b1, Cys1, Cytl1, D1Pas1, Dab2, Dab2ip, Dach1, Dach2, Dact1, Dalrd3, Dap, Daxx, Dazap1, Dbp, Dbr1, Dbx1, Dbx2, Dcaf1, Dcaf13, Dcaf6, Dcn, Dcp1a, Dcp2, Dcps, Ddit3, Ddn, Ddr2, Ddrgk1, Ddx1, Ddx10, Ddx11, Ddx17, Ddx18, Ddx20, Ddx21, Ddx23, Ddx27, Ddx39a, Ddx39b, Ddx3x, Ddx4, Ddx41, Ddx42, Ddx46, Ddx47, Ddx49, Ddx5, Ddx51, Ddx52, Ddx54, Ddx56, Deaf1, Dedd, Dek, Depdc1a, Dgcr8, Dgkq, Dhrs7b, Dhx15, Dhx16, Dhx33, Dhx36, Dhx37, Dhx38, Dhx40, Dhx8, Dhx9, Dicer1, Dido1, Dimt1, Dis3, Dis3l, Dkc1, Dkk1, Dkk3, Dlg1, Dll1, Dll4, Dlx1, Dlx2, Dlx3, Dlx4, Dlx5, Dlx6, Dlx6os1, Dmap1, Dmbx1, Dmd, Dmrt1, Dmrt2, Dmrt3, Dmrta1, Dmrta2, Dmrtb1, Dmrtc2, Dmtf1, Dmtf1l, Dnaja3, Dnajb1, Dnajb4, Dnajb5, Dnajb6, Dnajc17, Dnajc2, Dnmt1, Dnmt3a, Dnmt3b, Dnmt3l, Dntt, Dnttip2, Dot1l, Dpf1, Dpf2, Dpf3, Dph3, Dpy30, Dr1, Drap1, Drd2, Drd3, Drgx, Drosha, Dscc1, Dtl, Dtwd1, Dtwd2, Dtx3l, Dubr, Dus1l, Dus2, Dus3l, Dus4l, Dusp1, Dusp10, Dusp12, Dusp13a, Dusp13b, Dusp14, Dusp15, Dusp18, Dusp19, Dusp2, Dusp21, Dusp22, Dusp23, Dusp26, Dusp28, Dusp29, Dusp3, Dusp4, Dusp5, Dusp6, Dusp7, Dusp8, Duxbl1, Duxf3, Duxf4, Dvl1, Dvl2, Dvl3, Dyrk1a, Dyrk1b, E130311K13Rik, E230001N04Rik, E2f1, E2f2, E2f3, E2f4, E2f5, E2f6, E2f7, E2f8, E4f1, Eaf1, Eaf2, Eapp, Ebf1, Ebf2, Ebf3, Ebf4, Ebna1bp2, Ecd, Ecm1, Ecsit, Edf1, Edn1, Ednrb, Edrf1, Eed, Eef1d, Efcab7, Efemp1, Efna1, Eftud2, Egf, Egfr, Egln1, Egr1, Egr2, Egr3, Egr4, Ehf, Ehmt1, Ehmt2, Eid1, Eid2, Eid2b, Eif1, Eif2ak2, Eif2ak3, Eif2ak4, Eif4a1, Eif4a3, Eif4a3l1, Eif4a3l2, Eif6, Elac1, Elac2, Elane, Elavl4, Elf1, Elf2, Elf3, Elf4, Elf5, Elk1, Elk3, Elk4, Ell, Ell2, Ell3, Eloa, Elob, Eloc, Elof1, Elp1, Elp2, Elp3, Elp4, Elp5, Elp6, Emg1, Emsy, Emx1, Emx2, En1, En2, Eng, Eno1, Eno1b, Enpp1, Eny2, Eomes, Ep300, Ep400, Epas1, Epc1, Epc2, Epcam, Epha5, Epm2a, Epo, Epop, Erbb2, Erbb4, Erbin, Erc1, Ercc1, Ercc2, Ercc3, Ercc6, Ereg, Erf, Erfl, Erg, Eri1, Ern1, Ern2, Esf1, Esr1, Esr2, Esrp1, Esrp2, Esrra, Esrrb, Esrrg, Ess2, Esx1, Ets1, Ets2, Etv1, Etv2, Etv3, Etv3l, Etv4, Etv5, Etv6, Evx1, Evx2, Ewsr1, Exd1, Exosc1, Exosc10, Exosc2, Exosc3, Exosc4, Exosc5, Exosc6, Exosc7, Exosc8, Exosc9, Eya1, Ezh1, Ezh2, Ezr, F2r, F2rl1, Faap20, Fabp4, Fadd, Fam170a, Fam220a, Fam47c, Fam47e, Fam50a, Fanca, Fancd2, Fank1, Fars2, Fasl, Fastk, Fastkd1, Fastkd2, Fastkd3, Fastkd5, Fbl, Fbll1, Fbln5, Fbp1, Fbxl19, Fbxl2, Fbxo24, Fbxo4, Fbxw11, Fcf1, Fcgr2b, Fcor, Fdxacb1, Fer, Ferd3l, Fev, Fezf1, Fezf2, Fgf1, Fgf10, Fgf2, Fgf23, Fgf4, Fgf7, Fgf9, Fgfr1, Fgfr2, Fgfr3, Fgfr4, Fhl2, Fhl5, Fhod1, Figla, Fip1l1, Fiz1, Fkbp10, Fkbp11, Fkbp14, Fkbp1a, Fkbp1b, Fkbp2, Fkbp3, Fkbp4, Fkbp5, Fkbp6, Fkbp7, Fkbp8, Fkbp9, Flcn, Fli1, Flna, Flt3l, Flywch1, Fmr1, Fnip1, Fnip2, Fos, Fosb, Fosl1, Fosl2, Foxa1, Foxa2, Foxa3, Foxb1, Foxb2, Foxc1, Foxc2, Foxd1, Foxd2, Foxd3, Foxd4, Foxe1, Foxe3, Foxf1, Foxf2, Foxg1, Foxh1, Foxi1, Foxi2, Foxi3, Foxj1, Foxj2, Foxj3, Foxk1, Foxk2, Foxl1, Foxl2, Foxl3, Foxm1, Foxn1, Foxn2, Foxn3, Foxn4, Foxo1, Foxo3, Foxo4, Foxo6, Foxp1, Foxp2, Foxp3, Foxp4, Foxq1, Foxr1, Foxr2, Foxs1, Fra10ac1, Frg1, Frk, Fst, Fstl3, Fto, Ftsj1, Ftsj3, Ftx, Fubp1, Fubp3, Fus, Fzd1, Fzd2, Fzd4, Fzd5, Fzd6, Fzd7, Gabpa, Gabpb1, Gabpb2, Gadd45a, Gal, Galr1, Galr2, Galr3, Gar1, Gas6, Gata1, Gata2, Gata3, Gata4, Gata5, Gata6, Gatad1, Gatad2a, Gatad2b, Gbp4, Gbx1, Gbx2, Gcfc2, Gch1, Gclc, Gcm1, Gcm2, Gdf2, Gdf6, Gdf7, Gdnf, Gemin2, Gemin4, Gemin5, Gemin6, Gemin6-ps, Gemin7, Gemin8, Gfer, Gfi1, Gfi1b, Ghrh, Gja1, Gli1, Gli2, Gli3, Glis1, Glis2, Glis3, Glmp, Glo1, Glp1r, Glrp1, Glyr1, Gm10033, Gm12258, Gm14295, Gm14322, Gm14325, Gm14391, Gm14399, Gm14401, Gm14403, Gm14412, Gm14418, Gm14434, Gm14443, Gm14444, Gm15446, Gm17067, Gm17655, Gm19965, Gm20737, Gm20738, Gm20747, Gm20773, Gm20795, Gm20806, Gm20807, Gm20808, Gm20812, Gm20815, Gm20816, Gm20818, Gm20821, Gm20822, Gm20825, Gm20826, Gm20830, Gm20834, Gm20852, Gm20854, Gm20865, Gm20873, Gm20914, Gm20917, Gm20918, Gm21118, Gm21292, Gm21310, Gm21394, Gm21719, Gm21778, Gm21812, Gm21854, Gm2381, Gm28171, Gm32687, Gm35315, Gm3604, Gm4275, Gm45871, Gm4767, Gm4924, Gm5141, Gm614, Gm6871, Gm7072, Gm7324, Gmcl1, Gmeb1, Gmeb2, Gmnn, Gnas, Gnl3, Gnl3l, Gon4l, Gon7, Gpat2, Gpatch1, Gpatch3, Gpbp1, Gpbp1l1, Gper1, Gpkow, Gps2, Grem1, Grhl1, Grhl2, Grhl3, Grin1, Grm5, Grsf1, Gsc, Gsc2, Gsdmd, Gsk3a, Gsk3b, Gsx1, Gsx2, Gtdc1, Gtf2a1, Gtf2a1l, Gtf2a2, Gtf2b, Gtf2e1, Gtf2e2, Gtf2f1, Gtf2f2, Gtf2h1, Gtf2h2, Gtf2h3, Gtf2h4, Gtf2h5, Gtf2i, Gtf2ird1, Gtf3c1, Gtf3c2, Gtf3c3, Gtf3c4, Gtf3c5, Gtf3c6, Gtpbp3, Gtpbp4, Gtsf1, Gzf1, H1f2, H1f3, H1f4, H1f5, H2az1, H3c14, Habp4, Halr1, Hamp, Hand1, Hand2, Hand2os1, Has3, Havcr2, Hax1, Hba-x, Hbb-bh1, Hbb-y, Hbp1, Hcfc1, Hcfc2, Hck, Hcls1, Hdac1, Hdac10, Hdac2, Hdac3, Hdac4, Hdac5, Hdac7, Hdac9, Hdgf, Hdx, Heatr1, Helb, Helt, Helz2, Henmt1, Hes1, Hes2, Hes3, Hes5, Hes6, Hes7, Hesx1, Hexb, Hexim1, Hexim2, Hey1, Hey2, Heyl, Hgf, Hhex, Hic1, Hic2, Hif1a, Hif1an, Hif3a, Hinfp, Hint1, Hipk1, Hipk2, Hipk3, Hira, Hivep1, Hivep2, Hivep3, Hjv, Hlf, Hltf, Hlx, Hmbox1, Hmg20a, Hmg20b, Hmga1, Hmga1b, Hmga2, Hmgb1, Hmgb2, Hmgb4, Hmgn1, Hmgn2, Hmgn3, Hmgn5, Hmox1, Hmx1, Hmx2, Hmx3, Hnf1a, Hnf1b, Hnf4a, Hnf4g, Hnrnpa1, Hnrnpa2b1, Hnrnpa3, Hnrnpab, Hnrnpc, Hnrnpd, Hnrnpf, Hnrnph1, Hnrnph2, Hnrnph3, Hnrnpk, Hnrnpl, Hnrnpll, Hnrnpm, Hnrnpu, Hnrnpul1, Hnrnpul2, Homez, Hopx, Hoxa1, Hoxa10, Hoxa11, Hoxa11os, Hoxa13, Hoxa2, Hoxa3, Hoxa4, Hoxa5, Hoxa6, Hoxa7, Hoxa9, Hoxb1, Hoxb13, Hoxb2, Hoxb3, Hoxb4, Hoxb5, Hoxb6, Hoxb7, Hoxb8, Hoxb9, Hoxc10, Hoxc11, Hoxc12, Hoxc13, Hoxc4, Hoxc5, Hoxc6, Hoxc8, Hoxc9, Hoxd1, Hoxd10, Hoxd11, Hoxd12, Hoxd13, Hoxd3, Hoxd4, Hoxd8, Hoxd9, Hp1bp3, Hr, Hras, Hrob, Hsbp1, Hsbp1l1, Hsd17b10, Hsf1, Hsf2, Hsf3, Hsf4, Hsf5, Hsp90aa1, Hsp90ab1, Hspa1a, Hspa1b, Hspa8, Htatip2, Htatsf1, Htr2a, Hyal2, Ice1, Ice2, Id1, Id2, Id3, Id4, Ier2, Ier5, Ifi203, Ifi203-ps, Ifi204, Ifi206, Ifi207, Ifi208, Ifi209, Ifi213, Ifi214, Ifi27, Ifnar1, Ifnar2, Ifnb1, Ifng, Ifnk, Ifrd1, Ift172, Ift74, Igbp1, Igf1, Igf1r, Igf2, Ighmbp2, Igsf1, Ihh, Ik, Ikbkb, Ikbke, Ikbkg, Ikzf1, Ikzf2, Ikzf3, Ikzf4, Ikzf5, Il10, Il11, Il13, Il17a, Il17f, Il18, Il18r1, Il18rap, Il1a, Il1b, Il1rap, Il2, Il22, Il23a, Il25, Il33, Il4, Il4i1, Il4i1b, Il5, Il6, Ildr1, Ildr2, Ilf2, Ilf3, Ilk, Ilkap, Imp3, Imp4, Impact, Ing1, Ing2, Ing3, Ing4, Ing5, Inhba, Ino80, Ino80b, Ino80c, Ino80d, Ino80e, Inpp5k, Ins1, Ins2, Insm1, Insm2, Insr, Ints1, Ints10, Ints11, Ints12, Ints14, Ints2, Ints3, Ints4, Ints5, Ints6, Ints6l, Ints7, Ints8, Ints9, Ippk, Iqce, Irak1, Irak2, Irak3, Irf1, Irf2, Irf2bp1, Irf2bp2, Irf2bpl, Irf3, Irf4, Irf5, Irf6, Irf7, Irf8, Irf9, Irx1, Irx2, Irx3, Irx4, Irx5, Irx6, Isg20, Isg20l2, Isl1, Isl2, Isx, Isy1, Itch, Itga6, Itga8, Itgb1bp1, Itgb3bp, Ivns1abp, Iws1, Jade1, Jade2, Jade3, Jag1, Jak2, Jak3, Jarid2, Jazf1, Jdp2, Jmjd1c, Jmjd6, Jmy, Jph2, Jpx, Jun, Junb, Jund, Jup, Kank2, Kansl1, Kansl2, Kansl3, Kars1, Kat14, Kat2a, Kat2b, Kat5, Kat6a, Kat6b, Kat7, Kat8, Kcnh2, Kcnip3, Kcnk2, Kctd1, Kctd15, Kdm1a, Kdm1b, Kdm2a, Kdm2b, Kdm3a, Kdm3b, Kdm4a, Kdm4c, Kdm5a, Kdm5b, Kdm5c, Kdm5d, Kdm6a, Kdm6b, Kdm7a, Kdm8, Keap1, Khdc4, Khdrbs1, Khdrbs2, Khdrbs3, Khsrp, Kin, Kit, Klf1, Klf10, Klf11, Klf12, Klf13, Klf14, Klf15, Klf16, Klf17, Klf2, Klf3, Klf4, Klf5, Klf6, Klf7, Klf8, Klf9, Kmt2a, Kmt2b, Kmt2c, Kmt2d, Kmt2e, Kmt5a, Kpna6, Kri1, Krr1, Kti12, L3mbtl1, L3mbtl2, L3mbtl3, L3mbtl4, Lage3, Lamtor5, Lancl2, Larp6, Larp7, Larp7-ps, Las1l, Lbh, Lbx1, Lbx2, Lcmt2, Lcor, Lcorl, Ldb1, Ldb2, Lef1, Lefty1, Leo1, Lep, Lgals3, Lhx1, Lhx2, Lhx3, Lhx4, Lhx5, Lhx6, Lhx8, Lhx9, Lif, Lig1, Lig3, Lig4, Lilrb4a, Lilrb4b, Limd1, Lime1, Lims1, Lin28a, Lin28b, Lin37, Lin52, Lin54, Lin9, Lipe, Litaf, Lmcd1, Lmntd2, Lmo1, Lmo2, Lmo3, Lmo4, Lmo7, Lmx1a, Lmx1b, Lox, Loxl2, Loxl3, Lpar5, Lpin1, Lpin2, Lpin3, Lrif1, Lrp5, Lrp6, Lrrc14, Lrrfip1, Lrrfip2, Lsm1, Lsm10, Lsm11, Lsm2, Lsm3, Lsm4, Lsm5, Lsm6, Lsm7, Lsm8, Ltf, Luc7l, Luc7l2, Luc7l3, Lum, Lyar, Lyl1, M1ap, Macc1, Macroh2a1, Macroh2a2, Mad2l2, Mael, Maf, Maf1, Mafa, Mafb, Maff, Mafg, Mafk, Magea1, Magea10, Magea13, Magea14, Magea2, Magea3, Magea4, Magea5, Magea6, Magea8, Magea9, Mageb11, Mageb16, Mageb18, Mageb2, Mageb3, Mageb4, Mageb5, Mageb5b, Mageb6b1, Magec2, Maged1, Maged2, Magee1, Magee2, Mageh1, Magel2, Magoh, Magohb, Mak, Mak16, Malat1, Malt1, Maml1, Maml2, Maml3, Mamld1, Mamstr, Map2k1, Map2k2, Map2k3, Map2k5, Map2k7, Map3k1, Map3k10, Map3k12, Map3k13, Map3k4, Map3k5, Mapk1, Mapk10, Mapk14, Mapk15, Mapk3, Mapk7, Mapk8, Mapk8ip1, Mapk9, Mapkapk5, Mapre3, Mars1, Mavs, Max, Maz, Mbd1, Mbd2, Mbd3, Mbd3l1, Mbd3l2, Mbip, Mblac1, Mbnl1, Mbnl2, Mbnl3, Mbtd1, Mbtps2, Mc1r, Mcf2l, Mcidas, Mcph1, Mcrs1, Mdfi, Mdfic, Mdfic2, Mdk, Mdm2, Mdm4, Meaf6, Mecom, Mecp2, Med1, Med10, Med11, Med12, Med12l, Med13, Med13l, Med14, Med15, Med16, Med17, Med18, Med19, Med20, Med21, Med22, Med23, Med24, Med25, Med26, Med27, Med28, Med29, Med30, Med31, Med4, Med6, Med7, Med8, Med9, Mef2a, Mef2b, Mef2c, Mef2d, Meiosin, Meis1, Meis2, Meis3, Men1, Meox1, Meox2, Mepce, Mesp1, Mesp2, Met, Mettl1, Mettl13, Mettl14, Mettl15, Mettl16, Mettl18, Mettl2, Mettl23, Mettl3, Mettl4, Mettl5, Mettl6, Mettl8, Mfap1a, Mfap1b, Mga, Mical2, Mid2, Mideas, Mier1, Mier2, Mier3, Mir103-1, Mir103-2, Mir143, Mir205hg, Mir466d, Mir466l, Mir7-1, Mir744, Mitf, Mixl1, Mkrn2, Mkx, Mlf1, Mlf2, Mlip, Mllt1, Mllt10, Mllt11, Mllt3, Mllt6, Mlx, Mlxip, Mlxipl, Mmp12, Mms19, Mn1, Mnat1, Mndal, Mnt, Mnx1, Mocs3, Morc1, Morc2a, Morc2b, Morc3, Morf4l1, Morf4l2, Mospd1, Mov10l1, Mphosph10, Mphosph6, Mphosph8, Mrgbp, Mrm1, Mrm2, Mrm3, Mrpl12, Mrpl44, Mrtfa, Mrtfb, Mrto4, Msantd1, Msc, Msgn1, Msl1, Msl2, Msl3, Mstn, Msx1, Msx2, Msx3, Mt3, Mta1, Mta2, Mta3, Mtdh, Mterf1a, Mterf1b, Mterf2, Mterf3, Mterf4, Mtf1, Mtfmt, Mto1, Mtor, Mtpap, Mtpn, Mtres1, Mtrex, Mturn, Muc1, Mup1, Mup11, Mup2, Mup3, Mup4, Mup5, Musk, Mxd1, Mxd3, Mxd4, Mxi1, Myb, Mybbp1a, Mybl1, Mybl2, Myc, Mycbp, Mycl, Mycn, Mycs, Myd88, Mydgf, Myef2, Myf5, Myf6, Myg1, Mynn, Myo1c, Myocd, Myod1, Myog, Myoz1, Myoz2, Mypop, Myrf, Myrfl, Mysm1, Myt1, Myt1l, Mzf1, N4bp2l2, N6amt1, Naa15, Nab1, Nab2, Nacc1, Nacc2, Naf1, Nampt, Nanog, Nat10, Ncapg2, Ncbp1, Ncbp2, Ncbp3, Nck1, Nck2, Ncl, Ncoa1, Ncoa2, Ncoa3, Ncoa6, Ncoa7, Ncor1, Ncor2, Ndn, Ndp, Ndufa13, Nedd4, Nedd8, Nek2, Nek4, Nek7, Nelfa, Nelfb, Nelfcd, Nelfe, Neo1, Nepn, Neurod1, Neurod2, Neurod4, Neurod6, Neurog1, Neurog2, Neurog3, Nfat5, Nfatc1, Nfatc2, Nfatc2ip, Nfatc3, Nfatc4, Nfe2, Nfe2l1, Nfe2l2, Nfe2l3, Nfia, Nfib, Nfic, Nfil3, Nfilz, Nfix, Nfkb1, Nfkb2, Nfkbia, Nfkbid, Nfkbie, Nfkbil1, Nfkbiz, Nfrkb, Nfx1, Nfxl1, Nfya, Nfyb, Nfyc, Ngdn, Ngf, Ngfr, Nhlh1, Nhlh2, Nhp2, Niban2, Nif3l1, Nipbl, Nkap, Nkrf, Nktr, Nkx1-1, Nkx1-2, Nkx2-1, Nkx2-2, Nkx2-3, Nkx2-4, Nkx2-5, Nkx2-6, Nkx2-9, Nkx3-1, Nkx3-2, Nkx6-1, Nkx6-2, Nkx6-3, Nlk, Nlrc3, Nlrc4, Nlrc5, Nlrp12, Nlrp3, Nmd3, Nme2, Nmnat1, Nob1, Nobox, Noc2l, Nod1, Nod2, Nodal, Nog, Nol10, Nol11, Nol3, Nol6, Nol7, Nol8, Nol9, Nolc1, Nono, Nop10, Nop14, Nop2, Nop53, Nop9, Nos1, Nostrin, Notch1, Notch2, Notch3, Notch4, Noto, Nova1, Nova2, Nox4, Npas1, Npas2, Npas3, Npas4, Npat, Npm1, Npm3, Npnt, Nppc, Nr0b1, Nr0b2, Nr1d1, Nr1d2, Nr1h2, Nr1h3, Nr1h4, Nr1h5, Nr1i2, Nr1i3, Nr2c1, Nr2c2, Nr2e1, Nr2e3, Nr2f1, Nr2f2, Nr2f6, Nr3c1, Nr3c2, Nr4a1, Nr4a2, Nr4a3, Nr5a1, Nr5a2, Nr6a1, Nrarp, Nrbf2, Nrde2, Nrf1, Nrg1, Nrip1, Nrip2, Nrl, Nsa2, Nscme3l, Nsd1, Nsd2, Nsd3, Nsmce3, Nsrp1, Nsun2, Nsun3, Nsun4, Nsun5, Nsun6, Ntf3, Ntn3, Ntrk1, Nts, Nucks1, Nudt16, Nudt21, Nufip1, Nup155, Nup62, Nup85, Nup98, Nupr1, Nupr2, Nvl, Nwd1, Obi1, Obox1, Obox2, Obox3, Obox4, Obox5, Obox6, Obox7, Obox8, Ogg1, Ogt, Olig1, Olig2, Olig3, Onecut1, Onecut2, Onecut3, Oog1, Oog2, Oog3, Osgep, Osgepl1, Osm, Osr1, Osr2, Otp, Otud7b, Otulin, Otx1, Otx2, Ovol1, Ovol2, Ovol3, P2rx2, P2ry1, Pa2g4, Pabpc1, Pabpc1l, Pabpc2, Pabpn1, Padi2, Paf1, Pagr1a, Pak1ip1, Pak3, Pam, Pam16, Pan2, Pan3, Papola, Papolb, Papolg, Park7, Parn, Parp1, Parp10, Parp9, Pasd1, Pask, Patz1, Pawr, Pax1, Pax2, Pax3, Pax4, Pax5, Pax6, Pax7, Pax8, Pax9, Paxbp1, Paxip1, Pbrm1, Pbx1, Pbx2, Pbx3, Pbx4, Pbxip1, Pcbd1, Pcbd2, Pcbp1, Pcbp2, Pcbp3, Pcbp4, Pcf11, Pcgf1, Pcgf2, Pcgf3, Pcgf5, Pcgf6, Pcid2, Pcif1, Pck1, Pclaf, Pcna, Pdcd11, Pdcd4, Pdcd7, Pde12, Pde2a, Pdgfb, Pdgfrb, Pdlim1, Pdx1, Pdxp, Peg3, Peli1, Pelp1, Per1, Per2, Per3, Perm1, Pes1, Pex14, Pf4, Pfdn5, Pfkm, Pfn1, Pgam5, Pgr, Phb1, Phb2, Phc1, Phc2, Phc3, Phf10, Phf12, Phf14, Phf19, Phf2, Phf20, Phf20l1, Phf21a, Phf3, Phf5a, Phf6, Phf8, Phip, Phlpp1, Phlpp2, Phox2a, Phox2b, Phrf1, Pias1, Pias2, Pias3, Pias4, Picalm, Pid1, Pif1, Pih1d1, Pih1d2, Pik3r1, Pik3r2, Pim1, Pim2, Pin1, Pin1rt1, Pin4, Pink1, Pinx1, Pithd1, Pitx1, Pitx2, Pitx3, Piwil1, Piwil2, Piwil4, Pkd1, Pkd2, Pkhd1, Pkia, Pkib, Pkig, Pkm, Pkn1, Pknox1, Pknox2, Pkp1, Pla2g10, Plac8, Plag1, Plagl1, Plagl2, Platr25, Plcb1, Plcg2, Pld6, Plk1, Plk3, Plpp3, Plrg1, Plscr1, Pmf1, Pml, Pnkp, Pnldc1, Pnn, Pnpt1, Pogk, Pogz, Pola1, Pola2, Polb, Pold1, Pold2, Pold3, Pold4, Poldip2, Pole, Pole2, Pole3, Polg, Polg2, Polh, Poli, Polk, Poll, Polm, Poln, Polq, Polr1a, Polr1b, Polr1c, Polr1d, Polr1e, Polr1f, Polr1g, Polr1h, Polr2a, Polr2b, Polr2c, Polr2d, Polr2e, Polr2f, Polr2g, Polr2h, Polr2i, Polr2j, Polr2k, Polr2l, Polr2m, Polr3a, Polr3b, Polr3c, Polr3d, Polr3e, Polr3f, Polr3g, Polr3gl, Polr3h, Polr3k, Polrmt, Pomc, Pop1, Pop4, Pop5, Pop7, Pot1a, Pot1b, Pou1f1, Pou2af1, Pou2af2, Pou2af3, Pou2f1, Pou2f2, Pou2f3, Pou3f1, Pou3f2, Pou3f3, Pou3f4, Pou4f1, Pou4f2, Pou4f3, Pou5f1, Pou5f2, Pou6f1, Pou6f2, Ppan, Ppara, Ppard, Pparg, Ppargc1a, Ppargc1b, Ppef1, Ppef2, Pphln1, Ppia, Ppib, Ppic, Ppid, Ppie, Ppif, Ppig, Ppih, Ppil1, Ppil2, Ppil3, Ppil4, Ppm1a, Ppm1b, Ppm1d, Ppm1e, Ppm1f, Ppm1g, Ppm1h, Ppm1j, Ppm1k, Ppm1l, Ppm1m, Ppm1n, Ppp1ca, Ppp1cb, Ppp1cc, Ppp1r12a, Ppp1r13l, Ppp1r15a, Ppp1r1b, Ppp1r8, Ppp2ca, Ppp2cb, Ppp2r5b, Ppp2r5d, Ppp3ca, Ppp3cb, Ppp3cc, Ppp3r1, Ppp4c, Ppp4r2, Ppp5c, Ppp6c, Pprc1, Pptc7, Ppwd1, Pqbp1, Pramel1, Pramel7, Prdm1, Prdm10, Prdm11, Prdm12, Prdm13, Prdm14, Prdm15, Prdm16, Prdm2, Prdm4, Prdm5, Prdm6, Prdm8, Prdm9, Prdx2, Prdx3, Prdx5, Prdx6, Prdx6b, Preb, Prickle1, Prim1, Prim2, Primpol, Prkaa1, Prkaca, Prkcb, Prkch, Prkci, Prkcq, Prkcz, Prkd1, Prkd2, Prkdc, Prkn, Prkra, Prkrip1, Prl, Prl2c2, Prmt1, Prmt2, Prmt3, Prmt5, Prmt6, Prmt7, Prmt8, Prmt9, Prnp, Prop1, Prorp, Prox1, Prox2, Prpf18, Prpf19, Prpf3, Prpf31, Prpf38a, Prpf38b, Prpf39, Prpf4, Prpf40a, Prpf40b, Prpf4b, Prpf6, Prpf8, Prr7, Prrx1, Prrx2, Prx, Psen1, Psen2, Psip1, Psma6, Psmc3ip, Psmc5, Psmc6, Psmd10, Psmd9, Pspc1, Psrc1, Ptafr, Ptbp1, Ptbp2, Ptbp3, Ptcd1, Ptcd2, Ptch1, Pten, Ptf1a, Ptges2, Ptges3, Ptges3-ps, Ptgis, Ptgs2os, Pth, Pthlh, Ptk2b, Ptma, Ptms, Ptov1, Ptp4a3, Ptpa, Ptpmt1, Ptpn2, Ptprc, Ptprk, Ptprn, Puf60, Pum1, Pum2, Pura, Purb, Purg, Pus1, Pus10, Pus3, Pus7, Pus7l, Pusl1, Pwp1, Pwp2, Pwwp2a, Pwwp2b, Pycard, Pygo1, Qars1, Qki, Qng1, Qrich1, Qtrt1, Qtrt2, Rab7b, Rad21, Rad50, Rad54l2, Raf1, Rai1, Ralgapa1, Raly, Ramac, Rap2c, Rapgef3, Rara, Rarb, Rarg, Rasd1, Rasl11a, Rax, Rb1, Rbak, Rbbp4, Rbbp5, Rbbp6, Rbbp7, Rbbp8, Rbck1, Rbfa, Rbfox1, Rbfox2, Rbfox3, Rbl1, Rbl2, Rbm10, Rbm11, Rbm12, Rbm12b1, Rbm12b2, Rbm14, Rbm15, Rbm15b, Rbm17, Rbm20, Rbm22, Rbm24, Rbm25, Rbm28, Rbm3, Rbm34, Rbm38, Rbm39, Rbm4, Rbm41, Rbm42, Rbm44, Rbm47, Rbm48, Rbm4b, Rbm5, Rbm6, Rbm7, Rbm8a, Rbm8a2, Rbmx, Rbmx2, Rbmxl1, Rbmxl2, Rbmy, Rbmyf1, Rbmyf3, Rbmyf6, Rbmyf9, Rbpj, Rbpjl, Rbpms, Rbpms2, Rcl1, Rcor1, Rcor2, Rcor3, Recql5, Rel, Rela, Relb, Reln, Reno1, Repin1, Rere, Rest, Ret, Rev1, Rev3l, Rex2, Rexo1, Rexo4, Rexo5, Rfc1, Rfc2, Rfc3, Rfc4, Rfc5, Rfx1, Rfx2, Rfx3, Rfx4, Rfx5, Rfx6, Rfx7, Rfx8, Rfxank, Rfxap, Rgcc, Rgma, Rgmb, Rgn, Rhebl1, Rhoa, Rhog, Rhoq, Rhox1, Rhox10, Rhox11, Rhox12, Rhox13, Rhox2a, Rhox2b, Rhox2c, Rhox2d, Rhox2f, Rhox2g, Rhox2h, Rhox3a, Rhox3c, Rhox3f, Rhox3g, Rhox3h, Rhox4a, Rhox4b, Rhox4c, Rhox4d, Rhox4e, Rhox4f, Rhox4g, Rhox5, Rhox6, Rhox7a, Rhox7b, Rhox8, Rhox9, Rif1, Rigi, Ring1, Riok1, Riok2, Riok3, Riox1, Riox2, Ripk1, Ripk2, Ripk3, Ripk4, Ripply1, Ripply2, Ripply3, Rit2, Rlf, Rlim, Rnasel, Rnf10, Rnf113a1, Rnf113a2, Rnf14, Rnf141, Rnf168, Rnf187, Rnf2, Rnf20, Rnf220, Rnf25, Rnf31, Rnf4, Rnf40, Rnf6, Rnf8, Rngtt, Rnmt, Rnpc3, Rnps1, Rnu11, Rnu12, Rnu2-10, Rnu7, Ror1, Ror2, Rora, Rorb, Rorc, Rp9, Rpa1, Rpap1, Rpap2, Rpf1, Rpf2, Rpl10, Rpl10-ps3, Rpl11, Rpl14, Rpl23, Rpl26, Rpl27, Rpl35, Rpl35a, Rpl5, Rpl7, Rpl7a, Rpl7l1, Rpp14, Rpp21, Rpp25, Rpp25l, Rpp30, Rpp38, Rpp40, Rprd1a, Rprd1b, Rprd2, Rps13, Rps14, Rps15, Rps16, Rps17, Rps19, Rps21, Rps24, Rps25, Rps26, Rps27, Rps27rt, Rps28, Rps3, Rps6, Rps6-ps4, Rps6ka1, Rps6ka3, Rps6ka4, Rps6ka5, Rps7, Rps8, Rptor, Rpusd1, Rpusd2, Rpusd3, Rpusd4, Rreb1, Rrm1, Rrm2b, Rrn3, Rrp1, Rrp15, Rrp1b, Rrp36, Rrp7a, Rrp8, Rrp9, Rrs1, Rsf1, Rsl1, Rslcan18, Rsrc1, Rsrp1, Rtca, Rtcb, Rtf1, Rtkn2, Rtraf, Runx1, Runx1t1, Runx2, Runx3, Ruvbl1, Ruvbl2, Rwdd1, Rwdd3, Rxra, Rxrb, Rxrg, Rybp, Rybp-ps, S100a1, S100a10, S1pr1, Safb, Safb2, Sall1, Sall2, Sall3, Sall4, Samd1, Samd11, Samd7, Sap130, Sap18, Sap18b, Sap25, Sap30, Sap30bp, Sap30l, Sarnp, Sars1, Sart1, Sart3, Satb1, Satb2, Sbds, Sbno1, Sbno2, Scaf1, Scaf11, Scaf4, Scaf8, Scai, Scand1, Scgb1a1, Scmh1, Scml2, Scml4, Scnm1, Scrt1, Scrt2, Scx, Sdcbp, Sde2, Sdr16c5, Sema4d, Senp1, Senp2, Sepsecs, Serpinf2, Sertad1, Sertad2, Sertad3, Setbp1, Setd1a, Setd2, Setd3, Setd4, Setd5, Setd6, Setd7, Setdb1, Setdb2, Setmar, Setx, Sf1, Sf3a1, Sf3a2, Sf3a3, Sf3b1, Sf3b2, Sf3b3, Sf3b4, Sf3b5, Sf3b6, Sfmbt1, Sfmbt2, Sfn, Sfpq, Sfr1, Sfrp1, Sfrp2, Sfrp4, Sfrp5, Sfswap, Sgf29, Sgsm1, Sh2b1, Shc1, Shh, Shox2, Sik1, Sik2, Sim1, Sim2, Sin3a, Sin3b, Sinhcaf, Sirt1, Sirt2, Sirt3, Sirt6, Sirt7, Siva1, Six1, Six2, Six3, Six4, Six5, Six6, Skap1, Ski, Skic8, Skil, Skor1, Skor2, Sla2, Slbp, Slc11a1, Slc25a33, Slc30a9, Slc38a2, Slc38a3, Slc39a5, Slc39a8, Slc40a1, Slc9a1, Slco3a1, Slfn1, Slirp, Sltm, Slu7, Slx9, Smad1, Smad2, Smad3, Smad4, Smad5, Smad6, Smad7, Smad9, Smarca1, Smarca2, Smarca4, Smarca5, Smarcad1, Smarcal1, Smarcb1, Smarcc1, Smarcc2, Smarcd1, Smarcd2, Smarcd3, Smarce1, Smn1, Smndc1, Smo, Smoc2, Smpd3, Smtnl1, Smu1, Smyd1, Smyd2, Smyd3, Snai1, Snai2, Snai3, Snapc1, Snapc2, Snapc3, Snapc4, Snapc5, Snf8, Snip1, Snrnp200, Snrnp25, Snrnp27, Snrnp35, Snrnp40, Snrnp48, Snrnp70, Snrpa, Snrpa1, Snrpb, Snrpb2, Snrpc, Snrpd1, Snrpd2, Snrpd3, Snrpe, Snrpert, Snrpf, Snrpg, Snrpn, Snu13, Snw1, Snx5, Snx6, Sod2, Sohlh1, Sohlh2, Son, Sorbs3, Sos1, Sost, Sox1, Sox10, Sox11, Sox12, Sox13, Sox14, Sox15, Sox17, Sox18, Sox2, Sox21, Sox3, Sox30, Sox4, Sox5, Sox6, Sox7, Sox8, Sox9, Sp1, Sp100, Sp110, Sp140, Sp140l1, Sp140l2, Sp2, Sp3, Sp4, Sp5, Sp6, Sp7, Sp8, Sp9, Spag8, Spata22, Spdef, Spen, Sphk1, Sphk2, Spi1, Spib, Spic, Spin1, Spin2c, Spin2d, Spin2e, Spin2g, Spin2h, Spin4, Spindoc, Spocd1, Spop, Spout1, Spp1, Sprtn, Spty2d1, Spx, Spz1, Sqstm1, Sra1, Src, Srebf1, Srebf2, Srek1, Srek1ip1, Srf, Srfbp1, Srpk1, Srpk2, Srpk3, Srrm1, Srrm2, Srrm4, Srrt, Srsf1, Srsf10, Srsf12, Srsf19, Srsf2, Srsf3, Srsf4, Srsf5, Srsf6, Srsf7, Srsf9, Sry, Ss18, Ss18l1, Ssb, Ssbp2, Ssbp3, Ssbp4, Ssh1, Ssh2, Ssh3, Ssty1, Ssty2, Ssu72, Ssxa1, St18, Stat1, Stat2, Stat3, Stat4, Stat5a, Stat5b, Stat6, Sting1, Stk16, Stk36, Stn1, Stox1, Stox2, Stra8, Strap, Strm, Strn3, Sub1, Suds3, Sufu, Sugp1, Sugp2, Sumo1, Sumo2, Supt16, Supt20, Supt3, Supt4a, Supt4b, Supt5, Supt6, Supt7l, Supv3l1, Suv39h1, Suv39h2, Suz12, Sycp1, Sycp3, Syf2, Syk, Sympk, Syncrip, T, Tacc1, Tada1, Tada2a, Tada2b, Tada3, Taf1, Taf10, Taf11, Taf12, Taf13, Taf15, Taf1a, Taf1b, Taf1c, Taf1d, Taf2, Taf3, Taf4, Taf4b, Taf5, Taf5l, Taf6, Taf6l, Taf7, Taf7l, Taf8, Taf9, Taf9b, Tagln3, Tal1, Tal2, Tarbp1, Tarbp2, Tardbp, Tasor, Tasp1, Tax1bp1, Tbk1, Tbl1x, Tbl1xr1, Tbl3, Tbp, Tbpl1, Tbpl2, Tbr1, Tbrg4, Tbx1, Tbx10, Tbx15, Tbx18, Tbx19, Tbx2, Tbx20, Tbx21, Tbx22, Tbx3, Tbx4, Tbx5, Tbx6, Tcea1, Tcea2, Tcea3, Tceal7, Tceanc, Tceanc2, Tcerg1, Tcf12, Tcf15, Tcf20, Tcf21, Tcf23, Tcf24, Tcf25, Tcf3, Tcf4, Tcf7, Tcf7l1, Tcf7l2, Tcfl5, Tcof1, Tcp1, Tcp10a, Tcp10b, Tcp10c, Tdg, Tdrd1, Tdrd12, Tdrd3, Tdrd6, Tdrd7, Tdrd9, Tdrkh, Tead1, Tead2, Tead3, Tead4, Tef, Tefm, Ten1, Tenm1, Tenm2, Tent2, Tent4a, Tent4b, Terc, Terf1, Terf2, Terf2ip, Tert, Tesc, Tescl, Tesmin, Tet1, Tet2, Tet3, Tex12, Tex24, Tfam, Tfap2a, Tfap2b, Tfap2c, Tfap2d, Tfap2e, Tfap4, Tfb1m, Tfb2m, Tfcp2, Tfcp2l1, Tfdp1, Tfdp2, Tfe3, Tfeb, Tfec, Tfip11, Tfpt, Tfr2, Tfrc, Tgfb1, Tgfb1i1, Tgfb2, Tgfb3, Tgfbr1, Tgfbr3, Tgfbrap1, Tgif1, Tgif2, Tgs1, Thada, Thap1, Thap11, Thap3, Thap7, Thg1l, Thoc1, Thoc2, Thoc3, Thoc5, Thoc6, Thoc7, Thra, Thrap3, Thrb, Thumpd1, Thumpd2, Thumpd3, Tia1, Ticam1, Timeless, Tinf2, Tirap, Tk1, Tk2, Tle1, Tle2, Tle3, Tle4, Tle5, Tle6, Tlr2, Tlr3, Tlr4, Tlr7, Tlr9, Tlx1, Tlx2, Tlx3, Tmbim6, Tmem41b, Tmf1, Tmigd3, Tmpo, Tmprss6, Tmsb4x, Tmt1a, Tmt1a2, Tmt1a3, Tmtc1, Tnf, Tnfaip3, Tnfrsf11a, Tnfrsf1a, Tnfrsf4, Tnfsf11, Tnfsf18, Tnfsf4, Tnfsf8, Tnip1, Tnip2, Tnip3, Tnks, Tnni2, Tnp1, Tob1, Toe1, Top1, Top2a, Top2b, Topaz1, Topors, Tox, Tox2, Tox3, Tox4, Tpr, Tprkb, Tra2a, Tra2b, Traf1, Traf2, Traf3, Traf3ip1, Traf5, Traf6, Traf7, Traip, Trak2, Trappc9, Trdmt1, Trerf1, Trex1, Trf, Triap1, Trib1, Trib2, Trib3, Trim11, Trim12a, Trim12c, Trim13, Trim14, Trim15, Trim21, Trim24, Trim25, Trim26, Trim27, Trim28, Trim29, Trim30a, Trim30b, Trim30c, Trim30d, Trim31, Trim32, Trim37, Trim38, Trim40, Trim44, Trim5, Trim52, Trim6, Trim62, Trim66, Trim71, Trim8, Trip4, Trit1, Trmo, Trmt1, Trmt10a, Trmt10b, Trmt10c, Trmt11, Trmt112, Trmt12, Trmt13, Trmt1l, Trmt2a, Trmt2b, Trmt44, Trmt5, Trmt6, Trmt61a, Trmt9b, Trmu, Trnt1, Tro, Trp53, Trp53bp1, Trp53inp1, Trp53inp2, Trp53rkb, Trp63, Trp73, Trps1, Trpt1, Trpv1, Trpv4, Trrap, Trub1, Trub2, Tsc2, Tsc22d1, Tsc22d2, Tsc22d3, Tsc22d4, Tsen15, Tsen2, Tsen34, Tsen54, Tsg101, Tshz1, Tshz2, Tshz3, Tsix, Tsn, Tsnax, Tsr1, Tsr2, Tsr3, Tssc4, Tssk4, Ttc21b, Ttc39aos1, Ttc5, Ttf1, Ttf2, Tunar, Tut1, Tut4, Tut7, Twist1, Twist2, Twnk, Txk, Txn1, Txnip, Txnl4a, Txnl4b, Tyw1, Tyw3, Tyw5, U2af1, U2af1l4, U2af2, U2surp, Uba3, Ube2e1, Ube2i, Ube2l3, Ube2n, Ube3a, Ubl5, Ubl5b, Ublcp1, Ubp1, Ubtf, Ubtfl1, Uchl5, Ucn, Ucp1, Ufl1, Uhrf1, Uimc1, Umod, Uncx, Upf1, Upf3a, Upf3b, Urb1, Uri1, Urm1, Usb1, Usf1, Usf2, Usf3, Usp13, Usp15, Usp16, Usp2, Usp21, Usp22, Usp3, Usp36, Usp39, Usp4, Usp47, Usp49, Usp7, Uspl1, Utf1, Utp11, Utp14a, Utp14b, Utp15, Utp18, Utp20, Utp23, Utp25, Utp3, Utp4, Utp6, Uxt, Vapb, Vax1, Vax2, Vcp, Vdr, Vegfa, Vezf1, Vgll1, Vgll2, Vgll3, Vgll4, Vhl, Virma, Vps72, Vrtn, Vsx1, Vsx2, Wac, Was, Wasl, Wbp11, Wbp2, Wbp2nl, Wbp4, Wdhd1, Wdr12, Wdr18, Wdr3, Wdr33, Wdr36, Wdr4, Wdr43, Wdr46, Wdr5, Wdr55, Wdr6, Wdr74, Wdr75, Wdr77, Wdr82, Wdr83, Wdtc1, Wfs1, Wiz, Wnk1, Wnt1, Wnt10b, Wnt11, Wnt2, Wnt3a, Wnt4, Wnt5a, Wnt6, Wnt7a, Wrap53, Wrn, Wrnip1, Wt1, Wtap, Wtip, Wwc1, Wwc2, Wwox, Wwp1, Wwp2, Wwtr1, Xab2, Xbp1, Xcl1, Xpa, Xpc, Xpo1, Xrcc5, Xrcc6, Xrn1, Xrn2, Yaf2, Yap1, Ybey, Ybx1, Ybx3, Yeats2, Yeats4, Yes1, Yju2, Yju2b, Ylpm1, Yrdc, Ythdc1, Ythdf2, Ywhab, Ywhah, Ywhaq, Ywhaq-ps3, Ywhaz, Yy1, Yy2, Zbed3, Zbed4, Zbed6, Zbtb1, Zbtb10, Zbtb11, Zbtb12, Zbtb14, Zbtb16, Zbtb17, Zbtb18, Zbtb2, Zbtb20, Zbtb21, Zbtb22, Zbtb24, Zbtb25, Zbtb26, Zbtb3, Zbtb32, Zbtb33, Zbtb34, Zbtb37, Zbtb38, Zbtb39, Zbtb4, Zbtb40, Zbtb41, Zbtb42, Zbtb43, Zbtb45, Zbtb46, Zbtb47, Zbtb48, Zbtb49, Zbtb5, Zbtb6, Zbtb7a, Zbtb7b, Zbtb7c, Zbtb8a, Zbtb8b, Zbtb8os, Zbtb9, Zc3h10, Zc3h12a, Zc3h13, Zc3h3, Zc3h4, Zc3h6, Zc3h7a, Zc3h7b, Zc3h8, Zc4h2, Zcchc12, Zcchc4, Zcchc8, Zcrb1, Zeb1, Zeb2, Zfa-ps, Zfat, Zfhx2, Zfhx3, Zfhx4, Zfp1, Zfp1004, Zfp1005, Zfp1006, Zfp1007, Zfp101, Zfp1010, Zfp105, Zfp11, Zfp110, Zfp111, Zfp112, Zfp113, Zfp119a, Zfp119b, Zfp12, Zfp120, Zfp125, Zfp128, Zfp13, Zfp131, Zfp14, Zfp141, Zfp142, Zfp143, Zfp146, Zfp148, Zfp157, Zfp160, Zfp169, Zfp174, Zfp175, Zfp180, Zfp182, Zfp184, Zfp189, Zfp2, Zfp202, Zfp212, Zfp213, Zfp217, Zfp219, Zfp229, Zfp236, Zfp239, Zfp24, Zfp248, Zfp251, Zfp26, Zfp260, Zfp263, Zfp266, Zfp267, Zfp268, Zfp27, Zfp273, Zfp275, Zfp276, Zfp28, Zfp280b, Zfp280c, Zfp280d, Zfp281, Zfp286, Zfp287, Zfp292, Zfp296, Zfp3, Zfp30, Zfp316, Zfp317, Zfp318, Zfp319, Zfp322a, Zfp324, Zfp326, Zfp329, Zfp334, Zfp335, Zfp341, Zfp345, Zfp35, Zfp352, Zfp354a, Zfp354b, Zfp354c, Zfp358, Zfp36, Zfp362, Zfp366, Zfp367, Zfp369, Zfp36l1, Zfp37, Zfp382, Zfp383, Zfp384, Zfp386, Zfp39, Zfp395, Zfp397, Zfp398, Zfp40, Zfp407, Zfp408, Zfp41, Zfp410, Zfp418, Zfp42, Zfp420, Zfp422, Zfp423, Zfp426, Zfp429, Zfp433, Zfp438, Zfp442, Zfp444, Zfp445, Zfp446, Zfp449, Zfp451, Zfp454, Zfp455, Zfp456, Zfp457, Zfp458, Zfp459, Zfp46, Zfp462, Zfp467, Zfp469, Zfp472, Zfp473, Zfp488, Zfp493, Zfp503, Zfp507, Zfp51, Zfp512b, Zfp513, Zfp516, Zfp518a, Zfp518b, Zfp52, Zfp521, Zfp523, Zfp524, Zfp53, Zfp534, Zfp536, Zfp54, Zfp541, Zfp551, Zfp553, Zfp558, Zfp560, Zfp563, Zfp566, Zfp568, Zfp57, Zfp574, Zfp575, Zfp579, Zfp58, Zfp580, Zfp582, Zfp583, Zfp59, Zfp593, Zfp595, Zfp597, Zfp599, Zfp60, Zfp600, Zfp605, Zfp606, Zfp607a, Zfp607b, Zfp608, Zfp609, Zfp612, Zfp616, Zfp617, Zfp619, Zfp62, Zfp623, Zfp626, Zfp628, Zfp629, Zfp637, Zfp638, Zfp639, Zfp64, Zfp641, Zfp644, Zfp646, Zfp647, Zfp648, Zfp65, Zfp652, Zfp653, Zfp654, Zfp655, Zfp658, Zfp661, Zfp663, Zfp664, Zfp667, Zfp668, Zfp672, Zfp677, Zfp68, Zfp683, Zfp689, Zfp69, Zfp691, Zfp692, Zfp696, Zfp697, Zfp7, Zfp703, Zfp704, Zfp706, Zfp707, Zfp708, Zfp709, Zfp710, Zfp711, Zfp712, Zfp715, Zfp719, Zfp72, Zfp729a, Zfp729b, Zfp735, Zfp738, Zfp74, Zfp740, Zfp746, Zfp747, Zfp747l1, Zfp748, Zfp750, Zfp758, Zfp759, Zfp760, Zfp763, Zfp764, Zfp764l1, Zfp768, Zfp770, Zfp771, Zfp772, Zfp773, Zfp775, Zfp777, Zfp78, Zfp780b, Zfp784, Zfp786, Zfp787, Zfp788, Zfp790, Zfp791, Zfp799, Zfp808, Zfp809, Zfp81, Zfp810, Zfp811, Zfp819, Zfp82, Zfp820, Zfp821, Zfp825, Zfp827, Zfp830, Zfp84, Zfp846, Zfp85, Zfp850, Zfp853, Zfp865, Zfp866, Zfp867, Zfp868, Zfp869, Zfp87, Zfp870, Zfp871, Zfp872, Zfp873, Zfp874a, Zfp874b, Zfp879, Zfp882, Zfp9, Zfp90, Zfp91, Zfp92, Zfp93, Zfp930, Zfp931, Zfp932, Zfp933, Zfp934, Zfp935, Zfp937, Zfp938, Zfp940, Zfp941, Zfp942, Zfp943, Zfp944, Zfp945, Zfp946, Zfp947, Zfp948, Zfp949, Zfp950, Zfp951, Zfp952, Zfp954, Zfp955a, Zfp955b, Zfp956, Zfp958, Zfp959, Zfp960, Zfp961, Zfp963, Zfp964, Zfp966, Zfp97, Zfp970, Zfp971, Zfp973, Zfp974, Zfp975, Zfp976, Zfp977, Zfp979, Zfp980, Zfp981, Zfp982, Zfp983, Zfp984, Zfp985, Zfp987, Zfp988, Zfp989, Zfp990, Zfp991, Zfp992, Zfp994, Zfp995, Zfp998, Zfpm1, Zfpm2, Zfta, Zfx, Zfy1, Zfy2, Zglp1, Zgpat, Zgrf1, Zhx1, Zhx2, Zhx3, Zic1, Zic2, Zic3, Zic4, Zic5, Zik1, Zim1, Zkscan1, Zkscan14, Zkscan16, Zkscan17, Zkscan2, Zkscan3, Zkscan4, Zkscan5, Zkscan6, Zkscan7, Zkscan8, Zmat2, Zmat5, Zmiz1, Zmiz2, Zmpste24, Zmym2, Zmym5, Zmynd11, Zmynd15, Zmynd8, Znhit1, Znhit3, Znhit6, Zp3, Zpr1, Zranb2, Zrsr2, Zrsr2-ps1, Zscan10, Zscan12, Zscan2, Zscan20, Zscan21, Zscan22, Zscan25, Zscan26, Zscan29, Zscan4-ps1, Zscan4-ps2, Zscan4-ps3, Zscan4b, Zscan4c, Zscan4d, Zscan4e, Zscan4f, Zscan5b, Zxdb, Zxdc, Zzz3
GO:0032774	RNA biosynthetic process	4258	111	62.03	2.9e-10	3.4451999999999996e-7	2010315B03Rik, 2610008E11Rik, 2610021A01Rik, 2810021J22Rik, 4930402K13Rik, 4930447C04Rik, 4930480E11Rik, 4930522L14Rik, 5730507C01Rik, A1cf, A430033K04Rik, A630001G21Rik, Aamdc, Aar2, Aars1, Aatf, Abcc9, Abcg4, Abhd14b, Ablim1, Ablim2, Ablim3, Abra, Abt1, Acin1, Acod1, Acss2, Actb, Actl6a, Actl6b, Actn1, Actn2, Actn4, Actr2, Actr3, Actr5, Actr6, Actr8, Actrt1, Acvr1, Acvr1b, Acvr2a, Acvr2b, Acvrl1, Adad1, Adad2, Adam3, Adar, Adarb1, Adarb2, Adat1, Adat2, Adat3, Adcy1, Adcy8, Adcyap1, Adgrf1, Adgrg3, Adipoq, Adnp, Adora2a, Adora3, Adrb2, Adrm1, Adrm1b, Aebp1, Aebp2, Aen, Afap1l2, Aff1, Aff2, Aff3, Agap2, Ager, Ago1, Ago2, Ago3, Ago4, Agrn, Agt, Agtr2, Ahcyl1, Ahdc1, Ahi1, Ahnak, Ahnak2, Ahr, Ahrr, AI854703, AI987944, Aicda, Aim2, Aire, Ajuba, Ak6, Akap17b, Akap8l, Akirin1, Akirin2, Akna, Akr1c6, Akt1, Akt2, Alkbh1, Alkbh5, Alkbh8, Alx1, Alx3, Alx4, Alyref, Alyref2, Ambra1, Amot, Amotl2, Ang, Ang2, Ang3, Ang4, Ang5, Ang6, Angel2, Ankrd1, Ankrd16, Ankrd2, Ankrd23, Ankrd42, Ankrd49, Anxa2, Anxa3, Anxa4, Ap3b1, Ap3d1, Apbb1, Apbb2, Apbb3, Apex1, Apln, Apobec1, Apobec2, Apobec3, Apobec4, Apoe, App, Aqr, Ar, Arap1, Arb2a, Arf4, Arglu1, Arhgef11, Arhgef2, Arhgef5, Arid1a, Arid1b, Arid2, Arid3a, Arid3b, Arid3c, Arid4a, Arid4b, Arid5a, Arid5b, Arl2bp, Arl6ip4, Armc7, Armcx3, Arnt, Arnt2, Arrb1, Arrb2, Arvcf, Arx, Ascc1, Ascc2, Ascl1, Ascl2, Ascl3, Ascl4, Ascl5, Ash1l, Ash2l, Asph, Asxl1, Asxl2, Asxl3, Atad2, Atad2b, Atf1, Atf1-ps, Atf2, Atf3, Atf4, Atf5, Atf6, Atf6b, Atf7, Atf7ip, Atf7ip2, Atg16l1, Atg16l2, Atg5, Atg7, Atm, Atmin, Atn1, Atoh1, Atoh7, Atoh8, Atp1b4, Atp2b4, Atp8b1, Atrx, Atxn1, Atxn1l, Atxn7, Atxn7l3, AU041133, Aurkb, Auts2, AW146154, Axin1, Aym1, B020011L13Rik, B3gntl1, Bach1, Bach2, Bahd1, Bambi, Banp, Bap1, Barhl1, Barhl2, Barx1, Barx2, Basp1, Batf, Batf2, Batf3, Baz1a, Baz1b, Baz2a, Bbs7, Bbx, BC005624, BC024063, Bcas2, Bcas3, Bcdin3d, Bcl10, Bcl11a, Bcl11b, Bcl2l12, Bcl3, Bcl6, Bcl6b, Bcl7a, Bcl7b, Bcl7c, Bcl9, Bcl9l, Bclaf1, Bclaf3, Bcor, Bcorl1, Bdnf, Bdp1, Bend3, Bend5, Bend6, Bex2, Bhlha15, Bhlha9, Bhlhe22, Bhlhe23, Bhlhe40, Bhlhe41, Bicra, Bicral, Bin1, Birc2, Birc5, Blm, Bloc1s2, Bmal1, Bmal2, Bmi1, Bmp10, Bmp15, Bmp2, Bmp3, Bmp4, Bmp5, Bmp6, Bmp7, Bmpr1a, Bmpr1b, Bmpr2, Bms1, Bmyc, Bnc1, Bnc2, Bop1, Bptf, Brca1, Brca2, Brd1, Brd2, Brd3, Brd4, Brd7, Brd8, Brd9, Brdt, Brf1, Brf2, Brip1, Brix1, Brms1, Brms1l, Brpf1, Brpf3, Brwd1, Brwd3, Bsx, Btaf1, Btbd18, Btg2, Btrc, Bud13, Bud23, Bud31, Bysl, C1d, C1qbp, C5ar1, Cactin, Calcoco1, Calr, Camk1, Camk1d, Camk2a, Camk4, Camta1, Camta2, Cand1, Capn3, Caprin2, Card11, Card14, Card9, Carf, Carm1, Casc3, Cask, Casp8ap2, Casz1, Cat, Cav1, Cavin1, Cavin2, Cavin4, Cbfa2t2, Cbfa2t3, Cbfb, Cbll1, Cbx1, Cbx2, Cbx3, Cbx4, Cbx5, Cbx6, Cbx7, Cbx8, Cby1, Cc2d1a, Cc2d1b, Ccar1, Ccar2, Ccdc124, Ccdc62, Ccdc85b, Ccl3, Ccn1, Ccna2, Ccnb1, Ccnc, Ccnd1, Ccnd3, Ccne1, Ccnh, Ccnk, Ccnl1, Ccnl2, Ccnq, Ccnt1, Ccnt2, Ccpg1, Cd200, Cd274, Cd28, Cd2bp2, Cd36, Cd38, Cd4, Cd40, Cd40lg, Cd74, Cd81, Cd84, Cdc14a, Cdc14b, Cdc40, Cdc5l, Cdc5lrt1, Cdc5lrt10, Cdc5lrt4, Cdc5lrt5, Cdc5lrt6, Cdc5lrt7, Cdc5lrt8, Cdc5lrt9, Cdc73, Cdca7, Cdca7l, Cdh1, Cdh13, Cdk1, Cdk11b, Cdk12, Cdk13, Cdk2, Cdk2ap1, Cdk2ap1rt, Cdk5, Cdk5r1, Cdk5rap1, Cdk5rap2, Cdk5rap3, Cdk6, Cdk7, Cdk8, Cdk9, Cdkal1, Cdkn1b, Cdkn1c, Cdkn2a, Cdkn3, Cdon, Cdx1, Cdx2, Cdx4, Cdyl, Cebpa, Cebpb, Cebpd, Cebpe, Cebpg, Cebpz, Cela1, Celf1, Celf2, Celf3, Celf4, Celf5, Celf6, Celsr2, Cenatac, Cenpf, Cenpk, Cep290, Ces1d, Cflar, Cggbp1, Chaserr, Chchd2, Chchd2-ps, Chd3, Chd4, Chd5, Chd6, Chd7, Chd8, Chek2, Cherp, Chp1, Chp2, Chuk, Churc1, Ciao1, Ciart, Cib1, Cic, Ciita, Cipc, Cir1, Cirbp, Cited1, Cited2, Cited4, Ckap2, Cks1b, Cks2, Clasrp, Clec7a, Clk1, Clk2, Clk3, Clk4, Clns1a, Clock, Clp1, Clu, Cmklr1, Cmtm2a, Cmtr1, Cmtr2, Cnbp, Cnot1, Cnot2, Cnot3, Cnot6, Cnot6l, Cnot7, Cnot9, Coil, Col1a1, Col4a2, Commd1, Commd6, Commd7, Cops2, Cops5, Coq7, Cpap, Cpeb1, Cpeb3, Cphx1, Cpped1, Cpsf1, Cpsf2, Cpsf3, Cpsf4, Cpsf6, Cpsf7, Crcp, Creb1, Creb3, Creb3l1, Creb3l2, Creb3l3, Creb3l4, Creb5, Crebbp, Crebl2, Crebrf, Crebzf, Creg1, Crem, Cript, Cripto, Crlf3, Crnkl1, Crnn, Crtc1, Crtc2, Crtc3, Crx, Crxos, Cry1, Cry2, Cryab, Crym, Csdc2, Csf2, Csf3, Csrnp1, Csrnp2, Csrnp3, Csrp3, Cstf1, Cstf2, Cstf2t, Cstf3, Ctbp1, Ctbp2, Ctcf, Ctcfl, Ctdnep1, Ctdp1, Ctdsp1, Ctdsp2, Ctdspl, Ctdspl2, Cth, Ctnnb1, Ctnnbip1, Ctnnbl1, Ctr9, Ctu1, Ctu2, Cul3, Cux1, Cux2, Cwc15, Cwc22, Cwc22rt1, Cwc22rt2, Cwc22rt3, Cwc22rt4, Cwc22rt5, Cwc22rt6, Cwc22rt7, Cwc25, Cwf19l1, Cwf19l2, Cx3cl1, Cxcr3, Cxxc1, Cxxc5, Cyld, Cyp1b1, Cys1, Cytl1, D1Pas1, Dab2, Dab2ip, Dach1, Dach2, Dact1, Dalrd3, Dap, Daxx, Dazap1, Dbp, Dbr1, Dbx1, Dbx2, Dcaf1, Dcaf13, Dcaf6, Dcn, Dcp1a, Dcps, Ddit3, Ddn, Ddr2, Ddrgk1, Ddx1, Ddx10, Ddx11, Ddx17, Ddx18, Ddx20, Ddx21, Ddx23, Ddx27, Ddx39a, Ddx39b, Ddx3x, Ddx4, Ddx41, Ddx42, Ddx46, Ddx47, Ddx49, Ddx5, Ddx51, Ddx52, Ddx54, Ddx56, Deaf1, Dedd, Dek, Depdc1a, Dgcr8, Dgkq, Dhrs7b, Dhx15, Dhx16, Dhx33, Dhx36, Dhx37, Dhx38, Dhx40, Dhx8, Dhx9, Dicer1, Dido1, Dimt1, Dis3, Dis3l, Dkc1, Dkk1, Dkk3, Dlg1, Dll1, Dll4, Dlx1, Dlx2, Dlx3, Dlx4, Dlx5, Dlx6, Dlx6os1, Dmap1, Dmbx1, Dmd, Dmrt1, Dmrt2, Dmrt3, Dmrta1, Dmrta2, Dmrtb1, Dmrtc2, Dmtf1, Dmtf1l, Dnaja3, Dnajb1, Dnajb4, Dnajb5, Dnajb6, Dnajc17, Dnajc2, Dnmt1, Dnmt3a, Dnmt3b, Dnmt3l, Dnttip2, Dot1l, Dpf1, Dpf2, Dpf3, Dph3, Dpy30, Dr1, Drap1, Drd2, Drd3, Drgx, Drosha, Dtwd1, Dtwd2, Dtx3l, Dubr, Dus1l, Dus2, Dus3l, Dus4l, Dusp1, Dusp10, Dusp12, Dusp13a, Dusp13b, Dusp14, Dusp15, Dusp18, Dusp19, Dusp2, Dusp21, Dusp22, Dusp23, Dusp26, Dusp28, Dusp29, Dusp3, Dusp4, Dusp5, Dusp6, Dusp7, Dusp8, Duxbl1, Duxf3, Duxf4, Dvl1, Dvl2, Dvl3, Dyrk1a, Dyrk1b, E130311K13Rik, E230001N04Rik, E2f1, E2f2, E2f3, E2f4, E2f5, E2f6, E2f7, E2f8, E4f1, Eaf1, Eaf2, Eapp, Ebf1, Ebf2, Ebf3, Ebf4, Ebna1bp2, Ecd, Ecm1, Ecsit, Edf1, Edn1, Ednrb, Edrf1, Eed, Eef1d, Efcab7, Efemp1, Efna1, Eftud2, Egf, Egfr, Egln1, Egr1, Egr2, Egr3, Egr4, Ehf, Ehmt1, Ehmt2, Eid1, Eid2, Eid2b, Eif1, Eif2ak2, Eif2ak3, Eif2ak4, Eif4a1, Eif4a3, Eif4a3l1, Eif4a3l2, Eif6, Elac1, Elac2, Elane, Elavl4, Elf1, Elf2, Elf3, Elf4, Elf5, Elk1, Elk3, Elk4, Ell, Ell2, Ell3, Eloa, Elob, Eloc, Elof1, Elp1, Elp2, Elp3, Elp4, Elp5, Elp6, Emg1, Emsy, Emx1, Emx2, En1, En2, Eng, Eno1, Eno1b, Enpp1, Eny2, Eomes, Ep300, Ep400, Epas1, Epc1, Epc2, Epcam, Epha5, Epm2a, Epo, Epop, Erbb2, Erbb4, Erbin, Erc1, Ercc1, Ercc2, Ercc3, Ercc6, Ereg, Erf, Erfl, Erg, Eri1, Ern1, Ern2, Esf1, Esr1, Esr2, Esrp1, Esrp2, Esrra, Esrrb, Esrrg, Ess2, Esx1, Ets1, Ets2, Etv1, Etv2, Etv3, Etv3l, Etv4, Etv5, Etv6, Evx1, Evx2, Ewsr1, Exd1, Exosc1, Exosc10, Exosc2, Exosc3, Exosc4, Exosc5, Exosc6, Exosc7, Exosc8, Exosc9, Eya1, Ezh1, Ezh2, Ezr, F2r, F2rl1, Fabp4, Fadd, Fam170a, Fam220a, Fam47c, Fam47e, Fam50a, Fanca, Fancd2, Fank1, Fars2, Fasl, Fastk, Fastkd1, Fastkd2, Fastkd3, Fastkd5, Fbl, Fbll1, Fbln5, Fbp1, Fbxl19, Fbxl2, Fbxo24, Fbxw11, Fcf1, Fcgr2b, Fcor, Fdxacb1, Fer, Ferd3l, Fev, Fezf1, Fezf2, Fgf1, Fgf10, Fgf2, Fgf23, Fgf4, Fgf7, Fgf9, Fgfr1, Fgfr2, Fgfr3, Fhl2, Fhl5, Fhod1, Figla, Fip1l1, Fiz1, Fkbp10, Fkbp11, Fkbp14, Fkbp1a, Fkbp1b, Fkbp2, Fkbp3, Fkbp4, Fkbp5, Fkbp6, Fkbp7, Fkbp8, Fkbp9, Flcn, Fli1, Flna, Flt3l, Flywch1, Fmr1, Fnip1, Fnip2, Fos, Fosb, Fosl1, Fosl2, Foxa1, Foxa2, Foxa3, Foxb1, Foxb2, Foxc1, Foxc2, Foxd1, Foxd2, Foxd3, Foxd4, Foxe1, Foxe3, Foxf1, Foxf2, Foxg1, Foxh1, Foxi1, Foxi2, Foxi3, Foxj1, Foxj2, Foxj3, Foxk1, Foxk2, Foxl1, Foxl2, Foxl3, Foxm1, Foxn1, Foxn2, Foxn3, Foxn4, Foxo1, Foxo3, Foxo4, Foxo6, Foxp1, Foxp2, Foxp3, Foxp4, Foxq1, Foxr1, Foxr2, Foxs1, Fra10ac1, Frg1, Frk, Fst, Fstl3, Fto, Ftsj1, Ftsj3, Ftx, Fubp1, Fubp3, Fus, Fzd1, Fzd2, Fzd4, Fzd5, Fzd6, Fzd7, Gabpa, Gabpb1, Gabpb2, Gadd45a, Gal, Galr1, Galr2, Galr3, Gar1, Gas6, Gata1, Gata2, Gata3, Gata4, Gata5, Gata6, Gatad1, Gatad2a, Gatad2b, Gbp4, Gbx1, Gbx2, Gcfc2, Gclc, Gcm1, Gcm2, Gdf2, Gdf6, Gdf7, Gdnf, Gemin2, Gemin4, Gemin5, Gemin6, Gemin6-ps, Gemin7, Gemin8, Gfi1, Gfi1b, Ghrh, Gli1, Gli2, Gli3, Glis1, Glis2, Glis3, Glmp, Glo1, Glp1r, Glrp1, Glyr1, Gm10033, Gm12258, Gm14295, Gm14322, Gm14325, Gm14391, Gm14399, Gm14401, Gm14403, Gm14412, Gm14418, Gm14434, Gm14443, Gm14444, Gm15446, Gm17067, Gm17655, Gm19965, Gm20737, Gm20738, Gm20747, Gm20773, Gm20795, Gm20806, Gm20807, Gm20808, Gm20812, Gm20815, Gm20816, Gm20818, Gm20821, Gm20822, Gm20825, Gm20826, Gm20830, Gm20834, Gm20852, Gm20854, Gm20865, Gm20873, Gm20914, Gm20917, Gm20918, Gm21118, Gm21292, Gm21310, Gm21394, Gm21719, Gm21778, Gm21812, Gm21854, Gm2381, Gm28171, Gm32687, Gm35315, Gm3604, Gm4275, Gm45871, Gm4767, Gm4924, Gm5141, Gm614, Gm6871, Gm7072, Gm7324, Gmcl1, Gmeb1, Gmeb2, Gmnn, Gnas, Gnl3, Gon4l, Gon7, Gpat2, Gpatch1, Gpatch3, Gpbp1, Gpbp1l1, Gper1, Gpkow, Gps2, Grem1, Grhl1, Grhl2, Grhl3, Grin1, Grm5, Grsf1, Gsc, Gsc2, Gsdmd, Gsk3a, Gsk3b, Gsx1, Gsx2, Gtdc1, Gtf2a1, Gtf2a1l, Gtf2a2, Gtf2b, Gtf2e1, Gtf2e2, Gtf2f1, Gtf2f2, Gtf2h1, Gtf2h2, Gtf2h3, Gtf2h4, Gtf2h5, Gtf2i, Gtf2ird1, Gtf3c1, Gtf3c2, Gtf3c3, Gtf3c4, Gtf3c5, Gtf3c6, Gtpbp3, Gtpbp4, Gtsf1, Gzf1, H1f2, H1f3, H1f4, H1f5, H2az1, H3c14, Habp4, Halr1, Hamp, Hand1, Hand2, Hand2os1, Has3, Havcr2, Hax1, Hba-x, Hbb-bh1, Hbb-y, Hbp1, Hcfc1, Hcfc2, Hck, Hcls1, Hdac1, Hdac10, Hdac2, Hdac3, Hdac4, Hdac5, Hdac7, Hdac9, Hdgf, Hdx, Heatr1, Helb, Helt, Helz2, Henmt1, Hes1, Hes2, Hes3, Hes5, Hes6, Hes7, Hesx1, Hexb, Hexim1, Hexim2, Hey1, Hey2, Heyl, Hhex, Hic1, Hic2, Hif1a, Hif1an, Hif3a, Hinfp, Hint1, Hipk1, Hipk2, Hipk3, Hira, Hivep1, Hivep2, Hivep3, Hjv, Hlf, Hltf, Hlx, Hmbox1, Hmg20a, Hmg20b, Hmga1, Hmga1b, Hmga2, Hmgb1, Hmgb2, Hmgb4, Hmgn1, Hmgn2, Hmgn3, Hmgn5, Hmox1, Hmx1, Hmx2, Hmx3, Hnf1a, Hnf1b, Hnf4a, Hnf4g, Hnrnpa1, Hnrnpa2b1, Hnrnpa3, Hnrnpab, Hnrnpc, Hnrnpd, Hnrnpf, Hnrnph1, Hnrnph2, Hnrnph3, Hnrnpk, Hnrnpl, Hnrnpll, Hnrnpm, Hnrnpu, Hnrnpul1, Hnrnpul2, Homez, Hopx, Hoxa1, Hoxa10, Hoxa11, Hoxa11os, Hoxa13, Hoxa2, Hoxa3, Hoxa4, Hoxa5, Hoxa6, Hoxa7, Hoxa9, Hoxb1, Hoxb13, Hoxb2, Hoxb3, Hoxb4, Hoxb5, Hoxb6, Hoxb7, Hoxb8, Hoxb9, Hoxc10, Hoxc11, Hoxc12, Hoxc13, Hoxc4, Hoxc5, Hoxc6, Hoxc8, Hoxc9, Hoxd1, Hoxd10, Hoxd11, Hoxd12, Hoxd13, Hoxd3, Hoxd4, Hoxd8, Hoxd9, Hp1bp3, Hr, Hras, Hsbp1, Hsbp1l1, Hsd17b10, Hsf1, Hsf2, Hsf3, Hsf4, Hsf5, Hspa1a, Hspa1b, Hspa8, Htatip2, Htatsf1, Hyal2, Ice1, Ice2, Id1, Id2, Id3, Id4, Ier2, Ier5, Ifi203, Ifi203-ps, Ifi204, Ifi206, Ifi207, Ifi208, Ifi209, Ifi213, Ifi214, Ifi27, Ifnar1, Ifnar2, Ifnb1, Ifng, Ifnk, Ifrd1, Ift172, Ift74, Igbp1, Igf1, Igf1r, Igf2, Ighmbp2, Igsf1, Ihh, Ik, Ikbkb, Ikbke, Ikbkg, Ikzf1, Ikzf2, Ikzf3, Ikzf4, Ikzf5, Il10, Il11, Il13, Il17a, Il17f, Il18, Il18r1, Il18rap, Il1a, Il1b, Il1rap, Il2, Il22, Il23a, Il25, Il33, Il4, Il4i1, Il4i1b, Il5, Il6, Ildr1, Ildr2, Ilf2, Ilf3, Ilk, Ilkap, Imp3, Imp4, Impact, Ing1, Ing2, Ing3, Ing4, Ing5, Inhba, Ino80, Ino80b, Ino80c, Ino80d, Ino80e, Inpp5k, Ins1, Ins2, Insm1, Insm2, Insr, Ints1, Ints10, Ints11, Ints12, Ints14, Ints2, Ints3, Ints4, Ints5, Ints6, Ints6l, Ints7, Ints8, Ints9, Ippk, Iqce, Irak1, Irak2, Irak3, Irf1, Irf2, Irf2bp1, Irf2bp2, Irf2bpl, Irf3, Irf4, Irf5, Irf6, Irf7, Irf8, Irf9, Irx1, Irx2, Irx3, Irx4, Irx5, Irx6, Isg20, Isg20l2, Isl1, Isl2, Isx, Isy1, Itch, Itga6, Itga8, Itgb1bp1, Itgb3bp, Ivns1abp, Iws1, Jade1, Jade2, Jade3, Jag1, Jak2, Jak3, Jarid2, Jazf1, Jdp2, Jmjd1c, Jmjd6, Jmy, Jph2, Jpx, Jun, Junb, Jund, Jup, Kank2, Kansl1, Kansl2, Kansl3, Kars1, Kat14, Kat2a, Kat2b, Kat5, Kat6a, Kat6b, Kat7, Kat8, Kcnh2, Kcnip3, Kctd1, Kctd15, Kdm1a, Kdm1b, Kdm2a, Kdm2b, Kdm3a, Kdm3b, Kdm4a, Kdm4c, Kdm5a, Kdm5b, Kdm5c, Kdm5d, Kdm6a, Kdm6b, Kdm7a, Kdm8, Keap1, Khdc4, Khdrbs1, Khdrbs2, Khdrbs3, Khsrp, Kin, Kit, Klf1, Klf10, Klf11, Klf12, Klf13, Klf14, Klf15, Klf16, Klf17, Klf2, Klf3, Klf4, Klf5, Klf6, Klf7, Klf8, Klf9, Kmt2a, Kmt2b, Kmt2c, Kmt2d, Kmt2e, Kmt5a, Kpna6, Kri1, Krr1, Kti12, L3mbtl1, L3mbtl2, L3mbtl3, L3mbtl4, Lage3, Lamtor5, Lancl2, Larp6, Larp7, Larp7-ps, Las1l, Lbh, Lbx1, Lbx2, Lcmt2, Lcor, Lcorl, Ldb1, Ldb2, Lef1, Lefty1, Leo1, Lep, Lgals3, Lhx1, Lhx2, Lhx3, Lhx4, Lhx5, Lhx6, Lhx8, Lhx9, Lif, Lilrb4a, Lilrb4b, Limd1, Lime1, Lims1, Lin28a, Lin28b, Lin37, Lin52, Lin54, Lin9, Lipe, Litaf, Lmcd1, Lmntd2, Lmo1, Lmo2, Lmo3, Lmo4, Lmo7, Lmx1a, Lmx1b, Loxl2, Loxl3, Lpar5, Lpin1, Lpin2, Lpin3, Lrif1, Lrp5, Lrp6, Lrrc14, Lrrfip1, Lrrfip2, Lsm1, Lsm10, Lsm11, Lsm2, Lsm3, Lsm4, Lsm5, Lsm6, Lsm7, Lsm8, Ltf, Luc7l, Luc7l2, Luc7l3, Lum, Lyar, Lyl1, M1ap, Macc1, Macroh2a1, Macroh2a2, Mad2l2, Mael, Maf, Maf1, Mafa, Mafb, Maff, Mafg, Mafk, Magea1, Magea10, Magea13, Magea14, Magea2, Magea3, Magea4, Magea5, Magea6, Magea8, Magea9, Mageb11, Mageb16, Mageb18, Mageb2, Mageb3, Mageb4, Mageb5, Mageb5b, Mageb6b1, Magec2, Maged1, Maged2, Magee1, Magee2, Mageh1, Magel2, Magoh, Magohb, Mak, Mak16, Malat1, Malt1, Maml1, Maml2, Maml3, Mamld1, Mamstr, Map2k1, Map2k2, Map2k3, Map2k5, Map2k7, Map3k1, Map3k10, Map3k12, Map3k13, Map3k5, Mapk1, Mapk10, Mapk14, Mapk15, Mapk3, Mapk7, Mapk8, Mapk8ip1, Mapk9, Mapkapk5, Mapre3, Mars1, Mavs, Max, Maz, Mbd1, Mbd2, Mbd3, Mbd3l1, Mbd3l2, Mbip, Mblac1, Mbnl1, Mbnl2, Mbnl3, Mbtd1, Mbtps2, Mc1r, Mcf2l, Mcidas, Mcph1, Mcrs1, Mdfi, Mdfic, Mdfic2, Mdk, Mdm2, Mdm4, Meaf6, Mecom, Mecp2, Med1, Med10, Med11, Med12, Med12l, Med13, Med13l, Med14, Med15, Med16, Med17, Med18, Med19, Med20, Med21, Med22, Med23, Med24, Med25, Med26, Med27, Med28, Med29, Med30, Med31, Med4, Med6, Med7, Med8, Med9, Mef2a, Mef2b, Mef2c, Mef2d, Meiosin, Meis1, Meis2, Meis3, Men1, Meox1, Meox2, Mepce, Mesp1, Mesp2, Met, Mettl1, Mettl13, Mettl14, Mettl15, Mettl16, Mettl18, Mettl2, Mettl23, Mettl3, Mettl4, Mettl5, Mettl6, Mettl8, Mfap1a, Mfap1b, Mga, Mical2, Mid2, Mideas, Mier1, Mier2, Mier3, Mir103-1, Mir103-2, Mir143, Mir205hg, Mir466d, Mir466l, Mir7-1, Mir744, Mitf, Mixl1, Mkrn2, Mkx, Mlf1, Mlf2, Mlip, Mllt1, Mllt10, Mllt11, Mllt3, Mllt6, Mlx, Mlxip, Mlxipl, Mmp12, Mms19, Mn1, Mnat1, Mndal, Mnt, Mnx1, Mocs3, Morc1, Morc2a, Morc2b, Morc3, Morf4l1, Morf4l2, Mospd1, Mov10l1, Mphosph10, Mphosph6, Mphosph8, Mrgbp, Mrm1, Mrm2, Mrm3, Mrpl12, Mrpl44, Mrtfa, Mrtfb, Mrto4, Msantd1, Msc, Msgn1, Msl1, Msl2, Msl3, Mstn, Msx1, Msx2, Msx3, Mt3, Mta1, Mta2, Mta3, Mtdh, Mterf1a, Mterf1b, Mterf2, Mterf3, Mterf4, Mtf1, Mtfmt, Mto1, Mtor, Mtpap, Mtpn, Mtres1, Mtrex, Mturn, Muc1, Mup1, Mup11, Mup2, Mup3, Mup4, Mup5, Musk, Mxd1, Mxd3, Mxd4, Mxi1, Myb, Mybbp1a, Mybl1, Mybl2, Myc, Mycbp, Mycl, Mycn, Mycs, Myd88, Mydgf, Myef2, Myf5, Myf6, Myg1, Mynn, Myo1c, Myocd, Myod1, Myog, Myoz1, Myoz2, Mypop, Myrf, Myrfl, Mysm1, Myt1, Myt1l, Mzf1, N4bp2l2, N6amt1, Naa15, Nab1, Nab2, Nacc1, Nacc2, Naf1, Nampt, Nanog, Nat10, Ncapg2, Ncbp1, Ncbp2, Ncbp3, Nck1, Nck2, Ncl, Ncoa1, Ncoa2, Ncoa3, Ncoa6, Ncoa7, Ncor1, Ncor2, Ndn, Ndp, Ndufa13, Nedd4, Nedd8, Nek4, Nelfa, Nelfb, Nelfcd, Nelfe, Neo1, Nepn, Neurod1, Neurod2, Neurod4, Neurod6, Neurog1, Neurog2, Neurog3, Nfat5, Nfatc1, Nfatc2, Nfatc2ip, Nfatc3, Nfatc4, Nfe2, Nfe2l1, Nfe2l2, Nfe2l3, Nfia, Nfib, Nfic, Nfil3, Nfilz, Nfix, Nfkb1, Nfkb2, Nfkbia, Nfkbid, Nfkbie, Nfkbil1, Nfkbiz, Nfrkb, Nfx1, Nfxl1, Nfya, Nfyb, Nfyc, Ngdn, Ngf, Ngfr, Nhlh1, Nhlh2, Nhp2, Niban2, Nif3l1, Nipbl, Nkap, Nkrf, Nktr, Nkx1-1, Nkx1-2, Nkx2-1, Nkx2-2, Nkx2-3, Nkx2-4, Nkx2-5, Nkx2-6, Nkx2-9, Nkx3-1, Nkx3-2, Nkx6-1, Nkx6-2, Nkx6-3, Nlk, Nlrc3, Nlrc4, Nlrc5, Nlrp12, Nlrp3, Nmd3, Nme2, Nmnat1, Nob1, Nobox, Noc2l, Nod1, Nod2, Nodal, Nog, Nol10, Nol11, Nol3, Nol6, Nol7, Nol8, Nol9, Nolc1, Nono, Nop10, Nop14, Nop2, Nop53, Nop9, Nos1, Nostrin, Notch1, Notch2, Notch3, Notch4, Noto, Nova1, Nova2, Npas1, Npas2, Npas3, Npas4, Npat, Npm1, Npm3, Npnt, Nr0b1, Nr0b2, Nr1d1, Nr1d2, Nr1h2, Nr1h3, Nr1h4, Nr1h5, Nr1i2, Nr1i3, Nr2c1, Nr2c2, Nr2e1, Nr2e3, Nr2f1, Nr2f2, Nr2f6, Nr3c1, Nr3c2, Nr4a1, Nr4a2, Nr4a3, Nr5a1, Nr5a2, Nr6a1, Nrarp, Nrbf2, Nrde2, Nrf1, Nrg1, Nrip1, Nrip2, Nrl, Nsa2, Nscme3l, Nsd1, Nsd2, Nsd3, Nsmce3, Nsrp1, Nsun2, Nsun3, Nsun4, Nsun5, Nsun6, Ntf3, Ntn3, Ntrk1, Nts, Nucks1, Nudt16, Nudt21, Nufip1, Nup155, Nup62, Nup85, Nup98, Nupr1, Nupr2, Nvl, Nwd1, Obi1, Obox1, Obox2, Obox3, Obox4, Obox5, Obox6, Obox7, Obox8, Ogg1, Ogt, Olig1, Olig2, Olig3, Onecut1, Onecut2, Onecut3, Oog1, Oog2, Oog3, Osgep, Osgepl1, Osm, Osr1, Osr2, Otp, Otud7b, Otulin, Otx1, Otx2, Ovol1, Ovol2, Ovol3, P2rx2, P2ry1, Pa2g4, Pabpc1, Pabpc1l, Pabpc2, Pabpn1, Padi2, Paf1, Pagr1a, Pak1ip1, Pam, Pan2, Pan3, Papola, Papolb, Papolg, Park7, Parn, Parp1, Parp10, Parp9, Pasd1, Pask, Patz1, Pawr, Pax1, Pax2, Pax3, Pax4, Pax5, Pax6, Pax7, Pax8, Pax9, Paxbp1, Paxip1, Pbrm1, Pbx1, Pbx2, Pbx3, Pbx4, Pbxip1, Pcbd1, Pcbd2, Pcbp1, Pcbp2, Pcbp3, Pcbp4, Pcf11, Pcgf1, Pcgf2, Pcgf3, Pcgf5, Pcgf6, Pcid2, Pcif1, Pck1, Pcna, Pdcd11, Pdcd4, Pdcd7, Pde12, Pde2a, Pdgfb, Pdlim1, Pdx1, Pdxp, Peg3, Peli1, Pelp1, Per1, Per2, Per3, Perm1, Pes1, Pex14, Pf4, Pfdn5, Pfkm, Pfn1, Pgam5, Pgr, Phb1, Phb2, Phc1, Phc2, Phc3, Phf10, Phf12, Phf14, Phf19, Phf2, Phf20, Phf20l1, Phf21a, Phf3, Phf5a, Phf6, Phf8, Phip, Phlpp1, Phlpp2, Phox2a, Phox2b, Phrf1, Pias1, Pias2, Pias3, Pias4, Picalm, Pid1, Pih1d1, Pih1d2, Pik3r1, Pik3r2, Pim1, Pim2, Pin1, Pin1rt1, Pin4, Pink1, Pithd1, Pitx1, Pitx2, Pitx3, Piwil1, Piwil2, Piwil4, Pkd1, Pkd2, Pkhd1, Pkia, Pkig, Pkm, Pkn1, Pknox1, Pknox2, Pkp1, Pla2g10, Plac8, Plag1, Plagl1, Plagl2, Platr25, Plcb1, Plcg2, Pld6, Plk1, Plk3, Plpp3, Plrg1, Plscr1, Pmf1, Pml, Pnldc1, Pnn, Pnpt1, Pogk, Pogz, Pola1, Pola2, Pole3, Polr1a, Polr1b, Polr1c, Polr1d, Polr1e, Polr1f, Polr1g, Polr1h, Polr2a, Polr2b, Polr2c, Polr2d, Polr2e, Polr2f, Polr2g, Polr2h, Polr2i, Polr2j, Polr2k, Polr2l, Polr2m, Polr3a, Polr3b, Polr3c, Polr3d, Polr3e, Polr3f, Polr3g, Polr3gl, Polr3h, Polr3k, Polrmt, Pomc, Pop1, Pop4, Pop5, Pop7, Pou1f1, Pou2af1, Pou2af2, Pou2af3, Pou2f1, Pou2f2, Pou2f3, Pou3f1, Pou3f2, Pou3f3, Pou3f4, Pou4f1, Pou4f2, Pou4f3, Pou5f1, Pou5f2, Pou6f1, Pou6f2, Ppan, Ppara, Ppard, Pparg, Ppargc1a, Ppargc1b, Ppef1, Ppef2, Pphln1, Ppia, Ppib, Ppic, Ppid, Ppie, Ppif, Ppig, Ppih, Ppil1, Ppil2, Ppil3, Ppil4, Ppm1a, Ppm1b, Ppm1d, Ppm1e, Ppm1f, Ppm1g, Ppm1h, Ppm1j, Ppm1k, Ppm1l, Ppm1m, Ppm1n, Ppp1ca, Ppp1cb, Ppp1cc, Ppp1r12a, Ppp1r13l, Ppp1r15a, Ppp1r1b, Ppp1r8, Ppp2ca, Ppp2cb, Ppp2r5b, Ppp2r5d, Ppp3ca, Ppp3cb, Ppp3cc, Ppp3r1, Ppp4c, Ppp4r2, Ppp5c, Ppp6c, Pprc1, Pptc7, Ppwd1, Pqbp1, Pramel1, Pramel7, Prdm1, Prdm10, Prdm11, Prdm12, Prdm13, Prdm14, Prdm15, Prdm16, Prdm2, Prdm4, Prdm5, Prdm6, Prdm8, Prdm9, Prdx2, Prdx3, Prdx5, Prdx6, Prdx6b, Preb, Prickle1, Prim1, Prim2, Primpol, Prkaa1, Prkaca, Prkcb, Prkch, Prkci, Prkcq, Prkcz, Prkd1, Prkd2, Prkdc, Prkn, Prkra, Prkrip1, Prl, Prl2c2, Prmt1, Prmt2, Prmt3, Prmt5, Prmt6, Prmt7, Prmt8, Prmt9, Prnp, Prop1, Prorp, Prox1, Prox2, Prpf18, Prpf19, Prpf3, Prpf31, Prpf38a, Prpf38b, Prpf39, Prpf4, Prpf40a, Prpf40b, Prpf4b, Prpf6, Prpf8, Prr7, Prrx1, Prrx2, Prx, Psen1, Psen2, Psip1, Psma6, Psmc3ip, Psmc5, Psmc6, Psmd10, Psmd9, Pspc1, Psrc1, Ptafr, Ptbp1, Ptbp2, Ptbp3, Ptcd1, Ptcd2, Ptch1, Pten, Ptf1a, Ptges2, Ptgis, Ptgs2os, Pth, Pthlh, Ptma, Ptms, Ptov1, Ptp4a3, Ptpa, Ptpmt1, Ptpn2, Ptprc, Ptprk, Ptprn, Puf60, Pum1, Pum2, Pura, Purb, Purg, Pus1, Pus10, Pus3, Pus7, Pus7l, Pusl1, Pwp1, Pwp2, Pwwp2a, Pwwp2b, Pycard, Pygo1, Qars1, Qki, Qng1, Qrich1, Qtrt1, Qtrt2, Rab7b, Rad21, Rad54l2, Raf1, Rai1, Ralgapa1, Raly, Ramac, Rap2c, Rapgef3, Rara, Rarb, Rarg, Rasd1, Rasl11a, Rax, Rb1, Rbak, Rbbp4, Rbbp5, Rbbp6, Rbbp7, Rbbp8, Rbck1, Rbfa, Rbfox1, Rbfox2, Rbfox3, Rbl1, Rbl2, Rbm10, Rbm11, Rbm12, Rbm12b1, Rbm12b2, Rbm14, Rbm15, Rbm15b, Rbm17, Rbm20, Rbm22, Rbm24, Rbm25, Rbm28, Rbm3, Rbm34, Rbm38, Rbm39, Rbm4, Rbm41, Rbm42, Rbm44, Rbm47, Rbm48, Rbm4b, Rbm5, Rbm6, Rbm7, Rbm8a, Rbm8a2, Rbmx, Rbmx2, Rbmxl1, Rbmxl2, Rbmy, Rbmyf1, Rbmyf3, Rbmyf6, Rbmyf9, Rbpj, Rbpjl, Rbpms, Rbpms2, Rcl1, Rcor1, Rcor2, Rcor3, Recql5, Rel, Rela, Relb, Reln, Reno1, Repin1, Rere, Rest, Ret, Rex2, Rexo1, Rexo4, Rexo5, Rfc1, Rfx1, Rfx2, Rfx3, Rfx4, Rfx5, Rfx6, Rfx7, Rfx8, Rfxank, Rfxap, Rgcc, Rgma, Rgmb, Rgn, Rhebl1, Rhoa, Rhog, Rhoq, Rhox1, Rhox10, Rhox11, Rhox12, Rhox13, Rhox2a, Rhox2b, Rhox2c, Rhox2d, Rhox2f, Rhox2g, Rhox2h, Rhox3a, Rhox3c, Rhox3f, Rhox3g, Rhox3h, Rhox4a, Rhox4b, Rhox4c, Rhox4d, Rhox4e, Rhox4f, Rhox4g, Rhox5, Rhox6, Rhox7a, Rhox7b, Rhox8, Rhox9, Rif1, Rigi, Ring1, Riok1, Riok2, Riok3, Riox1, Riox2, Ripk1, Ripk2, Ripk3, Ripk4, Ripply1, Ripply2, Ripply3, Rit2, Rlf, Rlim, Rnasel, Rnf10, Rnf113a1, Rnf113a2, Rnf14, Rnf141, Rnf168, Rnf187, Rnf2, Rnf20, Rnf220, Rnf25, Rnf31, Rnf4, Rnf40, Rnf6, Rnf8, Rngtt, Rnmt, Rnpc3, Rnps1, Rnu11, Rnu12, Rnu2-10, Rnu7, Ror1, Ror2, Rora, Rorb, Rorc, Rp9, Rpap1, Rpap2, Rpf1, Rpf2, Rpl10, Rpl10-ps3, Rpl11, Rpl14, Rpl23, Rpl26, Rpl27, Rpl35, Rpl35a, Rpl5, Rpl7, Rpl7a, Rpl7l1, Rpp14, Rpp21, Rpp25, Rpp25l, Rpp30, Rpp38, Rpp40, Rprd1a, Rprd1b, Rprd2, Rps13, Rps14, Rps15, Rps16, Rps17, Rps19, Rps21, Rps24, Rps25, Rps26, Rps27, Rps27rt, Rps28, Rps3, Rps6, Rps6-ps4, Rps6ka1, Rps6ka3, Rps6ka4, Rps6ka5, Rps7, Rps8, Rptor, Rpusd1, Rpusd2, Rpusd3, Rpusd4, Rreb1, Rrn3, Rrp1, Rrp15, Rrp1b, Rrp36, Rrp7a, Rrp8, Rrp9, Rrs1, Rsf1, Rsl1, Rslcan18, Rsrc1, Rsrp1, Rtca, Rtcb, Rtf1, Rtkn2, Rtraf, Runx1, Runx1t1, Runx2, Runx3, Ruvbl1, Ruvbl2, Rwdd1, Rwdd3, Rxra, Rxrb, Rxrg, Rybp, Rybp-ps, S100a1, S100a10, S1pr1, Safb, Safb2, Sall1, Sall2, Sall3, Sall4, Samd1, Samd11, Samd7, Sap130, Sap18, Sap18b, Sap25, Sap30, Sap30bp, Sap30l, Sarnp, Sars1, Sart1, Sart3, Satb1, Satb2, Sbds, Sbno1, Sbno2, Scaf1, Scaf11, Scaf4, Scaf8, Scai, Scand1, Scgb1a1, Scmh1, Scml2, Scml4, Scnm1, Scrt1, Scrt2, Scx, Sdcbp, Sde2, Sdr16c5, Sema4d, Senp1, Senp2, Sepsecs, Serpinf2, Sertad1, Sertad2, Sertad3, Setbp1, Setd1a, Setd2, Setd3, Setd4, Setd5, Setd6, Setd7, Setdb1, Setdb2, Setmar, Setx, Sf1, Sf3a1, Sf3a2, Sf3a3, Sf3b1, Sf3b2, Sf3b3, Sf3b4, Sf3b5, Sf3b6, Sfmbt1, Sfmbt2, Sfn, Sfpq, Sfr1, Sfrp1, Sfrp2, Sfrp4, Sfrp5, Sfswap, Sgf29, Sgsm1, Shc1, Shh, Shox2, Sik1, Sik2, Sim1, Sim2, Sin3a, Sin3b, Sinhcaf, Sirt1, Sirt2, Sirt3, Sirt6, Sirt7, Siva1, Six1, Six2, Six3, Six4, Six5, Six6, Skap1, Ski, Skic8, Skil, Skor1, Skor2, Sla2, Slbp, Slc11a1, Slc25a33, Slc30a9, Slc38a2, Slc38a3, Slc39a5, Slc39a8, Slc40a1, Slc9a1, Slco3a1, Slfn1, Slirp, Sltm, Slu7, Slx9, Smad1, Smad2, Smad3, Smad4, Smad5, Smad6, Smad7, Smad9, Smarca1, Smarca2, Smarca4, Smarca5, Smarcad1, Smarcal1, Smarcb1, Smarcc1, Smarcc2, Smarcd1, Smarcd2, Smarcd3, Smarce1, Smn1, Smndc1, Smo, Smtnl1, Smu1, Smyd1, Smyd2, Smyd3, Snai1, Snai2, Snai3, Snapc1, Snapc2, Snapc3, Snapc4, Snapc5, Snf8, Snip1, Snrnp200, Snrnp25, Snrnp27, Snrnp35, Snrnp40, Snrnp48, Snrnp70, Snrpa, Snrpa1, Snrpb, Snrpb2, Snrpc, Snrpd1, Snrpd2, Snrpd3, Snrpe, Snrpert, Snrpf, Snrpg, Snrpn, Snu13, Snw1, Snx5, Snx6, Sod2, Sohlh1, Sohlh2, Son, Sorbs3, Sos1, Sost, Sox1, Sox10, Sox11, Sox12, Sox13, Sox14, Sox15, Sox17, Sox18, Sox2, Sox21, Sox3, Sox30, Sox4, Sox5, Sox6, Sox7, Sox8, Sox9, Sp1, Sp100, Sp110, Sp140, Sp140l1, Sp140l2, Sp2, Sp3, Sp4, Sp5, Sp6, Sp7, Sp8, Sp9, Spag8, Spdef, Spen, Sphk1, Sphk2, Spi1, Spib, Spic, Spin1, Spin2c, Spin2d, Spin2e, Spin2g, Spin2h, Spin4, Spindoc, Spocd1, Spop, Spout1, Spp1, Spty2d1, Spx, Spz1, Sqstm1, Sra1, Src, Srebf1, Srebf2, Srek1, Srek1ip1, Srf, Srfbp1, Srpk1, Srpk2, Srpk3, Srrm1, Srrm2, Srrm4, Srrt, Srsf1, Srsf10, Srsf12, Srsf19, Srsf2, Srsf3, Srsf4, Srsf5, Srsf6, Srsf7, Srsf9, Sry, Ss18, Ss18l1, Ssb, Ssbp2, Ssbp3, Ssbp4, Ssh1, Ssh2, Ssh3, Ssty1, Ssty2, Ssu72, Ssxa1, St18, Stat1, Stat2, Stat3, Stat4, Stat5a, Stat5b, Stat6, Sting1, Stk16, Stk36, Stox1, Stox2, Stra8, Strap, Strm, Strn3, Sub1, Suds3, Sufu, Sugp1, Sugp2, Sumo1, Sumo2, Supt16, Supt20, Supt3, Supt4a, Supt4b, Supt5, Supt6, Supt7l, Supv3l1, Suv39h1, Suv39h2, Suz12, Syf2, Syk, Sympk, Syncrip, T, Tacc1, Tada1, Tada2a, Tada2b, Tada3, Taf1, Taf10, Taf11, Taf12, Taf13, Taf15, Taf1a, Taf1b, Taf1c, Taf1d, Taf2, Taf3, Taf4, Taf4b, Taf5, Taf5l, Taf6, Taf6l, Taf7, Taf7l, Taf8, Taf9, Taf9b, Tagln3, Tal1, Tal2, Tarbp1, Tarbp2, Tardbp, Tasor, Tasp1, Tax1bp1, Tbk1, Tbl1x, Tbl1xr1, Tbl3, Tbp, Tbpl1, Tbpl2, Tbr1, Tbrg4, Tbx1, Tbx10, Tbx15, Tbx18, Tbx19, Tbx2, Tbx20, Tbx21, Tbx22, Tbx3, Tbx4, Tbx5, Tbx6, Tcea1, Tcea2, Tcea3, Tceal7, Tceanc, Tceanc2, Tcerg1, Tcf12, Tcf15, Tcf20, Tcf21, Tcf23, Tcf24, Tcf25, Tcf3, Tcf4, Tcf7, Tcf7l1, Tcf7l2, Tcfl5, Tcof1, Tcp10a, Tcp10b, Tcp10c, Tdg, Tdrd1, Tdrd12, Tdrd3, Tdrd6, Tdrd7, Tdrd9, Tdrkh, Tead1, Tead2, Tead3, Tead4, Tef, Tefm, Tenm1, Tenm2, Tent2, Tent4a, Tent4b, Terf2ip, Tert, Tesc, Tescl, Tesmin, Tet1, Tet2, Tet3, Tex24, Tfam, Tfap2a, Tfap2b, Tfap2c, Tfap2d, Tfap2e, Tfap4, Tfb1m, Tfb2m, Tfcp2, Tfcp2l1, Tfdp1, Tfdp2, Tfe3, Tfeb, Tfec, Tfip11, Tfpt, Tfr2, Tfrc, Tgfb1, Tgfb1i1, Tgfb2, Tgfb3, Tgfbr1, Tgfbr3, Tgfbrap1, Tgif1, Tgif2, Tgs1, Thada, Thap1, Thap11, Thap3, Thap7, Thg1l, Thoc1, Thoc2, Thoc3, Thoc5, Thoc6, Thoc7, Thra, Thrap3, Thrb, Thumpd1, Thumpd2, Thumpd3, Tia1, Ticam1, Timeless, Tirap, Tle1, Tle2, Tle3, Tle4, Tle5, Tle6, Tlr2, Tlr3, Tlr4, Tlr7, Tlr9, Tlx1, Tlx2, Tlx3, Tmbim6, Tmem41b, Tmf1, Tmigd3, Tmpo, Tmprss6, Tmsb4x, Tmt1a, Tmt1a2, Tmt1a3, Tmtc1, Tnf, Tnfaip3, Tnfrsf11a, Tnfrsf1a, Tnfrsf4, Tnfsf11, Tnfsf18, Tnfsf4, Tnfsf8, Tnip1, Tnip2, Tnip3, Tnks, Tnni2, Tnp1, Tob1, Toe1, Top1, Top2a, Top2b, Topaz1, Topors, Tox, Tox2, Tox3, Tox4, Tpr, Tprkb, Tra2a, Tra2b, Traf1, Traf2, Traf3, Traf3ip1, Traf5, Traf6, Traf7, Traip, Trak2, Trappc9, Trdmt1, Trerf1, Trf, Triap1, Trib1, Trib2, Trib3, Trim11, Trim12a, Trim12c, Trim13, Trim14, Trim15, Trim21, Trim24, Trim25, Trim26, Trim27, Trim28, Trim29, Trim30a, Trim30b, Trim30c, Trim30d, Trim31, Trim32, Trim37, Trim38, Trim40, Trim44, Trim5, Trim52, Trim6, Trim62, Trim66, Trim71, Trim8, Trip4, Trit1, Trmo, Trmt1, Trmt10a, Trmt10b, Trmt10c, Trmt11, Trmt112, Trmt12, Trmt13, Trmt1l, Trmt2a, Trmt2b, Trmt44, Trmt5, Trmt6, Trmt61a, Trmt9b, Trmu, Trnt1, Tro, Trp53, Trp53bp1, Trp53inp1, Trp53inp2, Trp53rkb, Trp63, Trp73, Trps1, Trpt1, Trpv1, Trpv4, Trrap, Trub1, Trub2, Tsc2, Tsc22d1, Tsc22d2, Tsc22d3, Tsc22d4, Tsen15, Tsen2, Tsen34, Tsen54, Tsg101, Tshz1, Tshz2, Tshz3, Tsix, Tsn, Tsnax, Tsr1, Tsr2, Tsr3, Tssc4, Tssk4, Ttc21b, Ttc39aos1, Ttc5, Ttf1, Ttf2, Tunar, Tut1, Tut4, Tut7, Twist1, Twist2, Twnk, Txk, Txn1, Txnip, Txnl4a, Txnl4b, Tyw1, Tyw3, Tyw5, U2af1, U2af1l4, U2af2, U2surp, Uba3, Ube2e1, Ube2i, Ube2l3, Ube2n, Ube3a, Ubl5, Ubl5b, Ublcp1, Ubp1, Ubtf, Ubtfl1, Uchl5, Ucn, Ucp1, Ufl1, Uhrf1, Uimc1, Umod, Uncx, Upf1, Upf3a, Upf3b, Urb1, Uri1, Urm1, Usb1, Usf1, Usf2, Usf3, Usp13, Usp15, Usp16, Usp2, Usp21, Usp22, Usp3, Usp36, Usp39, Usp4, Usp47, Usp49, Usp7, Uspl1, Utf1, Utp11, Utp14a, Utp14b, Utp15, Utp18, Utp20, Utp23, Utp25, Utp3, Utp4, Utp6, Uxt, Vapb, Vax1, Vax2, Vdr, Vegfa, Vezf1, Vgll1, Vgll2, Vgll3, Vgll4, Vhl, Virma, Vps72, Vrtn, Vsx1, Vsx2, Wac, Was, Wasl, Wbp11, Wbp2, Wbp2nl, Wbp4, Wdhd1, Wdr12, Wdr18, Wdr3, Wdr33, Wdr36, Wdr4, Wdr43, Wdr46, Wdr5, Wdr55, Wdr6, Wdr74, Wdr75, Wdr77, Wdr82, Wdr83, Wdtc1, Wfs1, Wiz, Wnk1, Wnt1, Wnt10b, Wnt11, Wnt2, Wnt3a, Wnt4, Wnt5a, Wnt6, Wnt7a, Wt1, Wtap, Wtip, Wwc1, Wwc2, Wwox, Wwp1, Wwp2, Wwtr1, Xab2, Xbp1, Xcl1, Xpa, Xpc, Xpo1, Xrcc5, Xrcc6, Xrn1, Xrn2, Yaf2, Yap1, Ybey, Ybx1, Ybx3, Yeats2, Yeats4, Yes1, Yju2, Yju2b, Ylpm1, Yrdc, Ythdc1, Ythdf2, Ywhab, Ywhah, Ywhaq, Ywhaq-ps3, Ywhaz, Yy1, Yy2, Zbed3, Zbed4, Zbed6, Zbtb1, Zbtb10, Zbtb11, Zbtb12, Zbtb14, Zbtb16, Zbtb17, Zbtb18, Zbtb2, Zbtb20, Zbtb21, Zbtb22, Zbtb24, Zbtb25, Zbtb26, Zbtb3, Zbtb32, Zbtb33, Zbtb34, Zbtb37, Zbtb38, Zbtb39, Zbtb4, Zbtb40, Zbtb41, Zbtb42, Zbtb43, Zbtb45, Zbtb46, Zbtb47, Zbtb48, Zbtb49, Zbtb5, Zbtb6, Zbtb7a, Zbtb7b, Zbtb7c, Zbtb8a, Zbtb8b, Zbtb8os, Zbtb9, Zc3h10, Zc3h12a, Zc3h13, Zc3h3, Zc3h4, Zc3h6, Zc3h7a, Zc3h7b, Zc3h8, Zc4h2, Zcchc12, Zcchc4, Zcchc8, Zcrb1, Zeb1, Zeb2, Zfa-ps, Zfat, Zfhx2, Zfhx3, Zfhx4, Zfp1, Zfp1004, Zfp1005, Zfp1006, Zfp1007, Zfp101, Zfp1010, Zfp105, Zfp11, Zfp110, Zfp111, Zfp112, Zfp113, Zfp119a, Zfp119b, Zfp12, Zfp120, Zfp125, Zfp128, Zfp13, Zfp131, Zfp14, Zfp141, Zfp142, Zfp143, Zfp146, Zfp148, Zfp157, Zfp160, Zfp169, Zfp174, Zfp175, Zfp180, Zfp182, Zfp184, Zfp189, Zfp2, Zfp202, Zfp212, Zfp213, Zfp217, Zfp219, Zfp229, Zfp236, Zfp239, Zfp24, Zfp248, Zfp251, Zfp26, Zfp260, Zfp263, Zfp266, Zfp267, Zfp268, Zfp27, Zfp273, Zfp275, Zfp276, Zfp28, Zfp280b, Zfp280c, Zfp280d, Zfp281, Zfp286, Zfp287, Zfp292, Zfp296, Zfp3, Zfp30, Zfp316, Zfp317, Zfp318, Zfp319, Zfp322a, Zfp324, Zfp326, Zfp329, Zfp334, Zfp335, Zfp341, Zfp345, Zfp35, Zfp352, Zfp354a, Zfp354b, Zfp354c, Zfp358, Zfp36, Zfp362, Zfp366, Zfp367, Zfp369, Zfp36l1, Zfp37, Zfp382, Zfp383, Zfp384, Zfp386, Zfp39, Zfp395, Zfp397, Zfp398, Zfp40, Zfp407, Zfp408, Zfp41, Zfp410, Zfp418, Zfp42, Zfp420, Zfp422, Zfp423, Zfp426, Zfp429, Zfp433, Zfp438, Zfp442, Zfp444, Zfp445, Zfp446, Zfp449, Zfp451, Zfp454, Zfp455, Zfp456, Zfp457, Zfp458, Zfp459, Zfp46, Zfp462, Zfp467, Zfp469, Zfp472, Zfp473, Zfp488, Zfp493, Zfp503, Zfp507, Zfp51, Zfp512b, Zfp513, Zfp516, Zfp518a, Zfp518b, Zfp52, Zfp521, Zfp523, Zfp524, Zfp53, Zfp534, Zfp536, Zfp54, Zfp541, Zfp551, Zfp553, Zfp558, Zfp560, Zfp563, Zfp566, Zfp568, Zfp57, Zfp574, Zfp575, Zfp579, Zfp58, Zfp580, Zfp582, Zfp583, Zfp59, Zfp593, Zfp595, Zfp597, Zfp599, Zfp60, Zfp600, Zfp605, Zfp606, Zfp607a, Zfp607b, Zfp608, Zfp609, Zfp612, Zfp616, Zfp617, Zfp619, Zfp62, Zfp623, Zfp626, Zfp628, Zfp629, Zfp637, Zfp638, Zfp639, Zfp64, Zfp641, Zfp644, Zfp646, Zfp647, Zfp648, Zfp65, Zfp652, Zfp653, Zfp654, Zfp655, Zfp658, Zfp661, Zfp663, Zfp664, Zfp667, Zfp668, Zfp672, Zfp677, Zfp68, Zfp683, Zfp689, Zfp69, Zfp691, Zfp692, Zfp696, Zfp697, Zfp7, Zfp703, Zfp704, Zfp706, Zfp707, Zfp708, Zfp709, Zfp710, Zfp711, Zfp712, Zfp715, Zfp719, Zfp72, Zfp729a, Zfp729b, Zfp735, Zfp738, Zfp74, Zfp740, Zfp746, Zfp747, Zfp747l1, Zfp748, Zfp750, Zfp758, Zfp759, Zfp760, Zfp763, Zfp764, Zfp764l1, Zfp768, Zfp770, Zfp771, Zfp772, Zfp773, Zfp775, Zfp777, Zfp78, Zfp780b, Zfp784, Zfp786, Zfp787, Zfp788, Zfp790, Zfp791, Zfp799, Zfp808, Zfp809, Zfp81, Zfp810, Zfp811, Zfp819, Zfp82, Zfp820, Zfp821, Zfp825, Zfp827, Zfp830, Zfp84, Zfp846, Zfp85, Zfp850, Zfp853, Zfp865, Zfp866, Zfp867, Zfp868, Zfp869, Zfp87, Zfp870, Zfp871, Zfp872, Zfp873, Zfp874a, Zfp874b, Zfp879, Zfp882, Zfp9, Zfp90, Zfp91, Zfp92, Zfp93, Zfp930, Zfp931, Zfp932, Zfp933, Zfp934, Zfp935, Zfp937, Zfp938, Zfp940, Zfp941, Zfp942, Zfp943, Zfp944, Zfp945, Zfp946, Zfp947, Zfp948, Zfp949, Zfp950, Zfp951, Zfp952, Zfp954, Zfp955a, Zfp955b, Zfp956, Zfp958, Zfp959, Zfp960, Zfp961, Zfp963, Zfp964, Zfp966, Zfp97, Zfp970, Zfp971, Zfp973, Zfp974, Zfp975, Zfp976, Zfp977, Zfp979, Zfp980, Zfp981, Zfp982, Zfp983, Zfp984, Zfp985, Zfp987, Zfp988, Zfp989, Zfp990, Zfp991, Zfp992, Zfp994, Zfp995, Zfp998, Zfpm1, Zfpm2, Zfta, Zfx, Zfy1, Zfy2, Zglp1, Zgpat, Zgrf1, Zhx1, Zhx2, Zhx3, Zic1, Zic2, Zic3, Zic4, Zic5, Zik1, Zim1, Zkscan1, Zkscan14, Zkscan16, Zkscan17, Zkscan2, Zkscan3, Zkscan4, Zkscan5, Zkscan6, Zkscan7, Zkscan8, Zmat2, Zmat5, Zmiz1, Zmiz2, Zmpste24, Zmym2, Zmym5, Zmynd11, Zmynd15, Zmynd8, Znhit1, Znhit3, Znhit6, Zp3, Zpr1, Zranb2, Zrsr2, Zrsr2-ps1, Zscan10, Zscan12, Zscan2, Zscan20, Zscan21, Zscan22, Zscan25, Zscan26, Zscan29, Zscan4-ps1, Zscan4-ps2, Zscan4-ps3, Zscan4b, Zscan4c, Zscan4d, Zscan4e, Zscan4f, Zscan5b, Zxdb, Zxdc, Zzz3
GO:0019219	regulation of nucleobase-containing compound metabolic process	3960	105	57.69	4.1e-10	4.522885714285714e-7	2010315B03Rik, 2610008E11Rik, 2610021A01Rik, 2810021J22Rik, 4930447C04Rik, 4930522L14Rik, 5730507C01Rik, A1cf, A430033K04Rik, A630001G21Rik, Aamdc, Aatf, Abcc9, Abcg4, Abhd14b, Abl1, Ablim1, Ablim2, Ablim3, Abra, Abraxas1, Abt1, Acd, Acin1, Acod1, Acss2, Actb, Actl6a, Actl6b, Actn1, Actn2, Actn3, Actn4, Actr2, Actr3, Actr5, Actr6, Actr8, Actrt1, Acvr1, Acvr1b, Acvr2a, Acvr2b, Acvrl1, Adam3, Adarb1, Adcy1, Adcy10, Adcy8, Adcyap1, Adgrf1, Adgrg3, Adipoq, Adnp, Adora2a, Adora2b, Adora3, Adrb2, Aebp1, Aebp2, Afap1l2, Aff1, Aff3, Agap2, Ager, Ago1, Ago2, Ago3, Agrn, Agt, Agtr2, Ahcyl1, Ahdc1, Ahi1, Ahr, Ahrr, AI854703, AI987944, Aicda, Aifm1, Aim2, Aire, Ajuba, Akap8l, Akirin1, Akirin2, Akna, Akr1c6, Akt1, Akt2, Aldob, Alkbh5, Alx1, Alx3, Alx4, Ambra1, Amdhd2, Amot, Amotl2, Ang, Angel2, Ankle1, Ankrd1, Ankrd17, Ankrd2, Ankrd23, Ankrd31, Ankrd42, Ankrd49, Ankrd66, Antkmt, Anxa2, Anxa3, Anxa4, Ap3b1, Ap3d1, Apaf1, Apbb1, Apbb2, Apbb3, Apex1, Aplf, Apln, Apobec1, Apobec3, Apoe, App, Ar, Arap1, Arb2a, Arf4, Arglu1, Arhgef11, Arhgef2, Arhgef5, Arid1a, Arid1b, Arid2, Arid3a, Arid3b, Arid3c, Arid4a, Arid4b, Arid5a, Arid5b, Arl2, Arl2bp, Armcx3, Arnt, Arnt2, Arrb1, Arrb2, Arx, Ascc1, Ascc2, Ascl1, Ascl2, Ascl3, Ascl4, Ascl5, Ash1l, Ash2l, Asph, Asxl1, Asxl2, Asxl3, Atad2, Atad5, Atf1, Atf1-ps, Atf2, Atf3, Atf4, Atf5, Atf6, Atf6b, Atf7, Atf7ip, Atf7ip2, Atg7, Atm, Atmin, Atn1, Atoh1, Atoh7, Atoh8, Atp1b4, Atp2b4, Atp5if1, Atp8b1, Atpsckmt, Atr, Atrip, Atrx, Atxn1, Atxn1l, Atxn7, Atxn7l3, AU041133, Aunip, Aurkb, Auts2, AW146154, Axin1, Axin2, Aym1, B020011L13Rik, Babam1, Babam2, Bach1, Bach2, Bag4, Bahd1, Bambi, Banp, Bap1, Bard1, Barhl1, Barhl2, Barx1, Barx2, Basp1, Batf, Batf2, Batf3, Bax, Baz1a, Baz1b, Baz2a, Bbs7, Bbx, BC024063, Bcas3, Bckdk, Bcl10, Bcl11a, Bcl11b, Bcl2l1, Bcl2l12, Bcl3, Bcl6, Bcl6b, Bcl7a, Bcl7b, Bcl7c, Bcl9, Bcl9l, Bclaf1, Bclaf3, Bcor, Bcorl1, Bdnf, Bdp1, Bend3, Bend5, Bend6, Bex2, Bhlha15, Bhlha9, Bhlhe22, Bhlhe23, Bhlhe40, Bhlhe41, Bicra, Bicral, Bin1, Birc2, Birc5, Blm, Bloc1s2, Bmal1, Bmal2, Bmi1, Bmp10, Bmp15, Bmp2, Bmp3, Bmp4, Bmp5, Bmp6, Bmp7, Bmpr1a, Bmpr1b, Bmpr2, Bmyc, Bnc1, Bnc2, Boll, Bptf, Brca1, Brca2, Brcc3, Brcc3dc, Brd1, Brd2, Brd3, Brd4, Brd7, Brd8, Brd9, Brdt, Brf1, Brf2, Brip1, Brms1, Brms1l, Brpf1, Brpf3, Brwd1, Brwd3, Bsx, Btaf1, Btbd18, Btg2, Btrc, Bud23, Bud31, C1d, C1qbp, C3ar1, Cacng7, Cactin, Cacybp, Calcoco1, Calcr, Calr, Camk1, Camk1d, Camk2a, Camk2d, Camk4, Camta1, Camta2, Cand1, Capn3, Caprin1, Caprin2, Card11, Card14, Card9, Carf, Carhsp1, Carlr, Carm1, Casc3, Cask, Casp8ap2, Casz1, Cat, Cav1, Cavin2, Cavin4, Cbfa2t2, Cbfa2t3, Cbfb, Cbx1, Cbx2, Cbx3, Cbx4, Cbx5, Cbx6, Cbx7, Cbx8, Cby1, Cc2d1a, Cc2d1b, Ccar1, Ccar2, Ccdc117, Ccdc62, Ccdc85b, Ccl3, Ccn1, Ccna2, Ccnb1, Ccnc, Ccnd1, Ccnd3, Ccne1, Ccnh, Ccnk, Ccnl1, Ccnl2, Ccnq, Ccnt1, Ccnt2, Ccpg1, Cct2, Cct3, Cct4, Cct5, Cct6a, Cct7, Cct8, Cd200, Cd274, Cd28, Cd36, Cd38, Cd4, Cd40, Cd40lg, Cd74, Cd81, Cd84, Cda, Cdc14a, Cdc14b, Cdc42, Cdc5l, Cdc5lrt1, Cdc5lrt10, Cdc5lrt4, Cdc5lrt5, Cdc5lrt6, Cdc5lrt7, Cdc5lrt8, Cdc5lrt9, Cdc7, Cdc73, Cdca7, Cdca7l, Cdh1, Cdh13, Cdk1, Cdk12, Cdk13, Cdk2, Cdk2ap1, Cdk2ap1rt, Cdk5, Cdk5r1, Cdk5rap2, Cdk5rap3, Cdk6, Cdk7, Cdk8, Cdk9, Cdkn1a, Cdkn1b, Cdkn1c, Cdkn2a, Cdkn3, Cdon, Cdt1, Cdx1, Cdx2, Cdx4, Cdyl, Cebpa, Cebpb, Cebpd, Cebpe, Cebpg, Cebpz, Cela1, Celf1, Celf2, Celf3, Celf4, Celf5, Celf6, Celsr2, Cenpf, Cenpk, Cep290, Ces1d, Cflar, Cgas, Cggbp1, Chaserr, Chchd2, Chchd2-ps, Chd3, Chd4, Chd5, Chd6, Chd7, Chd8, Chek1, Chek2, Chp1, Chp2, Chrac1, Chtf18, Chtf8, Chuk, Churc1, Ciao1, Ciart, Cib1, Cic, Cidea, Ciita, Cipc, Cir1, Cirbp, Cited1, Cited2, Cited4, Ciz1, Ckap2, Cks1b, Cks2, Clcf1, Clec7a, Clns1a, Clock, Clu, Cmklr1, Cmtm2a, Cnbp, Cnot1, Cnot2, Cnot3, Cnot6, Cnot6l, Cnot7, Cnot8, Cnot9, Col1a1, Commd1, Commd6, Commd7, Cops2, Cops5, Coq7, Cpap, Cpeb1, Cpeb3, Cphx1, Cpped1, Creb1, Creb3, Creb3l1, Creb3l2, Creb3l3, Creb3l4, Creb5, Crebbp, Crebl2, Crebrf, Crebzf, Creg1, Crem, Crhr2, Cripto, Crlf3, Crnn, Crtc1, Crtc2, Crtc3, Crx, Crxos, Cry1, Cry2, Cryab, Crym, Csdc2, Csde1, Csf2, Csf3, Csnk2a1, Csrnp1, Csrnp2, Csrnp3, Csrp3, Cst3, Ctbp1, Ctbp2, Ctc1, Ctcf, Ctcfl, Ctdnep1, Ctdp1, Ctdsp1, Ctdsp2, Ctdspl, Ctdspl2, Cth, Ctnnb1, Ctnnbip1, Ctr9, Cul3, Cul4a, Cux1, Cux2, Cx3cl1, Cxcr3, Cxxc1, Cxxc5, Cyld, Cyp1b1, Cyren, Cys1, Cytl1, D1Pas1, Dab2, Dab2ip, Dach1, Dach2, Dact1, Dap, Daxx, Dazap1, Dazl, Dbf4, Dbp, Dbx1, Dbx2, Dcaf1, Dcaf6, Dcn, Dcp1a, Dcp1b, Dcp2, Dcps, Ddit3, Ddit4, Ddn, Ddr2, Ddrgk1, Ddx11, Ddx17, Ddx20, Ddx21, Ddx39b, Ddx3x, Ddx41, Ddx49, Ddx5, Ddx54, Deaf1, Dedd, Dek, Depdc1a, Dffa, Dffb, Dgkq, Dhrs7b, Dhx33, Dhx34, Dhx36, Dhx9, Dicer1, Dido1, Dimt1, Dis3l2, Dkc1, Dkk1, Dkk3, Dlg1, Dll1, Dll4, Dlx1, Dlx2, Dlx3, Dlx4, Dlx5, Dlx6, Dlx6os1, Dmap1, Dmbx1, Dmd, Dmrt1, Dmrt2, Dmrt3, Dmrta1, Dmrta2, Dmrtb1, Dmrtc2, Dmtf1, Dmtf1l, Dna2, Dnaja3, Dnajb1, Dnajb4, Dnajb5, Dnajb6, Dnajc17, Dnajc2, Dnajc30, Dnd1, Dnm1l, Dnmt1, Dnmt3a, Dnmt3b, Dnmt3l, Dot1l, Dpf1, Dpf2, Dpf3, Dr1, Drap1, Drd2, Drd3, Drgx, Drosha, Dscc1, Dtx3l, Dubr, Dusp1, Dusp10, Dusp12, Dusp13a, Dusp13b, Dusp14, Dusp15, Dusp18, Dusp19, Dusp2, Dusp21, Dusp22, Dusp23, Dusp26, Dusp28, Dusp29, Dusp3, Dusp4, Dusp5, Dusp6, Dusp7, Dusp8, Duxbl1, Duxf3, Duxf4, Dvl1, Dvl2, Dvl3, Dxo, Dynll1, Dyrk1a, Dyrk1b, E130311K13Rik, E230001N04Rik, E2f1, E2f2, E2f3, E2f4, E2f5, E2f6, E2f7, E2f8, E4f1, Eaf1, Eaf2, Eapp, Ebf1, Ebf2, Ebf3, Ebf4, Ecd, Ecm1, Ecsit, Edf1, Edn1, Ednrb, Edrf1, Eed, Eef1d, Efcab7, Efemp1, Efna1, Egf, Egfr, Egln1, Egr1, Egr2, Egr3, Egr4, Ehf, Ehmt1, Ehmt2, Eid1, Eid2, Eid2b, Eif1, Eif2ak2, Eif2ak3, Eif2ak4, Eif4a1, Eif4a3, Eif4a3l1, Eif4a3l2, Eif4enif1, Eif6, Elane, Elavl1, Elavl4, Elf1, Elf2, Elf3, Elf4, Elf5, Elk1, Elk3, Elk4, Ell, Ell2, Ell3, Eloa, Elp3, Elp4, Emsy, Emx1, Emx2, En1, En2, Endog, Eng, Eno1, Eno1b, Enpp1, Enpp7, Entpd1, Eny2, Eomes, Ep300, Ep400, Epas1, Epc1, Epc2, Epcam, Epha5, Epm2a, Epo, Epop, Erbb2, Erbb4, Erbin, Erc1, Ercc1, Ercc2, Ercc4, Ercc6, Ercc8, Ereg, Erf, Erfl, Erg, Ern2, Esco1, Esco2, Esr1, Esr2, Esrra, Esrrb, Esrrg, Esx1, Ets1, Ets2, Etv1, Etv2, Etv3, Etv3l, Etv4, Etv5, Etv6, Evx1, Evx2, Ewsr1, Exosc10, Exosc3, Exosc6, Exosc9, Eya1, Eya2, Eya3, Eya4, Ezh1, Ezh2, Ezr, F2r, F2rl1, Fabp4, Fadd, Faf1, Fam168a, Fam170a, Fam220a, Fam76b, Fanca, Fancb, Fancd2, Fank1, Fasl, Fastk, Fastkd1, Fastkd2, Fastkd3, Fastkd5, Fbh1, Fbln5, Fbp1, Fbxl19, Fbxo4, Fbxo5, Fbxw11, Fcgr2b, Fcor, Fer, Ferd3l, Fev, Fezf1, Fezf2, Fgf1, Fgf10, Fgf2, Fgf23, Fgf4, Fgf7, Fgf9, Fgfr1, Fgfr2, Fgfr3, Fgfr4, Fh1, Fhl2, Fhl5, Fhod1, Figla, Fignl1, Fip1l1, Fis1, Fiz1, Fkbp10, Fkbp11, Fkbp14, Fkbp1a, Fkbp1b, Fkbp2, Fkbp3, Fkbp4, Fkbp5, Fkbp7, Fkbp8, Fkbp9, Flcn, Fli1, Flna, Flt3l, Flywch1, Fmn2, Fmr1, Fnip1, Fnip2, Fos, Fosb, Fosl1, Fosl2, Foxa1, Foxa2, Foxa3, Foxb1, Foxb2, Foxc1, Foxc2, Foxd1, Foxd2, Foxd3, Foxd4, Foxe1, Foxe3, Foxf1, Foxf2, Foxg1, Foxh1, Foxi1, Foxi2, Foxi3, Foxj1, Foxj2, Foxj3, Foxk1, Foxk2, Foxl1, Foxl2, Foxl3, Foxm1, Foxn1, Foxn2, Foxn3, Foxn4, Foxo1, Foxo3, Foxo4, Foxo6, Foxp1, Foxp2, Foxp3, Foxp4, Foxq1, Foxr1, Foxr2, Foxs1, Frk, Fst, Fstl3, Fto, Fubp1, Fubp3, Fus, Fxr1, Fxr2, Fzd1, Fzd2, Fzd4, Fzd5, Fzd6, Fzd7, Gabpa, Gabpb1, Gabpb2, Gadd45a, Gal, Galr1, Galr2, Galr3, Gapdhs, Gas6, Gata1, Gata2, Gata3, Gata4, Gata5, Gata6, Gatad1, Gatad2a, Gatad2b, Gbp4, Gbx1, Gbx2, Gch1, Gck, Gclc, Gcm1, Gcm2, Gdf2, Gdf6, Gdf7, Gdnf, Gfer, Gfi1, Gfi1b, Ghrh, Gigyf2, Git1, Gja1, Gli1, Gli2, Gli3, Glis1, Glis2, Glis3, Glmp, Glo1, Glp1r, Glrp1, Gm10033, Gm12258, Gm14295, Gm14322, Gm14325, Gm14391, Gm14399, Gm14401, Gm14403, Gm14412, Gm14418, Gm14434, Gm14443, Gm14444, Gm15446, Gm17067, Gm17655, Gm19965, Gm20737, Gm20738, Gm20747, Gm20773, Gm20795, Gm20806, Gm20807, Gm20808, Gm20812, Gm20815, Gm20816, Gm20818, Gm20821, Gm20822, Gm20825, Gm20826, Gm20830, Gm20834, Gm20852, Gm20854, Gm20865, Gm20873, Gm20914, Gm20917, Gm20918, Gm21118, Gm21292, Gm21310, Gm21394, Gm21719, Gm21778, Gm21812, Gm21854, Gm2381, Gm28171, Gm32687, Gm35315, Gm3604, Gm4275, Gm45871, Gm4767, Gm4924, Gm5141, Gm6871, Gm7072, Gm7324, Gmcl1, Gmeb1, Gmeb2, Gmnc, Gmnn, Gmppa, Gnas, Gnl3, Gnl3l, Gon4l, Gpatch3, Gpbp1, Gpbp1l1, Gpd1, Gper1, Gps2, Grem1, Grhl1, Grhl2, Grhl3, Grin1, Grm5, Grsf1, Gsc, Gsc2, Gsdmd, Gsk3a, Gsk3b, Gsx1, Gsx2, Gtf2a1, Gtf2a2, Gtf2f1, Gtf2f2, Gtf2h1, Gtf2h2, Gtf2h3, Gtf2i, Gtf2ird1, Gtpbp1, Gtpbp4, Gtsf1, Guca1a, Guca1b, Gzf1, Gzma, H1f0, H1f1, H1f10, H1f2, H1f3, H1f4, H1f5, H1f6, H1f8, H1f9, H2az1, H3c14, Halr1, Hamp, Hand1, Hand2, Has3, Havcr2, Hax1, Hba-x, Hbb-bh1, Hbb-y, Hbp1, Hcfc1, Hcfc2, Hck, Hcls1, Hcrt, Hdac1, Hdac10, Hdac2, Hdac3, Hdac4, Hdac5, Hdac7, Hdac8, Hdac9, Hdgf, Hdgfl2, Hdx, Heatr1, Helb, Helq, Helt, Helz2, Hes1, Hes2, Hes3, Hes5, Hes6, Hes7, Hesx1, Hexb, Hexim1, Hexim2, Hey1, Hey2, Heyl, Hgf, Hhex, Hic1, Hic2, Hif1a, Hif1an, Hif3a, Hinfp, Hint1, Hipk1, Hipk2, Hipk3, Hira, Hivep1, Hivep2, Hivep3, Hjv, Hlf, Hltf, Hlx, Hmbox1, Hmces, Hmg20a, Hmg20b, Hmga1, Hmga1b, Hmga2, Hmgb1, Hmgb2, Hmgb4, Hmgn1, Hmgn2, Hmgn3, Hmgn5, Hmox1, Hmx1, Hmx2, Hmx3, Hnf1a, Hnf1b, Hnf4a, Hnf4g, Hnrnpa0, Hnrnpa2b1, Hnrnpab, Hnrnpc, Hnrnpd, Hnrnpk, Hnrnpl, Hnrnpr, Hnrnpu, Homez, Hopx, Hoxa1, Hoxa10, Hoxa11, Hoxa11os, Hoxa13, Hoxa2, Hoxa3, Hoxa4, Hoxa5, Hoxa6, Hoxa7, Hoxa9, Hoxb1, Hoxb13, Hoxb2, Hoxb3, Hoxb4, Hoxb5, Hoxb6, Hoxb7, Hoxb8, Hoxb9, Hoxc10, Hoxc11, Hoxc12, Hoxc13, Hoxc4, Hoxc5, Hoxc6, Hoxc8, Hoxc9, Hoxd1, Hoxd10, Hoxd11, Hoxd12, Hoxd13, Hoxd3, Hoxd4, Hoxd8, Hoxd9, Hp1bp3, Hr, Hras, Hsbp1, Hsbp1l1, Hsd11b1, Hsf1, Hsf2, Hsf3, Hsf4, Hsf5, Hspa1a, Hspa1b, Hspa8, Htatip2, Htr2a, Hyal2, Ice1, Ice2, Id1, Id2, Id3, Id4, Ier2, Ier3, Ier5, Ifi203, Ifi203-ps, Ifi204, Ifi206, Ifi207, Ifi208, Ifi209, Ifi213, Ifi214, Ifi27, Ifnar1, Ifnar2, Ifnb1, Ifng, Ifnk, Ifrd1, Ift172, Ift74, Igbp1, Igf1, Igf1r, Igf2, Igf2bp1, Igf2bp2, Igf2bp3, Igfbp3, Ighmbp2, Igsf1, Ihh, Ikbkb, Ikbke, Ikbkg, Ikzf1, Ikzf2, Ikzf3, Ikzf4, Ikzf5, Il10, Il11, Il13, Il17a, Il17f, Il18, Il18r1, Il18rap, Il1a, Il1b, Il1rap, Il2, Il22, Il23a, Il25, Il27ra, Il3, Il33, Il4, Il4i1, Il4i1b, Il5, Il6, Ilf2, Ilf3, Ilk, Ilkap, Impact, Ing1, Ing2, Ing3, Ing4, Ing5, Inhba, Ino80, Ino80b, Ino80c, Ino80d, Ino80e, Inpp5k, Inppl1, Ins1, Ins2, Insm1, Insm2, Insr, Ippk, Iqce, Irak1, Irak2, Irak3, Irf1, Irf2, Irf2bp1, Irf2bp2, Irf2bpl, Irf3, Irf4, Irf5, Irf6, Irf7, Irf8, Irf9, Irx1, Irx2, Irx3, Irx4, Irx5, Irx6, Isl1, Isl2, Isx, Itch, Itga6, Itga8, Itgb1bp1, Itgb3bp, Iws1, Jade1, Jade2, Jade3, Jag1, Jak2, Jak3, Jarid2, Jazf1, Jdp2, Jmjd1c, Jmjd6, Jmjd8, Jmy, Jph2, Jpx, Jun, Junb, Jund, Jup, Kank2, Kansl1, Kansl2, Kansl3, Kars1, Kat14, Kat2a, Kat2b, Kat5, Kat6a, Kat6b, Kat7, Kat8, Kcnh2, Kcnip3, Kcnk2, Kctd1, Kctd13, Kctd15, Kdm1a, Kdm2a, Kdm2b, Kdm3a, Kdm3b, Kdm4a, Kdm4c, Kdm4d, Kdm5a, Kdm5b, Kdm5c, Kdm5d, Kdm6a, Kdm6b, Kdm7a, Kdm8, Keap1, Khdc3, Khdrbs1, Khdrbs2, Khdrbs3, Khsrp, Kit, Klf1, Klf10, Klf11, Klf12, Klf13, Klf14, Klf15, Klf16, Klf17, Klf2, Klf3, Klf4, Klf5, Klf6, Klf7, Klf8, Klf9, Klhl15, Kmt2a, Kmt2b, Kmt2c, Kmt2d, Kmt2e, Kmt5a, Kmt5b, Kmt5c, Kpna6, L3mbtl1, L3mbtl2, L3mbtl3, L3mbtl4, Lacc1, Lamtor5, Lancl2, Larp1, Larp4b, Larp7, Larp7-ps, Lbh, Lbx1, Lbx2, Lcor, Lcorl, Ldb1, Ldb2, Lef1, Lefty1, Leo1, Lep, Lhx1, Lhx2, Lhx3, Lhx4, Lhx5, Lhx6, Lhx8, Lhx9, Lif, Lig3, Lilrb4a, Lilrb4b, Limd1, Lime1, Lims1, Lin28b, Lin37, Lin52, Lin54, Lin9, Litaf, Lmcd1, Lmna, Lmntd2, Lmo1, Lmo2, Lmo3, Lmo4, Lmo7, Lmx1a, Lmx1b, Loxl2, Loxl3, Lpar5, Lpin1, Lpin2, Lpin3, Lrif1, Lrp5, Lrp6, Lrpprc, Lrrc14, Lrrfip1, Lrrfip2, Lsm1, Ltf, Lum, Lyar, Lyl1, Macc1, Macroh2a1, Macroh2a2, Mad2l2, Mael, Maf, Maf1, Mafa, Mafb, Maff, Mafg, Mafk, Magea1, Magea10, Magea13, Magea14, Magea2, Magea3, Magea4, Magea5, Magea6, Magea8, Magea9, Mageb11, Mageb16, Mageb18, Mageb2, Mageb3, Mageb4, Mageb5, Mageb5b, Mageb6b1, Magec2, Maged1, Maged2, Magee1, Magee2, Mageh1, Magel2, Magoh, Magohb, Mak, Malat1, Malt1, Maml1, Maml2, Maml3, Mamld1, Mamstr, Map2k1, Map2k2, Map2k3, Map2k4, Map2k5, Map2k7, Map3k1, Map3k10, Map3k12, Map3k13, Map3k4, Map3k5, Mapk1, Mapk10, Mapk14, Mapk15, Mapk3, Mapk7, Mapk8, Mapk8ip1, Mapk9, Mapkapk2, Mapkapk5, Mapre3, Mars1, Mas1, Mavs, Max, Maz, Mbd1, Mbd2, Mbd3, Mbd3l1, Mbd3l2, Mbip, Mbnl1, Mbnl2, Mbtd1, Mbtps2, Mc1r, Mcf2l, Mcidas, Mcph1, Mcrs1, Mdfi, Mdfic, Mdfic2, Mdk, Mdm2, Mdm4, Me1, Me2, Meaf6, Mecom, Mecp2, Med1, Med10, Med11, Med12, Med12l, Med13, Med13l, Med14, Med15, Med16, Med17, Med18, Med19, Med20, Med21, Med22, Med23, Med24, Med25, Med26, Med27, Med28, Med29, Med30, Med31, Med4, Med6, Med7, Med8, Med9, Mef2a, Mef2b, Mef2c, Mef2d, Meioc, Meiosin, Meis1, Meis2, Meis3, Men1, Meox1, Meox2, Mepce, Mesp1, Mesp2, Met, Mettl1, Mettl13, Mettl14, Mettl16, Mettl18, Mettl23, Mettl3, Mettl4, Mex3d, Mga, Mgmt, Mical2, Mid2, Mideas, Mier1, Mier2, Mier3, Mir103-1, Mir103-2, Mir143, Mir144, Mir181b-1, Mir181b-2, Mir196a-1, Mir196a-2, Mir196b, Mir205hg, Mir3960, Mir451a, Mir451b, Mir466d, Mir466l, Mir7-1, Mir744, Mir7578, Mitf, Mixl1, Mkrn2, Mkx, Mlf1, Mlf2, Mlh1, Mlip, Mllt1, Mllt10, Mllt11, Mllt3, Mllt6, Mlst8, Mlx, Mlxip, Mlxipl, Mmp12, Mms19, Mn1, Mnat1, Mndal, Mnt, Mnx1, Morc1, Morc2a, Morc2b, Morc3, Morf4l1, Morf4l2, Mospd1, Mov10, Mphosph8, Mpv17, Mre11a, Mrgbp, Mrnip, Mrpl12, Mrtfa, Mrtfb, Msantd1, Msc, Msgn1, Msh2, Msh3, Msh6, Msl1, Msl2, Msl3, Mstn, Msx1, Msx2, Msx3, Mt3, Mta1, Mta2, Mta3, Mtch2, Mtdh, Mterf1a, Mterf1b, Mterf2, Mterf3, Mterf4, Mtf1, Mtnap1, Mtor, Mtpn, Mtres1, Mturn, Muc1, Mup1, Mup11, Mup2, Mup3, Mup4, Mup5, Musk, Mxd1, Mxd3, Mxd4, Mxi1, Myb, Mybbp1a, Mybl1, Mybl2, Myc, Mycbp, Mycl, Mycn, Mycs, Myd88, Mydgf, Myef2, Myf5, Myf6, Mynn, Myo1c, Myocd, Myod1, Myog, Myoz1, Myoz2, Mypop, Myrf, Myrfl, Mysm1, Myt1, Myt1l, Mzf1, N4bp2l2, Naa15, Nab1, Nab2, Nabp2, Nacc1, Nacc2, Naf1, Nampt, Nanog, Nanos1, Nanos2, Nanos3, Nat10, Nbas, Nbn, Ncbp1, Ncbp2, Nck1, Nck2, Ncl, Ncoa1, Ncoa2, Ncoa3, Ncoa6, Ncoa7, Ncor1, Ncor2, Ndfip1, Ndn, Ndp, Ndufa13, Ndufc2, Nedd4, Nedd8, Neil1, Nek2, Nek4, Nek7, Nelfa, Nelfb, Nelfcd, Nelfe, Neo1, Nepn, Neurod1, Neurod2, Neurod4, Neurod6, Neurog1, Neurog2, Neurog3, Nfat5, Nfatc1, Nfatc2, Nfatc2ip, Nfatc3, Nfatc4, Nfe2, Nfe2l1, Nfe2l2, Nfe2l3, Nfia, Nfib, Nfic, Nfil3, Nfilz, Nfix, Nfkb1, Nfkb2, Nfkbia, Nfkbid, Nfkbie, Nfkbil1, Nfkbiz, Nfrkb, Nfx1, Nfxl1, Nfya, Nfyb, Nfyc, Ngf, Ngfr, Nhlh1, Nhlh2, Niban2, Nicol1, Nif3l1, Nipbl, Nkap, Nkrf, Nktr, Nkx1-1, Nkx1-2, Nkx2-1, Nkx2-2, Nkx2-3, Nkx2-4, Nkx2-5, Nkx2-6, Nkx2-9, Nkx3-1, Nkx3-2, Nkx6-1, Nkx6-2, Nkx6-3, Nlk, Nlrc3, Nlrc4, Nlrc5, Nlrp12, Nlrp3, Nlrp5, Nmd3, Nme2, Nmnat1, Nobox, Noc2l, Noct, Nod1, Nod2, Nodal, Nog, Nol11, Nolc1, Nono, Nop53, Nos1, Nos3, Nostrin, Notch1, Notch2, Notch3, Notch4, Noto, Nova1, Nova2, Nox4, Npas1, Npas2, Npas3, Npas4, Npat, Npm1, Npm2, Npnt, Nppc, Nr0b1, Nr0b2, Nr1d1, Nr1d2, Nr1h2, Nr1h3, Nr1h4, Nr1h5, Nr1i2, Nr1i3, Nr2c1, Nr2c2, Nr2e1, Nr2e3, Nr2f1, Nr2f2, Nr2f6, Nr3c1, Nr3c2, Nr4a1, Nr4a2, Nr4a3, Nr5a1, Nr5a2, Nr6a1, Nrarp, Nrbf2, Nrde2, Nrf1, Nrg1, Nrip1, Nrip2, Nrl, Nscme3l, Nsd1, Nsd2, Nsd3, Nsmce3, Nsrp1, Nsun2, Ntf3, Ntn3, Ntrk1, Nts, Nucks1, Nudt16, Nudt16l1, Nufip1, Nuggc, Nup62, Nup85, Nup98, Nupr1, Nupr2, Nvl, Nwd1, Oas1a, Oas1b, Oas1c, Oas1d, Oas1e, Oas1f, Oas1g, Oas1h, Oas3, Obi1, Obox1, Obox2, Obox3, Obox4, Obox5, Obox6, Obox7, Obox8, Oga, Ogg1, Ogt, Olig1, Olig2, Olig3, Onecut1, Onecut2, Onecut3, Ooep, Oog1, Oog2, Oog3, Orc3, Orc5, Osm, Osr1, Osr2, Otp, Otub1, Otud7b, Otulin, Otx1, Otx2, Ovol1, Ovol2, Ovol3, P2rx2, P2rx7, P2ry1, Pa2g4, Pabpc1, Pabpc2, Pabpc4, Pabpn1, Pabpn1l, Paf1, Pagr1a, Paip1, Pak3, Pam, Pan2, Pan3, Parg, Park7, Parn, Parp1, Parp10, Parp3, Parp9, Parpbp, Pasd1, Pask, Patl1, Patl2, Patz1, Pawr, Pax1, Pax2, Pax3, Pax4, Pax5, Pax6, Pax7, Pax8, Pax9, Paxbp1, Paxip1, Pbrm1, Pbx1, Pbx2, Pbx3, Pbx4, Pbxip1, Pcbd1, Pcbd2, Pcbp1, Pcbp2, Pcbp3, Pcbp4, Pcgf1, Pcgf2, Pcgf3, Pcgf5, Pcgf6, Pcid2, Pck1, Pcna, Pdcd4, Pdcd7, Pde12, Pde2a, Pde3a, Pdgfb, Pdgfrb, Pdk1, Pdk2, Pdk3, Pdk4, Pdlim1, Pds5a, Pdx1, Pdxp, Peg3, Peli1, Pelp1, Per1, Per2, Per3, Perm1, Pex14, Pf4, Pfdn5, Pfkfb1, Pfkm, Pfn1, Pgam5, Pgr, Phax, Phb1, Phb2, Phc1, Phc2, Phc3, Phf10, Phf12, Phf13, Phf14, Phf19, Phf2, Phf20, Phf20l1, Phf21a, Phf3, Phf5a, Phf6, Phf8, Phip, Phlpp1, Phlpp2, Phox2a, Phox2b, Pias1, Pias2, Pias3, Pias4, Picalm, Pid1, Pif1, Pih1d1, Pik3r1, Pik3r2, Pim1, Pim2, Pin1, Pin1rt1, Pin4, Pink1, Pinx1, Pithd1, Pitx1, Pitx2, Pitx3, Piwil1, Piwil2, Piwil4, Pkd1, Pkd2, Pkhd1, Pkia, Pkib, Pkig, Pkm, Pkn1, Pknox1, Pknox2, Pkp1, Pkp3, Pla2g10, Plac8, Plag1, Plagl1, Plagl2, Platr25, Plcb1, Plcg2, Plekhn1, Plk1, Plk3, Plpp3, Plscr1, Pmf1, Pml, Pms2, Pnkp, Pnldc1, Pnp, Pnpt1, Pogk, Pogz, Pole3, Polg2, Polq, Polr2g, Pomc, Pot1a, Pot1b, Potefam3a, Potefam3b, Pou1f1, Pou2af1, Pou2af2, Pou2af3, Pou2f1, Pou2f2, Pou2f3, Pou3f1, Pou3f2, Pou3f3, Pou3f4, Pou4f1, Pou4f2, Pou4f3, Pou5f1, Pou5f2, Pou6f1, Pou6f2, Ppara, Ppard, Pparg, Ppargc1a, Ppargc1b, Ppef1, Ppef2, Pphln1, Ppia, Ppib, Ppic, Ppid, Ppie, Ppif, Ppig, Ppih, Ppil1, Ppil3, Ppil4, Ppm1a, Ppm1b, Ppm1d, Ppm1e, Ppm1f, Ppm1g, Ppm1h, Ppm1j, Ppm1k, Ppm1l, Ppm1m, Ppm1n, Ppp1ca, Ppp1cb, Ppp1cc, Ppp1r10, Ppp1r12a, Ppp1r13l, Ppp1r15a, Ppp2ca, Ppp2cb, Ppp2r5b, Ppp2r5d, Ppp3ca, Ppp3cb, Ppp3cc, Ppp3r1, Ppp4c, Ppp4r2, Ppp4r3a, Ppp4r3b, Ppp4r3c1, Ppp4r3c2, Ppp5c, Ppp6c, Pprc1, Pptc7, Ppwd1, Pramel1, Pramel7, Prdm1, Prdm10, Prdm11, Prdm12, Prdm13, Prdm14, Prdm15, Prdm16, Prdm2, Prdm4, Prdm5, Prdm6, Prdm8, Prdm9, Prdx2, Prdx3, Prdx5, Prdx6, Prdx6b, Preb, Prickle1, Prkaa1, Prkaa2, Prkaca, Prkag1, Prkag2, Prkag3, Prkcb, Prkcd, Prkcg, Prkch, Prkci, Prkcq, Prkcz, Prkd1, Prkd2, Prkdc, Prkn, Prl, Prl2c2, Prmt1, Prmt2, Prmt3, Prmt5, Prmt6, Prmt7, Prmt8, Prmt9, Prnp, Prop1, Prox1, Prox2, Prpf19, Prpf6, Prr5l, Prr7, Prrx1, Prrx2, Prxl2c, Psen1, Psen2, Psip1, Psma6, Psmc3ip, Psmc5, Psmc6, Psmd10, Psmd9, Pspc1, Psrc1, Ptafr, Ptbp1, Ptbp3, Ptcd2, Ptch1, Pten, Ptf1a, Ptges2, Ptges3, Ptgis, Ptgs2os, Pth, Pthlh, Ptk2b, Ptma, Ptms, Ptov1, Ptp4a3, Ptpa, Ptpmt1, Ptpn2, Ptprc, Ptprk, Ptprn, Puf60, Pum1, Pum2, Pura, Purb, Purg, Pus1, Pwp1, Pwwp2a, Pwwp2b, Pycard, Pygo1, Qars1, Qki, Qrich1, Rab7b, Rac1, Rad17, Rad18, Rad21, Rad50, Rad51, Rad51ap1, Rad52, Rad54l2, Radx, Raf1, Rai1, Ralgapa1, Raly, Rap2c, Rapgef3, Rara, Rarb, Rarg, Rasd1, Rasl11a, Rax, Rb1, Rbak, Rbbp4, Rbbp6, Rbbp7, Rbbp8, Rbck1, Rbfox1, Rbfox2, Rbfox3, Rbl1, Rbl2, Rbm10, Rbm11, Rbm14, Rbm15, Rbm15b, Rbm20, Rbm24, Rbm25, Rbm3, Rbm33, Rbm38, Rbm39, Rbm4, Rbm42, Rbm46, Rbm47, Rbm5, Rbm7, Rbm8a, Rbm8a2, Rbmx, Rbmxl1, Rbmxl2, Rbmy, Rbmyf1, Rbmyf3, Rbmyf6, Rbmyf9, Rbpj, Rbpjl, Rbpms, Rbpms2, Rc3h1, Rc3h2, Rcor1, Rcor2, Rcor3, Rd3, Recql5, Rel, Rela, Relb, Reln, Reno1, Repin1, Rere, Rest, Ret, Rex2, Rfc1, Rfc2, Rfc3, Rfc4, Rfc5, Rfx1, Rfx2, Rfx3, Rfx4, Rfx5, Rfx6, Rfx7, Rfx8, Rfxank, Rfxap, Rgcc, Rgma, Rgmb, Rgn, Rhebl1, Rhoa, Rhog, Rhoq, Rhox1, Rhox10, Rhox11, Rhox12, Rhox13, Rhox2a, Rhox2b, Rhox2c, Rhox2d, Rhox2f, Rhox2g, Rhox2h, Rhox3a, Rhox3c, Rhox3f, Rhox3g, Rhox3h, Rhox4a, Rhox4b, Rhox4c, Rhox4d, Rhox4e, Rhox4f, Rhox4g, Rhox5, Rhox6, Rhox7a, Rhox7b, Rhox8, Rhox9, Rida, Rif1, Rigi, Ring1, Riok1, Riok2, Riox1, Riox2, Ripk1, Ripk2, Ripk3, Ripk4, Ripply1, Ripply2, Ripply3, Rit2, Rlf, Rlim, Rmi2, Rnasel, Rnf10, Rnf126, Rnf14, Rnf141, Rnf168, Rnf169, Rnf187, Rnf2, Rnf20, Rnf220, Rnf25, Rnf31, Rnf4, Rnf40, Rnf6, Rnf8, Rnps1, Rock1, Rock2, Ror1, Ror2, Rora, Rorb, Rorc, Rpa2, Rpap2, Rpf2, Rpl10, Rpl10-ps3, Rpl23, Rprd1b, Rps14, Rps3, Rps6ka1, Rps6ka3, Rps6ka4, Rps6ka5, Rptor, Rreb1, Rrn3, Rrp1b, Rrp8, Rsf1, Rsl1, Rslcan18, Rtel1, Rtf1, Rtkn2, Rtraf, Runx1, Runx1t1, Runx2, Runx3, Ruvbl1, Ruvbl2, Rwdd1, Rwdd3, Rxra, Rxrb, Rxrg, Rybp, Rybp-ps, S100a1, S100a10, S1pr1, Safb, Safb2, Sall1, Sall2, Sall3, Sall4, Samd1, Samd11, Samd4, Samd4b, Samd7, Sap130, Sap18, Sap18b, Sap25, Sap30, Sap30bp, Sap30l, Sarnp, Sars1, Satb1, Satb2, Sbno1, Sbno2, Scaf4, Scaf8, Scai, Scand1, Scgb1a1, Scmh1, Scml2, Scml4, Scrt1, Scrt2, Scx, Sdcbp, Sdr16c5, Secisbp2, Sema4d, Senp1, Senp2, Senp3, Serpinf2, Sertad1, Sertad2, Sertad3, Setbp1, Setd2, Setd3, Setd4, Setd5, Setd6, Setd7, Setdb1, Setdb2, Setmar, Setx, Sf1, Sf3b1, Sf3b3, Sf3b5, Sfmbt1, Sfmbt2, Sfn, Sfpq, Sfr1, Sfrp1, Sfrp2, Sfrp4, Sfrp5, Sfswap, Sgf29, Sgms1os1, Sgsm1, Sh2b1, Shc1, Shh, Shld1, Shld2, Shld3, Shox2, Sik1, Sik2, Sim1, Sim2, Sin3a, Sin3b, Sinhcaf, Sirt1, Sirt2, Sirt3, Sirt6, Sirt7, Siva1, Six1, Six2, Six3, Six4, Six5, Six6, Skap1, Ski, Skil, Skor1, Skor2, Skp2, Sla2, Slc11a1, Slc15a4, Slc25a12, Slc2a6, Slc30a9, Slc38a3, Slc39a5, Slc39a8, Slc40a1, Slc4a1, Slc4a4, Slc9a1, Slco3a1, Slf1, Slf2, Slfn1, Slfn2, Slirp, Sltm, Slx1b, Slx4, Smad1, Smad2, Smad3, Smad4, Smad5, Smad6, Smad7, Smad9, Smarca1, Smarca2, Smarca4, Smarca5, Smarcad1, Smarcal1, Smarcb1, Smarcc1, Smarcc2, Smarcd1, Smarcd2, Smarcd3, Smarce1, Smc3, Smchd1, Smg1, Smg5, Smg6, Smo, Smoc2, Smtnl1, Smu1, Smyd1, Smyd2, Smyd3, Snai1, Snai2, Snai3, Snca, Snf8, Snrnp70, Snw1, Snx5, Snx6, Sod2, Sohlh1, Sohlh2, Son, Sorbs3, Sos1, Sost, Sox1, Sox10, Sox11, Sox12, Sox13, Sox14, Sox15, Sox17, Sox18, Sox2, Sox21, Sox3, Sox30, Sox4, Sox5, Sox6, Sox7, Sox8, Sox9, Sp1, Sp100, Sp110, Sp140, Sp140l1, Sp140l2, Sp2, Sp3, Sp4, Sp5, Sp6, Sp7, Sp8, Sp9, Spag8, Spdef, Spen, Sphk1, Sphk2, Spi1, Spib, Spic, Spidr, Spin1, Spin2c, Spin2d, Spin2e, Spin2g, Spin2h, Spin4, Spindoc, Spire1, Spire2, Spocd1, Spop, Spp1, Spty2d1, Spx, Spz1, Sqstm1, Sra1, Src, Srebf1, Srebf2, Srf, Srpk1, Srpk2, Srpk3, Srrm1, Srrm4, Srrt, Srsf1, Srsf10, Srsf12, Srsf19, Srsf2, Srsf3, Srsf4, Srsf6, Srsf7, Srsf9, Sry, Ss18, Ss18l1, Ssbp1, Ssbp2, Ssbp3, Ssbp4, Ssh1, Ssh2, Ssh3, Ssty1, Ssty2, Ssu72, Ssxa1, St18, Stat1, Stat2, Stat3, Stat4, Stat5a, Stat5b, Stat6, Sting1, Stk16, Stk36, Stn1, Stox1, Stox2, Stra8, Strap, Strm, Strn3, Sub1, Suds3, Sufu, Sumo1, Sumo2, Supt20, Supt3, Supt4a, Supt4b, Supt5, Supt6, Supt7l, Supv3l1, Suv39h1, Suv39h2, Suz12, Syk, Syncrip, T, Tacc1, Tada1, Tada2a, Tada2b, Tada3, Taf1, Taf10, Taf11, Taf12, Taf13, Taf15, Taf1d, Taf2, Taf3, Taf4, Taf4b, Taf5, Taf5l, Taf6, Taf6l, Taf7, Taf8, Taf9, Taf9b, Tagln3, Tal1, Tal2, Tardbp, Tasor, Tasp1, Tax1bp1, Tbk1, Tbl1x, Tbl1xr1, Tbp, Tbr1, Tbrg4, Tbx1, Tbx10, Tbx15, Tbx18, Tbx19, Tbx2, Tbx20, Tbx21, Tbx22, Tbx3, Tbx4, Tbx5, Tbx6, Tcea1, Tcea2, Tcea3, Tceal7, Tceanc, Tceanc2, Tcerg1, Tcf12, Tcf15, Tcf20, Tcf21, Tcf23, Tcf24, Tcf25, Tcf3, Tcf4, Tcf7, Tcf7l1, Tcf7l2, Tcfl5, Tcp1, Tcp10a, Tcp10b, Tcp10c, Tdg, Tdrd3, Tead1, Tead2, Tead3, Tead4, Tef, Ten1, Tenm1, Tenm2, Tent2, Tent4a, Tent4b, Tent5a, Tent5b, Tent5c, Tent5d, Terc, Terf1, Terf2, Terf2ip, Tert, Tesc, Tescl, Tesmin, Tet1, Tet2, Tet3, Tex15, Tex24, Tfam, Tfap2a, Tfap2b, Tfap2c, Tfap2d, Tfap2e, Tfap4, Tfcp2, Tfcp2l1, Tfdp1, Tfdp2, Tfe3, Tfeb, Tfec, Tfpt, Tfr2, Tfrc, Tgfb1, Tgfb1i1, Tgfb2, Tgfb3, Tgfbr1, Tgfbr3, Tgfbrap1, Tgif1, Tgif2, Thap1, Thap11, Thap3, Thap7, Thra, Thrap3, Thrb, Tia1, Ticam1, Ticrr, Tigar, Timeless, Tinf2, Tipin, Tirap, Tle1, Tle2, Tle3, Tle4, Tle5, Tle6, Tlr2, Tlr3, Tlr4, Tlr7, Tlr9, Tlx1, Tlx2, Tlx3, Tmbim6, Tmem161a, Tmf1, Tmigd3, Tmpo, Tmprss6, Tmsb4x, Tnf, Tnfaip1, Tnfaip3, Tnfrsf11a, Tnfrsf1a, Tnfrsf1b, Tnfrsf4, Tnfsf11, Tnfsf13, Tnfsf18, Tnfsf4, Tnfsf8, Tnip1, Tnip2, Tnip3, Tnks, Tnks2, Tnni2, Tnp1, Tnrc6a, Tnrc6b, Tnrc6c, Tob1, Top2a, Top2b, Topors, Tox, Tox2, Tox3, Tox4, Tpk1, Tpr, Tra2a, Tra2b, Traf1, Traf2, Traf3, Traf3ip1, Traf3ip2, Traf5, Traf6, Traf7, Traip, Trak2, Trappc9, Trdmt1, Trem2, Trerf1, Trex1, Trf, Triap1, Trib1, Trib2, Trib3, Trim11, Trim12a, Trim12c, Trim13, Trim14, Trim15, Trim21, Trim24, Trim25, Trim26, Trim27, Trim28, Trim29, Trim30a, Trim30b, Trim30c, Trim30d, Trim31, Trim32, Trim37, Trim38, Trim40, Trim44, Trim5, Trim52, Trim6, Trim62, Trim63, Trim66, Trim71, Trim8, Trip4, Trmt112, Tro, Trp53, Trp53bp1, Trp53inp1, Trp53inp2, Trp63, Trp73, Trps1, Trpv1, Trpv4, Trrap, Tsc2, Tsc22d1, Tsc22d2, Tsc22d3, Tsc22d4, Tsg101, Tshz1, Tshz2, Tshz3, Tsix, Tspo, Tspyl2, Tssk4, Ttc21b, Ttc5, Ttf1, Tunar, Tut4, Tut7, Twist1, Twist2, Txk, Txn1, Txnip, U2af2, Uba3, Ube2b, Ube2e1, Ube2i, Ube2l3, Ube2n, Ube2v2, Ube3a, Ublcp1, Ubp1, Ubqln4, Ubtf, Ubtfl1, Uchl1, Uchl5, Ucn, Ucp1, Ufl1, Uhrf1, Uimc1, Uncx, Upf1, Upf3a, Upf3b, Uri1, Usf1, Usf2, Usf3, Usp1, Usp13, Usp16, Usp2, Usp21, Usp22, Usp3, Usp36, Usp37, Usp47, Usp51, Usp7, Utf1, Utp15, Utp4, Uxt, Vax1, Vax2, Vcp, Vdr, Vegfa, Vezf1, Vgll1, Vgll2, Vgll3, Vgll4, Vhl, Vim, Vip, Vps72, Vrtn, Vsx1, Vsx2, Wac, Wapl, Was, Wasl, Wbp2, Wbp2nl, Wdr43, Wdr48, Wdr5, Wdr75, Wdr77, Wdr82, Wdtc1, Wfs1, Wiz, Wnk1, Wnt1, Wnt10b, Wnt11, Wnt2, Wnt3a, Wnt4, Wnt5a, Wnt6, Wnt7a, Wrap53, Wrn, Wrnip1, Wt1, Wtap, Wtip, Wwc1, Wwc2, Wwox, Wwp1, Wwp2, Wwtr1, Xbp1, Xcl1, Xpa, Xpc, Xpo1, Xrcc1, Xrcc4, Xrcc5, Xrcc6, Yaf2, Yap1, Ybx1, Ybx2, Ybx3, Yeats2, Yeats4, Yes1, Ylpm1, Ythdc1, Ythdf1, Ythdf2, Ythdf3, Ywhab, Ywhah, Ywhaq, Ywhaq-ps3, Ywhaz, Yy1, Yy2, Zar1, Zbed3, Zbed4, Zbed6, Zbtb1, Zbtb10, Zbtb11, Zbtb12, Zbtb14, Zbtb16, Zbtb17, Zbtb18, Zbtb2, Zbtb20, Zbtb21, Zbtb22, Zbtb24, Zbtb25, Zbtb26, Zbtb3, Zbtb32, Zbtb33, Zbtb34, Zbtb37, Zbtb38, Zbtb39, Zbtb4, Zbtb40, Zbtb41, Zbtb42, Zbtb43, Zbtb45, Zbtb46, Zbtb47, Zbtb48, Zbtb49, Zbtb5, Zbtb6, Zbtb7a, Zbtb7b, Zbtb7c, Zbtb8a, Zbtb8b, Zbtb9, Zc3h12a, Zc3h12d, Zc3h14, Zc3h18, Zc3h4, Zc3h6, Zc3h8, Zc3hav1, Zc4h2, Zcchc12, Zcchc17, Zcwpw1, Zeb1, Zeb2, Zfa-ps, Zfat, Zfhx2, Zfhx3, Zfhx4, Zfp1, Zfp1004, Zfp1005, Zfp1006, Zfp1007, Zfp101, Zfp1010, Zfp105, Zfp11, Zfp110, Zfp111, Zfp112, Zfp113, Zfp119a, Zfp119b, Zfp12, Zfp120, Zfp125, Zfp128, Zfp13, Zfp131, Zfp14, Zfp141, Zfp142, Zfp143, Zfp146, Zfp148, Zfp157, Zfp160, Zfp169, Zfp174, Zfp175, Zfp180, Zfp182, Zfp184, Zfp189, Zfp2, Zfp202, Zfp212, Zfp213, Zfp217, Zfp219, Zfp229, Zfp236, Zfp239, Zfp24, Zfp248, Zfp251, Zfp26, Zfp260, Zfp263, Zfp266, Zfp267, Zfp268, Zfp27, Zfp273, Zfp275, Zfp276, Zfp28, Zfp280b, Zfp280c, Zfp280d, Zfp281, Zfp286, Zfp287, Zfp292, Zfp296, Zfp3, Zfp30, Zfp316, Zfp317, Zfp318, Zfp319, Zfp322a, Zfp324, Zfp326, Zfp329, Zfp334, Zfp335, Zfp341, Zfp345, Zfp35, Zfp352, Zfp354a, Zfp354b, Zfp354c, Zfp358, Zfp36, Zfp362, Zfp365, Zfp366, Zfp367, Zfp369, Zfp36l1, Zfp36l2, Zfp36l3, Zfp37, Zfp382, Zfp383, Zfp384, Zfp386, Zfp39, Zfp395, Zfp397, Zfp398, Zfp40, Zfp407, Zfp408, Zfp41, Zfp410, Zfp418, Zfp42, Zfp420, Zfp422, Zfp423, Zfp426, Zfp429, Zfp433, Zfp438, Zfp442, Zfp444, Zfp445, Zfp446, Zfp449, Zfp451, Zfp454, Zfp455, Zfp456, Zfp457, Zfp458, Zfp459, Zfp46, Zfp462, Zfp467, Zfp469, Zfp472, Zfp473, Zfp488, Zfp493, Zfp503, Zfp507, Zfp51, Zfp512b, Zfp513, Zfp516, Zfp518a, Zfp518b, Zfp52, Zfp521, Zfp523, Zfp524, Zfp53, Zfp534, Zfp536, Zfp54, Zfp541, Zfp551, Zfp553, Zfp558, Zfp560, Zfp563, Zfp566, Zfp568, Zfp57, Zfp574, Zfp575, Zfp579, Zfp58, Zfp580, Zfp582, Zfp583, Zfp59, Zfp593, Zfp595, Zfp597, Zfp599, Zfp60, Zfp600, Zfp605, Zfp606, Zfp607a, Zfp607b, Zfp608, Zfp609, Zfp612, Zfp616, Zfp617, Zfp619, Zfp62, Zfp623, Zfp626, Zfp628, Zfp629, Zfp637, Zfp639, Zfp64, Zfp641, Zfp644, Zfp646, Zfp647, Zfp648, Zfp65, Zfp652, Zfp653, Zfp654, Zfp655, Zfp658, Zfp661, Zfp663, Zfp664, Zfp667, Zfp668, Zfp672, Zfp677, Zfp68, Zfp683, Zfp689, Zfp69, Zfp691, Zfp692, Zfp696, Zfp697, Zfp7, Zfp703, Zfp704, Zfp706, Zfp707, Zfp708, Zfp709, Zfp710, Zfp711, Zfp712, Zfp715, Zfp719, Zfp72, Zfp729a, Zfp729b, Zfp735, Zfp738, Zfp74, Zfp740, Zfp746, Zfp747, Zfp747l1, Zfp748, Zfp750, Zfp758, Zfp759, Zfp760, Zfp763, Zfp764, Zfp764l1, Zfp768, Zfp770, Zfp771, Zfp772, Zfp773, Zfp775, Zfp777, Zfp78, Zfp780b, Zfp784, Zfp786, Zfp787, Zfp788, Zfp790, Zfp791, Zfp799, Zfp808, Zfp809, Zfp81, Zfp810, Zfp811, Zfp819, Zfp82, Zfp820, Zfp821, Zfp825, Zfp827, Zfp84, Zfp846, Zfp85, Zfp850, Zfp853, Zfp865, Zfp866, Zfp867, Zfp868, Zfp869, Zfp87, Zfp870, Zfp871, Zfp872, Zfp873, Zfp874a, Zfp874b, Zfp879, Zfp882, Zfp9, Zfp90, Zfp91, Zfp92, Zfp93, Zfp930, Zfp931, Zfp932, Zfp933, Zfp934, Zfp935, Zfp937, Zfp938, Zfp940, Zfp941, Zfp942, Zfp943, Zfp944, Zfp945, Zfp946, Zfp947, Zfp948, Zfp949, Zfp950, Zfp951, Zfp952, Zfp954, Zfp955a, Zfp955b, Zfp956, Zfp958, Zfp959, Zfp960, Zfp961, Zfp963, Zfp964, Zfp966, Zfp97, Zfp970, Zfp971, Zfp973, Zfp974, Zfp975, Zfp976, Zfp977, Zfp979, Zfp980, Zfp981, Zfp982, Zfp983, Zfp984, Zfp985, Zfp987, Zfp988, Zfp989, Zfp990, Zfp991, Zfp992, Zfp994, Zfp995, Zfp998, Zfpm1, Zfpm2, Zfta, Zfx, Zfy1, Zfy2, Zglp1, Zgpat, Zhx1, Zhx2, Zhx3, Zic1, Zic2, Zic3, Zic4, Zic5, Zik1, Zim1, Zkscan1, Zkscan14, Zkscan16, Zkscan17, Zkscan2, Zkscan3, Zkscan4, Zkscan5, Zkscan6, Zkscan7, Zkscan8, Zmiz1, Zmiz2, Zmpste24, Zmym2, Zmym5, Zmynd11, Zmynd15, Zmynd8, Znhit1, Zp3, Zranb3, Zscan10, Zscan12, Zscan2, Zscan20, Zscan21, Zscan22, Zscan25, Zscan26, Zscan29, Zscan4-ps1, Zscan4-ps2, Zscan4-ps3, Zscan4b, Zscan4c, Zscan4d, Zscan4e, Zscan4f, Zscan5b, Zswim8, Zxdb, Zxdc, Zzz3
GO:0048523	negative regulation of cellular process	5581	134	81.3	5.2e-10	5.353919999999999e-7	1810024B03Rik, 2210016L21Rik, 2610042L04Rik, 4930503L19Rik, 4930550C14Rik, 5730507C01Rik, A1cf, A430033K04Rik, A4gnt, Aamdc, Aars1, Aars2, Aatf, Abat, Abca12, Abca2, Abca5, Abca7, Abcb7, Abcc2, Abcc8, Abcc9, Abcd1, Abcd2, Abcg1, Abhd17a, Abhd17b, Abhd17c, Abhd2, Abhd5, Abhd6, Abi3, Abl1, Abl2, Abr, Abraxas1, Abraxas2, Acaa2, Acacb, Acadl, Acadvl, Acan, Acd, Ace, Ace2, Acer2, Acin1, Ackr3, Acmsd, Acod1, Acot1, Acot11, Acot13, Acot8, Acp4, Acp5, Acsl4, Actb, Actc1, Actl6a, Actl6b, Actn2, Actn3, Actn4, Actr3, Actr6, Actrt1, Acvr1, Acvr1b, Acvr1c, Acvr2b, Acvrl1, Ada, Adam10, Adam15, Adam17, Adam8, Adamts12, Adamts18, Adamts20, Adamts5, Adamts7, Adamts9, Adamtsl2, Adar, Adarb1, Adck1, Adcy10, Adcy6, Adcy7, Adcy8, Adcyap1, Add1, Add2, Add3, Adgra2, Adgrb1, Adgrf5, Adgrg1, Adgrg3, Adgrv1, Adipoq, Adipor1, Adipor2, Adm, Adnp, Adora1, Adora2a, Adora2b, Adora3, Adprs, Adra1a, Adra1b, Adra2a, Adrb2, Adtrp, Aebp1, Aebp2, Afdn, Aff2, Agap2, Agbl4, Ager, Ago1, Ago2, Ago3, Ago4, Agrn, Agt, Agtpbp1, Agtr1a, Agtr2, Ahi1, Ahr, Ahrr, Ahsg, Aicda, Aida, Aif1, Aifm2, Aim2, Aimp1, Aimp2, Aipl1, Airn, Ajap1, Ajuba, Akain1, Akap1, Akap6, Akap8, Akirin1, Akirin2, Akna, Akr1a1, Akr1b1, Akr1c18, Akr1c6, Akt1, Akt1s1, Akt2, Akt3, Alad, Aldh1a1, Aldh1a2, Aldh2, Aldob, Alg13, Alk, Alkbh1, Alkbh3, Alkbh5, Alms1, Alox12, Alox5, Alox8, Alpk2, Alx1, Ambra1, Amdhd2, Amer1, Amer2, Amfr, Amigo2, Amigo3, Amot, Amotl2, Anapc15, Anapc15-ps, Anapc2, Ang, Ang2, Ang3, Ang4, Ang5, Ang6, Angel2, Angpt1, Angpt2, Angpt4, Angptl4, Ank2, Ank3, Ankle1, Ankle2, Ankrd1, Ankrd13a, Ankrd13b, Ankrd13d, Ankrd17, Ankrd2, Ankrd26, Ankrd27, Ankrd6, Anks1, Anp32b, Antxr1, Anxa1, Anxa2, Anxa4, Anxa5, Anxa6, Anxa7, Anxa8, Ap1ar, Ap2a1, Ap2m1, Apbb1, Apbb2, Apbb3, Apc, Apc2, Apcdd1, Apcs, Apela, Apex1, Api5, Apip, Apln, Aplnr, Aplp1, Apoa1, Apoa2, Apoa4, Apobec1, Apobec3, Apoc1, Apoc2, Apoc2l, Apoc3, Apod, Apoe, Apoh, Apom, App, Appl1, Appl2, Aqp1, Aqp11, Aqp4, Ar, Araf, Arap1, Arb2a, Arc, Areg, Arel1, Arf1, Arf4, Arf6, Arfgef1, Arfip1, Arg1, Arg2, Arhgap1, Arhgap10, Arhgap12, Arhgap17, Arhgap22, Arhgap24, Arhgap25, Arhgap28, Arhgap29, Arhgap33os, Arhgap35, Arhgap4, Arhgap42, Arhgap44, Arhgap45, Arhgap6, Arhgap8, Arhgdia, Arhgdib, Arhgef15, Arhgef18, Arhgef2, Arhgef7, Arid1a, Arid2, Arid4a, Arid4b, Arid5a, Arid5b, Arl6ip1, Arl6ip5, Arln, Armc10, Arnt2, Arpc2, Arpin, Arr3, Arrb1, Arrb2, Arrdc1, Arrdc3, Arx, Asah2, Asb15, Asb3, Ascl1, Ascl2, Ascl3, Ascl5, Ash1l, Asic1, Asic2, Asns, Asph, Aspm, Aspn, Ass1, Astl, Astn2, Asxl1, Asxl2, Asxl3, Asz1, Atad1, Atad3a, Atad5, Atcay, Atf2, Atf3, Atf4, Atf5, Atf6b, Atf7, Atf7ip, Atg101, Atg12, Atg13, Atg14, Atg3, Atg5, Atg7, Atg9a, Atm, Atn1, Atoh1, Atoh8, Atox1, Atp1a1, Atp1a2, Atp1b2, Atp2b1, Atp2b4, Atp5f1a, Atp5f1b, Atp5if1, Atp5pf, Atp6v0c, Atp7a, Atp8b1, Atp9a, Atr, Atraid, Atrip, Atrx, Atxn1, Atxn1l, Atxn2, Atxn3, Atxn7, Aunip, Aurka, Aurkb, Aven, Avil, Avp, Avpr1a, Avpr2, Axin1, Axin2, Axl, AY074887, Azi2, Azin1, Azin2, B2m, B4galnt2, B4galt1, B4galt7, Babam1, Babam2, Bace2, Bach1, Bach2, Bad, Bag1, Bag2, Bag3, Bag4, Bag5, Bag6, Bahd1, Bak1, Bambi, Banf1, Bank1, Banp, Bap1, Bard1, Barhl1, Barx1, Barx2, Basp1, Batf3, Bax, Baz1a, Baz1b, Baz2a, Bbc3, Bbof1, Bbs10, Bbs12, Bbs2, Bbs4, Bc1, Bcar1, Bcdin3d, Bche, Bcl10, Bcl11a, Bcl11b, Bcl2, Bcl2a1a, Bcl2l1, Bcl2l10, Bcl2l12, Bcl2l2, Bcl3, Bcl6, Bcl6b, Bcl7a, Bcl7b, Bcl7c, Bcl9l, Bclaf1, Bcor, Bcorl1, Bcr, Bdkrb1, Bdkrb2, Bdnf, Becn1, Becn2, Bend3, Bend5, Bend6, Bex1, Bex2, Bex3, Bex4, Bex6, Bfar, Bhlha15, Bhlhb9, Bhlhe22, Bhlhe23, Bhlhe40, Bhlhe41, Bicc1, Bicd1, Bicra, Bicral, Bid, Bin1, Birc2, Birc3, Birc5, Birc6, Birc7, Blm, Blvrb, Bmal1, Bmerb1, Bmf, Bmi1, Bmp10, Bmp2, Bmp4, Bmp5, Bmp6, Bmp7, Bmper, Bmpr1a, Bmpr1b, Bmpr2, Bmyc, Bnip3, Bnip3l, Bnip3l-ps, Bnipl, Bok, Boll, Bpi, Bpifa1, Bpifa5, Bpifb1, Bptf, Braf, Brap, Brca1, Brca2, Brcc3, Brcc3dc, Brd4, Brd7, Brd9, Brf1, Brinp1, Brinp2, Brinp3, Brip1, Brms1, Brms1l, Brsk1, Brsk2, Bscl2, Bst2, Btaf1, Btbd18, Btc, Btf3, Btg1, Btg2, Btg3, Btg4, Btk, Btla, Btn2a2, Btnl2, Btrc, Bub1, Bub1b, Bub3, C1d, C1qbp, C1qc, C1ql4, C1qtnf1, C1qtnf12, C1qtnf3, C5ar1, C5ar2, C9orf72, Cabin1, Cabp1, Cacna1a, Cacna1c, Cacna1f, Cacna1s, Cacnb4, Cacng7, Cactin, Cadm1, Cadm4, Calcr, Calm1, Calm2, Calm3, Calr, Camk1d, Camk2b, Camk2d, Caml, Camsap1, Camsap2, Camsap3, Capg, Capn1, Capn3, Caprin1, Caprin2, Capza1, Capza1b, Capza2, Capza3, Capzb, Card10, Card14, Carhsp1, Carlr, Carm1, Carmil1, Carmil2, Cartpt, Casc3, Cask, Casp2, Casp3, Casp8, Casp8ap2, Casq1, Casq2, Cast, Castor1, Castor2, Casz1, Cat, Cav1, Cav2, Cav3, Cavin3, Cbarp, Cbfa2t2, Cbfa2t3, Cbfb, Cbl, Cblb, Cblc, Cbll1, Cbln1, Cbs, Cbx1, Cbx2, Cbx3, Cbx4, Cbx5, Cbx6, Cbx7, Cbx8, Cby1, Cc2d1a, Cc2d1b, Ccar1, Ccar2, Ccdc125, Ccdc22, Ccdc3, Ccdc85b, Ccdc88c, Ccl11, Ccl12, Ccl17, Ccl19, Ccl19-ps1, Ccl19-ps3, Ccl19-ps4, Ccl19-ps5, Ccl19-ps6, Ccl21a, Ccl21b, Ccl21d, Ccl21e, Ccl21f, Ccl25, Ccl28, Ccl3, Ccl5, Ccl9, Ccm2l, Ccn1, Ccn2, Ccn3, Ccn4, Ccn5, Ccn6, Ccnb1, Ccnb1-ps, Ccnc, Ccnd1, Ccnd2, Ccnd3, Ccne1, Ccnf, Ccng1, Ccnk, Ccp110, Ccr1, Ccr1l1, Ccr2, Ccr5, Ccr7, Cd109, Cd160, Cd19, Cd200, Cd200r1, Cd22, Cd24a, Cd27, Cd274, Cd276, Cd28, Cd2ap, Cd300a, Cd300lf, Cd34, Cd36, Cd37, Cd38, Cd3e, Cd40lg, Cd44, Cd46, Cd47, Cd59a, Cd59b, Cd63, Cd69, Cd74, Cd80, Cd83, Cd84, Cd86, Cd9, Cd96, Cda, Cdc14b, Cdc20, Cdc34, Cdc34b, Cdc42, Cdc42se1, Cdc5l, Cdc5lrt1, Cdc5lrt10, Cdc5lrt4, Cdc5lrt5, Cdc5lrt6, Cdc5lrt7, Cdc5lrt8, Cdc5lrt9, Cdc6, Cdc73, Cdca8, Cdh1, Cdh11, Cdh13, Cdh2, Cdh3, Cdh5, Cdhr2, Cdk1, Cdk10, Cdk11b, Cdk12, Cdk13, Cdk2, Cdk20, Cdk2ap2, Cdk3, Cdk5, Cdk5r1, Cdk5rap1, Cdk5rap2, Cdk5rap3, Cdk6, Cdk8, Cdk9, Cdkl3, Cdkn1a, Cdkn1b, Cdkn1c, Cdkn2a, Cdkn2aip, Cdkn2b, Cdkn2c, Cdkn2d, Cdsn, Cdt1, Cdx2, Cdx4, Cdyl, Ceacam1, Ceacam2, Cebpa, Cebpb, Cebpd, Cela1, Celf1, Celf2, Celf4, Cemip, Cenatac, Cend1, Cenpe, Cenpf, Cenpv, Cep192, Cep43, Cep63, Cep78, Cep85, Cep97, Cer1, Cerkl, Cers1, Cers2, Ces1a, Ces1b, Ces1c, Ces1d, Ces1e, Ces1f, Ces1g, Ces1h, Cfdp1, Cfl1, Cflar, Cftr, Cgas, Cggbp1, Cgnl1, Cgref1, Cgrrf1, Ch25h, Chac1, Chadl, Chaserr, Chd3, Chd4, Chd5, Chd7, Chd8, Chek1, Chek2, Cherp, Chfr, Chga, Chid1, Chl1, Chlsn, Chmp1a, Chmp2a, Chmp4c, Chmp6, Chordc1, Chp1, Chrd, Chrdl1, Chrdl2, Chrna10, Chrna7, Chrna9, Chrnb2, Chst11, Chtf18, Ciapin1, Ciart, Cib1, Cic, Cidea, Cidec, Ciita, Cilp, Cipc, Cir1, Cirbp, Cish, Cit, Cited1, Cited2, Ckap2, Ckmt1, Clasp1, Clasp2, Clcf1, Cldn18, Cldn19, Cldn3, Cldn5, Cldn7, Clec12a, Clec12b, Clec16a, Clec2d, Clec2g, Clec2i, Clec4a2, Clec4a3, Clec4a4, Clec4b1, Clec4g, Clec5a, Clic4, Clip3, Clk2, Clmn, Cln3, Cln8, Clnk, Clock, Clp1, Clspn, Clstn3, Cltc, Clu, Cmklr1, Cmtm2a, Cmtm5, Cmya5, Cnbp, Cnih2, Cnksr3, Cnmd, Cnn1, Cnn2, Cnot1, Cnot10, Cnot11, Cnot2, Cnot3, Cnot6, Cnot6l, Cnot7, Cnot8, Cnot9, Cnpy2, Cnr1, Cnr2, Cntf, Cntfr, Cntn2, Cntn4, Cntnap2, Coa8, Col1a1, Col2a1, Col3a1, Col4a3, Col5a1, Col5a2, Commd1, Commd7, Comp, Comt, Cops2, Cops5, Cops8, Cops9, Coq7, Coro1a, Coro1b, Coro1c, Coro2b, Cox11, Cpb2, Cpeb1, Cpeb2, Cpeb3, Cpeb4, Cpne1, Cptp, Cracd, Crb2, Crbn, Creb1, Creb3, Creb3l1, Crebbp, Crebrf, Crebzf, Crem, Crh, Crhbp, Crhr1, Crhr2, Crim1, Cripto, Crk, Crkl, Crlf1, Crlf3, Crmp1, Crp, Crtam, Crtap, Crtc3, Cry1, Cry2, Cryaa, Cryab, Cryba1, Crym, Csdc2, Csde1, Csf1r, Csf2, Csk, Csnk1a1, Csnk1e, Csnk2a1, Csnk2a2, Csnk2b, Cspg4, Csrp3, Cst3, Cst7, Csta1, Csta2, Csta3, Cstb, Cstdc3, Cstdc4, Cstdc5, Cstdc6, Ctbp1, Ctbp2, Ctc1, Ctcf, Ctdp1, Ctdsp1, Ctdsp2, Ctdspl, Ctdspl2, Cth, Cthrc1, Ctif, Ctla2a, Ctla4, Ctnna1, Ctnna2, Ctnnb1, Ctnnbip1, Ctnnd1, Ctns, Ctr9, Cts7, Ctsa, Ctsc, Ctsg, Ctsh, Ctsl, Ctsz, Cttn, Cttnbp2nl, Cuedc2, Cul3, Cul4a, Cux1, Cux2, Cx3cl1, Cx3cr1, Cxadr, Cxcl10, Cxcl11, Cxcl12, Cxcl13, Cxcl14, Cxcl9, Cxcr2, Cxcr3, Cxxc4, Cxxc5, Cyba, Cyfip1, Cygb, Cyld, Cyp19a1, Cyp1b1, Cyp26b1, Cyp27b1, Cyp2j6, Cyp51, Cyp7a1, Cyp7b1, Cyren, Cyrib, Cys1, Cysltr2, Cyth2, D130043K22Rik, D1Pas1, D7Ertd443e, Daam2, Dab1, Dab2, Dab2ip, Dach1, Dact1, Dact2, Dact3, Dad1, Dag1, Dand5, Dap, Dapk1, Dapk3, Dapl1, Daxx, Dazl, Dbi, Dbn1, Dbndd2, Dcaf1, Dcaf5, Dcbld2, Dclk1, Dclk2, Dclk3, Dcn, Dcp1a, Dcp1b, Dcp2, Dcps, Dcst1, Dcstamp, Dcun1d3, Ddah1, Ddb1, Ddias, Ddit3, Ddit4, Ddit4l, Ddr1, Ddr2, Ddrgk1, Ddx17, Ddx20, Ddx3x, Ddx3y, Ddx4, Ddx5, Ddx54, Ddx56, Ddx6, Deaf1, Dedd, Defb21, Dennd5a, Depdc1a, Depdc5, Deptor, Derl2, Derl3, Dffa, Dffb, Dgat2, Dgcr8, Dgkd, Dgkg, Dgki, Dgkq, Dgkz, Dguok, Dhcr24, Dhrs2, Dhrs3, Dhrs7b, Dhrs7c, Dhx34, Dhx36, Dhx58, Dhx9, Diaph1, Diaph2, Diaph3, Dicer1, Dip2a, Dip2b, Dipk2a, Dis3, Dis3l, Dis3l2, Disp3, Dixdc1, Dkc1, Dkk1, Dkk2, Dkk3, Dkk4, Dkkl1, Dlc1, Dlec1, Dleu2, Dlg1, Dlg4, Dlg5, Dlk1, Dlk2, Dll1, Dll3, Dll4, Dlx1, Dlx2, Dlx4, Dmap1, Dmbx1, Dmd, Dmrt1, Dmrt1i, Dmtn, Dna2, Dnai3, Dnaja1, Dnaja3, Dnaja4, Dnajb1, Dnajb11, Dnajb2, Dnajb4, Dnajb5, Dnajb6, Dnajb8, Dnajb9, Dnajc10, Dnajc15, Dnajc17, Dnajc2, Dnajc3, Dnajc5, Dnd1, Dnm1, Dnm1l, Dnm2, Dnm3, Dnmt1, Dnmt3a, Dnmt3b, Dnmt3l, Dock7, Dock8, Dok1, Dok2, Donson, Dot1l, Dpep1, Dpf2, Dph3, Dpp4, Dpp8, Dpp9, Dpt, Dpysl3, Dpysl5, Dr1, Drap1, Draxin, Drd1, Drd2, Drd3, Drd4, Drd5, Drosha, Dsc1, Dscam, Dscaml1, Dsg3, Dspp, Dstyk, Dtl, Dtnbp1, Dtx1, Dtx3l, Dubr, Dusp1, Dusp10, Dusp13b, Dusp15, Dusp16, Dusp19, Dusp2, Dusp22, Dusp26, Dusp29, Dusp3, Dusp4, Dusp5, Dusp6, Dusp7, Dusp8, Dusp9, Dvl1, Dxo, Dync1i2, Dync1li1, Dynll1, Dynlt1b, Dyrk1a, Dyrk2, Dyrk3, Dysf, E130311K13Rik, E2f1, E2f3, E2f6, E2f7, E2f8, E4f1, Eaf2, Eapp, Ecm1, Ecrg4, Edc3, Edc4, Edn1, Edn2, Edn3, Ednra, Ednrb, Eed, Eef1e1, Eef2k, Efemp1, Efemp2, Efna1, Efna5, Efnb2, Efnb3, Egfl7, Egfr, Egln1, Egr1, Egr3, Ehmt1, Ehmt2, Ei24, Eid1, Eid2, Eid2b, Eif2a, Eif2ak1, Eif2ak2, Eif2ak3, Eif2ak4, Eif2s1, Eif3a, Eif3e, Eif3h, Eif4a3, Eif4a3l1, Eif4a3l2, Eif4e, Eif4e2, Eif4ebp1, Eif4ebp2, Eif4ebp3, Eif4enif1, Eif4g1, Eif4g2, Eif5a, Eif6, Elane, Elavl1, Elavl4, Elf1, Elf2, Elf3, Elf4, Elf5, Elk3, Elk4, Ell3, Elob, Eloc, Emd, Eme1, Eme2, Emilin1, Emilin2, Eml2, Eml4, En1, En2, Enc1, Endog, Endou, Eng, Eno1, Eno1b, Enpp1, Enpp2, Enpp3, Enpp7, Entpd1, Entrep1, Eny2, Eomes, Ep300, Epas1, Epb41l5, Epc1, Epcam, Epha1, Epha2, Epha3, Epha4, Epha5, Epha7, Ephb1, Ephb2, Epm2a, Epn2, Epo, Epor, Eppin, Eppk1, Eprs1, Eps8, Epx, Erbb2, Erbb3, Erbb4, Erbin, Ercc1, Ercc4, Ercc5, Ercc6, Erdr1x, Ereg, Erfe, Eri1, Erlec1, Erlin1, Erlin2, Erln, Ern1, Ern2, Ero1a, Erp29, Errfi1, Espn, Esr1, Esr2, Esrra, Esrrb, Esx1, Etaa1, Etf1, Etfbkmt, Ets1, Ets2, Etv3, Etv4, Etv6, Evi2b, Evi5l, Evl, Exd1, Exosc10, Exosc2, Exosc3, Exosc4, Exosc5, Exosc6, Exosc7, Exosc8, Exosc9, Extl3, Eya1, Eya2, Eya3, Eya4, Ezh1, Ezh2, Ezr, F11r, F2, F2r, F2rl1, F2rl3, F8a, Fabp1, Fabp4, Fabp5, Fadd, Faim, Faim2, Faiml, Fam107a, Fam220a, Fam3d, Fam76b, Fam89b, Fancb, Fancd2, Fank1, Fap, Fas, Fasl, Fastk, Fastkd1, Fastkd2, Fastkd3, Fastkd5, Fat3, Fate1, Fbh1, Fbln1, Fbln5, Fbn1, Fbn2, Fbp1, Fbxl2, Fbxo11, Fbxo2, Fbxo24, Fbxo31, Fbxo4, Fbxo43, Fbxo5, Fbxo7, Fbxw11, Fbxw7, Fcer1g, Fcgr2b, Fcmr, Fcor, Fcrl5, Fem1a, Fem1b, Fer, Ferd3l, Fermt1, Fermt2, Fetub, Fez1, Fez2, Fezf1, Fezf2, Ffar1, Ffar2, Ffar3, Ffar4, Fga, Fgb, Fgf10, Fgf13, Fgf15, Fgf2, Fgf20, Fgf21, Fgf23, Fgf4, Fgf8, Fgf9, Fgfr1, Fgfr2, Fgfr3, Fgfr4, Fgfrl1, Fgg, Fgl1, Fgl2, Fgr, Fhit, Fhl1, Fhl2, Fhod3, Fig4, Fignl1, Fignl2, Fis1, Fkbp1a, Fkbp1b, Fkbp4, Fkbp6, Fkbp8, Fktn, Flcn, Flii, Flna, Flot2, Flt1, Flt3, Flt3l, Flt4, Flywch1, Fmc1, Fmn2, Fmo1, Fmo2, Fmo4, Fmr1, Fn1, Fndc3b, Fnip1, Fnip2, Fnta, Fntb, Focad, Fosl1, Foxa1, Foxa2, Foxa3, Foxb1, Foxc1, Foxc2, Foxd1, Foxd3, Foxe1, Foxe3, Foxf1, Foxf2, Foxg1, Foxh1, Foxj1, Foxj2, Foxk1, Foxk2, Foxl2, Foxm1, Foxn3, Foxo1, Foxo3, Foxo4, Foxp1, Foxp2, Foxp3, Foxp4, Foxq1, Foxr1, Foxs1, Frk, Frmd4a, Frmd5, Frmd7, Frmd8, Frs2, Fry, Frzb, Fscb, Fst, Fstl1, Fstl3, Fstl4, Fth1, Fto, Ftx, Fuom, Furin, Fus, Fuz, Fxn, Fxr1, Fxr2, Fxyd1, Fxyd2, Fyn, Fzd1, Fzd3, Fzd4, Fzd5, Fzd6, Fzd7, Fzd9, Fzr1, G2e3, G3bp1, G6pd2, G6pdx, Gabarapl2, Gabbr1, Gabpa, Gadd45a, Gadd45b, Gadd45g, Gak, Gal, Gapdh, Gapdh-ps15, Gapdhrt, Gapdhrt2, Garem1, Gas1, Gas2l1, Gas2l2, Gas5, Gas6, Gata1, Gata2, Gata3, Gata4, Gata5, Gata6, Gatad2a, Gatad2b, Gba1, Gbe1, Gbp4, Gbp7, Gcg, Gch1, Gchfr, Gck, Gckr, Gclc, Gclm, Gcm2, Gcnt2, Gcsam, Gdf11, Gdf15, Gdf2, Gdf3, Gdf5, Gdf9, Gdi1, Gdi2, Gdnf, Gdpd5, Gen1, Gfap, Gfer, Gfi1, Gfpt1, Gfra2, Gfral, Gga3, Ggnbp2, Ghitm, Ghrh, Ghrl, Ghsr, Gigyf2, Gimap3, Gimap5, Gipc1, Gipr, Git1, Gja1, Gjb6, Gjc2, Gjd3, Gkn3, Gla, Glce, Glg1, Gli1, Gli2, Gli3, Glis1, Glis2, Glis3, Glmn, Glo1, Glp1r, Glra1, Glrp1, Gm17067, Gm266, Gm38999, Gm4275, Gm4924, Gmfb, Gmfg, Gmip, Gmnc, Gmnn, Gmppa, Gna12, Gna13, Gnai1, Gnai2, Gnai3, Gnal, Gnao1, Gnaq, Gnaz, Gnb1l, Gnb5, Gng4, Gnl3l, Gnrh1, Gnrhr, Golga2, Golph3, Gon4l, Gopc, Gorasp1, Got1, Gp1ba, Gp1bb, Gp5, Gp9, Gpam, Gpat2, Gpatch3, Gpc1, Gpc3, Gpd1l, Gper1, Gpi1, Gpld1, Gpm6b, Gpnmb, Gpr108, Gpr132, Gpr137, Gpr137b, Gpr155, Gpr15lg, Gpr161, Gpr171, Gpr173, Gpr174, Gpr18, Gpr21, Gpr35, Gpr37l1, Gpr39, Gpr55, Gpr68, Gprasp1, Gprc5a, Gps2, Gpx1, Gpx4, Gramd4, Grb10, Grb14, Grb7, Grem1, Grem2, Gria1, Gria4, Grid2, Grid2ip, Grik1, Grik2, Grik3, Grin1, Grin2a, Grin2b, Grin2c, Grina, Gripap1, Grk1, Grk2, Grk3, Grk4, Grk5, Grk6, Grm2, Grm5, Grm7, Grn, Grp, Gsc, Gsdma3, Gsdme, Gsk3a, Gsk3b, Gskip, Gsn, Gspt1, Gspt2, Gstm7, Gsto1, Gstp-ps, Gstp1, Gstp2, Gstp3, Gtf2ird1, Gtpbp1, Gtpbp2, Gtpbp4, Gtsf1, Gzf1, Gzma, Gzmb, Gzmc, Gzmn, H19, H1f0, H1f1, H1f10, H1f2, H1f3, H1f4, H1f5, H1f6, H1f8, H1f9, H2-Aa, H2-D1, H2-K1, H2-M3, H2-T23, H2ab1, H2ab2, H2ab3, H2ac1, H2ac10, H2ac11, H2ac12, H2ac13, H2ac15, H2ac19, H2ac20, H2ac21, H2ac22, H2ac23, H2ac24, H2ac25, H2ac4, H2ac6, H2ac7, H2ac8, H2aj, H2al1b, H2al1e, H2al1f, H2al1j, H2al1k, H2al1m, H2al1n, H2al1o, H2al2a, H2al2b, H2al3, H2ap, H2ax, H2az1, H2az2, H2bc21, H3c14, H3f3a, H3f3b, Habp4, Hacd3, Hadh, Halr1, Hamp, Hamp2, Hand1, Hand2, Hap1, Hapstr1, Has1, Haspin, Hat1, Havcr2, Hax1, Hba-x, Hbb-bh1, Hbb-y, Hbegf, Hbp1, Hbs1l, Hc, Hcar1, Hcar2, Hcfc1, Hcfc2, Hck, Hcls1, Hcrt, Hdac1, Hdac10, Hdac2, Hdac3, Hdac4, Hdac5, Hdac6, Hdac7, Hdac8, Hdac9, Hdgf, Hdgfl3, Heca, Hectd1, Heg1, Helb, Hells, Helt, Helz, Helz2, Henmt1, Herc1, Herc2, Herc4, Herpud1, Hes1, Hes2, Hes3, Hes5, Hes6, Hes7, Hesx1, Hexim1, Hexim2, Hey1, Hey2, Heyl, Hfe, Hgf, Hgs, Hhatl, Hhex, Hhip, Hic1, Hif1a, Hif1an, Higd1a, Higd2a, Hinfp, Hint2, Hip1r, Hipk1, Hipk2, Hipk3, Hivep1, Hjv, Hk1, Hk2, Hk3, Hlx, Hmbox1, Hmg20a, Hmg20b, Hmga1, Hmga1b, Hmga2, Hmgb1, Hmgb2, Hmgb3, Hmgcr, Hmgn2, Hmgn5, Hmox1, Hmx1, Hnf1a, Hnf1b, Hnf4a, Hnrnpa0, Hnrnpa2b1, Hnrnpab, Hnrnpc, Hnrnpd, Hnrnpk, Hnrnpl, Hnrnpr, Hnrnpu, Homer2, Homer3, Hook3, Hopx, Hormad1, Hotair, Hoxa2, Hoxa5, Hoxa7, Hoxa9, Hoxb13, Hoxb3, Hoxb4, Hoxb8, Hoxc10, Hoxc8, Hoxd8, Hoxd9, Hpgd, Hpgds, Hpn, Hr, Hras, Hrc, Hrg, Hrh1, Hrh3, Hsbp1, Hsbp1l1, Hsf1, Hsf4, Hsf5, Hsh2d, Hsp90ab1, Hsp90b1, Hspa1a, Hspa1b, Hspa2, Hspa4, Hspa5, Hspa8, Hspa9, Hspb1, Hspb2, Hspb6, Hspd1, Hspg2, Hsph1, Htr1b, Htr2a, Htr2b, Htr2c, Htr6, Htr7, Htra1, Htra2, Htra3, Htt, Hus1, Hus1b, Huwe1, Hyal1, Hyal2, Hyou1, Hypk, Iapp, Ibtk, Icam1, Id1, Id2, Id3, Id4, Ide, Idh2, Idi2, Ido1, Idua, Ier3, Ifi203, Ifi203-ps, Ifi206, Ifi207, Ifi208, Ifi209, Ifi213, Ifi214, Ifi27, Ifi30, Ifi35, Ifit3, Ifit3b, Ifitm1, Ifitm3, Ifna, Ifna11, Ifnb1, Ifng, Ifrd1, Ifrd2, Ift122, Ift172, Ift52, Ift57, Ift74, Ift80, Ift88, Igbp1, Igf1, Igf1r, Igf2, Igf2bp1, Igf2bp2, Igf2bp3, Igfbp3, Igfbp5, Ighmbp2, Igsf1, Igtp, Ihh, Ik, Ikbkb, Ikbke, Ikbkg, Ikzf1, Ikzf4, Ikzf5, Il10, Il10ra, Il11, Il12a, Il12b, Il13, Il13ra2, Il15, Il15ra, Il17d, Il17rd, Il18, Il18r1, Il19, Il1a, Il1b, Il1r2, Il1rapl1, Il1rl1, Il1rn, Il2, Il20rb, Il23a, Il23r, Il24, Il27ra, Il2ra, Il2rb, Il3, Il33, Il36g, Il36rn, Il4, Il4i1, Il4i1b, Il4ra, Il6, Il6ra, Il6st, Il7, Il7r, Ildr2, Ilf3, Ilk, Ilrun, Impact, Inca1, Incenp, Ing1, Ing2, Ing4, Ing5, Inha, Inhba, Inhbb, Inip, Inpp4b, Inpp5a, Inpp5d, Inpp5e, Inpp5f, Inpp5j, Inpp5k, Inppl1, Ins1, Ins2, Insig1, Insig2, Insl3, Insl6, Insm1, Insm2, Insr, Ints1, Ints3, Ints7, Ints9, Intu, Invs, Ip6k1, Ip6k2, Ipo7, Iqcb1, Iqgap1, Iqgap3, Iqschfp, Iqsec2, Irak1, Irak3, Ireb2, Irf1, Irf2bp1, Irf2bp2, Irf2bpl, Irf4, Irf6, Irf8, Irgm1, Irgm2, Irs1, Irs2, Irx1, Irx2, Irx3, Irx4, Irx6, Iscu, Isg15, Isl1, Isl2, Israa, Isx, Isyna1, Itch, Itfg2, Itga1, Itga3, Itga5, Itga6, Itgam, Itgav, Itgb1, Itgb1bp1, Itgb3, Itgb3bp, Itgb8, Itm2a, Itm2b, Itm2c, Itpkb, Itpr1, Itpr2, Itpr3, Itprip, Itsn1, Ivns1abp, Jade1, Jag1, Jagn1, Jak2, Jak3, Jam2, Jam3, Jarid2, Jazf1, Jdp2, Jmjd6, Jph2, Jph3, Jpx, Jsrp1, Jun, Jund, Jup, Kalrn, Kank1, Kank2, Kank3, Kank4, Kantr, Kat14, Kat2a, Kat2b, Kat5, Kat6a, Kat6b, Kat8, Katna1, Katnb1, Kcnab1, Kcnb1, Kcnc4, Kcne1, Kcne2, Kcne3, Kcne4, Kcne5, Kcnh2, Kcnh8, Kcnip3, Kcnj1, Kcnj11, Kcnj6, Kcnk2, Kcnk9, Kcnn4, Kcnq1, Kcnq1ot1, Kcnq4, Kcnrg, Kctd1, Kctd10, Kctd11, Kctd13, Kctd15, Kctd21, Kctd6, Kdf1, Kdm1a, Kdm2a, Kdm2b, Kdm4a, Kdm5a, Kdm5b, Kdm5c, Kdm6a, Kdm8, Kdr, Keap1, Kel, Khdc3, Khdrbs1, Khsrp, Kics2, Kif14, Kif24, Kif26a, Kif7, Kifap3, Kifc1, Kirrel1, Kirrel2, Kiss1, Kiss1r, Kit, Kitl, Klf10, Klf11, Klf12, Klf13, Klf15, Klf16, Klf17, Klf2, Klf3, Klf4, Klf5, Klf7, Klf8, Klf9, Klhl15, Klhl20, Klhl22, Klhl25, Klhl31, Klhl40, Klk14, Klrb1b, Klrd1, Klre1, Klrk1, Kmt2a, Kmt2b, Kmt2d, Kmt5a, Kng1, Kng2, Knl1, Kntc1, Kpna7, Kptn, Kras, Kremen1, Krit1, Krt16, Krt18, Krt4, L3mbtl1, L3mbtl2, L3mbtl3, L3mbtl4, Lag3, Lama4, Lamb1, Lamp2, Lamp3, Lamtor5, Lancl2, Laptm4b, Laptm5, Larp1, Larp4b, Larp7, Larp7-ps, Lats1, Lats2, Lax1, Lbh, Lbp, Lbr, Lbx1, Lck, Lcmt1, Lcn2, Lcor, Ldb1, Ldb2, Ldc1, Ldlr, Ldlrad4, Lect2, Lef1, Lefty1, Lemd2, Lemd3, Leo1, Lep, Lepr, Leprot, Leprotl1, Letm1, Lfng, Lgals1, Lgals3, Lgals9, Lgmn, Lgr4, Lhcgr, Lhx1, Lhx2, Lhx3, Lhx4, Lhx9, Lif, Lifr, Lig3, Lig4, Lilra5, Lilrb4a, Lilrb4b, Lima1, Limch1, Limd1, Lime1, Limk1, Limk2, Lims1, Lims2, Lin28a, Lin28b, Lin37, Lingo1, Litaf, Lmbr1l, Lmcd1, Lmna, Lmnb1, Lmnb2, Lmo1, Lmo2, Lmo3, Lmo4, Lmod1, Lmod2, Lmod3, Lmx1a, Lnpep, Lonp1, Lox, Loxl2, Loxl3, Lpar1, Lpcat1, Lpcat3, Lpin1, Lpl, Lpxn, Lrch1, Lrfn5, Lrif1, Lrig2, Lrp1, Lrp2, Lrp3, Lrp4, Lrp5, Lrp6, Lrpap1, Lrpprc, Lrrc14, Lrrc15, Lrrc17, Lrrc32, Lrrfip1, Lrrk1, Lrrk2, Lrrtm1, Lrrtm2, Lrsam1, Lsm1, Lsm14a, Lsm14b, Lsm2, Lsm4, Lsm5, Lsm6, Lsm7, Lst1, Lta, Ltbp1, Ltbp3, Ltf, Ltk, Luzp1, Ly6g6e, Lyar, Lyn, Lypd1, Lypd3, Lypla1, Lyplal1, Lztfl1, Lztr1, Lzts1, Lzts2, Macir, Macroh2a1, Macroh2a2, Mad1l1, Mad2l1, Mad2l1bp, Mad2l2, Madd, Maea, Mael, Maf, Maf1, Mafb, Mafk, Mag, Magea1, Magea10, Magea13, Magea14, Magea2, Magea3, Magea4, Magea5, Magea6, Magea8, Magea9, Mageb11, Mageb16, Mageb18, Mageb2, Mageb3, Mageb4, Mageb5, Mageb5b, Mageb6b1, Magec2, Maged1, Maged2, Magee1, Magee2, Mageh1, Magel2, Magi2, Magoh, Magohb, Mak, Malrd1, Malsu1, Maob, Map1a, Map1b, Map2, Map2k1, Map2k2, Map2k3, Map2k4, Map2k5, Map2k6, Map3k1, Map3k10, Map3k12, Map3k20, Map3k3, Map3k7, Map4k4, Map6d1, Mapk1, Mapk10, Mapk11, Mapk12, Mapk14, Mapk15, Mapk3, Mapk7, Mapk8, Mapk8ip1, Mapk8ip2, Mapk8ip3, Mapkap1, Mapkapk2, Mapkapk5, Mapkbp1, Mapre1, Mapt, Marchf7, Marchf8, Mark1, Mark3, Marveld3, Mas1, Mavs, Max, Maz, Mbd1, Mbd2, Mbd3, Mbd3l1, Mbd3l2, Mbd4, Mbip, Mbnl3, Mbp, Mbtd1, Mbtps1, Mbtps2, Mc1r, Mcc, Mcidas, Mcl1, Mcoln1, Mcph1, Mcrs1, Mctp1, Mcub, Mdc1, Mdfi, Mdfic, Mdfic2, Mdga1, Mdga2, Mdk, Mdm1, Mdm2, Mdm4, Meak7, Mecom, Mecp2, Med1, Med25, Med28, Med31, Mef2a, Mef2c, Mefv, Megf8, Meioc, Meis1, Meis2, Meis3, Meltf, Men1, Meox2, Mepce, Mertk, Mesp1, Met, Mettl1, Mettl13, Mettl14, Mettl16, Mettl21c, Mettl3, Mettl4, Mex3d, Mfhas1, Mfn1, Mfn2, Mfsd12, Mfsd2a, Mfsd8, Mgarp, Mgat3, Mgat4d, Mgll, Mgmt, Mgrn1, Mia3, Mib1, Mical1, Mid1, Mid1ip1, Mideas, Midn, Mien1, Mier1, Mier2, Mier3, Mif, Miip, Mill1, Milr1, Minar1, Mir100, Mir101a, Mir101b, Mir106a, Mir106b, Mir107, Mir10a, Mir124-2hg, Mir1247, Mir124a-1, Mir124a-1hg, Mir124a-2, Mir124a-3, Mir125a, Mir125b-1, Mir125b-2, Mir129, Mir129-1, Mir129-2, Mir133a-1, Mir133a-1hg, Mir133a-2, Mir133b, Mir134, Mir135a-1, Mir135a-2, Mir137, Mir140, Mir143, Mir144, Mir146, Mir154, Mir155, Mir15a, Mir17, Mir18, Mir181b-1, Mir181b-2, Mir182, Mir183, Mir186, Mir18b, Mir196a-1, Mir196a-2, Mir196b, Mir199a-2, Mir19b-1, Mir19b-2, Mir1a-1, Mir1a-2, Mir1b, Mir200a, Mir200b, Mir203, Mir204, Mir205, Mir208b, Mir20a, Mir20b, Mir210, Mir214, Mir217, Mir218, Mir218-1, Mir218-2, Mir219a-1, Mir219a-2, Mir21a, Mir21b, Mir21c, Mir221, Mir223, Mir23a, Mir24-1, Mir24-2, Mir25, Mir26a-1, Mir26a-2, Mir26b, Mir290a, Mir292, Mir293, Mir294, Mir295, Mir296, Mir29a, Mir29b-1, Mir29b-2, Mir29c, Mir301, Mir30a, Mir30c-1, Mir30c-2, Mir320, Mir324, Mir33, Mir330, Mir338, Mir34a, Mir34b, Mir34c, Mir351, Mir363, Mir370, Mir382, Mir3960, Mir411, Mir423, Mir448, Mir449a, Mir449b, Mir449c, Mir450b, Mir451a, Mir451b, Mir466l, Mir470, Mir489, Mir494, Mir495, Mir504, Mir505, Mir511, Mir539, Mir541, Mir543, Mir668, Mir669a-1, Mir669a-10, Mir669a-2, Mir669a-3, Mir669a-4, Mir669a-5, Mir669a-6, Mir669a-7, Mir669a-8, Mir669a-9, Mir675, Mir696, Mir7-1, Mir7-2, Mir702, Mir7116, Mir7578, Mir7b, Mir873a, Mir874, Mir875, Mir9-1, Mir92-1, Mir92-2, Mir93, Mir96, Mir98, Mirlet7a-1, Mirlet7a-2, Mirlet7b, Mirlet7c-1, Mirlet7c-2, Mirlet7e, Mirlet7g, Mis18a, Mitf, Mixl1, Mkks, Mkrn2, Mkx, Mlh1, Mlip, Mllt1, Mllt3, Mlst8, Mlx, Mlxipl, Mmp11, Mmp12, Mmp14, Mmp2, Mmp28, Mmp3, Mmp9, Mmrn1, Mmrn2, Mn1, Mnat1, Mndal, Mnt, Mnx1, Mob4, Morc1, Morc2a, Morc2b, Morc3, Morn3, Mos, Mosmo, Mospd1, Mov10, Mov10l1, Mphosph8, Mphosph9, Mpig6b, Mpl, Mpv17l, Mpz, Mrap, Mrap2, Mre11a, Mrln, Mrnip, Mrpl13, Mrtfa, Mrto4, Ms4a2, Msc, Msh2, Msh3, Msh6, Msr1, Mst1, Mstn, Msx1, Msx1os, Msx2, Msx3, Mt1, Mt3, Mta1, Mta2, Mta3, Mtbp, Mtch2, Mtcl2, Mtdh, Mterf3, Mtf2, Mtm1, Mtmr2, Mtmr4, Mtmr9, Mtnr1a, Mtnr1b, Mtor, Mtpap, Mtpn, Mtrnr2l7, Mtss1, Muc1, Muc16, Muc2, Muc21, Muc4, Mul1, Mup1, Mup11, Mup2, Mup3, Mup4, Mup5, Mus81, Musk, Mutyh, Mvk, Mvp, Mxd1, Mxd3, Mxd4, Mxi1, Myadm, Myb, Mybbp1a, Myc, Mycbp2, Mycn, Mycs, Myd88, Mydgf, Myef2, Myf6, Myh9, Myl2, Mylip, Mynn, Myo16, Myo18a, Myo1f, Myo5a, Myoc, Myocd, Myod1, Myog, Myoz1, Myoz2, Mypop, Myt1, Myt1l, Mzf1, n-TIaat17, n-TRtct5, N4bp1, N4bp2l2, N6amt1, Naa10, Naa15, Naa16, Naa35, Naa38, Nab1, Nab2, Nabp1, Nabp2, Naca, Nacc1, Nacc2, Nae1, Naf1, Naif1, Naip1, Naip2, Naip5, Naip6, Naip7, Nampt, Nanog, Nanos1, Nanos2, Nanos3, Nat10, Nat8, Nat8b-ps, Nat8f1, Nat8f2, Nat8f3, Nat8f5, Nat8f7, Nav3, Nbas, Nbdy, Nbl1, Nbn, Nbr1, Ncam1, Ncbp1, Ncbp2, Ncbp3, Nck1, Nck2, Nckap1l, Ncl, Ncoa2, Ncoa3, Ncoa5, Ncoa7, Ncor1, Ncor2, Ndc80, Ndfip1, Ndfip2, Ndn, Ndnf, Ndrg1, Ndrg2, Ndrg4, Ndufa13, Ndufaf2, Ndufaf4, Ndufc2, Ndufs3, Necab2, Nedd4, Nedd4l, Nedd9, Nefl, Neil1, Nek1, Nek11, Nek2, Nelfa, Nelfb, Nelfcd, Nelfe, Nell1, Neo1, Nepn, Nepro, Nes, Neu3, Neu4, Neurl1a, Neurod1, Neurod2, Neurog3, Nexmif, Nf1, Nf2, Nfatc1, Nfatc2, Nfatc3, Nfatc4, Nfe2, Nfe2l1, Nfe2l2, Nfe2l3, Nfib, Nfic, Nfil3, Nfix, Nfkb1, Nfkbia, Nfkbid, Nfkbie, Nfkbil1, Nfx1, Ngb, Ngdn, Ngef, Ngf, Ngfr, Nherf1, Nherf2, Nherf4, Niban1, Niban2, Nicol1, Nif3l1, Nipbl, Nisch, Nkap, Nkd1, Nkd2, Nkiras1, Nkiras2, Nkrf, Nkx2-1, Nkx2-2, Nkx2-5, Nkx2-6, Nkx2-9, Nkx3-1, Nkx3-2, Nkx6-1, Nkx6-2, Nkx6-3, Nle1, Nlgn1, Nlgn3, Nlk, Nlrc3, Nlrc5, Nlrp12, Nlrp3, Nlrp6, Nlrx1, Nmb, Nmbr, Nme1, Nme2, Nme5, Nme6, Nmi, Nmnat1, Nmnat2, Nmrk2, Nnt, Noc2l, Noct, Nod2, Nodal, Nog, Nol3, Nolc1, Nono, Nop53, Nos1, Nos2, Nos3, Nostrin, Notch1, Notch2, Notch3, Notch4, Notum, Nova1, Nova2, Nox1, Nox4, Npas1, Npat, Npc1, Npff, Nphp3, Nphp4, Nploc4, Npm1, Nppa, Nppb, Nppc, Npr1, Npr2, Npr3, Nprl2, Nprl3, Npsr1, Nptn, Npvf, Npy1r, Npy2r, Npy5r, Nqo1, Nr0b1, Nr0b2, Nr1d1, Nr1d2, Nr1h2, Nr1h3, Nr1h4, Nr1h5, Nr1i2, Nr1i3, Nr2c1, Nr2c2, Nr2e1, Nr2e3, Nr2f1, Nr2f2, Nr2f6, Nr3c1, Nr4a1, Nr4a2, Nr4a3, Nr6a1, Nrarp, Nrbp2, Nrdc, Nrde2, Nrg1, Nrg3, Nrip1, Nrip2, Nrk, Nron, Nrp1, Nrros, Nrxn1, Nscme3l, Nsd1, Nsd2, Nsd3, Nsfl1c, Nsmce3, Nsun2, Ntf3, Ntf5, Ntm, Ntn1, Ntrk1, Ntrk2, Ntrk3, Nts, Ntsr1, Nuak2, Nubp1, Nucb2, Nudt12, Nudt16, Nudt16l1, Nudt16l2, Nudt6, Nuf2, Nuggc, Numb, Nup153, Nup155, Nup62, Nupr1, Nupr2, Nutf2, Nutf2-ps1, Nxn, Oas1a, Oas1b, Oas1c, Oas1d, Oas1e, Oas1f, Oas1g, Oas1h, Oas3, Oaz1, Oaz2, Oaz3, Obox4, Obp2a, Obscn, Ocln, Odf2l, Ofd1, Oga, Ogg1, Ogn, Ogt, Olfm1, Olfm4, Olig2, Olig3, Olr1, Oma1, Onecut1, Onecut2, Oog1, Oog2, Oog3, Opa1, Ophn1, Opn3, Oprd1, Oprk1, Oprl1, Oprm1, Optn, Orc1, Ormdl1, Ormdl2, Ormdl3, Os9, Osbpl8, Osgin1, Osgin2, Osm, Osr1, Osr2, Ostn, Otop1, Otp, Otub1, Otud3, Otud4, Otud5, Otud6b, Otud7b, Ovgp1, Ovol1, Ovol2, Oxr1, Oxsr1, P2rx7, P2ry1, P2ry12, P3h1, P3h2, P3h3, Pa2g4, Pabir1, Pabpc1, Pabpc4, Pabpn1l, Pacsin1, Pacsin2, Pacsin3, Padi2, Paf1, Pafah1b1, Pafah2, Pag1, Paip1, Paip2, Paip2b, Pak1, Pak1ip1, Pak2, Pak4, Pak5, Palb2, Palm, Palm3, Pam16, Pan2, Pan3, Paqr3, Pard3, Pard6a, Park7, Parl, Parn, Parp1, Parp10, Parp14, Parp16, Parp3, Parp9, Parpbp, Pasd1, Pask, Patl1, Patl2, Patz1, Pawr, Pax2, Pax3, Pax4, Pax5, Pax6, Pax8, Pax9, Pbk, Pbld1, Pbld2, Pbp2, Pbrm1, Pbx1, Pbxip1, Pcbp2, Pcbp3, Pcbp4, Pcdh17, Pcdhgc3, Pcdhgc4, Pcdhgc5, Pcgf1, Pcgf2, Pcgf3, Pcgf5, Pcgf6, Pcid2, Pcif1, Pcm1, Pcmt1, Pcna, Pcnt, Pcp4, Pcsk9, Pctp, Pcx, Pdcd1, Pdcd10, Pdcd1lg2, Pdcd4, Pdcd5, Pdcd5-ps, Pdcd6, Pdcl, Pdcl3, Pde10a, Pde11a, Pde12, Pde1c, Pde2a, Pde3a, Pde3b, Pde4c, Pde4d, Pde5a, Pde8b, Pde9a, Pdgfa, Pdgfb, Pdgfra, Pdgfrb, Pdia6, Pdik1l, Pdk4, Pdpk1, Pdpn, Pds5a, Pds5b, Pdx1, Pdxk, Pea15a, Pea15b-ps, Pebp1, Pecam1, Peg10, Peg3, Peli1, Peli3, Pelo, Pemt, Penk, Pepd, Per1, Per2, Per3, Pex14, Pex2, Pex5, Pf4, Pfdn1, Pfdn2, Pfdn4, Pfdn5, Pfdn6, Pfkfb1, Pfkl, Pfn1, Pfn2, Pgam5, Pglyrp1, Pglyrp2, Pglyrp3, Pglyrp4, Pgp, Pgr, Pgrmc1, Phactr4, Phax, Phb1, Phb2, Phc1, Phc2, Phc3, Phf1, Phf12, Phf14, Phf19, Phf2, Phf20l1, Phf21a, Phf23, Phf6, Phf8, Phip, Phlda3, Phldb2, Phlpp1, Phox2b, Phpt1, Pi16, Pias1, Pias2, Pias3, Pias4, Pibf1, Picalm, Pick1, Pid1, Pidd1, Pif1, Pik3ap1, Pik3c2a, Pik3ca, Pik3cb, Pik3cd, Pik3cg, Pik3ip1, Pik3r1, Pik3r2, Pilrb1, Pim1, Pim2, Pim3, Pin1, Pin1rt1, Pinc, Pink1, Pinx1, Pip, Pip4k2a, Pip4k2b, Pip4k2c, Pip4p2, Pip5kl1, Pira1, Pira6, Pirb, Pitx1, Pitx2, Pitx3, Piwil1, Piwil2, Piwil4, Pkd2, Pkdcc, Pkhd1, Pkia, Pkib, Pkig, Pkmyt1, Pkn1, Pkp1, Pkp2, Pkp3, Pla2g10, Pla2g2a, Pla2g2d, Pla2g2f, Pla2g3, Pla2g5, Pla2g6, Plaa, Plaat3, Plac8, Plag1, Plat, Plau, Plaur, Plcb1, Plcb2, Plcb3, Plcb4, Plce1, Plcg1, Plcg2, Plch1, Plch2, Plcl1, Plcl2, Pld2, Pld6, Plec, Plek, Plekha1, Plekhh2, Plekhn1, Plet1, Plg, Plin5, Plk1, Plk2, Plk3, Plk5, Pln, Plpp3, Plpp7, Plscr1, Plxna3, Plxnb1, Plxnb2, Plxnb3, Plxnc1, Plxnd1, Pmaip1, Pmch, Pmepa1, Pml, Pmp22, Pnkd, Pnldc1, Pnp, Pnpla2, Pnpt1, Pnrc1, Pnrc2, Podn, Podxl, Poldip2, Pole3, Polq, Polr1a, Polr2g, Pomc, Pon3, Por, Postn, Pot1a, Pot1b, Pou1f1, Pou2f1, Pou3f1, Pou3f2, Pou3f3, Pou3f4, Pou4f1, Pou4f2, Pou5f1, Pou6f1, Pp2d1, Ppara, Ppard, Pparg, Ppargc1a, Ppargc1b, Ppef2, Ppfia1, Pphln1, Ppia, Ppid, Ppif, Ppm1a, Ppm1b, Ppm1d, Ppm1e, Ppm1f, Ppp1r10, Ppp1r11, Ppp1r13b, Ppp1r13l, Ppp1r15a, Ppp1r15b, Ppp1r3b, Ppp1r9a, Ppp1r9b, Ppp2ca, Ppp2cb, Ppp2r1a, Ppp2r3a, Ppp2r3d, Ppp2r5a, Ppp2r5b, Ppp2r5c, Ppp2r5d, Ppp3ca, Ppp3cb, Ppp3cc, Ppp3r1, Ppp3r2, Ppp4c, Ppp5c, Ppp6c, Ppt1, Prag1, Pramel1, Pramel7, Prap1, Prdm1, Prdm11, Prdm12, Prdm13, Prdm14, Prdm15, Prdm16, Prdm2, Prdm4, Prdm5, Prdm6, Prdm8, Prdm9, Prdx2, Prdx3, Prdx4, Prdx5, Prelid1, Prex1, Prex2, Prg2, Prg3, Prg4, Prickle1, Prkaa1, Prkaa2, Prkaca, Prkacb, Prkag2, Prkag3, Prkar1a, Prkar1b, Prkar2a, Prkar2b, Prkca, Prkcb, Prkcd, Prkce, Prkcg, Prkch, Prkci, Prkcq, Prkcsh, Prkcz, Prkd1, Prkdc, Prkg1, Prkn, Prkra, Prkrip1, Prl, Prl2c2, Prl7d1, Prlr, Prmt1, Prmt2, Prmt3, Prmt5, Prmt6, Prnp, Proc, Prok2, Prokr1, Prom2, Prop1, Prox1, Prpf18, Prpf19, Prpf4b, Prr5, Prr5l, Prrt1, Prrt2, Prrx1, Prtg, Prtn3, Psca, Psen1, Psen2, Psmc5, Psmd10, Psmd9, Psme3, Psme3ip1, Psmf1, Psmg2, Pspc1, Psrc1, Ptbp1, Ptbp2, Ptbp3, Ptch1, Ptch2, Ptcra, Pten, Ptgdr2, Ptgds, Ptger3, Ptger4, Ptges, Ptgfr, Ptgir, Ptgis, Ptgr1, Ptgr3, Ptgs1, Ptgs2, Ptgs2os, Pth, Pth1r, Pthlh, Ptk2, Ptk2b, Ptk6, Ptma, Ptms, Ptn, Ptpmt1, Ptpn1, Ptpn11, Ptpn13, Ptpn14, Ptpn2, Ptpn22, Ptpn23, Ptpn3, Ptpn6, Ptpn9, Ptprb, Ptprc, Ptprd, Ptpre, Ptprf, Ptprg, Ptprh, Ptprj, Ptprk, Ptprm, Ptpro, Ptprr, Ptprs, Ptprt, Ptpru, Ptprv, Ptprz1, Ptrh2, Pttg1, Pttg1ip, Ptx3, Pum1, Pum2, Pura, Purb, Pus10, Pus7, Pvrig, Pwp1, Pycard, Pycr1, Pym1, Qars1, Qki, Qrich2, Qsox1, Rab11fip1, Rab11fip3, Rab11fip5, Rab23, Rab29, Rab33b, Rab3ip, Rab7, Rab7b, Rabgef1, Rac1, Rack1, Rad1, Rad17, Rad18, Rad21, Rad50, Rad51, Rad9a, Rad9b, Radx, Raf1, Rag1, Rag2, Ralgapa1, Raly, Ramp2, Ranbp3l, Ranbp9, Rangap1, Rap1a, Rap1b, Rap1gap, Rap1gap2, Rap2a, Rap2b, Rap2c, Rapgef1, Rapgef2, Rapgef3, Rapgef4, Rara, Rarb, Rarg, Rasa1, Rasa2, Rasa3, Rasa4, Rasal1, Rasal3, Rasd1, Rasd2, Rasip1, Rasl11b, Rassf2, Rassf5, Rb1, Rb1cc1, Rbbp4, Rbbp7, Rbbp8, Rbck1, Rbfox2, Rbl1, Rbl2, Rbm10, Rbm14, Rbm15, Rbm15b, Rbm20, Rbm24, Rbm3, Rbm33, Rbm38, Rbm4, Rbm42, Rbm46, Rbm47, Rbm8a, Rbm8a2, Rbms3, Rbmxl1, Rbp4, Rbpj, Rbpms2, Rbx1, Rbx1-ps, Rc3h1, Rc3h2, Rcan1, Rcc2, Rcor1, Rcor2, Rcor3, Rd3, Rdx, Reck, Recql4, Recql5, Reg1, Reg3a, Reg3b, Reg3g, Rel, Rela, Relb, Rem1, Rere, Rerg, Resf1, Rest, Retreg1, Rfc1, Rffl, Rflna, Rflnb, Rfng, Rfwd3, Rfx3, Rfx4, Rfx5, Rgcc, Rgl2, Rgma, Rgn, Rgp1, Rgs1, Rgs10, Rgs11, Rgs12, Rgs13, Rgs14, Rgs16, Rgs17, Rgs18, Rgs19, Rgs2, Rgs20, Rgs22, Rgs3, Rgs4, Rgs5, Rgs6, Rgs7, Rgs7bp, Rgs8, Rgs9, Rgs9bp, Rhbdd1, Rhbdd3, Rhbdf1, Rhbdf2, Rheb, Rhno1, Rhoa, Rhob, Rhoh, Rhoq, Rhox2a, Rhox3a, Rhox5, Rhpn1, Rhpn2, Rian, Ric1, Rictor, Rida, Rif1, Rilp, Rin3, Ring1, Rint1, Riok3, Riox1, Riox2, Ripk1, Ripor1, Ripor2, Ripply1, Ripply2, Ripply3, Rit2, Rita1, Rlf, Rlim, Rln1, Rmi2, Rnaseh2b, Rnasel, Rnd1, Rnf10, Rnf113a1, Rnf113a2, Rnf115, Rnf125, Rnf126, Rnf128, Rnf139, Rnf144b, Rnf146, Rnf149, Rnf152, Rnf157, Rnf167, Rnf168, Rnf169, Rnf170, Rnf2, Rnf20, Rnf213, Rnf31, Rnf34, Rnf4, Rnf41, Rnf43, Rnf5, Rnf6, Rnf7, Rnf8, Rnps1, Rnu12, Robo1, Robo4, Rock1, Rock2, Ror2, Rora, Rorb, Rorc, Ros1, Rp1, Rpa2, Rpgrip1l, Rph3al, Rpl10, Rpl10-ps3, Rpl11, Rpl13a, Rpl23, Rpl24, Rpl3l, Rpl5, Rps13, Rps14, Rps19, Rps23rg1, Rps26, Rps27l, Rps3, Rps3a1, Rps6, Rps6-ps4, Rps6ka1, Rps6ka2, Rps6ka3, Rps6ka5, Rps6ka6, Rps6kb1, Rps6kb2, Rps7, Rptor, Rrad, Rraga, Rragb, Rragc, Rragd, Rras, Rreb1, Rrm2b, Rrn3, Rrp8, Rsad2, Rsc1a1, Rsf1, Rsl1, Rtca, Rtel1, Rtf1, Rtkn2, Rtn1, Rtn2, Rtn3, Rtn4, Rtn4r, Rtn4rl1, Rtn4rl2, Rtraf, Rubcn, Rufy3, Runx1, Runx1t1, Runx2, Runx3, Ruvbl2, Rxfp2, Rxra, Rybp, Rybp-ps, Ryk, Ryr1, Ryr2, Ryr3, S100a1, S100b, S1pr1, S1pr2, S1pr3, S2bpcox16, Sac3d1, Sacs, Sag, Sall1, Sall2, Sall3, Sall4, Samd1, Samd11, Samd4, Samd4b, Samd7, Samhd1, Samsn1, Samtor, Sap130, Sap18, Sap18b, Sap25, Sap30, Sap30l, Sapcd2, Sar1a, Sar1b, Sarm1, Sarnp, Sars1, Satb1, Satb2, Sav1, Sbno2, Sc5d, Scaf4, Scaf8, Scai, Scamp5, Scfd1, Scg2, Scgb1a1, Scin, Scly, Scmh1, Scml2, Scml4, Sco1, Scrib, Scrt1, Scrt2, Sct, Scx, Scyl2, Sdc4, Sdcbp, Sde2, Sdhaf2, Sdr16c5, Sec14l1, Sec22b, Secisbp2, Selenon, Selenos, Sema3a, Sema3e, Sema3f, Sema3g, Sema4d, Sema4f, Sema5a, Sema6a, Sema6c, Sema6d, Senp1, Senp2, Senp3, Septin4, Serbp1, Sergef, Serpina12, Serpina5, Serpinb10, Serpinb11, Serpinb12, Serpinb13, Serpinb1a, Serpinb1b, Serpinb1c, Serpinb2, Serpinb3a, Serpinb3b, Serpinb3c, Serpinb3d, Serpinb5, Serpinb6a, Serpinb6b, Serpinb6c, Serpinb6d, Serpinb6e, Serpinb7, Serpinb8, Serpinb9, Serpinb9b, Serpinb9c, Serpinb9d, Serpinb9e, Serpinb9f, Serpinb9g, Serpinb9h, Serpind1, Serpine1, Serpine2, Serpine3, Serpinf1, Serpinf2, Serping1, Serpinh1, Serpini1, Serpini2, Sertad1, Sertad2, Sertad3, Sesn1, Sesn2, Sesn3, Sestd1, Set, Setd5, Setdb1, Setdb2, Setmar, Sf1, Sf3b3, Sfmbt1, Sfmbt2, Sfn, Sfpq, Sfrp1, Sfrp2, Sfrp4, Sfrp5, Sfswap, Sftpd, Sgf29, Sgk1, Sgk3, Sgms1os1, Sgta, Sh2b2, Sh2b3, Sh2d1a, Sh2d1b1, Sh2d1b2, Sh3bp1, Sh3bp4, Sh3bp5, Sh3gl2, Sh3gl3, Sh3glb1, Sh3rf1, Sh3rf2, Shank1, Shank2, Shank3, Shb, Shc1, Shfl, Shh, Shisa2, Shisa3, Shisa6, Shld1, Shld2, Shld3, Shmt1, Shoc2, Shox2, Shroom2, Siah2, Siah3, Sigirr, Siglec1, Siglece, Siglecg, Sik1, Sik2, Sike1, Sim2, Sin3a, Sin3b, Sinhcaf, Sirpa, Sirt1, Sirt2, Sirt3, Sirt4, Sirt5, Sirt6, Sirt7, Six1, Six2, Six3, Six4, Six5, Ska1, Ska3, Skap2, Ski, Skic2, Skic3, Skic8, Skil, Skor1, Skor2, Sla2, Slamf1, Slamf8, Slc11a1, Slc16a2, Slc1a1, Slc22a13, Slc24a1, Slc24a2, Slc24a3, Slc24a4, Slc24a5, Slc25a12, Slc25a27, Slc25a31, Slc25a4, Slc25a5, Slc26a5, Slc27a1, Slc27a4, Slc2a10, Slc2a3, Slc30a1, Slc35c1, Slc35c2, Slc35f6, Slc37a4, Slc39a10, Slc39a8, Slc40a1, Slc43a1, Slc43a2, Slc46a2, Slc4a1, Slc4a2, Slc6a1, Slc6a4, Slc6a9, Slc7a10, Slc7a11, Slc7a5, Slc8a1, Slc8a3, Slc8b1, Slc9a1, Slfn1, Slfn14, Slfn2, Slfn3, Slirp, Slit1, Slit2, Slit3, Slmap, Sln, Slurp1, Slx4, Smad1, Smad2, Smad3, Smad4, Smad5, Smad6, Smad7, Smarca1, Smarca2, Smarca4, Smarca5, Smarcad1, Smarcb1, Smarcc1, Smarcc2, Smarcd1, Smarce1, Smchd1, Smcr8, Smg1, Smg5, Smg6, Smg7, Smg8, Smg9, Smim30, Smo, Smpd1, Smpd3, Smpdl3a, Smpdl3b, Smtnl1, Smurf1, Smurf2, Smyd1, Smyd2, Smyd3, Smyd5, Snai1, Snai2, Snai3, Snapin, Snca, Sncb, Snd1, Snip1, Snph, Snta1, Snw1, Snx1, Snx12, Snx13, Snx25, Snx3, Snx33, Snx5, Snx6, Socs1, Socs2, Socs3, Socs4, Socs5, Socs6, Socs7, Sod1, Sod2, Son, Sorbs3, Sorcs2, Sorcs3, Sorl1, Sort1, Sost, Sostdc1, Sox1, Sox10, Sox11, Sox12, Sox13, Sox14, Sox15, Sox17, Sox18, Sox2, Sox21, Sox3, Sox30, Sox4, Sox5, Sox6, Sox7, Sox8, Sox9, Sp100, Sp2, Sp3, Sp5, Spaar, Spaca7, Spag11a, Spag9, Sparc, Spart, Spc24, Spc25, Spdef, Spdl1, Specc1l, Spef1, Spen, Sphk1, Sphk2, Spi1, Spin1, Spin4, Spindoc, Spink1, Spink12, Spink2, Spink5, Spink6, Spink7, Spinkl, Spint1, Spint2, Spn, Spocd1, Spock1, Spock3, Spon1, Spop, Spopl, Spout1, Spp1, Spred1, Spred2, Spred3, Spry1, Spry2, Spry3, Spry4, Spsb3, Spta1, Sptan1, Sptb, Sptbn1, Spty2d1, Sqstm1, Sra1, Src, Srcin1, Srebf1, Srebf2, Srf, Srgap1, Srgap2, Srgap3, Srgn, Sri, Srp9, Srpx, Srrt, Srsf1, Srsf10, Srsf3, Srsf4, Srsf6, Srsf7, Srsf9, Sry, Ss18, Ssb, Ssc5d, Ssh1, Ssh2, Ssh3, Sstr4, St13, St18, St3gal1, St6gal1, St7l, Stambp, Stap1, Star, Stard13, Stat1, Stat2, Stat3, Stat5a, Stat5b, Stat6, Stau2, Stc1, Stc2, Stfa1, Stfa2, Stfa2l1, Stfa3, Stil, Stk11, Stk24, Stk26, Stk3, Stk33, Stk35, Stk38, Stk38l, Stk39, Stk4, Stk40, Stmn1, Stmn2, Stmn3, Stn1, Stox1, Stradb, Strap, Strip1, Strm, Strn, Strn3, Strn4, Stub1, Stx1b, Stxbp1, Stxbp3, Stxbp5l, Styx, Styx-ps, Styxl1, Styxl2, Sub1, Suds3, Sufu, Sulf1, Sulf2, Sult2b1, Sumf2, Sumo1, Sumo2, Supt4a, Supt4b, Supt5, Supv3l1, Susd2, Suv39h1, Suv39h2, Suz12, Svbp, Svil, Svip, Swap70, Sycp2, Sycp2l, Syf2, Syncrip, Syngap1, Synj2bp, Syt11, Syt4, Sytl4, Syvn1, Szt2, T, Tacr2, Tacstd2, Tada3, Taf15, Taf3, Taf6, Taf7, Taf9, Taf9b, Tafa3, Tafa5, Tagln3, Tal1, Tank, Taok1, Taok2, Taok3, Tap1, Tap2, Tarbp2, Tardbp, Tarm1, Tasor, Tasor2, Tax1bp1, Tax1bp3, Tbc1d1, Tbc1d10c, Tbc1d14, Tbc1d24, Tbc1d30, Tbc1d4, Tbc1d7, Tbcd, Tbk1, Tbl1x, Tbl1xr1, Tbr1, Tbrg1, Tbrg4, Tbx1, Tbx15, Tbx18, Tbx2, Tbx20, Tbx21, Tbx22, Tbx3, Tbx5, Tbx6, Tbxa2r, Tcaf1, Tceal7, Tcerg1, Tcf15, Tcf21, Tcf23, Tcf25, Tcf3, Tcf4, Tcf7, Tcf7l1, Tcf7l2, Tcfl5, Tchp, Tcim, Tcl1, Tcp10a, Tcp10b, Tcp10c, Tcp11, Tcta, Tdg, Tdrd1, Tdrd12, Tdrd5, Tdrd6, Tdrd7, Tdrd9, Tdrkh, Tek, Ten1, Tenm2, Tent2, Tent4a, Tent4b, Tent5a, Tent5b, Tent5c, Tent5d, Terf1, Terf2, Terf2ip, Tert, Tes, Tesc, Tescl, Tesk1, Tesl1, Tesl2, Tet1, Tex11, Tex14, Tex15, Tex19.1, Tex19.2, Tfap2a, Tfap2b, Tfap2c, Tfap2d, Tfap4, Tfcp2l1, Tfdp1, Tfdp2, Tfe3, Tfec, Tff1, Tff2, Tfip11, Tfrc, Tgfa, Tgfb1, Tgfb1i1, Tgfb2, Tgfb3, Tgfbr1, Tgfbr2, Tgfbr3, Tgif1, Tgif2, Thap1, Thap11, Thap7, Thbs1, Them4, Thoc2, Thoc5, Thra, Thrap3, Thrb, Thy1, Tia1, Tial1, Ticam2, Ticrr, Tie1, Tigar, Tigit, Timeless, Timp1, Timp2, Timp3, Timp4, Tinf2, Tiparp, Tipin, Tiprl, Tirap, Tjp1, Tjp2, Tkfc, Tlcd3b, Tldc2, Tle1, Tle2, Tle3, Tle4, Tle5, Tle6, Tle7, Tlk2, Tlr2, Tlr4, Tlr6, Tlr8, Tlr9, Tlx2, Tlx3, Tm4sf20, Tm7sf3, Tmbim1, Tmbim4, Tmbim6, Tmc8, Tmed10, Tmed2, Tmeff2, Tmem109, Tmem119, Tmem127, Tmem131l, Tmem132a, Tmem132c, Tmem14a, Tmem161a, Tmem170b, Tmem176a, Tmem176b, Tmem178, Tmem182, Tmem196, Tmem215, Tmem225, Tmem38a, Tmem38b, Tmem39a, Tmem53, Tmem59, Tmem64, Tmem67, Tmem88, Tmem88b, Tmem98, Tmf1, Tmigd1, Tmigd3, Tmod1, Tmod2, Tmod3, Tmod4, Tmprss6, Tmsb15b2, Tmsb15l, Tmsb4x, Tmx1, Tnc, Tnf, Tnfaip1, Tnfaip3, Tnfaip6, Tnfaip8l1, Tnfaip8l2, Tnfrsf11b, Tnfrsf13b, Tnfrsf14, Tnfrsf18, Tnfrsf1a, Tnfrsf1b, Tnfrsf21, Tnfrsf22, Tnfrsf23, Tnfrsf4, Tnfrsf9, Tnfsf11, Tnfsf18, Tnfsf4, Tnip1, Tnip2, Tnip3, Tnk1, Tnks, Tnks2, Tnmd, Tnn, Tnp1, Tnpo2, Tnr, Tnrc6a, Tnrc6b, Tnrc6c, Tns2, Tns3, Tob1, Tob2, Togaram2, Tom1l1, Tom1l2, Tomm70a, Topbp1, Tox3, Tpbg, Tpbgl, Tpcn2, Tpm1, Tppp, Tpr, Tpra1, Tprg1l, Tpt1, Tpx2, Trabd2b, Traf2, Traf3ip1, Traf3ip2, Traf5, Traf6, Traf7, Traip, Trak2, Trap1, Trat1, Trdmt1, Trdn, Trem2, Treml1, Trerf1, Trex1, Trh, Triap1, Trib1, Trib2, Trib3, Trim11, Trim15, Trim21, Trim24, Trim27, Trim28, Trim29, Trim30a, Trim31, Trim32, Trim33, Trim35, Trim37, Trim39, Trim40, Trim44, Trim46, Trim54, Trim59, Trim6, Trim60, Trim62, Trim63, Trim66, Trim67, Trim71, Trim72, Trim9, Trio, Trip10, Trip12, Trip13, Tro, Trp53, Trp53bp1, Trp53cor1, Trp53i13, Trp53inp1, Trp53inp2, Trp63, Trp73, Trpc1, Trpc5, Trpc6, Trpm2, Trpm4, Trps1, Trpv1, Trpv2, Trpv4, Trrap, Trub1, Tsc1, Tsc2, Tsc22d1, Tsc22d2, Tsc22d3, Tsc22d4, Tsg101, Tshz3, Tsix, Tsku, Tslp, Tsn, Tsnax, Tspan15, Tspan32, Tspan6, Tspo, Tspyl2, Ttbk1, Ttbk2, Ttc3, Ttc36, Ttc39b, Ttc39d, Ttc5, Ttf1, Tti1, Ttk, Ttll12, Ttpa, Tubb4a, Tulp3, Tunar, Tusc2, Tut4, Tut7, Twf1, Twf2, Twist1, Twist2, Twsg1, Txn1, Txndc12, Txnip, Tyms, Tyro3, Tyrobp, U2af2, Uaca, Uba3, Ubac2, Ubash3a, Ubash3b, Ube2b, Ube2d1, Ube2g2, Ube2i, Ube2j1, Ube2n, Ube2v2, Ube2w, Ube2z, Ube3a, Ubqln1, Ubqln2, Ubqln4, Ubr1, Ubr2, Ubr3, Ubr4, Ubr5, Ubxn1, Ubxn2a, Ubxn2b, Uchl1, Uchl5, Ucma, Ucn, Ucn2, Ucp2, Ufd1, Ufl1, Ufm1, Ufsp2, Uhrf1, Uhrf2, Uimc1, Ulk1, Ulk2, Ulk3, Unc119, Unc5b, Ung, Unk, Upf1, Upf2, Upf3a, Upf3b, Upk3b, Uri1, Usf3, Ush2a, Usp10, Usp14, Usp15, Usp17le, Usp18, Usp19, Usp2, Usp20, Usp25, Usp26, Usp28, Usp3, Usp30, Usp36, Usp38, Usp4, Usp44, Usp47, Usp49, Usp5, Usp7, Usp8, Usp9x, Uts2, Uty, Uxt, Vamp3, Vamp8, Vash1, Vasn, Vat1, Vax1, Vax2, Vbp1, Vcp, Vdac1, Vdac2, Vdr, Vegfa, Vegfb, Vegfc, Veph1, Vgll4, Vhl, Vil1, Vill, Vim, Vip, Vipr2, Vpreb3, Vps11, Vps13a, Vps13c, Vps18, Vps25, Vps28, Vps35, Vps4a, Vps4b, Vps54, Vrk3, Vsig4, Vsir, Vsnl1, Vstm2l, Vsx2, Vtcn1, Vtn, Vwc2, Vwc2l, Wac, Wapl, Wars1, Was, Wasf2, Washc1, Wasl, Wdhd1, Wdr13, Wdr35, Wdr41, Wdr44, Wdr47, Wdr5, Wdr54, Wdr6, Wdr73, Wdr76, Wdr77, Wdr82, Wdr91, Wdtc1, Wee1, Wee2, Wfdc1, Wfdc6a, Wfdc6b, Wfikkn1, Wfikkn2, Wfs1, Wif1, Wnk1, Wnk2, Wnk3, Wnk4, Wnt1, Wnt10b, Wnt11, Wnt16, Wnt3, Wnt3a, Wnt4, Wnt5a, Wnt5b, Wnt7a, Wnt7b, Wnt8b, Wnt9a, Wt1, Wtip, Wwc1, Wwc2, Wwox, Wwp1, Wwp2, Wwtr1, Xaf1, Xbp1, Xcl1, Xcr1, Xdh, Xiap, Xirp1, Xist, Xpc, Xpnpep1, Xpo1, Xpo5, Xrcc1, Xrcc2, Xrcc3, Xrcc4, Xrcc5, Xrcc6, Xrn1, Xrn2, Xylt1, Yaf2, Yap1, Ybx1, Ybx2, Ybx3, Yeats2, Yju2, Ylpm1, Yme1l1, Yod1, Ypel4, Ythdc1, Ythdc2, Ythdf1, Ythdf2, Ythdf3, Ywhab, Ywhae, Ywhag, Ywhah, Ywhaq, Ywhaq-ps3, Ywhaz, Yy1, Zar1, Zar1l, Zbed3, Zbed6, Zbtb1, Zbtb10, Zbtb12, Zbtb14, Zbtb16, Zbtb17, Zbtb18, Zbtb2, Zbtb20, Zbtb21, Zbtb24, Zbtb25, Zbtb26, Zbtb32, Zbtb33, Zbtb34, Zbtb37, Zbtb38, Zbtb39, Zbtb4, Zbtb42, Zbtb45, Zbtb46, Zbtb49, Zbtb5, Zbtb6, Zbtb7a, Zbtb7b, Zbtb7c, Zbtb8a, Zc3h10, Zc3h12a, Zc3h12d, Zc3h14, Zc3h4, Zc3h6, Zc3h7a, Zc3h7b, Zc3h8, Zc3hav1, Zcchc17, Zcchc7, Zdhhc12, Zdhhc18, Zdhhc7, Zeb1, Zeb2, Zfand6, Zfas1, Zfhx3, Zfp1006, Zfp111, Zfp12, Zfp125, Zfp128, Zfp13, Zfp131, Zfp148, Zfp174, Zfp175, Zfp202, Zfp207, Zfp217, Zfp219, Zfp239, Zfp24, Zfp263, Zfp281, Zfp296, Zfp3, Zfp318, Zfp35, Zfp354a, Zfp354b, Zfp354c, Zfp36, Zfp365, Zfp366, Zfp36l1, Zfp36l2, Zfp36l3, Zfp382, Zfp385a, Zfp386, Zfp397, Zfp410, Zfp418, Zfp423, Zfp438, Zfp445, Zfp451, Zfp469, Zfp473, Zfp488, Zfp503, Zfp512b, Zfp536, Zfp541, Zfp568, Zfp57, Zfp592, Zfp598, Zfp608, Zfp616, Zfp639, Zfp653, Zfp655, Zfp658, Zfp668, Zfp683, Zfp692, Zfp703, Zfp706, Zfp715, Zfp735, Zfp746, Zfp748, Zfp750, Zfp777, Zfp809, Zfp819, Zfp827, Zfp830, Zfp869, Zfp90, Zfp932, Zfp958, Zfp973, Zfpm1, Zfpm2, Zfta, Zfy2, Zfyve19, Zfyve28, Zglp1, Zgpat, Zhx1, Zhx2, Zhx3, Zic2, Zkscan3, Zmat3, Zmpste24, Zmym2, Zmym5, Zmynd11, Zmynd15, Zmynd8, Znfx1, Znhit1, Znrf3, Znrf4, Zp3, Zpbp2, Zpr1, Zranb3, Zscan10, Zscan4c, Zswim8, Zw10, Zwilch, Zwint
GO:0048519	negative regulation of biological process	5819	137	84.77	1.1e-09	1.0617749999999999e-6	1810024B03Rik, 2210016L21Rik, 2510002D24Rik, 2610042L04Rik, 4930503L19Rik, 4930550C14Rik, 5730507C01Rik, A1cf, A2m, A430033K04Rik, A4gnt, Aamdc, Aars1, Aars2, Aatf, Abat, Abca12, Abca2, Abca5, Abca7, Abcb1a, Abcb7, Abcc2, Abcc8, Abcc9, Abcd1, Abcd2, Abcg1, Abcg2, Abcg5, Abcg8, Abhd17a, Abhd17b, Abhd17c, Abhd2, Abhd5, Abhd6, Abi3, Abl1, Abl2, Abr, Abraxas1, Abraxas2, Acaa2, Acacb, Acadl, Acadvl, Acan, Acd, Ace, Ace2, Acer2, Acin1, Ackr3, Acmsd, Acod1, Acot1, Acot11, Acot13, Acot8, Acp4, Acp5, Acsl4, Actb, Actc1, Actl6a, Actl6b, Actn2, Actn3, Actn4, Actr3, Actr6, Actrt1, Acvr1, Acvr1b, Acvr1c, Acvr2b, Acvrl1, Ada, Adam10, Adam15, Adam17, Adam24, Adam8, Adamts1, Adamts12, Adamts18, Adamts20, Adamts5, Adamts7, Adamts9, Adamtsl2, Adar, Adarb1, Adck1, Adcy10, Adcy6, Adcy7, Adcy8, Adcyap1, Adcyap1r1, Add1, Add2, Add3, Adgra2, Adgrb1, Adgrb2, Adgrb3, Adgrf5, Adgrg1, Adgrg3, Adgrv1, Adipoq, Adipor1, Adipor2, Adm, Adnp, Adora1, Adora2a, Adora2b, Adora3, Adprs, Adra1a, Adra1b, Adra1d, Adra2a, Adra2c, Adrb1, Adrb2, Adrb3, Adtrp, Aebp1, Aebp2, Afdn, Aff2, Agap2, Agbl4, Ager, Ago1, Ago2, Ago3, Ago4, Agrn, Agt, Agtpbp1, Agtr1a, Agtr2, Ahi1, Ahr, Ahrr, Ahsg, Aicda, Aida, Aif1, Aifm2, Aim2, Aimp1, Aimp2, Aipl1, Airn, Ajap1, Ajuba, Akain1, Akap1, Akap5, Akap6, Akap8, Akirin1, Akirin2, Akna, Akr1a1, Akr1b1, Akr1c18, Akr1c6, Akt1, Akt1s1, Akt2, Akt3, Alad, Alb, Aldh1a1, Aldh1a2, Aldh2, Aldob, Alg13, Alk, Alkbh1, Alkbh3, Alkbh5, Alms1, Alox12, Alox15, Alox5, Alox8, Alpk2, Alx1, Ambra1, Amdhd2, Amer1, Amer2, Amfr, Amh, Amigo2, Amigo3, Amot, Amotl2, Anapc15, Anapc15-ps, Anapc2, Ang, Ang2, Ang3, Ang4, Ang5, Ang6, Angel2, Angpt1, Angpt2, Angpt4, Angptl4, Angptl7, Ank2, Ank3, Ankle1, Ankle2, Ankrd1, Ankrd13a, Ankrd13b, Ankrd13d, Ankrd17, Ankrd2, Ankrd26, Ankrd27, Ankrd6, Anks1, Anp32b, Antxr1, Anxa1, Anxa2, Anxa4, Anxa5, Anxa6, Anxa7, Anxa8, Aoah, Ap1ar, Ap2a1, Ap2m1, Apbb1, Apbb2, Apbb3, Apc, Apc2, Apcdd1, Apcs, Apela, Apex1, Aph1b, Aph1c, Api5, Apip, Apln, Aplnr, Aplp1, Apoa1, Apoa2, Apoa4, Apobec1, Apobec3, Apoc1, Apoc2, Apoc2l, Apoc3, Apod, Apoe, Apoh, Apom, App, Appl1, Appl2, Aqp1, Aqp11, Aqp4, Ar, Araf, Arap1, Arb2a, Arc, Areg, Arel1, Arf1, Arf4, Arf6, Arfgef1, Arfip1, Arg1, Arg2, Arhgap1, Arhgap10, Arhgap12, Arhgap17, Arhgap22, Arhgap24, Arhgap25, Arhgap28, Arhgap29, Arhgap33os, Arhgap35, Arhgap4, Arhgap42, Arhgap44, Arhgap45, Arhgap6, Arhgap8, Arhgdia, Arhgdib, Arhgef15, Arhgef18, Arhgef2, Arhgef7, Arid1a, Arid2, Arid4a, Arid4b, Arid5a, Arid5b, Ark2n, Arl2, Arl6ip1, Arl6ip5, Arln, Armc10, Arnt, Arnt2, Arpc2, Arpin, Arr3, Arrb1, Arrb2, Arrdc1, Arrdc3, Arx, Asah2, Asap1, Asb15, Asb3, Ascl1, Ascl2, Ascl3, Ascl5, Ash1l, Asic1, Asic2, Asmt, Asns, Asph, Aspm, Aspn, Ass1, Astl, Astn2, Asxl1, Asxl2, Asxl3, Asz1, Atad1, Atad3a, Atad5, Atcay, Atf2, Atf3, Atf4, Atf5, Atf6b, Atf7, Atf7ip, Atg101, Atg12, Atg13, Atg14, Atg3, Atg5, Atg7, Atg9a, Atm, Atn1, Atoh1, Atoh8, Atox1, Atp1a1, Atp1a2, Atp1b2, Atp2a1, Atp2a2, Atp2b1, Atp2b4, Atp5f1a, Atp5f1b, Atp5if1, Atp5pf, Atp6v0c, Atp7a, Atp8b1, Atp9a, Atr, Atraid, Atrip, Atrx, Atxn1, Atxn1l, Atxn2, Atxn3, Atxn7, Aunip, Aurka, Aurkb, Aven, Avil, Avp, Avpr1a, Avpr2, Axin1, Axin2, Axl, AY074887, Azi2, Azin1, Azin2, B2m, B4galnt2, B4galt1, B4galt7, Babam1, Babam2, Bace1, Bace2, Bach1, Bach2, Bad, Bag1, Bag2, Bag3, Bag4, Bag5, Bag6, Bahd1, Bak1, Bambi, Banf1, Bank1, Banp, Bap1, Bard1, Barhl1, Barx1, Barx2, Basp1, Batf3, Bax, Baz1a, Baz1b, Baz2a, Bbc3, Bbof1, Bbs10, Bbs12, Bbs2, Bbs4, Bc1, Bcar1, Bcdin3d, Bche, Bcl10, Bcl11a, Bcl11b, Bcl2, Bcl2a1a, Bcl2l1, Bcl2l10, Bcl2l12, Bcl2l2, Bcl3, Bcl6, Bcl6b, Bcl7a, Bcl7b, Bcl7c, Bcl9l, Bclaf1, Bcor, Bcorl1, Bcr, Bdkrb1, Bdkrb2, Bdnf, Becn1, Becn2, Bend3, Bend5, Bend6, Best3, Bex1, Bex2, Bex3, Bex4, Bex6, Bfar, Bglap, Bglap2, Bhlha15, Bhlhb9, Bhlhe22, Bhlhe23, Bhlhe40, Bhlhe41, Bicc1, Bicd1, Bicra, Bicral, Bid, Bin1, Birc2, Birc3, Birc5, Birc6, Birc7, Blm, Blvrb, Bmal1, Bmerb1, Bmf, Bmi1, Bmp10, Bmp2, Bmp4, Bmp5, Bmp6, Bmp7, Bmper, Bmpr1a, Bmpr1b, Bmpr2, Bmyc, Bnip3, Bnip3l, Bnip3l-ps, Bnipl, Bok, Boll, Bpi, Bpifa1, Bpifa5, Bpifb1, Bptf, Braf, Brap, Brca1, Brca2, Brcc3, Brcc3dc, Brd4, Brd7, Brd9, Brf1, Brinp1, Brinp2, Brinp3, Brip1, Brms1, Brms1l, Brsk1, Brsk2, Bscl2, Bst2, Btaf1, Btbd18, Btc, Btf3, Btg1, Btg2, Btg3, Btg4, Btk, Btla, Btn2a2, Btnl2, Btrc, Bub1, Bub1b, Bub3, C1d, C1qbp, C1qc, C1ql4, C1qtnf1, C1qtnf12, C1qtnf3, C4bp, C5ar1, C5ar2, C9orf72, Cabin1, Cabp1, Cacna1a, Cacna1c, Cacna1f, Cacna1s, Cacnb3, Cacnb4, Cacng7, Cactin, Cadm1, Cadm4, Calca, Calcr, Calcrl, Calm1, Calm2, Calm3, Calr, Camk1d, Camk2b, Camk2d, Caml, Camsap1, Camsap2, Camsap3, Capg, Capn1, Capn3, Caprin1, Caprin2, Capza1, Capza1b, Capza2, Capza3, Capzb, Card10, Card14, Carhsp1, Carlr, Carm1, Carmil1, Carmil2, Cartpt, Casc3, Cask, Casp2, Casp3, Casp8, Casp8ap2, Casq1, Casq2, Cast, Castor1, Castor2, Casz1, Cat, Cav1, Cav2, Cav3, Cavin3, Cbarp, Cbfa2t2, Cbfa2t3, Cbfb, Cbl, Cblb, Cblc, Cbll1, Cbln1, Cbs, Cbx1, Cbx2, Cbx3, Cbx4, Cbx5, Cbx6, Cbx7, Cbx8, Cby1, Cc2d1a, Cc2d1b, Ccar1, Ccar2, Ccdc125, Ccdc22, Ccdc3, Ccdc85b, Ccdc88c, Cck, Ccl11, Ccl12, Ccl17, Ccl19, Ccl19-ps1, Ccl19-ps3, Ccl19-ps4, Ccl19-ps5, Ccl19-ps6, Ccl2, Ccl21a, Ccl21b, Ccl21d, Ccl21e, Ccl21f, Ccl25, Ccl28, Ccl3, Ccl5, Ccl9, Ccm2l, Ccn1, Ccn2, Ccn3, Ccn4, Ccn5, Ccn6, Ccnb1, Ccnb1-ps, Ccnc, Ccnd1, Ccnd2, Ccnd3, Ccne1, Ccnf, Ccng1, Ccnk, Ccp110, Ccr1, Ccr1l1, Ccr2, Ccr5, Ccr7, Cd109, Cd160, Cd19, Cd200, Cd200l1, Cd200l2, Cd200r1, Cd22, Cd24a, Cd27, Cd274, Cd276, Cd28, Cd2ap, Cd300a, Cd300lf, Cd34, Cd36, Cd37, Cd38, Cd3e, Cd40lg, Cd44, Cd46, Cd47, Cd55, Cd55b, Cd59a, Cd59b, Cd63, Cd68, Cd69, Cd74, Cd80, Cd83, Cd84, Cd86, Cd9, Cd96, Cda, Cdc14b, Cdc20, Cdc34, Cdc34b, Cdc42, Cdc42se1, Cdc5l, Cdc5lrt1, Cdc5lrt10, Cdc5lrt4, Cdc5lrt5, Cdc5lrt6, Cdc5lrt7, Cdc5lrt8, Cdc5lrt9, Cdc6, Cdc73, Cdca8, Cdh1, Cdh11, Cdh13, Cdh2, Cdh3, Cdh5, Cdhr2, Cdk1, Cdk10, Cdk11b, Cdk12, Cdk13, Cdk2, Cdk20, Cdk2ap2, Cdk3, Cdk5, Cdk5r1, Cdk5rap1, Cdk5rap2, Cdk5rap3, Cdk6, Cdk8, Cdk9, Cdkl3, Cdkn1a, Cdkn1b, Cdkn1c, Cdkn2a, Cdkn2aip, Cdkn2b, Cdkn2c, Cdkn2d, Cdsn, Cdt1, Cdx2, Cdx4, Cdyl, Ceacam1, Ceacam2, Cebpa, Cebpb, Cebpd, Cela1, Celf1, Celf2, Celf4, Cemip, Cenatac, Cend1, Cenpe, Cenpf, Cenpv, Cep192, Cep43, Cep63, Cep78, Cep85, Cep97, Cer1, Cerkl, Cers1, Cers2, Ces1a, Ces1b, Ces1c, Ces1d, Ces1e, Ces1f, Ces1g, Ces1h, Cfdp1, Cfl1, Cflar, Cftr, Cga, Cgas, Cggbp1, Cgnl1, Cgref1, Cgrrf1, Ch25h, Chac1, Chad, Chadl, Chaserr, Chd3, Chd4, Chd5, Chd7, Chd8, Chek1, Chek2, Cherp, Chfr, Chga, Chid1, Chl1, Chlsn, Chmp1a, Chmp2a, Chmp4c, Chmp6, Chordc1, Chp1, Chrd, Chrdl1, Chrdl2, Chrm3, Chrna10, Chrna7, Chrna9, Chrnb2, Chst11, Chsy1, Chtf18, Ciapin1, Ciart, Cib1, Cic, Cidea, Cidec, Ciita, Cilp, Cipc, Cir1, Cirbp, Cish, Cit, Cited1, Cited2, Ckap2, Ckmt1, Clasp1, Clasp2, Clcf1, Cldn18, Cldn19, Cldn3, Cldn5, Cldn7, Clec12a, Clec12b, Clec16a, Clec2d, Clec2g, Clec2i, Clec4a2, Clec4a3, Clec4a4, Clec4b1, Clec4g, Clec5a, Clic4, Clip3, Clk2, Clmn, Cln3, Cln8, Clnk, Clock, Clp1, Clspn, Clstn3, Cltc, Clu, Cmklr1, Cmtm2a, Cmtm5, Cmya5, Cnbp, Cnih2, Cnksr3, Cnmd, Cnn1, Cnn2, Cnot1, Cnot10, Cnot11, Cnot2, Cnot3, Cnot6, Cnot6l, Cnot7, Cnot8, Cnot9, Cnpy2, Cnr1, Cnr2, Cntf, Cntfr, Cntn2, Cntn4, Cntnap2, Coa8, Col1a1, Col2a1, Col3a1, Col4a2, Col4a3, Col5a1, Col5a2, Commd1, Commd7, Comp, Comt, Cops2, Cops5, Cops8, Cops9, Coq7, Coro1a, Coro1b, Coro1c, Coro2b, Cox11, Cpb2, Cpe, Cpeb1, Cpeb2, Cpeb3, Cpeb4, Cpne1, Cptp, Cr1l, Cr2, Cracd, Crb2, Crbn, Creb1, Creb3, Creb3l1, Crebbp, Crebrf, Crebzf, Crem, Crh, Crhbp, Crhr1, Crhr2, Crim1, Cripto, Crk, Crkl, Crlf1, Crlf3, Crmp1, Crp, Crtam, Crtap, Crtc1, Crtc3, Cry1, Cry2, Cryaa, Cryab, Cryba1, Crym, Csdc2, Csde1, Csf1r, Csf2, Csk, Csnk1a1, Csnk1e, Csnk2a1, Csnk2a2, Csnk2b, Cspg4, Csrp3, Cst3, Cst7, Csta1, Csta2, Csta3, Cstb, Cstdc3, Cstdc4, Cstdc5, Cstdc6, Ctbp1, Ctbp2, Ctc1, Ctcf, Ctdp1, Ctdsp1, Ctdsp2, Ctdspl, Ctdspl2, Cth, Cthrc1, Ctif, Ctla2a, Ctla4, Ctnna1, Ctnna2, Ctnnb1, Ctnnbip1, Ctnnd1, Ctns, Ctr9, Cts7, Ctsa, Ctsc, Ctsg, Ctsh, Ctsk, Ctsl, Ctsz, Cttn, Cttnbp2nl, Cuedc2, Cul3, Cul4a, Cux1, Cux2, Cx3cl1, Cx3cr1, Cxadr, Cxcl10, Cxcl11, Cxcl12, Cxcl13, Cxcl14, Cxcl17, Cxcl9, Cxcr2, Cxcr3, Cxxc4, Cxxc5, Cyba, Cyfip1, Cygb, Cyld, Cyp19a1, Cyp1b1, Cyp26b1, Cyp27b1, Cyp2j6, Cyp51, Cyp7a1, Cyp7b1, Cyren, Cyrib, Cys1, Cysltr2, Cyth2, D130043K22Rik, D1Pas1, D7Ertd443e, Daam2, Dab1, Dab2, Dab2ip, Dach1, Dact1, Dact2, Dact3, Dad1, Dag1, Dand5, Dap, Dapk1, Dapk3, Dapl1, Daxx, Dazl, Dbi, Dbn1, Dbndd2, Dcaf1, Dcaf5, Dcbld2, Dclk1, Dclk2, Dclk3, Dcn, Dcp1a, Dcp1b, Dcp2, Dcps, Dcst1, Dcstamp, Dcun1d3, Ddah1, Ddb1, Ddias, Ddit3, Ddit4, Ddit4l, Ddr1, Ddr2, Ddrgk1, Ddx17, Ddx20, Ddx3x, Ddx3y, Ddx4, Ddx5, Ddx54, Ddx56, Ddx6, Deaf1, Dedd, Defb21, Dennd5a, Depdc1a, Depdc5, Deptor, Derl2, Derl3, Dffa, Dffb, Dgat2, Dgcr8, Dgkd, Dgkg, Dgki, Dgkq, Dgkz, Dguok, Dhcr24, Dhrs2, Dhrs3, Dhrs7b, Dhrs7c, Dhx34, Dhx36, Dhx58, Dhx9, Diaph1, Diaph2, Diaph3, Dicer1, Dip2a, Dip2b, Dipk2a, Dis3, Dis3l, Dis3l2, Disp3, Dixdc1, Dkc1, Dkk1, Dkk2, Dkk3, Dkk4, Dkkl1, Dlc1, Dlec1, Dleu2, Dlg1, Dlg4, Dlg5, Dlk1, Dlk2, Dll1, Dll3, Dll4, Dlx1, Dlx2, Dlx4, Dmap1, Dmbx1, Dmd, Dmrt1, Dmrt1i, Dmtn, Dna2, Dnai3, Dnaja1, Dnaja3, Dnaja4, Dnajb1, Dnajb11, Dnajb2, Dnajb4, Dnajb5, Dnajb6, Dnajb8, Dnajb9, Dnajc10, Dnajc15, Dnajc17, Dnajc2, Dnajc3, Dnajc5, Dnd1, Dnm1, Dnm1l, Dnm2, Dnm3, Dnmt1, Dnmt3a, Dnmt3b, Dnmt3l, Dock4, Dock5, Dock7, Dock8, Dok1, Dok2, Donson, Dot1l, Dpep1, Dpf2, Dph3, Dpp4, Dpp8, Dpp9, Dpt, Dpysl3, Dpysl5, Dr1, Drap1, Draxin, Drd1, Drd2, Drd3, Drd4, Drd5, Drosha, Dsc1, Dscam, Dscaml1, Dsg3, Dspp, Dstyk, Dtl, Dtnbp1, Dtx1, Dtx3l, Dtx4, Dubr, Dusp1, Dusp10, Dusp13b, Dusp15, Dusp16, Dusp19, Dusp2, Dusp22, Dusp26, Dusp29, Dusp3, Dusp4, Dusp5, Dusp6, Dusp7, Dusp8, Dusp9, Dvl1, Dxo, Dync1i2, Dync1li1, Dynll1, Dynlt1b, Dyrk1a, Dyrk2, Dyrk3, Dysf, E130311K13Rik, E2f1, E2f2, E2f3, E2f6, E2f7, E2f8, E4f1, Eaf2, Eapp, Ecm1, Ecrg4, Ecscr, Edc3, Edc4, Edn1, Edn2, Edn3, Ednra, Ednrb, Eed, Eef1e1, Eef2k, Efemp1, Efemp2, Efna1, Efna3, Efna5, Efnb2, Efnb3, Egf, Egfl7, Egfr, Egln1, Egr1, Egr3, Ehmt1, Ehmt2, Ei24, Eid1, Eid2, Eid2b, Eif2a, Eif2ak1, Eif2ak2, Eif2ak3, Eif2ak4, Eif2s1, Eif3a, Eif3e, Eif3h, Eif4a3, Eif4a3l1, Eif4a3l2, Eif4e, Eif4e2, Eif4ebp1, Eif4ebp2, Eif4ebp3, Eif4enif1, Eif4g1, Eif4g2, Eif5a, Eif6, Elane, Elapor2, Elavl1, Elavl4, Elf1, Elf2, Elf3, Elf4, Elf5, Elk3, Elk4, Ell3, Elob, Eloc, Emd, Eme1, Eme2, Emilin1, Emilin2, Eml2, Eml4, En1, En2, Enc1, Endog, Endou, Eng, Eno1, Eno1b, Enpp1, Enpp2, Enpp3, Enpp7, Entpd1, Entrep1, Eny2, Eomes, Ep300, Epas1, Epb41l5, Epc1, Epcam, Epha1, Epha2, Epha3, Epha4, Epha5, Epha7, Ephb1, Ephb2, Epm2a, Epn1, Epn2, Epo, Epor, Eppin, Eppk1, Eprs1, Eps8, Epx, Erbb2, Erbb3, Erbb4, Erbin, Ercc1, Ercc4, Ercc5, Ercc6, Erdr1x, Ereg, Erfe, Eri1, Erlec1, Erlin1, Erlin2, Erln, Ern1, Ern2, Ero1a, Erp29, Errfi1, Esp22, Espn, Esr1, Esr2, Esrra, Esrrb, Esx1, Etaa1, Etf1, Etfbkmt, Ets1, Ets2, Etv3, Etv4, Etv6, Evi2b, Evi5l, Evl, Exd1, Exosc10, Exosc2, Exosc3, Exosc4, Exosc5, Exosc6, Exosc7, Exosc8, Exosc9, Extl3, Eya1, Eya2, Eya3, Eya4, Ezh1, Ezh2, Ezr, F11, F11r, F12, F2, F2r, F2rl1, F2rl3, F8a, Fabp1, Fabp4, Fabp5, Fabp7, Fadd, Faim, Faim2, Faiml, Fam107a, Fam111a, Fam220a, Fam3a, Fam3d, Fam76b, Fam89b, Fancb, Fancd2, Fank1, Fap, Fas, Fasl, Fastk, Fastkd1, Fastkd2, Fastkd3, Fastkd5, Fat3, Fate1, Fbh1, Fbln1, Fbln5, Fbn1, Fbn2, Fbp1, Fbxl2, Fbxo11, Fbxo2, Fbxo24, Fbxo31, Fbxo32, Fbxo4, Fbxo43, Fbxo5, Fbxo7, Fbxw11, Fbxw7, Fcer1g, Fcgr2b, Fcmr, Fcor, Fcrl5, Fcrlb, Fem1a, Fem1al, Fem1b, Fer, Ferd3l, Fermt1, Fermt2, Fetub, Fez1, Fez2, Fezf1, Fezf2, Ffar1, Ffar2, Ffar3, Ffar4, Fga, Fgb, Fgf10, Fgf13, Fgf15, Fgf2, Fgf20, Fgf21, Fgf23, Fgf3, Fgf4, Fgf8, Fgf9, Fgfr1, Fgfr2, Fgfr3, Fgfr4, Fgfrl1, Fgg, Fgl1, Fgl2, Fgr, Fhit, Fhl1, Fhl2, Fhod3, Fig4, Fignl1, Fignl2, Fis1, Fkbp1a, Fkbp1b, Fkbp4, Fkbp6, Fkbp8, Fktn, Flcn, Flii, Flna, Flot2, Flt1, Flt3, Flt3l, Flt4, Flywch1, Fmc1, Fmn2, Fmo1, Fmo2, Fmo4, Fmr1, Fn1, Fndc3b, Fndc4, Fnip1, Fnip2, Fnta, Fntb, Focad, Fosl1, Foxa1, Foxa2, Foxa3, Foxb1, Foxc1, Foxc2, Foxd1, Foxd3, Foxe1, Foxe3, Foxf1, Foxf2, Foxg1, Foxh1, Foxj1, Foxj2, Foxk1, Foxk2, Foxl2, Foxm1, Foxn3, Foxo1, Foxo3, Foxo4, Foxp1, Foxp2, Foxp3, Foxp4, Foxq1, Foxr1, Foxs1, Fpr-rs3, Fpr-rs4, Fpr-rs6, Fpr-rs7, Fpr2, Frk, Frmd4a, Frmd5, Frmd7, Frmd8, Frs2, Fry, Frzb, Fscb, Fshr, Fst, Fstl1, Fstl3, Fstl4, Fth1, Fto, Ftx, Fuom, Furin, Fus, Fuz, Fxn, Fxr1, Fxr2, Fxyd1, Fxyd2, Fyn, Fzd1, Fzd3, Fzd4, Fzd5, Fzd6, Fzd7, Fzd9, Fzr1, G2e3, G3bp1, G6pd2, G6pdx, Gabarapl2, Gabbr1, Gabpa, Gadd45a, Gadd45b, Gadd45g, Gak, Gal, Gapdh, Gapdh-ps15, Gapdhrt, Gapdhrt2, Garem1, Gas1, Gas2l1, Gas2l2, Gas5, Gas6, Gata1, Gata2, Gata3, Gata4, Gata5, Gata6, Gatad2a, Gatad2b, Gba1, Gbe1, Gbp4, Gbp7, Gcg, Gch1, Gchfr, Gck, Gckr, Gclc, Gclm, Gcm2, Gcnt2, Gcsam, Gdf1, Gdf11, Gdf15, Gdf2, Gdf3, Gdf5, Gdf9, Gdi1, Gdi2, Gdnf, Gdpd5, Gen1, Gfap, Gfer, Gfi1, Gfpt1, Gfra2, Gfra4, Gfral, Gga3, Ggnbp2, Ggt7, Ghitm, Ghrh, Ghrl, Ghsr, Gigyf2, Gimap3, Gimap5, Gipc1, Gipr, Git1, Gja1, Gja5, Gjb6, Gjc2, Gjd3, Gkn3, Gla, Glce, Glg1, Gli1, Gli2, Gli3, Glis1, Glis2, Glis3, Glmn, Glo1, Glp1r, Glra1, Glrp1, Glrx3, Gm17067, Gm266, Gm38999, Gm4275, Gm4924, Gmfb, Gmfg, Gmip, Gmnc, Gmnn, Gmppa, Gna12, Gna13, Gnai1, Gnai2, Gnai3, Gnal, Gnao1, Gnaq, Gnas, Gnaz, Gnb1l, Gnb5, Gng4, Gnl3l, Gnrh1, Gnrhr, Golga2, Golph3, Gon4l, Gopc, Gorasp1, Got1, Gp1ba, Gp1bb, Gp5, Gp9, Gpam, Gpat2, Gpatch3, Gpc1, Gpc3, Gpd1l, Gper1, Gpi1, Gpld1, Gpm6b, Gpnmb, Gpr108, Gpr132, Gpr137, Gpr137b, Gpr149, Gpr155, Gpr15lg, Gpr161, Gpr17, Gpr171, Gpr173, Gpr174, Gpr18, Gpr21, Gpr31b, Gpr35, Gpr37l1, Gpr39, Gpr4, Gpr55, Gpr68, Gprasp1, Gprc5a, Gps2, Gpsm1, Gpx1, Gpx2, Gpx4, Gramd4, Grb10, Grb14, Grb7, Grem1, Grem2, Gria1, Gria4, Grid2, Grid2ip, Grik1, Grik2, Grik3, Grin1, Grin2a, Grin2b, Grin2c, Grin3a, Grina, Gripap1, Grk1, Grk2, Grk3, Grk4, Grk5, Grk6, Grm2, Grm5, Grm7, Grn, Grp, Gsc, Gsdma3, Gsdme, Gsk3a, Gsk3b, Gskip, Gsn, Gspt1, Gspt2, Gstm7, Gsto1, Gstp-ps, Gstp1, Gstp2, Gstp3, Gtf2i, Gtf2ird1, Gtpbp1, Gtpbp2, Gtpbp4, Gtsf1, Gucy1a1, Gzf1, Gzma, Gzmb, Gzmc, Gzmn, H19, H1f0, H1f1, H1f10, H1f2, H1f3, H1f4, H1f5, H1f6, H1f8, H1f9, H2-Aa, H2-D1, H2-K1, H2-M3, H2-Oa, H2-Ob, H2-T23, H2ab1, H2ab2, H2ab3, H2ac1, H2ac10, H2ac11, H2ac12, H2ac13, H2ac15, H2ac19, H2ac20, H2ac21, H2ac22, H2ac23, H2ac24, H2ac25, H2ac4, H2ac6, H2ac7, H2ac8, H2aj, H2al1b, H2al1e, H2al1f, H2al1j, H2al1k, H2al1m, H2al1n, H2al1o, H2al2a, H2al2b, H2al3, H2ap, H2ax, H2az1, H2az2, H2bc21, H3c14, H3f3a, H3f3b, Habp4, Hacd3, Hadh, Halr1, Hamp, Hamp2, Hand1, Hand2, Hap1, Hapstr1, Has1, Haspin, Hat1, Havcr2, Hax1, Hba-x, Hbb-bh1, Hbb-y, Hbegf, Hbp1, Hbs1l, Hc, Hcar1, Hcar2, Hcfc1, Hcfc2, Hck, Hcls1, Hcn1, Hcrt, Hdac1, Hdac10, Hdac2, Hdac3, Hdac4, Hdac5, Hdac6, Hdac7, Hdac8, Hdac9, Hdgf, Hdgfl3, Heca, Hectd1, Heg1, Helb, Hells, Helt, Helz, Helz2, Henmt1, Herc1, Herc2, Herc4, Herpud1, Hes1, Hes2, Hes3, Hes5, Hes6, Hes7, Hesx1, Hexim1, Hexim2, Hey1, Hey2, Heyl, Hfe, Hgf, Hgs, Hhatl, Hhex, Hhip, Hic1, Hif1a, Hif1an, Higd1a, Higd2a, Hinfp, Hint2, Hip1r, Hipk1, Hipk2, Hipk3, Hivep1, Hjv, Hk1, Hk2, Hk3, Hlx, Hmbox1, Hmg20a, Hmg20b, Hmga1, Hmga1b, Hmga2, Hmgb1, Hmgb2, Hmgb3, Hmgcr, Hmgn2, Hmgn5, Hmox1, Hmx1, Hnf1a, Hnf1b, Hnf4a, Hnrnpa0, Hnrnpa2b1, Hnrnpab, Hnrnpc, Hnrnpd, Hnrnpk, Hnrnpl, Hnrnpr, Hnrnpu, Homer2, Homer3, Hook3, Hopx, Hormad1, Hotair, Hoxa2, Hoxa5, Hoxa7, Hoxa9, Hoxb13, Hoxb3, Hoxb4, Hoxb8, Hoxc10, Hoxc8, Hoxd8, Hoxd9, Hpgd, Hpgds, Hpn, Hr, Hras, Hrc, Hrg, Hrh1, Hrh2, Hrh3, Hs3st5, Hsbp1, Hsbp1l1, Hsd3b2, Hsd3b3, Hsd3b6, Hsf1, Hsf4, Hsf5, Hsh2d, Hsp90ab1, Hsp90b1, Hspa1a, Hspa1b, Hspa2, Hspa4, Hspa5, Hspa8, Hspa9, Hspb1, Hspb2, Hspb6, Hspd1, Hspg2, Hsph1, Htr1a, Htr1b, Htr2a, Htr2b, Htr2c, Htr6, Htr7, Htra1, Htra2, Htra3, Htt, Hus1, Hus1b, Huwe1, Hyal1, Hyal2, Hyal3, Hyou1, Hypk, Iapp, Ibtk, Icam1, Id1, Id2, Id3, Id4, Ide, Idh2, Idi2, Ido1, Idua, Ier3, Ifi203, Ifi203-ps, Ifi206, Ifi207, Ifi208, Ifi209, Ifi213, Ifi214, Ifi27, Ifi30, Ifi35, Ifih1, Ifit3, Ifit3b, Ifitm1, Ifitm2, Ifitm3, Ifitm6, Ifitm7, Ifna, Ifna11, Ifnb1, Ifng, Ifngr1, Ifnl3, Ifrd1, Ifrd2, Ift122, Ift172, Ift52, Ift57, Ift74, Ift80, Ift88, Igbp1, Igf1, Igf1r, Igf2, Igf2bp1, Igf2bp2, Igf2bp3, Igfbp3, Igfbp5, Ighmbp2, Igsf1, Igtp, Ihh, Ik, Ikbkb, Ikbke, Ikbkg, Ikzf1, Ikzf4, Ikzf5, Il10, Il10ra, Il11, Il12a, Il12b, Il13, Il13ra2, Il15, Il15ra, Il17a, Il17d, Il17f, Il17rd, Il18, Il18r1, Il19, Il1a, Il1b, Il1r2, Il1rapl1, Il1rl1, Il1rn, Il2, Il20rb, Il22, Il22ra1, Il22ra2, Il23a, Il23r, Il24, Il27ra, Il2ra, Il2rb, Il3, Il33, Il36g, Il36rn, Il4, Il4i1, Il4i1b, Il4ra, Il6, Il6ra, Il6st, Il7, Il7r, Ildr2, Ilf3, Ilk, Ilrun, Impact, Inca1, Incenp, Ing1, Ing2, Ing4, Ing5, Inha, Inhba, Inhbb, Inip, Inpp4b, Inpp5a, Inpp5d, Inpp5e, Inpp5f, Inpp5j, Inpp5k, Inppl1, Ins1, Ins2, Insig1, Insig2, Insl3, Insl6, Insm1, Insm2, Insr, Ints1, Ints3, Ints7, Ints9, Intu, Invs, Ip6k1, Ip6k2, Ipo7, Iqcb1, Iqgap1, Iqgap3, Iqschfp, Iqsec2, Irag1, Irak1, Irak3, Ireb2, Irf1, Irf2bp1, Irf2bp2, Irf2bpl, Irf4, Irf6, Irf8, Irgm1, Irgm2, Irs1, Irs2, Irx1, Irx2, Irx3, Irx4, Irx6, Iscu, Isg15, Isg20, Isl1, Isl2, Ism1, Israa, Isx, Isyna1, Itch, Itfg2, Itga1, Itga3, Itga4, Itga5, Itga6, Itga9, Itgam, Itgav, Itgb1, Itgb1bp1, Itgb3, Itgb3bp, Itgb8, Itm2a, Itm2b, Itm2c, Itpkb, Itpr1, Itpr2, Itpr3, Itprip, Itsn1, Ivns1abp, Jade1, Jag1, Jagn1, Jak2, Jak3, Jam2, Jam3, Jarid2, Jazf1, Jdp2, Jmjd6, Jph2, Jph3, Jpx, Jsrp1, Jun, Jund, Jup, Kalrn, Kank1, Kank2, Kank3, Kank4, Kantr, Kat14, Kat2a, Kat2b, Kat5, Kat6a, Kat6b, Kat8, Katna1, Katnb1, Kcnab1, Kcnb1, Kcnc4, Kcne1, Kcne2, Kcne3, Kcne4, Kcne5, Kcnh2, Kcnh8, Kcnip3, Kcnj1, Kcnj11, Kcnj6, Kcnk2, Kcnk9, Kcnma1, Kcnn4, Kcnq1, Kcnq1ot1, Kcnq4, Kcnrg, Kctd1, Kctd10, Kctd11, Kctd13, Kctd15, Kctd21, Kctd6, Kdf1, Kdm1a, Kdm2a, Kdm2b, Kdm4a, Kdm5a, Kdm5b, Kdm5c, Kdm6a, Kdm8, Kdr, Keap1, Kel, Khdc3, Khdrbs1, Khsrp, Kics2, Kif14, Kif24, Kif26a, Kif7, Kifap3, Kifc1, Kirrel1, Kirrel2, Kiss1, Kiss1r, Kit, Kitl, Klf10, Klf11, Klf12, Klf13, Klf15, Klf16, Klf17, Klf2, Klf3, Klf4, Klf5, Klf7, Klf8, Klf9, Klhl15, Klhl20, Klhl22, Klhl25, Klhl31, Klhl40, Klk14, Klkb1, Klrb1b, Klrd1, Klre1, Klrk1, Kmt2a, Kmt2b, Kmt2d, Kmt5a, Kng1, Kng2, Knl1, Kntc1, Kpna7, Kptn, Kras, Kremen1, Kremen2, Krit1, Krt1, Krt16, Krt18, Krt4, L3mbtl1, L3mbtl2, L3mbtl3, L3mbtl4, Lag3, Lama4, Lamb1, Lamp2, Lamp3, Lamtor5, Lancl2, Laptm4b, Laptm5, Larp1, Larp4b, Larp7, Larp7-ps, Lats1, Lats2, Lax1, Lbh, Lbp, Lbr, Lbx1, Lck, Lcmt1, Lcn2, Lcor, Ldb1, Ldb2, Ldc1, Ldlr, Ldlrad4, Lect2, Lef1, Lefty1, Lemd2, Lemd3, Leo1, Lep, Lepr, Leprot, Leprotl1, Letm1, Lfng, Lgals1, Lgals3, Lgals9, Lgmn, Lgr4, Lhcgr, Lhx1, Lhx2, Lhx3, Lhx4, Lhx9, Lif, Lifr, Lig3, Lig4, Lilra5, Lilrb4a, Lilrb4b, Lima1, Limch1, Limd1, Lime1, Limk1, Limk2, Lims1, Lims2, Lin28a, Lin28b, Lin37, Lingo1, Litaf, Lmbr1l, Lmcd1, Lmna, Lmnb1, Lmnb2, Lmo1, Lmo2, Lmo3, Lmo4, Lmod1, Lmod2, Lmod3, Lmx1a, Lnpep, Lonp1, Lox, Loxl2, Loxl3, Lpar1, Lpcat1, Lpcat3, Lpin1, Lpl, Lpxn, Lrch1, Lrfn5, Lrif1, Lrig2, Lrp1, Lrp2, Lrp3, Lrp4, Lrp5, Lrp6, Lrpap1, Lrpprc, Lrrc14, Lrrc15, Lrrc17, Lrrc32, Lrrfip1, Lrrk1, Lrrk2, Lrrtm1, Lrrtm2, Lrsam1, Lsm1, Lsm14a, Lsm14b, Lsm2, Lsm4, Lsm5, Lsm6, Lsm7, Lst1, Lta, Ltbp1, Ltbp3, Ltf, Ltk, Luc7l, Luzp1, Ly6g6e, Lyar, Lyn, Lypd1, Lypd3, Lypla1, Lyplal1, Lztfl1, Lztr1, Lzts1, Lzts2, Macir, Macroh2a1, Macroh2a2, Mad1l1, Mad2l1, Mad2l1bp, Mad2l2, Madd, Maea, Mael, Maf, Maf1, Mafb, Mafk, Mag, Magea1, Magea10, Magea13, Magea14, Magea2, Magea3, Magea4, Magea5, Magea6, Magea8, Magea9, Mageb11, Mageb16, Mageb18, Mageb2, Mageb3, Mageb4, Mageb5, Mageb5b, Mageb6b1, Magec2, Maged1, Maged2, Magee1, Magee2, Mageh1, Magel2, Magi2, Magoh, Magohb, Mak, Malrd1, Malsu1, Maob, Map1a, Map1b, Map2, Map2k1, Map2k2, Map2k3, Map2k4, Map2k5, Map2k6, Map3k1, Map3k10, Map3k12, Map3k20, Map3k3, Map3k7, Map4k4, Map6d1, Mapk1, Mapk10, Mapk11, Mapk12, Mapk14, Mapk15, Mapk3, Mapk7, Mapk8, Mapk8ip1, Mapk8ip2, Mapk8ip3, Mapkap1, Mapkapk2, Mapkapk5, Mapkbp1, Mapre1, Mapt, Marchf7, Marchf8, Mark1, Mark3, Marveld3, Mas1, Masp1, Mavs, Max, Maz, Mbd1, Mbd2, Mbd3, Mbd3l1, Mbd3l2, Mbd4, Mbip, Mbl2, Mbnl3, Mbp, Mbtd1, Mbtps1, Mbtps2, Mc1r, Mc4r, Mcc, Mcidas, Mcl1, Mcoln1, Mcph1, Mcrs1, Mctp1, Mcub, Mdc1, Mdfi, Mdfic, Mdfic2, Mdga1, Mdga2, Mdk, Mdm1, Mdm2, Mdm4, Meak7, Mecom, Mecp2, Med1, Med25, Med28, Med31, Mef2a, Mef2c, Mefv, Megf8, Meioc, Meis1, Meis2, Meis3, Meltf, Men1, Meox2, Mepce, Mepe, Mertk, Mesp1, Met, Metrnl, Mettl1, Mettl13, Mettl14, Mettl16, Mettl21c, Mettl3, Mettl4, Mex3d, Mfhas1, Mfn1, Mfn2, Mfsd12, Mfsd2a, Mfsd8, Mgarp, Mgat3, Mgat4d, Mgll, Mgmt, Mgrn1, Mia3, Mib1, Mical1, Mid1, Mid1ip1, Mid2, Mideas, Midn, Mien1, Mier1, Mier2, Mier3, Mif, Miip, Mill1, Milr1, Minar1, Mir100, Mir101a, Mir101b, Mir106a, Mir106b, Mir107, Mir10a, Mir124-2hg, Mir1247, Mir124a-1, Mir124a-1hg, Mir124a-2, Mir124a-3, Mir125a, Mir125b-1, Mir125b-2, Mir129, Mir129-1, Mir129-2, Mir133a-1, Mir133a-1hg, Mir133a-2, Mir133b, Mir134, Mir135a-1, Mir135a-2, Mir137, Mir140, Mir143, Mir144, Mir146, Mir147, Mir154, Mir155, Mir15a, Mir17, Mir18, Mir181b-1, Mir181b-2, Mir182, Mir183, Mir186, Mir18b, Mir196a-1, Mir196a-2, Mir196b, Mir199a-2, Mir19b-1, Mir19b-2, Mir1a-1, Mir1a-2, Mir1b, Mir200a, Mir200b, Mir203, Mir204, Mir205, Mir208b, Mir20a, Mir20b, Mir210, Mir214, Mir217, Mir218, Mir218-1, Mir218-2, Mir219a-1, Mir219a-2, Mir21a, Mir21b, Mir21c, Mir221, Mir223, Mir23a, Mir24-1, Mir24-2, Mir25, Mir26a-1, Mir26a-2, Mir26b, Mir290a, Mir292, Mir293, Mir294, Mir295, Mir296, Mir29a, Mir29b-1, Mir29b-2, Mir29c, Mir301, Mir30a, Mir30c-1, Mir30c-2, Mir320, Mir324, Mir329, Mir33, Mir330, Mir338, Mir34a, Mir34b, Mir34c, Mir351, Mir363, Mir370, Mir382, Mir3960, Mir411, Mir423, Mir448, Mir449a, Mir449b, Mir449c, Mir450b, Mir451a, Mir451b, Mir466l, Mir470, Mir489, Mir494, Mir495, Mir504, Mir505, Mir511, Mir539, Mir541, Mir543, Mir668, Mir669a-1, Mir669a-10, Mir669a-2, Mir669a-3, Mir669a-4, Mir669a-5, Mir669a-6, Mir669a-7, Mir669a-8, Mir669a-9, Mir675, Mir696, Mir7-1, Mir7-2, Mir702, Mir7116, Mir7578, Mir7b, Mir873a, Mir874, Mir875, Mir9-1, Mir92-1, Mir92-2, Mir93, Mir96, Mir98, Mirlet7a-1, Mirlet7a-2, Mirlet7b, Mirlet7c-1, Mirlet7c-2, Mirlet7e, Mirlet7g, Mis18a, Mitf, Mixl1, Mkks, Mkrn2, Mkx, Mlh1, Mlip, Mllt1, Mllt3, Mlst8, Mlx, Mlxipl, Mmp11, Mmp12, Mmp14, Mmp2, Mmp28, Mmp3, Mmp9, Mmrn1, Mmrn2, Mn1, Mnat1, Mndal, Mnt, Mnx1, Mob4, Morc1, Morc2a, Morc2b, Morc3, Morn3, Mos, Mosmo, Mospd1, Mov10, Mov10l1, Mphosph8, Mphosph9, Mpig6b, Mpl, Mpv17l, Mpz, Mrap, Mrap2, Mre11a, Mrln, Mrnip, Mrpl13, Mrtfa, Mrto4, Ms4a2, Msc, Msh2, Msh3, Msh6, Msr1, Mst1, Mstn, Msx1, Msx1os, Msx2, Msx3, Mt1, Mt2, Mt3, Mta1, Mta2, Mta3, Mtbp, Mtch2, Mtcl2, Mtdh, Mterf3, Mtf2, Mtm1, Mtmr2, Mtmr4, Mtmr9, Mtnr1a, Mtnr1b, Mtor, Mtpap, Mtpn, Mtrnr2l7, Mtss1, Muc1, Muc16, Muc19, Muc2, Muc21, Muc4, Mul1, Mup1, Mup11, Mup2, Mup3, Mup4, Mup5, Mus81, Musk, Mutyh, Mvk, Mvp, Mx2, Mxd1, Mxd3, Mxd4, Mxi1, Myadm, Myb, Mybbp1a, Myc, Mycbp2, Mycn, Mycs, Myd88, Mydgf, Myef2, Myf6, Myh9, Myl2, Mylip, Mynn, Myo16, Myo18a, Myo1f, Myo5a, Myoc, Myocd, Myod1, Myog, Myoz1, Myoz2, Mypop, Myt1, Myt1l, Mzf1, n-TIaat17, n-TRtct5, N4bp1, N4bp2l2, N6amt1, Naa10, Naa15, Naa16, Naa35, Naa38, Nab1, Nab2, Nabp1, Nabp2, Naca, Nacc1, Nacc2, Nae1, Naf1, Naif1, Naip1, Naip2, Naip5, Naip6, Naip7, Nampt, Nanog, Nanos1, Nanos2, Nanos3, Napepld, Nat10, Nat8, Nat8b-ps, Nat8f1, Nat8f2, Nat8f3, Nat8f5, Nat8f7, Nav3, Naxe, Nbas, Nbdy, Nbl1, Nbn, Nbr1, Ncam1, Ncbp1, Ncbp2, Ncbp3, Nck1, Nck2, Nckap1l, Ncl, Ncoa2, Ncoa3, Ncoa5, Ncoa7, Ncor1, Ncor2, Ndc80, Ndfip1, Ndfip2, Ndn, Ndnf, Ndrg1, Ndrg2, Ndrg4, Ndufa13, Ndufaf2, Ndufaf4, Ndufc2, Ndufs3, Necab2, Nedd4, Nedd4l, Nedd9, Nefl, Neil1, Nek1, Nek11, Nek2, Nelfa, Nelfb, Nelfcd, Nelfe, Nell1, Nenf, Neo1, Nepn, Nepro, Nes, Neu3, Neu4, Neurl1a, Neurod1, Neurod2, Neurog1, Neurog3, Nexmif, Nf1, Nf2, Nfatc1, Nfatc2, Nfatc3, Nfatc4, Nfe2, Nfe2l1, Nfe2l2, Nfe2l3, Nfib, Nfic, Nfil3, Nfix, Nfkb1, Nfkbia, Nfkbid, Nfkbie, Nfkbil1, Nfx1, Ngb, Ngdn, Ngef, Ngf, Ngfr, Ngp, Nherf1, Nherf2, Nherf4, Niban1, Niban2, Nicol1, Nif3l1, Nipbl, Nisch, Nkap, Nkd1, Nkd2, Nkiras1, Nkiras2, Nkrf, Nkx2-1, Nkx2-2, Nkx2-5, Nkx2-6, Nkx2-9, Nkx3-1, Nkx3-2, Nkx6-1, Nkx6-2, Nkx6-3, Nle1, Nlgn1, Nlgn3, Nlgn4l, Nlk, Nlrc3, Nlrc5, Nlrp12, Nlrp3, Nlrp4a, Nlrp4b, Nlrp4c, Nlrp4e, Nlrp4f, Nlrp5, Nlrp6, Nlrx1, Nmb, Nmbr, Nme1, Nme2, Nme5, Nme6, Nmi, Nmnat1, Nmnat2, Nmrk2, Nmu, Nnt, Noc2l, Noct, Nod2, Nodal, Nog, Nol3, Nolc1, Nono, Nop53, Nos1, Nos2, Nos3, Nostrin, Notch1, Notch2, Notch3, Notch4, Notum, Nova1, Nova2, Nox1, Nox4, Npas1, Npat, Npc1, Npff, Nphp3, Nphp4, Nploc4, Npm1, Nppa, Nppb, Nppc, Npr1, Npr2, Npr3, Nprl2, Nprl3, Npsr1, Nptn, Npvf, Npy, Npy1r, Npy2r, Npy5r, Nqo1, Nr0b1, Nr0b2, Nr1d1, Nr1d2, Nr1h2, Nr1h3, Nr1h4, Nr1h5, Nr1i2, Nr1i3, Nr2c1, Nr2c2, Nr2e1, Nr2e3, Nr2f1, Nr2f2, Nr2f6, Nr3c1, Nr4a1, Nr4a2, Nr4a3, Nr5a1, Nr6a1, Nrarp, Nras, Nrbp2, Nrdc, Nrde2, Nrg1, Nrg3, Nrip1, Nrip2, Nrk, Nron, Nrp1, Nrros, Nrxn1, Nscme3l, Nsd1, Nsd2, Nsd3, Nsfl1c, Nsmce3, Nsun2, Nt5c2, Nt5e, Ntf3, Ntf5, Ntm, Ntn1, Ntrk1, Ntrk2, Ntrk3, Nts, Ntsr1, Nuak2, Nubp1, Nucb2, Nudt12, Nudt16, Nudt16l1, Nudt16l2, Nudt6, Nuf2, Nuggc, Numb, Nup153, Nup155, Nup62, Nupr1, Nupr2, Nutf2, Nutf2-ps1, Nxn, Oas1a, Oas1b, Oas1c, Oas1d, Oas1e, Oas1f, Oas1g, Oas1h, Oas2, Oas3, Oasl1, Oasl2, Oaz1, Oaz2, Oaz3, Obox4, Obp2a, Obscn, Ocln, Odf2l, Ofd1, Oga, Ogg1, Ogn, Ogt, Olfm1, Olfm4, Olig2, Olig3, Olr1, Oma1, Onecut1, Onecut2, Oog1, Oog2, Oog3, Opa1, Ophn1, Opn3, Oprd1, Oprk1, Oprl1, Oprm1, Optc, Optn, Orc1, Ormdl1, Ormdl2, Ormdl3, Os9, Osbpl8, Osgin1, Osgin2, Osm, Osr1, Osr2, Ostn, Otop1, Otp, Otub1, Otud3, Otud4, Otud5, Otud6b, Otud7b, Otulin, Ovgp1, Ovol1, Ovol2, Oxr1, Oxsr1, P2rx4, P2rx7, P2ry1, P2ry12, P2ry2, P3h1, P3h2, P3h3, Pa2g4, Pabir1, Pabpc1, Pabpc4, Pabpn1l, Pacsin1, Pacsin2, Pacsin3, Padi2, Paf1, Pafah1b1, Pafah2, Pag1, Paip1, Paip2, Paip2b, Pak1, Pak1ip1, Pak2, Pak4, Pak5, Palb2, Palm, Palm3, Pam16, Pan2, Pan3, Paqr3, Pard3, Pard6a, Park7, Parl, Parn, Parp1, Parp10, Parp14, Parp16, Parp3, Parp9, Parpbp, Pasd1, Pask, Patl1, Patl2, Patz1, Pawr, Pax2, Pax3, Pax4, Pax5, Pax6, Pax8, Pax9, Pbk, Pbld1, Pbld2, Pbp2, Pbrm1, Pbx1, Pbxip1, Pcbp2, Pcbp3, Pcbp4, Pcdh17, Pcdhgc3, Pcdhgc4, Pcdhgc5, Pcgf1, Pcgf2, Pcgf3, Pcgf5, Pcgf6, Pcid2, Pcif1, Pcm1, Pcmt1, Pcna, Pcnt, Pcp4, Pcsk9, Pctp, Pcx, Pdcd1, Pdcd10, Pdcd1lg2, Pdcd4, Pdcd5, Pdcd5-ps, Pdcd6, Pdcl, Pdcl3, Pde10a, Pde11a, Pde12, Pde1c, Pde2a, Pde3a, Pde3b, Pde4c, Pde4d, Pde5a, Pde8b, Pde9a, Pdgfa, Pdgfb, Pdgfra, Pdgfrb, Pdia6, Pdik1l, Pdk4, Pdpk1, Pdpn, Pds5a, Pds5b, Pdx1, Pdxk, Pea15a, Pea15b-ps, Pebp1, Pecam1, Peg10, Peg3, Peli1, Peli3, Pelo, Pemt, Penk, Pepd, Per1, Per2, Per3, Pex14, Pex2, Pex5, Pf4, Pfdn1, Pfdn2, Pfdn4, Pfdn5, Pfdn6, Pfkfb1, Pfkl, Pfn1, Pfn2, Pgam5, Pgk1, Pglyrp1, Pglyrp2, Pglyrp3, Pglyrp4, Pgp, Pgr, Pgrmc1, Phactr4, Phax, Phb1, Phb2, Phc1, Phc2, Phc3, Phf1, Phf12, Phf14, Phf19, Phf2, Phf20l1, Phf21a, Phf23, Phf6, Phf8, Phip, Phlda3, Phldb2, Phlpp1, Phox2b, Phpt1, Pi16, Pias1, Pias2, Pias3, Pias4, Pibf1, Picalm, Pick1, Pid1, Pidd1, Pif1, Pik3ap1, Pik3c2a, Pik3ca, Pik3cb, Pik3cd, Pik3cg, Pik3ip1, Pik3r1, Pik3r2, Pilrb1, Pim1, Pim2, Pim3, Pin1, Pin1rt1, Pinc, Pink1, Pinx1, Pip, Pip4k2a, Pip4k2b, Pip4k2c, Pip4p2, Pip5kl1, Pira1, Pira6, Pirb, Pitx1, Pitx2, Pitx3, Piwil1, Piwil2, Piwil4, Pkd2, Pkdcc, Pkhd1, Pkia, Pkib, Pkig, Pkmyt1, Pkn1, Pkp1, Pkp2, Pkp3, Pla2g10, Pla2g2a, Pla2g2d, Pla2g2f, Pla2g3, Pla2g5, Pla2g6, Pla2r1, Plaa, Plaat3, Plac8, Plag1, Plat, Plau, Plaur, Plcb1, Plcb2, Plcb3, Plcb4, Plce1, Plcg1, Plcg2, Plch1, Plch2, Plcl1, Plcl2, Pld2, Pld6, Plec, Plek, Plekha1, Plekhh2, Plekhn1, Plet1, Plg, Plin5, Plk1, Plk2, Plk3, Plk5, Pln, Plpp3, Plpp7, Plscr1, Plxna3, Plxnb1, Plxnb2, Plxnb3, Plxnc1, Plxnd1, Pmaip1, Pmch, Pmepa1, Pml, Pmp22, Pnkd, Pnldc1, Pnp, Pnpla2, Pnpt1, Pnrc1, Pnrc2, Podn, Podxl, Poldip2, Pole3, Polq, Polr1a, Polr2g, Pomc, Pon3, Por, Postn, Pot1a, Pot1b, Pou1f1, Pou2f1, Pou3f1, Pou3f2, Pou3f3, Pou3f4, Pou4f1, Pou4f2, Pou5f1, Pou6f1, Pp2d1, Ppara, Ppard, Pparg, Ppargc1a, Ppargc1b, Ppef2, Ppfia1, Pphln1, Ppia, Ppid, Ppif, Ppm1a, Ppm1b, Ppm1d, Ppm1e, Ppm1f, Ppp1r10, Ppp1r11, Ppp1r13b, Ppp1r13l, Ppp1r15a, Ppp1r15b, Ppp1r3b, Ppp1r9a, Ppp1r9b, Ppp2ca, Ppp2cb, Ppp2r1a, Ppp2r3a, Ppp2r3d, Ppp2r5a, Ppp2r5b, Ppp2r5c, Ppp2r5d, Ppp3ca, Ppp3cb, Ppp3cc, Ppp3r1, Ppp3r2, Ppp4c, Ppp5c, Ppp6c, Ppt1, Prag1, Pramel1, Pramel7, Prap1, Prdm1, Prdm11, Prdm12, Prdm13, Prdm14, Prdm15, Prdm16, Prdm2, Prdm4, Prdm5, Prdm6, Prdm8, Prdm9, Prdx2, Prdx3, Prdx4, Prdx5, Prelid1, Prex1, Prex2, Prg2, Prg3, Prg4, Prickle1, Prkaa1, Prkaa2, Prkaca, Prkacb, Prkag2, Prkag3, Prkar1a, Prkar1b, Prkar2a, Prkar2b, Prkca, Prkcb, Prkcd, Prkce, Prkcg, Prkch, Prkci, Prkcq, Prkcsh, Prkcz, Prkd1, Prkdc, Prkg1, Prkg2, Prkn, Prkra, Prkrip1, Prl, Prl2c2, Prl7d1, Prlr, Prmt1, Prmt2, Prmt3, Prmt5, Prmt6, Prnp, Proc, Procr, Prok2, Prokr1, Prom2, Prop1, Pros1, Prox1, Prpf18, Prpf19, Prpf4b, Prr5, Prr5l, Prrt1, Prrt2, Prrx1, Prtg, Prtn3, Psca, Psen1, Psen2, Psg23, Psma1, Psmb4, Psmc5, Psmd10, Psmd9, Psme3, Psme3ip1, Psmf1, Psmg2, Pspc1, Psrc1, Ptbp1, Ptbp2, Ptbp3, Ptch1, Ptch2, Ptcra, Pten, Ptgdr2, Ptgds, Ptger3, Ptger4, Ptges, Ptgfr, Ptgir, Ptgis, Ptgr1, Ptgr3, Ptgs1, Ptgs2, Ptgs2os, Pth, Pth1r, Pthlh, Ptk2, Ptk2b, Ptk6, Ptma, Ptms, Ptn, Ptpmt1, Ptpn1, Ptpn11, Ptpn13, Ptpn14, Ptpn2, Ptpn22, Ptpn23, Ptpn3, Ptpn6, Ptpn9, Ptprb, Ptprc, Ptprd, Ptpre, Ptprf, Ptprg, Ptprh, Ptprj, Ptprk, Ptprm, Ptpro, Ptprr, Ptprs, Ptprt, Ptpru, Ptprv, Ptprz1, Ptrh2, Pttg1, Pttg1ip, Ptx3, Pum1, Pum2, Pura, Purb, Pus10, Pus7, Pvrig, Pwp1, Pxk, Pycard, Pycr1, Pym1, Pyy, Qars1, Qki, Qrich2, Qsox1, Rab11fip1, Rab11fip3, Rab11fip5, Rab23, Rab29, Rab33b, Rab3ip, Rab7, Rab7b, Rabgef1, Rac1, Rack1, Rad1, Rad17, Rad18, Rad21, Rad50, Rad51, Rad9a, Rad9b, Radx, Raf1, Rag1, Rag2, Rai1, Ralgapa1, Raly, Ramp2, Ranbp3l, Ranbp9, Rangap1, Rap1a, Rap1b, Rap1gap, Rap1gap2, Rap1gds1, Rap2a, Rap2b, Rap2c, Rapgef1, Rapgef2, Rapgef3, Rapgef4, Rara, Rarb, Rarg, Rasa1, Rasa2, Rasa3, Rasa4, Rasal1, Rasal3, Rasd1, Rasd2, Rasip1, Rasl11b, Rassf2, Rassf5, Rb1, Rb1cc1, Rbbp4, Rbbp7, Rbbp8, Rbck1, Rbfox2, Rbl1, Rbl2, Rbm10, Rbm14, Rbm15, Rbm15b, Rbm20, Rbm24, Rbm3, Rbm33, Rbm38, Rbm4, Rbm42, Rbm46, Rbm47, Rbm8a, Rbm8a2, Rbms3, Rbmxl1, Rbp4, Rbpj, Rbpms2, Rbx1, Rbx1-ps, Rc3h1, Rc3h2, Rcan1, Rcc2, Rcor1, Rcor2, Rcor3, Rd3, Rdx, Reck, Recql4, Recql5, Reg1, Reg3a, Reg3b, Reg3g, Rel, Rela, Relb, Rem1, Rere, Rerg, Resf1, Rest, Retn, Retreg1, Rfc1, Rffl, Rflna, Rflnb, Rfng, Rfwd3, Rfx3, Rfx4, Rfx5, Rgcc, Rgl2, Rgma, Rgn, Rgp1, Rgs1, Rgs10, Rgs11, Rgs12, Rgs13, Rgs14, Rgs16, Rgs17, Rgs18, Rgs19, Rgs2, Rgs20, Rgs22, Rgs3, Rgs4, Rgs5, Rgs6, Rgs7, Rgs7bp, Rgs8, Rgs9, Rgs9bp, Rhbdd1, Rhbdd3, Rhbdf1, Rhbdf2, Rheb, Rhno1, Rhoa, Rhob, Rhoh, Rhoq, Rhox2a, Rhox3a, Rhox5, Rhpn1, Rhpn2, Rian, Ric1, Rictor, Rida, Rif1, Rilp, Rin3, Ring1, Rint1, Riok3, Riox1, Riox2, Ripk1, Ripor1, Ripor2, Ripply1, Ripply2, Ripply3, Rit2, Rita1, Rlf, Rlim, Rln1, Rmi2, Rnaseh2b, Rnasel, Rnd1, Rnf10, Rnf113a1, Rnf113a2, Rnf115, Rnf125, Rnf126, Rnf128, Rnf139, Rnf144b, Rnf146, Rnf149, Rnf152, Rnf157, Rnf167, Rnf168, Rnf169, Rnf170, Rnf2, Rnf20, Rnf213, Rnf26, Rnf26rt, Rnf31, Rnf34, Rnf4, Rnf41, Rnf43, Rnf5, Rnf6, Rnf7, Rnf8, Rnls, Rnps1, Rnu12, Robo1, Robo2, Robo4, Rock1, Rock2, Ror2, Rora, Rorb, Rorc, Ros1, Rp1, Rpa2, Rpgrip1l, Rph3al, Rpl10, Rpl10-ps3, Rpl11, Rpl13a, Rpl23, Rpl24, Rpl3l, Rpl5, Rps13, Rps14, Rps19, Rps23rg1, Rps26, Rps27l, Rps3, Rps3a1, Rps6, Rps6-ps4, Rps6ka1, Rps6ka2, Rps6ka3, Rps6ka5, Rps6ka6, Rps6kb1, Rps6kb2, Rps7, Rptor, Rrad, Rraga, Rragb, Rragc, Rragd, Rras, Rreb1, Rrm2b, Rrn3, Rrp1b, Rrp8, Rsad2, Rsc1a1, Rsf1, Rsl1, Rspo2, Rtca, Rtel1, Rtf1, Rtkn2, Rtn1, Rtn2, Rtn3, Rtn4, Rtn4r, Rtn4rl1, Rtn4rl2, Rtraf, Rubcn, Rufy3, Runx1, Runx1t1, Runx2, Runx3, Ruvbl2, Rxfp2, Rxra, Rybp, Rybp-ps, Ryk, Ryr1, Ryr2, Ryr3, S100a1, S100b, S1pr1, S1pr2, S1pr3, S2bpcox16, Sac3d1, Sacs, Sag, Sall1, Sall2, Sall3, Sall4, Samd1, Samd11, Samd4, Samd4b, Samd7, Samhd1, Samsn1, Samtor, Sap130, Sap18, Sap18b, Sap25, Sap30, Sap30l, Sapcd2, Sar1a, Sar1b, Sarm1, Sarnp, Sars1, Satb1, Satb2, Sav1, Sbno2, Sc5d, Scaf4, Scaf8, Scai, Scamp5, Scfd1, Scg2, Scgb1a1, Scin, Scly, Scmh1, Scml2, Scml4, Scn9a, Sco1, Scrib, Scrt1, Scrt2, Sct, Scx, Scyl2, Sdc4, Sdcbp, Sde2, Sdhaf2, Sdr16c5, Sec14l1, Sec22b, Secisbp2, Selenon, Selenos, Sema3a, Sema3e, Sema3f, Sema3g, Sema4a, Sema4d, Sema4f, Sema5a, Sema6a, Sema6c, Sema6d, Senp1, Senp2, Senp3, Septin4, Serbp1, Sergef, Serpina12, Serpina5, Serpinb10, Serpinb11, Serpinb12, Serpinb13, Serpinb1a, Serpinb1b, Serpinb1c, Serpinb2, Serpinb3a, Serpinb3b, Serpinb3c, Serpinb3d, Serpinb5, Serpinb6a, Serpinb6b, Serpinb6c, Serpinb6d, Serpinb6e, Serpinb7, Serpinb8, Serpinb9, Serpinb9b, Serpinb9c, Serpinb9d, Serpinb9e, Serpinb9f, Serpinb9g, Serpinb9h, Serpind1, Serpine1, Serpine2, Serpine3, Serpinf1, Serpinf2, Serping1, Serpinh1, Serpini1, Serpini2, Sertad1, Sertad2, Sertad3, Sesn1, Sesn2, Sesn3, Sestd1, Set, Setd5, Setdb1, Setdb2, Setmar, Sf1, Sf3b3, Sfmbt1, Sfmbt2, Sfn, Sfpq, Sfrp1, Sfrp2, Sfrp4, Sfrp5, Sfswap, Sftpd, Sgf29, Sgk1, Sgk3, Sgms1os1, Sgta, Sh2b2, Sh2b3, Sh2d1a, Sh2d1b1, Sh2d1b2, Sh3bp1, Sh3bp4, Sh3bp5, Sh3gl2, Sh3gl3, Sh3glb1, Sh3rf1, Sh3rf2, Shank1, Shank2, Shank3, Sharpin, Shb, Shc1, Shfl, Shh, Shisa2, Shisa3, Shisa6, Shld1, Shld2, Shld3, Shmt1, Shoc2, Shox2, Shroom2, Siah2, Siah3, Sigirr, Siglec1, Siglece, Siglecg, Sik1, Sik2, Sike1, Sim2, Sin3a, Sin3b, Sinhcaf, Sirpa, Sirt1, Sirt2, Sirt3, Sirt4, Sirt5, Sirt6, Sirt7, Six1, Six2, Six3, Six4, Six5, Ska1, Ska3, Skap2, Ski, Skic2, Skic3, Skic8, Skil, Skor1, Skor2, Sla2, Slamf1, Slamf8, Slc11a1, Slc12a2, Slc15a1, Slc16a2, Slc18a1, Slc18a2, Slc1a1, Slc22a13, Slc24a1, Slc24a2, Slc24a3, Slc24a4, Slc24a5, Slc25a12, Slc25a27, Slc25a31, Slc25a4, Slc25a5, Slc26a5, Slc27a1, Slc27a4, Slc2a10, Slc2a3, Slc30a1, Slc35c1, Slc35c2, Slc35f6, Slc37a4, Slc39a10, Slc39a8, Slc40a1, Slc43a1, Slc43a2, Slc46a2, Slc4a1, Slc4a2, Slc6a1, Slc6a3, Slc6a4, Slc6a9, Slc7a10, Slc7a11, Slc7a5, Slc8a1, Slc8a3, Slc8b1, Slc9a1, Slfn1, Slfn14, Slfn2, Slfn3, Slirp, Slit1, Slit2, Slit3, Slmap, Sln, Slpi, Slurp1, Slx4, Smad1, Smad2, Smad3, Smad4, Smad5, Smad6, Smad7, Smarca1, Smarca2, Smarca4, Smarca5, Smarcad1, Smarcb1, Smarcc1, Smarcc2, Smarcd1, Smarce1, Smchd1, Smcr8, Smg1, Smg5, Smg6, Smg7, Smg8, Smg9, Smim30, Smo, Smpd1, Smpd3, Smpdl3a, Smpdl3b, Smtnl1, Smurf1, Smurf2, Smyd1, Smyd2, Smyd3, Smyd5, Snai1, Snai2, Snai3, Snapin, Snca, Sncb, Snd1, Snip1, Snph, Snta1, Snw1, Snx1, Snx12, Snx13, Snx25, Snx3, Snx33, Snx5, Snx6, Socs1, Socs2, Socs3, Socs4, Socs5, Socs6, Socs7, Sod1, Sod2, Son, Sorbs3, Sorcs2, Sorcs3, Sorl1, Sort1, Sost, Sostdc1, Sox1, Sox10, Sox11, Sox12, Sox13, Sox14, Sox15, Sox17, Sox18, Sox2, Sox21, Sox3, Sox30, Sox4, Sox5, Sox6, Sox7, Sox8, Sox9, Sp100, Sp2, Sp3, Sp5, Spaar, Spaca7, Spag11a, Spag9, Sparc, Spart, Spc24, Spc25, Spdef, Spdl1, Specc1l, Spef1, Spen, Sphk1, Sphk2, Spi1, Spin1, Spin4, Spindoc, Spink1, Spink12, Spink13, Spink2, Spink5, Spink6, Spink7, Spinkl, Spint1, Spint2, Spn, Spocd1, Spock1, Spock3, Spon1, Spop, Spopl, Spout1, Spp1, Spred1, Spred2, Spred3, Spry1, Spry2, Spry3, Spry4, Spsb3, Spta1, Sptan1, Sptb, Sptbn1, Sptbn4, Spty2d1, Spx, Sqstm1, Sra1, Src, Srcin1, Srebf1, Srebf2, Srf, Srgap1, Srgap2, Srgap3, Srgn, Sri, Srp9, Srpk1, Srpk2, Srpx, Srrt, Srsf1, Srsf10, Srsf3, Srsf4, Srsf6, Srsf7, Srsf9, Sry, Ss18, Ssb, Ssc5d, Ssh1, Ssh2, Ssh3, Sstr4, St13, St18, St3gal1, St6gal1, St7l, Stab1, Stambp, Stap1, Star, Stard13, Stat1, Stat2, Stat3, Stat5a, Stat5b, Stat6, Stau2, Stc1, Stc2, Stfa1, Stfa2, Stfa2l1, Stfa3, Stil, Stk11, Stk24, Stk26, Stk3, Stk33, Stk35, Stk38, Stk38l, Stk39, Stk4, Stk40, Stmn1, Stmn2, Stmn3, Stn1, Stox1, Stradb, Strap, Strip1, Strm, Strn, Strn3, Strn4, Stub1, Stx1b, Stxbp1, Stxbp3, Stxbp5l, Styx, Styx-ps, Styxl1, Styxl2, Sub1, Suds3, Sufu, Sulf1, Sulf2, Sult2b1, Sumf2, Sumo1, Sumo2, Supt4a, Supt4b, Supt5, Supv3l1, Susd2, Susd4, Suv39h1, Suv39h2, Suz12, Svbp, Svep1, Svil, Svip, Swap70, Sycp2, Sycp2l, Syf2, Syncrip, Syngap1, Synj2bp, Syt11, Syt4, Sytl4, Syvn1, Szt2, T, Tac1, Tac4, Tacr2, Tacstd2, Tada3, Taf15, Taf3, Taf6, Taf7, Taf9, Taf9b, Tafa3, Tafa5, Tagln3, Tal1, Tank, Taok1, Taok2, Taok3, Tap1, Tap2, Tapbpl, Tarbp2, Tardbp, Tarm1, Tasor, Tasor2, Tax1bp1, Tax1bp3, Tbc1d1, Tbc1d10c, Tbc1d14, Tbc1d24, Tbc1d30, Tbc1d4, Tbc1d7, Tbcd, Tbk1, Tbl1x, Tbl1xr1, Tbr1, Tbrg1, Tbrg4, Tbx1, Tbx15, Tbx18, Tbx2, Tbx20, Tbx21, Tbx22, Tbx3, Tbx5, Tbx6, Tbxa2r, Tcaf1, Tceal7, Tcerg1, Tcf15, Tcf21, Tcf23, Tcf25, Tcf3, Tcf4, Tcf7, Tcf7l1, Tcf7l2, Tcfl5, Tchp, Tcim, Tcl1, Tcp10a, Tcp10b, Tcp10c, Tcp11, Tcta, Tdg, Tdrd1, Tdrd12, Tdrd5, Tdrd6, Tdrd7, Tdrd9, Tdrkh, Tek, Ten1, Tenm2, Tent2, Tent4a, Tent4b, Tent5a, Tent5b, Tent5c, Tent5d, Terf1, Terf2, Terf2ip, Tert, Tes, Tesc, Tescl, Tesk1, Tesl1, Tesl2, Tet1, Tex11, Tex14, Tex15, Tex19.1, Tex19.2, Tfap2a, Tfap2b, Tfap2c, Tfap2d, Tfap4, Tfcp2l1, Tfdp1, Tfdp2, Tfe3, Tfec, Tff1, Tff2, Tfip11, Tfpi, Tfrc, Tgfa, Tgfb1, Tgfb1i1, Tgfb2, Tgfb3, Tgfbr1, Tgfbr2, Tgfbr3, Tgif1, Tgif2, Thap1, Thap11, Thap7, Thbd, Thbs1, Thbs2, Thbs4, Them4, Thoc2, Thoc5, Thra, Thrap3, Thrb, Thy1, Tia1, Tial1, Ticam2, Ticrr, Tie1, Tifab, Tigar, Tigit, Timeless, Timp1, Timp2, Timp3, Timp4, Tinf2, Tiparp, Tipin, Tiprl, Tirap, Tjp1, Tjp2, Tkfc, Tlcd3b, Tldc2, Tle1, Tle2, Tle3, Tle4, Tle5, Tle6, Tle7, Tlk2, Tll2, Tlr2, Tlr4, Tlr6, Tlr8, Tlr9, Tlx2, Tlx3, Tm4sf20, Tm7sf3, Tmbim1, Tmbim4, Tmbim6, Tmc8, Tmed10, Tmed2, Tmeff2, Tmem109, Tmem119, Tmem127, Tmem131l, Tmem132a, Tmem132c, Tmem14a, Tmem161a, Tmem170b, Tmem176a, Tmem176b, Tmem178, Tmem182, Tmem196, Tmem215, Tmem225, Tmem25, Tmem38a, Tmem38b, Tmem39a, Tmem53, Tmem59, Tmem64, Tmem67, Tmem88, Tmem88b, Tmem98, Tmf1, Tmigd1, Tmigd3, Tmod1, Tmod2, Tmod3, Tmod4, Tmprss4, Tmprss6, Tmsb15b2, Tmsb15l, Tmsb4x, Tmx1, Tnc, Tnf, Tnfaip1, Tnfaip3, Tnfaip6, Tnfaip8l1, Tnfaip8l2, Tnfrsf10b, Tnfrsf11b, Tnfrsf13b, Tnfrsf14, Tnfrsf18, Tnfrsf1a, Tnfrsf1b, Tnfrsf21, Tnfrsf22, Tnfrsf23, Tnfrsf4, Tnfrsf9, Tnfsf11, Tnfsf18, Tnfsf4, Tnip1, Tnip2, Tnip3, Tnk1, Tnks, Tnks2, Tnmd, Tnn, Tnnt1, Tnp1, Tnpo2, Tnr, Tnrc6a, Tnrc6b, Tnrc6c, Tns2, Tns3, Tob1, Tob2, Togaram2, Tom1l1, Tom1l2, Tomm70a, Topbp1, Tox3, Tpbg, Tpbgl, Tpcn2, Tph1, Tpm1, Tppp, Tpr, Tpra1, Tprg1l, Tpsab1, Tpst2, Tpt1, Tpx2, Trabd2b, Traf2, Traf3ip1, Traf3ip2, Traf5, Traf6, Traf7, Trafd1, Traip, Trak2, Trap1, Trat1, Trdmt1, Trdn, Trem2, Treml1, Trerf1, Trex1, Trh, Triap1, Trib1, Trib2, Trib3, Trim11, Trim13, Trim14, Trim15, Trim21, Trim24, Trim27, Trim28, Trim29, Trim30a, Trim31, Trim32, Trim33, Trim35, Trim37, Trim38, Trim39, Trim40, Trim44, Trim45, Trim46, Trim54, Trim59, Trim6, Trim60, Trim62, Trim63, Trim65, Trim66, Trim67, Trim71, Trim72, Trim8, Trim9, Trio, Trip10, Trip12, Trip13, Tro, Trp53, Trp53bp1, Trp53cor1, Trp53i13, Trp53inp1, Trp53inp2, Trp63, Trp73, Trpc1, Trpc2, Trpc5, Trpc6, Trpm2, Trpm4, Trps1, Trpv1, Trpv2, Trpv3, Trpv4, Trrap, Trub1, Tsc1, Tsc2, Tsc22d1, Tsc22d2, Tsc22d3, Tsc22d4, Tsg101, Tshz3, Tsix, Tsku, Tslp, Tsn, Tsnax, Tspan15, Tspan32, Tspan6, Tspan8, Tspo, Tspyl2, Ttbk1, Ttbk2, Ttc21b, Ttc3, Ttc36, Ttc39b, Ttc39d, Ttc5, Ttc8, Ttf1, Tti1, Ttk, Ttll12, Ttpa, Ttr, Tubb4a, Tulp3, Tunar, Tusc2, Tut4, Tut7, Twf1, Twf2, Twist1, Twist2, Twsg1, Txn1, Txndc12, Txnip, Tyms, Tyro3, Tyrobp, U2af2, Uaca, Uba3, Ubac2, Ubash3a, Ubash3b, Ube2b, Ube2d1, Ube2g2, Ube2i, Ube2j1, Ube2n, Ube2v2, Ube2w, Ube2z, Ube3a, Ubp1, Ubqln1, Ubqln2, Ubqln4, Ubr1, Ubr2, Ubr3, Ubr4, Ubr5, Ubxn1, Ubxn2a, Ubxn2b, Uchl1, Uchl5, Ucma, Ucn, Ucn2, Ucp2, Ufd1, Ufl1, Ufm1, Ufsp2, Uhrf1, Uhrf2, Uimc1, Ulk1, Ulk2, Ulk3, Unc119, Unc5b, Ung, Unk, Upf1, Upf2, Upf3a, Upf3b, Upk3b, Uri1, Usf3, Ush2a, Usp10, Usp14, Usp15, Usp17le, Usp18, Usp19, Usp2, Usp20, Usp25, Usp26, Usp28, Usp3, Usp30, Usp36, Usp38, Usp4, Usp44, Usp47, Usp49, Usp5, Usp7, Usp8, Usp9x, Uts2, Uts2r, Uty, Uxt, Vamp3, Vamp8, Vapb, Vash1, Vasn, Vat1, Vax1, Vax2, Vbp1, Vcp, Vdac1, Vdac2, Vdr, Vegfa, Vegfb, Vegfc, Veph1, Vgll4, Vhl, Vil1, Vill, Vim, Vip, Vipr2, Vpreb3, Vps11, Vps13a, Vps13c, Vps18, Vps25, Vps28, Vps35, Vps4a, Vps4b, Vps54, Vrk3, Vsig4, Vsir, Vsnl1, Vstm2l, Vsx2, Vtcn1, Vtn, Vwc2, Vwc2l, Wac, Wapl, Wars1, Was, Wasf2, Washc1, Wasl, Wdhd1, Wdr13, Wdr35, Wdr41, Wdr44, Wdr47, Wdr5, Wdr54, Wdr6, Wdr73, Wdr76, Wdr77, Wdr82, Wdr91, Wdtc1, Wee1, Wee2, Wfdc1, Wfdc6a, Wfdc6b, Wfikkn1, Wfikkn2, Wfs1, Wif1, Wnk1, Wnk2, Wnk3, Wnk4, Wnt1, Wnt10b, Wnt11, Wnt16, Wnt3, Wnt3a, Wnt4, Wnt5a, Wnt5b, Wnt7a, Wnt7b, Wnt8b, Wnt9a, Wnt9b, Wt1, Wtip, Wwc1, Wwc2, Wwox, Wwp1, Wwp2, Wwtr1, Xaf1, Xbp1, Xcl1, Xcr1, Xdh, Xiap, Xirp1, Xist, Xpc, Xpnpep1, Xpo1, Xpo5, Xrcc1, Xrcc2, Xrcc3, Xrcc4, Xrcc5, Xrcc6, Xrn1, Xrn2, Xylt1, Yaf2, Yap1, Ybx1, Ybx2, Ybx3, Yeats2, Yjefn3, Yju2, Ylpm1, Yme1l1, Yod1, Ypel4, Yrdc, Ythdc1, Ythdc2, Ythdf1, Ythdf2, Ythdf3, Ywhab, Ywhae, Ywhag, Ywhah, Ywhaq, Ywhaq-ps3, Ywhaz, Yy1, Zar1, Zar1l, Zbed3, Zbed6, Zbtb1, Zbtb10, Zbtb12, Zbtb14, Zbtb16, Zbtb17, Zbtb18, Zbtb2, Zbtb20, Zbtb21, Zbtb24, Zbtb25, Zbtb26, Zbtb32, Zbtb33, Zbtb34, Zbtb37, Zbtb38, Zbtb39, Zbtb4, Zbtb42, Zbtb45, Zbtb46, Zbtb49, Zbtb5, Zbtb6, Zbtb7a, Zbtb7b, Zbtb7c, Zbtb8a, Zc3h10, Zc3h12a, Zc3h12d, Zc3h14, Zc3h4, Zc3h6, Zc3h7a, Zc3h7b, Zc3h8, Zc3hav1, Zcchc17, Zcchc7, Zdhhc12, Zdhhc18, Zdhhc7, Zeb1, Zeb2, Zfand6, Zfas1, Zfhx3, Zfp1006, Zfp111, Zfp12, Zfp125, Zfp128, Zfp13, Zfp131, Zfp148, Zfp174, Zfp175, Zfp202, Zfp207, Zfp217, Zfp219, Zfp239, Zfp24, Zfp263, Zfp281, Zfp296, Zfp3, Zfp318, Zfp35, Zfp354a, Zfp354b, Zfp354c, Zfp36, Zfp365, Zfp366, Zfp36l1, Zfp36l2, Zfp36l3, Zfp382, Zfp385a, Zfp386, Zfp397, Zfp410, Zfp418, Zfp423, Zfp438, Zfp445, Zfp451, Zfp469, Zfp473, Zfp488, Zfp503, Zfp512b, Zfp536, Zfp541, Zfp568, Zfp57, Zfp592, Zfp598, Zfp608, Zfp616, Zfp639, Zfp653, Zfp655, Zfp658, Zfp668, Zfp683, Zfp692, Zfp703, Zfp706, Zfp715, Zfp735, Zfp746, Zfp748, Zfp750, Zfp777, Zfp809, Zfp819, Zfp827, Zfp830, Zfp869, Zfp90, Zfp932, Zfp958, Zfp973, Zfpm1, Zfpm2, Zfta, Zfy2, Zfyve19, Zfyve28, Zglp1, Zgpat, Zhx1, Zhx2, Zhx3, Zic2, Zkscan3, Zmat3, Zmpste24, Zmym2, Zmym5, Zmynd11, Zmynd15, Zmynd8, Znfx1, Znhit1, Znrf3, Znrf4, Zp1, Zp2, Zp3, Zp3r, Zpbp2, Zpr1, Zranb3, Zscan10, Zscan4c, Zswim8, Zw10, Zwilch, Zwint
GO:0019222	regulation of metabolic process	6716	152	97.83	1.4e-09	1.2718588235294118e-6	1810024B03Rik, 2010315B03Rik, 2610008E11Rik, 2610021A01Rik, 2610042L04Rik, 2810021J22Rik, 4930402K13Rik, 4930447C04Rik, 4930480E11Rik, 4930522L14Rik, 4931414P19Rik, 5730507C01Rik, 6030468B19Rik, a, A1cf, A430033K04Rik, A630001G21Rik, Aadac, Aamdc, Aars1, Aatf, Abat, Abca2, Abca3, Abca7, Abcb10, Abcb11, Abcb7, Abcc2, Abcc8, Abcc9, Abcd1, Abcd2, Abce1, Abcf1, Abcg1, Abcg4, Abhd14b, Abhd5, Abhd6, Abi1, Abi2, Abi3, Abl1, Abl2, Ablim1, Ablim2, Ablim3, Abra, Abraxas1, Abt1, Acacb, Acadl, Acadm, Acadvl, Acd, Ace, Acer1, Acer2, Ache, Acin1, Ackr1, Acmsd, Aco1, Acod1, Acot11, Acot13, Acot8, Acp4, Acp5, Acsl1, Acsl3, Acsl4, Acsl5, Acss2, Acta1, Acta2, Actb, Actc1, Actg1, Actg2, Actl6a, Actl6b, Actn1, Actn2, Actn3, Actn4, Actr2, Actr3, Actr5, Actr6, Actr8, Actrt1, Acvr1, Acvr1b, Acvr2a, Acvr2b, Acvrl1, Adam10, Adam17, Adam19, Adam2, Adam3, Adam33, Adam8, Adam9, Adamts5, Adar, Adarb1, Adck2, Adcy1, Adcy10, Adcy7, Adcy8, Adcyap1, Adcyap1r1, Adgrb1, Adgrf1, Adgrf5, Adgrg3, Adipoq, Adipor1, Adipor2, Adm2, Adnp, Adnp2, Adora1, Adora2a, Adora2b, Adora3, Adra1a, Adra1b, Adra2a, Adra2b, Adra2c, Adrb1, Adrb2, Adrb3, Adtrp, Aebp1, Aebp2, Afap1l2, Afdn, Aff1, Aff2, Aff3, Aff4, Agap2, Agbl4, Ager, Ago1, Ago2, Ago3, Ago4, Agpat1, Agpat2, Agr2, Agrn, Agt, Agtpbp1, Agtr1a, Agtr1b, Agtr2, Agxt2, Ahcyl1, Ahdc1, Ahi1, Ahnak, Ahnak2, Ahr, Ahrr, AI854703, AI987944, Aicda, Aida, Aif1, Aifm1, Aim2, Aimp2, Aire, Airn, Ajuba, Ak4, Akap11, Akap12, Akap5, Akap6, Akap8, Akap8l, Akap9, Akirin1, Akirin2, Akna, Akr1c18, Akr1c6, Akt1, Akt1s1, Akt2, Aktip, Alad, Aldh1a1, Aldh1a2, Aldh2, Aldob, Alk, Alkbh1, Alkbh3, Alkbh4, Alkbh5, Alms1, Alox12, Alox12b, Alox5, Alox8, Alpk2, Alpl, Als2, Alx1, Alx3, Alx4, Ambra1, Amdhd2, Amer1, Amh, Amot, Amotl2, Anapc2, Ang, Ang2, Ang3, Ang4, Ang5, Ang6, Angel2, Angpt1, Angpt4, Angptl3, Angptl4, Angptl8, Ank2, Ank3, Ankle1, Ankle2, Ankra2, Ankrd1, Ankrd17, Ankrd2, Ankrd23, Ankrd26, Ankrd31, Ankrd42, Ankrd49, Ankrd54, Ankrd66, Anks1, Antkmt, Antxr1, Anxa1, Anxa2, Anxa3, Anxa4, Anxa7, Anxa8, Ap1ar, Ap2a1, Ap3b1, Ap3d1, Apaf1, Apba1, Apba2, Apba3, Apbb1, Apbb2, Apbb3, Apc, Apcs, Apex1, Aph1a, Aph1b, Aph1c, Aplf, Apln, Aplnr, Aplp1, Aplp2, Apoa1, Apoa2, Apoa4, Apoa5, Apob, Apobec1, Apobec2, Apobec3, Apoc1, Apoc2, Apoc2l, Apoc3, Apod, Apoe, Apoh, App, Appl1, Appl2, Aqp11, Aqp4, Aqp8, Ar, Araf, Arap1, Arb2a, Areg, Arf1, Arf4, Arfgef2, Arg1, Arg2, Arglu1, Arhgef11, Arhgef2, Arhgef5, Arid1a, Arid1b, Arid2, Arid3a, Arid3b, Arid3c, Arid4a, Arid4b, Arid5a, Arid5b, Arl2, Arl2bp, Armc5, Armcx3, Arnt, Arnt2, Arpp19, Arr3, Arrb1, Arrb2, Arrdc3, Arrdc4, Arv1, Arx, Asah1, Asb11, Asb5, Asb9, Ascc1, Ascc2, Ascl1, Ascl2, Ascl3, Ascl4, Ascl5, Ash1l, Ash2l, Asl, Asph, Aspscr1, Ass1, Astl, Asxl1, Asxl2, Asxl3, Asz1, Atad2, Atad2b, Atad5, Atcay, Atf1, Atf1-ps, Atf2, Atf3, Atf4, Atf5, Atf6, Atf6b, Atf7, Atf7ip, Atf7ip2, Atg10, Atg101, Atg12, Atg13, Atg14, Atg16l1, Atg2a, Atg4b, Atg5, Atg7, Atg9a, Atm, Atmin, Atn1, Atoh1, Atoh7, Atoh8, Atp13a2, Atp1a1, Atp1b1, Atp1b4, Atp2b1, Atp2b4, Atp5if1, Atp6ap2, Atp6v0a1, Atp6v1b1, Atp7a, Atp8b1, Atpsckmt, Atr, Atraid, Atrip, Atrx, Atxn1, Atxn1l, Atxn3, Atxn7, Atxn7l3, Atxn7l3b, AU041133, Aunip, Aurka, Aurkaip1, Aurkb, Auts2, Avil, Avp, Avpr1a, Avpr1b, Avpr2, AW146154, Axin1, Axin2, Axl, Aym1, Azin1, Azin2, B020011L13Rik, B2m, B3gntl1, Babam1, Babam2, Bace2, Bach1, Bach2, Bad, Bag1, Bag2, Bag3, Bag4, Bag5, Bag6, Bahd1, Bak1, Bambi, Banf1, Bank1, Banp, Bap1, Bard1, Barhl1, Barhl2, Barx1, Barx2, Basp1, Batf, Batf2, Batf3, Bax, Baz1a, Baz1b, Baz2a, Bbs2, Bbs4, Bbs7, Bbx, BC024063, Bc1, Bcap31, Bcar3, Bcas3, Bccip, Bcdin3d, Bckdk, Bcl10, Bcl11a, Bcl11b, Bcl2, Bcl2l1, Bcl2l11, Bcl2l12, Bcl3, Bcl6, Bcl6b, Bcl7a, Bcl7b, Bcl7c, Bcl9, Bcl9l, Bclaf1, Bclaf3, Bco2, Bcor, Bcorl1, Bcr, Bdkrb1, Bdkrb2, Bdnf, Bdp1, Becn1, Bend3, Bend5, Bend6, Bex1, Bex2, Bex3, Bex4, Bex6, Bglap, Bglap2, Bhlha15, Bhlha9, Bhlhe22, Bhlhe23, Bhlhe40, Bhlhe41, Bicra, Bicral, Bid, Bin1, Birc2, Birc3, Birc5, Birc7, Blm, Blnk, Bloc1s2, Bmal1, Bmal2, Bmf, Bmi1, Bmp10, Bmp15, Bmp2, Bmp3, Bmp4, Bmp5, Bmp6, Bmp7, Bmpr1a, Bmpr1b, Bmpr2, Bmyc, Bnc1, Bnc2, Bnip3, Bnip3l, Bok, Boll, Bpi, Bptf, Braf, Brat1, Brca1, Brca2, Brcc3, Brcc3dc, Brd1, Brd2, Brd3, Brd4, Brd7, Brd8, Brd9, Brdt, Brf1, Brf2, Brip1, Brms1, Brms1l, Brpf1, Brpf3, Brwd1, Brwd3, Bscl2, Bsg, Bst1, Bst2, Bsx, Btaf1, Btbd18, Btg2, Btg4, Btk, Btn1a1, Btn2a2, Btnl1, Btnl10, Btnl12, Btnl2, Btnl4, Btnl6, Btnl9, Btrc, Bud23, Bud31, Bzw1, Bzw2, C1d, C1qbp, C1qtnf1, C1qtnf12, C1qtnf2, C1qtnf3, C1qtnf4, C1qtnf9, C2cd3, C3, C3ar1, C4bp, C5ar1, C5ar2, C9orf72, Cab39, Cacna1a, Cacng7, Cactin, Cacul1, Cacybp, Cadm1, Cadm4, Calcoco1, Calcoco2, Calcr, Calhm6, Calr, Camk1, Camk1d, Camk2a, Camk2d, Camk4, Camkk2, Caml, Camp, Camta1, Camta2, Cand1, Capn2, Capn3, Caprin1, Caprin2, Card10, Card11, Card14, Card9, Carf, Carhsp1, Carlr, Carm1, Carmil2, Carmn, Cartpt, Casc3, Cask, Casp1, Casp3, Casp4, Casp8, Casp8ap2, Casr, Cass4, Cast, Casz1, Cat, Cav1, Cav2, Cav3, Cavin2, Cavin3, Cavin4, Cbfa2t2, Cbfa2t3, Cbfb, Cblb, Cblc, Cbr1, Cbr1b, Cbx1, Cbx2, Cbx3, Cbx4, Cbx5, Cbx6, Cbx7, Cbx8, Cby1, Cc2d1a, Cc2d1b, Ccar1, Ccar2, Ccbe1, Ccdc117, Ccdc159, Ccdc22, Ccdc3, Ccdc62, Ccdc85b, Ccdc88a, Ccdc88b, Cck, Ccl1, Ccl19, Ccl19-ps1, Ccl19-ps3, Ccl19-ps4, Ccl19-ps5, Ccl19-ps6, Ccl2, Ccl20, Ccl21a, Ccl3, Ccl4, Ccl5, Ccm2l, Ccn1, Ccn2, Ccn3, Ccn4, Ccn6, Ccna2, Ccnb1, Ccnb1-ps, Ccnc, Ccnd1, Ccnd2, Ccnd3, Ccne1, Ccnh, Ccnk, Ccnl1, Ccnl2, Ccnq, Ccnt1, Ccnt2, Ccny, Ccnyl1, Ccpg1, Ccr1, Ccr1l1, Ccr2, Ccr5, Ccr7, Cct2, Cct3, Cct4, Cct5, Cct6a, Cct7, Cct8, Cd109, Cd14, Cd160, Cd177, Cd1d1, Cd1d2, Cd2, Cd200, Cd200r1, Cd209b, Cd209d, Cd22, Cd226, Cd244a, Cd24a, Cd27, Cd274, Cd276, Cd28, Cd2ap, Cd300a, Cd300c2, Cd300ld, Cd300ld3, Cd320, Cd34, Cd36, Cd37, Cd38, Cd3e, Cd4, Cd40, Cd40lg, Cd44, Cd46, Cd47, Cd55, Cd55b, Cd59a, Cd6, Cd74, Cd80, Cd81, Cd83, Cd84, Cd86, Cd96, Cda, Cdc14a, Cdc14b, Cdc20, Cdc20b, Cdc25b, Cdc37, Cdc42, Cdc5l, Cdc5lrt1, Cdc5lrt10, Cdc5lrt4, Cdc5lrt5, Cdc5lrt6, Cdc5lrt7, Cdc5lrt8, Cdc5lrt9, Cdc7, Cdc73, Cdca7, Cdca7l, Cdh1, Cdh13, Cdh3, Cdh5, Cdk1, Cdk11b, Cdk12, Cdk13, Cdk16, Cdk2, Cdk20, Cdk2ap1, Cdk2ap1rt, Cdk3, Cdk4, Cdk5, Cdk5r1, Cdk5r2, Cdk5rap1, Cdk5rap2, Cdk5rap3, Cdk6, Cdk7, Cdk8, Cdk9, Cdkn1a, Cdkn1b, Cdkn1c, Cdkn2a, Cdkn2b, Cdkn2c, Cdkn2d, Cdkn3, Cdon, Cdt1, Cdx1, Cdx2, Cdx4, Cdyl, Ceacam1, Ceacam2, Ceacam20, Cebpa, Cebpb, Cebpd, Cebpe, Cebpg, Cebpz, Cela1, Celf1, Celf2, Celf3, Celf4, Celf5, Celf6, Celrr, Celsr2, Celsr3, Cemip, Cenatac, Cenpe, Cenpf, Cenpk, Cenpv, Cep128, Cep290, Cep295, Cep43, Cep63, Cep78, Cep85, Cer1, Cers1, Cers2, Ces1a, Ces1b, Ces1c, Ces1d, Ces1e, Ces1f, Ces1g, Ces1h, Cfl1, Cflar, Cga, Cgas, Cggbp1, Ch25h, Chac1, Chaer1, Chaserr, Chchd2, Chchd2-ps, Chchd4, Chd3, Chd4, Chd5, Chd6, Chd7, Chd8, Chek1, Chek2, Chfr, Chga, Chi3l1, Chia1, Chid1, Chil3, Chil4, Chil5, Chil6, Chlsn, Chmp1a, Chmp4b, Chmp5, Chmp6, Chordc1, Chp1, Chp2, Chrac1, Chrm5, Chrna3, Chrna7, Chrnb2, Chtf18, Chtf8, Chuk, Churc1, Ciao1, Ciao3, Ciart, Cib1, Cic, Cidea, Cideb, Cidec, Ciita, Cilp, Cimap3, Cipc, Cir1, Cirbp, Cisd1, Cisd2, Cited1, Cited2, Cited4, Ciz1, Ckap2, Ckap5, Cks1b, Cks2, Clcf1, Clcn2, Clcn3, Cldn13, Cldn19, Cldn3, Cldn4, Cldn5, Clec12a, Clec16a, Clec2i, Clec3b, Clec4a2, Clec4a3, Clec4a4, Clec4e, Clec4n, Clec5a, Clec7a, Clec9a, Clip3, Clk1, Clk2, Clk3, Clk4, Cln3, Cln6, Clnk, Clns1a, Clock, Clp1, Clspn, Clstn3, Cltc, Clu, Clybl, Cmklr1, Cmtm2a, Cnbp, Cndp1, Cnep1r1, Cnksr3, Cnn2, Cnot1, Cnot10, Cnot11, Cnot2, Cnot3, Cnot6, Cnot6l, Cnot7, Cnot8, Cnot9, Cnpy2, Cnr1, Cnr2, Cntf, Cntn1, Cntn2, Coa3, Coa8, Col1a1, Col2a1, Commd1, Commd6, Commd7, Comp, Comt, Cop1, Cops2, Cops5, Cops8, Cops9, Coq7, Coro1c, Cox11, Cox7a1, Cox7a2, Cox7a2l, Cpap, Cpb2, Cpeb1, Cpeb2, Cpeb3, Cpeb4, Cphx1, Cpne1, Cpped1, Cpt1a, Cpt2, Cptp, Crb2, Creb1, Creb3, Creb3l1, Creb3l2, Creb3l3, Creb3l4, Creb5, Crebbp, Crebl2, Crebrf, Crebzf, Creg1, Crem, Crh, Crhr2, Crip1, Cripto, Crkl, Crlf1, Crlf2, Crlf3, Crnde, Crnn, Crp, Crtam, Crtap, Crtc1, Crtc2, Crtc3, Crx, Crxos, Cry1, Cry2, Cryaa, Cryab, Cryba1, Crym, Csdc2, Csde1, Csf1, Csf1r, Csf2, Csf3, Csk, Csnk1a1, Csnk1d, Csnk1e, Csnk2a1, Csnk2a2, Csnk2b, Cspg4, Csrnp1, Csrnp2, Csrnp3, Csrp3, Cst3, Cst7, Csta1, Csta2, Csta3, Cstb, Cstdc3, Cstdc4, Cstdc5, Cstdc6, Ctbp1, Ctbp2, Ctc1, Ctcf, Ctcfl, Ctdnep1, Ctdp1, Ctdsp1, Ctdsp2, Ctdspl, Ctdspl2, Ctf1, Cth, Ctif, Ctla2a, Ctnnb1, Ctnnbip1, Ctnnd1, Ctns, Ctr9, Ctsa, Ctsc, Ctsh, Ctsz, Cttn, Cuedc2, Cul3, Cul4a, Cul4b, Cux1, Cux2, Cwh43, Cx3cl1, Cx3cr1, Cxcl1, Cxcl17, Cxcl5, Cxcr3, Cxcr4, Cxxc1, Cxxc5, Cyba, Cybb, Cyfip1, Cyfip2, Cygb, Cyld, Cyp17a1, Cyp1a2, Cyp1b1, Cyp26b1, Cyp27b1, Cyp2j6, Cyp3a13, Cyp3a41a, Cyp51, Cyp7a1, Cyren, Cyrib, Cys1, Cytl1, D1Pas1, Dab1, Dab2, Dab2ip, Dach1, Dach2, Dact1, Daglb, Dand5, Dap, Dapk1, Dapk3, Dapl1, Daxx, Dazap1, Dazl, Dbf4, Dbh, Dbi, Dbndd2, Dbp, Dbx1, Dbx2, Dcaf1, Dcaf12, Dcaf13, Dcaf5, Dcaf6, Dcn, Dcp1a, Dcp1b, Dcp2, Dcps, Dcun1d1, Dcun1d2, Dcun1d3, Dcun1d4, Dcun1d5, Dcxr, Dda1, Ddah1, Ddb1, Ddit3, Ddit4, Ddn, Ddr2, Ddrgk1, Ddx1, Ddx11, Ddx17, Ddx20, Ddx21, Ddx25, Ddx39b, Ddx3x, Ddx3y, Ddx4, Ddx41, Ddx49, Ddx5, Ddx54, Ddx56, Ddx6, Deaf1, Decr1, Dedd, Defb25, Dek, Dele1, Dennd1b, Depdc1a, Depdc5, Depp1, Deptor, Derl1, Desi1, Det1, Dffa, Dffb, Dgat1, Dgat2, Dgcr8, Dgkq, Dhcr7, Dhfr, Dhh, Dhrs7b, Dhrsx, Dhx29, Dhx33, Dhx34, Dhx36, Dhx58, Dhx9, Dicer1, Dido1, Dimt1, Dio2, Dip2a, Dip2b, Dis3, Dis3l, Dis3l2, Disc1, Disp3, Dkc1, Dkk1, Dkk3, Dkkl1, Dlg1, Dlgap1, Dlk1, Dll1, Dll4, Dlx1, Dlx2, Dlx3, Dlx4, Dlx5, Dlx6, Dlx6os1, Dmap1, Dmbx1, Dmd, Dmrt1, Dmrt1i, Dmrt2, Dmrt3, Dmrta1, Dmrta2, Dmrtb1, Dmrtc2, Dmtf1, Dmtf1l, Dmtn, Dna2, Dnaaf4, Dnaja1, Dnaja3, Dnaja4, Dnajb1, Dnajb2, Dnajb4, Dnajb5, Dnajb6, Dnajb9, Dnajc1, Dnajc10, Dnajc15, Dnajc17, Dnajc19, Dnajc2, Dnajc3, Dnajc30, Dnd1, Dnm1l, Dnm2, Dnmt1, Dnmt3a, Dnmt3b, Dnmt3l, Dock7, Dok7, Dot1l, Dpf1, Dpf2, Dpf3, Dppa2, Dppa3, Dppa5a, Dppa5b, Dpy30, Dr1, Dram1, Dram2, Drap1, Drd1, Drd2, Drd3, Drd4, Drgx, Drosha, Dscam, Dscc1, Dstyk, Dtl, Dtnbp1, Dtx3l, Dubr, Duoxa1, Duoxa2, Dus3l, Dusp1, Dusp10, Dusp12, Dusp13a, Dusp13b, Dusp14, Dusp15, Dusp18, Dusp19, Dusp2, Dusp21, Dusp22, Dusp23, Dusp26, Dusp28, Dusp29, Dusp3, Dusp4, Dusp5, Dusp6, Dusp7, Dusp8, Duxbl1, Duxf3, Duxf4, Dvl1, Dvl2, Dvl3, Dxo, Dynap, Dynapl1, Dync1h1, Dynll1, Dyrk1a, Dyrk1b, Dyrk2, Dysf, E130311K13Rik, E230001N04Rik, E2f1, E2f2, E2f3, E2f4, E2f5, E2f6, E2f7, E2f8, E330034G19Rik, E4f1, Eaf1, Eaf2, Eapp, Ebf1, Ebf2, Ebf3, Ebf4, Ecd, Ece1, Ecm1, Ecscr, Ecsit, Ect2, Eda, Edar, Edc3, Edc4, Edf1, Edn1, Edn3, Ednra, Ednrb, Edrf1, Eed, Eef1a2, Eef1d, Eef2, Eef2k, Eefsec, Efcab7, Efemp1, Efna1, Efna3, Efna5, Egf, Egfr, Egln1, Egln2, Egr1, Egr2, Egr3, Egr4, Ehd4, Ehf, Ehmt1, Ehmt2, Eid1, Eid2, Eid2b, Eif1, Eif2a, Eif2ak1, Eif2ak2, Eif2ak3, Eif2ak4, Eif2b5, Eif2s1, Eif3b, Eif3d, Eif3e, Eif3h, Eif3k, Eif4a1, Eif4a3, Eif4a3l1, Eif4a3l2, Eif4e, Eif4e2, Eif4e3, Eif4ebp1, Eif4ebp2, Eif4ebp3, Eif4enif1, Eif4g1, Eif4g2, Eif4g3, Eif5, Eif5a, Eif5a2, Eif5b, Eif6, Elane, Elapor1, Elavl1, Elavl4, Eldr, Elf1, Elf2, Elf3, Elf4, Elf5, Elk1, Elk3, Elk4, Ell, Ell2, Ell3, Eloa, Elob, Eloc, Elovl3, Elovl5, Elovl6, Elp3, Elp4, Emilin1, Emp2, Emsy, Emx1, Emx2, En1, En2, Enc1, Endog, Endou, Eng, Eno1, Eno1b, Enpp1, Enpp2, Enpp7, Entpd1, Eny2, Eomes, Ep300, Ep400, Epas1, Epb41l4b, Epb41l5, Epc1, Epc2, Epcam, Epha1, Epha2, Epha4, Epha5, Epha7, Ephb2, Ephx2, Epm2a, Epm2aip1, Epo, Epop, Epor, Eppin, Eprs1, Eps15, Epx, Erbb2, Erbb3, Erbb4, Erbin, Erc1, Ercc1, Ercc2, Ercc4, Ercc6, Ercc8, Ereg, Erf, Erfe, Erfl, Erg, Eri1, Erlin1, Erlin2, Ermap, Ern1, Ern2, Erp29, Errfi1, Esco1, Esco2, Esr1, Esr2, Esrp1, Esrp2, Esrra, Esrrb, Esrrg, Esx1, Etaa1, Etf1, Etfbkmt, Ets1, Ets2, Etv1, Etv2, Etv3, Etv3l, Etv4, Etv5, Etv6, Evpl, Evx1, Evx2, Ewsr1, Exd1, Exosc10, Exosc2, Exosc3, Exosc4, Exosc5, Exosc6, Exosc7, Exosc8, Exosc9, Extl3, Eya1, Eya2, Eya3, Eya4, Ezh1, Ezh2, Ezhip, Ezr, F11r, F12, F2, F2r, F2rl1, F3, F8a, Fabp1, Fabp3, Fabp4, Fabp5, Fadd, Faf1, Fam107a, Fam161a, Fam168a, Fam170a, Fam20a, Fam20c, Fam220a, Fam47c, Fam47e, Fam50a, Fam76b, Fam83d, Fam98a, Fam98b, Fanca, Fancb, Fancd2, Fanci, Fancm, Fank1, Fap, Fas, Fasl, Fastk, Fastkd1, Fastkd2, Fastkd3, Fastkd5, Faxdc2, Fbh1, Fbln1, Fbln5, Fbn1, Fbp1, Fbxl19, Fbxl2, Fbxl20, Fbxl5, Fbxo11, Fbxo2, Fbxo22, Fbxo24, Fbxo33, Fbxo4, Fbxo43, Fbxo5, Fbxo7, Fbxw11, Fbxw7, Fbxw7as1, Fbxw8, Fcer1a, Fcer1g, Fcgr1, Fcgr2b, Fcgr3, Fcna, Fcnb, Fcor, Fdps, Fech, Fem1a, Fer, Ferd3l, Fermt1, Fetub, Fev, Fez1, Fez2, Fezf1, Fezf2, Ffar1, Ffar2, Ffar3, Ffar4, Fgd2, Fgd4, Fgf1, Fgf10, Fgf15, Fgf18, Fgf2, Fgf21, Fgf23, Fgf4, Fgf5, Fgf7, Fgf8, Fgf9, Fgfr1, Fgfr2, Fgfr3, Fgfr4, Fgl1, Fgr, Fh1, Fhit, Fhl2, Fhl5, Fhod1, Figla, Fignl1, Fip1l1, Firrm, Fis1, Fitm2, Fiz1, Fkbp10, Fkbp11, Fkbp14, Fkbp1a, Fkbp1b, Fkbp2, Fkbp3, Fkbp4, Fkbp5, Fkbp6, Fkbp7, Fkbp8, Fkbp9, Fktn, Flcn, Fli1, Flna, Flot1, Flot2, Flt1, Flt3, Flt3l, Flt4, Flywch1, Fmc1, Fmn2, Fmo1, Fmo2, Fmo4, Fmo5, Fmr1, Fn1, Fndc1, Fnip1, Fnip2, Fnta, Focad, Fos, Fosb, Fosl1, Fosl2, Foxa1, Foxa2, Foxa3, Foxb1, Foxb2, Foxc1, Foxc2, Foxd1, Foxd2, Foxd3, Foxd4, Foxe1, Foxe3, Foxf1, Foxf2, Foxg1, Foxh1, Foxi1, Foxi2, Foxi3, Foxj1, Foxj2, Foxj3, Foxk1, Foxk2, Foxl1, Foxl2, Foxl3, Foxm1, Foxn1, Foxn2, Foxn3, Foxn4, Foxo1, Foxo3, Foxo4, Foxo6, Foxp1, Foxp2, Foxp3, Foxp4, Foxq1, Foxr1, Foxr2, Foxs1, Fpr2, Frk, Frmd8, Fry, Fscb, Fshb, Fshr, Fst, Fstl3, Fto, Ftx, Fubp1, Fubp3, Furin, Fus, Fut8, Fuz, Fxr1, Fxr2, Fxyd1, Fyco1, Fyn, Fzd1, Fzd2, Fzd4, Fzd5, Fzd6, Fzd7, Fzd8, Fzr1, G0s2, G3bp1, G6pc1, G6pd2, G6pdx, Gab1, Gabarap, Gabarapl2, Gabpa, Gabpb1, Gabpb2, Gadd45a, Gadd45b, Gadd45g, Gal, Galr1, Galr2, Galr3, Gapdh, Gapdh-ps15, Gapdhrt, Gapdhrt2, Gapdhs, Garem1, Garin5a, Gas1, Gas5, Gas6, Gata1, Gata2, Gata3, Gata4, Gata5, Gata6, Gatad1, Gatad2a, Gatad2b, Gatm, Gba1, Gbp4, Gbp5, Gbp7, Gbx1, Gbx2, Gcg, Gcgr, Gch1, Gchfr, Gck, Gckr, Gclc, Gcm1, Gcm2, Gcn1, Gcnt2, Gdf15, Gdf2, Gdf6, Gdf7, Gdnf, Gemin5, Gfap, Gfer, Gfi1, Gfi1b, Gfpt1, Gfra1, Gfra2, Gga1, Gga3, Ggnbp2, Gh, Ghrh, Ghrhr, Ghrl, Ghsr, Gigyf2, Gimap3, Gimap5, Gip, Gipc1, Git1, Gja1, Gja8, Gjc2, Gk, Gla, Glg1, Gli1, Gli2, Gli3, Glis1, Glis2, Glis3, Glmn, Glmp, Glo1, Glp1r, Glrp1, Glyr1, Gm10033, Gm12258, Gm14295, Gm14322, Gm14325, Gm14391, Gm14399, Gm14401, Gm14403, Gm14412, Gm14418, Gm14434, Gm14443, Gm14444, Gm15446, Gm17067, Gm17655, Gm19965, Gm20737, Gm20738, Gm20747, Gm20773, Gm20795, Gm20806, Gm20807, Gm20808, Gm20812, Gm20815, Gm20816, Gm20818, Gm20821, Gm20822, Gm20825, Gm20826, Gm20830, Gm20834, Gm20852, Gm20854, Gm20865, Gm20873, Gm20914, Gm20917, Gm20918, Gm21118, Gm21292, Gm21310, Gm21394, Gm21719, Gm21778, Gm21812, Gm21854, Gm2381, Gm28171, Gm32687, Gm35315, Gm3604, Gm38999, Gm4275, Gm45871, Gm4767, Gm4924, Gm5141, Gm6871, Gm7072, Gm7324, Gmcl1, Gmeb1, Gmeb2, Gmnc, Gmnn, Gmppa, Gna12, Gnai1, Gnai2, Gnai3, Gnaq, Gnas, Gnasas1, Gnb3, Gnl3, Gnl3l, Gnmt, Gnrh1, Golga2, Golm1, Gon4l, Got1, Gpam, Gpat2, Gpatch3, Gpbp1, Gpbp1l1, Gpc3, Gpd1, Gpd1l, Gper1, Gpi1, Gpld1, Gpnmb, Gpr119, Gpr12, Gpr137, Gpr137b, Gpr146, Gpr174, Gpr18, Gpr3, Gpr37, Gpr39, Gpr6, Gprc5a, Gprc5b, Gprc6a, Gps2, Gpsm1, Gpsm3, Gpt, Gpx1, Grb10, Grb2, Grb7, Grem1, Grhl1, Grhl2, Grhl3, Gria1, Gria2, Gria3, Grin1, Grin2a, Grin2c, Grk1, Grk2, Grk3, Grm5, Grn, Grp, Grsf1, Gsap, Gsc, Gsc2, Gsdma3, Gsdmd, Gsk3a, Gsk3b, Gskip, Gsn, Gspt1, Gspt2, Gstp-ps, Gstp1, Gstp2, Gstp3, Gsx1, Gsx2, Gtdc1, Gtf2a1, Gtf2a2, Gtf2f1, Gtf2f2, Gtf2h1, Gtf2h2, Gtf2h3, Gtf2i, Gtf2ird1, Gtpbp1, Gtpbp2, Gtpbp4, Gtsf1, Guca1a, Guca1b, Guf1, Gzf1, Gzma, Gzmb, Gzmc, Gzmn, H19, H1f0, H1f1, H1f10, H1f2, H1f3, H1f4, H1f5, H1f6, H1f8, H1f9, H2-M3, H2-Q9, H2-T23, H2ab1, H2ab2, H2ab3, H2ac1, H2ac10, H2ac11, H2ac12, H2ac13, H2ac15, H2ac19, H2ac20, H2ac21, H2ac22, H2ac23, H2ac24, H2ac25, H2ac4, H2ac6, H2ac7, H2ac8, H2aj, H2al1b, H2al1e, H2al1f, H2al1j, H2al1k, H2al1m, H2al1n, H2al1o, H2al2a, H2al2b, H2al3, H2ap, H2ax, H2az1, H2az2, H3c14, H3f3a, H3f3b, H60a, H6pd, Habp4, Hadh, Halr1, Hamp, Hamp2, Hand1, Hand2, Hand2os1, Hap1, Has2, Has3, Hat1, Havcr2, Hax1, Hba-x, Hbb-b1, Hbb-bh1, Hbb-y, Hbegf, Hbp1, Hbs1l, Hc, Hcar1, Hcar2, Hcfc1, Hcfc2, Hck, Hcls1, Hcrt, Hdac1, Hdac10, Hdac11, Hdac2, Hdac3, Hdac4, Hdac5, Hdac6, Hdac7, Hdac8, Hdac9, Hdgf, Hdgfl2, Hdx, Heatr1, Heg1, Helb, Hells, Helq, Helt, Helz, Helz2, Henmt1, Herc1, Herpud1, Hes1, Hes2, Hes3, Hes5, Hes6, Hes7, Hesx1, Hexb, Hexim1, Hexim2, Hey1, Hey2, Heyl, Hfe, Hgf, Hgs, Hhatl, Hhex, Hic1, Hic2, Hif1a, Hif1an, Hif3a, Higd1a, Hilpda, Hinfp, Hint1, Hint2, Hipk1, Hipk2, Hipk3, Hira, Hivep1, Hivep2, Hivep3, Hjv, Hk1, Hk2, Hlf, Hltf, Hlx, Hm629797, Hmbox1, Hmces, Hmg20a, Hmg20b, Hmga1, Hmga1b, Hmga2, Hmgb1, Hmgb2, Hmgb4, Hmgcr, Hmgn1, Hmgn2, Hmgn3, Hmgn5, Hmox1, Hmx1, Hmx2, Hmx3, Hnf1a, Hnf1b, Hnf4a, Hnf4g, Hnrnpa0, Hnrnpa1, Hnrnpa2b1, Hnrnpab, Hnrnpc, Hnrnpd, Hnrnpdl, Hnrnpf, Hnrnph1, Hnrnph2, Hnrnph3, Hnrnpk, Hnrnpl, Hnrnpll, Hnrnpr, Hnrnpu, Homer2, Homer3, Homez, Hopx, Hotair, Hoxa1, Hoxa10, Hoxa11, Hoxa11os, Hoxa13, Hoxa2, Hoxa3, Hoxa4, Hoxa5, Hoxa6, Hoxa7, Hoxa9, Hoxb1, Hoxb13, Hoxb2, Hoxb3, Hoxb4, Hoxb5, Hoxb6, Hoxb7, Hoxb8, Hoxb9, Hoxc10, Hoxc11, Hoxc12, Hoxc13, Hoxc4, Hoxc5, Hoxc6, Hoxc8, Hoxc9, Hoxd1, Hoxd10, Hoxd11, Hoxd12, Hoxd13, Hoxd3, Hoxd4, Hoxd8, Hoxd9, Hp1bp3, Hpgd, Hpn, Hprt1, Hpse, Hpx, Hr, Hras, Hrc, Hrg, Hrh1, Hsbp1, Hsbp1l1, Hsd11b1, Hsd17b13, Hsd3b4, Hsd3b5, Hsd3b8, Hsd3b9, Hsf1, Hsf2, Hsf3, Hsf4, Hsf5, Hsp90aa1, Hsp90ab1, Hspa1a, Hspa1b, Hspa2, Hspa4, Hspa5, Hspa8, Hspb1, Hspb8, Hspbp1, Hspd1, Hspg2, Hsph1, Htatip2, Htr1a, Htr2a, Htr2b, Htr2c, Htra2, Htt, Hus1, Huwe1, Hvcn1, Hyal2, Hymai, Iapp, Ibtk, Icam1, Ice1, Ice2, Icosl, Id1, Id2, Id3, Id4, Ide, Idh1, Idi2, Ido1, Idua, Ier2, Ier3, Ier5, Ifi203, Ifi203-ps, Ifi204, Ifi206, Ifi207, Ifi208, Ifi209, Ifi213, Ifi214, Ifi27, Ifih1, Ifna, Ifnar1, Ifnar2, Ifnb1, Ifng, Ifngr1, Ifnk, Ifnlr1, Ifrd1, Ifrd2, Ift172, Ift52, Ift74, Ift88, Igbp1, Igbp1b, Igf1, Igf1r, Igf2, Igf2bp1, Igf2bp2, Igf2bp3, Igfbp3, Igfbp4, Igfbp5, Igfbp7, Igh-7, Ighd, Ighg2a, Ighm, Ighmbp2, Igsf1, Igtp, Ihh, Iigp1, Ikbkb, Ikbke, Ikbkg, Ikzf1, Ikzf2, Ikzf3, Ikzf4, Ikzf5, Il10, Il10ra, Il10rb, Il11, Il12a, Il12b, Il12rb1, Il12rb2, Il13, Il13ra1, Il13ra2, Il15, Il16, Il17a, Il17b, Il17c, Il17d, Il17f, Il17ra, Il17rb, Il17rc, Il18, Il18r1, Il18rap, Il1a, Il1b, Il1r1, Il1r2, Il1rap, Il1rl1, Il1rl2, Il2, Il20rb, Il21, Il22, Il22ra2, Il23a, Il23r, Il24, Il25, Il27, Il27ra, Il2rg, Il3, Il31ra, Il33, Il34, Il36a, Il36b, Il36g, Il36rn, Il4, Il4i1, Il4i1b, Il4ra, Il5, Il5ra, Il6, Il6ra, Il6st, Il7, Il7r, Il9, Il9r, Ildr1, Ildr2, Ilf2, Ilf3, Ilk, Ilkap, Ilrun, Impact, Inava, Inca1, Ing1, Ing2, Ing3, Ing4, Ing5, Inhba, Inhbb, Ino80, Ino80b, Ino80c, Ino80d, Ino80e, Inpp5b, Inpp5d, Inpp5e, Inpp5f, Inpp5j, Inpp5k, Inppl1, Ins1, Ins2, Insig1, Insig2, Insm1, Insm2, Insr, Ip6k1, Ip6k2, Ippk, Iqce, Iqgap1, Iqgap3, Irak1, Irak2, Irak3, Ireb2, Irf1, Irf2, Irf2bp1, Irf2bp2, Irf2bpl, Irf3, Irf4, Irf5, Irf6, Irf7, Irf8, Irf9, Irgm1, Irgm2, Irs1, Irs2, Irx1, Irx2, Irx3, Irx4, Irx5, Irx6, Iscu, Isg15, Isl1, Isl2, Israa, Ist1, Isx, Isyna1, Itch, Itga2, Itga3, Itga5, Itga6, Itga8, Itgam, Itgav, Itgax, Itgb1, Itgb1bp1, Itgb2, Itgb2l, Itgb3, Itgb3bp, Itgb8, Itk, Itln1, Itlnb, Itm2a, Itm2b, Itm2c, Itpkb, Ivl, Ivns1abp, Iws1, Jade1, Jade2, Jade3, Jag1, Jak2, Jak3, Jarid2, Jazf1, Jchain, Jdp2, Jmjd1c, Jmjd4, Jmjd6, Jmjd8, Jmy, Jph2, Jph4, Jpx, Jtb, Jun, Junb, Jund, Jup, Kank2, Kansl1, Kansl2, Kansl3, Kantr, Kars1, Kat14, Kat2a, Kat2b, Kat5, Kat6a, Kat6b, Kat7, Kat8, Kbtbd8, Kcne2, Kcnh2, Kcnip3, Kcnk2, Kcnma1, Kcnn4, Kcnq1ot1, Kctd1, Kctd13, Kctd15, Kctd20, Kdm1a, Kdm1b, Kdm2a, Kdm2b, Kdm3a, Kdm3b, Kdm4a, Kdm4b, Kdm4c, Kdm4d, Kdm5a, Kdm5b, Kdm5c, Kdm5d, Kdm6a, Kdm6b, Kdm7a, Kdm8, Kdr, Keap1, Khdc3, Khdrbs1, Khdrbs2, Khdrbs3, Khk, Khsrp, Kif14, Kif16b, Kif1b, Kirrel1, Kirrel2, Kit, Kitl, Klf1, Klf10, Klf11, Klf12, Klf13, Klf14, Klf15, Klf16, Klf17, Klf2, Klf3, Klf4, Klf5, Klf6, Klf7, Klf8, Klf9, Klhl15, Klhl17, Klhl22, Klhl25, Klhl31, Klhl40, Klk5, Klk7, Klre1, Klrh1, Klrk1, Kmt2a, Kmt2b, Kmt2c, Kmt2d, Kmt2e, Kmt5a, Kmt5b, Kmt5c, Kndc1, Kng1, Kng2, Kpna2, Kpna2rt, Kpna6, Kpna7, Kras, Krt13, Krt17, Ksr1, Ksr2, L1cam, L3mbtl1, L3mbtl2, L3mbtl3, L3mbtl4, Lacc1, Lactb, Lag3, Lama4, Lamp3, Lamtor1, Lamtor5, Lancl2, Laptm4b, Laptm5, Large1, Larp1, Larp4, Larp4b, Larp6, Larp7, Larp7-ps, Lats1, Lats2, Lbh, Lbp, Lbr, Lbx1, Lbx2, Lck, Lcmt1, Lcn2, Lcor, Lcorl, Ldb1, Ldb2, Ldc1, Ldlr, Ldlrad3, Lef1, Lefty1, Leo1, Lep, Lepr, Letmd1, Lgals9, Lgmn, Lgr4, Lhcgr, Lhx1, Lhx2, Lhx3, Lhx4, Lhx5, Lhx6, Lhx8, Lhx9, Lif, Lig3, Lilra5, Lilrb4a, Lilrb4b, Limch1, Limd1, Lime1, Limk1, Limk2, Lims1, Lin28a, Lin28b, Lin37, Lin52, Lin54, Lin9, Lipg, Lipt2, Litaf, Litafd, Lmcd1, Lmf1, Lmna, Lmnb1, Lmnb2, Lmntd2, Lmo1, Lmo2, Lmo3, Lmo4, Lmo7, Lmx1a, Lmx1b, Lncenc1, Lnpep, Lonp1, Lonp2, Lox, Loxl2, Loxl3, Lpar1, Lpar2, Lpar3, Lpar5, Lpcat1, Lpcat3, Lpgat1, Lpin1, Lpin2, Lpin3, Lpl, Lrif1, Lrig2, Lrp1, Lrp3, Lrp4, Lrp5, Lrp6, Lrp8, Lrpprc, Lrrc14, Lrrc19, Lrrc32, Lrrfip1, Lrrfip2, Lrrk1, Lrrk2, Lrrn3, Lrrtm3, Lrsam1, Lsm1, Lsm14a, Lsm14b, Lsm2, Lsm4, Lsm5, Lsm6, Lsm7, Lsr, Lta, Ltb, Ltbp1, Ltf, Lum, Lurap1, Ly9, Ly96, Lyar, Lyl1, Lyn, Lypla1, Lzts1, Macc1, Macir, Macroh2a1, Macroh2a2, Mad2l1, Mad2l2, Mael, Maf, Maf1, Mafa, Mafb, Maff, Mafg, Mafk, Magea1, Magea10, Magea13, Magea14, Magea2, Magea3, Magea4, Magea5, Magea6, Magea8, Magea9, Mageb11, Mageb16, Mageb18, Mageb2, Mageb3, Mageb4, Mageb5, Mageb5b, Mageb6b1, Magec2, Maged1, Maged2, Magee1, Magee2, Mageh1, Magel2, Magi3, Magoh, Magohb, Mak, Malat1, Malrd1, Malsu1, Malt1, Maml1, Maml2, Maml3, Mamld1, Mamstr, Mannr, Maob, Map1a, Map2k1, Map2k2, Map2k3, Map2k4, Map2k5, Map2k6, Map2k7, Map3k1, Map3k10, Map3k11, Map3k12, Map3k13, Map3k20, Map3k4, Map3k5, Map3k7, Map4k2, Mapk1, Mapk10, Mapk11, Mapk13, Mapk14, Mapk15, Mapk3, Mapk7, Mapk8, Mapk8ip1, Mapk8ip3, Mapk9, Mapkap1, Mapkapk2, Mapkapk5, Mapkbp1, Mapre3, Mapt, Marchf2, Marchf7, Marchf8, Marf1, Mark1, Mars1, Mas1, Mast2, Mastl, Matr3, Mavs, Max, Maz, Mbd1, Mbd2, Mbd3, Mbd3l1, Mbd3l2, Mbip, Mbl2, Mbnl1, Mbnl2, Mbnl3, Mboat7, Mbp, Mbtd1, Mbtps2, Mc1r, Mc2r, Mc3r, Mc4r, Mc5r, Mcf2l, Mcidas, Mcl1, Mcm7, Mcoln2, Mcph1, Mcrs1, Mcts1, Mdfi, Mdfic, Mdfic2, Mdk, Mdm2, Mdm4, Me1, Me2, Meaf6, Mecom, Mecp2, Med1, Med10, Med11, Med12, Med12l, Med13, Med13l, Med14, Med15, Med16, Med17, Med18, Med19, Med20, Med21, Med22, Med23, Med24, Med25, Med26, Med27, Med28, Med29, Med30, Med31, Med4, Med6, Med7, Med8, Med9, Mef2a, Mef2b, Mef2c, Mef2d, Mefv, Meg3, Megf8, Meioc, Meiosin, Meis1, Meis2, Meis3, Meltf, Men1, Meox1, Meox2, Mepce, Mertk, Mesp1, Mesp2, Met, Mettl1, Mettl13, Mettl14, Mettl16, Mettl18, Mettl23, Mettl3, Mettl4, Mettl5, Mettl8, Mex3d, Mfap2, Mfap4, Mfn2, Mfsd12, Mfsd2a, Mfsd8, Mga, Mgat3, Mgat4d, Mgmt, Mical1, Mical2, Mid1ip1, Mid2, Mideas, Midn, Mier1, Mier2, Mier3, Mif, Mif4gd, Minar1, Mir100, Mir101a, Mir101b, Mir103-1, Mir103-2, Mir107, Mir10a, Mir122, Mir124-2hg, Mir1247, Mir124a-1, Mir124a-1hg, Mir124a-2, Mir124a-3, Mir125a, Mir125b-1, Mir125b-2, Mir127, Mir129, Mir129-1, Mir129-2, Mir133a-1, Mir133a-1hg, Mir133a-2, Mir133b, Mir134, Mir135a-1, Mir135a-2, Mir136, Mir137, Mir139, Mir140, Mir143, Mir144, Mir146, Mir150, Mir153, Mir154, Mir155, Mir15a, Mir17, Mir18, Mir181b-1, Mir181b-2, Mir182, Mir183, Mir184, Mir186, Mir188, Mir196a-1, Mir196a-2, Mir196b, Mir199a-2, Mir1a-1, Mir1a-2, Mir1b, Mir200a, Mir200b, Mir203, Mir204, Mir205, Mir205hg, Mir208a, Mir208b, Mir20a, Mir214, Mir217, Mir218, Mir218-1, Mir218-2, Mir219a-1, Mir219a-2, Mir21a, Mir21b, Mir21c, Mir221, Mir223, Mir23a, Mir23b, Mir24-1, Mir24-2, Mir26a-1, Mir26a-2, Mir26b, Mir27a, Mir27b, Mir292, Mir293, Mir294, Mir295, Mir296, Mir29a, Mir29b-1, Mir29b-2, Mir29c, Mir301, Mir30a, Mir30b, Mir30c-1, Mir30c-2, Mir320, Mir324, Mir326, Mir33, Mir330, Mir338, Mir34a, Mir34b, Mir34c, Mir351, Mir370, Mir382, Mir3960, Mir411, Mir423, Mir448, Mir449a, Mir449b, Mir449c, Mir450b, Mir451a, Mir451b, Mir452, Mir466, Mir466d, Mir466e, Mir466l, Mir470, Mir489, Mir494, Mir495, Mir499, Mir504, Mir505, Mir511, Mir539, Mir541, Mir543, Mir668, Mir669a-1, Mir669a-2, Mir669a-3, Mir669a-4, Mir669a-5, Mir669a-6, Mir675, Mir696, Mir7-1, Mir7-2, Mir702, Mir7116, Mir744, Mir7578, Mir7b, Mir873a, Mir874, Mir875, Mir9-1, Mir9-2, Mir9-3, Mir92-1, Mir92-2, Mir96, Mir98, Mirlet7a-1, Mirlet7a-2, Mirlet7b, Mirlet7c-1, Mirlet7c-2, Mirlet7e, Mirlet7g, Mis18a, Mitf, Mixl1, Mkks, Mknk1, Mknk2, Mkrn2, Mkx, Mlf1, Mlf2, Mlh1, Mlip, Mllt1, Mllt10, Mllt11, Mllt3, Mllt6, Mlst8, Mlx, Mlxip, Mlxipl, Mlycd, Mmd, Mmd2, Mmp12, Mmp14, Mmp3, Mmp8, Mmp9, Mms19, Mn1, Mnat1, Mndal, Mnt, Mnx1, Moap1, Mob1b, Mob2, Mog, Morc1, Morc2a, Morc2b, Morc3, Morf4l1, Morf4l2, Mospd1, Mov10, Mov10l1, Mphosph8, Mpl, Mprip, Mpv17, Mpv17l, Mpv17l2, Mre11a, Mrgbp, Mrnip, Mrpl12, Mrpl13, Mrps27, Mrtfa, Mrtfb, Mrto4, Msantd1, Msc, Msgn1, Msh2, Msh3, Msh6, Msi1, Msi2, Msl1, Msl2, Msl3, Msn, Msr1, Mst1, Mst1r, Mstn, Msx1, Msx1os, Msx2, Msx3, Mt3, Mta1, Mta2, Mta3, Mtbp, Mtch2, Mtcl1, Mtcl2, Mtcl3, Mtdh, Mterf1a, Mterf1b, Mterf2, Mterf3, Mterf4, Mtf1, Mtf2, Mtg1, Mtg2, Mtln, Mtm1, Mtmr1, Mtmr2, Mtmr3, Mtmr4, Mtmr9, Mtnap1, Mtor, Mtpap, Mtpn, Mtres1, Mturn, Muc1, Muc16, Mul1, Mup1, Mup11, Mup2, Mup3, Mup4, Mup5, Musk, Mustn1, Mvk, Mvp, Mxd1, Mxd3, Mxd4, Mxi1, Myadm, Myb, Mybbp1a, Mybl1, Mybl2, Myc, Mycbp, Mycbp2, Mycl, Mycn, Mycs, Myd88, Mydgf, Myef2, Myf5, Myf6, Myh9, Mylip, Mylk2, Mynn, Myo1c, Myocd, Myod1, Myog, Myom1, Myoz1, Myoz2, Mypop, Myrf, Myrfl, Mysm1, Myt1, Myt1l, Mzb1, Mzf1, n-TUtca2, N4bp1, N4bp2l2, N6amt1, Naa15, Nab1, Nab2, Nabp2, Nacc1, Nacc2, Naf1, Naip5, Nampt, Nanog, Nanos1, Nanos2, Nanos3, Nat10, Nat8, Nat8b-ps, Nat8f1, Nat8f7, Nav3, Nbas, Nbdy, Nbn, Ncam1, Ncbp1, Ncbp2, Ncbp3, Ncf1, Ncf2, Nck1, Nck2, Nckap1l, Ncl, Ncoa1, Ncoa2, Ncoa3, Ncoa6, Ncoa7, Ncor1, Ncor2, Ncstn, Ndfip1, Ndfip2, Ndn, Ndp, Ndrg2, Ndufa13, Ndufc2, Ndufs4, Necab1, Necab2, Necab3, Nedd4, Nedd4l, Nedd8, Nedd9, Neil1, Nek10, Nek2, Nek3, Nek4, Nek7, Nelfa, Nelfb, Nelfcd, Nelfe, Nell1, Neo1, Nepn, Neurl1a, Neurod1, Neurod2, Neurod4, Neurod6, Neurog1, Neurog2, Neurog3, Nf1, Nf2, Nfam1, Nfat5, Nfatc1, Nfatc2, Nfatc2ip, Nfatc3, Nfatc4, Nfe2, Nfe2l1, Nfe2l2, Nfe2l3, Nfia, Nfib, Nfic, Nfil3, Nfilz, Nfix, Nfkb1, Nfkb2, Nfkbia, Nfkbid, Nfkbie, Nfkbil1, Nfkbiz, Nfrkb, Nfx1, Nfxl1, Nfya, Nfyb, Nfyc, Ngdn, Ngf, Ngfr, Ngrn, Nherf1, Nhlh1, Nhlh2, Nhlrc1, Niban1, Niban2, Nicol1, Nif3l1, Nipbl, Nkap, Nkapl, Nkd1, Nkd2, Nkrf, Nktr, Nkx1-1, Nkx1-2, Nkx2-1, Nkx2-2, Nkx2-2os, Nkx2-3, Nkx2-4, Nkx2-5, Nkx2-6, Nkx2-9, Nkx3-1, Nkx3-2, Nkx6-1, Nkx6-2, Nkx6-3, Nlk, Nln, Nlrc3, Nlrc4, Nlrc5, Nlrp10, Nlrp12, Nlrp1a, Nlrp1b, Nlrp3, Nlrp5, Nlrp6, Nlrp9b, Nlrx1, Nmb, Nmbr, Nmd3, Nme1, Nme2, Nmi, Nmnat1, Nmnat2, Nnmt, Nnt, Nobox, Noc2l, Noct, Nod1, Nod2, Nodal, Nog, Nol11, Nol3, Nolc1, Nono, Nop53, Nos1, Nos2, Nos3, Nosip, Nostrin, Notch1, Notch2, Notch3, Notch4, Noto, Nova1, Nova2, Nox1, Nox4, Noxa1, Npas1, Npas2, Npas3, Npas4, Npat, Npbwr1, Npc1, Nploc4, Npm1, Npm2, Npnt, Nppa, Nppc, Npr3, Nprl2, Nprl3, Nptn, Npy, Npy1r, Nqo1, Nqo2, Nr0b1, Nr0b2, Nr1d1, Nr1d2, Nr1h2, Nr1h3, Nr1h4, Nr1h5, Nr1i2, Nr1i3, Nr2c1, Nr2c2, Nr2e1, Nr2e3, Nr2f1, Nr2f2, Nr2f6, Nr3c1, Nr3c2, Nr4a1, Nr4a2, Nr4a3, Nr5a1, Nr5a2, Nr6a1, Nrarp, Nras, Nrbf2, Nrbp2, Nrdc, Nrde2, Nrf1, Nrg1, Nrip1, Nrip2, Nrl, Nron, Nrp1, Nrxn1, Nscme3l, Nsd1, Nsd2, Nsd3, Nsf, Nsg1, Nsmaf, Nsmce3, Nsrp1, Nsun2, Nsun3, Nsun4, Nsun5, Ntf3, Ntn3, Ntrk1, Ntrk2, Ntrk3, Nts, Ntsr1, Nub1, Nucb2, Nucks1, Nudt12, Nudt15, Nudt16, Nudt16l1, Nudt16l2, Nudt21, Nufip1, Nuggc, Nup155, Nup62, Nup85, Nup98, Nupr1, Nupr2, Nutf2, Nutf2-ps1, Nvl, Nwd1, Nxn, Oas1a, Oas1b, Oas1c, Oas1d, Oas1e, Oas1f, Oas1g, Oas1h, Oas2, Oas3, Oaz1, Oaz2, Oaz3, Obi1, Obox1, Obox2, Obox3, Obox4, Obox5, Obox6, Obox7, Obox8, Obp2a, Ocln, Odam, Odc1, Oga, Ogfod1, Ogg1, Ogt, Olfm1, Olig1, Olig2, Olig3, Olr1, Oma1, Onecut1, Onecut2, Onecut3, Ooep, Oog1, Oog2, Oog3, Opa1, Opa3, Ophn1, Opn3, Oprd1, Oprm1, Optn, Orc3, Orc5, Ormdl1, Ormdl2, Ormdl3, Osbp, Osbpl7, Osm, Osr1, Osr2, Otp, Otub1, Otud4, Otud5, Otud6b, Otud7b, Otulin, Otx1, Otx2, Ovol1, Ovol2, Ovol3, Oxr1, Oxt, Oxtr, P2rx2, P2rx7, P2ry1, P2ry2, P2ry6, P3h1, Pa2g4, Pabir1, Pabpc1, Pabpc1l, Pabpc2, Pabpc4, Pabpn1, Pabpn1l, Pacsin3, Padi2, Padi6, Paf1, Pafah1b2, Pagr1a, Paip1, Paip2, Paip2b, Pak1, Pak2, Pak3, Pam, Pan2, Pan3, Pank2, Pantr1, Pantr2, Panx1, Panx2, Panx3, Paox, Paqr3, Paqr4, Pard3, Pard6a, Parg, Park7, Parl, Parn, Parp1, Parp10, Parp14, Parp16, Parp3, Parp9, Parpbp, Pasd1, Pask, Patl1, Patl2, Patz1, Pawr, Pax1, Pax2, Pax3, Pax4, Pax5, Pax6, Pax7, Pax8, Pax9, Paxbp1, Paxip1, Pbk, Pbrm1, Pbx1, Pbx2, Pbx3, Pbx4, Pbxip1, Pcbd1, Pcbd2, Pcbp1, Pcbp2, Pcbp3, Pcbp4, Pcgf1, Pcgf2, Pcgf3, Pcgf5, Pcgf6, Pcid2, Pcif1, Pck1, Pcna, Pcsk9, Pctp, Pcx, Pdcd10, Pdcd1lg2, Pdcd4, Pdcd5, Pdcd5-ps, Pdcd6, Pdcd7, Pdcl3, Pde12, Pde2a, Pde3a, Pde3b, Pde4b, Pde4d, Pde5a, Pde8b, Pdgfa, Pdgfb, Pdgfc, Pdgfd, Pdgfra, Pdgfrb, Pdk1, Pdk2, Pdk3, Pdk4, Pdlim1, Pds5a, Pdx1, Pdxp, Pebp1, Pecam1, Pef1, Peg3, Peli1, Peli2, Peli3, Pelo, Pelp1, Pemt, Per1, Per2, Per3, Perm1, Perp, Pex14, Pex2, Pf4, Pfdn1, Pfdn2, Pfdn4, Pfdn5, Pfdn6, Pfkfb1, Pfkm, Pfn1, Pfn2, Pgam5, Pgc, Pglyrp1, Pglyrp2, Pglyrp3, Pglyrp4, Pgp, Pgr, Phactr1, Phax, Phb1, Phb2, Phc1, Phc2, Phc3, Phf1, Phf10, Phf12, Phf13, Phf14, Phf19, Phf2, Phf20, Phf20l1, Phf21a, Phf23, Phf3, Phf5a, Phf6, Phf8, Phgdh, Phip, Phka1, Phkb, Phkg1, Phkg2, Phlda2, Phlpp1, Phlpp2, Phox2a, Phox2b, Pias1, Pias2, Pias3, Pias4, Pibf1, Picalm, Pick1, Pid1, Pierce1, Pif1, Pih1d1, Pik3c2a, Pik3c3, Pik3ca, Pik3cb, Pik3cd, Pik3cg, Pik3r1, Pik3r2, Pik3r3, Pik3r4, Pik3r5, Pik3r6, Pikfyve, Pim1, Pim2, Pin1, Pin1rt1, Pin4, Pink1, Pinx1, Pip, Pip4k2a, Pip4k2b, Pip4k2c, Pip5kl1, Pirb, Pithd1, Pitx1, Pitx2, Pitx3, Piwil1, Piwil2, Piwil4, Pkd1, Pkd2, Pkhd1, Pkia, Pkib, Pkig, Pkm, Pkn1, Pknox1, Pknox2, Pkp1, Pkp3, Pla2g10, Pla2g3, Pla2g4a, Pla2g6, Pla2r1, Plaa, Plac8, Plag1, Plagl1, Plagl2, Plat, Platr25, Plau, Plaur, Plcb1, Plcd1, Plcg2, Plcl1, Plcl2, Pld1, Pld3, Pld4, Pld6, Plec, Plek, Plekhf1, Plekhg5, Plekhn1, Plgrkt, Plin5, Plk1, Plk2, Plk3, Plp1, Plpp3, Plscr1, Plxnb2, Pm20d2, Pmaip1, Pmel, Pmf1, Pml, Pmp22, Pms2, Pnkd, Pnkp, Pnldc1, Pnp, Pnp2, Pnpla2, Pnpt1, Pnrc1, Pnrc2, Pofut2, Pogk, Pogz, Pola1, Poldip2, Poldip3, Pole3, Polg2, Polq, Polr2a, Polr2g, Polr3a, Polr3b, Polr3c, Polr3d, Polr3f, Polr3g, Pomc, Pomt1, Pomt2, Pon3, Popdc1, Por, Postn, Pot1a, Pot1b, Potefam3a, Potefam3b, Pou1f1, Pou2af1, Pou2af2, Pou2af3, Pou2f1, Pou2f2, Pou2f3, Pou3f1, Pou3f2, Pou3f3, Pou3f4, Pou4f1, Pou4f2, Pou4f3, Pou5f1, Pou5f2, Pou6f1, Pou6f2, Ppara, Ppard, Pparg, Ppargc1a, Ppargc1b, Ppef1, Ppef2, Pphln1, Ppia, Ppib, Ppic, Ppid, Ppie, Ppif, Ppig, Ppih, Ppil1, Ppil3, Ppil4, Ppl, Ppm1a, Ppm1b, Ppm1d, Ppm1e, Ppm1f, Ppm1g, Ppm1h, Ppm1j, Ppm1k, Ppm1l, Ppm1m, Ppm1n, Ppp1ca, Ppp1cb, Ppp1cc, Ppp1r10, Ppp1r11, Ppp1r12a, Ppp1r13l, Ppp1r15a, Ppp1r15b, Ppp1r17, Ppp1r3a, Ppp1r3b, Ppp1r3c, Ppp1r3d, Ppp1r3e, Ppp1r3f, Ppp1r3g, Ppp1r42, Ppp1r9b, Ppp2ca, Ppp2cb, Ppp2r3a, Ppp2r3c, Ppp2r5b, Ppp2r5d, Ppp3ca, Ppp3cb, Ppp3cc, Ppp3r1, Ppp4c, Ppp4r2, Ppp4r3a, Ppp4r3b, Ppp4r3c1, Ppp4r3c2, Ppp5c, Ppp6c, Pprc1, Pptc7, Ppwd1, Pqbp1, Pramel1, Pramel7, Prcp, Prdm1, Prdm10, Prdm11, Prdm12, Prdm13, Prdm14, Prdm15, Prdm16, Prdm2, Prdm4, Prdm5, Prdm6, Prdm8, Prdm9, Prdx2, Prdx3, Prdx5, Prdx6, Prdx6b, Preb, Prelid1, Prex1, Prex2, Prg2, Prg3, Prg4, Prickle1, Prkaa1, Prkaa2, Prkab1, Prkab2, Prkaca, Prkacb, Prkag1, Prkag2, Prkag3, Prkar1a, Prkca, Prkcb, Prkcd, Prkce, Prkcg, Prkch, Prkci, Prkcq, Prkcz, Prkd1, Prkd2, Prkdc, Prkg1, Prkg2, Prkn, Prkra, Prkrip1, Prl, Prl2c2, Prlr, Prmt1, Prmt2, Prmt3, Prmt5, Prmt6, Prmt7, Prmt8, Prmt9, Prnp, Prom2, Prop1, Prox1, Prox2, Prpf18, Prpf19, Prpf6, Prr16, Prr5, Prr5l, Prr7, Prrx1, Prrx2, Prss22, Prss37, Prx, Prxl2c, Psap, Psapl1, Psen1, Psen2, Psenen, Psg18, Psg22, Psg23, Psip1, Psma3, Psma6, Psmb8, Psmc3ip, Psmc5, Psmc6, Psmd1, Psmd10, Psmd14, Psmd2, Psmd3, Psmd9, Psme1, Psme2, Psme3, Psme3ip1, Psmf1, Pspc1, Psrc1, Pstk, Ptafr, Ptbp1, Ptbp2, Ptbp3, Ptcd2, Ptcd3, Ptch1, Pten, Ptf1a, Ptger3, Ptger4, Ptges2, Ptges3, Ptges3-ps, Ptgfr, Ptgis, Ptgr1, Ptgs2, Ptgs2os, Ptgs2os2, Pth, Pth1r, Pth2r, Pthlh, Ptk2, Ptk2b, Ptk6, Ptma, Ptms, Ptov1, Ptp4a3, Ptpa, Ptpmt1, Ptpn1, Ptpn11, Ptpn13, Ptpn2, Ptpn22, Ptpn3, Ptpn5, Ptpn6, Ptprb, Ptprc, Ptprh, Ptprj, Ptprk, Ptprn, Ptpro, Ptprs, Ptprt, Ptprz1, Ptrh2, Pttg1ip, Ptx3, Puf60, Pum1, Pum2, Pum3, Pura, Purb, Purg, Pus1, Pus10, Pus7, Pwp1, Pwwp2a, Pwwp2b, Pxn, Pxylp1, Pycard, Pygo1, Pym1, Qars1, Qki, Qrich1, Qrich2, Qsox1, Rab12, Rab1a, Rab1b, Rab23, Rab26, Rab27a, Rab29, Rab2b, Rab38, Rab39b, Rab3gap1, Rab3gap2, Rab7, Rab7b, Rab8a, Rabgef1, Rabl3, Rac1, Rac2, Rack1, Rad17, Rad18, Rad21, Rad23a, Rad23b, Rad50, Rad51, Rad51ap1, Rad52, Rad54l2, Radx, Raet1b, Raf1, Rag1, Rag2, Rai1, Ralb, Ralbp1, Ralgapa1, Raly, Ramp1, Ramp2, Ramp3, Ranbp2, Ranbp9, Rap1a, Rap2a, Rap2b, Rap2c, Rapgef2, Rapgef3, Rara, Rarb, Rarg, Rarres2, Rasa1, Rasal2, Rasd1, Rasd2, Rasgrp1, Rasip1, Rasl11a, Rassf1, Rassf2, Rassf5, Rax, Rb1, Rb1cc1, Rbak, Rbbp4, Rbbp5, Rbbp6, Rbbp7, Rbbp8, Rbbp9, Rbck1, Rbfox1, Rbfox2, Rbfox3, Rbl1, Rbl2, Rbm10, Rbm11, Rbm12, Rbm12b1, Rbm12b2, Rbm14, Rbm15, Rbm15b, Rbm20, Rbm22, Rbm24, Rbm25, Rbm3, Rbm31y, Rbm33, Rbm38, Rbm39, Rbm4, Rbm42, Rbm46, Rbm47, Rbm4b, Rbm5, Rbm7, Rbm8a, Rbm8a2, Rbms3, Rbmx, Rbmxl1, Rbmxl2, Rbmy, Rbmyf1, Rbmyf3, Rbmyf6, Rbmyf9, Rbp4, Rbpj, Rbpjl, Rbpms, Rbpms2, Rbx1, Rbx1-ps, Rc3h1, Rc3h2, Rcc1l, Rchy1, Rcn3, Rcor1, Rcor2, Rcor3, Rd3, Rdh1, Rdh10, Rdh16, Rdh16f2, Rdh19, Rdh9, Rdx, Reck, Recql5, Reg1, Reg3b, Rel, Rela, Relb, Reln, Reno1, Repin1, Rere, Resf1, Rest, Ret, Retn, Rex2, Rfc1, Rfc2, Rfc3, Rfc4, Rfc5, Rfpl4, Rftn1, Rfx1, Rfx2, Rfx3, Rfx4, Rfx5, Rfx6, Rfx7, Rfx8, Rfxank, Rfxap, Rgcc, Rgma, Rgmb, Rgn, Rgp1, Rgs14, Rgs2, Rhbdd1, Rhbdd3, Rhbdf1, Rhbdf2, Rheb, Rhebl1, Rhoa, Rhobtb3, Rhog, Rhoq, Rhox1, Rhox10, Rhox11, Rhox12, Rhox13, Rhox2a, Rhox2b, Rhox2c, Rhox2d, Rhox2f, Rhox2g, Rhox2h, Rhox3a, Rhox3c, Rhox3f, Rhox3g, Rhox3h, Rhox4a, Rhox4b, Rhox4c, Rhox4d, Rhox4e, Rhox4f, Rhox4g, Rhox5, Rhox6, Rhox7a, Rhox7b, Rhox8, Rhox9, Ric1, Rictor, Rida, Rif1, Rigi, Rilp, Rims1, Rims2, Ring1, Riok1, Riok2, Riok3, Riox1, Riox2, Ripk1, Ripk2, Ripk3, Ripk4, Ripply1, Ripply2, Ripply3, Rit2, Rlf, Rlim, Rmc1, Rmi2, Rmnd1, Rnaseh2b, Rnasel, Rnf10, Rnf111, Rnf125, Rnf126, Rnf128, Rnf135, Rnf139, Rnf14, Rnf141, Rnf152, Rnf168, Rnf169, Rnf180, Rnf185, Rnf187, Rnf19a, Rnf2, Rnf20, Rnf207, Rnf213, Rnf216, Rnf220, Rnf25, Rnf26, Rnf26rt, Rnf31, Rnf34, Rnf4, Rnf40, Rnf41, Rnf5, Rnf6, Rnf8, Rnft1, Rnft2, Rnps1, Ro60, Robo1, Rock1, Rock2, Rom1, Romo1, Ropn1, Ropn1l, Ror1, Ror2, Rora, Rorb, Rorc, Ros1, Rpa2, Rpap2, Rpf2, Rpl10, Rpl10-ps3, Rpl11, Rpl13a, Rpl23, Rpl26, Rpl38, Rpl5, Rplp1, Rprd1b, Rps13, Rps14, Rps19, Rps2, Rps23rg1, Rps26, Rps27l, Rps3, Rps4x, Rps6ka1, Rps6ka2, Rps6ka3, Rps6ka4, Rps6ka5, Rps6kb1, Rps6kb2, Rps7, Rps9, Rptor, Rpusd3, Rpusd4, Rraga, Rragb, Rragc, Rragd, Rreb1, Rrn3, Rrp1b, Rrp8, Rsad2, Rsf1, Rsl1, Rslcan18, Rspo1, Rtel1, Rtf1, Rtkn2, Rtn1, Rtn2, Rtn3, Rtn4, Rtraf, Rubcn, Rubcnl, Rufy4, Runx1, Runx1t1, Runx2, Runx3, Ruvbl1, Ruvbl2, Rwdd1, Rwdd3, Rxra, Rxrb, Rxrg, Rybp, Rybp-ps, S100a1, S100a10, S100a13, S100a9, S100b, S1pr1, S1pr2, S1pr3, S1pr4, S1pr5, Sae1, Safb, Safb2, Sall1, Sall2, Sall3, Sall4, Samd1, Samd11, Samd4, Samd4b, Samd7, Samd8, Samd9l, Samsn1, Sap130, Sap18, Sap18b, Sap25, Sap30, Sap30bp, Sap30l, Sarnp, Sars1, Sart3, Sash1, Sash3, Satb1, Satb2, Sav1, Sbno1, Sbno2, Scaf4, Scaf8, Scai, Scamp5, Scand1, Scap, Scarb1, Scarb2, Scd1, Scfd1, Scgb1a1, Scimp, Scmh1, Scml2, Scml4, Sco1, Scoc, Scp2, Scrib, Scrt1, Scrt2, Sct, Sctr, Scx, Sdcbp, Sdr16c5, Sec14l2, Sec16b, Sec22b, Secisbp2, Selenok, Selenos, Sema4d, Sema7a, Senp1, Senp2, Senp3, Sepsecs, Septin4, Serbp1, Serp1, Serpina12, Serpina5, Serpinb10, Serpinb11, Serpinb12, Serpinb13, Serpinb1a, Serpinb1b, Serpinb1c, Serpinb2, Serpinb3a, Serpinb3b, Serpinb3c, Serpinb3d, Serpinb5, Serpinb6a, Serpinb6b, Serpinb6c, Serpinb6d, Serpinb6e, Serpinb7, Serpinb8, Serpinb9, Serpinb9b, Serpinb9c, Serpinb9d, Serpinb9e, Serpinb9f, Serpinb9g, Serpinb9h, Serpind1, Serpine1, Serpine2, Serpine3, Serpinf1, Serpinf2, Serping1, Serpinh1, Serpini1, Serpini2, Sertad1, Sertad2, Sertad3, Sesn1, Sesn2, Sesn3, Setbp1, Setd1a, Setd2, Setd3, Setd4, Setd5, Setd6, Setd7, Setdb1, Setdb2, Setmar, Setx, Sez6, Sez6l, Sez6l2, Sf1, Sf3b1, Sf3b3, Sf3b5, Sfmbt1, Sfmbt2, Sfn, Sfpq, Sfr1, Sfrp1, Sfrp2, Sfrp4, Sfrp5, Sfswap, Sftpd, Sfxn5, Sgf29, Sgms1, Sgms1os1, Sgsm1, Sgsm3, Sgta, Sh2b1, Sh2b2, Sh2d1b1, Sh2d1b2, Sh3bgrl, Sh3bp4, Sh3bp5, Sh3d19, Sh3gl2, Sh3glb1, Sh3pxd2b, Sh3rf1, Sh3rf2, Sh3rf3, Shb, Shc1, Shc4, Shfl, Shh, Shld1, Shld2, Shld3, Shmt1, Shmt2, Shox2, Siah2, Sigirr, Siglec1, Siglecg, Sik1, Sik2, Sim1, Sim2, Sin3a, Sin3b, Sinhcaf, Sirpa, Sirt1, Sirt2, Sirt3, Sirt4, Sirt5, Sirt6, Sirt7, Siva1, Six1, Six2, Six3, Six4, Six5, Six6, Skap1, Ski, Skic2, Skic3, Skic8, Skil, Skint1, Skint10, Skint11, Skint2, Skint3, Skint4, Skint5, Skint6, Skint7, Skint8, Skint9, Skor1, Skor2, Skp1, Skp2, Sla2, Slamf1, Slamf6, Slamf8, Slc11a1, Slc15a4, Slc1a1, Slc22a13, Slc22a2, Slc24a3, Slc24a4, Slc24a5, Slc25a12, Slc25a23, Slc25a33, Slc25a37, Slc25a4, Slc25a44, Slc25a5, Slc26a9, Slc27a1, Slc27a4, Slc2a10, Slc2a13, Slc2a6, Slc30a9, Slc35a4, Slc35b4, Slc35c2, Slc35d3, Slc37a4, Slc38a2, Slc38a3, Slc39a5, Slc39a8, Slc40a1, Slc45a3, Slc4a1, Slc4a4, Slc4a5, Slc51b, Slc5a3, Slc6a3, Slc6a4, Slc6a9, Slc7a11, Slc7a5, Slc7a7, Slc8a1, Slc8a2, Slc8a3, Slc9a1, Slco1c1, Slco3a1, Slf1, Slf2, Slfn1, Slfn14, Slfn2, Slirp, Slit2, Slit3, Sln, Sltm, Slx, Slx1b, Slx4, Slxl1, Sly, Smad1, Smad2, Smad3, Smad4, Smad5, Smad6, Smad7, Smad9, Smarca1, Smarca2, Smarca4, Smarca5, Smarcad1, Smarcal1, Smarcb1, Smarcc1, Smarcc2, Smarcd1, Smarcd2, Smarcd3, Smarce1, Smc3, Smchd1, Smcr8, Smg1, Smg5, Smg6, Smg7, Smg8, Smg9, Smn1, Smo, Smoc2, Smpd1, Smpd3, Smtnl1, Smu1, Smurf1, Smyd1, Smyd2, Smyd3, Smyd5, Snai1, Snai2, Snai3, Snca, Snd1, Snf8, Snip1, Snrnp70, Snta1, Snw1, Snx1, Snx12, Snx18, Snx3, Snx30, Snx33, Snx4, Snx5, Snx6, Snx7, Snx9, Soat1, Socs1, Socs3, Socs4, Socs5, Sod1, Sod2, Sohlh1, Sohlh2, Son, Sorbs1, Sorbs3, Sorl1, Sort1, Sos1, Sost, Sox1, Sox10, Sox11, Sox12, Sox13, Sox14, Sox15, Sox17, Sox18, Sox2, Sox21, Sox3, Sox30, Sox4, Sox5, Sox6, Sox7, Sox8, Sox9, Sp1, Sp100, Sp110, Sp140, Sp140l1, Sp140l2, Sp2, Sp3, Sp4, Sp5, Sp6, Sp7, Sp8, Sp9, Spag11a, Spag8, Spag9, Spata18, Spatc1l, Spdef, Spdya, Spdye4a, Spen, Sphk1, Sphk2, Spi1, Spib, Spic, Spidr, Spin1, Spin2c, Spin2d, Spin2e, Spin2g, Spin2h, Spin4, Spindoc, Spink1, Spink12, Spink2, Spink5, Spink6, Spink7, Spire1, Spire2, Spn, Spocd1, Spock1, Spock3, Spon1, Spon2, Spop, Spopfm2, Spopfm3, Spopl, Spout1, Spp1, Spred1, Spred2, Sprtn, Spry1, Spry2, Spry4, Spsb4, Sptbn1, Sptbn4, Sptlc1, Sptlc2, Spty2d1, Spx, Spz1, Sqstm1, Sra1, Src, Srcin1, Srebf1, Srebf2, Srf, Srgn, Srp9, Srpk1, Srpk2, Srpk3, Srpx2, Srrd, Srrm1, Srrm4, Srrt, Srsf1, Srsf10, Srsf12, Srsf19, Srsf2, Srsf3, Srsf4, Srsf5, Srsf6, Srsf7, Srsf9, Sry, Ss18, Ss18l1, Ssb, Ssbp1, Ssbp2, Ssbp3, Ssbp4, Ssc5d, Ssh1, Ssh2, Ssh3, Ssty1, Ssty2, Ssu72, Ssxa1, St18, Stap1, Star, Stard4, Stat1, Stat2, Stat3, Stat4, Stat5a, Stat5b, Stat6, Stc2, Stfa1, Stfa2, Stfa2l1, Stfa3, Stil, Sting1, Stk11, Stk16, Stk3, Stk36, Stk38, Stk38l, Stk4, Stk40, Stmp1, Stn1, Stoml2, Stox1, Stox2, Stpg4, Stra8, Strada, Stradb, Strap, Strm, Strn3, Stub1, Stx1b, Stx3, Stx4a, Stx5a, Styx, Styx-ps, Sub1, Sucnr1, Suco, Suds3, Sufu, Sulf1, Sulf2, Sumf2, Sumo1, Sumo2, Sumo3, Supt20, Supt3, Supt4a, Supt4b, Supt5, Supt6, Supt7l, Supv3l1, Suv39h1, Suv39h2, Suz12, Svbp, Svip, Syap1, Syk, Syncrip, Synpo2, Syt11, T, Tab1, Tab2, Tacc1, Taco1, Tacr3, Tada1, Tada2a, Tada2b, Tada3, Taf1, Taf10, Taf11, Taf12, Taf13, Taf15, Taf1d, Taf2, Taf3, Taf4, Taf4b, Taf5, Taf5l, Taf6, Taf6l, Taf7, Taf8, Taf9, Taf9b, Tagln3, Tal1, Tal2, Tank, Taok1, Taok3, Tapbp, Tarbp2, Tardbp, Tarm1, Tasor, Tasor2, Tasp1, Tax1bp1, Tbc1d10a, Tbc1d14, Tbc1d16, Tbc1d23, Tbc1d24, Tbc1d25, Tbc1d7, Tbk1, Tbl1x, Tbl1xr1, Tbp, Tbr1, Tbrg4, Tbx1, Tbx10, Tbx15, Tbx18, Tbx19, Tbx2, Tbx20, Tbx21, Tbx22, Tbx3, Tbx4, Tbx5, Tbx6, Tcea1, Tcea2, Tcea3, Tceal7, Tceanc, Tceanc2, Tcerg1, Tcf12, Tcf15, Tcf19, Tcf20, Tcf21, Tcf23, Tcf24, Tcf25, Tcf3, Tcf4, Tcf7, Tcf7l1, Tcf7l2, Tcfl5, Tcim, Tcirg1, Tcl1, Tcof1, Tcp1, Tcp10a, Tcp10b, Tcp10c, Tcrb, Tdg, Tdpoz1, Tdpoz2, Tdpoz3, Tdpoz4, Tdpoz5, Tdpoz8, Tdpoz9, Tdrd1, Tdrd12, Tdrd3, Tdrd5, Tdrd6, Tdrd7, Tdrd9, Tdrkh, Tead1, Tead2, Tead3, Tead4, Tecpr1, Tef, Tek, Ten1, Tenm1, Tenm2, Tent2, Tent4a, Tent4b, Tent5a, Tent5b, Tent5c, Tent5d, Terc, Terf1, Terf2, Terf2ip, Tert, Tes3-ps, Tesc, Tescl, Tesk1, Tesmin, Tet1, Tet2, Tet3, Tex15, Tex19.1, Tex19.2, Tex24, Tfam, Tfap2a, Tfap2b, Tfap2c, Tfap2d, Tfap2e, Tfap4, Tfcp2, Tfcp2l1, Tfdp1, Tfdp2, Tfe3, Tfeb, Tfec, Tff3, Tfpt, Tfr2, Tfrc, Tgfa, Tgfb1, Tgfb1i1, Tgfb2, Tgfb3, Tgfbr1, Tgfbr2, Tgfbr3, Tgfbrap1, Tgif1, Tgif2, Thap1, Thap11, Thap3, Thap7, Thbs1, Thbs4, Thoc2, Thoc5, Thpo, Thra, Thrap3, Thrb, Thrsp, Thy1, Tia1, Tial1, Ticam1, Ticam2, Ticrr, Tifab, Tigar, Tigit, Timeless, Timm17a, Timm23, Timp1, Timp2, Timp3, Timp4, Tinf2, Tiparp, Tipin, Tirap, Tle1, Tle2, Tle3, Tle4, Tle5, Tle6, Tlk2, Tlr1, Tlr2, Tlr3, Tlr4, Tlr5, Tlr6, Tlr7, Tlr8, Tlr9, Tlx1, Tlx2, Tlx3, Tm4sf20, Tm6sf2, Tm9sf2, Tm9sf5, Tmbim6, Tmed10, Tmed10-ps, Tmed2, Tmeff2, Tmem102, Tmem106a, Tmem107, Tmem119, Tmem132a, Tmem132c, Tmem135, Tmem14a, Tmem14c, Tmem161a, Tmem168, Tmem225, Tmem259, Tmem39a, Tmem59, Tmem67, Tmem9, Tmem98, Tmf1, Tmigd3, Tmpo, Tmprss4, Tmprss6, Tmsb4x, Tmtc3, Tmx1, Tnc, Tnf, Tnfaip1, Tnfaip3, Tnfrsf11a, Tnfrsf13c, Tnfrsf14, Tnfrsf18, Tnfrsf1a, Tnfrsf1b, Tnfrsf21, Tnfrsf4, Tnfrsf8, Tnfsf11, Tnfsf12, Tnfsf13, Tnfsf15, Tnfsf18, Tnfsf4, Tnfsf8, Tnfsf9, Tnik, Tnip1, Tnip2, Tnip3, Tnk2, Tnks, Tnks1bp1, Tnks2, Tnni2, Tnp1, Tnp2, Tnrc6a, Tnrc6b, Tnrc6c, Tob1, Tob2, Tollip, Tom1, Tom1l1, Tomm7, Tomm70a, Top1, Top2a, Top2b, Topors, Tox, Tox2, Tox3, Tox4, Tpcn1, Tpcn2, Tpd52l1, Tpk1, Tppp, Tpr, Tpx2, Tra2a, Tra2b, Trabd2b, Tradd, Traf1, Traf2, Traf3, Traf3ip1, Traf3ip2, Traf3ip3, Traf4, Traf5, Traf6, Traf7, Traip, Trak2, Trap1, Trappc2, Trappc9, Trat1, Trdmt1, Trem2, Trerf1, Trex1, Trf, Triap1, Trib1, Trib2, Trib3, Tril, Trim11, Trim12a, Trim12c, Trim13, Trim14, Trim15, Trim17, Trim21, Trim23, Trim24, Trim25, Trim26, Trim27, Trim28, Trim29, Trim3, Trim30a, Trim30b, Trim30c, Trim30d, Trim31, Trim32, Trim34a, Trim34b, Trim37, Trim38, Trim39, Trim40, Trim43a, Trim43b, Trim43c, Trim44, Trim5, Trim52, Trim56, Trim58, Trim6, Trim60, Trim61, Trim62, Trim63, Trim65, Trim66, Trim67, Trim68, Trim71, Trim75, Trim8, Trip12, Trip4, Trmt10c, Trmt112, Trnau1ap, Tro, Trp53, Trp53bp1, Trp53cor1, Trp53inp1, Trp53inp2, Trp63, Trp73, Trpc2, Trpc5, Trpc6, Trpm4, Trpm8, Trps1, Trpt1, Trpv1, Trpv2, Trpv4, Trrap, Trub1, Trub2, Tsacc, Tsc1, Tsc2, Tsc22d1, Tsc22d2, Tsc22d3, Tsc22d4, Tsfm, Tsg101, Tshr, Tshz1, Tshz2, Tshz3, Tsix, Tsku, Tslp, Tsn, Tsnax, Tspan15, Tspan17, Tspan5, Tspan8, Tspan9, Tspo, Tspyl2, Tspyl5, Tssk4, Ttbk1, Ttc21b, Ttc36, Ttc39b, Ttc39d, Ttc5, Ttf1, Ttn, Tug1, Tunar, Tusc2, Tut4, Tut7, Twist1, Twist2, Twsg1, Txk, Txn1, Txnip, Tyk2, Tyms, Tyrobp, Tyrp1, Tysnd1, U2af2, Uaca, Uap1, Uba2, Uba3, Uba5, Ubash3a, Ubash3b, Ubb, Ube2a, Ube2b, Ube2d1, Ube2e1, Ube2i, Ube2j1, Ube2k, Ube2l3, Ube2n, Ube2s, Ube2srt, Ube2v1, Ube2v2, Ube3a, Ublcp1, Ubp1, Ubqln1, Ubqln2, Ubqln4, Ubr2, Ubr3, Ubr4, Ubr5, Ubtf, Ubtfl1, Ubxn1, Ubxn2a, Uchl1, Uchl5, Ucn, Ucn2, Ucp1, Ucp2, Ufc1, Ufd1, Ufl1, Ufsp2, Uhmk1, Uhrf1, Uhrf2, Uimc1, Ulbp1, Ulk1, Ulk2, Ulk3, Ulk4, Umodl1, Unc119, Unc13a, Unc93b1, Uncx, Unk, Upf1, Upf2, Upf3a, Upf3b, Upk3b, Uqcc2, Uri1, Usf1, Usf2, Usf3, Usp1, Usp10, Usp13, Usp14, Usp16, Usp17le, Usp19, Usp2, Usp20, Usp21, Usp22, Usp25, Usp26, Usp3, Usp30, Usp33, Usp36, Usp37, Usp38, Usp4, Usp44, Usp47, Usp5, Usp50, Usp51, Usp7, Usp8, Usp9x, Utf1, Utp15, Utp4, Uts2, Uty, Uvrag, Uxt, Vamp3, Vangl2, Vash1, Vax1, Vax2, Vbp1, Vcp, Vdac1, Vdr, Vegfa, Vegfb, Vegfc, Vegfd, Vezf1, Vgll1, Vgll2, Vgll3, Vgll4, Vhl, Vim, Vip, Vldlr, Vpreb3, Vps11, Vps13c, Vps13d, Vps25, Vps28, Vps35, Vps72, Vrtn, Vsig4, Vsir, Vstm2a, Vsx1, Vsx2, Vtcn1, Vtn, Wac, Wapl, Wars1, Was, Washc1, Wasl, Wbp1l, Wbp2, Wbp2nl, Wdfy2, Wdhd1, Wdr24, Wdr35, Wdr41, Wdr43, Wdr45, Wdr48, Wdr5, Wdr59, Wdr6, Wdr75, Wdr77, Wdr82, Wdr91, Wdtc1, Wee2, Wfdc6a, Wfikkn1, Wfs1, Whrn, Wipi1, Wiz, Wnk1, Wnk3, Wnk4, Wnt1, Wnt10a, Wnt10b, Wnt11, Wnt16, Wnt2, Wnt3, Wnt3a, Wnt4, Wnt5a, Wnt6, Wnt7a, Wnt7b, Wnt8b, Wnt9b, Wrap53, Wrn, Wrnip1, Wt1, Wtap, Wtip, Wwc1, Wwc2, Wwox, Wwp1, Wwp2, Wwtr1, Xaf1, Xbp1, Xcl1, Xdh, Xiap, Xist, Xpa, Xpc, Xpo1, Xpo5, Xrcc1, Xrcc4, Xrcc5, Xrcc6, Xrn1, Xrn2, Yaf2, Yap1, Ybx1, Ybx2, Ybx3, Yeats2, Yeats4, Yes1, Ylpm1, Ythdc1, Ythdf1, Ythdf2, Ythdf3, Ywhab, Ywhah, Ywhaq, Ywhaq-ps3, Ywhaz, Yy1, Yy2, Zar1, Zar1l, Zbed3, Zbed4, Zbed6, Zbtb1, Zbtb10, Zbtb11, Zbtb12, Zbtb14, Zbtb16, Zbtb17, Zbtb18, Zbtb2, Zbtb20, Zbtb21, Zbtb22, Zbtb24, Zbtb25, Zbtb26, Zbtb3, Zbtb32, Zbtb33, Zbtb34, Zbtb37, Zbtb38, Zbtb39, Zbtb4, Zbtb40, Zbtb41, Zbtb42, Zbtb43, Zbtb45, Zbtb46, Zbtb47, Zbtb48, Zbtb49, Zbtb5, Zbtb6, Zbtb7a, Zbtb7b, Zbtb7c, Zbtb8a, Zbtb8b, Zbtb9, Zc3h10, Zc3h12a, Zc3h12d, Zc3h14, Zc3h18, Zc3h4, Zc3h6, Zc3h7a, Zc3h7b, Zc3h8, Zc3hav1, Zc4h2, Zcchc12, Zcchc13, Zcchc17, Zcchc3, Zcchc4, Zcchc7, Zcwpw1, Zdbf2, Zdhhc19, Zdhhc2, Zdhhc7, Zeb1, Zeb2, Zer1, Zfa-ps, Zfand2a, Zfat, Zfhx2, Zfhx3, Zfhx4, Zfp1, Zfp1004, Zfp1005, Zfp1006, Zfp1007, Zfp101, Zfp1010, Zfp105, Zfp11, Zfp110, Zfp111, Zfp112, Zfp113, Zfp119a, Zfp119b, Zfp12, Zfp120, Zfp125, Zfp128, Zfp13, Zfp131, Zfp14, Zfp141, Zfp142, Zfp143, Zfp146, Zfp148, Zfp157, Zfp160, Zfp169, Zfp174, Zfp175, Zfp180, Zfp182, Zfp184, Zfp189, Zfp2, Zfp202, Zfp212, Zfp213, Zfp217, Zfp219, Zfp229, Zfp236, Zfp239, Zfp24, Zfp248, Zfp251, Zfp26, Zfp260, Zfp263, Zfp266, Zfp267, Zfp268, Zfp27, Zfp273, Zfp275, Zfp276, Zfp28, Zfp280b, Zfp280c, Zfp280d, Zfp281, Zfp286, Zfp287, Zfp292, Zfp296, Zfp3, Zfp30, Zfp316, Zfp317, Zfp318, Zfp319, Zfp322a, Zfp324, Zfp326, Zfp329, Zfp334, Zfp335, Zfp341, Zfp345, Zfp35, Zfp352, Zfp354a, Zfp354b, Zfp354c, Zfp358, Zfp36, Zfp362, Zfp365, Zfp366, Zfp367, Zfp369, Zfp36l1, Zfp36l2, Zfp36l3, Zfp37, Zfp382, Zfp383, Zfp384, Zfp385a, Zfp386, Zfp39, Zfp395, Zfp397, Zfp398, Zfp40, Zfp407, Zfp408, Zfp41, Zfp410, Zfp418, Zfp42, Zfp420, Zfp422, Zfp423, Zfp426, Zfp429, Zfp433, Zfp438, Zfp442, Zfp444, Zfp445, Zfp446, Zfp449, Zfp451, Zfp454, Zfp455, Zfp456, Zfp457, Zfp458, Zfp459, Zfp46, Zfp462, Zfp467, Zfp469, Zfp472, Zfp473, Zfp488, Zfp493, Zfp503, Zfp507, Zfp51, Zfp512b, Zfp513, Zfp516, Zfp518a, Zfp518b, Zfp52, Zfp521, Zfp523, Zfp524, Zfp53, Zfp534, Zfp536, Zfp54, Zfp541, Zfp551, Zfp553, Zfp558, Zfp560, Zfp563, Zfp566, Zfp568, Zfp57, Zfp574, Zfp575, Zfp579, Zfp58, Zfp580, Zfp582, Zfp583, Zfp59, Zfp592, Zfp593, Zfp595, Zfp597, Zfp598, Zfp599, Zfp60, Zfp600, Zfp605, Zfp606, Zfp607a, Zfp607b, Zfp608, Zfp609, Zfp612, Zfp616, Zfp617, Zfp619, Zfp62, Zfp622, Zfp623, Zfp626, Zfp628, Zfp629, Zfp637, Zfp638, Zfp639, Zfp64, Zfp641, Zfp644, Zfp646, Zfp647, Zfp648, Zfp65, Zfp652, Zfp653, Zfp654, Zfp655, Zfp658, Zfp661, Zfp663, Zfp664, Zfp667, Zfp668, Zfp672, Zfp677, Zfp68, Zfp683, Zfp689, Zfp69, Zfp691, Zfp692, Zfp696, Zfp697, Zfp7, Zfp703, Zfp704, Zfp706, Zfp707, Zfp708, Zfp709, Zfp710, Zfp711, Zfp712, Zfp715, Zfp719, Zfp72, Zfp729a, Zfp729b, Zfp735, Zfp738, Zfp74, Zfp740, Zfp746, Zfp747, Zfp747l1, Zfp748, Zfp750, Zfp758, Zfp759, Zfp760, Zfp763, Zfp764, Zfp764l1, Zfp768, Zfp770, Zfp771, Zfp772, Zfp773, Zfp775, Zfp777, Zfp78, Zfp780b, Zfp784, Zfp786, Zfp787, Zfp788, Zfp790, Zfp791, Zfp799, Zfp804a, Zfp808, Zfp809, Zfp81, Zfp810, Zfp811, Zfp819, Zfp82, Zfp820, Zfp821, Zfp825, Zfp827, Zfp84, Zfp846, Zfp85, Zfp850, Zfp853, Zfp865, Zfp866, Zfp867, Zfp868, Zfp869, Zfp87, Zfp870, Zfp871, Zfp872, Zfp873, Zfp874a, Zfp874b, Zfp879, Zfp882, Zfp9, Zfp90, Zfp91, Zfp92, Zfp93, Zfp930, Zfp931, Zfp932, Zfp933, Zfp934, Zfp935, Zfp936, Zfp937, Zfp938, Zfp940, Zfp941, Zfp942, Zfp943, Zfp944, Zfp945, Zfp946, Zfp947, Zfp948, Zfp949, Zfp950, Zfp951, Zfp952, Zfp954, Zfp955a, Zfp955b, Zfp956, Zfp958, Zfp959, Zfp960, Zfp961, Zfp963, Zfp964, Zfp966, Zfp97, Zfp970, Zfp971, Zfp973, Zfp974, Zfp975, Zfp976, Zfp977, Zfp979, Zfp980, Zfp981, Zfp982, Zfp983, Zfp984, Zfp985, Zfp987, Zfp988, Zfp989, Zfp990, Zfp991, Zfp992, Zfp994, Zfp995, Zfp998, Zfpm1, Zfpm2, Zfta, Zfx, Zfy1, Zfy2, Zfyve28, Zglp1, Zgpat, Zhx1, Zhx2, Zhx3, Zic1, Zic2, Zic3, Zic4, Zic5, Zik1, Zim1, Zkscan1, Zkscan14, Zkscan16, Zkscan17, Zkscan2, Zkscan3, Zkscan4, Zkscan5, Zkscan6, Zkscan7, Zkscan8, Zmiz1, Zmiz2, Zmpste24, Zmym2, Zmym5, Zmynd11, Zmynd15, Zmynd8, Znfx1, Znhit1, Zp3, Zp3r, Zpbp2, Zpr1, Zranb3, Zscan10, Zscan12, Zscan2, Zscan20, Zscan21, Zscan22, Zscan25, Zscan26, Zscan29, Zscan4-ps1, Zscan4-ps2, Zscan4-ps3, Zscan4b, Zscan4c, Zscan4d, Zscan4e, Zscan4f, Zscan5b, Zswim8, Zxdb, Zxdc, Zyg11b, Zzef1, Zzz3
GO:0034654	nucleobase-containing compound biosynthetic process	4655	116	67.81	1.5e-09	1.287e-6	2010315B03Rik, 2610008E11Rik, 2610021A01Rik, 2810021J22Rik, 4930402K13Rik, 4930447C04Rik, 4930480E11Rik, 4930522L14Rik, 5730507C01Rik, A1cf, A430033K04Rik, A630001G21Rik, Aamdc, Aar2, Aars1, Aatf, Abcc9, Abcg4, Abhd14b, Ablim1, Ablim2, Ablim3, Abra, Abt1, Acaca, Acacb, Acat1, Acd, Acin1, Acly, Acod1, Acot7, Acsl1, Acsl4, Acsl5, Acsl6, Acss1, Acss2, Actb, Actl6a, Actl6b, Actn1, Actn2, Actn4, Actr2, Actr3, Actr5, Actr6, Actr8, Actrt1, Acvr1, Acvr1b, Acvr2a, Acvr2b, Acvrl1, Ada, Adad1, Adad2, Adal, Adam3, Adar, Adarb1, Adarb2, Adat1, Adat2, Adat3, Adcy1, Adcy10, Adcy2, Adcy3, Adcy4, Adcy5, Adcy6, Adcy7, Adcy8, Adcy9, Adcyap1, Adgrf1, Adgrg3, Adipoq, Adk, Adnp, Adora2a, Adora2b, Adora3, Adrb2, Adrm1, Adrm1b, Adsl, Adss1, Adss2, Aebp1, Aebp2, Aen, Afap1l2, Aff1, Aff2, Aff3, Afmid, Agap2, Ager, Ago1, Ago2, Ago3, Ago4, Agrn, Agt, Agtr2, Ahcyl1, Ahdc1, Ahi1, Ahnak, Ahnak2, Ahr, Ahrr, AI854703, AI987944, Aicda, Aim2, Aire, Ajuba, Ak1, Ak2, Ak3, Ak4, Ak5, Ak6, Ak7, Ak8, Ak9, Akap17b, Akap8l, Akirin1, Akirin2, Akna, Akr1c6, Akt1, Akt2, Aldoa, Alkbh1, Alkbh5, Alkbh8, Alx1, Alx3, Alx4, Alyref, Alyref2, Ambra1, Amdhd2, Amot, Amotl2, Ampd1, Ampd2, Ampd3, Ang, Ang2, Ang3, Ang4, Ang5, Ang6, Angel2, Ankrd1, Ankrd16, Ankrd2, Ankrd23, Ankrd42, Ankrd49, Antkmt, Anxa2, Anxa3, Anxa4, Ap3b1, Ap3d1, Apbb1, Apbb2, Apbb3, Apex1, Apln, Apobec1, Apobec2, Apobec3, Apobec4, Apoe, App, Aprt, Aqr, Ar, Arap1, Arb2a, Arf4, Arglu1, Arhgef11, Arhgef2, Arhgef5, Arid1a, Arid1b, Arid2, Arid3a, Arid3b, Arid3c, Arid4a, Arid4b, Arid5a, Arid5b, Arl2bp, Arl6ip4, Armc7, Armcx3, Arnt, Arnt2, Arrb1, Arrb2, Arvcf, Arx, Ascc1, Ascc2, Ascl1, Ascl2, Ascl3, Ascl4, Ascl5, Ash1l, Ash2l, Aspdh, Asph, Asxl1, Asxl2, Asxl3, Atad2, Atad2b, Atf1, Atf1-ps, Atf2, Atf3, Atf4, Atf5, Atf6, Atf6b, Atf7, Atf7ip, Atf7ip2, Atg16l1, Atg16l2, Atg5, Atg5lrt, Atg7, Atic, Atm, Atmin, Atn1, Atoh1, Atoh7, Atoh8, Atp1b4, Atp2b4, Atp5f1a, Atp5f1b, Atp5f1c, Atp5f1d, Atp5f1e, Atp5if1, Atp5mc1, Atp5mc2, Atp5mc3, Atp5me, Atp5mf, Atp5mg, Atp5pb, Atp5pd, Atp5pf, Atp5po, Atp6-ps, Atp6v1a, Atp8b1, Atpsckmt, Atr, Atrx, Atxn1, Atxn1l, Atxn7, Atxn7l3, AU041133, Aurkb, Auts2, AW146154, Axin1, Aym1, B020011L13Rik, B3gntl1, Bach1, Bach2, Bahd1, Bambi, Banp, Bap1, Barhl1, Barhl2, Barx1, Barx2, Basp1, Batf, Batf2, Batf3, Baz1a, Baz1b, Baz2a, Bbs7, Bbx, BC005624, BC024063, Bcas2, Bcas3, Bcdin3d, Bckdk, Bcl10, Bcl11a, Bcl11b, Bcl2l1, Bcl2l12, Bcl3, Bcl6, Bcl6b, Bcl7a, Bcl7b, Bcl7c, Bcl9, Bcl9l, Bclaf1, Bclaf3, Bcor, Bcorl1, Bdnf, Bdp1, Bend3, Bend5, Bend6, Bex2, Bhlha15, Bhlha9, Bhlhe22, Bhlhe23, Bhlhe40, Bhlhe41, Bicra, Bicral, Bin1, Birc2, Birc5, Blm, Bloc1s2, Bmal1, Bmal2, Bmi1, Bmp10, Bmp15, Bmp2, Bmp3, Bmp4, Bmp5, Bmp6, Bmp7, Bmpr1a, Bmpr1b, Bmpr2, Bms1, Bmyc, Bnc1, Bnc2, Bop1, Bptf, Brca1, Brca2, Brd1, Brd2, Brd3, Brd4, Brd7, Brd8, Brd9, Brdt, Brf1, Brf2, Brip1, Brix1, Brms1, Brms1l, Brpf1, Brpf3, Brwd1, Brwd3, Bsx, Btaf1, Btbd18, Btg2, Btrc, Bud13, Bud23, Bud31, Bysl, C1d, C1qbp, C3ar1, C5ar1, Cactin, Cad, Calcoco1, Calr, Camk1, Camk1d, Camk2a, Camk2d, Camk4, Camta1, Camta2, Cand1, Capn3, Caprin2, Card11, Card14, Card9, Carf, Carm1, Casc3, Cask, Casp8ap2, Casz1, Cat, Cav1, Cavin1, Cavin2, Cavin4, Cbfa2t2, Cbfa2t3, Cbfb, Cbll1, Cbx1, Cbx2, Cbx3, Cbx4, Cbx5, Cbx6, Cbx7, Cbx8, Cby1, Cc2d1a, Cc2d1b, Ccar1, Ccar2, Ccdc124, Ccdc62, Ccdc85b, Ccl3, Ccn1, Ccn2, Ccna2, Ccnb1, Ccnc, Ccnd1, Ccnd3, Ccne1, Ccnh, Ccnk, Ccnl1, Ccnl2, Ccnq, Ccnt1, Ccnt2, Ccpg1, Cct2, Cct3, Cct4, Cct5, Cct6a, Cct7, Cct8, Cd200, Cd274, Cd28, Cd2bp2, Cd36, Cd38, Cd4, Cd40, Cd40lg, Cd74, Cd81, Cd84, Cda, Cdc14a, Cdc14b, Cdc40, Cdc5l, Cdc5lrt1, Cdc5lrt10, Cdc5lrt4, Cdc5lrt5, Cdc5lrt6, Cdc5lrt7, Cdc5lrt8, Cdc5lrt9, Cdc73, Cdca7, Cdca7l, Cdh1, Cdh13, Cdk1, Cdk11b, Cdk12, Cdk13, Cdk2, Cdk2ap1, Cdk2ap1rt, Cdk5, Cdk5r1, Cdk5rap1, Cdk5rap2, Cdk5rap3, Cdk6, Cdk7, Cdk8, Cdk9, Cdkal1, Cdkn1a, Cdkn1b, Cdkn1c, Cdkn2a, Cdkn2d, Cdkn3, Cdon, Cdx1, Cdx2, Cdx4, Cdyl, Cebpa, Cebpb, Cebpd, Cebpe, Cebpg, Cebpz, Cela1, Celf1, Celf2, Celf3, Celf4, Celf5, Celf6, Celsr2, Cenatac, Cenpf, Cenpk, Cep290, Ces1d, Cflar, Cggbp1, Chaserr, Chchd2, Chchd2-ps, Chd3, Chd4, Chd5, Chd6, Chd7, Chd8, Chek1, Chek2, Cherp, Chp1, Chp2, Chrac1, Chtf18, Chtf8, Chuk, Churc1, Ciao1, Ciart, Cib1, Cic, Ciita, Cipc, Cir1, Cirbp, Cited1, Cited2, Cited4, Ckap2, Cks1b, Cks2, Clasrp, Clec7a, Clk1, Clk2, Clk3, Clk4, Clns1a, Clock, Clp1, Clu, Cmas, Cmklr1, Cmpk1, Cmpk2, Cmtm2a, Cmtr1, Cmtr2, Cnbp, Cnot1, Cnot2, Cnot3, Cnot6, Cnot6l, Cnot7, Cnot9, Coasy, Coil, Col1a1, Col4a2, Commd1, Commd6, Commd7, Cops2, Cops5, Coq7, Cox11, Cpap, Cpeb1, Cpeb3, Cphx1, Cpped1, Cpsf1, Cpsf2, Cpsf3, Cpsf4, Cpsf6, Cpsf7, Crcp, Creb1, Creb3, Creb3l1, Creb3l2, Creb3l3, Creb3l4, Creb5, Crebbp, Crebl2, Crebrf, Crebzf, Creg1, Crem, Crhr2, Cript, Cripto, Crlf3, Crnkl1, Crnn, Crtc1, Crtc2, Crtc3, Crx, Crxos, Cry1, Cry2, Cryab, Crym, Csdc2, Csf2, Csf3, Csrnp1, Csrnp2, Csrnp3, Csrp3, Cstf1, Cstf2, Cstf2t, Cstf3, Ctbp1, Ctbp2, Ctc1, Ctcf, Ctcfl, Ctdnep1, Ctdp1, Ctdsp1, Ctdsp2, Ctdspl, Ctdspl2, Cth, Ctnnb1, Ctnnbip1, Ctnnbl1, Ctps1, Ctps2, Ctr9, Ctu1, Ctu2, Cul3, Cux1, Cux2, Cwc15, Cwc22, Cwc22rt1, Cwc22rt2, Cwc22rt3, Cwc22rt4, Cwc22rt5, Cwc22rt6, Cwc22rt7, Cwc25, Cwf19l1, Cwf19l2, Cx3cl1, Cxcr3, Cxxc1, Cxxc5, Cyld, Cyp1b1, Cys1, Cytl1, D1Pas1, Dab2, Dab2ip, Dach1, Dach2, Dact1, Dalrd3, Dap, Daxx, Dazap1, Dbp, Dbr1, Dbx1, Dbx2, Dcaf1, Dcaf13, Dcaf6, Dcakd, Dck, Dcn, Dcp1a, Dcp2, Dcps, Dctd, Ddit3, Ddn, Ddr2, Ddrgk1, Ddx1, Ddx10, Ddx11, Ddx17, Ddx18, Ddx20, Ddx21, Ddx23, Ddx27, Ddx39a, Ddx39b, Ddx3x, Ddx4, Ddx41, Ddx42, Ddx46, Ddx47, Ddx49, Ddx5, Ddx51, Ddx52, Ddx54, Ddx56, Deaf1, Dedd, Dek, Depdc1a, Dgcr8, Dgkq, Dguok, Dhodh, Dhrs7b, Dhx15, Dhx16, Dhx33, Dhx36, Dhx37, Dhx38, Dhx40, Dhx8, Dhx9, Dicer1, Dido1, Dimt1, Dip2a, Dis3, Dis3l, Dkc1, Dkk1, Dkk3, Dlat, Dld, Dlg1, Dll1, Dll4, Dlx1, Dlx2, Dlx3, Dlx4, Dlx5, Dlx6, Dlx6os1, Dmac2l, Dmap1, Dmbx1, Dmd, Dmrt1, Dmrt2, Dmrt3, Dmrta1, Dmrta2, Dmrtb1, Dmrtc2, Dmtf1, Dmtf1l, Dnaja3, Dnajb1, Dnajb4, Dnajb5, Dnajb6, Dnajc17, Dnajc2, Dnajc30, Dnmt1, Dnmt3a, Dnmt3b, Dnmt3l, Dnph1, Dntt, Dnttip2, Dot1l, Dpf1, Dpf2, Dpf3, Dph3, Dpy30, Dr1, Drap1, Drd2, Drd3, Drgx, Drosha, Dscc1, Dtl, Dtwd1, Dtwd2, Dtx3l, Dtymk, Dubr, Dus1l, Dus2, Dus3l, Dus4l, Dusp1, Dusp10, Dusp12, Dusp13a, Dusp13b, Dusp14, Dusp15, Dusp18, Dusp19, Dusp2, Dusp21, Dusp22, Dusp23, Dusp26, Dusp28, Dusp29, Dusp3, Dusp4, Dusp5, Dusp6, Dusp7, Dusp8, Dut, Duxbl1, Duxf3, Duxf4, Dvl1, Dvl2, Dvl3, Dyrk1a, Dyrk1b, E130311K13Rik, E230001N04Rik, E2f1, E2f2, E2f3, E2f4, E2f5, E2f6, E2f7, E2f8, E4f1, Eaf1, Eaf2, Eapp, Ebf1, Ebf2, Ebf3, Ebf4, Ebna1bp2, Ecd, Ecm1, Ecsit, Edf1, Edn1, Ednrb, Edrf1, Eed, Eef1d, Efcab7, Efemp1, Efna1, Eftud2, Egf, Egfr, Egln1, Egr1, Egr2, Egr3, Egr4, Ehf, Ehmt1, Ehmt2, Eid1, Eid2, Eid2b, Eif1, Eif2ak2, Eif2ak3, Eif2ak4, Eif4a1, Eif4a3, Eif4a3l1, Eif4a3l2, Eif6, Elac1, Elac2, Elane, Elavl4, Elf1, Elf2, Elf3, Elf4, Elf5, Elk1, Elk3, Elk4, Ell, Ell2, Ell3, Eloa, Elob, Eloc, Elof1, Elovl1, Elovl3, Elovl4, Elovl5, Elovl6, Elovl7, Elp1, Elp2, Elp3, Elp4, Elp5, Elp6, Emg1, Emsy, Emx1, Emx2, En1, En2, Eng, Eno1, Eno1b, Enpp1, Entpd1, Entpd8, Eny2, Eomes, Ep300, Ep400, Epas1, Epc1, Epc2, Epcam, Epha5, Epm2a, Epo, Epop, Erbb2, Erbb4, Erbin, Erc1, Ercc1, Ercc2, Ercc3, Ercc6, Ereg, Erf, Erfl, Erg, Eri1, Ern1, Ern2, Esf1, Esr1, Esr2, Esrp1, Esrp2, Esrra, Esrrb, Esrrg, Ess2, Esx1, Ets1, Ets2, Etv1, Etv2, Etv3, Etv3l, Etv4, Etv5, Etv6, Evx1, Evx2, Ewsr1, Exd1, Exosc1, Exosc10, Exosc2, Exosc3, Exosc4, Exosc5, Exosc6, Exosc7, Exosc8, Exosc9, Eya1, Ezh1, Ezh2, Ezr, F2r, F2rl1, Faap20, Fabp4, Fadd, Fam170a, Fam220a, Fam3a, Fam47c, Fam47e, Fam50a, Fanca, Fancd2, Fank1, Fars2, Fasl, Fastk, Fastkd1, Fastkd2, Fastkd3, Fastkd5, Fbl, Fbll1, Fbln5, Fbp1, Fbxl19, Fbxl2, Fbxo24, Fbxo4, Fbxw11, Fcf1, Fcgr2b, Fcor, Fcsk, Fdxacb1, Fer, Ferd3l, Fev, Fezf1, Fezf2, Fgf1, Fgf10, Fgf2, Fgf23, Fgf4, Fgf7, Fgf9, Fgfr1, Fgfr2, Fgfr3, Fgfr4, Fhl2, Fhl5, Fhod1, Figla, Fip1l1, Fiz1, Fkbp10, Fkbp11, Fkbp14, Fkbp1a, Fkbp1b, Fkbp2, Fkbp3, Fkbp4, Fkbp5, Fkbp6, Fkbp7, Fkbp8, Fkbp9, Flad1, Flcn, Fli1, Flna, Flt3l, Flywch1, Fmr1, Fnip1, Fnip2, Fos, Fosb, Fosl1, Fosl2, Foxa1, Foxa2, Foxa3, Foxb1, Foxb2, Foxc1, Foxc2, Foxd1, Foxd2, Foxd3, Foxd4, Foxe1, Foxe3, Foxf1, Foxf2, Foxg1, Foxh1, Foxi1, Foxi2, Foxi3, Foxj1, Foxj2, Foxj3, Foxk1, Foxk2, Foxl1, Foxl2, Foxl3, Foxm1, Foxn1, Foxn2, Foxn3, Foxn4, Foxo1, Foxo3, Foxo4, Foxo6, Foxp1, Foxp2, Foxp3, Foxp4, Foxq1, Foxr1, Foxr2, Foxs1, Fpgt, Fra10ac1, Frg1, Frk, Fst, Fstl3, Fto, Ftsj1, Ftsj3, Ftx, Fubp1, Fubp3, Fuom, Fus, Fzd1, Fzd2, Fzd4, Fzd5, Fzd6, Fzd7, G6pdx, Gabpa, Gabpb1, Gabpb2, Gadd45a, Gal, Galr1, Galr2, Galr3, Gar1, Gars1, Gart, Gas6, Gata1, Gata2, Gata3, Gata4, Gata5, Gata6, Gatad1, Gatad2a, Gatad2b, Gbp4, Gbx1, Gbx2, Gcdh, Gcfc2, Gch1, Gclc, Gcm1, Gcm2, Gdf2, Gdf6, Gdf7, Gdnf, Gemin2, Gemin4, Gemin5, Gemin6, Gemin6-ps, Gemin7, Gemin8, Gfer, Gfi1, Gfi1b, Gfpt1, Gfpt2, Gfus, Ghrh, Gja1, Gli1, Gli2, Gli3, Glis1, Glis2, Glis3, Glmp, Glo1, Glp1r, Glrp1, Glyr1, Gm10033, Gm12258, Gm14295, Gm14322, Gm14325, Gm14391, Gm14399, Gm14401, Gm14403, Gm14412, Gm14418, Gm14434, Gm14443, Gm14444, Gm15446, Gm17067, Gm17655, Gm19965, Gm20737, Gm20738, Gm20747, Gm20773, Gm20795, Gm20806, Gm20807, Gm20808, Gm20812, Gm20815, Gm20816, Gm20818, Gm20821, Gm20822, Gm20825, Gm20826, Gm20830, Gm20834, Gm20852, Gm20854, Gm20865, Gm20873, Gm20914, Gm20917, Gm20918, Gm21118, Gm21292, Gm21310, Gm21394, Gm21719, Gm21778, Gm21812, Gm21854, Gm2381, Gm28171, Gm32687, Gm35315, Gm3604, Gm4275, Gm45871, Gm4767, Gm4924, Gm5141, Gm614, Gm6871, Gm7072, Gm7324, Gmcl1, Gmds, Gmeb1, Gmeb2, Gmnn, Gmppa, Gmppb, Gmpr, Gmpr2, Gmps, Gnas, Gne, Gnl3, Gnl3l, Gnpda1, Gnpda2, Gnpnat1, Gon4l, Gon7, Gpat2, Gpatch1, Gpatch3, Gpbp1, Gpbp1l1, Gper1, Gpkow, Gps2, Grem1, Grhl1, Grhl2, Grhl3, Grin1, Grm5, Grsf1, Gsc, Gsc2, Gsdmd, Gsk3a, Gsk3b, Gsx1, Gsx2, Gtdc1, Gtf2a1, Gtf2a1l, Gtf2a2, Gtf2b, Gtf2e1, Gtf2e2, Gtf2f1, Gtf2f2, Gtf2h1, Gtf2h2, Gtf2h3, Gtf2h4, Gtf2h5, Gtf2i, Gtf2ird1, Gtf3c1, Gtf3c2, Gtf3c3, Gtf3c4, Gtf3c5, Gtf3c6, Gtpbp3, Gtpbp4, Gtsf1, Guca1a, Guca1b, Gucy1a1, Gucy1b1, Gucy2c, Gucy2d, Gucy2e, Gucy2f, Gucy2g, Guk1, Gzf1, H1f2, H1f3, H1f4, H1f5, H2az1, H3c14, Haao, Habp4, Halr1, Hamp, Hand1, Hand2, Hand2os1, Has3, Havcr2, Hax1, Hba-x, Hbb-bh1, Hbb-y, Hbp1, Hcfc1, Hcfc2, Hck, Hcls1, Hdac1, Hdac10, Hdac2, Hdac3, Hdac4, Hdac5, Hdac7, Hdac9, Hdgf, Hdx, Heatr1, Helb, Helt, Helz2, Henmt1, Hes1, Hes2, Hes3, Hes5, Hes6, Hes7, Hesx1, Hexb, Hexim1, Hexim2, Hey1, Hey2, Heyl, Hgf, Hhex, Hic1, Hic2, Hif1a, Hif1an, Hif3a, Hinfp, Hint1, Hipk1, Hipk2, Hipk3, Hira, Hivep1, Hivep2, Hivep3, Hjv, Hk1, Hlf, Hltf, Hlx, Hmbox1, Hmg20a, Hmg20b, Hmga1, Hmga1b, Hmga2, Hmgb1, Hmgb2, Hmgb4, Hmgn1, Hmgn2, Hmgn3, Hmgn5, Hmox1, Hmx1, Hmx2, Hmx3, Hnf1a, Hnf1b, Hnf4a, Hnf4g, Hnrnpa1, Hnrnpa2b1, Hnrnpa3, Hnrnpab, Hnrnpc, Hnrnpd, Hnrnpf, Hnrnph1, Hnrnph2, Hnrnph3, Hnrnpk, Hnrnpl, Hnrnpll, Hnrnpm, Hnrnpu, Hnrnpul1, Hnrnpul2, Homez, Hopx, Hoxa1, Hoxa10, Hoxa11, Hoxa11os, Hoxa13, Hoxa2, Hoxa3, Hoxa4, Hoxa5, Hoxa6, Hoxa7, Hoxa9, Hoxb1, Hoxb13, Hoxb2, Hoxb3, Hoxb4, Hoxb5, Hoxb6, Hoxb7, Hoxb8, Hoxb9, Hoxc10, Hoxc11, Hoxc12, Hoxc13, Hoxc4, Hoxc5, Hoxc6, Hoxc8, Hoxc9, Hoxd1, Hoxd10, Hoxd11, Hoxd12, Hoxd13, Hoxd3, Hoxd4, Hoxd8, Hoxd9, Hp1bp3, Hprt1, Hr, Hras, Hrob, Hsbp1, Hsbp1l1, Hsd17b10, Hsf1, Hsf2, Hsf3, Hsf4, Hsf5, Hsp90aa1, Hsp90ab1, Hspa1a, Hspa1b, Hspa8, Htatip2, Htatsf1, Htr2a, Hyal2, Ice1, Ice2, Id1, Id2, Id3, Id4, Idh2, Ido1, Ido2, Ier2, Ier5, Ifi203, Ifi203-ps, Ifi204, Ifi206, Ifi207, Ifi208, Ifi209, Ifi213, Ifi214, Ifi27, Ifnar1, Ifnar2, Ifnb1, Ifng, Ifnk, Ifrd1, Ift172, Ift74, Igbp1, Igf1, Igf1r, Igf2, Ighmbp2, Igsf1, Ihh, Ik, Ikbkb, Ikbke, Ikbkg, Ikzf1, Ikzf2, Ikzf3, Ikzf4, Ikzf5, Il10, Il11, Il13, Il17a, Il17f, Il18, Il18r1, Il18rap, Il1a, Il1b, Il1rap, Il2, Il22, Il23a, Il25, Il33, Il4, Il4i1, Il4i1b, Il5, Il6, Ildr1, Ildr2, Ilf2, Ilf3, Ilk, Ilkap, Imp3, Imp4, Impact, Impdh1, Impdh2, Impdh2-ps, Ing1, Ing2, Ing3, Ing4, Ing5, Inhba, Ino80, Ino80b, Ino80c, Ino80d, Ino80e, Inpp5k, Ins1, Ins2, Insm1, Insm2, Insr, Ints1, Ints10, Ints11, Ints12, Ints14, Ints2, Ints3, Ints4, Ints5, Ints6, Ints6l, Ints7, Ints8, Ints9, Ippk, Iqce, Irak1, Irak2, Irak3, Irf1, Irf2, Irf2bp1, Irf2bp2, Irf2bpl, Irf3, Irf4, Irf5, Irf6, Irf7, Irf8, Irf9, Irx1, Irx2, Irx3, Irx4, Irx5, Irx6, Isg20, Isg20l2, Isl1, Isl2, Isx, Isy1, Itch, Itga6, Itga8, Itgb1bp1, Itgb3bp, Ivns1abp, Iws1, Jade1, Jade2, Jade3, Jag1, Jak2, Jak3, Jarid2, Jazf1, Jdp2, Jmjd1c, Jmjd6, Jmy, Jph2, Jpx, Jun, Junb, Jund, Jup, Kank2, Kansl1, Kansl2, Kansl3, Kars1, Kat14, Kat2a, Kat2b, Kat5, Kat6a, Kat6b, Kat7, Kat8, Kcnh2, Kcnip3, Kcnk2, Kctd1, Kctd15, Kdm1a, Kdm1b, Kdm2a, Kdm2b, Kdm3a, Kdm3b, Kdm4a, Kdm4c, Kdm5a, Kdm5b, Kdm5c, Kdm5d, Kdm6a, Kdm6b, Kdm7a, Kdm8, Keap1, Khdc4, Khdrbs1, Khdrbs2, Khdrbs3, Khsrp, Kin, Kit, Klf1, Klf10, Klf11, Klf12, Klf13, Klf14, Klf15, Klf16, Klf17, Klf2, Klf3, Klf4, Klf5, Klf6, Klf7, Klf8, Klf9, Kmo, Kmt2a, Kmt2b, Kmt2c, Kmt2d, Kmt2e, Kmt5a, Kpna6, Kri1, Krr1, Kti12, Kynu, L3mbtl1, L3mbtl2, L3mbtl3, L3mbtl4, Lage3, Lamtor5, Lancl2, Larp6, Larp7, Larp7-ps, Las1l, Lbh, Lbx1, Lbx2, Lcmt2, Lcor, Lcorl, Ldb1, Ldb2, Ldhc, Ldhd, Lef1, Lefty1, Leo1, Lep, Lgals3, Lhx1, Lhx2, Lhx3, Lhx4, Lhx5, Lhx6, Lhx8, Lhx9, Lif, Lig1, Lig3, Lig4, Lilrb4a, Lilrb4b, Limd1, Lime1, Lims1, Lin28a, Lin28b, Lin37, Lin52, Lin54, Lin9, Lipa, Lipe, Litaf, Lmcd1, Lmntd2, Lmo1, Lmo2, Lmo3, Lmo4, Lmo7, Lmx1a, Lmx1b, Lox, Loxl2, Loxl3, Lpar5, Lpin1, Lpin2, Lpin3, Lrif1, Lrp5, Lrp6, Lrrc14, Lrrfip1, Lrrfip2, Lsm1, Lsm10, Lsm11, Lsm2, Lsm3, Lsm4, Lsm5, Lsm6, Lsm7, Lsm8, Ltf, Luc7l, Luc7l2, Luc7l3, Lum, Lyar, Lyl1, M1ap, Macc1, Macroh2a1, Macroh2a2, Mad2l2, Mael, Maf, Maf1, Mafa, Mafb, Maff, Mafg, Mafk, Magea1, Magea10, Magea13, Magea14, Magea2, Magea3, Magea4, Magea5, Magea6, Magea8, Magea9, Mageb11, Mageb16, Mageb18, Mageb2, Mageb3, Mageb4, Mageb5, Mageb5b, Mageb6b1, Magec2, Maged1, Maged2, Magee1, Magee2, Mageh1, Magel2, Magoh, Magohb, Mak, Mak16, Malat1, Malt1, Maml1, Maml2, Maml3, Mamld1, Mamstr, Map2k1, Map2k2, Map2k3, Map2k5, Map2k7, Map3k1, Map3k10, Map3k12, Map3k13, Map3k4, Map3k5, Mapk1, Mapk10, Mapk14, Mapk15, Mapk3, Mapk7, Mapk8, Mapk8ip1, Mapk9, Mapkapk5, Mapre3, Mars1, Mavs, Max, Maz, Mbd1, Mbd2, Mbd3, Mbd3l1, Mbd3l2, Mbip, Mblac1, Mbnl1, Mbnl2, Mbnl3, Mbtd1, Mbtps2, Mc1r, Mcf2l, Mcidas, Mcph1, Mcrs1, Mdfi, Mdfic, Mdfic2, Mdk, Mdm2, Mdm4, Meaf6, Mecom, Mecp2, Med1, Med10, Med11, Med12, Med12l, Med13, Med13l, Med14, Med15, Med16, Med17, Med18, Med19, Med20, Med21, Med22, Med23, Med24, Med25, Med26, Med27, Med28, Med29, Med30, Med31, Med4, Med6, Med7, Med8, Med9, Mef2a, Mef2b, Mef2c, Mef2d, Meiosin, Meis1, Meis2, Meis3, Men1, Meox1, Meox2, Mepce, Mesp1, Mesp2, Met, Mettl1, Mettl13, Mettl14, Mettl15, Mettl16, Mettl18, Mettl2, Mettl23, Mettl3, Mettl4, Mettl5, Mettl6, Mettl8, Mfap1a, Mfap1b, Mga, Mical2, Mid2, Mideas, Mier1, Mier2, Mier3, Mir103-1, Mir103-2, Mir143, Mir205hg, Mir466d, Mir466l, Mir7-1, Mir744, Mitf, Mixl1, Mkrn2, Mkx, Mlf1, Mlf2, Mlip, Mllt1, Mllt10, Mllt11, Mllt3, Mllt6, Mlx, Mlxip, Mlxipl, Mlycd, Mmp12, Mms19, Mmut, Mn1, Mnat1, Mndal, Mnt, Mnx1, Mocs3, Morc1, Morc2a, Morc2b, Morc3, Morf4l1, Morf4l2, Mospd1, Mov10l1, Mpc1, Mpc2, Mphosph10, Mphosph6, Mphosph8, Mpi, Mrgbp, Mrm1, Mrm2, Mrm3, Mrpl12, Mrpl44, Mrtfa, Mrtfb, Mrto4, Msantd1, Msc, Msgn1, Msl1, Msl2, Msl3, Mstn, Msx1, Msx2, Msx3, mt-Atp6, mt-Atp8, mt-Nd1, mt-Nd2, mt-Nd3, mt-Nd4, mt-Nd4l, mt-Nd5, mt-Nd6, Mt3, Mta1, Mta2, Mta3, Mtap, Mtdh, Mterf1a, Mterf1b, Mterf2, Mterf3, Mterf4, Mtf1, Mtfmt, Mthfd1, Mthfd2l, Mto1, Mtor, Mtpap, Mtpn, Mtres1, Mtrex, Mturn, Muc1, Mup1, Mup11, Mup2, Mup3, Mup4, Mup5, Musk, Mxd1, Mxd3, Mxd4, Mxi1, Myb, Mybbp1a, Mybl1, Mybl2, Myc, Mycbp, Mycl, Mycn, Mycs, Myd88, Mydgf, Myef2, Myf5, Myf6, Myg1, Mynn, Myo1c, Myocd, Myod1, Myog, Myoz1, Myoz2, Mypop, Myrf, Myrfl, Mysm1, Myt1, Myt1l, Mzf1, N4bp2l2, N6amt1, Naa15, Nab1, Nab2, Nacc1, Nacc2, Nadk, Nadk2, Nadsyn1, Naf1, Nampt, Nanog, Nanp, Nans, Naprt, Nat10, Ncapg2, Ncbp1, Ncbp2, Ncbp3, Nck1, Nck2, Ncl, Ncoa1, Ncoa2, Ncoa3, Ncoa6, Ncoa7, Ncor1, Ncor2, Ndn, Ndp, Ndufa1, Ndufa10, Ndufa11, Ndufa12, Ndufa13, Ndufa2, Ndufa3, Ndufa5, Ndufa6, Ndufa7, Ndufa8, Ndufa9, Ndufab1, Ndufb1, Ndufb10, Ndufb11, Ndufb2, Ndufb3, Ndufb4, Ndufb5, Ndufb6, Ndufb7, Ndufb8, Ndufb9, Ndufc1, Ndufc2, Ndufs1, Ndufs2, Ndufs3, Ndufs4, Ndufs5, Ndufs6, Ndufs7, Ndufs8, Ndufv1, Ndufv2, Ndufv3, Nedd4, Nedd8, Nek2, Nek4, Nek7, Nelfa, Nelfb, Nelfcd, Nelfe, Neo1, Nepn, Neurod1, Neurod2, Neurod4, Neurod6, Neurog1, Neurog2, Neurog3, Nfat5, Nfatc1, Nfatc2, Nfatc2ip, Nfatc3, Nfatc4, Nfe2, Nfe2l1, Nfe2l2, Nfe2l3, Nfia, Nfib, Nfic, Nfil3, Nfilz, Nfix, Nfkb1, Nfkb2, Nfkbia, Nfkbid, Nfkbie, Nfkbil1, Nfkbiz, Nfrkb, Nfx1, Nfxl1, Nfya, Nfyb, Nfyc, Ngdn, Ngf, Ngfr, Nhlh1, Nhlh2, Nhp2, Niban2, Nif3l1, Nipbl, Nkap, Nkrf, Nktr, Nkx1-1, Nkx1-2, Nkx2-1, Nkx2-2, Nkx2-3, Nkx2-4, Nkx2-5, Nkx2-6, Nkx2-9, Nkx3-1, Nkx3-2, Nkx6-1, Nkx6-2, Nkx6-3, Nlk, Nlrc3, Nlrc4, Nlrc5, Nlrp12, Nlrp3, Nmd3, Nme1, Nme2, Nme3, Nme4, Nme5, Nme6, Nme7, Nme9, Nmnat1, Nmnat2, Nmnat3, Nmrk1, Nmrk2, Nob1, Nobox, Noc2l, Nod1, Nod2, Nodal, Nog, Nol10, Nol11, Nol3, Nol6, Nol7, Nol8, Nol9, Nolc1, Nono, Nop10, Nop14, Nop2, Nop53, Nop9, Nos1, Nos3, Nostrin, Notch1, Notch2, Notch3, Notch4, Noto, Nova1, Nova2, Nox4, Npas1, Npas2, Npas3, Npas4, Npat, Npm1, Npm3, Npnt, Nppa, Nppb, Nppc, Npr1, Npr2, Nr0b1, Nr0b2, Nr1d1, Nr1d2, Nr1h2, Nr1h3, Nr1h4, Nr1h5, Nr1i2, Nr1i3, Nr2c1, Nr2c2, Nr2e1, Nr2e3, Nr2f1, Nr2f2, Nr2f6, Nr3c1, Nr3c2, Nr4a1, Nr4a2, Nr4a3, Nr5a1, Nr5a2, Nr6a1, Nrarp, Nrbf2, Nrde2, Nrf1, Nrg1, Nrip1, Nrip2, Nrl, Nsa2, Nscme3l, Nsd1, Nsd2, Nsd3, Nsmce3, Nsrp1, Nsun2, Nsun3, Nsun4, Nsun5, Nsun6, Nt5e, Ntf3, Ntn3, Ntrk1, Nts, Nucks1, Nudt16, Nudt2, Nudt21, Nufip1, Nup155, Nup62, Nup85, Nup98, Nupr1, Nupr2, Nvl, Nwd1, Oas1a, Oasl2, Obi1, Obox1, Obox2, Obox3, Obox4, Obox5, Obox6, Obox7, Obox8, Ogg1, Ogt, Olig1, Olig2, Olig3, Onecut1, Onecut2, Onecut3, Oog1, Oog2, Oog3, Osgep, Osgepl1, Osm, Osr1, Osr2, Otp, Otud7b, Otulin, Otx1, Otx2, Ovol1, Ovol2, Ovol3, P2rx2, P2ry1, Pa2g4, Pabpc1, Pabpc1l, Pabpc2, Pabpn1, Padi2, Paf1, Pagr1a, Paics, Pak1ip1, Pak3, Pam, Pam16, Pan2, Pan3, Pank1, Pank2, Pank3, Pank4, Papola, Papolb, Papolg, Papss1, Papss2, Park7, Parn, Parp1, Parp10, Parp9, Pasd1, Pask, Patz1, Pawr, Pax1, Pax2, Pax3, Pax4, Pax5, Pax6, Pax7, Pax8, Pax9, Paxbp1, Paxip1, Pbrm1, Pbx1, Pbx2, Pbx3, Pbx4, Pbxip1, Pcbd1, Pcbd2, Pcbp1, Pcbp2, Pcbp3, Pcbp4, Pcf11, Pcgf1, Pcgf2, Pcgf3, Pcgf5, Pcgf6, Pcid2, Pcif1, Pck1, Pclaf, Pcna, Pdcd11, Pdcd4, Pdcd7, Pde12, Pde2a, Pdgfb, Pdgfrb, Pdha1, Pdha2, Pdhb, Pdhx, Pdk1, Pdk2, Pdk3, Pdk4, Pdlim1, Pdx1, Pdxp, Peg3, Peli1, Pelp1, Per1, Per2, Per3, Perm1, Pes1, Pex14, Pf4, Pfas, Pfdn5, Pfkm, Pfn1, Pgam5, Pgm2, Pgm3, Pgr, Phb1, Phb2, Phc1, Phc2, Phc3, Phf10, Phf12, Phf14, Phf19, Phf2, Phf20, Phf20l1, Phf21a, Phf3, Phf5a, Phf6, Phf8, Phip, Phlpp1, Phlpp2, Phox2a, Phox2b, Phrf1, Pias1, Pias2, Pias3, Pias4, Picalm, Pid1, Pif1, Pih1d1, Pih1d2, Pik3r1, Pik3r2, Pim1, Pim2, Pin1, Pin1rt1, Pin4, Pink1, Pinx1, Pithd1, Pitx1, Pitx2, Pitx3, Piwil1, Piwil2, Piwil4, Pkd1, Pkd2, Pkhd1, Pkia, Pkib, Pkig, Pkm, Pkn1, Pknox1, Pknox2, Pkp1, Pla2g10, Plac8, Plag1, Plagl1, Plagl2, Platr25, Plcb1, Plcg2, Pld6, Plk1, Plk3, Plpp3, Plrg1, Plscr1, Pmf1, Pml, Pmm1, Pmm2, Pnkp, Pnldc1, Pnn, Pnp, Pnp2, Pnpt1, Pogk, Pogz, Pola1, Pola2, Polb, Pold1, Pold2, Pold3, Pold4, Poldip2, Pole, Pole2, Pole3, Polg, Polg2, Polh, Poli, Polk, Poll, Polm, Poln, Polq, Polr1a, Polr1b, Polr1c, Polr1d, Polr1e, Polr1f, Polr1g, Polr1h, Polr2a, Polr2b, Polr2c, Polr2d, Polr2e, Polr2f, Polr2g, Polr2h, Polr2i, Polr2j, Polr2k, Polr2l, Polr2m, Polr3a, Polr3b, Polr3c, Polr3d, Polr3e, Polr3f, Polr3g, Polr3gl, Polr3h, Polr3k, Polrmt, Pomc, Pop1, Pop4, Pop5, Pop7, Pot1a, Pot1b, Pou1f1, Pou2af1, Pou2af2, Pou2af3, Pou2f1, Pou2f2, Pou2f3, Pou3f1, Pou3f2, Pou3f3, Pou3f4, Pou4f1, Pou4f2, Pou4f3, Pou5f1, Pou5f2, Pou6f1, Pou6f2, Ppan, Ppara, Ppard, Pparg, Ppargc1a, Ppargc1b, Ppat, Ppcdc, Ppcs, Ppef1, Ppef2, Pphln1, Ppia, Ppib, Ppic, Ppid, Ppie, Ppif, Ppig, Ppih, Ppil1, Ppil2, Ppil3, Ppil4, Ppm1a, Ppm1b, Ppm1d, Ppm1e, Ppm1f, Ppm1g, Ppm1h, Ppm1j, Ppm1k, Ppm1l, Ppm1m, Ppm1n, Ppp1ca, Ppp1cb, Ppp1cc, Ppp1r12a, Ppp1r13l, Ppp1r15a, Ppp1r1b, Ppp1r8, Ppp2ca, Ppp2cb, Ppp2r5b, Ppp2r5d, Ppp3ca, Ppp3cb, Ppp3cc, Ppp3r1, Ppp4c, Ppp4r2, Ppp5c, Ppp6c, Pprc1, Pptc7, Ppwd1, Pqbp1, Pramel1, Pramel7, Prdm1, Prdm10, Prdm11, Prdm12, Prdm13, Prdm14, Prdm15, Prdm16, Prdm2, Prdm4, Prdm5, Prdm6, Prdm8, Prdm9, Prdx2, Prdx3, Prdx5, Prdx6, Prdx6b, Preb, Prickle1, Prim1, Prim2, Primpol, Prkaa1, Prkaca, Prkcb, Prkch, Prkci, Prkcq, Prkcz, Prkd1, Prkd2, Prkdc, Prkn, Prkra, Prkrip1, Prl, Prl2c2, Prmt1, Prmt2, Prmt3, Prmt5, Prmt6, Prmt7, Prmt8, Prmt9, Prnp, Prop1, Prorp, Prox1, Prox2, Prpf18, Prpf19, Prpf3, Prpf31, Prpf38a, Prpf38b, Prpf39, Prpf4, Prpf40a, Prpf40b, Prpf4b, Prpf6, Prpf8, Prps1, Prps1l1, Prps1l3, Prps2, Prpsap1, Prpsap2, Prr7, Prrx1, Prrx2, Prx, Psen1, Psen2, Psip1, Psma6, Psmc3ip, Psmc5, Psmc6, Psmd10, Psmd9, Pspc1, Psrc1, Ptafr, Ptbp1, Ptbp2, Ptbp3, Ptcd1, Ptcd2, Ptch1, Pten, Ptf1a, Ptges2, Ptges3, Ptges3-ps, Ptgis, Ptgs2os, Pth, Pth2, Pthlh, Ptk2b, Ptma, Ptms, Ptov1, Ptp4a3, Ptpa, Ptpmt1, Ptpn2, Ptprc, Ptprk, Ptprn, Puf60, Pum1, Pum2, Pura, Purb, Purg, Pus1, Pus10, Pus3, Pus7, Pus7l, Pusl1, Pwp1, Pwp2, Pwwp2a, Pwwp2b, Pycard, Pygo1, Qars1, Qki, Qng1, Qprt, Qrich1, Qtrt1, Qtrt2, Rab7b, Rad21, Rad50, Rad54l2, Raf1, Rai1, Ralgapa1, Raly, Ramac, Rap2c, Rapgef3, Rara, Rarb, Rarg, Rasd1, Rasl11a, Rax, Rb1, Rbak, Rbbp4, Rbbp5, Rbbp6, Rbbp7, Rbbp8, Rbck1, Rbfa, Rbfox1, Rbfox2, Rbfox3, Rbl1, Rbl2, Rbm10, Rbm11, Rbm12, Rbm12b1, Rbm12b2, Rbm14, Rbm15, Rbm15b, Rbm17, Rbm20, Rbm22, Rbm24, Rbm25, Rbm28, Rbm3, Rbm34, Rbm38, Rbm39, Rbm4, Rbm41, Rbm42, Rbm44, Rbm47, Rbm48, Rbm4b, Rbm5, Rbm6, Rbm7, Rbm8a, Rbm8a2, Rbmx, Rbmx2, Rbmxl1, Rbmxl2, Rbmy, Rbmyf1, Rbmyf3, Rbmyf6, Rbmyf9, Rbpj, Rbpjl, Rbpms, Rbpms2, Rcl1, Rcor1, Rcor2, Rcor3, Rd3, Recql5, Rel, Rela, Relb, Reln, Reno1, Repin1, Rere, Rest, Ret, Rev1, Rev3l, Rex2, Rexo1, Rexo4, Rexo5, Rfc1, Rfc2, Rfc3, Rfc4, Rfc5, Rfk, Rfx1, Rfx2, Rfx3, Rfx4, Rfx5, Rfx6, Rfx7, Rfx8, Rfxank, Rfxap, Rgcc, Rgma, Rgmb, Rgn, Rhebl1, Rhoa, Rhog, Rhoq, Rhox1, Rhox10, Rhox11, Rhox12, Rhox13, Rhox2a, Rhox2b, Rhox2c, Rhox2d, Rhox2f, Rhox2g, Rhox2h, Rhox3a, Rhox3c, Rhox3f, Rhox3g, Rhox3h, Rhox4a, Rhox4b, Rhox4c, Rhox4d, Rhox4e, Rhox4f, Rhox4g, Rhox5, Rhox6, Rhox7a, Rhox7b, Rhox8, Rhox9, Rif1, Rigi, Ring1, Riok1, Riok2, Riok3, Riox1, Riox2, Ripk1, Ripk2, Ripk3, Ripk4, Ripply1, Ripply2, Ripply3, Rit2, Rlf, Rlim, Rnasel, Rnf10, Rnf113a1, Rnf113a2, Rnf14, Rnf141, Rnf168, Rnf187, Rnf2, Rnf20, Rnf220, Rnf25, Rnf31, Rnf4, Rnf40, Rnf6, Rnf8, Rngtt, Rnmt, Rnpc3, Rnps1, Rnu11, Rnu12, Rnu2-10, Rnu7, Ror1, Ror2, Rora, Rorb, Rorc, Rp9, Rpa1, Rpap1, Rpap2, Rpf1, Rpf2, Rpl10, Rpl10-ps3, Rpl11, Rpl14, Rpl23, Rpl26, Rpl27, Rpl35, Rpl35a, Rpl5, Rpl7, Rpl7a, Rpl7l1, Rpp14, Rpp21, Rpp25, Rpp25l, Rpp30, Rpp38, Rpp40, Rprd1a, Rprd1b, Rprd2, Rps13, Rps14, Rps15, Rps16, Rps17, Rps19, Rps21, Rps24, Rps25, Rps26, Rps27, Rps27rt, Rps28, Rps3, Rps6, Rps6-ps4, Rps6ka1, Rps6ka3, Rps6ka4, Rps6ka5, Rps7, Rps8, Rptor, Rpusd1, Rpusd2, Rpusd3, Rpusd4, Rreb1, Rrm1, Rrm2, Rrm2b, Rrn3, Rrp1, Rrp15, Rrp1b, Rrp36, Rrp7a, Rrp8, Rrp9, Rrs1, Rsf1, Rsl1, Rslcan18, Rsrc1, Rsrp1, Rtca, Rtcb, Rtf1, Rtkn2, Rtraf, Runx1, Runx1t1, Runx2, Runx3, Ruvbl1, Ruvbl2, Rwdd1, Rwdd3, Rxra, Rxrb, Rxrg, Rybp, Rybp-ps, S100a1, S100a10, S1pr1, Safb, Safb2, Sall1, Sall2, Sall3, Sall4, Samd1, Samd11, Samd7, Sap130, Sap18, Sap18b, Sap25, Sap30, Sap30bp, Sap30l, Sarnp, Sars1, Sart1, Sart3, Satb1, Satb2, Sbds, Sbno1, Sbno2, Scaf1, Scaf11, Scaf4, Scaf8, Scai, Scand1, Scgb1a1, Scmh1, Scml2, Scml4, Scnm1, Scrt1, Scrt2, Scx, Sdcbp, Sde2, Sdha, Sdhb, Sdhc, Sdhd, Sdr16c5, Sema4d, Senp1, Senp2, Sepsecs, Serpinf2, Sertad1, Sertad2, Sertad3, Setbp1, Setd1a, Setd2, Setd3, Setd4, Setd5, Setd6, Setd7, Setdb1, Setdb2, Setmar, Setx, Sf1, Sf3a1, Sf3a2, Sf3a3, Sf3b1, Sf3b2, Sf3b3, Sf3b4, Sf3b5, Sf3b6, Sfmbt1, Sfmbt2, Sfn, Sfpq, Sfr1, Sfrp1, Sfrp2, Sfrp4, Sfrp5, Sfswap, Sgf29, Sgsm1, Sh2b1, Shc1, Shh, Shmt1, Shox2, Sik1, Sik2, Sim1, Sim2, Sin3a, Sin3b, Sinhcaf, Sirt1, Sirt2, Sirt3, Sirt6, Sirt7, Siva1, Six1, Six2, Six3, Six4, Six5, Six6, Skap1, Ski, Skic8, Skil, Skor1, Skor2, Sla2, Slbp, Slc11a1, Slc25a12, Slc25a13, Slc25a16, Slc25a33, Slc25a42, Slc30a9, Slc35a1, Slc35c1, Slc38a2, Slc38a3, Slc39a5, Slc39a8, Slc40a1, Slc4a7, Slc52a2, Slc52a3, Slc9a1, Slco3a1, Slfn1, Slirp, Sltm, Slu7, Slx9, Smad1, Smad2, Smad3, Smad4, Smad5, Smad6, Smad7, Smad9, Smarca1, Smarca2, Smarca4, Smarca5, Smarcad1, Smarcal1, Smarcb1, Smarcc1, Smarcc2, Smarcd1, Smarcd2, Smarcd3, Smarce1, Smn1, Smndc1, Smo, Smoc2, Smpd3, Smtnl1, Smu1, Smyd1, Smyd2, Smyd3, Snai1, Snai2, Snai3, Snapc1, Snapc2, Snapc3, Snapc4, Snapc5, Snca, Snf8, Snip1, Snrnp200, Snrnp25, Snrnp27, Snrnp35, Snrnp40, Snrnp48, Snrnp70, Snrpa, Snrpa1, Snrpb, Snrpb2, Snrpc, Snrpd1, Snrpd2, Snrpd3, Snrpe, Snrpert, Snrpf, Snrpg, Snrpn, Snu13, Snw1, Snx5, Snx6, Sod2, Sohlh1, Sohlh2, Son, Sorbs3, Sos1, Sost, Sox1, Sox10, Sox11, Sox12, Sox13, Sox14, Sox15, Sox17, Sox18, Sox2, Sox21, Sox3, Sox30, Sox4, Sox5, Sox6, Sox7, Sox8, Sox9, Sp1, Sp100, Sp110, Sp140, Sp140l1, Sp140l2, Sp2, Sp3, Sp4, Sp5, Sp6, Sp7, Sp8, Sp9, Spag8, Spata22, Spdef, Spen, Sphk1, Sphk2, Spi1, Spib, Spic, Spin1, Spin2c, Spin2d, Spin2e, Spin2g, Spin2h, Spin4, Spindoc, Spocd1, Spop, Spout1, Spp1, Sprtn, Spty2d1, Spx, Spz1, Sqstm1, Sra1, Src, Srebf1, Srebf2, Srek1, Srek1ip1, Srf, Srfbp1, Srpk1, Srpk2, Srpk3, Srrm1, Srrm2, Srrm4, Srrt, Srsf1, Srsf10, Srsf12, Srsf19, Srsf2, Srsf3, Srsf4, Srsf5, Srsf6, Srsf7, Srsf9, Sry, Ss18, Ss18l1, Ssb, Ssbp2, Ssbp3, Ssbp4, Ssh1, Ssh2, Ssh3, Ssty1, Ssty2, Ssu72, Ssxa1, St18, Stat1, Stat2, Stat3, Stat4, Stat5a, Stat5b, Stat6, Sting1, Stk16, Stk36, Stn1, Stoml2, Stox1, Stox2, Stra8, Strap, Strm, Strn3, Sub1, Suds3, Sufu, Sugp1, Sugp2, Sumo1, Sumo2, Supt16, Supt20, Supt3, Supt4a, Supt4b, Supt5, Supt6, Supt7l, Supv3l1, Suv39h1, Suv39h2, Suz12, Sycp1, Sycp3, Syf2, Syk, Sympk, Syncrip, T, Tacc1, Tada1, Tada2a, Tada2b, Tada3, Taf1, Taf10, Taf11, Taf12, Taf13, Taf15, Taf1a, Taf1b, Taf1c, Taf1d, Taf2, Taf3, Taf4, Taf4b, Taf5, Taf5l, Taf6, Taf6l, Taf7, Taf7l, Taf8, Taf9, Taf9b, Tagln3, Tal1, Tal2, Tarbp1, Tarbp2, Tardbp, Tasor, Tasp1, Tax1bp1, Tbk1, Tbl1x, Tbl1xr1, Tbl3, Tbp, Tbpl1, Tbpl2, Tbr1, Tbrg4, Tbx1, Tbx10, Tbx15, Tbx18, Tbx19, Tbx2, Tbx20, Tbx21, Tbx22, Tbx3, Tbx4, Tbx5, Tbx6, Tcea1, Tcea2, Tcea3, Tceal7, Tceanc, Tceanc2, Tcerg1, Tcf12, Tcf15, Tcf20, Tcf21, Tcf23, Tcf24, Tcf25, Tcf3, Tcf4, Tcf7, Tcf7l1, Tcf7l2, Tcfl5, Tcof1, Tcp1, Tcp10a, Tcp10b, Tcp10c, Tdg, Tdrd1, Tdrd12, Tdrd3, Tdrd6, Tdrd7, Tdrd9, Tdrkh, Tead1, Tead2, Tead3, Tead4, Tef, Tefm, Ten1, Tenm1, Tenm2, Tent2, Tent4a, Tent4b, Terc, Terf1, Terf2, Terf2ip, Tert, Tesc, Tescl, Tesmin, Tet1, Tet2, Tet3, Tex12, Tex24, Tfam, Tfap2a, Tfap2b, Tfap2c, Tfap2d, Tfap2e, Tfap4, Tfb1m, Tfb2m, Tfcp2, Tfcp2l1, Tfdp1, Tfdp2, Tfe3, Tfeb, Tfec, Tfip11, Tfpt, Tfr2, Tfrc, Tgfb1, Tgfb1i1, Tgfb2, Tgfb3, Tgfbr1, Tgfbr3, Tgfbrap1, Tgif1, Tgif2, Tgs1, Thada, Thap1, Thap11, Thap3, Thap7, Thg1l, Thoc1, Thoc2, Thoc3, Thoc5, Thoc6, Thoc7, Thra, Thrap3, Thrb, Thumpd1, Thumpd2, Thumpd3, Tia1, Ticam1, Timeless, Tinf2, Tirap, Tk1, Tk2, Tle1, Tle2, Tle3, Tle4, Tle5, Tle6, Tlr2, Tlr3, Tlr4, Tlr7, Tlr9, Tlx1, Tlx2, Tlx3, Tmbim6, Tmem41b, Tmf1, Tmigd3, Tmpo, Tmprss6, Tmsb4x, Tmt1a, Tmt1a2, Tmt1a3, Tmtc1, Tnf, Tnfaip3, Tnfrsf11a, Tnfrsf1a, Tnfrsf4, Tnfsf11, Tnfsf18, Tnfsf4, Tnfsf8, Tnip1, Tnip2, Tnip3, Tnks, Tnni2, Tnp1, Tob1, Toe1, Top1, Top2a, Top2b, Topaz1, Topors, Tox, Tox2, Tox3, Tox4, Tpk1, Tpr, Tprkb, Tra2a, Tra2b, Traf1, Traf2, Traf3, Traf3ip1, Traf5, Traf6, Traf7, Traip, Trak2, Trappc9, Trdmt1, Trem2, Trerf1, Trex1, Trf, Triap1, Trib1, Trib2, Trib3, Trim11, Trim12a, Trim12c, Trim13, Trim14, Trim15, Trim21, Trim24, Trim25, Trim26, Trim27, Trim28, Trim29, Trim30a, Trim30b, Trim30c, Trim30d, Trim31, Trim32, Trim37, Trim38, Trim40, Trim44, Trim5, Trim52, Trim6, Trim62, Trim66, Trim71, Trim8, Trip4, Trit1, Trmo, Trmt1, Trmt10a, Trmt10b, Trmt10c, Trmt11, Trmt112, Trmt12, Trmt13, Trmt1l, Trmt2a, Trmt2b, Trmt44, Trmt5, Trmt6, Trmt61a, Trmt9b, Trmu, Trnt1, Tro, Trp53, Trp53bp1, Trp53inp1, Trp53inp2, Trp53rkb, Trp63, Trp73, Trps1, Trpt1, Trpv1, Trpv4, Trrap, Trub1, Trub2, Tsc2, Tsc22d1, Tsc22d2, Tsc22d3, Tsc22d4, Tsen15, Tsen2, Tsen34, Tsen54, Tsg101, Tshz1, Tshz2, Tshz3, Tsix, Tsn, Tsnax, Tsr1, Tsr2, Tsr3, Tssc4, Tssk4, Ttc21b, Ttc39aos1, Ttc5, Ttf1, Ttf2, Tunar, Tut1, Tut4, Tut7, Twist1, Twist2, Twnk, Txk, Txn1, Txnip, Txnl4a, Txnl4b, Tyms, Tyw1, Tyw3, Tyw5, U2af1, U2af1l4, U2af2, U2surp, Uap1, Uap1l1, Uba3, Ube2e1, Ube2i, Ube2l3, Ube2n, Ube3a, Ubl5, Ubl5b, Ublcp1, Ubp1, Ubtf, Ubtfl1, Uchl5, Uck1, Uck2, Uckl1, Ucn, Ucp1, Ufl1, Ugdh, Ugp2, Uhrf1, Uimc1, Umod, Umps, Uncx, Upf1, Upf3a, Upf3b, Upp1, Upp2, Uprt, Uqcc3, Urb1, Uri1, Urm1, Usb1, Usf1, Usf2, Usf3, Usp13, Usp15, Usp16, Usp2, Usp21, Usp22, Usp3, Usp36, Usp39, Usp4, Usp47, Usp49, Usp7, Uspl1, Utf1, Utp11, Utp14a, Utp14b, Utp15, Utp18, Utp20, Utp23, Utp25, Utp3, Utp4, Utp6, Uxs1, Uxt, Vapb, Vax1, Vax2, Vcp, Vdac1, Vdr, Vegfa, Vezf1, Vgll1, Vgll2, Vgll3, Vgll4, Vhl, Virma, Vps72, Vrtn, Vsx1, Vsx2, Wac, Was, Wasl, Wbp11, Wbp2, Wbp2nl, Wbp4, Wdhd1, Wdr12, Wdr18, Wdr3, Wdr33, Wdr36, Wdr4, Wdr43, Wdr46, Wdr5, Wdr55, Wdr6, Wdr74, Wdr75, Wdr77, Wdr82, Wdr83, Wdtc1, Wfs1, Wiz, Wnk1, Wnt1, Wnt10b, Wnt11, Wnt2, Wnt3a, Wnt4, Wnt5a, Wnt6, Wnt7a, Wrap53, Wrn, Wrnip1, Wt1, Wtap, Wtip, Wwc1, Wwc2, Wwox, Wwp1, Wwp2, Wwtr1, Xab2, Xbp1, Xcl1, Xpa, Xpc, Xpo1, Xrcc5, Xrcc6, Xrn1, Xrn2, Yaf2, Yap1, Ybey, Ybx1, Ybx3, Yeats2, Yeats4, Yes1, Yju2, Yju2b, Ylpm1, Yrdc, Ythdc1, Ythdf2, Ywhab, Ywhah, Ywhaq, Ywhaq-ps3, Ywhaz, Yy1, Yy2, Zbed3, Zbed4, Zbed6, Zbtb1, Zbtb10, Zbtb11, Zbtb12, Zbtb14, Zbtb16, Zbtb17, Zbtb18, Zbtb2, Zbtb20, Zbtb21, Zbtb22, Zbtb24, Zbtb25, Zbtb26, Zbtb3, Zbtb32, Zbtb33, Zbtb34, Zbtb37, Zbtb38, Zbtb39, Zbtb4, Zbtb40, Zbtb41, Zbtb42, Zbtb43, Zbtb45, Zbtb46, Zbtb47, Zbtb48, Zbtb49, Zbtb5, Zbtb6, Zbtb7a, Zbtb7b, Zbtb7c, Zbtb8a, Zbtb8b, Zbtb8os, Zbtb9, Zc3h10, Zc3h12a, Zc3h13, Zc3h3, Zc3h4, Zc3h6, Zc3h7a, Zc3h7b, Zc3h8, Zc4h2, Zcchc12, Zcchc4, Zcchc8, Zcrb1, Zeb1, Zeb2, Zfa-ps, Zfat, Zfhx2, Zfhx3, Zfhx4, Zfp1, Zfp1004, Zfp1005, Zfp1006, Zfp1007, Zfp101, Zfp1010, Zfp105, Zfp11, Zfp110, Zfp111, Zfp112, Zfp113, Zfp119a, Zfp119b, Zfp12, Zfp120, Zfp125, Zfp128, Zfp13, Zfp131, Zfp14, Zfp141, Zfp142, Zfp143, Zfp146, Zfp148, Zfp157, Zfp160, Zfp169, Zfp174, Zfp175, Zfp180, Zfp182, Zfp184, Zfp189, Zfp2, Zfp202, Zfp212, Zfp213, Zfp217, Zfp219, Zfp229, Zfp236, Zfp239, Zfp24, Zfp248, Zfp251, Zfp26, Zfp260, Zfp263, Zfp266, Zfp267, Zfp268, Zfp27, Zfp273, Zfp275, Zfp276, Zfp28, Zfp280b, Zfp280c, Zfp280d, Zfp281, Zfp286, Zfp287, Zfp292, Zfp296, Zfp3, Zfp30, Zfp316, Zfp317, Zfp318, Zfp319, Zfp322a, Zfp324, Zfp326, Zfp329, Zfp334, Zfp335, Zfp341, Zfp345, Zfp35, Zfp352, Zfp354a, Zfp354b, Zfp354c, Zfp358, Zfp36, Zfp362, Zfp366, Zfp367, Zfp369, Zfp36l1, Zfp37, Zfp382, Zfp383, Zfp384, Zfp386, Zfp39, Zfp395, Zfp397, Zfp398, Zfp40, Zfp407, Zfp408, Zfp41, Zfp410, Zfp418, Zfp42, Zfp420, Zfp422, Zfp423, Zfp426, Zfp429, Zfp433, Zfp438, Zfp442, Zfp444, Zfp445, Zfp446, Zfp449, Zfp451, Zfp454, Zfp455, Zfp456, Zfp457, Zfp458, Zfp459, Zfp46, Zfp462, Zfp467, Zfp469, Zfp472, Zfp473, Zfp488, Zfp493, Zfp503, Zfp507, Zfp51, Zfp512b, Zfp513, Zfp516, Zfp518a, Zfp518b, Zfp52, Zfp521, Zfp523, Zfp524, Zfp53, Zfp534, Zfp536, Zfp54, Zfp541, Zfp551, Zfp553, Zfp558, Zfp560, Zfp563, Zfp566, Zfp568, Zfp57, Zfp574, Zfp575, Zfp579, Zfp58, Zfp580, Zfp582, Zfp583, Zfp59, Zfp593, Zfp595, Zfp597, Zfp599, Zfp60, Zfp600, Zfp605, Zfp606, Zfp607a, Zfp607b, Zfp608, Zfp609, Zfp612, Zfp616, Zfp617, Zfp619, Zfp62, Zfp623, Zfp626, Zfp628, Zfp629, Zfp637, Zfp638, Zfp639, Zfp64, Zfp641, Zfp644, Zfp646, Zfp647, Zfp648, Zfp65, Zfp652, Zfp653, Zfp654, Zfp655, Zfp658, Zfp661, Zfp663, Zfp664, Zfp667, Zfp668, Zfp672, Zfp677, Zfp68, Zfp683, Zfp689, Zfp69, Zfp691, Zfp692, Zfp696, Zfp697, Zfp7, Zfp703, Zfp704, Zfp706, Zfp707, Zfp708, Zfp709, Zfp710, Zfp711, Zfp712, Zfp715, Zfp719, Zfp72, Zfp729a, Zfp729b, Zfp735, Zfp738, Zfp74, Zfp740, Zfp746, Zfp747, Zfp747l1, Zfp748, Zfp750, Zfp758, Zfp759, Zfp760, Zfp763, Zfp764, Zfp764l1, Zfp768, Zfp770, Zfp771, Zfp772, Zfp773, Zfp775, Zfp777, Zfp78, Zfp780b, Zfp784, Zfp786, Zfp787, Zfp788, Zfp790, Zfp791, Zfp799, Zfp808, Zfp809, Zfp81, Zfp810, Zfp811, Zfp819, Zfp82, Zfp820, Zfp821, Zfp825, Zfp827, Zfp830, Zfp84, Zfp846, Zfp85, Zfp850, Zfp853, Zfp865, Zfp866, Zfp867, Zfp868, Zfp869, Zfp87, Zfp870, Zfp871, Zfp872, Zfp873, Zfp874a, Zfp874b, Zfp879, Zfp882, Zfp9, Zfp90, Zfp91, Zfp92, Zfp93, Zfp930, Zfp931, Zfp932, Zfp933, Zfp934, Zfp935, Zfp937, Zfp938, Zfp940, Zfp941, Zfp942, Zfp943, Zfp944, Zfp945, Zfp946, Zfp947, Zfp948, Zfp949, Zfp950, Zfp951, Zfp952, Zfp954, Zfp955a, Zfp955b, Zfp956, Zfp958, Zfp959, Zfp960, Zfp961, Zfp963, Zfp964, Zfp966, Zfp97, Zfp970, Zfp971, Zfp973, Zfp974, Zfp975, Zfp976, Zfp977, Zfp979, Zfp980, Zfp981, Zfp982, Zfp983, Zfp984, Zfp985, Zfp987, Zfp988, Zfp989, Zfp990, Zfp991, Zfp992, Zfp994, Zfp995, Zfp998, Zfpm1, Zfpm2, Zfta, Zfx, Zfy1, Zfy2, Zglp1, Zgpat, Zgrf1, Zhx1, Zhx2, Zhx3, Zic1, Zic2, Zic3, Zic4, Zic5, Zik1, Zim1, Zkscan1, Zkscan14, Zkscan16, Zkscan17, Zkscan2, Zkscan3, Zkscan4, Zkscan5, Zkscan6, Zkscan7, Zkscan8, Zmat2, Zmat5, Zmiz1, Zmiz2, Zmpste24, Zmym2, Zmym5, Zmynd11, Zmynd15, Zmynd8, Znhit1, Znhit3, Znhit6, Zp3, Zpr1, Zranb2, Zrsr2, Zrsr2-ps1, Zscan10, Zscan12, Zscan2, Zscan20, Zscan21, Zscan22, Zscan25, Zscan26, Zscan29, Zscan4-ps1, Zscan4-ps2, Zscan4-ps3, Zscan4b, Zscan4c, Zscan4d, Zscan4e, Zscan4f, Zscan5b, Zxdb, Zxdc, Zzz3
GO:0090304	nucleic acid metabolic process	5010	122	72.98	2.0e-09	1.6256842105263158e-6	1700028K03Rik, 2010315B03Rik, 2610008E11Rik, 2610021A01Rik, 2810021J22Rik, 4930402K13Rik, 4930447C04Rik, 4930480E11Rik, 4930522L14Rik, 5730507C01Rik, A1cf, A430033K04Rik, A630001G21Rik, Aamdc, Aar2, Aars1, Aars2, Aarsd1, Aatf, Abcc9, Abcg4, Abhd14b, Abl1, Ablim1, Ablim2, Ablim3, Abra, Abraxas1, Abt1, Acd, Acin1, Acod1, Acss2, Actb, Actl6a, Actl6b, Actn1, Actn2, Actn4, Actr2, Actr3, Actr5, Actr6, Actr8, Actrt1, Acvr1, Acvr1b, Acvr2a, Acvr2b, Acvrl1, Adad1, Adad2, Adam3, Adar, Adarb1, Adarb2, Adat1, Adat2, Adat3, Adcy1, Adcy8, Adcyap1, Adgrf1, Adgrg3, Adipoq, Adnp, Adora2a, Adora3, Adprs, Adra2a, Adrb2, Adrm1, Adrm1b, Aebp1, Aebp2, Aen, Afap1l2, Aff1, Aff2, Aff3, Agap2, Ager, Ago1, Ago2, Ago3, Ago4, Agrn, Agt, Agtr2, Ahcyl1, Ahdc1, Ahi1, Ahnak, Ahnak2, Ahr, Ahrr, AI854703, AI987944, Aicda, Aifm1, Aim2, Aire, Ajuba, Ak6, Akap17b, Akap8l, Akirin1, Akirin2, Akna, Akr1c6, Akt1, Akt2, Aktip, Alkbh1, Alkbh2, Alkbh3, Alkbh5, Alkbh8, Alx1, Alx3, Alx4, Alyref, Alyref2, Ambra1, Amot, Amotl2, Ang, Ang2, Ang3, Ang4, Ang5, Ang6, Angel2, Ankle1, Ankrd1, Ankrd16, Ankrd17, Ankrd2, Ankrd23, Ankrd31, Ankrd42, Ankrd49, Ankrd66, Anxa2, Anxa3, Anxa4, Ap3b1, Ap3d1, Ap5s1, Ap5z1, Apaf1, Apbb1, Apbb2, Apbb3, Apex1, Apex2, Aplf, Apln, Aplp1, Apobec1, Apobec2, Apobec3, Apobec4, Apoe, App, Aptx, Aqr, Ar, Arap1, Arb2a, Arf4, Arglu1, Arhgef11, Arhgef2, Arhgef5, Arid1a, Arid1b, Arid2, Arid3a, Arid3b, Arid3c, Arid4a, Arid4b, Arid5a, Arid5b, Arl2bp, Arl6ip4, Armc7, Armcx3, Arnt, Arnt2, Arrb1, Arrb2, Arvcf, Arx, Ascc1, Ascc2, Ascc3, Ascl1, Ascl2, Ascl3, Ascl4, Ascl5, Asf1a, Ash1l, Ash2l, Asph, Aste1, Asxl1, Asxl2, Asxl3, Atad2, Atad2b, Atad5, Atf1, Atf1-ps, Atf2, Atf3, Atf4, Atf5, Atf6, Atf6b, Atf7, Atf7ip, Atf7ip2, Atg16l1, Atg16l2, Atg5, Atg7, Atm, Atmin, Atn1, Atoh1, Atoh7, Atoh8, Atp1b4, Atp2b4, Atp8b1, Atr, Atrip, Atrx, Atxn1, Atxn1l, Atxn2l, Atxn7, Atxn7l3, AU041133, Aunip, Aurkb, Auts2, AW146154, Axin1, Axin2, Aym1, B020011L13Rik, B3gntl1, Babam1, Babam2, Bach1, Bach2, Bag4, Bahd1, Bambi, Banf1, Banp, Bap1, Bard1, Barhl1, Barhl2, Barx1, Barx2, Basp1, Batf, Batf2, Batf3, Bax, Baz1a, Baz1b, Baz2a, Bbs7, Bbx, BC005624, BC024063, Bcas2, Bcas3, Bccip, Bcdin3d, Bcl10, Bcl11a, Bcl11b, Bcl2l12, Bcl3, Bcl6, Bcl6b, Bcl7a, Bcl7b, Bcl7c, Bcl9, Bcl9l, Bclaf1, Bclaf3, Bcor, Bcorl1, Bdnf, Bdp1, Bend2, Bend3, Bend5, Bend6, Bex2, Bhlha15, Bhlha9, Bhlhe22, Bhlhe23, Bhlhe40, Bhlhe41, Bicra, Bicral, Bin1, Birc2, Birc5, Blm, Bloc1s2, Bmal1, Bmal2, Bmi1, Bmp10, Bmp15, Bmp2, Bmp3, Bmp4, Bmp5, Bmp6, Bmp7, Bmpr1a, Bmpr1b, Bmpr2, Bms1, Bmyc, Bnc1, Bnc2, Bod1l, Boll, Bop1, Bptf, Brca1, Brca2, Brcc3, Brcc3dc, Brd1, Brd2, Brd3, Brd4, Brd7, Brd8, Brd9, Brdt, Brf1, Brf2, Brip1, Brix1, Brme1, Brms1, Brms1l, Brpf1, Brpf3, Brwd1, Brwd3, Bsx, Btaf1, Btbd18, Btg2, Btrc, Bud13, Bud23, Bud31, Bysl, C1d, C1qbp, C3ar1, C5ar1, Cacng7, Cactin, Cacybp, Calcoco1, Calcr, Calr, Camk1, Camk1d, Camk2a, Camk2d, Camk4, Camta1, Camta2, Cand1, Capn3, Caprin1, Caprin2, Card11, Card14, Card9, Carf, Carhsp1, Carlr, Carm1, Cars1, Cars2, Casc3, Cask, Casp8ap2, Casz1, Cat, Cav1, Cavin1, Cavin2, Cavin4, Cbfa2t2, Cbfa2t3, Cbfb, Cbll1, Cbs, Cbx1, Cbx2, Cbx3, Cbx4, Cbx5, Cbx6, Cbx7, Cbx8, Cby1, Cc2d1a, Cc2d1b, Ccar1, Ccar2, Ccdc117, Ccdc124, Ccdc62, Ccdc85b, Ccl3, Ccn1, Ccn2, Ccna2, Ccnb1, Ccnb1ip1, Ccnc, Ccnd1, Ccnd3, Ccne1, Ccne2, Ccnh, Ccnk, Ccnl1, Ccnl2, Ccnq, Ccnt1, Ccnt2, Ccpg1, Ccr6, Cct2, Cct3, Cct4, Cct5, Cct6a, Cct7, Cct8, Cd200, Cd274, Cd28, Cd2bp2, Cd36, Cd38, Cd4, Cd40, Cd40lg, Cd74, Cd81, Cd84, Cdadc1, Cdc14a, Cdc14b, Cdc40, Cdc42, Cdc45, Cdc5l, Cdc5lrt1, Cdc5lrt10, Cdc5lrt4, Cdc5lrt5, Cdc5lrt6, Cdc5lrt7, Cdc5lrt8, Cdc5lrt9, Cdc6, Cdc7, Cdc73, Cdca5, Cdca7, Cdca7l, Cdh1, Cdh13, Cdk1, Cdk11b, Cdk12, Cdk13, Cdk2, Cdk2ap1, Cdk2ap1rt, Cdk5, Cdk5r1, Cdk5rap1, Cdk5rap2, Cdk5rap3, Cdk6, Cdk7, Cdk8, Cdk9, Cdkal1, Cdkn1a, Cdkn1b, Cdkn1c, Cdkn2a, Cdkn2d, Cdkn3, Cdon, Cdt1, Cdx1, Cdx2, Cdx4, Cdyl, Cebpa, Cebpb, Cebpd, Cebpe, Cebpg, Cebpz, Cela1, Celf1, Celf2, Celf3, Celf4, Celf5, Celf6, Celsr2, Cenatac, Cenpf, Cenpk, Cenps, Cenpx, Cep164, Cep290, Cep63, Ces1d, Cetn2, Cfh, Cflar, Cgas, Cggbp1, Chaf1a, Chaf1b, Chaserr, Chchd2, Chchd2-ps, Chchd4, Chd1l, Chd3, Chd4, Chd5, Chd6, Chd7, Chd8, Chek1, Chek2, Cherp, Chp1, Chp2, Chrac1, Chrna4, Chtf18, Chtf8, Chuk, Churc1, Ciao1, Ciart, Cib1, Cic, Cidea, Ciita, Cinp, Cipc, Cir1, Cirbp, Cited1, Cited2, Cited4, Ciz1, Ckap2, Cks1b, Cks2, Clasrp, Clcf1, Clec7a, Clk1, Clk2, Clk3, Clk4, Clns1a, Clock, Clp1, Clspn, Clu, Cmklr1, Cmtm2a, Cmtr1, Cmtr2, Cnbp, Cnot1, Cnot10, Cnot2, Cnot3, Cnot6, Cnot6l, Cnot7, Cnot8, Cnot9, Cntd1, Coil, Col1a1, Col4a2, Commd1, Commd6, Commd7, Cops2, Cops5, Coq7, Cpap, Cpeb1, Cpeb3, Cphx1, Cpped1, Cpsf1, Cpsf2, Cpsf3, Cpsf4, Cpsf6, Cpsf7, Crcp, Creb1, Creb3, Creb3l1, Creb3l2, Creb3l3, Creb3l4, Creb5, Crebbp, Crebl2, Crebrf, Crebzf, Creg1, Crem, Crhr2, Cript, Cripto, Crlf3, Crnkl1, Crnn, Crtc1, Crtc2, Crtc3, Crx, Crxos, Cry1, Cry2, Cryab, Crym, Csdc2, Csde1, Csf2, Csf3, Csnk2a1, Csnk2a2, Csrnp1, Csrnp2, Csrnp3, Csrp3, Cst3, Cstf1, Cstf2, Cstf2t, Cstf3, Ctag2, Ctag2l1, Ctag2l2, Ctbp1, Ctbp2, Ctc1, Ctcf, Ctcfl, Ctdnep1, Ctdp1, Ctdsp1, Ctdsp2, Ctdspl, Ctdspl2, Cth, Ctif, Ctnnb1, Ctnnbip1, Ctnnbl1, Ctr9, Ctu1, Ctu2, Cul3, Cul4a, Cul4b, Cux1, Cux2, Cwc15, Cwc22, Cwc22rt1, Cwc22rt2, Cwc22rt3, Cwc22rt4, Cwc22rt5, Cwc22rt6, Cwc22rt7, Cwc25, Cwf19l1, Cwf19l2, Cx3cl1, Cxcr3, Cxxc1, Cxxc5, Cyld, Cyp1b1, Cyren, Cys1, Cytl1, D1Pas1, Dab2, Dab2ip, Dach1, Dach2, Dact1, Dalrd3, Dap, Dars1, Dars2, Daxx, Dazap1, Dazl, Dbf4, Dbp, Dbr1, Dbx1, Dbx2, Dcaf1, Dcaf13, Dcaf6, Dclre1a, Dclre1b, Dclre1c, Dcn, Dcp1a, Dcp1b, Dcp2, Dcps, Dctpp1, Ddb1, Ddb2, Ddit3, Ddn, Ddr2, Ddrgk1, Ddx1, Ddx10, Ddx11, Ddx17, Ddx18, Ddx20, Ddx21, Ddx23, Ddx27, Ddx39a, Ddx39b, Ddx3x, Ddx4, Ddx41, Ddx42, Ddx46, Ddx47, Ddx49, Ddx5, Ddx51, Ddx52, Ddx54, Ddx56, Deaf1, Dedd, Dek, Depdc1a, Dffa, Dffb, Dgcr8, Dgkq, Dhrs7b, Dhx15, Dhx16, Dhx33, Dhx34, Dhx36, Dhx37, Dhx38, Dhx40, Dhx8, Dhx9, Dicer1, Dido1, Dimt1, Dis3, Dis3l, Dis3l2, Dkc1, Dkk1, Dkk3, Dlg1, Dll1, Dll4, Dlx1, Dlx2, Dlx3, Dlx4, Dlx5, Dlx6, Dlx6os1, Dmap1, Dmbx1, Dmc1, Dmd, Dmrt1, Dmrt2, Dmrt3, Dmrta1, Dmrta2, Dmrtb1, Dmrtc2, Dmtf1, Dmtf1l, Dna2, Dnaja3, Dnajb1, Dnajb11, Dnajb4, Dnajb5, Dnajb6, Dnajc17, Dnajc2, Dnase1, Dnase1l1, Dnase1l2, Dnase1l3, Dnase2a, Dnase2b, Dnd1, Dnmt1, Dnmt3a, Dnmt3b, Dnmt3l, Dntt, Dnttip2, Donson, Dot1l, Dpf1, Dpf2, Dpf3, Dph3, Dpy30, Dr1, Drap1, Drd2, Drd3, Drgx, Drosha, Dscc1, Dtd1, Dtd2, Dtl, Dtwd1, Dtwd2, Dtx3l, Dubr, Dus1l, Dus2, Dus3l, Dus4l, Dusp1, Dusp10, Dusp12, Dusp13a, Dusp13b, Dusp14, Dusp15, Dusp18, Dusp19, Dusp2, Dusp21, Dusp22, Dusp23, Dusp26, Dusp28, Dusp29, Dusp3, Dusp4, Dusp5, Dusp6, Dusp7, Dusp8, Duxbl1, Duxf3, Duxf4, Dvl1, Dvl2, Dvl3, Dxo, Dynll1, Dyrk1a, Dyrk1b, E130311K13Rik, E230001N04Rik, E2f1, E2f2, E2f3, E2f4, E2f5, E2f6, E2f7, E2f8, E4f1, Eaf1, Eaf2, Eapp, Ear7, Ears2, Ebf1, Ebf2, Ebf3, Ebf4, Ebna1bp2, Ecd, Ecm1, Ecsit, Edc3, Edc4, Edf1, Edn1, Ednrb, Edrf1, Eed, Eef1d, Eepd1, Efcab7, Efemp1, Efna1, Eftud2, Egf, Egfr, Egln1, Egr1, Egr2, Egr3, Egr4, Ehf, Ehmt1, Ehmt2, Eid1, Eid2, Eid2b, Eid3, Eif1, Eif2ak2, Eif2ak3, Eif2ak4, Eif3e, Eif4a1, Eif4a3, Eif4a3l1, Eif4a3l2, Eif4enif1, Eif6, Elac1, Elac2, Elane, Elavl1, Elavl4, Elf1, Elf2, Elf3, Elf4, Elf5, Elk1, Elk3, Elk4, Ell, Ell2, Ell3, Eloa, Elob, Eloc, Elof1, Elp1, Elp2, Elp3, Elp4, Elp5, Elp6, Eme1, Eme2, Emg1, Emsy, Emx1, Emx2, En1, En2, Endog, Endov, Eng, Eno1, Eno1b, Enpp1, Enpp7, Eny2, Eomes, Ep300, Ep400, Epas1, Epc1, Epc2, Epcam, Epha5, Epm2a, Epo, Epop, Eprs1, Erbb2, Erbb4, Erbin, Erc1, Ercc1, Ercc2, Ercc3, Ercc4, Ercc5, Ercc6, Ercc6l, Ercc6l2, Ercc8, Ereg, Erf, Erfl, Erg, Eri1, Ern1, Ern2, Esco1, Esco2, Esf1, Esr1, Esr2, Esrp1, Esrp2, Esrra, Esrrb, Esrrg, Ess2, Esx1, Etaa1, Etf1, Ets1, Ets2, Etv1, Etv2, Etv3, Etv3l, Etv4, Etv5, Etv6, Evx1, Evx2, Ewsr1, Exd1, Exd2, Exo1, Exo5, Exog, Exosc1, Exosc10, Exosc2, Exosc3, Exosc4, Exosc5, Exosc6, Exosc7, Exosc8, Exosc9, Eya1, Eya2, Eya3, Eya4, Ezh1, Ezh2, Ezr, F2r, F2rl1, Faap100, Faap20, Faap24, Fabp4, Fadd, Faf1, Fam111a, Fam168a, Fam170a, Fam220a, Fam47c, Fam47e, Fam50a, Fam76b, Fan1, Fanca, Fancb, Fancc, Fancd2, Fancf, Fancg, Fanci, Fancl, Fancm, Fank1, Fars2, Farsa, Farsb, Fasl, Fastk, Fastkd1, Fastkd2, Fastkd3, Fastkd5, Fbh1, Fbl, Fbll1, Fbln5, Fbp1, Fbxl19, Fbxl2, Fbxo24, Fbxo4, Fbxo5, Fbxo6, Fbxw11, Fbxw7, Fcf1, Fcgr2b, Fcor, Fdcsp, Fdxacb1, Fen1, Fer, Ferd3l, Fev, Fezf1, Fezf2, Fgf1, Fgf10, Fgf2, Fgf23, Fgf4, Fgf7, Fgf9, Fgfr1, Fgfr2, Fgfr3, Fgfr4, Fh1, Fhit, Fhl2, Fhl5, Fhod1, Figla, Fignl1, Fip1l1, Firrm, Fiz1, Fkbp10, Fkbp11, Fkbp14, Fkbp1a, Fkbp1b, Fkbp2, Fkbp3, Fkbp4, Fkbp5, Fkbp6, Fkbp7, Fkbp8, Fkbp9, Flcn, Fli1, Flna, Flt3l, Flywch1, Fmn2, Fmr1, Fnip1, Fnip2, Fos, Fosb, Fosl1, Fosl2, Foxa1, Foxa2, Foxa3, Foxb1, Foxb2, Foxc1, Foxc2, Foxd1, Foxd2, Foxd3, Foxd4, Foxe1, Foxe3, Foxf1, Foxf2, Foxg1, Foxh1, Foxi1, Foxi2, Foxi3, Foxj1, Foxj2, Foxj3, Foxk1, Foxk2, Foxl1, Foxl2, Foxl3, Foxm1, Foxn1, Foxn2, Foxn3, Foxn4, Foxo1, Foxo3, Foxo4, Foxo6, Foxp1, Foxp2, Foxp3, Foxp4, Foxq1, Foxr1, Foxr2, Foxs1, Fra10ac1, Frg1, Frk, Fst, Fstl3, Fto, Ftsj1, Ftsj3, Ftx, Fubp1, Fubp3, Fus, Fxr1, Fxr2, Fzd1, Fzd2, Fzd4, Fzd5, Fzd6, Fzd7, Fzr1, Gabpa, Gabpb1, Gabpb2, Gadd45a, Gal, Galr1, Galr2, Galr3, Gar1, Gars1, Gas5, Gas6, Gata1, Gata2, Gata3, Gata4, Gata5, Gata6, Gatad1, Gatad2a, Gatad2b, Gatb, Gatc, Gbp4, Gbx1, Gbx2, Gcfc2, Gch1, Gclc, Gcm1, Gcm2, Gdf2, Gdf6, Gdf7, Gdnf, Gemin2, Gemin4, Gemin5, Gemin6, Gemin6-ps, Gemin7, Gemin8, Gen1, Gfer, Gfi1, Gfi1b, Ggn, Ghrh, Gigyf2, Gin1, Gins1, Gins2, Gins3, Gins4, Gja1, Gli1, Gli2, Gli3, Glis1, Glis2, Glis3, Glmp, Glo1, Glp1r, Glrp1, Glyr1, Gm10033, Gm10768, Gm12258, Gm14295, Gm14322, Gm14325, Gm14391, Gm14399, Gm14401, Gm14403, Gm14412, Gm14418, Gm14434, Gm14443, Gm14444, Gm15446, Gm17067, Gm17655, Gm19965, Gm20737, Gm20738, Gm20747, Gm20773, Gm20795, Gm20806, Gm20807, Gm20808, Gm20812, Gm20815, Gm20816, Gm20818, Gm20821, Gm20822, Gm20825, Gm20826, Gm20830, Gm20834, Gm20852, Gm20854, Gm20865, Gm20873, Gm20914, Gm20917, Gm20918, Gm21118, Gm21292, Gm21310, Gm21394, Gm21719, Gm21778, Gm21812, Gm21854, Gm2381, Gm28171, Gm32687, Gm35315, Gm3604, Gm4275, Gm45871, Gm4767, Gm4924, Gm5141, Gm614, Gm6871, Gm7072, Gm7324, Gmcl1, Gmeb1, Gmeb2, Gmnc, Gmnn, Gnas, Gnl3, Gnl3l, Gon4l, Gon7, Gpat2, Gpatch1, Gpatch3, Gpbp1, Gpbp1l1, Gper1, Gpkow, Gps2, Grem1, Grhl1, Grhl2, Grhl3, Grin1, Grm5, Grsf1, Grwd1, Gsc, Gsc2, Gsdmd, Gsk3a, Gsk3b, Gspt1, Gspt2, Gstt1, Gsx1, Gsx2, Gtdc1, Gtf2a1, Gtf2a1l, Gtf2a2, Gtf2b, Gtf2e1, Gtf2e2, Gtf2f1, Gtf2f2, Gtf2h1, Gtf2h2, Gtf2h3, Gtf2h4, Gtf2h5, Gtf2i, Gtf2ird1, Gtf3c1, Gtf3c2, Gtf3c3, Gtf3c4, Gtf3c5, Gtf3c6, Gtpbp1, Gtpbp2, Gtpbp3, Gtpbp4, Gtsf1, Gzf1, Gzma, H1f0, H1f1, H1f10, H1f2, H1f3, H1f4, H1f5, H1f6, H1f8, H1f9, H2ac25, H2ax, H2az1, H3c14, Habp4, Halr1, Hamp, Hand1, Hand2, Hand2os1, Hars1, Hars2, Has3, Havcr2, Hax1, Hba-x, Hbb-bh1, Hbb-y, Hbp1, Hbs1l, Hcfc1, Hcfc2, Hck, Hcls1, Hcrt, Hdac1, Hdac10, Hdac2, Hdac3, Hdac4, Hdac5, Hdac7, Hdac8, Hdac9, Hdgf, Hdgfl2, Hdx, Heatr1, Helb, Helq, Helt, Helz2, Henmt1, Herc2, Hes1, Hes2, Hes3, Hes5, Hes6, Hes7, Hesx1, Hexb, Hexim1, Hexim2, Hey1, Hey2, Heyl, Hfm1, Hgf, Hhex, Hic1, Hic2, Hif1a, Hif1an, Hif3a, Hinfp, Hint1, Hipk1, Hipk2, Hipk3, Hira, Hivep1, Hivep2, Hivep3, Hjv, Hlf, Hltf, Hlx, Hmbox1, Hmces, Hmg20a, Hmg20b, Hmga1, Hmga1b, Hmga2, Hmgb1, Hmgb2, Hmgb4, Hmgn1, Hmgn2, Hmgn3, Hmgn5, Hmox1, Hmx1, Hmx2, Hmx3, Hnf1a, Hnf1b, Hnf4a, Hnf4g, Hnrnpa0, Hnrnpa1, Hnrnpa2b1, Hnrnpa3, Hnrnpab, Hnrnpc, Hnrnpd, Hnrnpdl, Hnrnpf, Hnrnph1, Hnrnph2, Hnrnph3, Hnrnpk, Hnrnpl, Hnrnpll, Hnrnpm, Hnrnpr, Hnrnpu, Hnrnpul1, Hnrnpul2, Homez, Hopx, Hormad1, Hoxa1, Hoxa10, Hoxa11, Hoxa11os, Hoxa13, Hoxa2, Hoxa3, Hoxa4, Hoxa5, Hoxa6, Hoxa7, Hoxa9, Hoxb1, Hoxb13, Hoxb2, Hoxb3, Hoxb4, Hoxb5, Hoxb6, Hoxb7, Hoxb8, Hoxb9, Hoxc10, Hoxc11, Hoxc12, Hoxc13, Hoxc4, Hoxc5, Hoxc6, Hoxc8, Hoxc9, Hoxd1, Hoxd10, Hoxd11, Hoxd12, Hoxd13, Hoxd3, Hoxd4, Hoxd8, Hoxd9, Hp1bp3, Hpf1, Hr, Hras, Hrob, Hsbp1, Hsbp1l1, Hsd17b10, Hsf1, Hsf2, Hsf2bp, Hsf3, Hsf4, Hsf5, Hsp90aa1, Hsp90ab1, Hspa1a, Hspa1b, Hspa8, Hspd1, Htatip2, Htatsf1, Htr2a, Hus1, Hus1b, Huwe1, Hyal2, Iars1, Iars2, Ice1, Ice2, Icosl, Id1, Id2, Id3, Id4, Ier2, Ier3, Ier5, Iffo1, Ifi203, Ifi203-ps, Ifi204, Ifi206, Ifi207, Ifi208, Ifi209, Ifi213, Ifi214, Ifi27, Ifnar1, Ifnar2, Ifnb1, Ifng, Ifnk, Ifrd1, Ift172, Ift74, Igbp1, Igf1, Igf1r, Igf2, Igf2bp1, Igf2bp2, Igf2bp3, Igfbp3, Ighmbp2, Igsf1, Ihh, Iho1, Ik, Ikbkb, Ikbke, Ikbkg, Ikzf1, Ikzf2, Ikzf3, Ikzf4, Ikzf5, Il10, Il11, Il13, Il17a, Il17f, Il18, Il18r1, Il18rap, Il1a, Il1b, Il1rap, Il2, Il22, Il23a, Il25, Il27ra, Il33, Il4, Il4i1, Il4i1b, Il5, Il6, Ildr1, Ildr2, Ilf2, Ilf3, Ilk, Ilkap, Imp3, Imp4, Impact, Ing1, Ing2, Ing3, Ing4, Ing5, Inhba, Inip, Ino80, Ino80b, Ino80c, Ino80d, Ino80e, Inpp5k, Inppl1, Ins1, Ins2, Insm1, Insm2, Insr, Ints1, Ints10, Ints11, Ints12, Ints14, Ints2, Ints3, Ints4, Ints5, Ints6, Ints6l, Ints7, Ints8, Ints9, Ippk, Iqce, Irak1, Irak2, Irak3, Irf1, Irf2, Irf2bp1, Irf2bp2, Irf2bpl, Irf3, Irf4, Irf5, Irf6, Irf7, Irf8, Irf9, Irx1, Irx2, Irx3, Irx4, Irx5, Irx6, Isg20, Isg20l2, Isl1, Isl2, Isx, Isy1, Itch, Itga6, Itga8, Itgb1bp1, Itgb3bp, Ivns1abp, Iws1, Jade1, Jade2, Jade3, Jag1, Jak2, Jak3, Jarid2, Jazf1, Jdp2, Jmjd1c, Jmjd6, Jmy, Jph2, Jpx, Jun, Junb, Jund, Jup, Kank2, Kansl1, Kansl2, Kansl3, Kars1, Kash5, Kat14, Kat2a, Kat2b, Kat5, Kat6a, Kat6b, Kat7, Kat8, Kcnh2, Kcnip3, Kcnk2, Kctd1, Kctd13, Kctd15, Kdm1a, Kdm1b, Kdm2a, Kdm2b, Kdm3a, Kdm3b, Kdm4a, Kdm4c, Kdm4d, Kdm5a, Kdm5b, Kdm5c, Kdm5d, Kdm6a, Kdm6b, Kdm7a, Kdm8, Keap1, Khdc3, Khdc4, Khdrbs1, Khdrbs2, Khdrbs3, Khsrp, Kif22, Kin, Kit, Klf1, Klf10, Klf11, Klf12, Klf13, Klf14, Klf15, Klf16, Klf17, Klf2, Klf3, Klf4, Klf5, Klf6, Klf7, Klf8, Klf9, Klhl15, Kmt2a, Kmt2b, Kmt2c, Kmt2d, Kmt2e, Kmt5a, Kmt5b, Kmt5c, Kpna6, Kri1, Krr1, Kti12, L3mbtl1, L3mbtl2, L3mbtl3, L3mbtl4, Lage3, Lamtor5, Lancl2, Larp1, Larp4b, Larp6, Larp7, Larp7-ps, Lars1, Lars2, Las1l, Lbh, Lbx1, Lbx2, Lcmt2, Lcor, Lcorl, Ldb1, Ldb2, Lef1, Lefty1, Leo1, Lep, Lgals3, Lhx1, Lhx2, Lhx3, Lhx4, Lhx5, Lhx6, Lhx8, Lhx9, Lif, Lig1, Lig3, Lig4, Lilrb4a, Lilrb4b, Limd1, Lime1, Lims1, Lin28a, Lin28b, Lin37, Lin52, Lin54, Lin9, Lipe, Litaf, Lmcd1, Lmna, Lmntd2, Lmo1, Lmo2, Lmo3, Lmo4, Lmo7, Lmx1a, Lmx1b, Lncbate1, Lox, Loxl2, Loxl3, Lpar5, Lpin1, Lpin2, Lpin3, Lrif1, Lrp5, Lrp6, Lrpprc, Lrrc14, Lrrc47, Lrrfip1, Lrrfip2, Lrwd1, Lsm1, Lsm10, Lsm11, Lsm14b, Lsm2, Lsm3, Lsm4, Lsm5, Lsm6, Lsm7, Lsm8, Ltf, LTO1, Luc7l, Luc7l2, Luc7l3, Lum, Lyar, Lyl1, M1ap, Macc1, Macroh2a1, Macroh2a2, Mad2l2, Mael, Maf, Maf1, Mafa, Mafb, Maff, Mafg, Mafk, Magea1, Magea10, Magea13, Magea14, Magea2, Magea3, Magea4, Magea5, Magea6, Magea8, Magea9, Mageb11, Mageb16, Mageb18, Mageb2, Mageb3, Mageb4, Mageb5, Mageb5b, Mageb6b1, Magec2, Maged1, Maged2, Magee1, Magee2, Mageh1, Magel2, Magoh, Magohb, Majin, Mak, Mak16, Malat1, Malt1, Maml1, Maml2, Maml3, Mamld1, Mamstr, Map2k1, Map2k2, Map2k3, Map2k4, Map2k5, Map2k7, Map3k1, Map3k10, Map3k12, Map3k13, Map3k4, Map3k5, Mapk1, Mapk10, Mapk14, Mapk15, Mapk3, Mapk7, Mapk8, Mapk8ip1, Mapk9, Mapkapk2, Mapkapk5, Mapre3, Marf1, Mars1, Mars2, Mas1, Mavs, Max, Maz, Mbd1, Mbd2, Mbd3, Mbd3l1, Mbd3l2, Mbd4, Mbip, Mblac1, Mbnl1, Mbnl2, Mbnl3, Mbtd1, Mbtps2, Mc1r, Mcf2l, Mcidas, Mcm10, Mcm2, Mcm3, Mcm4, Mcm5, Mcm6, Mcm7, Mcm8, Mcm9, Mcmbp, Mcmdc2, Mcph1, Mcrs1, Mdc1, Mdfi, Mdfic, Mdfic2, Mdk, Mdm2, Mdm4, Meaf6, Mecom, Mecp2, Med1, Med10, Med11, Med12, Med12l, Med13, Med13l, Med14, Med15, Med16, Med17, Med18, Med19, Med20, Med21, Med22, Med23, Med24, Med25, Med26, Med27, Med28, Med29, Med30, Med31, Med4, Med6, Med7, Med8, Med9, Mef2a, Mef2b, Mef2c, Mef2d, Mei4, Meiob, Meioc, Meiosin, Meis1, Meis2, Meis3, Men1, Meox1, Meox2, Mepce, Mesp1, Mesp2, Met, Mettl1, Mettl13, Mettl14, Mettl15, Mettl16, Mettl18, Mettl2, Mettl23, Mettl3, Mettl4, Mettl5, Mettl6, Mettl8, Mex3d, Mfap1a, Mfap1b, Mga, Mgme1, Mgmt, Mical2, Mid2, Mideas, Mier1, Mier2, Mier3, Mir103-1, Mir103-2, Mir143, Mir144, Mir181b-1, Mir181b-2, Mir196a-1, Mir196a-2, Mir196b, Mir205hg, Mir3960, Mir451a, Mir451b, Mir466d, Mir466l, Mir7-1, Mir744, Mir7578, Mirlet7b, Mirlet7c-1, Mirlet7c-2, Mitf, Mixl1, Mkrn2, Mkx, Mlf1, Mlf2, Mlh1, Mlh3, Mlip, Mllt1, Mllt10, Mllt11, Mllt3, Mllt6, Mlx, Mlxip, Mlxipl, Mmp12, Mms19, Mms22l, Mn1, Mnat1, Mnd1, Mndal, Mnt, Mnx1, Mocs3, Morc1, Morc2a, Morc2b, Morc3, Morf4l1, Morf4l2, Mospd1, Mov10, Mov10l1, Mpg, Mphosph10, Mphosph6, Mphosph8, Mpnd, Mpv17, Mre11a, Mrgbp, Mrm1, Mrm2, Mrm3, Mrnip, Mrpl12, Mrpl44, Mrtfa, Mrtfb, Mrto4, Msantd1, Msc, Msgn1, Msh2, Msh3, Msh4, Msh5, Msh6, Msl1, Msl2, Msl3, Mstn, Msx1, Msx2, Msx3, Mt3, Mta1, Mta2, Mta3, Mtdh, Mterf1a, Mterf1b, Mterf2, Mterf3, Mterf4, Mtf1, Mtfmt, Mtnap1, Mto1, Mtor, Mtpap, Mtpn, Mtres1, Mtrex, Mturn, Muc1, Mup1, Mup11, Mup2, Mup3, Mup4, Mup5, Mus81, Musk, Mutyh, Mxd1, Mxd3, Mxd4, Mxi1, Myb, Mybbp1a, Mybl1, Mybl2, Myc, Mycbp, Mycl, Mycn, Mycs, Myd88, Mydgf, Myef2, Myf5, Myf6, Myg1, Mynn, Myo1c, Myocd, Myod1, Myog, Myoz1, Myoz2, Mypop, Myrf, Myrfl, Mysm1, Myt1, Myt1l, Mzf1, N4bp2l2, N6amt1, Naa15, Nab1, Nab2, Nabp1, Nabp2, Nacc1, Nacc2, Naf1, Nampt, Nanog, Nanos1, Nanos2, Nanos3, Nars1, Nars2, Nasp, Nat10, Nbas, Nbdy, Nbn, Ncapg2, Ncbp1, Ncbp2, Ncbp3, Nck1, Nck2, Ncl, Ncoa1, Ncoa2, Ncoa3, Ncoa6, Ncoa7, Ncor1, Ncor2, Ndfip1, Ndn, Ndp, Ndufa13, Nedd4, Nedd8, Neil1, Neil2, Neil3, Nek2, Nek4, Nek7, Nelfa, Nelfb, Nelfcd, Nelfe, Neo1, Nepn, Neurl4, Neurod1, Neurod2, Neurod4, Neurod6, Neurog1, Neurog2, Neurog3, Nfat5, Nfatc1, Nfatc2, Nfatc2ip, Nfatc3, Nfatc4, Nfe2, Nfe2l1, Nfe2l2, Nfe2l3, Nfia, Nfib, Nfic, Nfil3, Nfilz, Nfix, Nfkb1, Nfkb2, Nfkbia, Nfkbid, Nfkbie, Nfkbil1, Nfkbiz, Nfrkb, Nfx1, Nfxl1, Nfya, Nfyb, Nfyc, Ngdn, Ngf, Ngfr, Nhej1, Nhlh1, Nhlh2, Nhp2, Niban2, Nicol1, Nif3l1, Nipbl, Nkap, Nkrf, Nktr, Nkx1-1, Nkx1-2, Nkx2-1, Nkx2-2, Nkx2-3, Nkx2-4, Nkx2-5, Nkx2-6, Nkx2-9, Nkx3-1, Nkx3-2, Nkx6-1, Nkx6-2, Nkx6-3, Nlk, Nlrc3, Nlrc4, Nlrc5, Nlrp12, Nlrp3, Nlrp5, Nmd3, Nme1, Nme2, Nme3, Nmnat1, Nob1, Nobox, Noc2l, Noc3l, Noct, Nod1, Nod2, Nodal, Nog, Nol10, Nol11, Nol3, Nol6, Nol7, Nol8, Nol9, Nolc1, Nono, Nop10, Nop14, Nop2, Nop53, Nop9, Nos1, Nostrin, Notch1, Notch2, Notch3, Notch4, Noto, Nova1, Nova2, Nox4, Npas1, Npas2, Npas3, Npas4, Npat, Npm1, Npm2, Npm3, Npnt, Nppc, Nr0b1, Nr0b2, Nr1d1, Nr1d2, Nr1h2, Nr1h3, Nr1h4, Nr1h5, Nr1i2, Nr1i3, Nr2c1, Nr2c2, Nr2e1, Nr2e3, Nr2f1, Nr2f2, Nr2f6, Nr3c1, Nr3c2, Nr4a1, Nr4a2, Nr4a3, Nr5a1, Nr5a2, Nr6a1, Nrarp, Nrbf2, Nrde2, Nrf1, Nrg1, Nrip1, Nrip2, Nrl, Nsa2, Nscme3l, Nsd1, Nsd2, Nsd3, Nsmce1, Nsmce2, Nsmce3, Nsmce4a, Nsrp1, Nsun2, Nsun3, Nsun4, Nsun5, Nsun6, Ntf3, Nthl1, Ntn3, Ntrk1, Nts, Nucks1, Nudt1, Nudt12, Nudt15, Nudt16, Nudt16l1, Nudt16l2, Nudt21, Nudt3, Nufip1, Nuggc, Nup155, Nup62, Nup85, Nup98, Nupr1, Nupr2, Nvl, Nwd1, Nynrin, Oas1a, Oas1b, Oas1c, Oas1d, Oas1e, Oas1f, Oas1g, Oas1h, Oas2, Oas3, Obi1, Obox1, Obox2, Obox3, Obox4, Obox5, Obox6, Obox7, Obox8, Oga, Ogg1, Ogt, Olig1, Olig2, Olig3, Onecut1, Onecut2, Onecut3, Ooep, Oog1, Oog2, Oog3, Orc1, Orc2, Orc3, Orc4, Orc5, Orc6, Osgep, Osgepl1, Osm, Osr1, Osr2, Otp, Otub1, Otud4, Otud7b, Otulin, Otx1, Otx2, Ovol1, Ovol2, Ovol3, P2rx2, P2ry1, Pa2g4, Pabpc1, Pabpc1l, Pabpc2, Pabpc4, Pabpn1, Pabpn1l, Padi2, Paf1, Pagr1a, Paip1, Pak1ip1, Pak3, Palb2, Pam, Pam16, Pan2, Pan3, Papola, Papolb, Papolg, Parg, Park7, Parn, Parp1, Parp10, Parp2, Parp3, Parp9, Parpbp, Pars2, Pasd1, Pask, Patl1, Patl2, Patz1, Pawr, Pax1, Pax2, Pax3, Pax4, Pax5, Pax6, Pax7, Pax8, Pax9, Paxbp1, Paxip1, Paxx, Pbrm1, Pbx1, Pbx2, Pbx3, Pbx4, Pbxip1, Pcbd1, Pcbd2, Pcbp1, Pcbp2, Pcbp3, Pcbp4, Pcf11, Pcgf1, Pcgf2, Pcgf3, Pcgf5, Pcgf6, Pcid2, Pcif1, Pck1, Pclaf, Pcna, Pcyt1a, Pdcd11, Pdcd4, Pdcd7, Pde12, Pde2a, Pde3a, Pdgfb, Pdgfrb, Pdlim1, Pds5a, Pds5b, Pdx1, Pdxp, Peg3, Peli1, Pelo, Pelp1, Per1, Per2, Per3, Perm1, Pes1, Pex14, Pf4, Pfdn5, Pfkm, Pfn1, Pgam5, Pgbd5, Pgr, Phax, Phb1, Phb2, Phc1, Phc2, Phc3, Phf10, Phf12, Phf13, Phf14, Phf19, Phf2, Phf20, Phf20l1, Phf21a, Phf3, Phf5a, Phf6, Phf8, Phip, Phlpp1, Phlpp2, Phox2a, Phox2b, Phrf1, Pias1, Pias2, Pias3, Pias4, Picalm, Pid1, Pif1, Pih1d1, Pih1d2, Pik3r1, Pik3r2, Pim1, Pim2, Pin1, Pin1rt1, Pin4, Pink1, Pinx1, Pithd1, Pitx1, Pitx2, Pitx3, Piwil1, Piwil2, Piwil4, Pkd1, Pkd2, Pkhd1, Pkia, Pkib, Pkig, Pkm, Pkn1, Pknox1, Pknox2, Pkp1, Pkp3, Pla2g10, Plac8, Plag1, Plagl1, Plagl2, Platr25, Plcb1, Plcg2, Pld3, Pld4, Pld6, Plekhn1, Plk1, Plk3, Plpp3, Plrg1, Plscr1, Pmf1, Pml, Pms1, Pms2, Pnkp, Pnldc1, Pnn, Pnp, Pnpt1, Pnrc1, Pnrc2, Pogk, Pogz, Pola1, Pola2, Polb, Pold1, Pold2, Pold3, Pold4, Poldip2, Pole, Pole2, Pole3, Pole4, Polg, Polg2, Polh, Poli, Polk, Poll, Polm, Poln, Polq, Polr1a, Polr1b, Polr1c, Polr1d, Polr1e, Polr1f, Polr1g, Polr1h, Polr2a, Polr2b, Polr2c, Polr2d, Polr2e, Polr2f, Polr2g, Polr2h, Polr2i, Polr2j, Polr2k, Polr2l, Polr2m, Polr3a, Polr3b, Polr3c, Polr3d, Polr3e, Polr3f, Polr3g, Polr3gl, Polr3h, Polr3k, Polrmt, Pomc, Pop1, Pop4, Pop5, Pop7, Pot1a, Pot1b, Potefam3a, Potefam3b, Pou1f1, Pou2af1, Pou2af2, Pou2af3, Pou2f1, Pou2f2, Pou2f3, Pou3f1, Pou3f2, Pou3f3, Pou3f4, Pou4f1, Pou4f2, Pou4f3, Pou5f1, Pou5f2, Pou6f1, Pou6f2, Ppan, Ppara, Ppard, Pparg, Ppargc1a, Ppargc1b, Ppef1, Ppef2, Pphln1, Ppia, Ppib, Ppic, Ppid, Ppie, Ppif, Ppig, Ppih, Ppil1, Ppil2, Ppil3, Ppil4, Ppm1a, Ppm1b, Ppm1d, Ppm1e, Ppm1f, Ppm1g, Ppm1h, Ppm1j, Ppm1k, Ppm1l, Ppm1m, Ppm1n, Ppp1ca, Ppp1cb, Ppp1cc, Ppp1r10, Ppp1r12a, Ppp1r13l, Ppp1r15a, Ppp1r1b, Ppp1r8, Ppp2ca, Ppp2cb, Ppp2r5b, Ppp2r5d, Ppp3ca, Ppp3cb, Ppp3cc, Ppp3r1, Ppp4c, Ppp4r2, Ppp4r3a, Ppp4r3b, Ppp4r3c1, Ppp4r3c2, Ppp5c, Ppp6c, Pprc1, Pptc7, Ppwd1, Pqbp1, Pramel1, Pramel7, Prdm1, Prdm10, Prdm11, Prdm12, Prdm13, Prdm14, Prdm15, Prdm16, Prdm2, Prdm4, Prdm5, Prdm6, Prdm8, Prdm9, Prdx2, Prdx3, Prdx5, Prdx6, Prdx6b, Preb, Prickle1, Prim1, Prim2, Primpol, Prkaa1, Prkaca, Prkcb, Prkcd, Prkcg, Prkch, Prkci, Prkcq, Prkcz, Prkd1, Prkd2, Prkdc, Prkn, Prkra, Prkrip1, Prl, Prl2c2, Prmt1, Prmt2, Prmt3, Prmt5, Prmt6, Prmt7, Prmt8, Prmt9, Prnp, Prop1, Prorp, Prorsd1, Prox1, Prox2, Prpf18, Prpf19, Prpf3, Prpf31, Prpf38a, Prpf38b, Prpf39, Prpf4, Prpf40a, Prpf40b, Prpf4b, Prpf6, Prpf8, Prr5l, Prr7, Prrx1, Prrx2, Prx, Psen1, Psen2, Psip1, Psma6, Psmc3ip, Psmc5, Psmc6, Psmd10, Psmd14, Psmd9, Psme4, Pspc1, Psrc1, Ptafr, Ptbp1, Ptbp2, Ptbp3, Ptcd1, Ptcd2, Ptch1, Pten, Ptf1a, Ptges2, Ptges3, Ptges3-ps, Ptgis, Ptgs2os, Pth, Pthlh, Ptk2b, Ptma, Ptms, Ptov1, Ptp4a3, Ptpa, Ptpmt1, Ptpn2, Ptprc, Ptprk, Ptprn, Pttg1, Puf60, Pum1, Pum2, Pura, Purb, Purg, Pus1, Pus10, Pus3, Pus7, Pus7l, Pusl1, Pwp1, Pwp2, Pwwp2a, Pwwp2b, Pwwp3a, Pycard, Pygo1, Pym1, Qars1, Qki, Qng1, Qrich1, Qrsl1, Qtrt1, Qtrt2, Rab7b, Rac1, Rad1, Rad17, Rad18, Rad21, Rad21l, Rad23a, Rad23b, Rad50, Rad51, Rad51ap1, Rad51b, Rad51c, Rad51d, Rad52, Rad54b, Rad54l, Rad54l2, Rad9a, Rad9b, Radx, Raf1, Rag1, Rag2, Rai1, Ralgapa1, Raly, Ramac, Rap2c, Rapgef3, Rara, Rarb, Rarg, Rars1, Rars2, Rasd1, Rasl11a, Rax, Rb1, Rbak, Rbbp4, Rbbp5, Rbbp6, Rbbp7, Rbbp8, Rbck1, Rbfa, Rbfox1, Rbfox2, Rbfox3, Rbl1, Rbl2, Rbm10, Rbm11, Rbm12, Rbm12b1, Rbm12b2, Rbm14, Rbm15, Rbm15b, Rbm17, Rbm20, Rbm22, Rbm24, Rbm25, Rbm28, Rbm3, Rbm33, Rbm34, Rbm38, Rbm39, Rbm4, Rbm41, Rbm42, Rbm44, Rbm46, Rbm47, Rbm48, Rbm4b, Rbm5, Rbm6, Rbm7, Rbm8a, Rbm8a2, Rbms1, Rbmx, Rbmx2, Rbmxl1, Rbmxl2, Rbmy, Rbmyf1, Rbmyf3, Rbmyf6, Rbmyf9, Rbpj, Rbpjl, Rbpms, Rbpms2, Rbx1, Rc3h1, Rc3h2, Rcl1, Rcor1, Rcor2, Rcor3, Rec114, Rec8, Recql, Recql4, Recql5, Rel, Rela, Relb, Reln, Reno1, Repin1, Rere, Rest, Ret, Rev1, Rev3l, Rex2, Rexo1, Rexo2, Rexo4, Rexo5, Rfc1, Rfc2, Rfc3, Rfc4, Rfc5, Rfwd3, Rfx1, Rfx2, Rfx3, Rfx4, Rfx5, Rfx6, Rfx7, Rfx8, Rfxank, Rfxap, Rgcc, Rgma, Rgmb, Rgn, Rhebl1, Rhno1, Rhoa, Rhog, Rhoq, Rhox1, Rhox10, Rhox11, Rhox12, Rhox13, Rhox2a, Rhox2b, Rhox2c, Rhox2d, Rhox2f, Rhox2g, Rhox2h, Rhox3a, Rhox3c, Rhox3f, Rhox3g, Rhox3h, Rhox4a, Rhox4b, Rhox4c, Rhox4d, Rhox4e, Rhox4f, Rhox4g, Rhox5, Rhox6, Rhox7a, Rhox7b, Rhox8, Rhox9, Rida, Rif1, Rigi, Ring1, Riok1, Riok2, Riok3, Riox1, Riox2, Ripk1, Ripk2, Ripk3, Ripk4, Ripply1, Ripply2, Ripply3, Rit2, Rlf, Rlig1, Rlim, Rmi1, Rmi2, Rnaseh1, Rnaseh2a, Rnaseh2b, Rnaseh2c, Rnasel, Rnaset2a, Rnaset2b, Rnf10, Rnf111, Rnf113a1, Rnf113a2, Rnf126, Rnf138, Rnf138rt1, Rnf14, Rnf141, Rnf168, Rnf169, Rnf187, Rnf2, Rnf20, Rnf212, Rnf212b, Rnf220, Rnf25, Rnf31, Rnf4, Rnf40, Rnf6, Rnf8, Rngtt, Rnmt, Rnpc3, Rnps1, Rnu11, Rnu12, Rnu2-10, Rnu7, Rny1, Rny3, Rock1, Rock2, Ror1, Ror2, Rora, Rorb, Rorc, Rp9, Rpa1, Rpa2, Rpa3, Rpain, Rpap1, Rpap2, Rpf1, Rpf2, Rpl10, Rpl10-ps3, Rpl11, Rpl14, Rpl23, Rpl26, Rpl27, Rpl35, Rpl35a, Rpl5, Rpl7, Rpl7a, Rpl7l1, Rpp14, Rpp21, Rpp25, Rpp25l, Rpp30, Rpp38, Rpp40, Rprd1a, Rprd1b, Rprd2, Rps13, Rps14, Rps15, Rps16, Rps17, Rps19, Rps21, Rps24, Rps25, Rps26, Rps27, Rps27rt, Rps28, Rps3, Rps6, Rps6-ps4, Rps6ka1, Rps6ka3, Rps6ka4, Rps6ka5, Rps7, Rps8, Rptor, Rpusd1, Rpusd2, Rpusd3, Rpusd4, Rreb1, Rrm1, Rrm2b, Rrn3, Rrp1, Rrp15, Rrp1b, Rrp36, Rrp7a, Rrp8, Rrp9, Rrs1, Rsf1, Rsl1, Rslcan18, Rsrc1, Rsrp1, Rtca, Rtcb, Rtel1, Rtf1, Rtf2, Rtkn2, Rtraf, Runx1, Runx1t1, Runx2, Runx3, Ruvbl1, Ruvbl2, Rwdd1, Rwdd3, Rxra, Rxrb, Rxrg, Rybp, Rybp-ps, S100a1, S100a10, S1pr1, Safb, Safb2, Sall1, Sall2, Sall3, Sall4, Samd1, Samd11, Samd4, Samd4b, Samd7, Samhd1, Sanbr, Sap130, Sap18, Sap18b, Sap25, Sap30, Sap30bp, Sap30l, Sarnp, Sars1, Sars2, Sart1, Sart3, Satb1, Satb2, Sbds, Sbno1, Sbno2, Scaf1, Scaf11, Scaf4, Scaf8, Scai, Scand1, Scgb1a1, Scmh1, Scml2, Scml4, Scnm1, Scrt1, Scrt2, Scx, Sdcbp, Sde2, Sdr16c5, Secisbp2, Sem1, Sema4d, Senp1, Senp2, Senp3, Sepsecs, Serpinf2, Sertad1, Sertad2, Sertad3, Sesn2, Setbp1, Setd1a, Setd2, Setd3, Setd4, Setd5, Setd6, Setd7, Setdb1, Setdb2, Setmar, Setx, Sf1, Sf3a1, Sf3a2, Sf3a3, Sf3b1, Sf3b2, Sf3b3, Sf3b4, Sf3b5, Sf3b6, Sfmbt1, Sfmbt2, Sfn, Sfpq, Sfr1, Sfrp1, Sfrp2, Sfrp4, Sfrp5, Sfswap, Sgf29, Sgms1os1, Sgsm1, Sh2b1, Shc1, Shh, Shld1, Shld2, Shld3, Shoc1, Shox2, Shprh, Sidt2, Sik1, Sik2, Sim1, Sim2, Sin3a, Sin3b, Sinhcaf, Sirt1, Sirt2, Sirt3, Sirt6, Sirt7, Siva1, Six1, Six2, Six3, Six4, Six5, Six6, Skap1, Ski, Skic2, Skic3, Skic8, Skil, Skor1, Skor2, Skp2, Sla2, Slbp, Slc11a1, Slc15a4, Slc25a33, Slc30a9, Slc38a2, Slc38a3, Slc39a5, Slc39a8, Slc40a1, Slc9a1, Slco3a1, Slf1, Slf2, Slfn1, Slfn14, Slfn2, Slfn8, Slfn9, Slirp, Sltm, Slu7, Slx1b, Slx4, Slx9, Smad1, Smad2, Smad3, Smad4, Smad5, Smad6, Smad7, Smad9, Smarca1, Smarca2, Smarca4, Smarca5, Smarcad1, Smarcal1, Smarcb1, Smarcc1, Smarcc2, Smarcd1, Smarcd2, Smarcd3, Smarce1, Smc1a, Smc2, Smc3, Smc4, Smc5, Smc6, Smchd1, Smg1, Smg5, Smg6, Smg7, Smg8, Smg9, Smn1, Smndc1, Smo, Smoc2, Smpd3, Smtnl1, Smu1, Smug1, Smyd1, Smyd2, Smyd3, Snai1, Snai2, Snai3, Snapc1, Snapc2, Snapc3, Snapc4, Snapc5, Snd1, Snf8, Snip1, Snrnp200, Snrnp25, Snrnp27, Snrnp35, Snrnp40, Snrnp48, Snrnp70, Snrpa, Snrpa1, Snrpb, Snrpb2, Snrpc, Snrpd1, Snrpd2, Snrpd3, Snrpe, Snrpert, Snrpf, Snrpg, Snrpn, Snu13, Snw1, Snx5, Snx6, Sod2, Sohlh1, Sohlh2, Son, Sorbs3, Sos1, Sost, Sox1, Sox10, Sox11, Sox12, Sox13, Sox14, Sox15, Sox17, Sox18, Sox2, Sox21, Sox3, Sox30, Sox4, Sox5, Sox6, Sox7, Sox8, Sox9, Sp1, Sp100, Sp110, Sp140, Sp140l1, Sp140l2, Sp2, Sp3, Sp4, Sp5, Sp6, Sp7, Sp8, Sp9, Spag8, Spata22, Spdef, Spdya, Spen, Sphk1, Sphk2, Spi1, Spib, Spic, Spidr, Spin1, Spin2c, Spin2d, Spin2e, Spin2g, Spin2h, Spin4, Spindoc, Spire1, Spire2, Spo11, Spocd1, Spop, Spout1, Spp1, Sprtn, Spty2d1, Spx, Spz1, Sqstm1, Sra1, Src, Srebf1, Srebf2, Srek1, Srek1ip1, Srf, Srfbp1, Srpk1, Srpk2, Srpk3, Srrm1, Srrm2, Srrm4, Srrt, Srsf1, Srsf10, Srsf12, Srsf19, Srsf2, Srsf3, Srsf4, Srsf5, Srsf6, Srsf7, Srsf9, Sry, Ss18, Ss18l1, Ssb, Ssbp1, Ssbp2, Ssbp3, Ssbp4, Ssh1, Ssh2, Ssh3, Ssrp1, Ssty1, Ssty2, Ssu72, Ssxa1, St18, Stat1, Stat2, Stat3, Stat4, Stat5a, Stat5b, Stat6, Sting1, Stk16, Stk36, Stn1, Stox1, Stox2, Stra8, Strap, Strm, Strn3, Stub1, Sub1, Suds3, Sufu, Sugp1, Sugp2, Sumo1, Sumo2, Supt16, Supt20, Supt3, Supt4a, Supt4b, Supt5, Supt6, Supt7l, Supv3l1, Suv39h1, Suv39h2, Suz12, Swap70, Swi5, Swsap1, Syce3, Sycp1, Sycp3, Syf2, Syk, Sympk, Syncrip, T, Tacc1, Tada1, Tada2a, Tada2b, Tada3, Taf1, Taf10, Taf11, Taf12, Taf13, Taf15, Taf1a, Taf1b, Taf1c, Taf1d, Taf2, Taf3, Taf4, Taf4b, Taf5, Taf5l, Taf6, Taf6l, Taf7, Taf7l, Taf8, Taf9, Taf9b, Tagln3, Tal1, Tal2, Taok1, Taok3, Tarbp1, Tarbp2, Tardbp, Tars1, Tars2, Tars3, Tasor, Tasp1, Tax1bp1, Tbk1, Tbl1x, Tbl1xr1, Tbl3, Tbp, Tbpl1, Tbpl2, Tbr1, Tbrg1, Tbrg4, Tbx1, Tbx10, Tbx15, Tbx18, Tbx19, Tbx2, Tbx20, Tbx21, Tbx22, Tbx3, Tbx4, Tbx5, Tbx6, Tcea1, Tcea2, Tcea3, Tceal7, Tceanc, Tceanc2, Tcerg1, Tcf12, Tcf15, Tcf20, Tcf21, Tcf23, Tcf24, Tcf25, Tcf3, Tcf4, Tcf7, Tcf7l1, Tcf7l2, Tcfl5, Tcof1, Tcp1, Tcp10a, Tcp10b, Tcp10c, Tdg, Tdg-ps, Tdp1, Tdp2, Tdrd1, Tdrd12, Tdrd3, Tdrd6, Tdrd7, Tdrd9, Tdrkh, Tead1, Tead2, Tead3, Tead4, Tef, Tefm, Ten1, Tenm1, Tenm2, Tent2, Tent4a, Tent4b, Tent5a, Tent5b, Tent5c, Tent5d, Tep1, Terb1, Terb2, Terc, Terf1, Terf2, Terf2ip, Tert, Tesc, Tescl, Tesk1, Tesmin, Tet1, Tet2, Tet3, Tex11, Tex12, Tex15, Tex19.1, Tex24, Tex264, Tfam, Tfap2a, Tfap2b, Tfap2c, Tfap2d, Tfap2e, Tfap4, Tfb1m, Tfb2m, Tfcp2, Tfcp2l1, Tfdp1, Tfdp2, Tfe3, Tfeb, Tfec, Tfip11, Tfpt, Tfr2, Tfrc, Tgfb1, Tgfb1i1, Tgfb2, Tgfb3, Tgfbr1, Tgfbr3, Tgfbrap1, Tgif1, Tgif2, Tgs1, Thada, Thap1, Thap11, Thap3, Thap7, Thg1l, Thoc1, Thoc2, Thoc3, Thoc5, Thoc6, Thoc7, Thra, Thrap3, Thrb, Thumpd1, Thumpd2, Thumpd3, Tia1, Ticam1, Ticrr, Tigar, Timeless, Tinf2, Tipin, Tirap, Tk1, Tk2, Tle1, Tle2, Tle3, Tle4, Tle5, Tle6, Tlr2, Tlr3, Tlr4, Tlr7, Tlr9, Tlx1, Tlx2, Tlx3, Tmbim6, Tmem161a, Tmem41b, Tmf1, Tmigd3, Tmpo, Tmprss6, Tmsb4x, Tmt1a, Tmt1a2, Tmt1a3, Tmtc1, Tnf, Tnfaip1, Tnfaip3, Tnfrsf11a, Tnfrsf1a, Tnfrsf1b, Tnfrsf4, Tnfsf11, Tnfsf13, Tnfsf18, Tnfsf4, Tnfsf8, Tnip1, Tnip2, Tnip3, Tnks, Tnks1bp1, Tnks2, Tnni2, Tnp1, Tnrc6a, Tnrc6b, Tnrc6c, Tob1, Toe1, Tonsl, Top1, Top1mt, Top2a, Top2b, Top3a, Top3b, Top6bl, Topaz1, Topbp1, Topors, Tox, Tox2, Tox3, Tox4, Tpr, Tprkb, Tra2a, Tra2b, Traf1, Traf2, Traf3, Traf3ip1, Traf3ip2, Traf5, Traf6, Traf7, Traip, Trak2, Trappc9, Trdmt1, Trerf1, Trex1, Trex2, Trf, Triap1, Trib1, Trib2, Trib3, Trim11, Trim12a, Trim12c, Trim13, Trim14, Trim15, Trim21, Trim24, Trim25, Trim26, Trim27, Trim28, Trim29, Trim30a, Trim30b, Trim30c, Trim30d, Trim31, Trim32, Trim37, Trim38, Trim40, Trim44, Trim5, Trim52, Trim6, Trim62, Trim66, Trim71, Trim8, Trip12, Trip13, Trip4, Trir, Trit1, Trmo, Trmt1, Trmt10a, Trmt10b, Trmt10c, Trmt11, Trmt112, Trmt12, Trmt13, Trmt1l, Trmt2a, Trmt2b, Trmt44, Trmt5, Trmt6, Trmt61a, Trmt9b, Trmu, Trnt1, Tro, Trp53, Trp53bp1, Trp53inp1, Trp53inp2, Trp53rka, Trp53rkb, Trp63, Trp73, Trpc2, Trps1, Trpt1, Trpv1, Trpv4, Trrap, Trub1, Trub2, Tsc2, Tsc22d1, Tsc22d2, Tsc22d3, Tsc22d4, Tsen15, Tsen2, Tsen34, Tsen54, Tsg101, Tshz1, Tshz2, Tshz3, Tsix, Tsn, Tsnax, Tspyl2, Tsr1, Tsr2, Tsr3, Tssc4, Tssk4, Ttc21b, Ttc39aos1, Ttc5, Ttf1, Ttf2, Tunar, Tut1, Tut4, Tut7, Twist1, Twist2, Twnk, Txk, Txn1, Txnip, Txnl4a, Txnl4b, Tyw1, Tyw3, Tyw5, U2af1, U2af1l4, U2af2, U2surp, Uba3, Ube2a, Ube2b, Ube2d3, Ube2e1, Ube2i, Ube2l3, Ube2n, Ube2t, Ube2v1, Ube2v2, Ube2w, Ube3a, Ubl5, Ubl5b, Ublcp1, Ubp1, Ubqln4, Ubr2, Ubr5, Ubtf, Ubtfl1, Uchl5, Ucn, Ucp1, Ufl1, Uhrf1, Uimc1, Umod, Uncx, Ung, Upf1, Upf2, Upf3a, Upf3b, Urb1, Uri1, Urm1, Usb1, Usf1, Usf2, Usf3, Usp1, Usp10, Usp13, Usp15, Usp16, Usp2, Usp21, Usp22, Usp25, Usp28, Usp3, Usp36, Usp37, Usp39, Usp4, Usp45, Usp47, Usp49, Usp51, Usp7, Usp9x, Uspl1, Utf1, Utp11, Utp14a, Utp14b, Utp15, Utp18, Utp20, Utp23, Utp25, Utp3, Utp4, Utp6, Uvrag, Uvssa, Uxt, Vapb, Vars1, Vars2, Vax1, Vax2, Vcp, Vcpip1, Vdr, Vegfa, Vezf1, Vgll1, Vgll2, Vgll3, Vgll4, Vhl, Vim, Vip, Virma, Vps54, Vps72, Vrtn, Vsx1, Vsx2, Wac, Wapl, Wars1, Wars2, Was, Wasl, Wbp11, Wbp2, Wbp2nl, Wbp4, Wdhd1, Wdr12, Wdr18, Wdr3, Wdr33, Wdr36, Wdr4, Wdr43, Wdr46, Wdr48, Wdr5, Wdr55, Wdr6, Wdr74, Wdr75, Wdr77, Wdr82, Wdr83, Wdtc1, Wfs1, Wiz, Wnk1, Wnt1, Wnt10b, Wnt11, Wnt2, Wnt3a, Wnt4, Wnt5a, Wnt6, Wnt7a, Wrap53, Wrn, Wrnip1, Wt1, Wtap, Wtip, Wwc1, Wwc2, Wwox, Wwp1, Wwp2, Wwtr1, Xab2, Xbp1, Xcl1, Xpa, Xpc, Xpo1, Xrcc1, Xrcc2, Xrcc3, Xrcc4, Xrcc5, Xrcc6, Xrn1, Xrn2, Yaf2, Yap1, Yars1, Yars2, Ybey, Ybx1, Ybx2, Ybx3, Yeats2, Yeats4, Yes1, Yju2, Yju2b, Ylpm1, Yrdc, Ythdc1, Ythdf1, Ythdf2, Ythdf3, Ywhab, Ywhah, Ywhaq, Ywhaq-ps3, Ywhaz, Yy1, Yy2, Zar1, Zbed3, Zbed4, Zbed6, Zbtb1, Zbtb10, Zbtb11, Zbtb12, Zbtb14, Zbtb16, Zbtb17, Zbtb18, Zbtb2, Zbtb20, Zbtb21, Zbtb22, Zbtb24, Zbtb25, Zbtb26, Zbtb3, Zbtb32, Zbtb33, Zbtb34, Zbtb37, Zbtb38, Zbtb39, Zbtb4, Zbtb40, Zbtb41, Zbtb42, Zbtb43, Zbtb45, Zbtb46, Zbtb47, Zbtb48, Zbtb49, Zbtb5, Zbtb6, Zbtb7a, Zbtb7b, Zbtb7c, Zbtb8a, Zbtb8b, Zbtb8os, Zbtb9, Zc3h10, Zc3h12a, Zc3h12d, Zc3h13, Zc3h14, Zc3h18, Zc3h3, Zc3h4, Zc3h6, Zc3h7a, Zc3h7b, Zc3h8, Zc3hav1, Zc4h2, Zcchc12, Zcchc17, Zcchc4, Zcchc7, Zcchc8, Zcrb1, Zcwpw1, Zeb1, Zeb2, Zfa-ps, Zfat, Zfhx2, Zfhx3, Zfhx4, Zfp1, Zfp1004, Zfp1005, Zfp1006, Zfp1007, Zfp101, Zfp1010, Zfp105, Zfp11, Zfp110, Zfp111, Zfp112, Zfp113, Zfp119a, Zfp119b, Zfp12, Zfp120, Zfp125, Zfp128, Zfp13, Zfp131, Zfp14, Zfp141, Zfp142, Zfp143, Zfp146, Zfp148, Zfp157, Zfp160, Zfp169, Zfp174, Zfp175, Zfp180, Zfp182, Zfp184, Zfp189, Zfp2, Zfp202, Zfp212, Zfp213, Zfp217, Zfp219, Zfp229, Zfp236, Zfp239, Zfp24, Zfp248, Zfp251, Zfp26, Zfp260, Zfp263, Zfp266, Zfp267, Zfp268, Zfp27, Zfp273, Zfp275, Zfp276, Zfp28, Zfp280b, Zfp280c, Zfp280d, Zfp281, Zfp286, Zfp287, Zfp292, Zfp296, Zfp3, Zfp30, Zfp316, Zfp317, Zfp318, Zfp319, Zfp322a, Zfp324, Zfp326, Zfp329, Zfp334, Zfp335, Zfp341, Zfp345, Zfp35, Zfp352, Zfp354a, Zfp354b, Zfp354c, Zfp358, Zfp36, Zfp362, Zfp365, Zfp366, Zfp367, Zfp369, Zfp36l1, Zfp36l2, Zfp36l3, Zfp37, Zfp382, Zfp383, Zfp384, Zfp386, Zfp39, Zfp395, Zfp397, Zfp398, Zfp40, Zfp407, Zfp408, Zfp41, Zfp410, Zfp418, Zfp42, Zfp420, Zfp422, Zfp423, Zfp426, Zfp429, Zfp433, Zfp438, Zfp442, Zfp444, Zfp445, Zfp446, Zfp449, Zfp451, Zfp454, Zfp455, Zfp456, Zfp457, Zfp458, Zfp459, Zfp46, Zfp462, Zfp467, Zfp469, Zfp472, Zfp473, Zfp488, Zfp493, Zfp503, Zfp507, Zfp51, Zfp512b, Zfp513, Zfp516, Zfp518a, Zfp518b, Zfp52, Zfp521, Zfp523, Zfp524, Zfp53, Zfp534, Zfp536, Zfp54, Zfp541, Zfp551, Zfp553, Zfp558, Zfp560, Zfp563, Zfp566, Zfp568, Zfp57, Zfp574, Zfp575, Zfp579, Zfp58, Zfp580, Zfp582, Zfp583, Zfp59, Zfp593, Zfp595, Zfp597, Zfp599, Zfp60, Zfp600, Zfp605, Zfp606, Zfp607a, Zfp607b, Zfp608, Zfp609, Zfp612, Zfp616, Zfp617, Zfp619, Zfp62, Zfp623, Zfp626, Zfp628, Zfp629, Zfp637, Zfp638, Zfp639, Zfp64, Zfp641, Zfp644, Zfp646, Zfp647, Zfp648, Zfp65, Zfp652, Zfp653, Zfp654, Zfp655, Zfp658, Zfp661, Zfp663, Zfp664, Zfp667, Zfp668, Zfp672, Zfp677, Zfp68, Zfp683, Zfp689, Zfp69, Zfp691, Zfp692, Zfp696, Zfp697, Zfp7, Zfp703, Zfp704, Zfp706, Zfp707, Zfp708, Zfp709, Zfp710, Zfp711, Zfp712, Zfp715, Zfp719, Zfp72, Zfp729a, Zfp729b, Zfp735, Zfp738, Zfp74, Zfp740, Zfp746, Zfp747, Zfp747l1, Zfp748, Zfp750, Zfp758, Zfp759, Zfp760, Zfp763, Zfp764, Zfp764l1, Zfp768, Zfp770, Zfp771, Zfp772, Zfp773, Zfp775, Zfp777, Zfp78, Zfp780b, Zfp784, Zfp786, Zfp787, Zfp788, Zfp790, Zfp791, Zfp799, Zfp808, Zfp809, Zfp81, Zfp810, Zfp811, Zfp819, Zfp82, Zfp820, Zfp821, Zfp825, Zfp827, Zfp830, Zfp84, Zfp846, Zfp85, Zfp850, Zfp853, Zfp865, Zfp866, Zfp867, Zfp868, Zfp869, Zfp87, Zfp870, Zfp871, Zfp872, Zfp873, Zfp874a, Zfp874b, Zfp879, Zfp882, Zfp9, Zfp90, Zfp91, Zfp92, Zfp93, Zfp930, Zfp931, Zfp932, Zfp933, Zfp934, Zfp935, Zfp937, Zfp938, Zfp940, Zfp941, Zfp942, Zfp943, Zfp944, Zfp945, Zfp946, Zfp947, Zfp948, Zfp949, Zfp950, Zfp951, Zfp952, Zfp954, Zfp955a, Zfp955b, Zfp956, Zfp958, Zfp959, Zfp960, Zfp961, Zfp963, Zfp964, Zfp966, Zfp97, Zfp970, Zfp971, Zfp973, Zfp974, Zfp975, Zfp976, Zfp977, Zfp979, Zfp980, Zfp981, Zfp982, Zfp983, Zfp984, Zfp985, Zfp987, Zfp988, Zfp989, Zfp990, Zfp991, Zfp992, Zfp994, Zfp995, Zfp998, Zfpm1, Zfpm2, Zfta, Zfx, Zfy1, Zfy2, Zfyve26, Zglp1, Zgpat, Zgrf1, Zhx1, Zhx2, Zhx3, Zic1, Zic2, Zic3, Zic4, Zic5, Zik1, Zim1, Zkscan1, Zkscan14, Zkscan16, Zkscan17, Zkscan2, Zkscan3, Zkscan4, Zkscan5, Zkscan6, Zkscan7, Zkscan8, Zmat2, Zmat5, Zmiz1, Zmiz2, Zmpste24, Zmym2, Zmym5, Zmynd11, Zmynd15, Zmynd8, Znhit1, Znhit3, Znhit6, Zp3, Zpr1, Zranb2, Zranb3, Zrsr2, Zrsr2-ps1, Zscan10, Zscan12, Zscan2, Zscan20, Zscan21, Zscan22, Zscan25, Zscan26, Zscan29, Zscan4-ps1, Zscan4-ps2, Zscan4-ps3, Zscan4b, Zscan4c, Zscan4d, Zscan4e, Zscan4f, Zscan5b, Zswim7, Zswim8, Zxdb, Zxdc, Zzz3
GO:0010468	regulation of gene expression	5166	124	75.25	3.3e-09	2.500457142857143e-6	2010315B03Rik, 2610008E11Rik, 2610021A01Rik, 2810021J22Rik, 4930402K13Rik, 4930447C04Rik, 4930480E11Rik, 4930522L14Rik, 4931414P19Rik, 5730507C01Rik, 6030468B19Rik, a, A1cf, A430033K04Rik, A630001G21Rik, Aamdc, Aars1, Aatf, Abcc2, Abcc8, Abcc9, Abcd1, Abcd2, Abce1, Abcf1, Abcg4, Abhd14b, Abl1, Abl2, Ablim1, Ablim2, Ablim3, Abra, Abt1, Ace, Acin1, Ackr1, Aco1, Acod1, Acp4, Acp5, Acss2, Acta1, Acta2, Actb, Actc1, Actg1, Actg2, Actl6a, Actl6b, Actn1, Actn2, Actn4, Actr2, Actr3, Actr5, Actr6, Actr8, Actrt1, Acvr1, Acvr1b, Acvr2a, Acvr2b, Acvrl1, Adam10, Adam17, Adam19, Adam2, Adam3, Adam33, Adam8, Adar, Adcy1, Adcy7, Adcy8, Adcyap1, Adgrf1, Adgrg3, Adipoq, Adipor2, Adm2, Adnp, Adnp2, Adora2a, Adora2b, Adora3, Adra2a, Adrb2, Adtrp, Aebp1, Aebp2, Afap1l2, Afdn, Aff1, Aff2, Aff3, Aff4, Agap2, Ager, Ago1, Ago2, Ago3, Ago4, Agpat1, Agpat2, Agr2, Agrn, Agt, Agtr1a, Agtr2, Ahdc1, Ahi1, Ahnak, Ahnak2, Ahr, Ahrr, AI854703, AI987944, Aicda, Aif1, Aim2, Aire, Airn, Ajuba, Akap12, Akap6, Akap8, Akap8l, Akirin1, Akirin2, Akna, Akr1c6, Akt1, Akt2, Aldh1a2, Alkbh1, Alkbh3, Alkbh4, Alkbh5, Alox12, Alox12b, Alox5, Alox8, Alpk2, Alx1, Alx3, Alx4, Ambra1, Amh, Amot, Amotl2, Anapc2, Ang, Ang3, Angel2, Angpt1, Angptl8, Ank2, Ank3, Ankra2, Ankrd1, Ankrd2, Ankrd23, Ankrd42, Ankrd49, Anxa1, Anxa2, Anxa3, Anxa4, Anxa7, Ap3b1, Ap3d1, Apba1, Apba2, Apba3, Apbb1, Apbb2, Apbb3, Apex1, Aplf, Apln, Aplnr, Aplp1, Apoa1, Apoa2, Apob, Apobec1, Apobec2, Apobec3, Apod, Apoe, App, Appl1, Appl2, Aqp4, Ar, Arap1, Arb2a, Arf4, Arfgef2, Arg1, Arg2, Arglu1, Arhgef11, Arhgef2, Arhgef5, Arid1a, Arid1b, Arid2, Arid3a, Arid3b, Arid3c, Arid4a, Arid4b, Arid5a, Arid5b, Arl2bp, Armcx3, Arnt, Arnt2, Arrb1, Arrb2, Arrdc4, Arx, Ascc1, Ascc2, Ascl1, Ascl2, Ascl3, Ascl4, Ascl5, Ash1l, Ash2l, Asph, Astl, Asxl1, Asxl2, Asxl3, Asz1, Atad2, Atad2b, Atad5, Atf1, Atf1-ps, Atf2, Atf3, Atf4, Atf5, Atf6, Atf6b, Atf7, Atf7ip, Atf7ip2, Atg12, Atg14, Atg5, Atg9a, Atm, Atmin, Atn1, Atoh1, Atoh7, Atoh8, Atp13a2, Atp1b1, Atp1b4, Atp2b1, Atp2b4, Atp6ap2, Atp6v1b1, Atp7a, Atp8b1, Atraid, Atrx, Atxn1, Atxn1l, Atxn7, Atxn7l3, Atxn7l3b, AU041133, Aurka, Aurkb, Auts2, Avp, Avpr2, AW146154, Axin1, Axin2, Axl, Aym1, B020011L13Rik, B2m, B3gntl1, Bach1, Bach2, Bag2, Bahd1, Bak1, Bambi, Banf1, Bank1, Banp, Bap1, Barhl1, Barhl2, Barx1, Barx2, Basp1, Batf, Batf2, Batf3, Baz1a, Baz1b, Baz2a, Bbs2, Bbs4, Bbs7, Bbx, BC024063, Bc1, Bcas3, Bcdin3d, Bcl10, Bcl11a, Bcl11b, Bcl2, Bcl2l12, Bcl3, Bcl6, Bcl6b, Bcl7a, Bcl7b, Bcl7c, Bcl9, Bcl9l, Bclaf1, Bclaf3, Bcor, Bcorl1, Bdnf, Bdp1, Bend3, Bend5, Bend6, Bex2, Bhlha15, Bhlha9, Bhlhe22, Bhlhe23, Bhlhe40, Bhlhe41, Bicra, Bicral, Bin1, Birc2, Birc5, Blm, Blnk, Bloc1s2, Bmal1, Bmal2, Bmi1, Bmp10, Bmp15, Bmp2, Bmp3, Bmp4, Bmp5, Bmp6, Bmp7, Bmpr1a, Bmpr1b, Bmpr2, Bmyc, Bnc1, Bnc2, Boll, Bpi, Bptf, Braf, Brca1, Brca2, Brd1, Brd2, Brd3, Brd4, Brd7, Brd8, Brd9, Brdt, Brf1, Brf2, Brip1, Brms1, Brms1l, Brpf1, Brpf3, Brwd1, Brwd3, Bsg, Bst2, Bsx, Btaf1, Btbd18, Btg2, Btg4, Btk, Btn1a1, Btn2a2, Btnl1, Btnl10, Btnl12, Btnl2, Btnl4, Btnl6, Btnl9, Btrc, Bud23, Bud31, Bzw1, Bzw2, C1d, C1qbp, C1qtnf1, C1qtnf3, C1qtnf4, C3, C3ar1, C5ar1, C5ar2, Cacng7, Cactin, Cadm1, Calcoco1, Calcr, Calhm6, Calr, Camk1, Camk1d, Camk2a, Camk4, Camp, Camta1, Camta2, Cand1, Capn2, Capn3, Caprin1, Caprin2, Card11, Card14, Card9, Carf, Carhsp1, Carlr, Carm1, Carmil2, Carmn, Cartpt, Casc3, Cask, Casp1, Casp3, Casp4, Casp8, Casp8ap2, Casr, Casz1, Cat, Cav1, Cavin2, Cavin3, Cavin4, Cbfa2t2, Cbfa2t3, Cbfb, Cbx1, Cbx2, Cbx3, Cbx4, Cbx5, Cbx6, Cbx7, Cbx8, Cby1, Cc2d1a, Cc2d1b, Ccar1, Ccar2, Ccbe1, Ccdc3, Ccdc62, Ccdc85b, Ccdc88b, Ccl1, Ccl19, Ccl2, Ccl20, Ccl3, Ccl4, Ccl5, Ccm2l, Ccn1, Ccn2, Ccn3, Ccn4, Ccna2, Ccnb1, Ccnc, Ccnd1, Ccnd3, Ccne1, Ccnh, Ccnk, Ccnl1, Ccnl2, Ccnq, Ccnt1, Ccnt2, Ccpg1, Ccr1, Ccr1l1, Ccr2, Ccr5, Ccr7, Cd14, Cd160, Cd1d1, Cd1d2, Cd2, Cd200, Cd200r1, Cd209b, Cd209d, Cd22, Cd226, Cd244a, Cd24a, Cd27, Cd274, Cd276, Cd28, Cd2ap, Cd300c2, Cd300ld, Cd34, Cd36, Cd37, Cd38, Cd3e, Cd4, Cd40, Cd40lg, Cd44, Cd46, Cd47, Cd55, Cd55b, Cd59a, Cd6, Cd74, Cd81, Cd83, Cd84, Cd86, Cd96, Cdc14a, Cdc14b, Cdc37, Cdc5l, Cdc5lrt1, Cdc5lrt10, Cdc5lrt4, Cdc5lrt5, Cdc5lrt6, Cdc5lrt7, Cdc5lrt8, Cdc5lrt9, Cdc73, Cdca7, Cdca7l, Cdh1, Cdh13, Cdh3, Cdh5, Cdk1, Cdk11b, Cdk12, Cdk13, Cdk2, Cdk20, Cdk2ap1, Cdk2ap1rt, Cdk3, Cdk4, Cdk5, Cdk5r1, Cdk5rap1, Cdk5rap2, Cdk5rap3, Cdk6, Cdk7, Cdk8, Cdk9, Cdkn1a, Cdkn1b, Cdkn1c, Cdkn2a, Cdkn3, Cdon, Cdx1, Cdx2, Cdx4, Cdyl, Ceacam1, Ceacam20, Cebpa, Cebpb, Cebpd, Cebpe, Cebpg, Cebpz, Cela1, Celf1, Celf2, Celf3, Celf4, Celf5, Celf6, Celrr, Celsr2, Cenpf, Cenpk, Cenpv, Cep128, Cep290, Cer1, Ces1d, Ces1g, Cflar, Cgas, Cggbp1, Chac1, Chaer1, Chaserr, Chchd2, Chchd2-ps, Chd3, Chd4, Chd5, Chd6, Chd7, Chd8, Chek1, Chek2, Chi3l1, Chia1, Chid1, Chil3, Chil4, Chil5, Chil6, Chmp1a, Chp1, Chp2, Chrna7, Chuk, Churc1, Ciao1, Ciao3, Ciart, Cib1, Cic, Cidea, Ciita, Cilp, Cipc, Cir1, Cirbp, Cited1, Cited2, Cited4, Ckap2, Ckap5, Cks1b, Cks2, Clcf1, Cldn19, Cldn3, Cldn5, Clec12a, Clec2i, Clec3b, Clec4a2, Clec4a3, Clec4a4, Clec4e, Clec4n, Clec5a, Clec7a, Clec9a, Clk1, Clk2, Clk3, Clk4, Cln3, Clnk, Clns1a, Clock, Clp1, Clu, Cmklr1, Cmtm2a, Cnbp, Cnn2, Cnot1, Cnot10, Cnot11, Cnot2, Cnot3, Cnot6, Cnot6l, Cnot7, Cnot8, Cnot9, Cnpy2, Cntf, Cntn1, Cntn2, Coa3, Col1a1, Col2a1, Commd1, Commd6, Commd7, Comp, Cops2, Cops5, Coq7, Cpap, Cpb2, Cpeb1, Cpeb2, Cpeb3, Cpeb4, Cphx1, Cpne1, Cpped1, Cptp, Creb1, Creb3, Creb3l1, Creb3l2, Creb3l3, Creb3l4, Creb5, Crebbp, Crebl2, Crebrf, Crebzf, Creg1, Crem, Crh, Crhr2, Crip1, Cripto, Crkl, Crlf2, Crlf3, Crnde, Crnn, Crp, Crtam, Crtc1, Crtc2, Crtc3, Crx, Crxos, Cry1, Cry2, Cryaa, Cryab, Cryba1, Crym, Csdc2, Csde1, Csf1, Csf1r, Csf2, Csf3, Csk, Csnk1d, Csnk1e, Csrnp1, Csrnp2, Csrnp3, Csrp3, Ctbp1, Ctbp2, Ctcf, Ctcfl, Ctdnep1, Ctdp1, Ctdsp1, Ctdsp2, Ctdspl, Ctdspl2, Cth, Ctif, Ctla2a, Ctnnb1, Ctnnbip1, Ctnnd1, Ctr9, Ctsh, Ctsz, Cuedc2, Cul3, Cux1, Cux2, Cwh43, Cx3cl1, Cx3cr1, Cxcl17, Cxcl5, Cxcr3, Cxxc1, Cxxc5, Cyba, Cybb, Cyfip1, Cyld, Cyp1a2, Cyp1b1, Cyp26b1, Cyp2j6, Cyp3a13, Cyp3a41a, Cyrib, Cys1, Cytl1, D1Pas1, Dab2, Dab2ip, Dach1, Dach2, Dact1, Dand5, Dap, Dapk1, Dapk3, Dapl1, Daxx, Dazap1, Dazl, Dbp, Dbx1, Dbx2, Dcaf1, Dcaf13, Dcaf6, Dcn, Dcp1a, Dcp1b, Dcp2, Dcps, Ddb1, Ddit3, Ddn, Ddr2, Ddrgk1, Ddx1, Ddx11, Ddx17, Ddx20, Ddx21, Ddx25, Ddx39b, Ddx3x, Ddx3y, Ddx4, Ddx41, Ddx49, Ddx5, Ddx54, Ddx56, Ddx6, Deaf1, Dedd, Defb25, Dek, Dennd1b, Depdc1a, Dgcr8, Dgkq, Dhh, Dhrs7b, Dhx29, Dhx33, Dhx34, Dhx36, Dhx58, Dhx9, Dicer1, Dido1, Dimt1, Dip2a, Dis3, Dis3l, Dis3l2, Dkc1, Dkk1, Dkk3, Dlg1, Dlk1, Dll1, Dll4, Dlx1, Dlx2, Dlx3, Dlx4, Dlx5, Dlx6, Dlx6os1, Dmap1, Dmbx1, Dmd, Dmrt1, Dmrt1i, Dmrt2, Dmrt3, Dmrta1, Dmrta2, Dmrtb1, Dmrtc2, Dmtf1, Dmtf1l, Dnaja3, Dnaja4, Dnajb1, Dnajb4, Dnajb5, Dnajb6, Dnajb9, Dnajc1, Dnajc17, Dnajc2, Dnajc3, Dnd1, Dnm1l, Dnmt1, Dnmt3a, Dnmt3b, Dnmt3l, Dot1l, Dpf1, Dpf2, Dpf3, Dppa2, Dppa3, Dppa5a, Dppa5b, Dpy30, Dr1, Drap1, Drd2, Drd3, Drgx, Drosha, Dtnbp1, Dtx3l, Dubr, Dus3l, Dusp1, Dusp10, Dusp12, Dusp13a, Dusp13b, Dusp14, Dusp15, Dusp18, Dusp19, Dusp2, Dusp21, Dusp22, Dusp23, Dusp26, Dusp28, Dusp29, Dusp3, Dusp4, Dusp5, Dusp6, Dusp7, Dusp8, Duxbl1, Duxf3, Duxf4, Dvl1, Dvl2, Dvl3, Dxo, Dyrk1a, Dyrk1b, Dysf, E130311K13Rik, E230001N04Rik, E2f1, E2f2, E2f3, E2f4, E2f5, E2f6, E2f7, E2f8, E4f1, Eaf1, Eaf2, Eapp, Ebf1, Ebf2, Ebf3, Ebf4, Ecd, Ecm1, Ecsit, Eda, Edar, Edc3, Edc4, Edf1, Edn1, Edn3, Ednrb, Edrf1, Eed, Eef1d, Eef2, Eef2k, Eefsec, Efcab7, Efemp1, Efna1, Egf, Egfr, Egln1, Egr1, Egr2, Egr3, Egr4, Ehf, Ehmt1, Ehmt2, Eid1, Eid2, Eid2b, Eif1, Eif2a, Eif2ak1, Eif2ak2, Eif2ak3, Eif2ak4, Eif2b5, Eif2s1, Eif3b, Eif3d, Eif3e, Eif3k, Eif4a1, Eif4a3, Eif4a3l1, Eif4a3l2, Eif4e, Eif4e2, Eif4e3, Eif4ebp1, Eif4ebp2, Eif4ebp3, Eif4enif1, Eif4g1, Eif4g2, Eif4g3, Eif5, Eif5a, Eif5a2, Eif5b, Eif6, Elane, Elavl1, Elavl4, Eldr, Elf1, Elf2, Elf3, Elf4, Elf5, Elk1, Elk3, Elk4, Ell, Ell2, Ell3, Eloa, Elob, Eloc, Elp3, Elp4, Emilin1, Emsy, Emx1, Emx2, En1, En2, Enc1, Endou, Eng, Eno1, Eno1b, Enpp1, Eny2, Eomes, Ep300, Ep400, Epas1, Epb41l4b, Epb41l5, Epc1, Epc2, Epcam, Epha2, Epha5, Ephb2, Ephx2, Epm2a, Epo, Epop, Eprs1, Epx, Erbb2, Erbb3, Erbb4, Erbin, Erc1, Ercc1, Ercc2, Ercc6, Ereg, Erf, Erfl, Erg, Eri1, Ermap, Ern1, Ern2, Erp29, Errfi1, Esr1, Esr2, Esrp1, Esrp2, Esrra, Esrrb, Esrrg, Esx1, Etf1, Ets1, Ets2, Etv1, Etv2, Etv3, Etv3l, Etv4, Etv5, Etv6, Evpl, Evx1, Evx2, Ewsr1, Exd1, Exosc10, Exosc2, Exosc3, Exosc4, Exosc5, Exosc6, Exosc7, Exosc8, Exosc9, Extl3, Eya1, Ezh1, Ezh2, Ezhip, Ezr, F11r, F12, F2, F2r, F2rl1, F3, Fabp4, Fadd, Fam170a, Fam220a, Fam47c, Fam47e, Fam50a, Fam76b, Fam98a, Fam98b, Fanca, Fancd2, Fank1, Fasl, Fastk, Fastkd1, Fastkd2, Fastkd3, Fastkd5, Fbln1, Fbln5, Fbp1, Fbxl19, Fbxo24, Fbxo4, Fbxw11, Fbxw7, Fcer1a, Fcer1g, Fcgr1, Fcgr2b, Fcgr3, Fcna, Fcnb, Fcor, Fech, Fer, Ferd3l, Fermt1, Fev, Fezf1, Fezf2, Ffar1, Ffar2, Ffar3, Ffar4, Fgf1, Fgf10, Fgf15, Fgf2, Fgf23, Fgf4, Fgf5, Fgf7, Fgf8, Fgf9, Fgfr1, Fgfr2, Fgfr3, Fgfr4, Fgr, Fhl2, Fhl5, Fhod1, Figla, Fiz1, Fkbp10, Fkbp11, Fkbp14, Fkbp1a, Fkbp1b, Fkbp2, Fkbp3, Fkbp4, Fkbp5, Fkbp6, Fkbp7, Fkbp8, Fkbp9, Flcn, Fli1, Flna, Flot1, Flot2, Flt1, Flt3, Flt3l, Flt4, Flywch1, Fmr1, Fn1, Fnip1, Fnip2, Focad, Fos, Fosb, Fosl1, Fosl2, Foxa1, Foxa2, Foxa3, Foxb1, Foxb2, Foxc1, Foxc2, Foxd1, Foxd2, Foxd3, Foxd4, Foxe1, Foxe3, Foxf1, Foxf2, Foxg1, Foxh1, Foxi1, Foxi2, Foxi3, Foxj1, Foxj2, Foxj3, Foxk1, Foxk2, Foxl1, Foxl2, Foxl3, Foxm1, Foxn1, Foxn2, Foxn3, Foxn4, Foxo1, Foxo3, Foxo4, Foxo6, Foxp1, Foxp2, Foxp3, Foxp4, Foxq1, Foxr1, Foxr2, Foxs1, Frk, Frmd8, Fshb, Fst, Fstl3, Fto, Ftx, Fubp1, Fubp3, Furin, Fus, Fut8, Fuz, Fxr1, Fxr2, Fyn, Fzd1, Fzd2, Fzd4, Fzd5, Fzd6, Fzd7, G3bp1, G6pc1, Gabpa, Gabpb1, Gabpb2, Gadd45a, Gal, Galr1, Galr2, Galr3, Gapdh, Gapdh-ps15, Gapdhrt, Gapdhrt2, Garin5a, Gas1, Gas5, Gas6, Gata1, Gata2, Gata3, Gata4, Gata5, Gata6, Gatad1, Gatad2a, Gatad2b, Gba1, Gbp4, Gbp5, Gbp7, Gbx1, Gbx2, Gcgr, Gclc, Gcm1, Gcm2, Gcn1, Gcnt2, Gdf2, Gdf6, Gdf7, Gdnf, Gemin5, Gfi1, Gfi1b, Gfpt1, Ggnbp2, Ghrh, Ghrl, Ghsr, Gigyf2, Gimap3, Gimap5, Git1, Gja1, Gja8, Gjc2, Glg1, Gli1, Gli2, Gli3, Glis1, Glis2, Glis3, Glmn, Glmp, Glo1, Glp1r, Glrp1, Glyr1, Gm10033, Gm12258, Gm14295, Gm14322, Gm14325, Gm14391, Gm14399, Gm14401, Gm14403, Gm14412, Gm14418, Gm14434, Gm14443, Gm14444, Gm15446, Gm17067, Gm17655, Gm19965, Gm20737, Gm20738, Gm20747, Gm20773, Gm20795, Gm20806, Gm20807, Gm20808, Gm20812, Gm20815, Gm20816, Gm20818, Gm20821, Gm20822, Gm20825, Gm20826, Gm20830, Gm20834, Gm20852, Gm20854, Gm20865, Gm20873, Gm20914, Gm20917, Gm20918, Gm21118, Gm21292, Gm21310, Gm21394, Gm21719, Gm21778, Gm21812, Gm21854, Gm2381, Gm28171, Gm32687, Gm35315, Gm3604, Gm38999, Gm4275, Gm45871, Gm4767, Gm4924, Gm5141, Gm6871, Gm7072, Gm7324, Gmcl1, Gmeb1, Gmeb2, Gmnn, Gnas, Gnasas1, Gnb3, Gnl3, Gnrh1, Gon4l, Gpam, Gpat2, Gpatch3, Gpbp1, Gpbp1l1, Gper1, Gpi1, Gpnmb, Gpr174, Gpr18, Gprc5b, Gps2, Gpsm3, Gpx1, Grb7, Grem1, Grhl1, Grhl2, Grhl3, Gria1, Grin1, Grk2, Grm5, Grp, Grsf1, Gsc, Gsc2, Gsdma3, Gsdmd, Gsk3a, Gsk3b, Gsn, Gspt1, Gspt2, Gstp-ps, Gstp1, Gstp2, Gstp3, Gsx1, Gsx2, Gtdc1, Gtf2a1, Gtf2a2, Gtf2f1, Gtf2f2, Gtf2h1, Gtf2h2, Gtf2h3, Gtf2i, Gtf2ird1, Gtpbp1, Gtpbp2, Gtsf1, Guf1, Gzf1, Gzmb, Gzmc, Gzmn, H19, H1f0, H1f2, H1f3, H1f4, H1f5, H1f8, H1f9, H2-M3, H2-Q9, H2-T23, H2ab1, H2ab2, H2ab3, H2ac1, H2ac10, H2ac11, H2ac12, H2ac13, H2ac15, H2ac19, H2ac20, H2ac21, H2ac22, H2ac23, H2ac24, H2ac25, H2ac4, H2ac6, H2ac7, H2ac8, H2aj, H2al1b, H2al1e, H2al1f, H2al1j, H2al1k, H2al1m, H2al1n, H2al1o, H2al2a, H2al2b, H2al3, H2ap, H2ax, H2az1, H2az2, H3c14, H3f3a, H3f3b, H60a, Habp4, Halr1, Hamp, Hand1, Hand2, Hand2os1, Has3, Hat1, Havcr2, Hax1, Hba-x, Hbb-b1, Hbb-bh1, Hbb-y, Hbp1, Hbs1l, Hc, Hcfc1, Hcfc2, Hck, Hcls1, Hdac1, Hdac10, Hdac11, Hdac2, Hdac3, Hdac4, Hdac5, Hdac6, Hdac7, Hdac8, Hdac9, Hdgf, Hdx, Heatr1, Heg1, Hells, Helt, Helz, Helz2, Henmt1, Hes1, Hes2, Hes3, Hes5, Hes6, Hes7, Hesx1, Hexb, Hexim1, Hexim2, Hey1, Hey2, Heyl, Hfe, Hgf, Hgs, Hhex, Hic1, Hic2, Hif1a, Hif1an, Hif3a, Hilpda, Hinfp, Hint1, Hipk1, Hipk2, Hipk3, Hira, Hivep1, Hivep2, Hivep3, Hjv, Hk1, Hlf, Hltf, Hlx, Hm629797, Hmbox1, Hmces, Hmg20a, Hmg20b, Hmga1, Hmga1b, Hmga2, Hmgb1, Hmgb2, Hmgb4, Hmgn1, Hmgn2, Hmgn3, Hmgn5, Hmox1, Hmx1, Hmx2, Hmx3, Hnf1a, Hnf1b, Hnf4a, Hnf4g, Hnrnpa0, Hnrnpa1, Hnrnpa2b1, Hnrnpab, Hnrnpc, Hnrnpd, Hnrnpdl, Hnrnpf, Hnrnph1, Hnrnph2, Hnrnph3, Hnrnpk, Hnrnpl, Hnrnpll, Hnrnpr, Hnrnpu, Homer2, Homer3, Homez, Hopx, Hotair, Hoxa1, Hoxa10, Hoxa11, Hoxa11os, Hoxa13, Hoxa2, Hoxa3, Hoxa4, Hoxa5, Hoxa6, Hoxa7, Hoxa9, Hoxb1, Hoxb13, Hoxb2, Hoxb3, Hoxb4, Hoxb5, Hoxb6, Hoxb7, Hoxb8, Hoxb9, Hoxc10, Hoxc11, Hoxc12, Hoxc13, Hoxc4, Hoxc5, Hoxc6, Hoxc8, Hoxc9, Hoxd1, Hoxd10, Hoxd11, Hoxd12, Hoxd13, Hoxd3, Hoxd4, Hoxd8, Hoxd9, Hp1bp3, Hpn, Hpse, Hpx, Hr, Hras, Hrg, Hsbp1, Hsbp1l1, Hsf1, Hsf2, Hsf3, Hsf4, Hsf5, Hsp90aa1, Hspa1a, Hspa1b, Hspa4, Hspa8, Hspb1, Hspd1, Htatip2, Htr2a, Htr2b, Htt, Huwe1, Hyal2, Hymai, Iapp, Ice1, Ice2, Icosl, Id1, Id2, Id3, Id4, Ido1, Ier2, Ier5, Ifi203, Ifi203-ps, Ifi204, Ifi206, Ifi207, Ifi208, Ifi209, Ifi213, Ifi214, Ifi27, Ifih1, Ifna, Ifnar1, Ifnar2, Ifnb1, Ifng, Ifngr1, Ifnk, Ifrd1, Ifrd2, Ift172, Ift52, Ift74, Ift88, Igbp1, Igf1, Igf1r, Igf2, Igf2bp1, Igf2bp2, Igf2bp3, Igfbp5, Igh-7, Ighd, Ighm, Ighmbp2, Igsf1, Igtp, Ihh, Ikbkb, Ikbke, Ikbkg, Ikzf1, Ikzf2, Ikzf3, Ikzf4, Ikzf5, Il10, Il11, Il12a, Il12b, Il12rb1, Il12rb2, Il13, Il13ra1, Il13ra2, Il15, Il16, Il17a, Il17b, Il17c, Il17d, Il17f, Il17ra, Il17rb, Il17rc, Il18, Il18r1, Il18rap, Il1a, Il1b, Il1r1, Il1r2, Il1rap, Il1rl1, Il1rl2, Il2, Il20rb, Il21, Il22, Il23a, Il23r, Il25, Il27, Il27ra, Il2rg, Il3, Il33, Il34, Il36a, Il36b, Il36g, Il36rn, Il4, Il4i1, Il4i1b, Il4ra, Il5, Il5ra, Il6, Il6ra, Il7, Il7r, Il9, Ildr1, Ildr2, Ilf2, Ilf3, Ilk, Ilkap, Ilrun, Impact, Inava, Ing1, Ing2, Ing3, Ing4, Ing5, Inhba, Inhbb, Ino80, Ino80b, Ino80c, Ino80d, Ino80e, Inpp5b, Inpp5d, Inpp5e, Inpp5k, Inppl1, Ins1, Ins2, Insm1, Insm2, Insr, Ippk, Iqce, Iqgap1, Iqgap3, Irak1, Irak2, Irak3, Ireb2, Irf1, Irf2, Irf2bp1, Irf2bp2, Irf2bpl, Irf3, Irf4, Irf5, Irf6, Irf7, Irf8, Irf9, Irgm1, Irgm2, Irs1, Irx1, Irx2, Irx3, Irx4, Irx5, Irx6, Isg15, Isl1, Isl2, Isx, Itch, Itga2, Itga3, Itga6, Itga8, Itgax, Itgb1bp1, Itgb3, Itgb3bp, Itgb8, Itk, Ivl, Jade1, Jade2, Jade3, Jag1, Jak2, Jak3, Jarid2, Jazf1, Jdp2, Jmjd1c, Jmjd4, Jmjd6, Jmy, Jph2, Jph4, Jpx, Jun, Junb, Jund, Jup, Kank2, Kansl1, Kansl2, Kansl3, Kantr, Kars1, Kat14, Kat2a, Kat2b, Kat5, Kat6a, Kat6b, Kat7, Kat8, Kbtbd8, Kcnh2, Kcnip3, Kcnn4, Kcnq1ot1, Kctd1, Kctd15, Kdm1a, Kdm1b, Kdm2a, Kdm2b, Kdm3a, Kdm3b, Kdm4a, Kdm4b, Kdm4c, Kdm4d, Kdm5a, Kdm5b, Kdm5c, Kdm5d, Kdm6a, Kdm6b, Kdm7a, Kdm8, Kdr, Keap1, Khdrbs1, Khdrbs2, Khdrbs3, Khsrp, Kif1b, Kit, Klf1, Klf10, Klf11, Klf12, Klf13, Klf14, Klf15, Klf16, Klf17, Klf2, Klf3, Klf4, Klf5, Klf6, Klf7, Klf8, Klf9, Klhl22, Klhl25, Klk5, Klk7, Klre1, Klrh1, Klrk1, Kmt2a, Kmt2b, Kmt2c, Kmt2d, Kmt2e, Kmt5a, Kmt5b, Kmt5c, Kpna2, Kpna2rt, Kpna6, Kpna7, Kras, Krt13, Krt17, L3mbtl1, L3mbtl2, L3mbtl3, L3mbtl4, Lacc1, Lag3, Lamp3, Lamtor5, Lancl2, Laptm4b, Laptm5, Larp1, Larp4, Larp4b, Larp6, Larp7, Larp7-ps, Lbh, Lbp, Lbr, Lbx1, Lbx2, Lck, Lcn2, Lcor, Lcorl, Ldb1, Ldb2, Ldlr, Ldlrad3, Lef1, Lefty1, Leo1, Lep, Lgals9, Lgmn, Lgr4, Lhx1, Lhx2, Lhx3, Lhx4, Lhx5, Lhx6, Lhx8, Lhx9, Lif, Lilra5, Lilrb4a, Lilrb4b, Limd1, Lime1, Lims1, Lin28a, Lin28b, Lin37, Lin52, Lin54, Lin9, Litaf, Litafd, Lmcd1, Lmna, Lmnb1, Lmnb2, Lmntd2, Lmo1, Lmo2, Lmo3, Lmo4, Lmo7, Lmx1a, Lmx1b, Lncenc1, Lox, Loxl2, Loxl3, Lpar5, Lpin1, Lpin2, Lpin3, Lpl, Lrif1, Lrp1, Lrp3, Lrp5, Lrp6, Lrpprc, Lrrc14, Lrrc19, Lrrc32, Lrrfip1, Lrrfip2, Lrrk2, Lsm1, Lsm14a, Lsm14b, Lsm2, Lsm4, Lsm5, Lsm6, Lsm7, Lta, Ltb, Ltf, Lum, Lurap1, Ly9, Ly96, Lyar, Lyl1, Lyn, Macc1, Macir, Macroh2a1, Macroh2a2, Mad2l2, Mael, Maf, Maf1, Mafa, Mafb, Maff, Mafg, Mafk, Magea1, Magea10, Magea13, Magea14, Magea2, Magea3, Magea4, Magea5, Magea6, Magea8, Magea9, Mageb11, Mageb16, Mageb18, Mageb2, Mageb3, Mageb4, Mageb5, Mageb5b, Mageb6b1, Magec2, Maged1, Maged2, Magee1, Magee2, Mageh1, Magel2, Magoh, Magohb, Mak, Malat1, Malsu1, Malt1, Maml1, Maml2, Maml3, Mamld1, Mamstr, Mannr, Map2k1, Map2k2, Map2k3, Map2k5, Map2k7, Map3k1, Map3k10, Map3k12, Map3k13, Map3k20, Map3k4, Map3k5, Map3k7, Mapk1, Mapk10, Mapk11, Mapk13, Mapk14, Mapk15, Mapk3, Mapk7, Mapk8, Mapk8ip1, Mapk8ip3, Mapk9, Mapkapk2, Mapkapk5, Mapkbp1, Mapre3, Mapt, Marf1, Mark1, Mars1, Mast2, Matr3, Mavs, Max, Maz, Mbd1, Mbd2, Mbd3, Mbd3l1, Mbd3l2, Mbip, Mbl2, Mbnl1, Mbnl2, Mbnl3, Mbp, Mbtd1, Mbtps2, Mc1r, Mc3r, Mcf2l, Mcidas, Mcoln2, Mcph1, Mcrs1, Mcts1, Mdfi, Mdfic, Mdfic2, Mdk, Mdm2, Mdm4, Meaf6, Mecom, Mecp2, Med1, Med10, Med11, Med12, Med12l, Med13, Med13l, Med14, Med15, Med16, Med17, Med18, Med19, Med20, Med21, Med22, Med23, Med24, Med25, Med26, Med27, Med28, Med29, Med30, Med31, Med4, Med6, Med7, Med8, Med9, Mef2a, Mef2b, Mef2c, Mef2d, Mefv, Meg3, Megf8, Meioc, Meiosin, Meis1, Meis2, Meis3, Meltf, Men1, Meox1, Meox2, Mepce, Mertk, Mesp1, Mesp2, Met, Mettl1, Mettl13, Mettl14, Mettl16, Mettl18, Mettl23, Mettl3, Mettl4, Mettl5, Mettl8, Mex3d, Mfn2, Mga, Mical2, Mid2, Mideas, Mier1, Mier2, Mier3, Mif, Mif4gd, Mir100, Mir101a, Mir101b, Mir103-1, Mir103-2, Mir107, Mir10a, Mir122, Mir124-2hg, Mir1247, Mir124a-1, Mir124a-1hg, Mir124a-2, Mir124a-3, Mir125a, Mir125b-1, Mir125b-2, Mir127, Mir129, Mir129-1, Mir129-2, Mir133a-1, Mir133a-1hg, Mir133a-2, Mir133b, Mir134, Mir135a-1, Mir135a-2, Mir136, Mir137, Mir139, Mir140, Mir143, Mir144, Mir146, Mir150, Mir153, Mir154, Mir155, Mir15a, Mir17, Mir18, Mir181b-1, Mir181b-2, Mir182, Mir183, Mir184, Mir186, Mir188, Mir196a-1, Mir196a-2, Mir196b, Mir1a-1, Mir1a-2, Mir1b, Mir200a, Mir200b, Mir203, Mir204, Mir205, Mir205hg, Mir208a, Mir208b, Mir20a, Mir214, Mir217, Mir218, Mir218-1, Mir218-2, Mir219a-1, Mir219a-2, Mir21a, Mir21b, Mir21c, Mir221, Mir223, Mir23a, Mir23b, Mir24-1, Mir24-2, Mir26a-1, Mir26a-2, Mir26b, Mir27a, Mir27b, Mir292, Mir293, Mir294, Mir295, Mir296, Mir29a, Mir29b-1, Mir29b-2, Mir29c, Mir301, Mir30a, Mir30b, Mir30c-1, Mir30c-2, Mir320, Mir324, Mir326, Mir33, Mir330, Mir338, Mir34a, Mir34b, Mir34c, Mir351, Mir370, Mir382, Mir3960, Mir411, Mir423, Mir448, Mir449a, Mir449b, Mir449c, Mir450b, Mir451a, Mir451b, Mir452, Mir466, Mir466d, Mir466e, Mir466l, Mir470, Mir489, Mir494, Mir495, Mir499, Mir504, Mir505, Mir511, Mir539, Mir541, Mir543, Mir668, Mir669a-1, Mir669a-2, Mir669a-3, Mir669a-4, Mir669a-5, Mir669a-6, Mir675, Mir696, Mir7-1, Mir7-2, Mir702, Mir7116, Mir744, Mir7578, Mir7b, Mir873a, Mir874, Mir875, Mir9-1, Mir9-2, Mir9-3, Mir92-1, Mir92-2, Mir96, Mir98, Mirlet7a-1, Mirlet7a-2, Mirlet7b, Mirlet7c-1, Mirlet7c-2, Mirlet7e, Mirlet7g, Mis18a, Mitf, Mixl1, Mkks, Mknk1, Mknk2, Mkrn2, Mkx, Mlf1, Mlf2, Mlh1, Mlip, Mllt1, Mllt10, Mllt11, Mllt3, Mllt6, Mlx, Mlxip, Mlxipl, Mmp12, Mmp14, Mmp8, Mms19, Mn1, Mnat1, Mndal, Mnt, Mnx1, Mog, Morc1, Morc2a, Morc2b, Morc3, Morf4l1, Morf4l2, Mospd1, Mov10, Mov10l1, Mphosph8, Mpl, Mpv17l2, Mrgbp, Mrpl12, Mrpl13, Mrps27, Mrtfa, Mrtfb, Mrto4, Msantd1, Msc, Msgn1, Msh2, Msi1, Msi2, Msl1, Msl2, Msl3, Msn, Msr1, Mst1, Mstn, Msx1, Msx1os, Msx2, Msx3, Mt3, Mta1, Mta2, Mta3, Mtdh, Mterf1a, Mterf1b, Mterf2, Mterf3, Mterf4, Mtf1, Mtf2, Mtg1, Mtg2, Mtor, Mtpap, Mtpn, Mtres1, Mturn, Muc1, Muc16, Mul1, Mup1, Mup11, Mup2, Mup3, Mup4, Mup5, Musk, Mustn1, Mvk, Mxd1, Mxd3, Mxd4, Mxi1, Myadm, Myb, Mybbp1a, Mybl1, Mybl2, Myc, Mycbp, Mycbp2, Mycl, Mycn, Mycs, Myd88, Mydgf, Myef2, Myf5, Myf6, Myh9, Mylk2, Mynn, Myo1c, Myocd, Myod1, Myog, Myom1, Myoz1, Myoz2, Mypop, Myrf, Myrfl, Mysm1, Myt1, Myt1l, Mzb1, Mzf1, n-TUtca2, N4bp1, N4bp2l2, N6amt1, Naa15, Nab1, Nab2, Nacc1, Nacc2, Naf1, Naip5, Nampt, Nanog, Nanos1, Nanos2, Nanos3, Nat10, Nat8, Nat8b-ps, Nat8f1, Nat8f7, Nav3, Nbas, Nbdy, Ncbp1, Ncbp2, Ncbp3, Nck1, Nck2, Nckap1l, Ncl, Ncoa1, Ncoa2, Ncoa3, Ncoa6, Ncoa7, Ncor1, Ncor2, Ndfip1, Ndfip2, Ndn, Ndp, Ndrg2, Ndufa13, Nedd4, Nedd8, Nek4, Nelfa, Nelfb, Nelfcd, Nelfe, Nell1, Neo1, Nepn, Neurl1a, Neurod1, Neurod2, Neurod4, Neurod6, Neurog1, Neurog2, Neurog3, Nf1, Nfam1, Nfat5, Nfatc1, Nfatc2, Nfatc2ip, Nfatc3, Nfatc4, Nfe2, Nfe2l1, Nfe2l2, Nfe2l3, Nfia, Nfib, Nfic, Nfil3, Nfilz, Nfix, Nfkb1, Nfkb2, Nfkbia, Nfkbid, Nfkbie, Nfkbil1, Nfkbiz, Nfrkb, Nfx1, Nfxl1, Nfya, Nfyb, Nfyc, Ngdn, Ngf, Ngfr, Ngrn, Nhlh1, Nhlh2, Nhlrc1, Niban1, Niban2, Nicol1, Nif3l1, Nipbl, Nkap, Nkapl, Nkd2, Nkrf, Nktr, Nkx1-1, Nkx1-2, Nkx2-1, Nkx2-2, Nkx2-2os, Nkx2-3, Nkx2-4, Nkx2-5, Nkx2-6, Nkx2-9, Nkx3-1, Nkx3-2, Nkx6-1, Nkx6-2, Nkx6-3, Nlk, Nlrc3, Nlrc4, Nlrc5, Nlrp10, Nlrp12, Nlrp1a, Nlrp1b, Nlrp3, Nlrp5, Nlrp6, Nlrp9b, Nlrx1, Nmb, Nmbr, Nme1, Nme2, Nmi, Nmnat1, Nmnat2, Nobox, Noc2l, Noct, Nod1, Nod2, Nodal, Nog, Nol11, Nol3, Nolc1, Nono, Nop53, Nos1, Nos2, Nos3, Nostrin, Notch1, Notch2, Notch3, Notch4, Noto, Nova1, Nova2, Nox1, Npas1, Npas2, Npas3, Npas4, Npat, Nploc4, Npm1, Npnt, Nptn, Nr0b1, Nr0b2, Nr1d1, Nr1d2, Nr1h2, Nr1h3, Nr1h4, Nr1h5, Nr1i2, Nr1i3, Nr2c1, Nr2c2, Nr2e1, Nr2e3, Nr2f1, Nr2f2, Nr2f6, Nr3c1, Nr3c2, Nr4a1, Nr4a2, Nr4a3, Nr5a1, Nr5a2, Nr6a1, Nrarp, Nras, Nrbf2, Nrde2, Nrf1, Nrg1, Nrip1, Nrip2, Nrl, Nron, Nrxn1, Nscme3l, Nsd1, Nsd2, Nsd3, Nsmce3, Nsrp1, Nsun2, Nsun3, Nsun4, Nsun5, Ntf3, Ntn3, Ntrk1, Ntrk2, Ntrk3, Nts, Ntsr1, Nucks1, Nudt12, Nudt16, Nudt16l2, Nudt21, Nufip1, Nup155, Nup62, Nup85, Nup98, Nupr1, Nupr2, Nutf2, Nutf2-ps1, Nwd1, Oas1a, Oas1b, Oas1c, Oas1d, Oas1e, Oas1f, Oas1g, Oas1h, Oas2, Oas3, Obi1, Obox1, Obox2, Obox3, Obox4, Obox5, Obox6, Obox7, Obox8, Ocln, Odam, Ogfod1, Ogg1, Ogt, Olfm1, Olig1, Olig2, Olig3, Olr1, Onecut1, Onecut2, Onecut3, Oog1, Oog2, Oog3, Opa1, Oprd1, Optn, Osm, Osr1, Osr2, Otp, Otud5, Otud6b, Otud7b, Otulin, Otx1, Otx2, Ovol1, Ovol2, Ovol3, P2rx2, P2rx7, P2ry1, P2ry2, Pa2g4, Pabpc1, Pabpc1l, Pabpc4, Pabpn1l, Padi2, Padi6, Paf1, Pagr1a, Paip1, Paip2, Paip2b, Pak1, Pam, Pan2, Pan3, Pantr1, Pantr2, Panx1, Panx2, Panx3, Park7, Parn, Parp1, Parp10, Parp14, Parp16, Parp3, Parp9, Pasd1, Pask, Patl1, Patl2, Patz1, Pawr, Pax1, Pax2, Pax3, Pax4, Pax5, Pax6, Pax7, Pax8, Pax9, Paxbp1, Paxip1, Pbrm1, Pbx1, Pbx2, Pbx3, Pbx4, Pbxip1, Pcbd1, Pcbd2, Pcbp1, Pcbp2, Pcbp3, Pcbp4, Pcgf1, Pcgf2, Pcgf3, Pcgf5, Pcgf6, Pcid2, Pcif1, Pck1, Pcna, Pcx, Pdcd10, Pdcd1lg2, Pdcd4, Pdcd5, Pdcd5-ps, Pdcd7, Pdcl3, Pde12, Pde2a, Pde4b, Pde4d, Pdgfb, Pdgfra, Pdlim1, Pdx1, Pdxp, Peg3, Peli1, Peli3, Pelo, Pelp1, Per1, Per2, Per3, Perm1, Pex14, Pf4, Pfdn5, Pfkm, Pfn1, Pgam5, Pgc, Pglyrp1, Pglyrp2, Pglyrp3, Pglyrp4, Pgr, Phactr1, Phax, Phb1, Phb2, Phc1, Phc2, Phc3, Phf1, Phf10, Phf12, Phf14, Phf19, Phf2, Phf20, Phf20l1, Phf21a, Phf3, Phf5a, Phf6, Phf8, Phgdh, Phip, Phlda2, Phlpp1, Phlpp2, Phox2a, Phox2b, Pias1, Pias2, Pias3, Pias4, Pibf1, Picalm, Pick1, Pid1, Pierce1, Pih1d1, Pik3ca, Pik3cb, Pik3cd, Pik3r1, Pik3r2, Pik3r3, Pim1, Pim2, Pin1, Pin1rt1, Pin4, Pink1, Pip, Pithd1, Pitx1, Pitx2, Pitx3, Piwil1, Piwil2, Piwil4, Pkd1, Pkd2, Pkhd1, Pkia, Pkig, Pkm, Pkn1, Pknox1, Pknox2, Pkp1, Pkp3, Pla2g10, Pla2g3, Pla2r1, Plac8, Plag1, Plagl1, Plagl2, Plat, Platr25, Plau, Plaur, Plcb1, Plcg2, Pld1, Pld3, Pld4, Pld6, Plekhn1, Plgrkt, Plk1, Plk3, Plp1, Plpp3, Plscr1, Plxnb2, Pmf1, Pml, Pmp22, Pms2, Pnldc1, Pnp, Pnp2, Pnpt1, Pnrc1, Pnrc2, Pofut2, Pogk, Pogz, Pola1, Poldip3, Pole3, Polr2a, Polr2g, Polr3a, Polr3b, Polr3c, Polr3d, Polr3f, Polr3g, Pomc, Postn, Pou1f1, Pou2af1, Pou2af2, Pou2af3, Pou2f1, Pou2f2, Pou2f3, Pou3f1, Pou3f2, Pou3f3, Pou3f4, Pou4f1, Pou4f2, Pou4f3, Pou5f1, Pou5f2, Pou6f1, Pou6f2, Ppara, Ppard, Pparg, Ppargc1a, Ppargc1b, Ppef1, Ppef2, Pphln1, Ppia, Ppib, Ppic, Ppid, Ppie, Ppif, Ppig, Ppih, Ppil1, Ppil3, Ppil4, Ppl, Ppm1a, Ppm1b, Ppm1d, Ppm1e, Ppm1f, Ppm1g, Ppm1h, Ppm1j, Ppm1k, Ppm1l, Ppm1m, Ppm1n, Ppp1ca, Ppp1cb, Ppp1cc, Ppp1r11, Ppp1r12a, Ppp1r13l, Ppp1r15a, Ppp1r15b, Ppp2ca, Ppp2cb, Ppp2r5b, Ppp2r5d, Ppp3ca, Ppp3cb, Ppp3cc, Ppp3r1, Ppp4c, Ppp5c, Ppp6c, Pprc1, Pptc7, Ppwd1, Pqbp1, Pramel1, Pramel7, Prdm1, Prdm10, Prdm11, Prdm12, Prdm13, Prdm14, Prdm15, Prdm16, Prdm2, Prdm4, Prdm5, Prdm6, Prdm8, Prdm9, Prdx2, Prdx3, Prdx5, Prdx6, Prdx6b, Preb, Prg2, Prg3, Prg4, Prickle1, Prkaa1, Prkaa2, Prkab1, Prkaca, Prkacb, Prkag1, Prkar1a, Prkca, Prkcb, Prkch, Prkci, Prkcq, Prkcz, Prkd1, Prkd2, Prkdc, Prkg2, Prkn, Prkra, Prl, Prl2c2, Prmt1, Prmt2, Prmt3, Prmt5, Prmt6, Prmt7, Prmt8, Prmt9, Prnp, Prop1, Prox1, Prox2, Prpf19, Prpf6, Prr16, Prr5l, Prr7, Prrx1, Prrx2, Prss37, Prx, Psen1, Psen2, Psg18, Psg22, Psg23, Psip1, Psma6, Psmc3ip, Psmc5, Psmc6, Psmd10, Psmd9, Pspc1, Psrc1, Pstk, Ptafr, Ptbp1, Ptbp2, Ptbp3, Ptcd2, Ptcd3, Ptch1, Pten, Ptf1a, Ptger3, Ptger4, Ptges2, Ptges3, Ptgfr, Ptgis, Ptgs2, Ptgs2os, Ptgs2os2, Pth, Pthlh, Ptk2b, Ptma, Ptms, Ptov1, Ptp4a3, Ptpa, Ptpmt1, Ptpn11, Ptpn2, Ptpn22, Ptpn6, Ptprc, Ptprj, Ptprk, Ptprn, Ptprs, Ptrh2, Puf60, Pum1, Pum2, Pum3, Pura, Purb, Purg, Pus1, Pus10, Pus7, Pwp1, Pwwp2a, Pwwp2b, Pycard, Pygo1, Pym1, Qars1, Qki, Qrich1, Rab1a, Rab27a, Rab2b, Rab3gap1, Rab7b, Rabgef1, Rac1, Rack1, Rad21, Rad54l2, Raet1b, Raf1, Rag1, Rag2, Rai1, Ralgapa1, Raly, Ramp2, Ramp3, Rap2c, Rapgef3, Rara, Rarb, Rarg, Rasal2, Rasd1, Rasgrp1, Rasl11a, Rax, Rb1, Rbak, Rbbp4, Rbbp5, Rbbp7, Rbbp8, Rbbp9, Rbck1, Rbfox1, Rbfox2, Rbfox3, Rbl1, Rbl2, Rbm10, Rbm11, Rbm12, Rbm12b1, Rbm12b2, Rbm14, Rbm15, Rbm15b, Rbm20, Rbm22, Rbm24, Rbm25, Rbm3, Rbm31y, Rbm33, Rbm38, Rbm39, Rbm4, Rbm42, Rbm46, Rbm47, Rbm4b, Rbm5, Rbm7, Rbm8a, Rbm8a2, Rbms3, Rbmx, Rbmxl1, Rbmxl2, Rbmy, Rbmyf1, Rbmyf3, Rbmyf6, Rbmyf9, Rbp4, Rbpj, Rbpjl, Rbpms, Rbpms2, Rbx1, Rbx1-ps, Rc3h1, Rc3h2, Rcc1l, Rcor1, Rcor2, Rcor3, Rdx, Recql5, Reg1, Rel, Rela, Relb, Reln, Reno1, Repin1, Rere, Resf1, Rest, Ret, Rex2, Rfc1, Rfpl4, Rftn1, Rfx1, Rfx2, Rfx3, Rfx4, Rfx5, Rfx6, Rfx7, Rfx8, Rfxank, Rfxap, Rgcc, Rgma, Rgmb, Rgs2, Rhbdd1, Rhebl1, Rhoa, Rhog, Rhoq, Rhox1, Rhox10, Rhox11, Rhox12, Rhox13, Rhox2a, Rhox2b, Rhox2c, Rhox2d, Rhox2f, Rhox2g, Rhox2h, Rhox3a, Rhox3c, Rhox3f, Rhox3g, Rhox3h, Rhox4a, Rhox4b, Rhox4c, Rhox4d, Rhox4e, Rhox4f, Rhox4g, Rhox5, Rhox6, Rhox7a, Rhox7b, Rhox8, Rhox9, Rictor, Rida, Rif1, Rigi, Rims1, Rims2, Ring1, Riok1, Riok2, Riok3, Riox1, Riox2, Ripk1, Ripk2, Ripk3, Ripk4, Ripply1, Ripply2, Ripply3, Rit2, Rlf, Rlim, Rmnd1, Rnaseh2b, Rnasel, Rnf10, Rnf125, Rnf128, Rnf135, Rnf139, Rnf14, Rnf141, Rnf168, Rnf187, Rnf2, Rnf20, Rnf207, Rnf216, Rnf220, Rnf25, Rnf26, Rnf26rt, Rnf31, Rnf4, Rnf40, Rnf6, Rnf8, Rnps1, Ro60, Robo1, Rock1, Rock2, Rom1, Ror1, Ror2, Rora, Rorb, Rorc, Ros1, Rpap2, Rpf2, Rpl10, Rpl10-ps3, Rpl11, Rpl13a, Rpl23, Rpl26, Rpl38, Rpl5, Rplp1, Rprd1b, Rps13, Rps14, Rps26, Rps27l, Rps3, Rps4x, Rps6ka1, Rps6ka2, Rps6ka3, Rps6ka4, Rps6ka5, Rps6kb1, Rps6kb2, Rps7, Rps9, Rptor, Rpusd3, Rpusd4, Rreb1, Rrn3, Rrp1b, Rrp8, Rsad2, Rsf1, Rsl1, Rslcan18, Rspo1, Rtf1, Rtkn2, Rtn4, Rtraf, Runx1, Runx1t1, Runx2, Runx3, Ruvbl1, Ruvbl2, Rwdd1, Rwdd3, Rxra, Rxrb, Rxrg, Rybp, Rybp-ps, S100a1, S100a10, S100a13, S100a9, S100b, S1pr1, S1pr3, Safb, Safb2, Sall1, Sall2, Sall3, Sall4, Samd1, Samd11, Samd4, Samd4b, Samd7, Sap130, Sap18, Sap18b, Sap25, Sap30, Sap30bp, Sap30l, Sarnp, Sars1, Sart3, Sash3, Satb1, Satb2, Sav1, Sbno1, Sbno2, Scaf4, Scaf8, Scai, Scamp5, Scand1, Scgb1a1, Scimp, Scmh1, Scml2, Scml4, Sco1, Scrib, Scrt1, Scrt2, Scx, Sdcbp, Sdr16c5, Sec16b, Secisbp2, Selenok, Selenos, Sema4d, Sema7a, Senp1, Senp2, Sepsecs, Serbp1, Serp1, Serpinb1a, Serpinb1b, Serpinb1c, Serpinb7, Serpine1, Serpine2, Serpinf1, Serpinf2, Sertad1, Sertad2, Sertad3, Sesn2, Setbp1, Setd1a, Setd2, Setd3, Setd4, Setd5, Setd6, Setd7, Setdb1, Setdb2, Setmar, Setx, Sf1, Sf3b1, Sf3b3, Sf3b5, Sfmbt1, Sfmbt2, Sfn, Sfpq, Sfr1, Sfrp1, Sfrp2, Sfrp4, Sfrp5, Sfswap, Sftpd, Sgf29, Sgms1, Sgms1os1, Sgsm1, Sh2d1b1, Sh3bgrl, Sh3gl2, Sh3pxd2b, Shc1, Shc4, Shfl, Shh, Shld1, Shld2, Shld3, Shmt1, Shmt2, Shox2, Sigirr, Siglec1, Siglecg, Sik1, Sik2, Sim1, Sim2, Sin3a, Sin3b, Sinhcaf, Sirpa, Sirt1, Sirt2, Sirt3, Sirt4, Sirt6, Sirt7, Siva1, Six1, Six2, Six3, Six4, Six5, Six6, Skap1, Ski, Skic2, Skic3, Skic8, Skil, Skint1, Skint10, Skint11, Skint2, Skint3, Skint4, Skint5, Skint6, Skint7, Skint8, Skint9, Skor1, Skor2, Sla2, Slamf1, Slamf6, Slc11a1, Slc15a4, Slc22a2, Slc24a3, Slc24a4, Slc26a9, Slc2a10, Slc30a9, Slc35a4, Slc35c2, Slc37a4, Slc38a2, Slc38a3, Slc39a5, Slc39a8, Slc40a1, Slc4a5, Slc6a4, Slc7a5, Slc8a1, Slc8a2, Slc9a1, Slco3a1, Slfn1, Slfn14, Slfn2, Slirp, Slit2, Slit3, Sltm, Slx, Slxl1, Sly, Smad1, Smad2, Smad3, Smad4, Smad5, Smad6, Smad7, Smad9, Smarca1, Smarca2, Smarca4, Smarca5, Smarcad1, Smarcal1, Smarcb1, Smarcc1, Smarcc2, Smarcd1, Smarcd2, Smarcd3, Smarce1, Smchd1, Smcr8, Smg1, Smg5, Smg6, Smg7, Smg8, Smg9, Smn1, Smo, Smtnl1, Smu1, Smyd1, Smyd2, Smyd3, Smyd5, Snai1, Snai2, Snai3, Snd1, Snf8, Snip1, Snrnp70, Snw1, Snx12, Snx5, Snx6, Socs1, Socs5, Sod1, Sod2, Sohlh1, Sohlh2, Son, Sorbs3, Sorl1, Sort1, Sos1, Sost, Sox1, Sox10, Sox11, Sox12, Sox13, Sox14, Sox15, Sox17, Sox18, Sox2, Sox21, Sox3, Sox30, Sox4, Sox5, Sox6, Sox7, Sox8, Sox9, Sp1, Sp100, Sp110, Sp140, Sp140l1, Sp140l2, Sp2, Sp3, Sp4, Sp5, Sp6, Sp7, Sp8, Sp9, Spag11a, Spag8, Spdef, Spen, Sphk1, Sphk2, Spi1, Spib, Spic, Spin1, Spin2c, Spin2d, Spin2e, Spin2g, Spin2h, Spin4, Spindoc, Spink7, Spn, Spocd1, Spon1, Spon2, Spop, Spout1, Spp1, Spry2, Sptbn1, Spty2d1, Spx, Spz1, Sqstm1, Sra1, Src, Srebf1, Srebf2, Srf, Srgn, Srp9, Srpk2, Srrm1, Srrm4, Srrt, Srsf1, Srsf10, Srsf12, Srsf19, Srsf2, Srsf3, Srsf4, Srsf5, Srsf6, Srsf7, Srsf9, Sry, Ss18, Ss18l1, Ssb, Ssbp2, Ssbp3, Ssbp4, Ssc5d, Ssh1, Ssh2, Ssh3, Ssty1, Ssty2, Ssu72, Ssxa1, St18, Stap1, Star, Stat1, Stat2, Stat3, Stat4, Stat5a, Stat5b, Stat6, Stc2, Sting1, Stk16, Stk3, Stk36, Stk40, Stmp1, Stoml2, Stox1, Stox2, Stpg4, Stra8, Strap, Strm, Strn3, Stx1b, Stx3, Stx4a, Sub1, Suds3, Sufu, Sulf1, Sulf2, Sumo1, Sumo2, Supt20, Supt3, Supt4a, Supt4b, Supt5, Supt6, Supt7l, Supv3l1, Suv39h1, Suv39h2, Suz12, Syk, Syncrip, Syt11, T, Tacc1, Taco1, Tada1, Tada2a, Tada2b, Tada3, Taf1, Taf10, Taf11, Taf12, Taf13, Taf15, Taf1d, Taf2, Taf3, Taf4, Taf4b, Taf5, Taf5l, Taf6, Taf6l, Taf7, Taf8, Taf9, Taf9b, Tagln3, Tal1, Tal2, Tank, Tapbp, Tarbp2, Tardbp, Tarm1, Tasor, Tasor2, Tasp1, Tax1bp1, Tbc1d23, Tbk1, Tbl1x, Tbl1xr1, Tbp, Tbr1, Tbrg4, Tbx1, Tbx10, Tbx15, Tbx18, Tbx19, Tbx2, Tbx20, Tbx21, Tbx22, Tbx3, Tbx4, Tbx5, Tbx6, Tcea1, Tcea2, Tcea3, Tceal7, Tceanc, Tceanc2, Tcerg1, Tcf12, Tcf15, Tcf19, Tcf20, Tcf21, Tcf23, Tcf24, Tcf25, Tcf3, Tcf4, Tcf7, Tcf7l1, Tcf7l2, Tcfl5, Tcirg1, Tcl1, Tcof1, Tcp10a, Tcp10b, Tcp10c, Tdg, Tdrd1, Tdrd12, Tdrd3, Tdrd5, Tdrd6, Tdrd7, Tdrd9, Tdrkh, Tead1, Tead2, Tead3, Tead4, Tef, Tek, Tenm1, Tenm2, Tent2, Tent4a, Tent4b, Tent5a, Tent5b, Tent5c, Tent5d, Terf2, Terf2ip, Tert, Tesc, Tescl, Tesk1, Tesmin, Tet1, Tet2, Tet3, Tex15, Tex19.1, Tex19.2, Tex24, Tfam, Tfap2a, Tfap2b, Tfap2c, Tfap2d, Tfap2e, Tfap4, Tfcp2, Tfcp2l1, Tfdp1, Tfdp2, Tfe3, Tfeb, Tfec, Tfpt, Tfr2, Tfrc, Tgfb1, Tgfb1i1, Tgfb2, Tgfb3, Tgfbr1, Tgfbr2, Tgfbr3, Tgfbrap1, Tgif1, Tgif2, Thap1, Thap11, Thap3, Thap7, Thbs1, Thoc2, Thoc5, Thra, Thrap3, Thrb, Tia1, Tial1, Ticam1, Ticam2, Tifab, Tigit, Timeless, Timm17a, Timm23, Tiparp, Tirap, Tle1, Tle2, Tle3, Tle4, Tle5, Tle6, Tlr1, Tlr2, Tlr3, Tlr4, Tlr5, Tlr6, Tlr7, Tlr8, Tlr9, Tlx1, Tlx2, Tlx3, Tmbim6, Tmed10, Tmed10-ps, Tmed2, Tmem106a, Tmem107, Tmem119, Tmem135, Tmem98, Tmf1, Tmigd3, Tmpo, Tmprss4, Tmprss6, Tmsb4x, Tmtc3, Tnc, Tnf, Tnfaip3, Tnfrsf11a, Tnfrsf13c, Tnfrsf14, Tnfrsf1a, Tnfrsf1b, Tnfrsf21, Tnfrsf4, Tnfrsf8, Tnfsf11, Tnfsf13, Tnfsf15, Tnfsf18, Tnfsf4, Tnfsf8, Tnfsf9, Tnip1, Tnip2, Tnip3, Tnks, Tnni2, Tnp1, Tnp2, Tnrc6a, Tnrc6b, Tnrc6c, Tob1, Tob2, Tomm70a, Top1, Top2a, Topors, Tox, Tox2, Tox3, Tox4, Tpr, Tra2a, Tra2b, Tradd, Traf1, Traf2, Traf3, Traf3ip1, Traf3ip2, Traf3ip3, Traf5, Traf6, Traf7, Traip, Trak2, Trap1, Trappc2, Trappc9, Trdmt1, Trem2, Trerf1, Trex1, Trf, Triap1, Trib1, Trib2, Trib3, Tril, Trim11, Trim12a, Trim12c, Trim13, Trim14, Trim15, Trim17, Trim21, Trim24, Trim25, Trim26, Trim27, Trim28, Trim29, Trim30a, Trim30b, Trim30c, Trim30d, Trim31, Trim32, Trim34a, Trim34b, Trim37, Trim38, Trim39, Trim40, Trim43a, Trim43b, Trim43c, Trim44, Trim5, Trim52, Trim56, Trim58, Trim6, Trim60, Trim61, Trim62, Trim63, Trim65, Trim66, Trim68, Trim71, Trim75, Trim8, Trip12, Trip4, Trmt10c, Trmt112, Trnau1ap, Tro, Trp53, Trp53bp1, Trp53cor1, Trp53inp1, Trp53inp2, Trp63, Trp73, Trpc2, Trpm4, Trps1, Trpv1, Trpv4, Trrap, Trub1, Trub2, Tsc1, Tsc2, Tsc22d1, Tsc22d2, Tsc22d3, Tsc22d4, Tsfm, Tsg101, Tshz1, Tshz2, Tshz3, Tsix, Tsku, Tslp, Tsn, Tsnax, Tspan8, Tspo, Tssk4, Ttbk1, Ttc21b, Ttc5, Ttn, Tug1, Tunar, Tusc2, Tut4, Tut7, Twist1, Twist2, Twsg1, Txk, Txn1, Txnip, Tyk2, Tyms, Tyrobp, U2af2, Uaca, Uap1, Uba3, Uba5, Ubash3a, Ube2e1, Ube2i, Ube2j1, Ube2l3, Ube2n, Ube3a, Ublcp1, Ubp1, Ubr2, Ubr5, Ubtf, Ubtfl1, Ubxn2a, Uchl5, Ucn, Ucn2, Ucp1, Ufc1, Ufd1, Ufl1, Ufsp2, Uhmk1, Uhrf1, Uhrf2, Uimc1, Ulbp1, Ulk1, Umodl1, Unc93b1, Uncx, Unk, Upf1, Upf2, Upf3a, Upf3b, Upk3b, Uqcc2, Uri1, Usf1, Usf2, Usf3, Usp13, Usp16, Usp17le, Usp2, Usp21, Usp22, Usp3, Usp36, Usp47, Usp50, Usp7, Utf1, Utp15, Utp4, Uty, Uxt, Vash1, Vax1, Vax2, Vdr, Vegfa, Vegfb, Vegfd, Vezf1, Vgll1, Vgll2, Vgll3, Vgll4, Vhl, Vim, Vip, Vpreb3, Vps35, Vps72, Vrtn, Vsig4, Vsir, Vstm2a, Vsx1, Vsx2, Vtcn1, Wac, Wars1, Was, Wasl, Wbp2, Wbp2nl, Wdhd1, Wdr35, Wdr43, Wdr5, Wdr75, Wdr77, Wdr82, Wdtc1, Wfs1, Whrn, Wiz, Wnk1, Wnt1, Wnt10a, Wnt10b, Wnt11, Wnt16, Wnt2, Wnt3, Wnt3a, Wnt4, Wnt5a, Wnt6, Wnt7a, Wnt7b, Wnt8b, Wt1, Wtap, Wtip, Wwc1, Wwc2, Wwox, Wwp1, Wwp2, Wwtr1, Xaf1, Xbp1, Xcl1, Xdh, Xiap, Xist, Xpa, Xpc, Xpo1, Xpo5, Xrcc5, Xrcc6, Xrn1, Xrn2, Yaf2, Yap1, Ybx1, Ybx2, Ybx3, Yeats2, Yeats4, Yes1, Ylpm1, Ythdc1, Ythdf1, Ythdf2, Ythdf3, Ywhab, Ywhah, Ywhaq, Ywhaq-ps3, Ywhaz, Yy1, Yy2, Zar1, Zar1l, Zbed3, Zbed4, Zbed6, Zbtb1, Zbtb10, Zbtb11, Zbtb12, Zbtb14, Zbtb16, Zbtb17, Zbtb18, Zbtb2, Zbtb20, Zbtb21, Zbtb22, Zbtb24, Zbtb25, Zbtb26, Zbtb3, Zbtb32, Zbtb33, Zbtb34, Zbtb37, Zbtb38, Zbtb39, Zbtb4, Zbtb40, Zbtb41, Zbtb42, Zbtb43, Zbtb45, Zbtb46, Zbtb47, Zbtb48, Zbtb49, Zbtb5, Zbtb6, Zbtb7a, Zbtb7b, Zbtb7c, Zbtb8a, Zbtb8b, Zbtb9, Zc3h10, Zc3h12a, Zc3h12d, Zc3h14, Zc3h18, Zc3h4, Zc3h6, Zc3h7a, Zc3h7b, Zc3h8, Zc3hav1, Zc4h2, Zcchc12, Zcchc13, Zcchc17, Zcchc3, Zcchc4, Zcchc7, Zdbf2, Zeb1, Zeb2, Zfa-ps, Zfat, Zfhx2, Zfhx3, Zfhx4, Zfp1, Zfp1004, Zfp1005, Zfp1006, Zfp1007, Zfp101, Zfp1010, Zfp105, Zfp11, Zfp110, Zfp111, Zfp112, Zfp113, Zfp119a, Zfp119b, Zfp12, Zfp120, Zfp125, Zfp128, Zfp13, Zfp131, Zfp14, Zfp141, Zfp142, Zfp143, Zfp146, Zfp148, Zfp157, Zfp160, Zfp169, Zfp174, Zfp175, Zfp180, Zfp182, Zfp184, Zfp189, Zfp2, Zfp202, Zfp212, Zfp213, Zfp217, Zfp219, Zfp229, Zfp236, Zfp239, Zfp24, Zfp248, Zfp251, Zfp26, Zfp260, Zfp263, Zfp266, Zfp267, Zfp268, Zfp27, Zfp273, Zfp275, Zfp276, Zfp28, Zfp280b, Zfp280c, Zfp280d, Zfp281, Zfp286, Zfp287, Zfp292, Zfp296, Zfp3, Zfp30, Zfp316, Zfp317, Zfp318, Zfp319, Zfp322a, Zfp324, Zfp326, Zfp329, Zfp334, Zfp335, Zfp341, Zfp345, Zfp35, Zfp352, Zfp354a, Zfp354b, Zfp354c, Zfp358, Zfp36, Zfp362, Zfp366, Zfp367, Zfp369, Zfp36l1, Zfp36l2, Zfp36l3, Zfp37, Zfp382, Zfp383, Zfp384, Zfp385a, Zfp386, Zfp39, Zfp395, Zfp397, Zfp398, Zfp40, Zfp407, Zfp408, Zfp41, Zfp410, Zfp418, Zfp42, Zfp420, Zfp422, Zfp423, Zfp426, Zfp429, Zfp433, Zfp438, Zfp442, Zfp444, Zfp445, Zfp446, Zfp449, Zfp451, Zfp454, Zfp455, Zfp456, Zfp457, Zfp458, Zfp459, Zfp46, Zfp462, Zfp467, Zfp469, Zfp472, Zfp473, Zfp488, Zfp493, Zfp503, Zfp507, Zfp51, Zfp512b, Zfp513, Zfp516, Zfp518a, Zfp518b, Zfp52, Zfp521, Zfp523, Zfp524, Zfp53, Zfp534, Zfp536, Zfp54, Zfp541, Zfp551, Zfp553, Zfp558, Zfp560, Zfp563, Zfp566, Zfp568, Zfp57, Zfp574, Zfp575, Zfp579, Zfp58, Zfp580, Zfp582, Zfp583, Zfp59, Zfp593, Zfp595, Zfp597, Zfp598, Zfp599, Zfp60, Zfp600, Zfp605, Zfp606, Zfp607a, Zfp607b, Zfp608, Zfp609, Zfp612, Zfp616, Zfp617, Zfp619, Zfp62, Zfp623, Zfp626, Zfp628, Zfp629, Zfp637, Zfp638, Zfp639, Zfp64, Zfp641, Zfp644, Zfp646, Zfp647, Zfp648, Zfp65, Zfp652, Zfp653, Zfp654, Zfp655, Zfp658, Zfp661, Zfp663, Zfp664, Zfp667, Zfp668, Zfp672, Zfp677, Zfp68, Zfp683, Zfp689, Zfp69, Zfp691, Zfp692, Zfp696, Zfp697, Zfp7, Zfp703, Zfp704, Zfp706, Zfp707, Zfp708, Zfp709, Zfp710, Zfp711, Zfp712, Zfp715, Zfp719, Zfp72, Zfp729a, Zfp729b, Zfp735, Zfp738, Zfp74, Zfp740, Zfp746, Zfp747, Zfp747l1, Zfp748, Zfp750, Zfp758, Zfp759, Zfp760, Zfp763, Zfp764, Zfp764l1, Zfp768, Zfp770, Zfp771, Zfp772, Zfp773, Zfp775, Zfp777, Zfp78, Zfp780b, Zfp784, Zfp786, Zfp787, Zfp788, Zfp790, Zfp791, Zfp799, Zfp804a, Zfp808, Zfp809, Zfp81, Zfp810, Zfp811, Zfp819, Zfp82, Zfp820, Zfp821, Zfp825, Zfp827, Zfp84, Zfp846, Zfp85, Zfp850, Zfp853, Zfp865, Zfp866, Zfp867, Zfp868, Zfp869, Zfp87, Zfp870, Zfp871, Zfp872, Zfp873, Zfp874a, Zfp874b, Zfp879, Zfp882, Zfp9, Zfp90, Zfp91, Zfp92, Zfp93, Zfp930, Zfp931, Zfp932, Zfp933, Zfp934, Zfp935, Zfp936, Zfp937, Zfp938, Zfp940, Zfp941, Zfp942, Zfp943, Zfp944, Zfp945, Zfp946, Zfp947, Zfp948, Zfp949, Zfp950, Zfp951, Zfp952, Zfp954, Zfp955a, Zfp955b, Zfp956, Zfp958, Zfp959, Zfp960, Zfp961, Zfp963, Zfp964, Zfp966, Zfp97, Zfp970, Zfp971, Zfp973, Zfp974, Zfp975, Zfp976, Zfp977, Zfp979, Zfp980, Zfp981, Zfp982, Zfp983, Zfp984, Zfp985, Zfp987, Zfp988, Zfp989, Zfp990, Zfp991, Zfp992, Zfp994, Zfp995, Zfp998, Zfpm1, Zfpm2, Zfta, Zfx, Zfy1, Zfy2, Zglp1, Zgpat, Zhx1, Zhx2, Zhx3, Zic1, Zic2, Zic3, Zic4, Zic5, Zik1, Zim1, Zkscan1, Zkscan14, Zkscan16, Zkscan17, Zkscan2, Zkscan3, Zkscan4, Zkscan5, Zkscan6, Zkscan7, Zkscan8, Zmiz1, Zmiz2, Zmpste24, Zmym2, Zmym5, Zmynd11, Zmynd15, Zmynd8, Znfx1, Znhit1, Zp3, Zpbp2, Zpr1, Zscan10, Zscan12, Zscan2, Zscan20, Zscan21, Zscan22, Zscan25, Zscan26, Zscan29, Zscan4-ps1, Zscan4-ps2, Zscan4-ps3, Zscan4b, Zscan4c, Zscan4d, Zscan4e, Zscan4f, Zscan5b, Zswim8, Zxdb, Zxdc, Zzz3
GO:0010556	regulation of macromolecule biosynthetic process	5282	126	76.94	3.4e-09	2.500457142857143e-6	1810024B03Rik, 2010315B03Rik, 2610008E11Rik, 2610021A01Rik, 2810021J22Rik, 4930402K13Rik, 4930447C04Rik, 4930480E11Rik, 4930522L14Rik, 4931414P19Rik, 5730507C01Rik, 6030468B19Rik, a, A1cf, A430033K04Rik, A630001G21Rik, Aamdc, Aars1, Aatf, Abca2, Abca7, Abcb10, Abcc2, Abcc8, Abcc9, Abcd1, Abcd2, Abce1, Abcf1, Abcg4, Abhd14b, Abl1, Abl2, Ablim1, Ablim2, Ablim3, Abra, Abt1, Acd, Ace, Acer2, Acin1, Ackr1, Aco1, Acod1, Acot8, Acp4, Acp5, Acss2, Acta1, Acta2, Actb, Actc1, Actg1, Actg2, Actl6a, Actl6b, Actn1, Actn2, Actn4, Actr2, Actr3, Actr5, Actr6, Actr8, Actrt1, Acvr1, Acvr1b, Acvr2a, Acvr2b, Acvrl1, Adam10, Adam17, Adam19, Adam2, Adam3, Adam33, Adam8, Adar, Adcy1, Adcy7, Adcy8, Adcyap1, Adgrf1, Adgrg3, Adipoq, Adipor2, Adm2, Adnp, Adnp2, Adora2a, Adora2b, Adora3, Adra2a, Adrb2, Adtrp, Aebp1, Aebp2, Afap1l2, Afdn, Aff1, Aff2, Aff3, Aff4, Agap2, Ager, Ago1, Ago2, Ago3, Ago4, Agpat1, Agpat2, Agr2, Agrn, Agt, Agtr1a, Agtr2, Ahdc1, Ahi1, Ahnak, Ahnak2, Ahr, Ahrr, AI854703, AI987944, Aicda, Aif1, Aim2, Aire, Airn, Ajuba, Akap12, Akap6, Akap8, Akap8l, Akirin1, Akirin2, Akna, Akr1c6, Akt1, Akt2, Aldh1a2, Alkbh1, Alkbh3, Alkbh4, Alkbh5, Alox12, Alox12b, Alox5, Alox8, Alpk2, Alx1, Alx3, Alx4, Ambra1, Amh, Amot, Amotl2, Anapc2, Ang, Ang3, Angel2, Angpt1, Angptl8, Ank2, Ank3, Ankra2, Ankrd1, Ankrd2, Ankrd23, Ankrd42, Ankrd49, Anxa1, Anxa2, Anxa3, Anxa4, Anxa7, Ap2a1, Ap3b1, Ap3d1, Apba1, Apba2, Apba3, Apbb1, Apbb2, Apbb3, Apex1, Aplf, Apln, Aplnr, Aplp1, Apoa1, Apoa2, Apob, Apobec1, Apobec2, Apobec3, Apod, Apoe, App, Appl1, Appl2, Aqp4, Ar, Arap1, Arb2a, Arf4, Arfgef2, Arg1, Arg2, Arglu1, Arhgef11, Arhgef2, Arhgef5, Arid1a, Arid1b, Arid2, Arid3a, Arid3b, Arid3c, Arid4a, Arid4b, Arid5a, Arid5b, Arl2bp, Armcx3, Arnt, Arnt2, Arrb1, Arrb2, Arrdc4, Arx, Ascc1, Ascc2, Ascl1, Ascl2, Ascl3, Ascl4, Ascl5, Ash1l, Ash2l, Asph, Astl, Asxl1, Asxl2, Asxl3, Asz1, Atad2, Atad2b, Atad5, Atf1, Atf1-ps, Atf2, Atf3, Atf4, Atf5, Atf6, Atf6b, Atf7, Atf7ip, Atf7ip2, Atg101, Atg12, Atg13, Atg14, Atg5, Atg7, Atg9a, Atm, Atmin, Atn1, Atoh1, Atoh7, Atoh8, Atp13a2, Atp1b1, Atp1b4, Atp2b1, Atp2b4, Atp6ap2, Atp6v1b1, Atp7a, Atp8b1, Atr, Atraid, Atrx, Atxn1, Atxn1l, Atxn7, Atxn7l3, Atxn7l3b, AU041133, Aurka, Aurkb, Auts2, Avp, Avpr2, AW146154, Axin1, Axin2, Axl, Aym1, B020011L13Rik, B2m, B3gntl1, Bace2, Bach1, Bach2, Bag2, Bahd1, Bak1, Bambi, Banf1, Bank1, Banp, Bap1, Barhl1, Barhl2, Barx1, Barx2, Basp1, Batf, Batf2, Batf3, Baz1a, Baz1b, Baz2a, Bbs2, Bbs4, Bbs7, Bbx, BC024063, Bc1, Bcas3, Bcdin3d, Bcl10, Bcl11a, Bcl11b, Bcl2, Bcl2l12, Bcl3, Bcl6, Bcl6b, Bcl7a, Bcl7b, Bcl7c, Bcl9, Bcl9l, Bclaf1, Bclaf3, Bcor, Bcorl1, Bdnf, Bdp1, Bend3, Bend5, Bend6, Bex2, Bhlha15, Bhlha9, Bhlhe22, Bhlhe23, Bhlhe40, Bhlhe41, Bicra, Bicral, Bin1, Birc2, Birc5, Blm, Blnk, Bloc1s2, Bmal1, Bmal2, Bmi1, Bmp10, Bmp15, Bmp2, Bmp3, Bmp4, Bmp5, Bmp6, Bmp7, Bmpr1a, Bmpr1b, Bmpr2, Bmyc, Bnc1, Bnc2, Boll, Bpi, Bptf, Braf, Brca1, Brca2, Brd1, Brd2, Brd3, Brd4, Brd7, Brd8, Brd9, Brdt, Brf1, Brf2, Brip1, Brms1, Brms1l, Brpf1, Brpf3, Brwd1, Brwd3, Bsg, Bst2, Bsx, Btaf1, Btbd18, Btg2, Btg4, Btk, Btn1a1, Btn2a2, Btnl1, Btnl10, Btnl12, Btnl2, Btnl4, Btnl6, Btnl9, Btrc, Bud23, Bud31, Bzw1, Bzw2, C1d, C1qbp, C1qtnf1, C1qtnf2, C1qtnf3, C1qtnf4, C3, C3ar1, C5ar1, C5ar2, Cacng7, Cactin, Cadm1, Calcoco1, Calcr, Calhm6, Calr, Camk1, Camk1d, Camk2a, Camk2d, Camk4, Camp, Camta1, Camta2, Cand1, Capn2, Capn3, Caprin1, Caprin2, Card11, Card14, Card9, Carf, Carhsp1, Carlr, Carm1, Carmil2, Carmn, Cartpt, Casc3, Cask, Casp1, Casp3, Casp4, Casp8, Casp8ap2, Casr, Casz1, Cat, Cav1, Cavin2, Cavin3, Cavin4, Cbfa2t2, Cbfa2t3, Cbfb, Cbx1, Cbx2, Cbx3, Cbx4, Cbx5, Cbx6, Cbx7, Cbx8, Cby1, Cc2d1a, Cc2d1b, Ccar1, Ccar2, Ccbe1, Ccdc3, Ccdc62, Ccdc85b, Ccdc88b, Ccl1, Ccl19, Ccl2, Ccl20, Ccl21a, Ccl3, Ccl4, Ccl5, Ccm2l, Ccn1, Ccn2, Ccn3, Ccn4, Ccna2, Ccnb1, Ccnc, Ccnd1, Ccnd3, Ccne1, Ccnh, Ccnk, Ccnl1, Ccnl2, Ccnq, Ccnt1, Ccnt2, Ccpg1, Ccr1, Ccr1l1, Ccr2, Ccr5, Ccr7, Cct2, Cct3, Cct4, Cct5, Cct6a, Cct7, Cct8, Cd14, Cd160, Cd1d1, Cd1d2, Cd2, Cd200, Cd200r1, Cd209b, Cd209d, Cd22, Cd226, Cd244a, Cd24a, Cd27, Cd274, Cd276, Cd28, Cd2ap, Cd300c2, Cd300ld, Cd34, Cd36, Cd37, Cd38, Cd3e, Cd4, Cd40, Cd40lg, Cd44, Cd46, Cd47, Cd55, Cd55b, Cd59a, Cd6, Cd74, Cd81, Cd83, Cd84, Cd86, Cd96, Cdc14a, Cdc14b, Cdc37, Cdc5l, Cdc5lrt1, Cdc5lrt10, Cdc5lrt4, Cdc5lrt5, Cdc5lrt6, Cdc5lrt7, Cdc5lrt8, Cdc5lrt9, Cdc73, Cdca7, Cdca7l, Cdh1, Cdh13, Cdh3, Cdh5, Cdk1, Cdk11b, Cdk12, Cdk13, Cdk2, Cdk20, Cdk2ap1, Cdk2ap1rt, Cdk3, Cdk4, Cdk5, Cdk5r1, Cdk5rap1, Cdk5rap2, Cdk5rap3, Cdk6, Cdk7, Cdk8, Cdk9, Cdkn1a, Cdkn1b, Cdkn1c, Cdkn2a, Cdkn3, Cdon, Cdx1, Cdx2, Cdx4, Cdyl, Ceacam1, Ceacam20, Cebpa, Cebpb, Cebpd, Cebpe, Cebpg, Cebpz, Cela1, Celf1, Celf2, Celf3, Celf4, Celf5, Celf6, Celrr, Celsr2, Cenpf, Cenpk, Cenpv, Cep128, Cep290, Cer1, Ces1d, Ces1g, Cflar, Cgas, Cggbp1, Chac1, Chaer1, Chaserr, Chchd2, Chchd2-ps, Chd3, Chd4, Chd5, Chd6, Chd7, Chd8, Chek1, Chek2, Chi3l1, Chia1, Chid1, Chil3, Chil4, Chil5, Chil6, Chmp1a, Chp1, Chp2, Chrna7, Chtf18, Chtf8, Chuk, Churc1, Ciao1, Ciao3, Ciart, Cib1, Cic, Cidea, Ciita, Cilp, Cipc, Cir1, Cirbp, Cited1, Cited2, Cited4, Ckap2, Ckap5, Cks1b, Cks2, Clcf1, Cldn19, Cldn3, Cldn5, Clec12a, Clec2i, Clec3b, Clec4a2, Clec4a3, Clec4a4, Clec4e, Clec4n, Clec5a, Clec7a, Clec9a, Clk1, Clk2, Clk3, Clk4, Cln3, Clnk, Clns1a, Clock, Clp1, Cltc, Clu, Cmklr1, Cmtm2a, Cnbp, Cnn2, Cnot1, Cnot10, Cnot11, Cnot2, Cnot3, Cnot6, Cnot6l, Cnot7, Cnot8, Cnot9, Cnpy2, Cntf, Cntn1, Cntn2, Coa3, Col1a1, Col2a1, Commd1, Commd6, Commd7, Comp, Cops2, Cops5, Coq7, Cpap, Cpb2, Cpeb1, Cpeb2, Cpeb3, Cpeb4, Cphx1, Cpne1, Cpped1, Cptp, Creb1, Creb3, Creb3l1, Creb3l2, Creb3l3, Creb3l4, Creb5, Crebbp, Crebl2, Crebrf, Crebzf, Creg1, Crem, Crh, Crhr2, Crip1, Cripto, Crkl, Crlf2, Crlf3, Crnde, Crnn, Crp, Crtam, Crtc1, Crtc2, Crtc3, Crx, Crxos, Cry1, Cry2, Cryaa, Cryab, Cryba1, Crym, Csdc2, Csde1, Csf1, Csf1r, Csf2, Csf3, Csk, Csnk1d, Csnk1e, Csrnp1, Csrnp2, Csrnp3, Csrp3, Ctbp1, Ctbp2, Ctc1, Ctcf, Ctcfl, Ctdnep1, Ctdp1, Ctdsp1, Ctdsp2, Ctdspl, Ctdspl2, Cth, Ctif, Ctla2a, Ctnnb1, Ctnnbip1, Ctnnd1, Ctr9, Ctsh, Ctsz, Cuedc2, Cul3, Cux1, Cux2, Cwh43, Cx3cl1, Cx3cr1, Cxcl17, Cxcl5, Cxcr3, Cxxc1, Cxxc5, Cyba, Cybb, Cyfip1, Cyld, Cyp1a2, Cyp1b1, Cyp26b1, Cyp2j6, Cyp3a13, Cyp3a41a, Cyrib, Cys1, Cytl1, D1Pas1, Dab2, Dab2ip, Dach1, Dach2, Dact1, Dand5, Dap, Dapk1, Dapk3, Dapl1, Daxx, Dazap1, Dazl, Dbi, Dbp, Dbx1, Dbx2, Dcaf1, Dcaf13, Dcaf6, Dcn, Dcp1a, Dcp1b, Dcp2, Dcps, Ddb1, Ddit3, Ddn, Ddr2, Ddrgk1, Ddx1, Ddx11, Ddx17, Ddx20, Ddx21, Ddx25, Ddx39b, Ddx3x, Ddx3y, Ddx4, Ddx41, Ddx49, Ddx5, Ddx54, Ddx56, Ddx6, Deaf1, Dedd, Defb25, Dek, Dennd1b, Depdc1a, Dgcr8, Dgkq, Dhh, Dhrs7b, Dhx29, Dhx33, Dhx34, Dhx36, Dhx58, Dhx9, Dicer1, Dido1, Dimt1, Dip2a, Dis3, Dis3l, Dis3l2, Dkc1, Dkk1, Dkk3, Dlg1, Dlk1, Dll1, Dll4, Dlx1, Dlx2, Dlx3, Dlx4, Dlx5, Dlx6, Dlx6os1, Dmap1, Dmbx1, Dmd, Dmrt1, Dmrt1i, Dmrt2, Dmrt3, Dmrta1, Dmrta2, Dmrtb1, Dmrtc2, Dmtf1, Dmtf1l, Dnaja3, Dnaja4, Dnajb1, Dnajb4, Dnajb5, Dnajb6, Dnajb9, Dnajc1, Dnajc17, Dnajc2, Dnajc3, Dnd1, Dnm1l, Dnmt1, Dnmt3a, Dnmt3b, Dnmt3l, Dot1l, Dpf1, Dpf2, Dpf3, Dppa2, Dppa3, Dppa5a, Dppa5b, Dpy30, Dr1, Drap1, Drd2, Drd3, Drgx, Drosha, Dscc1, Dtnbp1, Dtx3l, Dubr, Dus3l, Dusp1, Dusp10, Dusp12, Dusp13a, Dusp13b, Dusp14, Dusp15, Dusp18, Dusp19, Dusp2, Dusp21, Dusp22, Dusp23, Dusp26, Dusp28, Dusp29, Dusp3, Dusp4, Dusp5, Dusp6, Dusp7, Dusp8, Duxbl1, Duxf3, Duxf4, Dvl1, Dvl2, Dvl3, Dxo, Dyrk1a, Dyrk1b, Dyrk2, Dysf, E130311K13Rik, E230001N04Rik, E2f1, E2f2, E2f3, E2f4, E2f5, E2f6, E2f7, E2f8, E4f1, Eaf1, Eaf2, Eapp, Ebf1, Ebf2, Ebf3, Ebf4, Ecd, Ecm1, Ecsit, Eda, Edar, Edc3, Edc4, Edf1, Edn1, Edn3, Ednrb, Edrf1, Eed, Eef1d, Eef2, Eef2k, Eefsec, Efcab7, Efemp1, Efna1, Egf, Egfr, Egln1, Egr1, Egr2, Egr3, Egr4, Ehf, Ehmt1, Ehmt2, Eid1, Eid2, Eid2b, Eif1, Eif2a, Eif2ak1, Eif2ak2, Eif2ak3, Eif2ak4, Eif2b5, Eif2s1, Eif3b, Eif3d, Eif3e, Eif3k, Eif4a1, Eif4a3, Eif4a3l1, Eif4a3l2, Eif4e, Eif4e2, Eif4e3, Eif4ebp1, Eif4ebp2, Eif4ebp3, Eif4enif1, Eif4g1, Eif4g2, Eif4g3, Eif5, Eif5a, Eif5a2, Eif5b, Eif6, Elane, Elavl1, Elavl4, Eldr, Elf1, Elf2, Elf3, Elf4, Elf5, Elk1, Elk3, Elk4, Ell, Ell2, Ell3, Eloa, Elob, Eloc, Elp3, Elp4, Emilin1, Emsy, Emx1, Emx2, En1, En2, Enc1, Endou, Eng, Eno1, Eno1b, Enpp1, Enpp7, Eny2, Eomes, Ep300, Ep400, Epas1, Epb41l4b, Epb41l5, Epc1, Epc2, Epcam, Epha2, Epha5, Ephb2, Ephx2, Epm2a, Epm2aip1, Epo, Epop, Eprs1, Epx, Erbb2, Erbb3, Erbb4, Erbin, Erc1, Ercc1, Ercc2, Ercc6, Ereg, Erf, Erfl, Erg, Eri1, Ermap, Ern1, Ern2, Erp29, Errfi1, Esr1, Esr2, Esrp1, Esrp2, Esrra, Esrrb, Esrrg, Esx1, Etf1, Ets1, Ets2, Etv1, Etv2, Etv3, Etv3l, Etv4, Etv5, Etv6, Evpl, Evx1, Evx2, Ewsr1, Exd1, Exosc10, Exosc2, Exosc3, Exosc4, Exosc5, Exosc6, Exosc7, Exosc8, Exosc9, Extl3, Eya1, Ezh1, Ezh2, Ezhip, Ezr, F11r, F12, F2, F2r, F2rl1, F3, Fabp4, Fadd, Fam170a, Fam220a, Fam47c, Fam47e, Fam50a, Fam76b, Fam98a, Fam98b, Fanca, Fancd2, Fank1, Fasl, Fastk, Fastkd1, Fastkd2, Fastkd3, Fastkd5, Fbln1, Fbln5, Fbp1, Fbxl19, Fbxo24, Fbxo4, Fbxw11, Fbxw7, Fcer1a, Fcer1g, Fcgr1, Fcgr2b, Fcgr3, Fcna, Fcnb, Fcor, Fech, Fer, Ferd3l, Fermt1, Fev, Fezf1, Fezf2, Ffar1, Ffar2, Ffar3, Ffar4, Fgf1, Fgf10, Fgf15, Fgf2, Fgf23, Fgf4, Fgf5, Fgf7, Fgf8, Fgf9, Fgfr1, Fgfr2, Fgfr3, Fgfr4, Fgr, Fhl2, Fhl5, Fhod1, Figla, Fiz1, Fkbp10, Fkbp11, Fkbp14, Fkbp1a, Fkbp1b, Fkbp2, Fkbp3, Fkbp4, Fkbp5, Fkbp6, Fkbp7, Fkbp8, Fkbp9, Fktn, Flcn, Fli1, Flna, Flot1, Flot2, Flt1, Flt3, Flt3l, Flt4, Flywch1, Fmr1, Fn1, Fnip1, Fnip2, Focad, Fos, Fosb, Fosl1, Fosl2, Foxa1, Foxa2, Foxa3, Foxb1, Foxb2, Foxc1, Foxc2, Foxd1, Foxd2, Foxd3, Foxd4, Foxe1, Foxe3, Foxf1, Foxf2, Foxg1, Foxh1, Foxi1, Foxi2, Foxi3, Foxj1, Foxj2, Foxj3, Foxk1, Foxk2, Foxl1, Foxl2, Foxl3, Foxm1, Foxn1, Foxn2, Foxn3, Foxn4, Foxo1, Foxo3, Foxo4, Foxo6, Foxp1, Foxp2, Foxp3, Foxp4, Foxq1, Foxr1, Foxr2, Foxs1, Frk, Frmd8, Fshb, Fst, Fstl3, Fto, Ftx, Fubp1, Fubp3, Furin, Fus, Fut8, Fuz, Fxr1, Fxr2, Fyn, Fzd1, Fzd2, Fzd4, Fzd5, Fzd6, Fzd7, G3bp1, G6pc1, Gabpa, Gabpb1, Gabpb2, Gadd45a, Gal, Galr1, Galr2, Galr3, Gapdh, Gapdh-ps15, Gapdhrt, Gapdhrt2, Garin5a, Gas1, Gas5, Gas6, Gata1, Gata2, Gata3, Gata4, Gata5, Gata6, Gatad1, Gatad2a, Gatad2b, Gba1, Gbp4, Gbp5, Gbp7, Gbx1, Gbx2, Gcgr, Gch1, Gck, Gclc, Gcm1, Gcm2, Gcn1, Gcnt2, Gdf2, Gdf6, Gdf7, Gdnf, Gemin5, Gfer, Gfi1, Gfi1b, Gfpt1, Ggnbp2, Ghrh, Ghrl, Ghsr, Gigyf2, Gimap3, Gimap5, Git1, Gja1, Gja8, Gjc2, Glg1, Gli1, Gli2, Gli3, Glis1, Glis2, Glis3, Glmn, Glmp, Glo1, Glp1r, Glrp1, Glyr1, Gm10033, Gm12258, Gm14295, Gm14322, Gm14325, Gm14391, Gm14399, Gm14401, Gm14403, Gm14412, Gm14418, Gm14434, Gm14443, Gm14444, Gm15446, Gm17067, Gm17655, Gm19965, Gm20737, Gm20738, Gm20747, Gm20773, Gm20795, Gm20806, Gm20807, Gm20808, Gm20812, Gm20815, Gm20816, Gm20818, Gm20821, Gm20822, Gm20825, Gm20826, Gm20830, Gm20834, Gm20852, Gm20854, Gm20865, Gm20873, Gm20914, Gm20917, Gm20918, Gm21118, Gm21292, Gm21310, Gm21394, Gm21719, Gm21778, Gm21812, Gm21854, Gm2381, Gm28171, Gm32687, Gm35315, Gm3604, Gm38999, Gm4275, Gm45871, Gm4767, Gm4924, Gm5141, Gm6871, Gm7072, Gm7324, Gmcl1, Gmeb1, Gmeb2, Gmnn, Gnas, Gnasas1, Gnb3, Gnl3, Gnl3l, Gnrh1, Golga2, Gon4l, Gpam, Gpat2, Gpatch3, Gpbp1, Gpbp1l1, Gper1, Gpi1, Gpnmb, Gpr174, Gpr18, Gprc5b, Gps2, Gpsm3, Gpx1, Grb10, Grb7, Grem1, Grhl1, Grhl2, Grhl3, Gria1, Grin1, Grk2, Grm5, Grp, Grsf1, Gsc, Gsc2, Gsdma3, Gsdmd, Gsk3a, Gsk3b, Gsn, Gspt1, Gspt2, Gstp-ps, Gstp1, Gstp2, Gstp3, Gsx1, Gsx2, Gtdc1, Gtf2a1, Gtf2a2, Gtf2f1, Gtf2f2, Gtf2h1, Gtf2h2, Gtf2h3, Gtf2i, Gtf2ird1, Gtpbp1, Gtpbp2, Gtsf1, Guf1, Gzf1, Gzmb, Gzmc, Gzmn, H19, H1f0, H1f2, H1f3, H1f4, H1f5, H1f8, H1f9, H2-M3, H2-Q9, H2-T23, H2ab1, H2ab2, H2ab3, H2ac1, H2ac10, H2ac11, H2ac12, H2ac13, H2ac15, H2ac19, H2ac20, H2ac21, H2ac22, H2ac23, H2ac24, H2ac25, H2ac4, H2ac6, H2ac7, H2ac8, H2aj, H2al1b, H2al1e, H2al1f, H2al1j, H2al1k, H2al1m, H2al1n, H2al1o, H2al2a, H2al2b, H2al3, H2ap, H2ax, H2az1, H2az2, H3c14, H3f3a, H3f3b, H60a, Habp4, Halr1, Hamp, Hand1, Hand2, Hand2os1, Has2, Has3, Hat1, Havcr2, Hax1, Hba-x, Hbb-b1, Hbb-bh1, Hbb-y, Hbegf, Hbp1, Hbs1l, Hc, Hcfc1, Hcfc2, Hck, Hcls1, Hdac1, Hdac10, Hdac11, Hdac2, Hdac3, Hdac4, Hdac5, Hdac6, Hdac7, Hdac8, Hdac9, Hdgf, Hdx, Heatr1, Heg1, Hells, Helt, Helz, Helz2, Henmt1, Hes1, Hes2, Hes3, Hes5, Hes6, Hes7, Hesx1, Hexb, Hexim1, Hexim2, Hey1, Hey2, Heyl, Hfe, Hgf, Hgs, Hhatl, Hhex, Hic1, Hic2, Hif1a, Hif1an, Hif3a, Hilpda, Hinfp, Hint1, Hipk1, Hipk2, Hipk3, Hira, Hivep1, Hivep2, Hivep3, Hjv, Hk1, Hlf, Hltf, Hlx, Hm629797, Hmbox1, Hmces, Hmg20a, Hmg20b, Hmga1, Hmga1b, Hmga2, Hmgb1, Hmgb2, Hmgb4, Hmgn1, Hmgn2, Hmgn3, Hmgn5, Hmox1, Hmx1, Hmx2, Hmx3, Hnf1a, Hnf1b, Hnf4a, Hnf4g, Hnrnpa0, Hnrnpa1, Hnrnpa2b1, Hnrnpab, Hnrnpc, Hnrnpd, Hnrnpdl, Hnrnpf, Hnrnph1, Hnrnph2, Hnrnph3, Hnrnpk, Hnrnpl, Hnrnpll, Hnrnpr, Hnrnpu, Homer2, Homer3, Homez, Hopx, Hotair, Hoxa1, Hoxa10, Hoxa11, Hoxa11os, Hoxa13, Hoxa2, Hoxa3, Hoxa4, Hoxa5, Hoxa6, Hoxa7, Hoxa9, Hoxb1, Hoxb13, Hoxb2, Hoxb3, Hoxb4, Hoxb5, Hoxb6, Hoxb7, Hoxb8, Hoxb9, Hoxc10, Hoxc11, Hoxc12, Hoxc13, Hoxc4, Hoxc5, Hoxc6, Hoxc8, Hoxc9, Hoxd1, Hoxd10, Hoxd11, Hoxd12, Hoxd13, Hoxd3, Hoxd4, Hoxd8, Hoxd9, Hp1bp3, Hpn, Hpse, Hpx, Hr, Hras, Hrg, Hsbp1, Hsbp1l1, Hsf1, Hsf2, Hsf3, Hsf4, Hsf5, Hsp90aa1, Hspa1a, Hspa1b, Hspa4, Hspa8, Hspb1, Hspd1, Hsph1, Htatip2, Htr2a, Htr2b, Htt, Huwe1, Hyal2, Hymai, Iapp, Ice1, Ice2, Icosl, Id1, Id2, Id3, Id4, Ido1, Ier2, Ier5, Ifi203, Ifi203-ps, Ifi204, Ifi206, Ifi207, Ifi208, Ifi209, Ifi213, Ifi214, Ifi27, Ifih1, Ifna, Ifnar1, Ifnar2, Ifnb1, Ifng, Ifngr1, Ifnk, Ifrd1, Ifrd2, Ift172, Ift52, Ift74, Ift88, Igbp1, Igf1, Igf1r, Igf2, Igf2bp1, Igf2bp2, Igf2bp3, Igfbp5, Igh-7, Ighd, Ighm, Ighmbp2, Igsf1, Igtp, Ihh, Ikbkb, Ikbke, Ikbkg, Ikzf1, Ikzf2, Ikzf3, Ikzf4, Ikzf5, Il10, Il11, Il12a, Il12b, Il12rb1, Il12rb2, Il13, Il13ra1, Il13ra2, Il15, Il16, Il17a, Il17b, Il17c, Il17d, Il17f, Il17ra, Il17rb, Il17rc, Il18, Il18r1, Il18rap, Il1a, Il1b, Il1r1, Il1r2, Il1rap, Il1rl1, Il1rl2, Il2, Il20rb, Il21, Il22, Il23a, Il23r, Il25, Il27, Il27ra, Il2rg, Il3, Il33, Il34, Il36a, Il36b, Il36g, Il36rn, Il4, Il4i1, Il4i1b, Il4ra, Il5, Il5ra, Il6, Il6ra, Il7, Il7r, Il9, Ildr1, Ildr2, Ilf2, Ilf3, Ilk, Ilkap, Ilrun, Impact, Inava, Ing1, Ing2, Ing3, Ing4, Ing5, Inhba, Inhbb, Ino80, Ino80b, Ino80c, Ino80d, Ino80e, Inpp5b, Inpp5d, Inpp5e, Inpp5k, Inppl1, Ins1, Ins2, Insm1, Insm2, Insr, Ippk, Iqce, Iqgap1, Iqgap3, Irak1, Irak2, Irak3, Ireb2, Irf1, Irf2, Irf2bp1, Irf2bp2, Irf2bpl, Irf3, Irf4, Irf5, Irf6, Irf7, Irf8, Irf9, Irgm1, Irgm2, Irs1, Irs2, Irx1, Irx2, Irx3, Irx4, Irx5, Irx6, Isg15, Isl1, Isl2, Isx, Itch, Itga2, Itga3, Itga6, Itga8, Itgax, Itgb1bp1, Itgb3, Itgb3bp, Itgb8, Itk, Itm2a, Itm2b, Itm2c, Ivl, Jade1, Jade2, Jade3, Jag1, Jak2, Jak3, Jarid2, Jazf1, Jdp2, Jmjd1c, Jmjd4, Jmjd6, Jmy, Jph2, Jph4, Jpx, Jun, Junb, Jund, Jup, Kank2, Kansl1, Kansl2, Kansl3, Kantr, Kars1, Kat14, Kat2a, Kat2b, Kat5, Kat6a, Kat6b, Kat7, Kat8, Kbtbd8, Kcnh2, Kcnip3, Kcnk2, Kcnn4, Kcnq1ot1, Kctd1, Kctd15, Kdm1a, Kdm1b, Kdm2a, Kdm2b, Kdm3a, Kdm3b, Kdm4a, Kdm4b, Kdm4c, Kdm4d, Kdm5a, Kdm5b, Kdm5c, Kdm5d, Kdm6a, Kdm6b, Kdm7a, Kdm8, Kdr, Keap1, Khdrbs1, Khdrbs2, Khdrbs3, Khsrp, Kif1b, Kit, Klf1, Klf10, Klf11, Klf12, Klf13, Klf14, Klf15, Klf16, Klf17, Klf2, Klf3, Klf4, Klf5, Klf6, Klf7, Klf8, Klf9, Klhl22, Klhl25, Klk5, Klk7, Klre1, Klrh1, Klrk1, Kmt2a, Kmt2b, Kmt2c, Kmt2d, Kmt2e, Kmt5a, Kmt5b, Kmt5c, Kpna2, Kpna2rt, Kpna6, Kpna7, Kras, Krt13, Krt17, L3mbtl1, L3mbtl2, L3mbtl3, L3mbtl4, Lacc1, Lag3, Lamp3, Lamtor5, Lancl2, Laptm4b, Laptm5, Larp1, Larp4, Larp4b, Larp6, Larp7, Larp7-ps, Lbh, Lbp, Lbr, Lbx1, Lbx2, Lck, Lcn2, Lcor, Lcorl, Ldb1, Ldb2, Ldlr, Ldlrad3, Lef1, Lefty1, Leo1, Lep, Lgals9, Lgmn, Lgr4, Lhx1, Lhx2, Lhx3, Lhx4, Lhx5, Lhx6, Lhx8, Lhx9, Lif, Lilra5, Lilrb4a, Lilrb4b, Limd1, Lime1, Lims1, Lin28a, Lin28b, Lin37, Lin52, Lin54, Lin9, Litaf, Litafd, Lmcd1, Lmna, Lmnb1, Lmnb2, Lmntd2, Lmo1, Lmo2, Lmo3, Lmo4, Lmo7, Lmx1a, Lmx1b, Lncenc1, Lox, Loxl2, Loxl3, Lpar5, Lpin1, Lpin2, Lpin3, Lpl, Lrif1, Lrp1, Lrp3, Lrp5, Lrp6, Lrpprc, Lrrc14, Lrrc19, Lrrc32, Lrrfip1, Lrrfip2, Lrrk2, Lsm1, Lsm14a, Lsm14b, Lsm2, Lsm4, Lsm5, Lsm6, Lsm7, Lta, Ltb, Ltf, Lum, Lurap1, Ly9, Ly96, Lyar, Lyl1, Lyn, Macc1, Macir, Macroh2a1, Macroh2a2, Mad2l2, Mael, Maf, Maf1, Mafa, Mafb, Maff, Mafg, Mafk, Magea1, Magea10, Magea13, Magea14, Magea2, Magea3, Magea4, Magea5, Magea6, Magea8, Magea9, Mageb11, Mageb16, Mageb18, Mageb2, Mageb3, Mageb4, Mageb5, Mageb5b, Mageb6b1, Magec2, Maged1, Maged2, Magee1, Magee2, Mageh1, Magel2, Magoh, Magohb, Mak, Malat1, Malsu1, Malt1, Maml1, Maml2, Maml3, Mamld1, Mamstr, Mannr, Map2k1, Map2k2, Map2k3, Map2k5, Map2k7, Map3k1, Map3k10, Map3k12, Map3k13, Map3k20, Map3k4, Map3k5, Map3k7, Mapk1, Mapk10, Mapk11, Mapk13, Mapk14, Mapk15, Mapk3, Mapk7, Mapk8, Mapk8ip1, Mapk8ip3, Mapk9, Mapkapk2, Mapkapk5, Mapkbp1, Mapre3, Mapt, Marchf8, Marf1, Mark1, Mars1, Mast2, Matr3, Mavs, Max, Maz, Mbd1, Mbd2, Mbd3, Mbd3l1, Mbd3l2, Mbip, Mbl2, Mbnl1, Mbnl2, Mbnl3, Mbp, Mbtd1, Mbtps2, Mc1r, Mc3r, Mcf2l, Mcidas, Mcoln2, Mcph1, Mcrs1, Mcts1, Mdfi, Mdfic, Mdfic2, Mdk, Mdm2, Mdm4, Meaf6, Mecom, Mecp2, Med1, Med10, Med11, Med12, Med12l, Med13, Med13l, Med14, Med15, Med16, Med17, Med18, Med19, Med20, Med21, Med22, Med23, Med24, Med25, Med26, Med27, Med28, Med29, Med30, Med31, Med4, Med6, Med7, Med8, Med9, Mef2a, Mef2b, Mef2c, Mef2d, Mefv, Meg3, Megf8, Meioc, Meiosin, Meis1, Meis2, Meis3, Meltf, Men1, Meox1, Meox2, Mepce, Mertk, Mesp1, Mesp2, Met, Mettl1, Mettl13, Mettl14, Mettl16, Mettl18, Mettl23, Mettl3, Mettl4, Mettl5, Mettl8, Mex3d, Mfn2, Mga, Mgat4d, Mical2, Mid2, Mideas, Mier1, Mier2, Mier3, Mif, Mif4gd, Mir100, Mir101a, Mir101b, Mir103-1, Mir103-2, Mir107, Mir10a, Mir122, Mir124-2hg, Mir1247, Mir124a-1, Mir124a-1hg, Mir124a-2, Mir124a-3, Mir125a, Mir125b-1, Mir125b-2, Mir127, Mir129, Mir129-1, Mir129-2, Mir133a-1, Mir133a-1hg, Mir133a-2, Mir133b, Mir134, Mir135a-1, Mir135a-2, Mir136, Mir137, Mir139, Mir140, Mir143, Mir144, Mir146, Mir150, Mir153, Mir154, Mir155, Mir15a, Mir17, Mir18, Mir181b-1, Mir181b-2, Mir182, Mir183, Mir184, Mir186, Mir188, Mir196a-1, Mir196a-2, Mir196b, Mir1a-1, Mir1a-2, Mir1b, Mir200a, Mir200b, Mir203, Mir204, Mir205, Mir205hg, Mir208a, Mir208b, Mir20a, Mir214, Mir217, Mir218, Mir218-1, Mir218-2, Mir219a-1, Mir219a-2, Mir21a, Mir21b, Mir21c, Mir221, Mir223, Mir23a, Mir23b, Mir24-1, Mir24-2, Mir26a-1, Mir26a-2, Mir26b, Mir27a, Mir27b, Mir292, Mir293, Mir294, Mir295, Mir296, Mir29a, Mir29b-1, Mir29b-2, Mir29c, Mir301, Mir30a, Mir30b, Mir30c-1, Mir30c-2, Mir320, Mir324, Mir326, Mir33, Mir330, Mir338, Mir34a, Mir34b, Mir34c, Mir351, Mir370, Mir382, Mir3960, Mir411, Mir423, Mir448, Mir449a, Mir449b, Mir449c, Mir450b, Mir451a, Mir451b, Mir452, Mir466, Mir466d, Mir466e, Mir466l, Mir470, Mir489, Mir494, Mir495, Mir499, Mir504, Mir505, Mir511, Mir539, Mir541, Mir543, Mir668, Mir669a-1, Mir669a-2, Mir669a-3, Mir669a-4, Mir669a-5, Mir669a-6, Mir675, Mir696, Mir7-1, Mir7-2, Mir702, Mir7116, Mir744, Mir7578, Mir7b, Mir873a, Mir874, Mir875, Mir9-1, Mir9-2, Mir9-3, Mir92-1, Mir92-2, Mir96, Mir98, Mirlet7a-1, Mirlet7a-2, Mirlet7b, Mirlet7c-1, Mirlet7c-2, Mirlet7e, Mirlet7g, Mis18a, Mitf, Mixl1, Mkks, Mknk1, Mknk2, Mkrn2, Mkx, Mlf1, Mlf2, Mlh1, Mlip, Mllt1, Mllt10, Mllt11, Mllt3, Mllt6, Mlx, Mlxip, Mlxipl, Mmp12, Mmp14, Mmp8, Mms19, Mn1, Mnat1, Mndal, Mnt, Mnx1, Mog, Morc1, Morc2a, Morc2b, Morc3, Morf4l1, Morf4l2, Mospd1, Mov10, Mov10l1, Mphosph8, Mpl, Mpv17l2, Mrgbp, Mrpl12, Mrpl13, Mrps27, Mrtfa, Mrtfb, Mrto4, Msantd1, Msc, Msgn1, Msh2, Msi1, Msi2, Msl1, Msl2, Msl3, Msn, Msr1, Mst1, Mstn, Msx1, Msx1os, Msx2, Msx3, Mt3, Mta1, Mta2, Mta3, Mtdh, Mterf1a, Mterf1b, Mterf2, Mterf3, Mterf4, Mtf1, Mtf2, Mtg1, Mtg2, Mtor, Mtpap, Mtpn, Mtres1, Mturn, Muc1, Muc16, Mul1, Mup1, Mup11, Mup2, Mup3, Mup4, Mup5, Musk, Mustn1, Mvk, Mxd1, Mxd3, Mxd4, Mxi1, Myadm, Myb, Mybbp1a, Mybl1, Mybl2, Myc, Mycbp, Mycbp2, Mycl, Mycn, Mycs, Myd88, Mydgf, Myef2, Myf5, Myf6, Myh9, Mylk2, Mynn, Myo1c, Myocd, Myod1, Myog, Myom1, Myoz1, Myoz2, Mypop, Myrf, Myrfl, Mysm1, Myt1, Myt1l, Mzb1, Mzf1, n-TUtca2, N4bp1, N4bp2l2, N6amt1, Naa15, Nab1, Nab2, Nacc1, Nacc2, Naf1, Naip5, Nampt, Nanog, Nanos1, Nanos2, Nanos3, Nat10, Nat8, Nat8b-ps, Nat8f1, Nat8f7, Nav3, Nbas, Nbdy, Ncbp1, Ncbp2, Ncbp3, Nck1, Nck2, Nckap1l, Ncl, Ncoa1, Ncoa2, Ncoa3, Ncoa6, Ncoa7, Ncor1, Ncor2, Ncstn, Ndfip1, Ndfip2, Ndn, Ndp, Ndrg2, Ndufa13, Necab1, Necab2, Necab3, Nedd4, Nedd8, Nek2, Nek4, Nek7, Nelfa, Nelfb, Nelfcd, Nelfe, Nell1, Neo1, Nepn, Neurl1a, Neurod1, Neurod2, Neurod4, Neurod6, Neurog1, Neurog2, Neurog3, Nf1, Nfam1, Nfat5, Nfatc1, Nfatc2, Nfatc2ip, Nfatc3, Nfatc4, Nfe2, Nfe2l1, Nfe2l2, Nfe2l3, Nfia, Nfib, Nfic, Nfil3, Nfilz, Nfix, Nfkb1, Nfkb2, Nfkbia, Nfkbid, Nfkbie, Nfkbil1, Nfkbiz, Nfrkb, Nfx1, Nfxl1, Nfya, Nfyb, Nfyc, Ngdn, Ngf, Ngfr, Ngrn, Nhlh1, Nhlh2, Nhlrc1, Niban1, Niban2, Nicol1, Nif3l1, Nipbl, Nkap, Nkapl, Nkd2, Nkrf, Nktr, Nkx1-1, Nkx1-2, Nkx2-1, Nkx2-2, Nkx2-2os, Nkx2-3, Nkx2-4, Nkx2-5, Nkx2-6, Nkx2-9, Nkx3-1, Nkx3-2, Nkx6-1, Nkx6-2, Nkx6-3, Nlk, Nlrc3, Nlrc4, Nlrc5, Nlrp10, Nlrp12, Nlrp1a, Nlrp1b, Nlrp3, Nlrp5, Nlrp6, Nlrp9b, Nlrx1, Nmb, Nmbr, Nmd3, Nme1, Nme2, Nmi, Nmnat1, Nmnat2, Nobox, Noc2l, Noct, Nod1, Nod2, Nodal, Nog, Nol11, Nol3, Nolc1, Nono, Nop53, Nos1, Nos2, Nos3, Nostrin, Notch1, Notch2, Notch3, Notch4, Noto, Nova1, Nova2, Nox1, Nox4, Npas1, Npas2, Npas3, Npas4, Npat, Nploc4, Npm1, Npnt, Nppc, Nptn, Nr0b1, Nr0b2, Nr1d1, Nr1d2, Nr1h2, Nr1h3, Nr1h4, Nr1h5, Nr1i2, Nr1i3, Nr2c1, Nr2c2, Nr2e1, Nr2e3, Nr2f1, Nr2f2, Nr2f6, Nr3c1, Nr3c2, Nr4a1, Nr4a2, Nr4a3, Nr5a1, Nr5a2, Nr6a1, Nrarp, Nras, Nrbf2, Nrde2, Nrf1, Nrg1, Nrip1, Nrip2, Nrl, Nron, Nrxn1, Nscme3l, Nsd1, Nsd2, Nsd3, Nsmce3, Nsrp1, Nsun2, Nsun3, Nsun4, Nsun5, Ntf3, Ntn3, Ntrk1, Ntrk2, Ntrk3, Nts, Ntsr1, Nucks1, Nudt12, Nudt16, Nudt16l2, Nudt21, Nufip1, Nup155, Nup62, Nup85, Nup98, Nupr1, Nupr2, Nutf2, Nutf2-ps1, Nwd1, Oas1a, Oas1b, Oas1c, Oas1d, Oas1e, Oas1f, Oas1g, Oas1h, Oas2, Oas3, Obi1, Obox1, Obox2, Obox3, Obox4, Obox5, Obox6, Obox7, Obox8, Ocln, Odam, Oga, Ogfod1, Ogg1, Ogt, Olfm1, Olig1, Olig2, Olig3, Olr1, Onecut1, Onecut2, Onecut3, Oog1, Oog2, Oog3, Opa1, Oprd1, Optn, Ormdl1, Ormdl2, Ormdl3, Osm, Osr1, Osr2, Otp, Otud5, Otud6b, Otud7b, Otulin, Otx1, Otx2, Ovol1, Ovol2, Ovol3, P2rx2, P2rx7, P2ry1, P2ry2, Pa2g4, Pabpc1, Pabpc1l, Pabpc4, Pabpn1l, Padi2, Padi6, Paf1, Pagr1a, Paip1, Paip2, Paip2b, Pak1, Pak3, Pam, Pan2, Pan3, Pantr1, Pantr2, Panx1, Panx2, Panx3, Paqr4, Park7, Parn, Parp1, Parp10, Parp14, Parp16, Parp3, Parp9, Pasd1, Pask, Patl1, Patl2, Patz1, Pawr, Pax1, Pax2, Pax3, Pax4, Pax5, Pax6, Pax7, Pax8, Pax9, Paxbp1, Paxip1, Pbrm1, Pbx1, Pbx2, Pbx3, Pbx4, Pbxip1, Pcbd1, Pcbd2, Pcbp1, Pcbp2, Pcbp3, Pcbp4, Pcgf1, Pcgf2, Pcgf3, Pcgf5, Pcgf6, Pcid2, Pcif1, Pck1, Pcna, Pcx, Pdcd10, Pdcd1lg2, Pdcd4, Pdcd5, Pdcd5-ps, Pdcd7, Pdcl3, Pde12, Pde2a, Pde4b, Pde4d, Pdgfb, Pdgfra, Pdgfrb, Pdlim1, Pdx1, Pdxp, Peg3, Peli1, Peli3, Pelo, Pelp1, Per1, Per2, Per3, Perm1, Pex14, Pf4, Pfdn5, Pfkm, Pfn1, Pgam5, Pgc, Pglyrp1, Pglyrp2, Pglyrp3, Pglyrp4, Pgr, Phactr1, Phax, Phb1, Phb2, Phc1, Phc2, Phc3, Phf1, Phf10, Phf12, Phf14, Phf19, Phf2, Phf20, Phf20l1, Phf21a, Phf3, Phf5a, Phf6, Phf8, Phgdh, Phip, Phlda2, Phlpp1, Phlpp2, Phox2a, Phox2b, Pias1, Pias2, Pias3, Pias4, Pibf1, Picalm, Pick1, Pid1, Pierce1, Pif1, Pih1d1, Pik3c3, Pik3ca, Pik3cb, Pik3cd, Pik3r1, Pik3r2, Pik3r3, Pim1, Pim2, Pin1, Pin1rt1, Pin4, Pink1, Pinx1, Pip, Pithd1, Pitx1, Pitx2, Pitx3, Piwil1, Piwil2, Piwil4, Pkd1, Pkd2, Pkhd1, Pkia, Pkib, Pkig, Pkm, Pkn1, Pknox1, Pknox2, Pkp1, Pkp3, Pla2g10, Pla2g3, Pla2g6, Pla2r1, Plac8, Plag1, Plagl1, Plagl2, Plat, Platr25, Plau, Plaur, Plcb1, Plcg2, Pld1, Pld3, Pld4, Pld6, Plekhn1, Plgrkt, Plk1, Plk3, Plp1, Plpp3, Plscr1, Plxnb2, Pmf1, Pml, Pmp22, Pms2, Pnkp, Pnldc1, Pnp, Pnp2, Pnpt1, Pnrc1, Pnrc2, Pofut2, Pogk, Pogz, Pola1, Poldip3, Pole3, Polg2, Polr2a, Polr2g, Polr3a, Polr3b, Polr3c, Polr3d, Polr3f, Polr3g, Pomc, Pomt1, Pomt2, Postn, Pot1a, Pot1b, Pou1f1, Pou2af1, Pou2af2, Pou2af3, Pou2f1, Pou2f2, Pou2f3, Pou3f1, Pou3f2, Pou3f3, Pou3f4, Pou4f1, Pou4f2, Pou4f3, Pou5f1, Pou5f2, Pou6f1, Pou6f2, Ppara, Ppard, Pparg, Ppargc1a, Ppargc1b, Ppef1, Ppef2, Pphln1, Ppia, Ppib, Ppic, Ppid, Ppie, Ppif, Ppig, Ppih, Ppil1, Ppil3, Ppil4, Ppl, Ppm1a, Ppm1b, Ppm1d, Ppm1e, Ppm1f, Ppm1g, Ppm1h, Ppm1j, Ppm1k, Ppm1l, Ppm1m, Ppm1n, Ppp1ca, Ppp1cb, Ppp1cc, Ppp1r11, Ppp1r12a, Ppp1r13l, Ppp1r15a, Ppp1r15b, Ppp1r3a, Ppp1r3b, Ppp1r3c, Ppp1r3d, Ppp1r3e, Ppp1r3f, Ppp1r3g, Ppp2ca, Ppp2cb, Ppp2r5b, Ppp2r5d, Ppp3ca, Ppp3cb, Ppp3cc, Ppp3r1, Ppp4c, Ppp5c, Ppp6c, Pprc1, Pptc7, Ppwd1, Pqbp1, Pramel1, Pramel7, Prdm1, Prdm10, Prdm11, Prdm12, Prdm13, Prdm14, Prdm15, Prdm16, Prdm2, Prdm4, Prdm5, Prdm6, Prdm8, Prdm9, Prdx2, Prdx3, Prdx5, Prdx6, Prdx6b, Preb, Prg2, Prg3, Prg4, Prickle1, Prkaa1, Prkaa2, Prkab1, Prkaca, Prkacb, Prkag1, Prkag3, Prkar1a, Prkca, Prkcb, Prkcd, Prkch, Prkci, Prkcq, Prkcz, Prkd1, Prkd2, Prkdc, Prkg2, Prkn, Prkra, Prl, Prl2c2, Prmt1, Prmt2, Prmt3, Prmt5, Prmt6, Prmt7, Prmt8, Prmt9, Prnp, Prop1, Prox1, Prox2, Prpf19, Prpf6, Prr16, Prr5l, Prr7, Prrx1, Prrx2, Prss37, Prx, Psen1, Psen2, Psg18, Psg22, Psg23, Psip1, Psma6, Psmc3ip, Psmc5, Psmc6, Psmd10, Psmd9, Pspc1, Psrc1, Pstk, Ptafr, Ptbp1, Ptbp2, Ptbp3, Ptcd2, Ptcd3, Ptch1, Pten, Ptf1a, Ptger3, Ptger4, Ptges2, Ptges3, Ptgfr, Ptgis, Ptgs2, Ptgs2os, Ptgs2os2, Pth, Pthlh, Ptk2b, Ptma, Ptms, Ptov1, Ptp4a3, Ptpa, Ptpmt1, Ptpn11, Ptpn2, Ptpn22, Ptpn6, Ptprc, Ptprj, Ptprk, Ptprn, Ptprs, Ptrh2, Puf60, Pum1, Pum2, Pum3, Pura, Purb, Purg, Pus1, Pus10, Pus7, Pwp1, Pwwp2a, Pwwp2b, Pxylp1, Pycard, Pygo1, Pym1, Qars1, Qki, Qrich1, Rab1a, Rab27a, Rab2b, Rab3gap1, Rab3gap2, Rab7b, Rabgef1, Rabl3, Rac1, Rack1, Rad21, Rad54l2, Raet1b, Raf1, Rag1, Rag2, Rai1, Ralgapa1, Raly, Ramp1, Ramp2, Ramp3, Rap2c, Rapgef3, Rara, Rarb, Rarg, Rasal2, Rasd1, Rasgrp1, Rasl11a, Rax, Rb1, Rb1cc1, Rbak, Rbbp4, Rbbp5, Rbbp7, Rbbp8, Rbbp9, Rbck1, Rbfox1, Rbfox2, Rbfox3, Rbl1, Rbl2, Rbm10, Rbm11, Rbm12, Rbm12b1, Rbm12b2, Rbm14, Rbm15, Rbm15b, Rbm20, Rbm22, Rbm24, Rbm25, Rbm3, Rbm31y, Rbm33, Rbm38, Rbm39, Rbm4, Rbm42, Rbm46, Rbm47, Rbm4b, Rbm5, Rbm7, Rbm8a, Rbm8a2, Rbms3, Rbmx, Rbmxl1, Rbmxl2, Rbmy, Rbmyf1, Rbmyf3, Rbmyf6, Rbmyf9, Rbp4, Rbpj, Rbpjl, Rbpms, Rbpms2, Rbx1, Rbx1-ps, Rc3h1, Rc3h2, Rcc1l, Rcor1, Rcor2, Rcor3, Rdx, Recql5, Reg1, Rel, Rela, Relb, Reln, Reno1, Repin1, Rere, Resf1, Rest, Ret, Rex2, Rfc1, Rfc2, Rfc3, Rfc4, Rfc5, Rfpl4, Rftn1, Rfx1, Rfx2, Rfx3, Rfx4, Rfx5, Rfx6, Rfx7, Rfx8, Rfxank, Rfxap, Rgcc, Rgma, Rgmb, Rgn, Rgs2, Rhbdd1, Rhebl1, Rhoa, Rhog, Rhoq, Rhox1, Rhox10, Rhox11, Rhox12, Rhox13, Rhox2a, Rhox2b, Rhox2c, Rhox2d, Rhox2f, Rhox2g, Rhox2h, Rhox3a, Rhox3c, Rhox3f, Rhox3g, Rhox3h, Rhox4a, Rhox4b, Rhox4c, Rhox4d, Rhox4e, Rhox4f, Rhox4g, Rhox5, Rhox6, Rhox7a, Rhox7b, Rhox8, Rhox9, Rictor, Rida, Rif1, Rigi, Rims1, Rims2, Ring1, Riok1, Riok2, Riok3, Riox1, Riox2, Ripk1, Ripk2, Ripk3, Ripk4, Ripply1, Ripply2, Ripply3, Rit2, Rlf, Rlim, Rmnd1, Rnaseh2b, Rnasel, Rnf10, Rnf125, Rnf128, Rnf135, Rnf139, Rnf14, Rnf141, Rnf168, Rnf187, Rnf2, Rnf20, Rnf207, Rnf216, Rnf220, Rnf25, Rnf26, Rnf26rt, Rnf31, Rnf4, Rnf40, Rnf6, Rnf8, Rnps1, Ro60, Robo1, Rock1, Rock2, Rom1, Ror1, Ror2, Rora, Rorb, Rorc, Ros1, Rpap2, Rpf2, Rpl10, Rpl10-ps3, Rpl11, Rpl13a, Rpl23, Rpl26, Rpl38, Rpl5, Rplp1, Rprd1b, Rps13, Rps14, Rps26, Rps27l, Rps3, Rps4x, Rps6ka1, Rps6ka2, Rps6ka3, Rps6ka4, Rps6ka5, Rps6kb1, Rps6kb2, Rps7, Rps9, Rptor, Rpusd3, Rpusd4, Rreb1, Rrn3, Rrp1b, Rrp8, Rsad2, Rsf1, Rsl1, Rslcan18, Rspo1, Rtf1, Rtkn2, Rtn4, Rtraf, Runx1, Runx1t1, Runx2, Runx3, Ruvbl1, Ruvbl2, Rwdd1, Rwdd3, Rxra, Rxrb, Rxrg, Rybp, Rybp-ps, S100a1, S100a10, S100a13, S100a9, S100b, S1pr1, S1pr3, Safb, Safb2, Sall1, Sall2, Sall3, Sall4, Samd1, Samd11, Samd4, Samd4b, Samd7, Samd8, Sap130, Sap18, Sap18b, Sap25, Sap30, Sap30bp, Sap30l, Sarnp, Sars1, Sart3, Sash3, Satb1, Satb2, Sav1, Sbno1, Sbno2, Scaf4, Scaf8, Scai, Scamp5, Scand1, Scgb1a1, Scimp, Scmh1, Scml2, Scml4, Sco1, Scrib, Scrt1, Scrt2, Scx, Sdcbp, Sdr16c5, Sec16b, Secisbp2, Selenok, Selenos, Sema4d, Sema7a, Senp1, Senp2, Sepsecs, Serbp1, Serp1, Serpinb1a, Serpinb1b, Serpinb1c, Serpinb7, Serpine1, Serpine2, Serpinf1, Serpinf2, Sertad1, Sertad2, Sertad3, Sesn2, Setbp1, Setd1a, Setd2, Setd3, Setd4, Setd5, Setd6, Setd7, Setdb1, Setdb2, Setmar, Setx, Sf1, Sf3b1, Sf3b3, Sf3b5, Sfmbt1, Sfmbt2, Sfn, Sfpq, Sfr1, Sfrp1, Sfrp2, Sfrp4, Sfrp5, Sfswap, Sftpd, Sgf29, Sgms1, Sgms1os1, Sgsm1, Sh2b1, Sh2d1b1, Sh3bgrl, Sh3gl2, Sh3pxd2b, Shc1, Shc4, Shfl, Shh, Shld1, Shld2, Shld3, Shmt1, Shmt2, Shox2, Sigirr, Siglec1, Siglecg, Sik1, Sik2, Sim1, Sim2, Sin3a, Sin3b, Sinhcaf, Sirpa, Sirt1, Sirt2, Sirt3, Sirt4, Sirt6, Sirt7, Siva1, Six1, Six2, Six3, Six4, Six5, Six6, Skap1, Ski, Skic2, Skic3, Skic8, Skil, Skint1, Skint10, Skint11, Skint2, Skint3, Skint4, Skint5, Skint6, Skint7, Skint8, Skint9, Skor1, Skor2, Sla2, Slamf1, Slamf6, Slc11a1, Slc15a4, Slc22a2, Slc24a3, Slc24a4, Slc25a37, Slc26a9, Slc2a10, Slc30a9, Slc35a4, Slc35c2, Slc37a4, Slc38a2, Slc38a3, Slc39a5, Slc39a8, Slc40a1, Slc4a5, Slc51b, Slc6a4, Slc6a9, Slc7a5, Slc8a1, Slc8a2, Slc9a1, Slco3a1, Slfn1, Slfn14, Slfn2, Slirp, Slit2, Slit3, Sltm, Slx, Slxl1, Sly, Smad1, Smad2, Smad3, Smad4, Smad5, Smad6, Smad7, Smad9, Smarca1, Smarca2, Smarca4, Smarca5, Smarcad1, Smarcal1, Smarcb1, Smarcc1, Smarcc2, Smarcd1, Smarcd2, Smarcd3, Smarce1, Smchd1, Smcr8, Smg1, Smg5, Smg6, Smg7, Smg8, Smg9, Smn1, Smo, Smoc2, Smpd3, Smtnl1, Smu1, Smyd1, Smyd2, Smyd3, Smyd5, Snai1, Snai2, Snai3, Snd1, Snf8, Snip1, Snrnp70, Snw1, Snx12, Snx5, Snx6, Soat1, Socs1, Socs5, Sod1, Sod2, Sohlh1, Sohlh2, Son, Sorbs1, Sorbs3, Sorl1, Sort1, Sos1, Sost, Sox1, Sox10, Sox11, Sox12, Sox13, Sox14, Sox15, Sox17, Sox18, Sox2, Sox21, Sox3, Sox30, Sox4, Sox5, Sox6, Sox7, Sox8, Sox9, Sp1, Sp100, Sp110, Sp140, Sp140l1, Sp140l2, Sp2, Sp3, Sp4, Sp5, Sp6, Sp7, Sp8, Sp9, Spag11a, Spag8, Spdef, Spen, Sphk1, Sphk2, Spi1, Spib, Spic, Spin1, Spin2c, Spin2d, Spin2e, Spin2g, Spin2h, Spin4, Spindoc, Spink7, Spn, Spocd1, Spon1, Spon2, Spop, Spout1, Spp1, Spry2, Sptbn1, Spty2d1, Spx, Spz1, Sqstm1, Sra1, Src, Srebf1, Srebf2, Srf, Srgn, Srp9, Srpk2, Srrm1, Srrm4, Srrt, Srsf1, Srsf10, Srsf12, Srsf19, Srsf2, Srsf3, Srsf4, Srsf5, Srsf6, Srsf7, Srsf9, Sry, Ss18, Ss18l1, Ssb, Ssbp2, Ssbp3, Ssbp4, Ssc5d, Ssh1, Ssh2, Ssh3, Ssty1, Ssty2, Ssu72, Ssxa1, St18, Stap1, Star, Stat1, Stat2, Stat3, Stat4, Stat5a, Stat5b, Stat6, Stc2, Sting1, Stk16, Stk3, Stk36, Stk40, Stmp1, Stn1, Stoml2, Stox1, Stox2, Stpg4, Stra8, Strap, Strm, Strn3, Stx1b, Stx3, Stx4a, Sub1, Suds3, Sufu, Sulf1, Sulf2, Sumo1, Sumo2, Supt20, Supt3, Supt4a, Supt4b, Supt5, Supt6, Supt7l, Supv3l1, Suv39h1, Suv39h2, Suz12, Svip, Syk, Syncrip, Syt11, T, Tacc1, Taco1, Tada1, Tada2a, Tada2b, Tada3, Taf1, Taf10, Taf11, Taf12, Taf13, Taf15, Taf1d, Taf2, Taf3, Taf4, Taf4b, Taf5, Taf5l, Taf6, Taf6l, Taf7, Taf8, Taf9, Taf9b, Tagln3, Tal1, Tal2, Tank, Tapbp, Tarbp2, Tardbp, Tarm1, Tasor, Tasor2, Tasp1, Tax1bp1, Tbc1d23, Tbk1, Tbl1x, Tbl1xr1, Tbp, Tbr1, Tbrg4, Tbx1, Tbx10, Tbx15, Tbx18, Tbx19, Tbx2, Tbx20, Tbx21, Tbx22, Tbx3, Tbx4, Tbx5, Tbx6, Tcea1, Tcea2, Tcea3, Tceal7, Tceanc, Tceanc2, Tcerg1, Tcf12, Tcf15, Tcf19, Tcf20, Tcf21, Tcf23, Tcf24, Tcf25, Tcf3, Tcf4, Tcf7, Tcf7l1, Tcf7l2, Tcfl5, Tcirg1, Tcl1, Tcof1, Tcp1, Tcp10a, Tcp10b, Tcp10c, Tdg, Tdrd1, Tdrd12, Tdrd3, Tdrd5, Tdrd6, Tdrd7, Tdrd9, Tdrkh, Tead1, Tead2, Tead3, Tead4, Tef, Tek, Ten1, Tenm1, Tenm2, Tent2, Tent4a, Tent4b, Tent5a, Tent5b, Tent5c, Tent5d, Terc, Terf1, Terf2, Terf2ip, Tert, Tesc, Tescl, Tesk1, Tesmin, Tet1, Tet2, Tet3, Tex15, Tex19.1, Tex19.2, Tex24, Tfam, Tfap2a, Tfap2b, Tfap2c, Tfap2d, Tfap2e, Tfap4, Tfcp2, Tfcp2l1, Tfdp1, Tfdp2, Tfe3, Tfeb, Tfec, Tfpt, Tfr2, Tfrc, Tgfb1, Tgfb1i1, Tgfb2, Tgfb3, Tgfbr1, Tgfbr2, Tgfbr3, Tgfbrap1, Tgif1, Tgif2, Thap1, Thap11, Thap3, Thap7, Thbs1, Thoc2, Thoc5, Thra, Thrap3, Thrb, Tia1, Tial1, Ticam1, Ticam2, Tifab, Tigit, Timeless, Timm17a, Timm23, Tinf2, Tiparp, Tirap, Tle1, Tle2, Tle3, Tle4, Tle5, Tle6, Tlr1, Tlr2, Tlr3, Tlr4, Tlr5, Tlr6, Tlr7, Tlr8, Tlr9, Tlx1, Tlx2, Tlx3, Tm9sf2, Tmbim6, Tmed10, Tmed10-ps, Tmed2, Tmeff2, Tmem106a, Tmem107, Tmem119, Tmem135, Tmem98, Tmf1, Tmigd3, Tmpo, Tmprss4, Tmprss6, Tmsb4x, Tmtc3, Tnc, Tnf, Tnfaip3, Tnfrsf11a, Tnfrsf13c, Tnfrsf14, Tnfrsf1a, Tnfrsf1b, Tnfrsf21, Tnfrsf4, Tnfrsf8, Tnfsf11, Tnfsf13, Tnfsf15, Tnfsf18, Tnfsf4, Tnfsf8, Tnfsf9, Tnip1, Tnip2, Tnip3, Tnks, Tnni2, Tnp1, Tnp2, Tnrc6a, Tnrc6b, Tnrc6c, Tob1, Tob2, Tomm70a, Top1, Top2a, Top2b, Topors, Tox, Tox2, Tox3, Tox4, Tpr, Tra2a, Tra2b, Tradd, Traf1, Traf2, Traf3, Traf3ip1, Traf3ip2, Traf3ip3, Traf5, Traf6, Traf7, Traip, Trak2, Trap1, Trappc2, Trappc9, Trdmt1, Trem2, Trerf1, Trex1, Trf, Triap1, Trib1, Trib2, Trib3, Tril, Trim11, Trim12a, Trim12c, Trim13, Trim14, Trim15, Trim17, Trim21, Trim24, Trim25, Trim26, Trim27, Trim28, Trim29, Trim30a, Trim30b, Trim30c, Trim30d, Trim31, Trim32, Trim34a, Trim34b, Trim37, Trim38, Trim39, Trim40, Trim43a, Trim43b, Trim43c, Trim44, Trim5, Trim52, Trim56, Trim58, Trim6, Trim60, Trim61, Trim62, Trim63, Trim65, Trim66, Trim68, Trim71, Trim75, Trim8, Trip12, Trip4, Trmt10c, Trmt112, Trnau1ap, Tro, Trp53, Trp53bp1, Trp53cor1, Trp53inp1, Trp53inp2, Trp63, Trp73, Trpc2, Trpm4, Trps1, Trpv1, Trpv4, Trrap, Trub1, Trub2, Tsc1, Tsc2, Tsc22d1, Tsc22d2, Tsc22d3, Tsc22d4, Tsfm, Tsg101, Tshz1, Tshz2, Tshz3, Tsix, Tsku, Tslp, Tsn, Tsnax, Tspan8, Tspo, Tssk4, Ttbk1, Ttc21b, Ttc5, Ttn, Tug1, Tunar, Tusc2, Tut4, Tut7, Twist1, Twist2, Twsg1, Txk, Txn1, Txnip, Tyk2, Tyms, Tyrobp, U2af2, Uaca, Uap1, Uba3, Uba5, Ubash3a, Ube2e1, Ube2i, Ube2j1, Ube2l3, Ube2n, Ube3a, Ublcp1, Ubp1, Ubr2, Ubr5, Ubtf, Ubtfl1, Ubxn2a, Uchl5, Ucn, Ucn2, Ucp1, Ufc1, Ufd1, Ufl1, Ufsp2, Uhmk1, Uhrf1, Uhrf2, Uimc1, Ulbp1, Ulk1, Umodl1, Unc93b1, Uncx, Unk, Upf1, Upf2, Upf3a, Upf3b, Upk3b, Uqcc2, Uri1, Usf1, Usf2, Usf3, Usp13, Usp16, Usp17le, Usp2, Usp21, Usp22, Usp3, Usp36, Usp47, Usp50, Usp7, Utf1, Utp15, Utp4, Uty, Uxt, Vash1, Vax1, Vax2, Vdr, Vegfa, Vegfb, Vegfd, Vezf1, Vgll1, Vgll2, Vgll3, Vgll4, Vhl, Vim, Vip, Vpreb3, Vps35, Vps72, Vrtn, Vsig4, Vsir, Vstm2a, Vsx1, Vsx2, Vtcn1, Wac, Wars1, Was, Wasl, Wbp2, Wbp2nl, Wdhd1, Wdr35, Wdr43, Wdr5, Wdr75, Wdr77, Wdr82, Wdtc1, Wfs1, Whrn, Wiz, Wnk1, Wnt1, Wnt10a, Wnt10b, Wnt11, Wnt16, Wnt2, Wnt3, Wnt3a, Wnt4, Wnt5a, Wnt6, Wnt7a, Wnt7b, Wnt8b, Wrap53, Wt1, Wtap, Wtip, Wwc1, Wwc2, Wwox, Wwp1, Wwp2, Wwtr1, Xaf1, Xbp1, Xcl1, Xdh, Xiap, Xist, Xpa, Xpc, Xpo1, Xpo5, Xrcc5, Xrcc6, Xrn1, Xrn2, Yaf2, Yap1, Ybx1, Ybx2, Ybx3, Yeats2, Yeats4, Yes1, Ylpm1, Ythdc1, Ythdf1, Ythdf2, Ythdf3, Ywhab, Ywhah, Ywhaq, Ywhaq-ps3, Ywhaz, Yy1, Yy2, Zar1, Zar1l, Zbed3, Zbed4, Zbed6, Zbtb1, Zbtb10, Zbtb11, Zbtb12, Zbtb14, Zbtb16, Zbtb17, Zbtb18, Zbtb2, Zbtb20, Zbtb21, Zbtb22, Zbtb24, Zbtb25, Zbtb26, Zbtb3, Zbtb32, Zbtb33, Zbtb34, Zbtb37, Zbtb38, Zbtb39, Zbtb4, Zbtb40, Zbtb41, Zbtb42, Zbtb43, Zbtb45, Zbtb46, Zbtb47, Zbtb48, Zbtb49, Zbtb5, Zbtb6, Zbtb7a, Zbtb7b, Zbtb7c, Zbtb8a, Zbtb8b, Zbtb9, Zc3h10, Zc3h12a, Zc3h12d, Zc3h14, Zc3h18, Zc3h4, Zc3h6, Zc3h7a, Zc3h7b, Zc3h8, Zc3hav1, Zc4h2, Zcchc12, Zcchc13, Zcchc17, Zcchc3, Zcchc4, Zcchc7, Zdbf2, Zeb1, Zeb2, Zfa-ps, Zfat, Zfhx2, Zfhx3, Zfhx4, Zfp1, Zfp1004, Zfp1005, Zfp1006, Zfp1007, Zfp101, Zfp1010, Zfp105, Zfp11, Zfp110, Zfp111, Zfp112, Zfp113, Zfp119a, Zfp119b, Zfp12, Zfp120, Zfp125, Zfp128, Zfp13, Zfp131, Zfp14, Zfp141, Zfp142, Zfp143, Zfp146, Zfp148, Zfp157, Zfp160, Zfp169, Zfp174, Zfp175, Zfp180, Zfp182, Zfp184, Zfp189, Zfp2, Zfp202, Zfp212, Zfp213, Zfp217, Zfp219, Zfp229, Zfp236, Zfp239, Zfp24, Zfp248, Zfp251, Zfp26, Zfp260, Zfp263, Zfp266, Zfp267, Zfp268, Zfp27, Zfp273, Zfp275, Zfp276, Zfp28, Zfp280b, Zfp280c, Zfp280d, Zfp281, Zfp286, Zfp287, Zfp292, Zfp296, Zfp3, Zfp30, Zfp316, Zfp317, Zfp318, Zfp319, Zfp322a, Zfp324, Zfp326, Zfp329, Zfp334, Zfp335, Zfp341, Zfp345, Zfp35, Zfp352, Zfp354a, Zfp354b, Zfp354c, Zfp358, Zfp36, Zfp362, Zfp366, Zfp367, Zfp369, Zfp36l1, Zfp36l2, Zfp36l3, Zfp37, Zfp382, Zfp383, Zfp384, Zfp385a, Zfp386, Zfp39, Zfp395, Zfp397, Zfp398, Zfp40, Zfp407, Zfp408, Zfp41, Zfp410, Zfp418, Zfp42, Zfp420, Zfp422, Zfp423, Zfp426, Zfp429, Zfp433, Zfp438, Zfp442, Zfp444, Zfp445, Zfp446, Zfp449, Zfp451, Zfp454, Zfp455, Zfp456, Zfp457, Zfp458, Zfp459, Zfp46, Zfp462, Zfp467, Zfp469, Zfp472, Zfp473, Zfp488, Zfp493, Zfp503, Zfp507, Zfp51, Zfp512b, Zfp513, Zfp516, Zfp518a, Zfp518b, Zfp52, Zfp521, Zfp523, Zfp524, Zfp53, Zfp534, Zfp536, Zfp54, Zfp541, Zfp551, Zfp553, Zfp558, Zfp560, Zfp563, Zfp566, Zfp568, Zfp57, Zfp574, Zfp575, Zfp579, Zfp58, Zfp580, Zfp582, Zfp583, Zfp59, Zfp593, Zfp595, Zfp597, Zfp598, Zfp599, Zfp60, Zfp600, Zfp605, Zfp606, Zfp607a, Zfp607b, Zfp608, Zfp609, Zfp612, Zfp616, Zfp617, Zfp619, Zfp62, Zfp623, Zfp626, Zfp628, Zfp629, Zfp637, Zfp638, Zfp639, Zfp64, Zfp641, Zfp644, Zfp646, Zfp647, Zfp648, Zfp65, Zfp652, Zfp653, Zfp654, Zfp655, Zfp658, Zfp661, Zfp663, Zfp664, Zfp667, Zfp668, Zfp672, Zfp677, Zfp68, Zfp683, Zfp689, Zfp69, Zfp691, Zfp692, Zfp696, Zfp697, Zfp7, Zfp703, Zfp704, Zfp706, Zfp707, Zfp708, Zfp709, Zfp710, Zfp711, Zfp712, Zfp715, Zfp719, Zfp72, Zfp729a, Zfp729b, Zfp735, Zfp738, Zfp74, Zfp740, Zfp746, Zfp747, Zfp747l1, Zfp748, Zfp750, Zfp758, Zfp759, Zfp760, Zfp763, Zfp764, Zfp764l1, Zfp768, Zfp770, Zfp771, Zfp772, Zfp773, Zfp775, Zfp777, Zfp78, Zfp780b, Zfp784, Zfp786, Zfp787, Zfp788, Zfp790, Zfp791, Zfp799, Zfp804a, Zfp808, Zfp809, Zfp81, Zfp810, Zfp811, Zfp819, Zfp82, Zfp820, Zfp821, Zfp825, Zfp827, Zfp84, Zfp846, Zfp85, Zfp850, Zfp853, Zfp865, Zfp866, Zfp867, Zfp868, Zfp869, Zfp87, Zfp870, Zfp871, Zfp872, Zfp873, Zfp874a, Zfp874b, Zfp879, Zfp882, Zfp9, Zfp90, Zfp91, Zfp92, Zfp93, Zfp930, Zfp931, Zfp932, Zfp933, Zfp934, Zfp935, Zfp936, Zfp937, Zfp938, Zfp940, Zfp941, Zfp942, Zfp943, Zfp944, Zfp945, Zfp946, Zfp947, Zfp948, Zfp949, Zfp950, Zfp951, Zfp952, Zfp954, Zfp955a, Zfp955b, Zfp956, Zfp958, Zfp959, Zfp960, Zfp961, Zfp963, Zfp964, Zfp966, Zfp97, Zfp970, Zfp971, Zfp973, Zfp974, Zfp975, Zfp976, Zfp977, Zfp979, Zfp980, Zfp981, Zfp982, Zfp983, Zfp984, Zfp985, Zfp987, Zfp988, Zfp989, Zfp990, Zfp991, Zfp992, Zfp994, Zfp995, Zfp998, Zfpm1, Zfpm2, Zfta, Zfx, Zfy1, Zfy2, Zglp1, Zgpat, Zhx1, Zhx2, Zhx3, Zic1, Zic2, Zic3, Zic4, Zic5, Zik1, Zim1, Zkscan1, Zkscan14, Zkscan16, Zkscan17, Zkscan2, Zkscan3, Zkscan4, Zkscan5, Zkscan6, Zkscan7, Zkscan8, Zmiz1, Zmiz2, Zmpste24, Zmym2, Zmym5, Zmynd11, Zmynd15, Zmynd8, Znfx1, Znhit1, Zp3, Zpbp2, Zpr1, Zscan10, Zscan12, Zscan2, Zscan20, Zscan21, Zscan22, Zscan25, Zscan26, Zscan29, Zscan4-ps1, Zscan4-ps2, Zscan4-ps3, Zscan4b, Zscan4c, Zscan4d, Zscan4e, Zscan4f, Zscan5b, Zswim8, Zxdb, Zxdc, Zzz3
GO:0006355	regulation of DNA-templated transcription	3374	90	49.15	8.2e-09	5.7564000000000005e-6	2010315B03Rik, 2610008E11Rik, 2610021A01Rik, 2810021J22Rik, 4930447C04Rik, 4930522L14Rik, 5730507C01Rik, A430033K04Rik, A630001G21Rik, Aamdc, Aatf, Abcc9, Abcg4, Abhd14b, Ablim1, Ablim2, Ablim3, Abra, Abt1, Acod1, Acss2, Actb, Actl6a, Actl6b, Actn1, Actn2, Actn4, Actr2, Actr3, Actr5, Actr6, Actr8, Actrt1, Acvr1, Acvr1b, Acvr2a, Acvr2b, Acvrl1, Adcy1, Adcy8, Adcyap1, Adgrf1, Adgrg3, Adipoq, Adnp, Adora2a, Adora3, Adrb2, Aebp1, Aebp2, Afap1l2, Aff1, Aff3, Agap2, Ager, Ago1, Ago2, Agrn, Agt, Agtr2, Ahdc1, Ahi1, Ahr, Ahrr, AI854703, AI987944, Aim2, Aire, Ajuba, Akap8l, Akirin1, Akirin2, Akna, Akt1, Akt2, Alx1, Alx3, Alx4, Ambra1, Amot, Amotl2, Ankrd1, Ankrd2, Ankrd23, Ankrd42, Ankrd49, Anxa2, Anxa3, Anxa4, Ap3b1, Ap3d1, Apbb1, Apbb2, Apbb3, Apex1, Apln, Apoe, App, Ar, Arap1, Arf4, Arglu1, Arhgef11, Arhgef2, Arhgef5, Arid1a, Arid1b, Arid2, Arid3a, Arid3b, Arid3c, Arid4a, Arid4b, Arid5a, Arid5b, Arl2bp, Armcx3, Arnt, Arnt2, Arrb1, Arrb2, Arx, Ascc1, Ascc2, Ascl1, Ascl2, Ascl3, Ascl4, Ascl5, Ash1l, Ash2l, Asph, Asxl1, Asxl2, Asxl3, Atad2, Atf1, Atf1-ps, Atf2, Atf3, Atf4, Atf5, Atf6, Atf6b, Atf7, Atf7ip, Atf7ip2, Atm, Atmin, Atn1, Atoh1, Atoh7, Atoh8, Atp1b4, Atp2b4, Atp8b1, Atrx, Atxn1, Atxn1l, Atxn7, Atxn7l3, AU041133, Aurkb, Auts2, AW146154, Axin1, Aym1, B020011L13Rik, Bach1, Bach2, Bahd1, Bambi, Banp, Bap1, Barhl1, Barhl2, Barx1, Barx2, Basp1, Batf, Batf2, Batf3, Baz1a, Baz1b, Baz2a, Bbs7, Bbx, BC024063, Bcas3, Bcl10, Bcl11a, Bcl11b, Bcl2l12, Bcl3, Bcl6, Bcl6b, Bcl7a, Bcl7b, Bcl7c, Bcl9, Bcl9l, Bclaf1, Bclaf3, Bcor, Bcorl1, Bdnf, Bdp1, Bend3, Bend5, Bend6, Bex2, Bhlha15, Bhlha9, Bhlhe22, Bhlhe23, Bhlhe40, Bhlhe41, Bicra, Bicral, Bin1, Birc2, Birc5, Blm, Bloc1s2, Bmal1, Bmal2, Bmi1, Bmp10, Bmp15, Bmp2, Bmp3, Bmp4, Bmp5, Bmp6, Bmp7, Bmpr1a, Bmpr1b, Bmpr2, Bmyc, Bnc1, Bnc2, Bptf, Brca1, Brca2, Brd1, Brd2, Brd3, Brd4, Brd7, Brd8, Brd9, Brdt, Brf1, Brf2, Brip1, Brms1, Brms1l, Brpf1, Brpf3, Brwd1, Brwd3, Bsx, Btaf1, Btbd18, Btg2, Btrc, Bud31, C1d, C1qbp, Cactin, Calcoco1, Calr, Camk1, Camk1d, Camk2a, Camk4, Camta1, Camta2, Cand1, Capn3, Caprin2, Card11, Card14, Card9, Carf, Carm1, Cask, Casp8ap2, Casz1, Cat, Cav1, Cavin2, Cavin4, Cbfa2t2, Cbfa2t3, Cbfb, Cbx1, Cbx2, Cbx3, Cbx4, Cbx5, Cbx6, Cbx7, Cbx8, Cby1, Cc2d1a, Cc2d1b, Ccar1, Ccar2, Ccdc62, Ccdc85b, Ccl3, Ccn1, Ccna2, Ccnc, Ccnd1, Ccnd3, Ccne1, Ccnh, Ccnk, Ccnl1, Ccnl2, Ccnq, Ccnt1, Ccnt2, Ccpg1, Cd200, Cd274, Cd28, Cd36, Cd38, Cd4, Cd40, Cd40lg, Cd74, Cd81, Cd84, Cdc14a, Cdc14b, Cdc5l, Cdc5lrt1, Cdc5lrt10, Cdc5lrt4, Cdc5lrt5, Cdc5lrt6, Cdc5lrt7, Cdc5lrt8, Cdc5lrt9, Cdc73, Cdca7, Cdca7l, Cdh1, Cdh13, Cdk1, Cdk12, Cdk13, Cdk2, Cdk2ap1, Cdk2ap1rt, Cdk5, Cdk5r1, Cdk5rap2, Cdk5rap3, Cdk6, Cdk7, Cdk8, Cdk9, Cdkn1b, Cdkn1c, Cdkn2a, Cdkn3, Cdon, Cdx1, Cdx2, Cdx4, Cdyl, Cebpa, Cebpb, Cebpd, Cebpe, Cebpg, Cebpz, Cela1, Celsr2, Cenpf, Cenpk, Cep290, Ces1d, Cflar, Cggbp1, Chaserr, Chchd2, Chchd2-ps, Chd3, Chd4, Chd5, Chd6, Chd7, Chd8, Chek2, Chp1, Chp2, Chuk, Churc1, Ciao1, Ciart, Cib1, Cic, Ciita, Cipc, Cir1, Cited1, Cited2, Cited4, Ckap2, Cks1b, Cks2, Clec7a, Clock, Clu, Cmklr1, Cmtm2a, Cnbp, Cnot1, Cnot2, Cnot3, Cnot6, Cnot7, Cnot9, Col1a1, Commd1, Commd6, Commd7, Cops2, Cops5, Coq7, Cpap, Cpeb3, Cphx1, Cpped1, Creb1, Creb3, Creb3l1, Creb3l2, Creb3l3, Creb3l4, Creb5, Crebbp, Crebl2, Crebrf, Crebzf, Creg1, Crem, Cripto, Crlf3, Crnn, Crtc1, Crtc2, Crtc3, Crx, Crxos, Cry1, Cry2, Cryab, Crym, Csf2, Csf3, Csrnp1, Csrnp2, Csrnp3, Csrp3, Ctbp1, Ctbp2, Ctcf, Ctcfl, Ctdnep1, Ctdp1, Ctdsp1, Ctdsp2, Ctdspl, Ctdspl2, Cth, Ctnnb1, Ctnnbip1, Ctr9, Cul3, Cux1, Cux2, Cx3cl1, Cxcr3, Cxxc1, Cxxc5, Cyld, Cyp1b1, Cys1, Cytl1, D1Pas1, Dab2, Dab2ip, Dach1, Dach2, Dact1, Dap, Daxx, Dbp, Dbx1, Dbx2, Dcaf1, Dcaf6, Dcn, Dcp1a, Ddit3, Ddn, Ddr2, Ddrgk1, Ddx11, Ddx17, Ddx20, Ddx21, Ddx3x, Ddx41, Ddx5, Ddx54, Deaf1, Dedd, Dek, Depdc1a, Dgkq, Dhrs7b, Dhx33, Dhx36, Dhx9, Dicer1, Dido1, Dkk1, Dkk3, Dlg1, Dll1, Dll4, Dlx1, Dlx2, Dlx3, Dlx4, Dlx5, Dlx6, Dlx6os1, Dmap1, Dmbx1, Dmd, Dmrt1, Dmrt2, Dmrt3, Dmrta1, Dmrta2, Dmrtb1, Dmrtc2, Dmtf1, Dmtf1l, Dnaja3, Dnajb1, Dnajb4, Dnajb5, Dnajb6, Dnajc17, Dnajc2, Dnmt1, Dnmt3a, Dnmt3b, Dnmt3l, Dot1l, Dpf1, Dpf2, Dpf3, Dr1, Drap1, Drd2, Drd3, Drgx, Dtx3l, Dubr, Dusp1, Dusp10, Dusp12, Dusp13a, Dusp13b, Dusp14, Dusp15, Dusp18, Dusp19, Dusp2, Dusp21, Dusp22, Dusp23, Dusp26, Dusp28, Dusp29, Dusp3, Dusp4, Dusp5, Dusp6, Dusp7, Dusp8, Duxbl1, Duxf3, Duxf4, Dvl1, Dvl2, Dvl3, Dyrk1a, Dyrk1b, E130311K13Rik, E230001N04Rik, E2f1, E2f2, E2f3, E2f4, E2f5, E2f6, E2f7, E2f8, E4f1, Eaf1, Eaf2, Eapp, Ebf1, Ebf2, Ebf3, Ebf4, Ecd, Ecm1, Ecsit, Edf1, Edn1, Ednrb, Edrf1, Eed, Eef1d, Efcab7, Efemp1, Efna1, Egf, Egfr, Egln1, Egr1, Egr2, Egr3, Egr4, Ehf, Ehmt1, Ehmt2, Eid1, Eid2, Eid2b, Eif2ak2, Eif2ak3, Eif2ak4, Eif4a1, Eif4a3, Elane, Elf1, Elf2, Elf3, Elf4, Elf5, Elk1, Elk3, Elk4, Ell, Ell2, Ell3, Eloa, Elp3, Elp4, Emsy, Emx1, Emx2, En1, En2, Eng, Eno1, Eno1b, Enpp1, Eny2, Eomes, Ep300, Ep400, Epas1, Epc1, Epc2, Epcam, Epha5, Epm2a, Epo, Epop, Erbb2, Erbb4, Erbin, Erc1, Ercc1, Ercc2, Ercc6, Ereg, Erf, Erfl, Erg, Ern2, Esr1, Esr2, Esrra, Esrrb, Esrrg, Esx1, Ets1, Ets2, Etv1, Etv2, Etv3, Etv3l, Etv4, Etv5, Etv6, Evx1, Evx2, Ewsr1, Exosc9, Eya1, Ezh1, Ezh2, Ezr, F2r, F2rl1, Fabp4, Fadd, Fam170a, Fam220a, Fanca, Fancd2, Fank1, Fasl, Fbln5, Fbp1, Fbxl19, Fbxw11, Fcgr2b, Fcor, Fer, Ferd3l, Fev, Fezf1, Fezf2, Fgf1, Fgf10, Fgf2, Fgf23, Fgf4, Fgf7, Fgf9, Fgfr1, Fgfr2, Fgfr3, Fhl2, Fhl5, Fhod1, Figla, Fiz1, Fkbp10, Fkbp11, Fkbp14, Fkbp1a, Fkbp1b, Fkbp2, Fkbp3, Fkbp4, Fkbp5, Fkbp7, Fkbp8, Fkbp9, Flcn, Fli1, Flna, Flt3l, Flywch1, Fnip1, Fnip2, Fos, Fosb, Fosl1, Fosl2, Foxa1, Foxa2, Foxa3, Foxb1, Foxb2, Foxc1, Foxc2, Foxd1, Foxd2, Foxd3, Foxd4, Foxe1, Foxe3, Foxf1, Foxf2, Foxg1, Foxh1, Foxi1, Foxi2, Foxi3, Foxj1, Foxj2, Foxj3, Foxk1, Foxk2, Foxl1, Foxl2, Foxl3, Foxm1, Foxn1, Foxn2, Foxn3, Foxn4, Foxo1, Foxo3, Foxo4, Foxo6, Foxp1, Foxp2, Foxp3, Foxp4, Foxq1, Foxr1, Foxr2, Foxs1, Frk, Fst, Fstl3, Fubp1, Fubp3, Fus, Fzd1, Fzd2, Fzd4, Fzd5, Fzd6, Fzd7, Gabpa, Gabpb1, Gabpb2, Gadd45a, Gal, Galr1, Galr2, Galr3, Gas6, Gata1, Gata2, Gata3, Gata4, Gata5, Gata6, Gatad1, Gatad2a, Gatad2b, Gbp4, Gbx1, Gbx2, Gclc, Gcm1, Gcm2, Gdf2, Gdf6, Gdf7, Gdnf, Gfi1, Gfi1b, Ghrh, Gli1, Gli2, Gli3, Glis1, Glis2, Glis3, Glmp, Glo1, Glp1r, Glrp1, Gm10033, Gm12258, Gm14295, Gm14322, Gm14325, Gm14391, Gm14399, Gm14401, Gm14403, Gm14412, Gm14418, Gm14434, Gm14443, Gm14444, Gm15446, Gm17067, Gm17655, Gm19965, Gm20737, Gm20738, Gm20747, Gm20773, Gm20795, Gm20806, Gm20807, Gm20808, Gm20812, Gm20815, Gm20816, Gm20818, Gm20821, Gm20822, Gm20825, Gm20826, Gm20830, Gm20834, Gm20852, Gm20854, Gm20865, Gm20873, Gm20914, Gm20917, Gm20918, Gm21118, Gm21292, Gm21310, Gm21394, Gm21719, Gm21778, Gm21812, Gm21854, Gm2381, Gm28171, Gm32687, Gm35315, Gm3604, Gm4275, Gm45871, Gm4767, Gm4924, Gm5141, Gm6871, Gm7072, Gmcl1, Gmeb1, Gmeb2, Gmnn, Gnas, Gnl3, Gon4l, Gpatch3, Gpbp1, Gpbp1l1, Gper1, Gps2, Grem1, Grhl1, Grhl2, Grhl3, Grin1, Grm5, Gsc, Gsc2, Gsdmd, Gsk3a, Gsk3b, Gsx1, Gsx2, Gtf2a1, Gtf2a2, Gtf2f1, Gtf2f2, Gtf2h1, Gtf2h2, Gtf2h3, Gtf2i, Gtf2ird1, Gzf1, H1f2, H1f3, H1f4, H1f5, H2az1, H3c14, Halr1, Hamp, Hand1, Hand2, Has3, Havcr2, Hax1, Hba-x, Hbb-bh1, Hbb-y, Hbp1, Hcfc1, Hcfc2, Hck, Hcls1, Hdac1, Hdac10, Hdac2, Hdac3, Hdac4, Hdac5, Hdac7, Hdac9, Hdgf, Hdx, Heatr1, Helt, Helz2, Hes1, Hes2, Hes3, Hes5, Hes6, Hes7, Hesx1, Hexb, Hexim1, Hexim2, Hey1, Hey2, Heyl, Hhex, Hic1, Hic2, Hif1a, Hif1an, Hif3a, Hinfp, Hint1, Hipk1, Hipk2, Hipk3, Hira, Hivep1, Hivep2, Hivep3, Hjv, Hlf, Hltf, Hlx, Hmbox1, Hmg20a, Hmg20b, Hmga1, Hmga1b, Hmga2, Hmgb1, Hmgb2, Hmgb4, Hmgn1, Hmgn2, Hmgn3, Hmgn5, Hmox1, Hmx1, Hmx2, Hmx3, Hnf1a, Hnf1b, Hnf4a, Hnf4g, Hnrnpa2b1, Hnrnpab, Hnrnpd, Hnrnpk, Hnrnpl, Hnrnpu, Homez, Hopx, Hoxa1, Hoxa10, Hoxa11, Hoxa11os, Hoxa13, Hoxa2, Hoxa3, Hoxa4, Hoxa5, Hoxa6, Hoxa7, Hoxa9, Hoxb1, Hoxb13, Hoxb2, Hoxb3, Hoxb4, Hoxb5, Hoxb6, Hoxb7, Hoxb8, Hoxb9, Hoxc10, Hoxc11, Hoxc12, Hoxc13, Hoxc4, Hoxc5, Hoxc6, Hoxc8, Hoxc9, Hoxd1, Hoxd10, Hoxd11, Hoxd12, Hoxd13, Hoxd3, Hoxd4, Hoxd8, Hoxd9, Hp1bp3, Hr, Hras, Hsbp1, Hsbp1l1, Hsf1, Hsf2, Hsf3, Hsf4, Hsf5, Hspa1a, Hspa1b, Hspa8, Htatip2, Hyal2, Ice1, Ice2, Id1, Id2, Id3, Id4, Ier2, Ier5, Ifi203, Ifi203-ps, Ifi204, Ifi206, Ifi207, Ifi208, Ifi209, Ifi213, Ifi214, Ifi27, Ifnar1, Ifnar2, Ifnb1, Ifng, Ifnk, Ifrd1, Ift172, Ift74, Igbp1, Igf1, Igf1r, Igf2, Ighmbp2, Igsf1, Ihh, Ikbkb, Ikbke, Ikbkg, Ikzf1, Ikzf2, Ikzf3, Ikzf4, Ikzf5, Il10, Il11, Il13, Il17a, Il17f, Il18, Il18r1, Il18rap, Il1a, Il1b, Il1rap, Il2, Il22, Il23a, Il25, Il33, Il4, Il4i1, Il4i1b, Il5, Il6, Ilf2, Ilf3, Ilk, Ilkap, Impact, Ing1, Ing2, Ing3, Ing4, Ing5, Inhba, Ino80, Ino80b, Ino80c, Ino80d, Ino80e, Inpp5k, Ins1, Ins2, Insm1, Insm2, Insr, Ippk, Iqce, Irak1, Irak2, Irak3, Irf1, Irf2, Irf2bp1, Irf2bp2, Irf2bpl, Irf3, Irf4, Irf5, Irf6, Irf7, Irf8, Irf9, Irx1, Irx2, Irx3, Irx4, Irx5, Irx6, Isl1, Isl2, Isx, Itch, Itga6, Itga8, Itgb1bp1, Itgb3bp, Jade1, Jade2, Jade3, Jag1, Jak2, Jak3, Jarid2, Jazf1, Jdp2, Jmjd1c, Jmjd6, Jmy, Jph2, Jpx, Jun, Junb, Jund, Jup, Kank2, Kansl1, Kansl2, Kansl3, Kars1, Kat14, Kat2a, Kat2b, Kat5, Kat6a, Kat6b, Kat7, Kat8, Kcnh2, Kcnip3, Kctd1, Kctd15, Kdm1a, Kdm2a, Kdm2b, Kdm3a, Kdm3b, Kdm4a, Kdm4c, Kdm5a, Kdm5b, Kdm5c, Kdm5d, Kdm6a, Kdm6b, Kdm7a, Kdm8, Keap1, Khdrbs1, Khsrp, Kit, Klf1, Klf10, Klf11, Klf12, Klf13, Klf14, Klf15, Klf16, Klf17, Klf2, Klf3, Klf4, Klf5, Klf6, Klf7, Klf8, Klf9, Kmt2a, Kmt2b, Kmt2c, Kmt2d, Kmt2e, Kmt5a, Kpna6, L3mbtl1, L3mbtl2, L3mbtl3, L3mbtl4, Lamtor5, Lancl2, Larp7, Larp7-ps, Lbh, Lbx1, Lbx2, Lcor, Lcorl, Ldb1, Ldb2, Lef1, Lefty1, Leo1, Lep, Lhx1, Lhx2, Lhx3, Lhx4, Lhx5, Lhx6, Lhx8, Lhx9, Lif, Lilrb4a, Lilrb4b, Limd1, Lime1, Lims1, Lin37, Lin52, Lin54, Lin9, Litaf, Lmcd1, Lmo1, Lmo2, Lmo3, Lmo4, Lmo7, Lmx1a, Lmx1b, Loxl2, Loxl3, Lpar5, Lpin1, Lpin2, Lpin3, Lrif1, Lrp5, Lrp6, Lrrc14, Lrrfip1, Lrrfip2, Ltf, Lum, Lyar, Lyl1, Macc1, Macroh2a1, Macroh2a2, Mad2l2, Mael, Maf, Maf1, Mafa, Mafb, Maff, Mafg, Mafk, Magea1, Magea10, Magea13, Magea14, Magea2, Magea3, Magea4, Magea5, Magea6, Magea8, Magea9, Mageb11, Mageb16, Mageb18, Mageb2, Mageb3, Mageb4, Mageb5, Mageb5b, Mageb6b1, Magec2, Maged1, Maged2, Magee1, Magee2, Mageh1, Magel2, Mak, Malt1, Maml1, Maml2, Maml3, Mamld1, Mamstr, Map2k1, Map2k2, Map2k3, Map2k5, Map2k7, Map3k1, Map3k10, Map3k12, Map3k13, Map3k5, Mapk1, Mapk10, Mapk14, Mapk15, Mapk3, Mapk7, Mapk8, Mapk8ip1, Mapk9, Mapkapk5, Mapre3, Mars1, Mavs, Max, Maz, Mbd1, Mbd2, Mbd3, Mbd3l1, Mbd3l2, Mbip, Mbtd1, Mbtps2, Mc1r, Mcf2l, Mcidas, Mcph1, Mcrs1, Mdfi, Mdfic, Mdfic2, Mdk, Mdm2, Mdm4, Meaf6, Mecom, Mecp2, Med1, Med10, Med11, Med12, Med12l, Med13, Med13l, Med14, Med15, Med16, Med17, Med18, Med19, Med20, Med21, Med22, Med23, Med24, Med25, Med26, Med27, Med28, Med29, Med30, Med31, Med4, Med6, Med7, Med8, Med9, Mef2a, Mef2b, Mef2c, Mef2d, Meiosin, Meis1, Meis2, Meis3, Men1, Meox1, Meox2, Mepce, Mesp1, Mesp2, Met, Mettl13, Mettl23, Mettl4, Mga, Mical2, Mid2, Mideas, Mier1, Mier2, Mier3, Mir103-1, Mir103-2, Mir143, Mir205hg, Mir466d, Mir466l, Mir7-1, Mir744, Mitf, Mixl1, Mkrn2, Mkx, Mlf1, Mlf2, Mlip, Mllt1, Mllt10, Mllt11, Mllt3, Mllt6, Mlx, Mlxip, Mlxipl, Mmp12, Mms19, Mn1, Mnat1, Mndal, Mnt, Mnx1, Morc1, Morc3, Morf4l1, Morf4l2, Mospd1, Mrgbp, Mrpl12, Mrtfa, Mrtfb, Msantd1, Msc, Msgn1, Msl1, Msl2, Msl3, Mstn, Msx1, Msx2, Msx3, Mt3, Mta1, Mta2, Mta3, Mtdh, Mterf1a, Mterf1b, Mterf2, Mterf3, Mterf4, Mtf1, Mtor, Mtpn, Mtres1, Mturn, Muc1, Mup1, Mup11, Mup2, Mup3, Mup4, Mup5, Musk, Mxd1, Mxd3, Mxd4, Mxi1, Myb, Mybbp1a, Mybl1, Mybl2, Myc, Mycbp, Mycl, Mycn, Mycs, Myd88, Mydgf, Myef2, Myf5, Myf6, Mynn, Myo1c, Myocd, Myod1, Myog, Myoz1, Myoz2, Mypop, Myrf, Myrfl, Mysm1, Myt1, Myt1l, Mzf1, N4bp2l2, Naa15, Nab1, Nab2, Nacc1, Nacc2, Nampt, Nanog, Ncbp1, Ncbp2, Nck1, Nck2, Ncl, Ncoa1, Ncoa2, Ncoa3, Ncoa6, Ncoa7, Ncor1, Ncor2, Ndn, Ndp, Ndufa13, Nedd4, Nedd8, Nek4, Nelfa, Nelfb, Nelfcd, Nelfe, Neo1, Nepn, Neurod1, Neurod2, Neurod4, Neurod6, Neurog1, Neurog2, Neurog3, Nfat5, Nfatc1, Nfatc2, Nfatc2ip, Nfatc3, Nfatc4, Nfe2, Nfe2l1, Nfe2l2, Nfe2l3, Nfia, Nfib, Nfic, Nfil3, Nfilz, Nfix, Nfkb1, Nfkb2, Nfkbia, Nfkbid, Nfkbie, Nfkbil1, Nfkbiz, Nfrkb, Nfx1, Nfxl1, Nfya, Nfyb, Nfyc, Ngf, Ngfr, Nhlh1, Nhlh2, Niban2, Nif3l1, Nipbl, Nkap, Nkrf, Nktr, Nkx1-1, Nkx1-2, Nkx2-1, Nkx2-2, Nkx2-3, Nkx2-4, Nkx2-5, Nkx2-6, Nkx2-9, Nkx3-1, Nkx3-2, Nkx6-1, Nkx6-2, Nkx6-3, Nlk, Nlrc3, Nlrc4, Nlrc5, Nlrp12, Nlrp3, Nme2, Nmnat1, Nobox, Noc2l, Nod1, Nod2, Nodal, Nog, Nol11, Nolc1, Nono, Nop53, Nos1, Nostrin, Notch1, Notch2, Notch3, Notch4, Noto, Npas1, Npas2, Npas3, Npas4, Npat, Npm1, Npnt, Nr0b1, Nr0b2, Nr1d1, Nr1d2, Nr1h2, Nr1h3, Nr1h4, Nr1h5, Nr1i2, Nr1i3, Nr2c1, Nr2c2, Nr2e1, Nr2e3, Nr2f1, Nr2f2, Nr2f6, Nr3c1, Nr3c2, Nr4a1, Nr4a2, Nr4a3, Nr5a1, Nr5a2, Nr6a1, Nrarp, Nrbf2, Nrf1, Nrg1, Nrip1, Nrip2, Nrl, Nscme3l, Nsd1, Nsd2, Nsd3, Nsmce3, Ntf3, Ntn3, Ntrk1, Nts, Nucks1, Nufip1, Nup62, Nup85, Nup98, Nupr1, Nupr2, Nwd1, Obox1, Obox2, Obox3, Obox4, Obox5, Obox6, Obox7, Obox8, Ogg1, Ogt, Olig1, Olig2, Olig3, Onecut1, Onecut2, Onecut3, Oog1, Oog2, Oog3, Osm, Osr1, Osr2, Otp, Otud7b, Otulin, Otx1, Otx2, Ovol1, Ovol2, Ovol3, P2rx2, P2ry1, Pa2g4, Paf1, Pagr1a, Pam, Park7, Parp1, Parp10, Parp9, Pasd1, Pask, Patz1, Pawr, Pax1, Pax2, Pax3, Pax4, Pax5, Pax6, Pax7, Pax8, Pax9, Paxbp1, Paxip1, Pbrm1, Pbx1, Pbx2, Pbx3, Pbx4, Pbxip1, Pcbd1, Pcbd2, Pcbp1, Pcbp2, Pcbp3, Pcbp4, Pcgf1, Pcgf2, Pcgf3, Pcgf5, Pcgf6, Pcid2, Pck1, Pcna, Pdcd4, Pdcd7, Pde2a, Pdgfb, Pdlim1, Pdx1, Pdxp, Peg3, Peli1, Pelp1, Per1, Per2, Per3, Perm1, Pex14, Pf4, Pfdn5, Pfkm, Pfn1, Pgam5, Pgr, Phb1, Phb2, Phc1, Phc2, Phc3, Phf10, Phf12, Phf14, Phf19, Phf2, Phf20, Phf20l1, Phf21a, Phf3, Phf5a, Phf6, Phf8, Phip, Phlpp1, Phlpp2, Phox2a, Phox2b, Pias1, Pias2, Pias3, Pias4, Picalm, Pid1, Pih1d1, Pik3r1, Pik3r2, Pim1, Pim2, Pin1, Pin1rt1, Pin4, Pink1, Pithd1, Pitx1, Pitx2, Pitx3, Pkd1, Pkd2, Pkhd1, Pkia, Pkig, Pkm, Pkn1, Pknox1, Pknox2, Pkp1, Pla2g10, Plac8, Plag1, Plagl1, Plagl2, Platr25, Plcb1, Plcg2, Plk1, Plk3, Plpp3, Plscr1, Pmf1, Pml, Pogk, Pogz, Pole3, Pomc, Pou1f1, Pou2af1, Pou2af2, Pou2af3, Pou2f1, Pou2f2, Pou2f3, Pou3f1, Pou3f2, Pou3f3, Pou3f4, Pou4f1, Pou4f2, Pou4f3, Pou5f1, Pou5f2, Pou6f1, Pou6f2, Ppara, Ppard, Pparg, Ppargc1a, Ppargc1b, Ppef1, Ppef2, Pphln1, Ppia, Ppib, Ppic, Ppid, Ppie, Ppif, Ppig, Ppih, Ppil1, Ppil3, Ppil4, Ppm1a, Ppm1b, Ppm1d, Ppm1e, Ppm1f, Ppm1g, Ppm1h, Ppm1j, Ppm1k, Ppm1l, Ppm1m, Ppm1n, Ppp1ca, Ppp1cb, Ppp1cc, Ppp1r12a, Ppp1r13l, Ppp1r15a, Ppp2ca, Ppp2cb, Ppp2r5b, Ppp2r5d, Ppp3ca, Ppp3cb, Ppp3cc, Ppp3r1, Ppp4c, Ppp5c, Ppp6c, Pprc1, Pptc7, Ppwd1, Pramel1, Pramel7, Prdm1, Prdm10, Prdm11, Prdm12, Prdm13, Prdm14, Prdm15, Prdm16, Prdm2, Prdm4, Prdm5, Prdm6, Prdm8, Prdm9, Prdx2, Prdx3, Prdx5, Preb, Prickle1, Prkaa1, Prkaca, Prkcb, Prkch, Prkci, Prkcq, Prkcz, Prkd1, Prkd2, Prkdc, Prkn, Prl, Prl2c2, Prmt1, Prmt2, Prmt3, Prmt5, Prmt6, Prmt7, Prmt8, Prmt9, Prnp, Prop1, Prox1, Prox2, Prpf6, Prr7, Prrx1, Prrx2, Psen1, Psen2, Psip1, Psma6, Psmc3ip, Psmc5, Psmc6, Psmd10, Psmd9, Pspc1, Psrc1, Ptafr, Ptbp1, Ptch1, Pten, Ptf1a, Ptges2, Ptgis, Ptgs2os, Pth, Pthlh, Ptma, Ptms, Ptov1, Ptp4a3, Ptpa, Ptpmt1, Ptpn2, Ptprc, Ptprk, Ptprn, Pura, Purb, Purg, Pus1, Pwp1, Pwwp2a, Pwwp2b, Pycard, Pygo1, Qars1, Qki, Qrich1, Rab7b, Rad21, Rad54l2, Raf1, Rai1, Ralgapa1, Raly, Rap2c, Rapgef3, Rara, Rarb, Rarg, Rasd1, Rasl11a, Rax, Rb1, Rbak, Rbbp4, Rbbp7, Rbbp8, Rbck1, Rbfox2, Rbl1, Rbl2, Rbm10, Rbm14, Rbm15, Rbm39, Rbmx, Rbmxl1, Rbpj, Rbpjl, Rbpms, Rcor1, Rcor2, Rcor3, Recql5, Rel, Rela, Relb, Reln, Reno1, Repin1, Rere, Rest, Ret, Rex2, Rfc1, Rfx1, Rfx2, Rfx3, Rfx4, Rfx5, Rfx6, Rfx7, Rfx8, Rfxank, Rfxap, Rgcc, Rgma, Rgmb, Rhebl1, Rhoa, Rhog, Rhoq, Rhox1, Rhox10, Rhox11, Rhox12, Rhox13, Rhox2a, Rhox2b, Rhox2c, Rhox2d, Rhox2f, Rhox2g, Rhox2h, Rhox3a, Rhox3c, Rhox3f, Rhox3g, Rhox3h, Rhox4a, Rhox4b, Rhox4c, Rhox4d, Rhox4e, Rhox4f, Rhox4g, Rhox5, Rhox6, Rhox7a, Rhox7b, Rhox8, Rhox9, Rif1, Rigi, Ring1, Riox1, Riox2, Ripk1, Ripk2, Ripk3, Ripk4, Ripply1, Ripply2, Ripply3, Rit2, Rlf, Rlim, Rnasel, Rnf10, Rnf14, Rnf141, Rnf168, Rnf187, Rnf2, Rnf20, Rnf220, Rnf25, Rnf31, Rnf4, Rnf40, Rnf6, Rnf8, Ror1, Ror2, Rora, Rorb, Rorc, Rpap2, Rpf2, Rpl10, Rpl10-ps3, Rpl23, Rprd1b, Rps14, Rps3, Rps6ka1, Rps6ka3, Rps6ka4, Rps6ka5, Rptor, Rreb1, Rrn3, Rrp1b, Rrp8, Rsf1, Rsl1, Rslcan18, Rtf1, Rtkn2, Rtraf, Runx1, Runx1t1, Runx2, Runx3, Ruvbl1, Ruvbl2, Rwdd1, Rwdd3, Rxra, Rxrb, Rxrg, Rybp, Rybp-ps, S100a1, S100a10, S1pr1, Safb, Safb2, Sall1, Sall2, Sall3, Sall4, Samd1, Samd11, Samd7, Sap130, Sap18, Sap25, Sap30, Sap30bp, Sap30l, Sarnp, Sars1, Satb1, Satb2, Sbno1, Sbno2, Scaf4, Scaf8, Scai, Scand1, Scgb1a1, Scmh1, Scml2, Scml4, Scrt1, Scrt2, Scx, Sdcbp, Sdr16c5, Sema4d, Senp1, Senp2, Serpinf2, Sertad1, Sertad2, Sertad3, Setbp1, Setd2, Setd3, Setd4, Setd5, Setd6, Setd7, Setdb1, Setdb2, Setmar, Setx, Sf3b1, Sf3b3, Sf3b5, Sfmbt1, Sfmbt2, Sfn, Sfpq, Sfr1, Sfrp1, Sfrp2, Sfrp4, Sfrp5, Sgf29, Sgsm1, Shc1, Shh, Shox2, Sik1, Sik2, Sim1, Sim2, Sin3a, Sin3b, Sinhcaf, Sirt1, Sirt2, Sirt3, Sirt6, Sirt7, Siva1, Six1, Six2, Six3, Six4, Six5, Six6, Skap1, Ski, Skil, Skor1, Skor2, Sla2, Slc11a1, Slc30a9, Slc38a3, Slc39a8, Slc40a1, Slc9a1, Slco3a1, Slfn1, Sltm, Smad1, Smad2, Smad3, Smad4, Smad5, Smad6, Smad7, Smad9, Smarca1, Smarca2, Smarca4, Smarca5, Smarcad1, Smarcal1, Smarcb1, Smarcc1, Smarcc2, Smarcd1, Smarcd2, Smarcd3, Smarce1, Smo, Smtnl1, Smyd1, Smyd2, Smyd3, Snai1, Snai2, Snai3, Snf8, Snw1, Snx5, Snx6, Sod2, Sohlh1, Sohlh2, Sorbs3, Sos1, Sost, Sox1, Sox10, Sox11, Sox12, Sox13, Sox14, Sox15, Sox17, Sox18, Sox2, Sox21, Sox3, Sox30, Sox4, Sox5, Sox6, Sox7, Sox8, Sox9, Sp1, Sp100, Sp110, Sp140, Sp140l1, Sp140l2, Sp2, Sp3, Sp4, Sp5, Sp6, Sp7, Sp8, Sp9, Spag8, Spdef, Spen, Sphk1, Spi1, Spib, Spic, Spin1, Spin2c, Spin2d, Spin2e, Spin2g, Spin2h, Spin4, Spindoc, Spocd1, Spop, Spp1, Spty2d1, Spx, Spz1, Sqstm1, Sra1, Src, Srebf1, Srebf2, Srf, Srrt, Srsf10, Sry, Ss18, Ss18l1, Ssbp2, Ssbp3, Ssbp4, Ssh1, Ssh2, Ssh3, Ssty1, Ssty2, Ssu72, Ssxa1, St18, Stat1, Stat2, Stat3, Stat4, Stat5a, Stat5b, Stat6, Sting1, Stk16, Stk36, Stox1, Stox2, Stra8, Strap, Strm, Strn3, Sub1, Suds3, Sufu, Sumo1, Sumo2, Supt20, Supt3, Supt4a, Supt4b, Supt5, Supt6, Supt7l, Suv39h1, Suv39h2, Suz12, Syk, T, Tacc1, Tada1, Tada2a, Tada2b, Tada3, Taf1, Taf10, Taf11, Taf12, Taf13, Taf1d, Taf2, Taf3, Taf4, Taf4b, Taf5, Taf5l, Taf6, Taf6l, Taf7, Taf8, Taf9, Taf9b, Tagln3, Tal1, Tal2, Tasp1, Tax1bp1, Tbk1, Tbl1x, Tbl1xr1, Tbp, Tbr1, Tbx1, Tbx10, Tbx15, Tbx18, Tbx19, Tbx2, Tbx20, Tbx21, Tbx22, Tbx3, Tbx4, Tbx5, Tbx6, Tcea1, Tcea2, Tcea3, Tceal7, Tceanc, Tceanc2, Tcerg1, Tcf12, Tcf15, Tcf20, Tcf21, Tcf23, Tcf24, Tcf25, Tcf3, Tcf4, Tcf7, Tcf7l1, Tcf7l2, Tcfl5, Tcp10a, Tcp10b, Tcp10c, Tdg, Tdrd3, Tead1, Tead2, Tead3, Tead4, Tef, Tenm1, Tenm2, Terf2ip, Tert, Tesc, Tescl, Tesmin, Tet1, Tet2, Tet3, Tex24, Tfam, Tfap2a, Tfap2b, Tfap2c, Tfap2d, Tfap2e, Tfap4, Tfcp2, Tfcp2l1, Tfdp1, Tfdp2, Tfe3, Tfeb, Tfec, Tfpt, Tfr2, Tfrc, Tgfb1, Tgfb1i1, Tgfb2, Tgfb3, Tgfbr1, Tgfbr3, Tgfbrap1, Tgif1, Tgif2, Thap1, Thap11, Thap3, Thap7, Thra, Thrap3, Thrb, Ticam1, Timeless, Tirap, Tle1, Tle2, Tle3, Tle4, Tle5, Tle6, Tlr2, Tlr3, Tlr4, Tlr7, Tlr9, Tlx1, Tlx2, Tlx3, Tmf1, Tmigd3, Tmpo, Tmprss6, Tmsb4x, Tnf, Tnfaip3, Tnfrsf11a, Tnfrsf1a, Tnfrsf4, Tnfsf11, Tnfsf18, Tnfsf4, Tnfsf8, Tnip1, Tnip2, Tnip3, Tnks, Tnni2, Tnp1, Tob1, Top2a, Topors, Tox, Tox2, Tox3, Tox4, Tpr, Traf1, Traf2, Traf3, Traf3ip1, Traf5, Traf6, Traf7, Traip, Trak2, Trappc9, Trerf1, Trf, Triap1, Trib1, Trib2, Trib3, Trim11, Trim12a, Trim12c, Trim13, Trim14, Trim15, Trim21, Trim24, Trim25, Trim26, Trim27, Trim28, Trim29, Trim30a, Trim30b, Trim30c, Trim30d, Trim31, Trim32, Trim37, Trim38, Trim40, Trim44, Trim5, Trim52, Trim6, Trim62, Trim66, Trim8, Trip4, Tro, Trp53, Trp53bp1, Trp53inp1, Trp53inp2, Trp63, Trp73, Trps1, Trpv1, Trpv4, Trrap, Tsc2, Tsc22d1, Tsc22d2, Tsc22d3, Tsc22d4, Tsg101, Tshz1, Tshz2, Tshz3, Tsix, Tssk4, Ttc21b, Ttc5, Tunar, Tut4, Twist1, Twist2, Txk, Txn1, Txnip, Uba3, Ube2e1, Ube2i, Ube2l3, Ube2n, Ube3a, Ublcp1, Ubp1, Ubtf, Ubtfl1, Uchl5, Ucn, Ucp1, Ufl1, Uhrf1, Uimc1, Uncx, Uri1, Usf1, Usf2, Usf3, Usp13, Usp16, Usp2, Usp21, Usp22, Usp3, Usp47, Usp7, Utf1, Utp15, Utp4, Uxt, Vax1, Vax2, Vdr, Vegfa, Vezf1, Vgll1, Vgll2, Vgll3, Vgll4, Vhl, Vps72, Vrtn, Vsx1, Vsx2, Wac, Was, Wasl, Wbp2, Wbp2nl, Wdr43, Wdr5, Wdr75, Wdr77, Wdr82, Wdtc1, Wfs1, Wiz, Wnk1, Wnt1, Wnt10b, Wnt11, Wnt2, Wnt3a, Wnt4, Wnt5a, Wnt6, Wnt7a, Wt1, Wtip, Wwc1, Wwc2, Wwox, Wwp1, Wwp2, Wwtr1, Xbp1, Xcl1, Xpa, Xpc, Xpo1, Xrcc5, Xrcc6, Yaf2, Yap1, Ybx1, Ybx3, Yeats2, Yeats4, Yes1, Ylpm1, Ywhab, Ywhah, Ywhaq, Ywhaq-ps3, Ywhaz, Yy1, Yy2, Zbed3, Zbed4, Zbed6, Zbtb1, Zbtb10, Zbtb11, Zbtb12, Zbtb14, Zbtb16, Zbtb17, Zbtb18, Zbtb2, Zbtb20, Zbtb21, Zbtb22, Zbtb24, Zbtb25, Zbtb26, Zbtb3, Zbtb32, Zbtb33, Zbtb34, Zbtb37, Zbtb38, Zbtb39, Zbtb4, Zbtb40, Zbtb41, Zbtb42, Zbtb43, Zbtb45, Zbtb46, Zbtb47, Zbtb48, Zbtb49, Zbtb5, Zbtb6, Zbtb7a, Zbtb7b, Zbtb7c, Zbtb8a, Zbtb8b, Zbtb9, Zc3h12a, Zc3h4, Zc3h6, Zc3h8, Zc4h2, Zcchc12, Zeb1, Zeb2, Zfa-ps, Zfat, Zfhx2, Zfhx3, Zfhx4, Zfp1, Zfp1004, Zfp1005, Zfp1006, Zfp1007, Zfp101, Zfp1010, Zfp105, Zfp11, Zfp110, Zfp111, Zfp112, Zfp113, Zfp119a, Zfp119b, Zfp12, Zfp120, Zfp125, Zfp128, Zfp13, Zfp131, Zfp14, Zfp141, Zfp142, Zfp143, Zfp146, Zfp148, Zfp157, Zfp160, Zfp169, Zfp174, Zfp175, Zfp180, Zfp182, Zfp184, Zfp189, Zfp2, Zfp202, Zfp212, Zfp213, Zfp217, Zfp219, Zfp229, Zfp236, Zfp239, Zfp24, Zfp248, Zfp251, Zfp26, Zfp260, Zfp263, Zfp266, Zfp267, Zfp268, Zfp27, Zfp273, Zfp275, Zfp276, Zfp28, Zfp280b, Zfp280c, Zfp280d, Zfp281, Zfp286, Zfp287, Zfp292, Zfp296, Zfp3, Zfp30, Zfp316, Zfp317, Zfp318, Zfp319, Zfp322a, Zfp324, Zfp326, Zfp329, Zfp334, Zfp335, Zfp341, Zfp345, Zfp35, Zfp352, Zfp354a, Zfp354b, Zfp354c, Zfp358, Zfp36, Zfp362, Zfp366, Zfp367, Zfp369, Zfp37, Zfp382, Zfp383, Zfp384, Zfp386, Zfp39, Zfp395, Zfp397, Zfp398, Zfp40, Zfp407, Zfp408, Zfp41, Zfp410, Zfp418, Zfp42, Zfp420, Zfp422, Zfp423, Zfp426, Zfp429, Zfp433, Zfp438, Zfp442, Zfp444, Zfp445, Zfp446, Zfp449, Zfp451, Zfp454, Zfp455, Zfp456, Zfp457, Zfp458, Zfp459, Zfp46, Zfp462, Zfp467, Zfp469, Zfp472, Zfp473, Zfp488, Zfp493, Zfp503, Zfp507, Zfp51, Zfp512b, Zfp513, Zfp516, Zfp518a, Zfp518b, Zfp52, Zfp521, Zfp523, Zfp524, Zfp53, Zfp534, Zfp536, Zfp54, Zfp541, Zfp551, Zfp553, Zfp558, Zfp560, Zfp563, Zfp566, Zfp568, Zfp57, Zfp574, Zfp575, Zfp579, Zfp58, Zfp580, Zfp582, Zfp583, Zfp59, Zfp593, Zfp595, Zfp597, Zfp599, Zfp60, Zfp600, Zfp605, Zfp606, Zfp607a, Zfp607b, Zfp608, Zfp609, Zfp612, Zfp616, Zfp617, Zfp619, Zfp62, Zfp623, Zfp626, Zfp628, Zfp629, Zfp637, Zfp639, Zfp64, Zfp641, Zfp644, Zfp646, Zfp647, Zfp648, Zfp65, Zfp652, Zfp653, Zfp654, Zfp655, Zfp658, Zfp661, Zfp663, Zfp664, Zfp667, Zfp668, Zfp672, Zfp677, Zfp68, Zfp683, Zfp689, Zfp69, Zfp691, Zfp692, Zfp696, Zfp697, Zfp7, Zfp703, Zfp704, Zfp706, Zfp707, Zfp708, Zfp709, Zfp710, Zfp711, Zfp712, Zfp715, Zfp719, Zfp72, Zfp729a, Zfp729b, Zfp735, Zfp738, Zfp74, Zfp740, Zfp746, Zfp747, Zfp747l1, Zfp748, Zfp750, Zfp758, Zfp759, Zfp760, Zfp763, Zfp764, Zfp764l1, Zfp768, Zfp770, Zfp771, Zfp772, Zfp773, Zfp775, Zfp777, Zfp78, Zfp780b, Zfp784, Zfp786, Zfp787, Zfp788, Zfp790, Zfp791, Zfp799, Zfp808, Zfp809, Zfp81, Zfp810, Zfp811, Zfp819, Zfp82, Zfp820, Zfp821, Zfp825, Zfp827, Zfp84, Zfp846, Zfp85, Zfp850, Zfp853, Zfp865, Zfp866, Zfp867, Zfp868, Zfp869, Zfp87, Zfp870, Zfp871, Zfp872, Zfp873, Zfp874a, Zfp874b, Zfp879, Zfp882, Zfp9, Zfp90, Zfp91, Zfp92, Zfp93, Zfp930, Zfp931, Zfp932, Zfp933, Zfp934, Zfp935, Zfp937, Zfp938, Zfp940, Zfp941, Zfp942, Zfp943, Zfp944, Zfp945, Zfp946, Zfp947, Zfp948, Zfp949, Zfp950, Zfp951, Zfp952, Zfp954, Zfp955a, Zfp955b, Zfp956, Zfp958, Zfp959, Zfp960, Zfp961, Zfp963, Zfp964, Zfp966, Zfp97, Zfp970, Zfp971, Zfp973, Zfp974, Zfp975, Zfp976, Zfp977, Zfp979, Zfp980, Zfp981, Zfp982, Zfp983, Zfp984, Zfp985, Zfp987, Zfp988, Zfp989, Zfp990, Zfp991, Zfp992, Zfp994, Zfp995, Zfp998, Zfpm1, Zfpm2, Zfta, Zfx, Zfy1, Zfy2, Zglp1, Zgpat, Zhx1, Zhx2, Zhx3, Zic1, Zic2, Zic3, Zic4, Zic5, Zik1, Zim1, Zkscan1, Zkscan14, Zkscan16, Zkscan17, Zkscan2, Zkscan3, Zkscan4, Zkscan5, Zkscan6, Zkscan7, Zkscan8, Zmiz1, Zmiz2, Zmpste24, Zmym2, Zmym5, Zmynd11, Zmynd15, Zmynd8, Znhit1, Zp3, Zscan10, Zscan12, Zscan2, Zscan20, Zscan21, Zscan22, Zscan25, Zscan26, Zscan29, Zscan4-ps1, Zscan4-ps2, Zscan4-ps3, Zscan4b, Zscan4c, Zscan4d, Zscan4e, Zscan4f, Zscan5b, Zxdb, Zxdc, Zzz3
GO:2001141	regulation of RNA biosynthetic process	3383	90	49.28	9.3e-09	6.1776e-6	2010315B03Rik, 2610008E11Rik, 2610021A01Rik, 2810021J22Rik, 4930447C04Rik, 4930522L14Rik, 5730507C01Rik, A430033K04Rik, A630001G21Rik, Aamdc, Aatf, Abcc9, Abcg4, Abhd14b, Ablim1, Ablim2, Ablim3, Abra, Abt1, Acod1, Acss2, Actb, Actl6a, Actl6b, Actn1, Actn2, Actn4, Actr2, Actr3, Actr5, Actr6, Actr8, Actrt1, Acvr1, Acvr1b, Acvr2a, Acvr2b, Acvrl1, Adcy1, Adcy8, Adcyap1, Adgrf1, Adgrg3, Adipoq, Adnp, Adora2a, Adora3, Adrb2, Aebp1, Aebp2, Afap1l2, Aff1, Aff3, Agap2, Ager, Ago1, Ago2, Agrn, Agt, Agtr2, Ahdc1, Ahi1, Ahr, Ahrr, AI854703, AI987944, Aicda, Aim2, Aire, Ajuba, Akap8l, Akirin1, Akirin2, Akna, Akt1, Akt2, Alx1, Alx3, Alx4, Ambra1, Amot, Amotl2, Ankrd1, Ankrd2, Ankrd23, Ankrd42, Ankrd49, Anxa2, Anxa3, Anxa4, Ap3b1, Ap3d1, Apbb1, Apbb2, Apbb3, Apex1, Apln, Apobec3, Apoe, App, Ar, Arap1, Arf4, Arglu1, Arhgef11, Arhgef2, Arhgef5, Arid1a, Arid1b, Arid2, Arid3a, Arid3b, Arid3c, Arid4a, Arid4b, Arid5a, Arid5b, Arl2bp, Armcx3, Arnt, Arnt2, Arrb1, Arrb2, Arx, Ascc1, Ascc2, Ascl1, Ascl2, Ascl3, Ascl4, Ascl5, Ash1l, Ash2l, Asph, Asxl1, Asxl2, Asxl3, Atad2, Atf1, Atf1-ps, Atf2, Atf3, Atf4, Atf5, Atf6, Atf6b, Atf7, Atf7ip, Atf7ip2, Atm, Atmin, Atn1, Atoh1, Atoh7, Atoh8, Atp1b4, Atp2b4, Atp8b1, Atrx, Atxn1, Atxn1l, Atxn7, Atxn7l3, AU041133, Aurkb, Auts2, AW146154, Axin1, Aym1, B020011L13Rik, Bach1, Bach2, Bahd1, Bambi, Banp, Bap1, Barhl1, Barhl2, Barx1, Barx2, Basp1, Batf, Batf2, Batf3, Baz1a, Baz1b, Baz2a, Bbs7, Bbx, BC024063, Bcas3, Bcl10, Bcl11a, Bcl11b, Bcl2l12, Bcl3, Bcl6, Bcl6b, Bcl7a, Bcl7b, Bcl7c, Bcl9, Bcl9l, Bclaf1, Bclaf3, Bcor, Bcorl1, Bdnf, Bdp1, Bend3, Bend5, Bend6, Bex2, Bhlha15, Bhlha9, Bhlhe22, Bhlhe23, Bhlhe40, Bhlhe41, Bicra, Bicral, Bin1, Birc2, Birc5, Blm, Bloc1s2, Bmal1, Bmal2, Bmi1, Bmp10, Bmp15, Bmp2, Bmp3, Bmp4, Bmp5, Bmp6, Bmp7, Bmpr1a, Bmpr1b, Bmpr2, Bmyc, Bnc1, Bnc2, Bptf, Brca1, Brca2, Brd1, Brd2, Brd3, Brd4, Brd7, Brd8, Brd9, Brdt, Brf1, Brf2, Brip1, Brms1, Brms1l, Brpf1, Brpf3, Brwd1, Brwd3, Bsx, Btaf1, Btbd18, Btg2, Btrc, Bud31, C1d, C1qbp, Cactin, Calcoco1, Calr, Camk1, Camk1d, Camk2a, Camk4, Camta1, Camta2, Cand1, Capn3, Caprin2, Card11, Card14, Card9, Carf, Carm1, Cask, Casp8ap2, Casz1, Cat, Cav1, Cavin2, Cavin4, Cbfa2t2, Cbfa2t3, Cbfb, Cbx1, Cbx2, Cbx3, Cbx4, Cbx5, Cbx6, Cbx7, Cbx8, Cby1, Cc2d1a, Cc2d1b, Ccar1, Ccar2, Ccdc62, Ccdc85b, Ccl3, Ccn1, Ccna2, Ccnc, Ccnd1, Ccnd3, Ccne1, Ccnh, Ccnk, Ccnl1, Ccnl2, Ccnq, Ccnt1, Ccnt2, Ccpg1, Cd200, Cd274, Cd28, Cd36, Cd38, Cd4, Cd40, Cd40lg, Cd74, Cd81, Cd84, Cdc14a, Cdc14b, Cdc5l, Cdc5lrt1, Cdc5lrt10, Cdc5lrt4, Cdc5lrt5, Cdc5lrt6, Cdc5lrt7, Cdc5lrt8, Cdc5lrt9, Cdc73, Cdca7, Cdca7l, Cdh1, Cdh13, Cdk1, Cdk12, Cdk13, Cdk2, Cdk2ap1, Cdk2ap1rt, Cdk5, Cdk5r1, Cdk5rap2, Cdk5rap3, Cdk6, Cdk7, Cdk8, Cdk9, Cdkn1b, Cdkn1c, Cdkn2a, Cdkn3, Cdon, Cdx1, Cdx2, Cdx4, Cdyl, Cebpa, Cebpb, Cebpd, Cebpe, Cebpg, Cebpz, Cela1, Celsr2, Cenpf, Cenpk, Cep290, Ces1d, Cflar, Cggbp1, Chaserr, Chchd2, Chchd2-ps, Chd3, Chd4, Chd5, Chd6, Chd7, Chd8, Chek2, Chp1, Chp2, Chuk, Churc1, Ciao1, Ciart, Cib1, Cic, Ciita, Cipc, Cir1, Cited1, Cited2, Cited4, Ckap2, Cks1b, Cks2, Clec7a, Clock, Clu, Cmklr1, Cmtm2a, Cnbp, Cnot1, Cnot2, Cnot3, Cnot6, Cnot7, Cnot9, Col1a1, Commd1, Commd6, Commd7, Cops2, Cops5, Coq7, Cpap, Cpeb3, Cphx1, Cpped1, Creb1, Creb3, Creb3l1, Creb3l2, Creb3l3, Creb3l4, Creb5, Crebbp, Crebl2, Crebrf, Crebzf, Creg1, Crem, Cripto, Crlf3, Crnn, Crtc1, Crtc2, Crtc3, Crx, Crxos, Cry1, Cry2, Cryab, Crym, Csf2, Csf3, Csrnp1, Csrnp2, Csrnp3, Csrp3, Ctbp1, Ctbp2, Ctcf, Ctcfl, Ctdnep1, Ctdp1, Ctdsp1, Ctdsp2, Ctdspl, Ctdspl2, Cth, Ctnnb1, Ctnnbip1, Ctr9, Cul3, Cux1, Cux2, Cx3cl1, Cxcr3, Cxxc1, Cxxc5, Cyld, Cyp1b1, Cys1, Cytl1, D1Pas1, Dab2, Dab2ip, Dach1, Dach2, Dact1, Dap, Daxx, Dbp, Dbx1, Dbx2, Dcaf1, Dcaf6, Dcn, Dcp1a, Ddit3, Ddn, Ddr2, Ddrgk1, Ddx11, Ddx17, Ddx20, Ddx21, Ddx3x, Ddx41, Ddx5, Ddx54, Deaf1, Dedd, Dek, Depdc1a, Dgkq, Dhrs7b, Dhx33, Dhx36, Dhx9, Dicer1, Dido1, Dkk1, Dkk3, Dlg1, Dll1, Dll4, Dlx1, Dlx2, Dlx3, Dlx4, Dlx5, Dlx6, Dlx6os1, Dmap1, Dmbx1, Dmd, Dmrt1, Dmrt2, Dmrt3, Dmrta1, Dmrta2, Dmrtb1, Dmrtc2, Dmtf1, Dmtf1l, Dnaja3, Dnajb1, Dnajb4, Dnajb5, Dnajb6, Dnajc17, Dnajc2, Dnmt1, Dnmt3a, Dnmt3b, Dnmt3l, Dot1l, Dpf1, Dpf2, Dpf3, Dr1, Drap1, Drd2, Drd3, Drgx, Dtx3l, Dubr, Dusp1, Dusp10, Dusp12, Dusp13a, Dusp13b, Dusp14, Dusp15, Dusp18, Dusp19, Dusp2, Dusp21, Dusp22, Dusp23, Dusp26, Dusp28, Dusp29, Dusp3, Dusp4, Dusp5, Dusp6, Dusp7, Dusp8, Duxbl1, Duxf3, Duxf4, Dvl1, Dvl2, Dvl3, Dyrk1a, Dyrk1b, E130311K13Rik, E230001N04Rik, E2f1, E2f2, E2f3, E2f4, E2f5, E2f6, E2f7, E2f8, E4f1, Eaf1, Eaf2, Eapp, Ebf1, Ebf2, Ebf3, Ebf4, Ecd, Ecm1, Ecsit, Edf1, Edn1, Ednrb, Edrf1, Eed, Eef1d, Efcab7, Efemp1, Efna1, Egf, Egfr, Egln1, Egr1, Egr2, Egr3, Egr4, Ehf, Ehmt1, Ehmt2, Eid1, Eid2, Eid2b, Eif2ak2, Eif2ak3, Eif2ak4, Eif4a1, Eif4a3, Elane, Elf1, Elf2, Elf3, Elf4, Elf5, Elk1, Elk3, Elk4, Ell, Ell2, Ell3, Eloa, Elp3, Elp4, Emsy, Emx1, Emx2, En1, En2, Eng, Eno1, Eno1b, Enpp1, Eny2, Eomes, Ep300, Ep400, Epas1, Epc1, Epc2, Epcam, Epha5, Epm2a, Epo, Epop, Erbb2, Erbb4, Erbin, Erc1, Ercc1, Ercc2, Ercc6, Ereg, Erf, Erfl, Erg, Ern2, Esr1, Esr2, Esrra, Esrrb, Esrrg, Esx1, Ets1, Ets2, Etv1, Etv2, Etv3, Etv3l, Etv4, Etv5, Etv6, Evx1, Evx2, Ewsr1, Exosc9, Eya1, Ezh1, Ezh2, Ezr, F2r, F2rl1, Fabp4, Fadd, Fam170a, Fam220a, Fanca, Fancd2, Fank1, Fasl, Fbln5, Fbp1, Fbxl19, Fbxw11, Fcgr2b, Fcor, Fer, Ferd3l, Fev, Fezf1, Fezf2, Fgf1, Fgf10, Fgf2, Fgf23, Fgf4, Fgf7, Fgf9, Fgfr1, Fgfr2, Fgfr3, Fhl2, Fhl5, Fhod1, Figla, Fiz1, Fkbp10, Fkbp11, Fkbp14, Fkbp1a, Fkbp1b, Fkbp2, Fkbp3, Fkbp4, Fkbp5, Fkbp7, Fkbp8, Fkbp9, Flcn, Fli1, Flna, Flt3l, Flywch1, Fnip1, Fnip2, Fos, Fosb, Fosl1, Fosl2, Foxa1, Foxa2, Foxa3, Foxb1, Foxb2, Foxc1, Foxc2, Foxd1, Foxd2, Foxd3, Foxd4, Foxe1, Foxe3, Foxf1, Foxf2, Foxg1, Foxh1, Foxi1, Foxi2, Foxi3, Foxj1, Foxj2, Foxj3, Foxk1, Foxk2, Foxl1, Foxl2, Foxl3, Foxm1, Foxn1, Foxn2, Foxn3, Foxn4, Foxo1, Foxo3, Foxo4, Foxo6, Foxp1, Foxp2, Foxp3, Foxp4, Foxq1, Foxr1, Foxr2, Foxs1, Frk, Fst, Fstl3, Fubp1, Fubp3, Fus, Fzd1, Fzd2, Fzd4, Fzd5, Fzd6, Fzd7, Gabpa, Gabpb1, Gabpb2, Gadd45a, Gal, Galr1, Galr2, Galr3, Gas6, Gata1, Gata2, Gata3, Gata4, Gata5, Gata6, Gatad1, Gatad2a, Gatad2b, Gbp4, Gbx1, Gbx2, Gclc, Gcm1, Gcm2, Gdf2, Gdf6, Gdf7, Gdnf, Gfi1, Gfi1b, Ghrh, Gli1, Gli2, Gli3, Glis1, Glis2, Glis3, Glmp, Glo1, Glp1r, Glrp1, Gm10033, Gm12258, Gm14295, Gm14322, Gm14325, Gm14391, Gm14399, Gm14401, Gm14403, Gm14412, Gm14418, Gm14434, Gm14443, Gm14444, Gm15446, Gm17067, Gm17655, Gm19965, Gm20737, Gm20738, Gm20747, Gm20773, Gm20795, Gm20806, Gm20807, Gm20808, Gm20812, Gm20815, Gm20816, Gm20818, Gm20821, Gm20822, Gm20825, Gm20826, Gm20830, Gm20834, Gm20852, Gm20854, Gm20865, Gm20873, Gm20914, Gm20917, Gm20918, Gm21118, Gm21292, Gm21310, Gm21394, Gm21719, Gm21778, Gm21812, Gm21854, Gm2381, Gm28171, Gm32687, Gm35315, Gm3604, Gm4275, Gm45871, Gm4767, Gm4924, Gm5141, Gm6871, Gm7072, Gmcl1, Gmeb1, Gmeb2, Gmnn, Gnas, Gnl3, Gon4l, Gpatch3, Gpbp1, Gpbp1l1, Gper1, Gps2, Grem1, Grhl1, Grhl2, Grhl3, Grin1, Grm5, Gsc, Gsc2, Gsdmd, Gsk3a, Gsk3b, Gsx1, Gsx2, Gtf2a1, Gtf2a2, Gtf2f1, Gtf2f2, Gtf2h1, Gtf2h2, Gtf2h3, Gtf2i, Gtf2ird1, Gzf1, H1f2, H1f3, H1f4, H1f5, H2az1, H3c14, Halr1, Hamp, Hand1, Hand2, Has3, Havcr2, Hax1, Hba-x, Hbb-bh1, Hbb-y, Hbp1, Hcfc1, Hcfc2, Hck, Hcls1, Hdac1, Hdac10, Hdac2, Hdac3, Hdac4, Hdac5, Hdac7, Hdac9, Hdgf, Hdx, Heatr1, Helt, Helz2, Hes1, Hes2, Hes3, Hes5, Hes6, Hes7, Hesx1, Hexb, Hexim1, Hexim2, Hey1, Hey2, Heyl, Hhex, Hic1, Hic2, Hif1a, Hif1an, Hif3a, Hinfp, Hint1, Hipk1, Hipk2, Hipk3, Hira, Hivep1, Hivep2, Hivep3, Hjv, Hlf, Hltf, Hlx, Hmbox1, Hmg20a, Hmg20b, Hmga1, Hmga1b, Hmga2, Hmgb1, Hmgb2, Hmgb4, Hmgn1, Hmgn2, Hmgn3, Hmgn5, Hmox1, Hmx1, Hmx2, Hmx3, Hnf1a, Hnf1b, Hnf4a, Hnf4g, Hnrnpa2b1, Hnrnpab, Hnrnpd, Hnrnpk, Hnrnpl, Hnrnpu, Homez, Hopx, Hoxa1, Hoxa10, Hoxa11, Hoxa11os, Hoxa13, Hoxa2, Hoxa3, Hoxa4, Hoxa5, Hoxa6, Hoxa7, Hoxa9, Hoxb1, Hoxb13, Hoxb2, Hoxb3, Hoxb4, Hoxb5, Hoxb6, Hoxb7, Hoxb8, Hoxb9, Hoxc10, Hoxc11, Hoxc12, Hoxc13, Hoxc4, Hoxc5, Hoxc6, Hoxc8, Hoxc9, Hoxd1, Hoxd10, Hoxd11, Hoxd12, Hoxd13, Hoxd3, Hoxd4, Hoxd8, Hoxd9, Hp1bp3, Hr, Hras, Hsbp1, Hsbp1l1, Hsf1, Hsf2, Hsf3, Hsf4, Hsf5, Hspa1a, Hspa1b, Hspa8, Htatip2, Hyal2, Ice1, Ice2, Id1, Id2, Id3, Id4, Ier2, Ier5, Ifi203, Ifi203-ps, Ifi204, Ifi206, Ifi207, Ifi208, Ifi209, Ifi213, Ifi214, Ifi27, Ifnar1, Ifnar2, Ifnb1, Ifng, Ifnk, Ifrd1, Ift172, Ift74, Igbp1, Igf1, Igf1r, Igf2, Ighmbp2, Igsf1, Ihh, Ikbkb, Ikbke, Ikbkg, Ikzf1, Ikzf2, Ikzf3, Ikzf4, Ikzf5, Il10, Il11, Il13, Il17a, Il17f, Il18, Il18r1, Il18rap, Il1a, Il1b, Il1rap, Il2, Il22, Il23a, Il25, Il33, Il4, Il4i1, Il4i1b, Il5, Il6, Ilf2, Ilf3, Ilk, Ilkap, Impact, Ing1, Ing2, Ing3, Ing4, Ing5, Inhba, Ino80, Ino80b, Ino80c, Ino80d, Ino80e, Inpp5k, Ins1, Ins2, Insm1, Insm2, Insr, Ippk, Iqce, Irak1, Irak2, Irak3, Irf1, Irf2, Irf2bp1, Irf2bp2, Irf2bpl, Irf3, Irf4, Irf5, Irf6, Irf7, Irf8, Irf9, Irx1, Irx2, Irx3, Irx4, Irx5, Irx6, Isl1, Isl2, Isx, Itch, Itga6, Itga8, Itgb1bp1, Itgb3bp, Jade1, Jade2, Jade3, Jag1, Jak2, Jak3, Jarid2, Jazf1, Jdp2, Jmjd1c, Jmjd6, Jmy, Jph2, Jpx, Jun, Junb, Jund, Jup, Kank2, Kansl1, Kansl2, Kansl3, Kars1, Kat14, Kat2a, Kat2b, Kat5, Kat6a, Kat6b, Kat7, Kat8, Kcnh2, Kcnip3, Kctd1, Kctd15, Kdm1a, Kdm2a, Kdm2b, Kdm3a, Kdm3b, Kdm4a, Kdm4c, Kdm5a, Kdm5b, Kdm5c, Kdm5d, Kdm6a, Kdm6b, Kdm7a, Kdm8, Keap1, Khdrbs1, Khsrp, Kit, Klf1, Klf10, Klf11, Klf12, Klf13, Klf14, Klf15, Klf16, Klf17, Klf2, Klf3, Klf4, Klf5, Klf6, Klf7, Klf8, Klf9, Kmt2a, Kmt2b, Kmt2c, Kmt2d, Kmt2e, Kmt5a, Kpna6, L3mbtl1, L3mbtl2, L3mbtl3, L3mbtl4, Lamtor5, Lancl2, Larp7, Larp7-ps, Lbh, Lbx1, Lbx2, Lcor, Lcorl, Ldb1, Ldb2, Lef1, Lefty1, Leo1, Lep, Lhx1, Lhx2, Lhx3, Lhx4, Lhx5, Lhx6, Lhx8, Lhx9, Lif, Lilrb4a, Lilrb4b, Limd1, Lime1, Lims1, Lin37, Lin52, Lin54, Lin9, Litaf, Lmcd1, Lmo1, Lmo2, Lmo3, Lmo4, Lmo7, Lmx1a, Lmx1b, Loxl2, Loxl3, Lpar5, Lpin1, Lpin2, Lpin3, Lrif1, Lrp5, Lrp6, Lrrc14, Lrrfip1, Lrrfip2, Ltf, Lum, Lyar, Lyl1, Macc1, Macroh2a1, Macroh2a2, Mad2l2, Mael, Maf, Maf1, Mafa, Mafb, Maff, Mafg, Mafk, Magea1, Magea10, Magea13, Magea14, Magea2, Magea3, Magea4, Magea5, Magea6, Magea8, Magea9, Mageb11, Mageb16, Mageb18, Mageb2, Mageb3, Mageb4, Mageb5, Mageb5b, Mageb6b1, Magec2, Maged1, Maged2, Magee1, Magee2, Mageh1, Magel2, Mak, Malt1, Maml1, Maml2, Maml3, Mamld1, Mamstr, Map2k1, Map2k2, Map2k3, Map2k5, Map2k7, Map3k1, Map3k10, Map3k12, Map3k13, Map3k5, Mapk1, Mapk10, Mapk14, Mapk15, Mapk3, Mapk7, Mapk8, Mapk8ip1, Mapk9, Mapkapk5, Mapre3, Mars1, Mavs, Max, Maz, Mbd1, Mbd2, Mbd3, Mbd3l1, Mbd3l2, Mbip, Mbtd1, Mbtps2, Mc1r, Mcf2l, Mcidas, Mcph1, Mcrs1, Mdfi, Mdfic, Mdfic2, Mdk, Mdm2, Mdm4, Meaf6, Mecom, Mecp2, Med1, Med10, Med11, Med12, Med12l, Med13, Med13l, Med14, Med15, Med16, Med17, Med18, Med19, Med20, Med21, Med22, Med23, Med24, Med25, Med26, Med27, Med28, Med29, Med30, Med31, Med4, Med6, Med7, Med8, Med9, Mef2a, Mef2b, Mef2c, Mef2d, Meiosin, Meis1, Meis2, Meis3, Men1, Meox1, Meox2, Mepce, Mesp1, Mesp2, Met, Mettl13, Mettl23, Mettl4, Mga, Mical2, Mid2, Mideas, Mier1, Mier2, Mier3, Mir103-1, Mir103-2, Mir143, Mir205hg, Mir466d, Mir466l, Mir7-1, Mir744, Mitf, Mixl1, Mkrn2, Mkx, Mlf1, Mlf2, Mlip, Mllt1, Mllt10, Mllt11, Mllt3, Mllt6, Mlx, Mlxip, Mlxipl, Mmp12, Mms19, Mn1, Mnat1, Mndal, Mnt, Mnx1, Morc1, Morc2a, Morc2b, Morc3, Morf4l1, Morf4l2, Mospd1, Mphosph8, Mrgbp, Mrpl12, Mrtfa, Mrtfb, Msantd1, Msc, Msgn1, Msl1, Msl2, Msl3, Mstn, Msx1, Msx2, Msx3, Mt3, Mta1, Mta2, Mta3, Mtdh, Mterf1a, Mterf1b, Mterf2, Mterf3, Mterf4, Mtf1, Mtor, Mtpn, Mtres1, Mturn, Muc1, Mup1, Mup11, Mup2, Mup3, Mup4, Mup5, Musk, Mxd1, Mxd3, Mxd4, Mxi1, Myb, Mybbp1a, Mybl1, Mybl2, Myc, Mycbp, Mycl, Mycn, Mycs, Myd88, Mydgf, Myef2, Myf5, Myf6, Mynn, Myo1c, Myocd, Myod1, Myog, Myoz1, Myoz2, Mypop, Myrf, Myrfl, Mysm1, Myt1, Myt1l, Mzf1, N4bp2l2, Naa15, Nab1, Nab2, Nacc1, Nacc2, Nampt, Nanog, Ncbp1, Ncbp2, Nck1, Nck2, Ncl, Ncoa1, Ncoa2, Ncoa3, Ncoa6, Ncoa7, Ncor1, Ncor2, Ndn, Ndp, Ndufa13, Nedd4, Nedd8, Nek4, Nelfa, Nelfb, Nelfcd, Nelfe, Neo1, Nepn, Neurod1, Neurod2, Neurod4, Neurod6, Neurog1, Neurog2, Neurog3, Nfat5, Nfatc1, Nfatc2, Nfatc2ip, Nfatc3, Nfatc4, Nfe2, Nfe2l1, Nfe2l2, Nfe2l3, Nfia, Nfib, Nfic, Nfil3, Nfilz, Nfix, Nfkb1, Nfkb2, Nfkbia, Nfkbid, Nfkbie, Nfkbil1, Nfkbiz, Nfrkb, Nfx1, Nfxl1, Nfya, Nfyb, Nfyc, Ngf, Ngfr, Nhlh1, Nhlh2, Niban2, Nif3l1, Nipbl, Nkap, Nkrf, Nktr, Nkx1-1, Nkx1-2, Nkx2-1, Nkx2-2, Nkx2-3, Nkx2-4, Nkx2-5, Nkx2-6, Nkx2-9, Nkx3-1, Nkx3-2, Nkx6-1, Nkx6-2, Nkx6-3, Nlk, Nlrc3, Nlrc4, Nlrc5, Nlrp12, Nlrp3, Nmd3, Nme2, Nmnat1, Nobox, Noc2l, Nod1, Nod2, Nodal, Nog, Nol11, Nolc1, Nono, Nop53, Nos1, Nostrin, Notch1, Notch2, Notch3, Notch4, Noto, Npas1, Npas2, Npas3, Npas4, Npat, Npm1, Npnt, Nr0b1, Nr0b2, Nr1d1, Nr1d2, Nr1h2, Nr1h3, Nr1h4, Nr1h5, Nr1i2, Nr1i3, Nr2c1, Nr2c2, Nr2e1, Nr2e3, Nr2f1, Nr2f2, Nr2f6, Nr3c1, Nr3c2, Nr4a1, Nr4a2, Nr4a3, Nr5a1, Nr5a2, Nr6a1, Nrarp, Nrbf2, Nrf1, Nrg1, Nrip1, Nrip2, Nrl, Nscme3l, Nsd1, Nsd2, Nsd3, Nsmce3, Ntf3, Ntn3, Ntrk1, Nts, Nucks1, Nufip1, Nup62, Nup85, Nup98, Nupr1, Nupr2, Nwd1, Obox1, Obox2, Obox3, Obox4, Obox5, Obox6, Obox7, Obox8, Ogg1, Ogt, Olig1, Olig2, Olig3, Onecut1, Onecut2, Onecut3, Oog1, Oog2, Oog3, Osm, Osr1, Osr2, Otp, Otud7b, Otulin, Otx1, Otx2, Ovol1, Ovol2, Ovol3, P2rx2, P2ry1, Pa2g4, Paf1, Pagr1a, Pam, Park7, Parp1, Parp10, Parp9, Pasd1, Pask, Patz1, Pawr, Pax1, Pax2, Pax3, Pax4, Pax5, Pax6, Pax7, Pax8, Pax9, Paxbp1, Paxip1, Pbrm1, Pbx1, Pbx2, Pbx3, Pbx4, Pbxip1, Pcbd1, Pcbd2, Pcbp1, Pcbp2, Pcbp3, Pcbp4, Pcgf1, Pcgf2, Pcgf3, Pcgf5, Pcgf6, Pcid2, Pck1, Pcna, Pdcd4, Pdcd7, Pde2a, Pdgfb, Pdlim1, Pdx1, Pdxp, Peg3, Peli1, Pelp1, Per1, Per2, Per3, Perm1, Pex14, Pf4, Pfdn5, Pfkm, Pfn1, Pgam5, Pgr, Phb1, Phb2, Phc1, Phc2, Phc3, Phf10, Phf12, Phf14, Phf19, Phf2, Phf20, Phf20l1, Phf21a, Phf3, Phf5a, Phf6, Phf8, Phip, Phlpp1, Phlpp2, Phox2a, Phox2b, Pias1, Pias2, Pias3, Pias4, Picalm, Pid1, Pih1d1, Pik3r1, Pik3r2, Pim1, Pim2, Pin1, Pin1rt1, Pin4, Pink1, Pithd1, Pitx1, Pitx2, Pitx3, Pkd1, Pkd2, Pkhd1, Pkia, Pkig, Pkm, Pkn1, Pknox1, Pknox2, Pkp1, Pla2g10, Plac8, Plag1, Plagl1, Plagl2, Platr25, Plcb1, Plcg2, Plk1, Plk3, Plpp3, Plscr1, Pmf1, Pml, Pogk, Pogz, Pole3, Pomc, Pou1f1, Pou2af1, Pou2af2, Pou2af3, Pou2f1, Pou2f2, Pou2f3, Pou3f1, Pou3f2, Pou3f3, Pou3f4, Pou4f1, Pou4f2, Pou4f3, Pou5f1, Pou5f2, Pou6f1, Pou6f2, Ppara, Ppard, Pparg, Ppargc1a, Ppargc1b, Ppef1, Ppef2, Pphln1, Ppia, Ppib, Ppic, Ppid, Ppie, Ppif, Ppig, Ppih, Ppil1, Ppil3, Ppil4, Ppm1a, Ppm1b, Ppm1d, Ppm1e, Ppm1f, Ppm1g, Ppm1h, Ppm1j, Ppm1k, Ppm1l, Ppm1m, Ppm1n, Ppp1ca, Ppp1cb, Ppp1cc, Ppp1r12a, Ppp1r13l, Ppp1r15a, Ppp2ca, Ppp2cb, Ppp2r5b, Ppp2r5d, Ppp3ca, Ppp3cb, Ppp3cc, Ppp3r1, Ppp4c, Ppp5c, Ppp6c, Pprc1, Pptc7, Ppwd1, Pramel1, Pramel7, Prdm1, Prdm10, Prdm11, Prdm12, Prdm13, Prdm14, Prdm15, Prdm16, Prdm2, Prdm4, Prdm5, Prdm6, Prdm8, Prdm9, Prdx2, Prdx3, Prdx5, Preb, Prickle1, Prkaa1, Prkaca, Prkcb, Prkch, Prkci, Prkcq, Prkcz, Prkd1, Prkd2, Prkdc, Prkn, Prl, Prl2c2, Prmt1, Prmt2, Prmt3, Prmt5, Prmt6, Prmt7, Prmt8, Prmt9, Prnp, Prop1, Prox1, Prox2, Prpf6, Prr7, Prrx1, Prrx2, Psen1, Psen2, Psip1, Psma6, Psmc3ip, Psmc5, Psmc6, Psmd10, Psmd9, Pspc1, Psrc1, Ptafr, Ptbp1, Ptch1, Pten, Ptf1a, Ptges2, Ptgis, Ptgs2os, Pth, Pthlh, Ptma, Ptms, Ptov1, Ptp4a3, Ptpa, Ptpmt1, Ptpn2, Ptprc, Ptprk, Ptprn, Pura, Purb, Purg, Pus1, Pwp1, Pwwp2a, Pwwp2b, Pycard, Pygo1, Qars1, Qki, Qrich1, Rab7b, Rad21, Rad54l2, Raf1, Rai1, Ralgapa1, Raly, Rap2c, Rapgef3, Rara, Rarb, Rarg, Rasd1, Rasl11a, Rax, Rb1, Rbak, Rbbp4, Rbbp7, Rbbp8, Rbck1, Rbfox2, Rbl1, Rbl2, Rbm10, Rbm14, Rbm15, Rbm39, Rbmx, Rbmxl1, Rbpj, Rbpjl, Rbpms, Rcor1, Rcor2, Rcor3, Recql5, Rel, Rela, Relb, Reln, Reno1, Repin1, Rere, Rest, Ret, Rex2, Rfc1, Rfx1, Rfx2, Rfx3, Rfx4, Rfx5, Rfx6, Rfx7, Rfx8, Rfxank, Rfxap, Rgcc, Rgma, Rgmb, Rgn, Rhebl1, Rhoa, Rhog, Rhoq, Rhox1, Rhox10, Rhox11, Rhox12, Rhox13, Rhox2a, Rhox2b, Rhox2c, Rhox2d, Rhox2f, Rhox2g, Rhox2h, Rhox3a, Rhox3c, Rhox3f, Rhox3g, Rhox3h, Rhox4a, Rhox4b, Rhox4c, Rhox4d, Rhox4e, Rhox4f, Rhox4g, Rhox5, Rhox6, Rhox7a, Rhox7b, Rhox8, Rhox9, Rif1, Rigi, Ring1, Riox1, Riox2, Ripk1, Ripk2, Ripk3, Ripk4, Ripply1, Ripply2, Ripply3, Rit2, Rlf, Rlim, Rnasel, Rnf10, Rnf14, Rnf141, Rnf168, Rnf187, Rnf2, Rnf20, Rnf220, Rnf25, Rnf31, Rnf4, Rnf40, Rnf6, Rnf8, Ror1, Ror2, Rora, Rorb, Rorc, Rpap2, Rpf2, Rpl10, Rpl10-ps3, Rpl23, Rprd1b, Rps14, Rps3, Rps6ka1, Rps6ka3, Rps6ka4, Rps6ka5, Rptor, Rreb1, Rrn3, Rrp1b, Rrp8, Rsf1, Rsl1, Rslcan18, Rtf1, Rtkn2, Rtraf, Runx1, Runx1t1, Runx2, Runx3, Ruvbl1, Ruvbl2, Rwdd1, Rwdd3, Rxra, Rxrb, Rxrg, Rybp, Rybp-ps, S100a1, S100a10, S1pr1, Safb, Safb2, Sall1, Sall2, Sall3, Sall4, Samd1, Samd11, Samd7, Sap130, Sap18, Sap25, Sap30, Sap30bp, Sap30l, Sarnp, Sars1, Satb1, Satb2, Sbno1, Sbno2, Scaf4, Scaf8, Scai, Scand1, Scgb1a1, Scmh1, Scml2, Scml4, Scrt1, Scrt2, Scx, Sdcbp, Sdr16c5, Sema4d, Senp1, Senp2, Serpinf2, Sertad1, Sertad2, Sertad3, Setbp1, Setd2, Setd3, Setd4, Setd5, Setd6, Setd7, Setdb1, Setdb2, Setmar, Setx, Sf3b1, Sf3b3, Sf3b5, Sfmbt1, Sfmbt2, Sfn, Sfpq, Sfr1, Sfrp1, Sfrp2, Sfrp4, Sfrp5, Sgf29, Sgsm1, Shc1, Shh, Shox2, Sik1, Sik2, Sim1, Sim2, Sin3a, Sin3b, Sinhcaf, Sirt1, Sirt2, Sirt3, Sirt6, Sirt7, Siva1, Six1, Six2, Six3, Six4, Six5, Six6, Skap1, Ski, Skil, Skor1, Skor2, Sla2, Slc11a1, Slc30a9, Slc38a3, Slc39a8, Slc40a1, Slc9a1, Slco3a1, Slfn1, Sltm, Smad1, Smad2, Smad3, Smad4, Smad5, Smad6, Smad7, Smad9, Smarca1, Smarca2, Smarca4, Smarca5, Smarcad1, Smarcal1, Smarcb1, Smarcc1, Smarcc2, Smarcd1, Smarcd2, Smarcd3, Smarce1, Smo, Smtnl1, Smyd1, Smyd2, Smyd3, Snai1, Snai2, Snai3, Snf8, Snw1, Snx5, Snx6, Sod2, Sohlh1, Sohlh2, Sorbs3, Sos1, Sost, Sox1, Sox10, Sox11, Sox12, Sox13, Sox14, Sox15, Sox17, Sox18, Sox2, Sox21, Sox3, Sox30, Sox4, Sox5, Sox6, Sox7, Sox8, Sox9, Sp1, Sp100, Sp110, Sp140, Sp140l1, Sp140l2, Sp2, Sp3, Sp4, Sp5, Sp6, Sp7, Sp8, Sp9, Spag8, Spdef, Spen, Sphk1, Spi1, Spib, Spic, Spin1, Spin2c, Spin2d, Spin2e, Spin2g, Spin2h, Spin4, Spindoc, Spocd1, Spop, Spp1, Spty2d1, Spx, Spz1, Sqstm1, Sra1, Src, Srebf1, Srebf2, Srf, Srrt, Srsf10, Sry, Ss18, Ss18l1, Ssbp2, Ssbp3, Ssbp4, Ssh1, Ssh2, Ssh3, Ssty1, Ssty2, Ssu72, Ssxa1, St18, Stat1, Stat2, Stat3, Stat4, Stat5a, Stat5b, Stat6, Sting1, Stk16, Stk36, Stox1, Stox2, Stra8, Strap, Strm, Strn3, Sub1, Suds3, Sufu, Sumo1, Sumo2, Supt20, Supt3, Supt4a, Supt4b, Supt5, Supt6, Supt7l, Suv39h1, Suv39h2, Suz12, Syk, T, Tacc1, Tada1, Tada2a, Tada2b, Tada3, Taf1, Taf10, Taf11, Taf12, Taf13, Taf1d, Taf2, Taf3, Taf4, Taf4b, Taf5, Taf5l, Taf6, Taf6l, Taf7, Taf8, Taf9, Taf9b, Tagln3, Tal1, Tal2, Tasor, Tasp1, Tax1bp1, Tbk1, Tbl1x, Tbl1xr1, Tbp, Tbr1, Tbx1, Tbx10, Tbx15, Tbx18, Tbx19, Tbx2, Tbx20, Tbx21, Tbx22, Tbx3, Tbx4, Tbx5, Tbx6, Tcea1, Tcea2, Tcea3, Tceal7, Tceanc, Tceanc2, Tcerg1, Tcf12, Tcf15, Tcf20, Tcf21, Tcf23, Tcf24, Tcf25, Tcf3, Tcf4, Tcf7, Tcf7l1, Tcf7l2, Tcfl5, Tcp10a, Tcp10b, Tcp10c, Tdg, Tdrd3, Tead1, Tead2, Tead3, Tead4, Tef, Tenm1, Tenm2, Terf2ip, Tert, Tesc, Tescl, Tesmin, Tet1, Tet2, Tet3, Tex24, Tfam, Tfap2a, Tfap2b, Tfap2c, Tfap2d, Tfap2e, Tfap4, Tfcp2, Tfcp2l1, Tfdp1, Tfdp2, Tfe3, Tfeb, Tfec, Tfpt, Tfr2, Tfrc, Tgfb1, Tgfb1i1, Tgfb2, Tgfb3, Tgfbr1, Tgfbr3, Tgfbrap1, Tgif1, Tgif2, Thap1, Thap11, Thap3, Thap7, Thra, Thrap3, Thrb, Ticam1, Timeless, Tirap, Tle1, Tle2, Tle3, Tle4, Tle5, Tle6, Tlr2, Tlr3, Tlr4, Tlr7, Tlr9, Tlx1, Tlx2, Tlx3, Tmf1, Tmigd3, Tmpo, Tmprss6, Tmsb4x, Tnf, Tnfaip3, Tnfrsf11a, Tnfrsf1a, Tnfrsf4, Tnfsf11, Tnfsf18, Tnfsf4, Tnfsf8, Tnip1, Tnip2, Tnip3, Tnks, Tnni2, Tnp1, Tob1, Top2a, Top2b, Topors, Tox, Tox2, Tox3, Tox4, Tpr, Traf1, Traf2, Traf3, Traf3ip1, Traf5, Traf6, Traf7, Traip, Trak2, Trappc9, Trerf1, Trf, Triap1, Trib1, Trib2, Trib3, Trim11, Trim12a, Trim12c, Trim13, Trim14, Trim15, Trim21, Trim24, Trim25, Trim26, Trim27, Trim28, Trim29, Trim30a, Trim30b, Trim30c, Trim30d, Trim31, Trim32, Trim37, Trim38, Trim40, Trim44, Trim5, Trim52, Trim6, Trim62, Trim66, Trim8, Trip4, Tro, Trp53, Trp53bp1, Trp53inp1, Trp53inp2, Trp63, Trp73, Trps1, Trpv1, Trpv4, Trrap, Tsc2, Tsc22d1, Tsc22d2, Tsc22d3, Tsc22d4, Tsg101, Tshz1, Tshz2, Tshz3, Tsix, Tssk4, Ttc21b, Ttc5, Tunar, Tut4, Twist1, Twist2, Txk, Txn1, Txnip, Uba3, Ube2e1, Ube2i, Ube2l3, Ube2n, Ube3a, Ublcp1, Ubp1, Ubtf, Ubtfl1, Uchl5, Ucn, Ucp1, Ufl1, Uhrf1, Uimc1, Uncx, Uri1, Usf1, Usf2, Usf3, Usp13, Usp16, Usp2, Usp21, Usp22, Usp3, Usp47, Usp7, Utf1, Utp15, Utp4, Uxt, Vax1, Vax2, Vdr, Vegfa, Vezf1, Vgll1, Vgll2, Vgll3, Vgll4, Vhl, Vps72, Vrtn, Vsx1, Vsx2, Wac, Was, Wasl, Wbp2, Wbp2nl, Wdr43, Wdr5, Wdr75, Wdr77, Wdr82, Wdtc1, Wfs1, Wiz, Wnk1, Wnt1, Wnt10b, Wnt11, Wnt2, Wnt3a, Wnt4, Wnt5a, Wnt6, Wnt7a, Wt1, Wtip, Wwc1, Wwc2, Wwox, Wwp1, Wwp2, Wwtr1, Xbp1, Xcl1, Xpa, Xpc, Xpo1, Xrcc5, Xrcc6, Yaf2, Yap1, Ybx1, Ybx3, Yeats2, Yeats4, Yes1, Ylpm1, Ywhab, Ywhah, Ywhaq, Ywhaq-ps3, Ywhaz, Yy1, Yy2, Zbed3, Zbed4, Zbed6, Zbtb1, Zbtb10, Zbtb11, Zbtb12, Zbtb14, Zbtb16, Zbtb17, Zbtb18, Zbtb2, Zbtb20, Zbtb21, Zbtb22, Zbtb24, Zbtb25, Zbtb26, Zbtb3, Zbtb32, Zbtb33, Zbtb34, Zbtb37, Zbtb38, Zbtb39, Zbtb4, Zbtb40, Zbtb41, Zbtb42, Zbtb43, Zbtb45, Zbtb46, Zbtb47, Zbtb48, Zbtb49, Zbtb5, Zbtb6, Zbtb7a, Zbtb7b, Zbtb7c, Zbtb8a, Zbtb8b, Zbtb9, Zc3h12a, Zc3h4, Zc3h6, Zc3h8, Zc4h2, Zcchc12, Zeb1, Zeb2, Zfa-ps, Zfat, Zfhx2, Zfhx3, Zfhx4, Zfp1, Zfp1004, Zfp1005, Zfp1006, Zfp1007, Zfp101, Zfp1010, Zfp105, Zfp11, Zfp110, Zfp111, Zfp112, Zfp113, Zfp119a, Zfp119b, Zfp12, Zfp120, Zfp125, Zfp128, Zfp13, Zfp131, Zfp14, Zfp141, Zfp142, Zfp143, Zfp146, Zfp148, Zfp157, Zfp160, Zfp169, Zfp174, Zfp175, Zfp180, Zfp182, Zfp184, Zfp189, Zfp2, Zfp202, Zfp212, Zfp213, Zfp217, Zfp219, Zfp229, Zfp236, Zfp239, Zfp24, Zfp248, Zfp251, Zfp26, Zfp260, Zfp263, Zfp266, Zfp267, Zfp268, Zfp27, Zfp273, Zfp275, Zfp276, Zfp28, Zfp280b, Zfp280c, Zfp280d, Zfp281, Zfp286, Zfp287, Zfp292, Zfp296, Zfp3, Zfp30, Zfp316, Zfp317, Zfp318, Zfp319, Zfp322a, Zfp324, Zfp326, Zfp329, Zfp334, Zfp335, Zfp341, Zfp345, Zfp35, Zfp352, Zfp354a, Zfp354b, Zfp354c, Zfp358, Zfp36, Zfp362, Zfp366, Zfp367, Zfp369, Zfp37, Zfp382, Zfp383, Zfp384, Zfp386, Zfp39, Zfp395, Zfp397, Zfp398, Zfp40, Zfp407, Zfp408, Zfp41, Zfp410, Zfp418, Zfp42, Zfp420, Zfp422, Zfp423, Zfp426, Zfp429, Zfp433, Zfp438, Zfp442, Zfp444, Zfp445, Zfp446, Zfp449, Zfp451, Zfp454, Zfp455, Zfp456, Zfp457, Zfp458, Zfp459, Zfp46, Zfp462, Zfp467, Zfp469, Zfp472, Zfp473, Zfp488, Zfp493, Zfp503, Zfp507, Zfp51, Zfp512b, Zfp513, Zfp516, Zfp518a, Zfp518b, Zfp52, Zfp521, Zfp523, Zfp524, Zfp53, Zfp534, Zfp536, Zfp54, Zfp541, Zfp551, Zfp553, Zfp558, Zfp560, Zfp563, Zfp566, Zfp568, Zfp57, Zfp574, Zfp575, Zfp579, Zfp58, Zfp580, Zfp582, Zfp583, Zfp59, Zfp593, Zfp595, Zfp597, Zfp599, Zfp60, Zfp600, Zfp605, Zfp606, Zfp607a, Zfp607b, Zfp608, Zfp609, Zfp612, Zfp616, Zfp617, Zfp619, Zfp62, Zfp623, Zfp626, Zfp628, Zfp629, Zfp637, Zfp639, Zfp64, Zfp641, Zfp644, Zfp646, Zfp647, Zfp648, Zfp65, Zfp652, Zfp653, Zfp654, Zfp655, Zfp658, Zfp661, Zfp663, Zfp664, Zfp667, Zfp668, Zfp672, Zfp677, Zfp68, Zfp683, Zfp689, Zfp69, Zfp691, Zfp692, Zfp696, Zfp697, Zfp7, Zfp703, Zfp704, Zfp706, Zfp707, Zfp708, Zfp709, Zfp710, Zfp711, Zfp712, Zfp715, Zfp719, Zfp72, Zfp729a, Zfp729b, Zfp735, Zfp738, Zfp74, Zfp740, Zfp746, Zfp747, Zfp747l1, Zfp748, Zfp750, Zfp758, Zfp759, Zfp760, Zfp763, Zfp764, Zfp764l1, Zfp768, Zfp770, Zfp771, Zfp772, Zfp773, Zfp775, Zfp777, Zfp78, Zfp780b, Zfp784, Zfp786, Zfp787, Zfp788, Zfp790, Zfp791, Zfp799, Zfp808, Zfp809, Zfp81, Zfp810, Zfp811, Zfp819, Zfp82, Zfp820, Zfp821, Zfp825, Zfp827, Zfp84, Zfp846, Zfp85, Zfp850, Zfp853, Zfp865, Zfp866, Zfp867, Zfp868, Zfp869, Zfp87, Zfp870, Zfp871, Zfp872, Zfp873, Zfp874a, Zfp874b, Zfp879, Zfp882, Zfp9, Zfp90, Zfp91, Zfp92, Zfp93, Zfp930, Zfp931, Zfp932, Zfp933, Zfp934, Zfp935, Zfp937, Zfp938, Zfp940, Zfp941, Zfp942, Zfp943, Zfp944, Zfp945, Zfp946, Zfp947, Zfp948, Zfp949, Zfp950, Zfp951, Zfp952, Zfp954, Zfp955a, Zfp955b, Zfp956, Zfp958, Zfp959, Zfp960, Zfp961, Zfp963, Zfp964, Zfp966, Zfp97, Zfp970, Zfp971, Zfp973, Zfp974, Zfp975, Zfp976, Zfp977, Zfp979, Zfp980, Zfp981, Zfp982, Zfp983, Zfp984, Zfp985, Zfp987, Zfp988, Zfp989, Zfp990, Zfp991, Zfp992, Zfp994, Zfp995, Zfp998, Zfpm1, Zfpm2, Zfta, Zfx, Zfy1, Zfy2, Zglp1, Zgpat, Zhx1, Zhx2, Zhx3, Zic1, Zic2, Zic3, Zic4, Zic5, Zik1, Zim1, Zkscan1, Zkscan14, Zkscan16, Zkscan17, Zkscan2, Zkscan3, Zkscan4, Zkscan5, Zkscan6, Zkscan7, Zkscan8, Zmiz1, Zmiz2, Zmpste24, Zmym2, Zmym5, Zmynd11, Zmynd15, Zmynd8, Znhit1, Zp3, Zscan10, Zscan12, Zscan2, Zscan20, Zscan21, Zscan22, Zscan25, Zscan26, Zscan29, Zscan4-ps1, Zscan4-ps2, Zscan4-ps3, Zscan4b, Zscan4c, Zscan4d, Zscan4e, Zscan4f, Zscan5b, Zxdb, Zxdc, Zzz3
GO:0009889	regulation of biosynthetic process	5491	128	79.99	1.0e-08	6.1776e-6	1810024B03Rik, 2010315B03Rik, 2610008E11Rik, 2610021A01Rik, 2810021J22Rik, 4930402K13Rik, 4930447C04Rik, 4930480E11Rik, 4930522L14Rik, 4931414P19Rik, 5730507C01Rik, 6030468B19Rik, a, A1cf, A430033K04Rik, A630001G21Rik, Aamdc, Aars1, Aatf, Abca2, Abca3, Abca7, Abcb10, Abcb7, Abcc2, Abcc8, Abcc9, Abcd1, Abcd2, Abce1, Abcf1, Abcg1, Abcg4, Abhd14b, Abhd6, Abl1, Abl2, Ablim1, Ablim2, Ablim3, Abra, Abt1, Acadl, Acadm, Acadvl, Acd, Ace, Acer2, Acin1, Ackr1, Acmsd, Aco1, Acod1, Acot8, Acp4, Acp5, Acsl3, Acsl5, Acss2, Acta1, Acta2, Actb, Actc1, Actg1, Actg2, Actl6a, Actl6b, Actn1, Actn2, Actn4, Actr2, Actr3, Actr5, Actr6, Actr8, Actrt1, Acvr1, Acvr1b, Acvr2a, Acvr2b, Acvrl1, Adam10, Adam17, Adam19, Adam2, Adam3, Adam33, Adam8, Adar, Adck2, Adcy1, Adcy10, Adcy7, Adcy8, Adcyap1, Adcyap1r1, Adgrb1, Adgrf1, Adgrf5, Adgrg3, Adipoq, Adipor2, Adm2, Adnp, Adnp2, Adora2a, Adora2b, Adora3, Adra2a, Adrb2, Adtrp, Aebp1, Aebp2, Afap1l2, Afdn, Aff1, Aff2, Aff3, Aff4, Agap2, Ager, Ago1, Ago2, Ago3, Ago4, Agpat1, Agpat2, Agr2, Agrn, Agt, Agtr1a, Agtr2, Agxt2, Ahdc1, Ahi1, Ahnak, Ahnak2, Ahr, Ahrr, AI854703, AI987944, Aicda, Aif1, Aim2, Aire, Airn, Ajuba, Akap12, Akap6, Akap8, Akap8l, Akirin1, Akirin2, Akna, Akr1c18, Akr1c6, Akt1, Akt2, Aldh1a2, Aldh2, Alkbh1, Alkbh3, Alkbh4, Alkbh5, Alox12, Alox12b, Alox5, Alox8, Alpk2, Alx1, Alx3, Alx4, Ambra1, Amdhd2, Amh, Amot, Amotl2, Anapc2, Ang, Ang3, Angel2, Angpt1, Angptl8, Ank2, Ank3, Ankra2, Ankrd1, Ankrd2, Ankrd23, Ankrd42, Ankrd49, Antkmt, Anxa1, Anxa2, Anxa3, Anxa4, Anxa7, Ap2a1, Ap3b1, Ap3d1, Apba1, Apba2, Apba3, Apbb1, Apbb2, Apbb3, Apex1, Aplf, Apln, Aplnr, Aplp1, Apoa1, Apoa2, Apoa4, Apoa5, Apob, Apobec1, Apobec2, Apobec3, Apoc1, Apoc2, Apoc2l, Apoc3, Apod, Apoe, App, Appl1, Appl2, Aqp4, Aqp8, Ar, Arap1, Arb2a, Arf4, Arfgef2, Arg1, Arg2, Arglu1, Arhgef11, Arhgef2, Arhgef5, Arid1a, Arid1b, Arid2, Arid3a, Arid3b, Arid3c, Arid4a, Arid4b, Arid5a, Arid5b, Arl2bp, Armc5, Armcx3, Arnt, Arnt2, Arpp19, Arrb1, Arrb2, Arrdc4, Arx, Asah1, Ascc1, Ascc2, Ascl1, Ascl2, Ascl3, Ascl4, Ascl5, Ash1l, Ash2l, Asl, Asph, Ass1, Astl, Asxl1, Asxl2, Asxl3, Asz1, Atad2, Atad2b, Atad5, Atf1, Atf1-ps, Atf2, Atf3, Atf4, Atf5, Atf6, Atf6b, Atf7, Atf7ip, Atf7ip2, Atg101, Atg12, Atg13, Atg14, Atg5, Atg7, Atg9a, Atm, Atmin, Atn1, Atoh1, Atoh7, Atoh8, Atp13a2, Atp1a1, Atp1b1, Atp1b4, Atp2b1, Atp2b4, Atp5if1, Atp6ap2, Atp6v1b1, Atp7a, Atp8b1, Atpsckmt, Atr, Atraid, Atrx, Atxn1, Atxn1l, Atxn7, Atxn7l3, Atxn7l3b, AU041133, Aurka, Aurkb, Auts2, Avil, Avp, Avpr1a, Avpr1b, Avpr2, AW146154, Axin1, Axin2, Axl, Aym1, B020011L13Rik, B2m, B3gntl1, Bace2, Bach1, Bach2, Bag2, Bahd1, Bak1, Bambi, Banf1, Bank1, Banp, Bap1, Barhl1, Barhl2, Barx1, Barx2, Basp1, Batf, Batf2, Batf3, Baz1a, Baz1b, Baz2a, Bbs2, Bbs4, Bbs7, Bbx, BC024063, Bc1, Bcas3, Bcdin3d, Bckdk, Bcl10, Bcl11a, Bcl11b, Bcl2, Bcl2l1, Bcl2l12, Bcl3, Bcl6, Bcl6b, Bcl7a, Bcl7b, Bcl7c, Bcl9, Bcl9l, Bclaf1, Bclaf3, Bcor, Bcorl1, Bdnf, Bdp1, Bend3, Bend5, Bend6, Bex2, Bglap, Bglap2, Bhlha15, Bhlha9, Bhlhe22, Bhlhe23, Bhlhe40, Bhlhe41, Bicra, Bicral, Bin1, Birc2, Birc5, Blm, Blnk, Bloc1s2, Bmal1, Bmal2, Bmi1, Bmp10, Bmp15, Bmp2, Bmp3, Bmp4, Bmp5, Bmp6, Bmp7, Bmpr1a, Bmpr1b, Bmpr2, Bmyc, Bnc1, Bnc2, Boll, Bpi, Bptf, Braf, Brca1, Brca2, Brd1, Brd2, Brd3, Brd4, Brd7, Brd8, Brd9, Brdt, Brf1, Brf2, Brip1, Brms1, Brms1l, Brpf1, Brpf3, Brwd1, Brwd3, Bscl2, Bsg, Bst2, Bsx, Btaf1, Btbd18, Btg2, Btg4, Btk, Btn1a1, Btn2a2, Btnl1, Btnl10, Btnl12, Btnl2, Btnl4, Btnl6, Btnl9, Btrc, Bud23, Bud31, Bzw1, Bzw2, C1d, C1qbp, C1qtnf1, C1qtnf12, C1qtnf2, C1qtnf3, C1qtnf4, C3, C3ar1, C5ar1, C5ar2, Cacna1a, Cacng7, Cactin, Cadm1, Calcoco1, Calcr, Calhm6, Calr, Camk1, Camk1d, Camk2a, Camk2d, Camk4, Camp, Camta1, Camta2, Cand1, Capn2, Capn3, Caprin1, Caprin2, Card11, Card14, Card9, Carf, Carhsp1, Carlr, Carm1, Carmil2, Carmn, Cartpt, Casc3, Cask, Casp1, Casp3, Casp4, Casp8, Casp8ap2, Casr, Casz1, Cat, Cav1, Cavin2, Cavin3, Cavin4, Cbfa2t2, Cbfa2t3, Cbfb, Cbx1, Cbx2, Cbx3, Cbx4, Cbx5, Cbx6, Cbx7, Cbx8, Cby1, Cc2d1a, Cc2d1b, Ccar1, Ccar2, Ccbe1, Ccdc3, Ccdc62, Ccdc85b, Ccdc88b, Ccl1, Ccl19, Ccl2, Ccl20, Ccl21a, Ccl3, Ccl4, Ccl5, Ccm2l, Ccn1, Ccn2, Ccn3, Ccn4, Ccn6, Ccna2, Ccnb1, Ccnc, Ccnd1, Ccnd3, Ccne1, Ccnh, Ccnk, Ccnl1, Ccnl2, Ccnq, Ccnt1, Ccnt2, Ccpg1, Ccr1, Ccr1l1, Ccr2, Ccr5, Ccr7, Cct2, Cct3, Cct4, Cct5, Cct6a, Cct7, Cct8, Cd14, Cd160, Cd1d1, Cd1d2, Cd2, Cd200, Cd200r1, Cd209b, Cd209d, Cd22, Cd226, Cd244a, Cd24a, Cd27, Cd274, Cd276, Cd28, Cd2ap, Cd300c2, Cd300ld, Cd34, Cd36, Cd37, Cd38, Cd3e, Cd4, Cd40, Cd40lg, Cd44, Cd46, Cd47, Cd55, Cd55b, Cd59a, Cd6, Cd74, Cd81, Cd83, Cd84, Cd86, Cd96, Cdc14a, Cdc14b, Cdc37, Cdc5l, Cdc5lrt1, Cdc5lrt10, Cdc5lrt4, Cdc5lrt5, Cdc5lrt6, Cdc5lrt7, Cdc5lrt8, Cdc5lrt9, Cdc73, Cdca7, Cdca7l, Cdh1, Cdh13, Cdh3, Cdh5, Cdk1, Cdk11b, Cdk12, Cdk13, Cdk2, Cdk20, Cdk2ap1, Cdk2ap1rt, Cdk3, Cdk4, Cdk5, Cdk5r1, Cdk5rap1, Cdk5rap2, Cdk5rap3, Cdk6, Cdk7, Cdk8, Cdk9, Cdkn1a, Cdkn1b, Cdkn1c, Cdkn2a, Cdkn3, Cdon, Cdx1, Cdx2, Cdx4, Cdyl, Ceacam1, Ceacam2, Ceacam20, Cebpa, Cebpb, Cebpd, Cebpe, Cebpg, Cebpz, Cela1, Celf1, Celf2, Celf3, Celf4, Celf5, Celf6, Celrr, Celsr2, Cenpf, Cenpk, Cenpv, Cep128, Cep290, Cer1, Ces1a, Ces1b, Ces1c, Ces1d, Ces1e, Ces1f, Ces1g, Ces1h, Cflar, Cga, Cgas, Cggbp1, Chac1, Chaer1, Chaserr, Chchd2, Chchd2-ps, Chd3, Chd4, Chd5, Chd6, Chd7, Chd8, Chek1, Chek2, Chi3l1, Chia1, Chid1, Chil3, Chil4, Chil5, Chil6, Chlsn, Chmp1a, Chp1, Chp2, Chrna7, Chtf18, Chtf8, Chuk, Churc1, Ciao1, Ciao3, Ciart, Cib1, Cic, Cidea, Ciita, Cilp, Cipc, Cir1, Cirbp, Cited1, Cited2, Cited4, Ckap2, Ckap5, Cks1b, Cks2, Clcf1, Clcn2, Clcn3, Cldn19, Cldn3, Cldn5, Clec12a, Clec2i, Clec3b, Clec4a2, Clec4a3, Clec4a4, Clec4e, Clec4n, Clec5a, Clec7a, Clec9a, Clk1, Clk2, Clk3, Clk4, Cln3, Clnk, Clns1a, Clock, Clp1, Cltc, Clu, Cmklr1, Cmtm2a, Cnbp, Cnep1r1, Cnn2, Cnot1, Cnot10, Cnot11, Cnot2, Cnot3, Cnot6, Cnot6l, Cnot7, Cnot8, Cnot9, Cnpy2, Cntf, Cntn1, Cntn2, Coa3, Coa8, Col1a1, Col2a1, Commd1, Commd6, Commd7, Comp, Cops2, Cops5, Coq7, Cpap, Cpb2, Cpeb1, Cpeb2, Cpeb3, Cpeb4, Cphx1, Cpne1, Cpped1, Cptp, Creb1, Creb3, Creb3l1, Creb3l2, Creb3l3, Creb3l4, Creb5, Crebbp, Crebl2, Crebrf, Crebzf, Creg1, Crem, Crh, Crhr2, Crip1, Cripto, Crkl, Crlf2, Crlf3, Crnde, Crnn, Crp, Crtam, Crtc1, Crtc2, Crtc3, Crx, Crxos, Cry1, Cry2, Cryaa, Cryab, Cryba1, Crym, Csdc2, Csde1, Csf1, Csf1r, Csf2, Csf3, Csk, Csnk1d, Csnk1e, Csrnp1, Csrnp2, Csrnp3, Csrp3, Ctbp1, Ctbp2, Ctc1, Ctcf, Ctcfl, Ctdnep1, Ctdp1, Ctdsp1, Ctdsp2, Ctdspl, Ctdspl2, Cth, Ctif, Ctla2a, Ctnnb1, Ctnnbip1, Ctnnd1, Ctns, Ctr9, Ctsh, Ctsz, Cuedc2, Cul3, Cux1, Cux2, Cwh43, Cx3cl1, Cx3cr1, Cxcl17, Cxcl5, Cxcr3, Cxxc1, Cxxc5, Cyba, Cybb, Cyfip1, Cygb, Cyld, Cyp17a1, Cyp1a2, Cyp1b1, Cyp26b1, Cyp27b1, Cyp2j6, Cyp3a13, Cyp3a41a, Cyp7a1, Cyrib, Cys1, Cytl1, D1Pas1, Dab2, Dab2ip, Dach1, Dach2, Dact1, Dand5, Dap, Dapk1, Dapk3, Dapl1, Daxx, Dazap1, Dazl, Dbi, Dbp, Dbx1, Dbx2, Dcaf1, Dcaf13, Dcaf5, Dcaf6, Dcn, Dcp1a, Dcp1b, Dcp2, Dcps, Ddah1, Ddb1, Ddit3, Ddn, Ddr2, Ddrgk1, Ddx1, Ddx11, Ddx17, Ddx20, Ddx21, Ddx25, Ddx39b, Ddx3x, Ddx3y, Ddx4, Ddx41, Ddx49, Ddx5, Ddx54, Ddx56, Ddx6, Deaf1, Dedd, Defb25, Dek, Dennd1b, Depdc1a, Dgat1, Dgat2, Dgcr8, Dgkq, Dhcr7, Dhh, Dhrs7b, Dhx29, Dhx33, Dhx34, Dhx36, Dhx58, Dhx9, Dicer1, Dido1, Dimt1, Dip2a, Dis3, Dis3l, Dis3l2, Dkc1, Dkk1, Dkk3, Dkkl1, Dlg1, Dlk1, Dll1, Dll4, Dlx1, Dlx2, Dlx3, Dlx4, Dlx5, Dlx6, Dlx6os1, Dmap1, Dmbx1, Dmd, Dmrt1, Dmrt1i, Dmrt2, Dmrt3, Dmrta1, Dmrta2, Dmrtb1, Dmrtc2, Dmtf1, Dmtf1l, Dnaja3, Dnaja4, Dnajb1, Dnajb4, Dnajb5, Dnajb6, Dnajb9, Dnajc1, Dnajc17, Dnajc2, Dnajc3, Dnajc30, Dnd1, Dnm1l, Dnm2, Dnmt1, Dnmt3a, Dnmt3b, Dnmt3l, Dot1l, Dpf1, Dpf2, Dpf3, Dppa2, Dppa3, Dppa5a, Dppa5b, Dpy30, Dr1, Drap1, Drd2, Drd3, Drgx, Drosha, Dscc1, Dtnbp1, Dtx3l, Dubr, Duoxa1, Duoxa2, Dus3l, Dusp1, Dusp10, Dusp12, Dusp13a, Dusp13b, Dusp14, Dusp15, Dusp18, Dusp19, Dusp2, Dusp21, Dusp22, Dusp23, Dusp26, Dusp28, Dusp29, Dusp3, Dusp4, Dusp5, Dusp6, Dusp7, Dusp8, Duxbl1, Duxf3, Duxf4, Dvl1, Dvl2, Dvl3, Dxo, Dynll1, Dyrk1a, Dyrk1b, Dyrk2, Dysf, E130311K13Rik, E230001N04Rik, E2f1, E2f2, E2f3, E2f4, E2f5, E2f6, E2f7, E2f8, E4f1, Eaf1, Eaf2, Eapp, Ebf1, Ebf2, Ebf3, Ebf4, Ecd, Ecm1, Ecsit, Eda, Edar, Edc3, Edc4, Edf1, Edn1, Edn3, Ednrb, Edrf1, Eed, Eef1d, Eef2, Eef2k, Eefsec, Efcab7, Efemp1, Efna1, Egf, Egfr, Egln1, Egr1, Egr2, Egr3, Egr4, Ehf, Ehmt1, Ehmt2, Eid1, Eid2, Eid2b, Eif1, Eif2a, Eif2ak1, Eif2ak2, Eif2ak3, Eif2ak4, Eif2b5, Eif2s1, Eif3b, Eif3d, Eif3e, Eif3k, Eif4a1, Eif4a3, Eif4a3l1, Eif4a3l2, Eif4e, Eif4e2, Eif4e3, Eif4ebp1, Eif4ebp2, Eif4ebp3, Eif4enif1, Eif4g1, Eif4g2, Eif4g3, Eif5, Eif5a, Eif5a2, Eif5b, Eif6, Elane, Elavl1, Elavl4, Eldr, Elf1, Elf2, Elf3, Elf4, Elf5, Elk1, Elk3, Elk4, Ell, Ell2, Ell3, Eloa, Elob, Eloc, Elovl5, Elp3, Elp4, Emilin1, Emsy, Emx1, Emx2, En1, En2, Enc1, Endou, Eng, Eno1, Eno1b, Enpp1, Enpp7, Entpd1, Eny2, Eomes, Ep300, Ep400, Epas1, Epb41l4b, Epb41l5, Epc1, Epc2, Epcam, Epha2, Epha5, Ephb2, Ephx2, Epm2a, Epm2aip1, Epo, Epop, Epor, Eprs1, Epx, Erbb2, Erbb3, Erbb4, Erbin, Erc1, Ercc1, Ercc2, Ercc6, Ereg, Erf, Erfe, Erfl, Erg, Eri1, Erlin1, Erlin2, Ermap, Ern1, Ern2, Erp29, Errfi1, Esr1, Esr2, Esrp1, Esrp2, Esrra, Esrrb, Esrrg, Esx1, Etf1, Ets1, Ets2, Etv1, Etv2, Etv3, Etv3l, Etv4, Etv5, Etv6, Evpl, Evx1, Evx2, Ewsr1, Exd1, Exosc10, Exosc2, Exosc3, Exosc4, Exosc5, Exosc6, Exosc7, Exosc8, Exosc9, Extl3, Eya1, Ezh1, Ezh2, Ezhip, Ezr, F11r, F12, F2, F2r, F2rl1, F3, Fabp3, Fabp4, Fabp5, Fadd, Fam170a, Fam220a, Fam47c, Fam47e, Fam50a, Fam76b, Fam98a, Fam98b, Fanca, Fancd2, Fank1, Fasl, Fastk, Fastkd1, Fastkd2, Fastkd3, Fastkd5, Fbln1, Fbln5, Fbp1, Fbxl19, Fbxo24, Fbxo4, Fbxw11, Fbxw7, Fcer1a, Fcer1g, Fcgr1, Fcgr2b, Fcgr3, Fcna, Fcnb, Fcor, Fdps, Fech, Fer, Ferd3l, Fermt1, Fev, Fezf1, Fezf2, Ffar1, Ffar2, Ffar3, Ffar4, Fgf1, Fgf10, Fgf15, Fgf2, Fgf23, Fgf4, Fgf5, Fgf7, Fgf8, Fgf9, Fgfr1, Fgfr2, Fgfr3, Fgfr4, Fgr, Fhl2, Fhl5, Fhod1, Figla, Fitm2, Fiz1, Fkbp10, Fkbp11, Fkbp14, Fkbp1a, Fkbp1b, Fkbp2, Fkbp3, Fkbp4, Fkbp5, Fkbp6, Fkbp7, Fkbp8, Fkbp9, Fktn, Flcn, Fli1, Flna, Flot1, Flot2, Flt1, Flt3, Flt3l, Flt4, Flywch1, Fmr1, Fn1, Fnip1, Fnip2, Focad, Fos, Fosb, Fosl1, Fosl2, Foxa1, Foxa2, Foxa3, Foxb1, Foxb2, Foxc1, Foxc2, Foxd1, Foxd2, Foxd3, Foxd4, Foxe1, Foxe3, Foxf1, Foxf2, Foxg1, Foxh1, Foxi1, Foxi2, Foxi3, Foxj1, Foxj2, Foxj3, Foxk1, Foxk2, Foxl1, Foxl2, Foxl3, Foxm1, Foxn1, Foxn2, Foxn3, Foxn4, Foxo1, Foxo3, Foxo4, Foxo6, Foxp1, Foxp2, Foxp3, Foxp4, Foxq1, Foxr1, Foxr2, Foxs1, Frk, Frmd8, Fshb, Fst, Fstl3, Fto, Ftx, Fubp1, Fubp3, Furin, Fus, Fut8, Fuz, Fxr1, Fxr2, Fyn, Fzd1, Fzd2, Fzd4, Fzd5, Fzd6, Fzd7, G3bp1, G6pc1, Gabpa, Gabpb1, Gabpb2, Gadd45a, Gal, Galr1, Galr2, Galr3, Gapdh, Gapdh-ps15, Gapdhrt, Gapdhrt2, Garin5a, Gas1, Gas5, Gas6, Gata1, Gata2, Gata3, Gata4, Gata5, Gata6, Gatad1, Gatad2a, Gatad2b, Gba1, Gbp4, Gbp5, Gbp7, Gbx1, Gbx2, Gcg, Gcgr, Gch1, Gchfr, Gck, Gclc, Gcm1, Gcm2, Gcn1, Gcnt2, Gdf2, Gdf6, Gdf7, Gdnf, Gemin5, Gfer, Gfi1, Gfi1b, Gfpt1, Ggnbp2, Gh, Ghrh, Ghrl, Ghsr, Gigyf2, Gimap3, Gimap5, Gip, Gipc1, Git1, Gja1, Gja8, Gjc2, Gla, Glg1, Gli1, Gli2, Gli3, Glis1, Glis2, Glis3, Glmn, Glmp, Glo1, Glp1r, Glrp1, Glyr1, Gm10033, Gm12258, Gm14295, Gm14322, Gm14325, Gm14391, Gm14399, Gm14401, Gm14403, Gm14412, Gm14418, Gm14434, Gm14443, Gm14444, Gm15446, Gm17067, Gm17655, Gm19965, Gm20737, Gm20738, Gm20747, Gm20773, Gm20795, Gm20806, Gm20807, Gm20808, Gm20812, Gm20815, Gm20816, Gm20818, Gm20821, Gm20822, Gm20825, Gm20826, Gm20830, Gm20834, Gm20852, Gm20854, Gm20865, Gm20873, Gm20914, Gm20917, Gm20918, Gm21118, Gm21292, Gm21310, Gm21394, Gm21719, Gm21778, Gm21812, Gm21854, Gm2381, Gm28171, Gm32687, Gm35315, Gm3604, Gm38999, Gm4275, Gm45871, Gm4767, Gm4924, Gm5141, Gm6871, Gm7072, Gm7324, Gmcl1, Gmeb1, Gmeb2, Gmnn, Gmppa, Gnai1, Gnas, Gnasas1, Gnb3, Gnl3, Gnl3l, Gnmt, Gnrh1, Golga2, Gon4l, Got1, Gpam, Gpat2, Gpatch3, Gpbp1, Gpbp1l1, Gper1, Gpi1, Gpld1, Gpnmb, Gpr146, Gpr174, Gpr18, Gprc5b, Gprc6a, Gps2, Gpsm3, Gpt, Gpx1, Grb10, Grb7, Grem1, Grhl1, Grhl2, Grhl3, Gria1, Grin1, Grk2, Grm5, Grp, Grsf1, Gsc, Gsc2, Gsdma3, Gsdmd, Gsk3a, Gsk3b, Gsn, Gspt1, Gspt2, Gstp-ps, Gstp1, Gstp2, Gstp3, Gsx1, Gsx2, Gtdc1, Gtf2a1, Gtf2a2, Gtf2f1, Gtf2f2, Gtf2h1, Gtf2h2, Gtf2h3, Gtf2i, Gtf2ird1, Gtpbp1, Gtpbp2, Gtsf1, Guca1a, Guca1b, Guf1, Gzf1, Gzmb, Gzmc, Gzmn, H19, H1f0, H1f2, H1f3, H1f4, H1f5, H1f8, H1f9, H2-M3, H2-Q9, H2-T23, H2ab1, H2ab2, H2ab3, H2ac1, H2ac10, H2ac11, H2ac12, H2ac13, H2ac15, H2ac19, H2ac20, H2ac21, H2ac22, H2ac23, H2ac24, H2ac25, H2ac4, H2ac6, H2ac7, H2ac8, H2aj, H2al1b, H2al1e, H2al1f, H2al1j, H2al1k, H2al1m, H2al1n, H2al1o, H2al2a, H2al2b, H2al3, H2ap, H2ax, H2az1, H2az2, H3c14, H3f3a, H3f3b, H60a, H6pd, Habp4, Halr1, Hamp, Hand1, Hand2, Hand2os1, Has2, Has3, Hat1, Havcr2, Hax1, Hba-x, Hbb-b1, Hbb-bh1, Hbb-y, Hbegf, Hbp1, Hbs1l, Hc, Hcfc1, Hcfc2, Hck, Hcls1, Hdac1, Hdac10, Hdac11, Hdac2, Hdac3, Hdac4, Hdac5, Hdac6, Hdac7, Hdac8, Hdac9, Hdgf, Hdx, Heatr1, Heg1, Hells, Helt, Helz, Helz2, Henmt1, Hes1, Hes2, Hes3, Hes5, Hes6, Hes7, Hesx1, Hexb, Hexim1, Hexim2, Hey1, Hey2, Heyl, Hfe, Hgf, Hgs, Hhatl, Hhex, Hic1, Hic2, Hif1a, Hif1an, Hif3a, Hilpda, Hinfp, Hint1, Hipk1, Hipk2, Hipk3, Hira, Hivep1, Hivep2, Hivep3, Hjv, Hk1, Hlf, Hltf, Hlx, Hm629797, Hmbox1, Hmces, Hmg20a, Hmg20b, Hmga1, Hmga1b, Hmga2, Hmgb1, Hmgb2, Hmgb4, Hmgn1, Hmgn2, Hmgn3, Hmgn5, Hmox1, Hmx1, Hmx2, Hmx3, Hnf1a, Hnf1b, Hnf4a, Hnf4g, Hnrnpa0, Hnrnpa1, Hnrnpa2b1, Hnrnpab, Hnrnpc, Hnrnpd, Hnrnpdl, Hnrnpf, Hnrnph1, Hnrnph2, Hnrnph3, Hnrnpk, Hnrnpl, Hnrnpll, Hnrnpr, Hnrnpu, Homer2, Homer3, Homez, Hopx, Hotair, Hoxa1, Hoxa10, Hoxa11, Hoxa11os, Hoxa13, Hoxa2, Hoxa3, Hoxa4, Hoxa5, Hoxa6, Hoxa7, Hoxa9, Hoxb1, Hoxb13, Hoxb2, Hoxb3, Hoxb4, Hoxb5, Hoxb6, Hoxb7, Hoxb8, Hoxb9, Hoxc10, Hoxc11, Hoxc12, Hoxc13, Hoxc4, Hoxc5, Hoxc6, Hoxc8, Hoxc9, Hoxd1, Hoxd10, Hoxd11, Hoxd12, Hoxd13, Hoxd3, Hoxd4, Hoxd8, Hoxd9, Hp1bp3, Hpn, Hpse, Hpx, Hr, Hras, Hrg, Hrh1, Hsbp1, Hsbp1l1, Hsd17b13, Hsd3b4, Hsd3b5, Hsd3b8, Hsd3b9, Hsf1, Hsf2, Hsf3, Hsf4, Hsf5, Hsp90aa1, Hsp90ab1, Hspa1a, Hspa1b, Hspa4, Hspa8, Hspb1, Hspd1, Hsph1, Htatip2, Htr2a, Htr2b, Htr2c, Htt, Huwe1, Hvcn1, Hyal2, Hymai, Iapp, Icam1, Ice1, Ice2, Icosl, Id1, Id2, Id3, Id4, Idh1, Idi2, Ido1, Ier2, Ier5, Ifi203, Ifi203-ps, Ifi204, Ifi206, Ifi207, Ifi208, Ifi209, Ifi213, Ifi214, Ifi27, Ifih1, Ifna, Ifnar1, Ifnar2, Ifnb1, Ifng, Ifngr1, Ifnk, Ifrd1, Ifrd2, Ift172, Ift52, Ift74, Ift88, Igbp1, Igf1, Igf1r, Igf2, Igf2bp1, Igf2bp2, Igf2bp3, Igfbp5, Igfbp7, Igh-7, Ighd, Ighm, Ighmbp2, Igsf1, Igtp, Ihh, Ikbkb, Ikbke, Ikbkg, Ikzf1, Ikzf2, Ikzf3, Ikzf4, Ikzf5, Il10, Il11, Il12a, Il12b, Il12rb1, Il12rb2, Il13, Il13ra1, Il13ra2, Il15, Il16, Il17a, Il17b, Il17c, Il17d, Il17f, Il17ra, Il17rb, Il17rc, Il18, Il18r1, Il18rap, Il1a, Il1b, Il1r1, Il1r2, Il1rap, Il1rl1, Il1rl2, Il2, Il20rb, Il21, Il22, Il23a, Il23r, Il25, Il27, Il27ra, Il2rg, Il3, Il33, Il34, Il36a, Il36b, Il36g, Il36rn, Il4, Il4i1, Il4i1b, Il4ra, Il5, Il5ra, Il6, Il6ra, Il7, Il7r, Il9, Ildr1, Ildr2, Ilf2, Ilf3, Ilk, Ilkap, Ilrun, Impact, Inava, Ing1, Ing2, Ing3, Ing4, Ing5, Inhba, Inhbb, Ino80, Ino80b, Ino80c, Ino80d, Ino80e, Inpp5b, Inpp5d, Inpp5e, Inpp5k, Inppl1, Ins1, Ins2, Insig1, Insig2, Insm1, Insm2, Insr, Ippk, Iqce, Iqgap1, Iqgap3, Irak1, Irak2, Irak3, Ireb2, Irf1, Irf2, Irf2bp1, Irf2bp2, Irf2bpl, Irf3, Irf4, Irf5, Irf6, Irf7, Irf8, Irf9, Irgm1, Irgm2, Irs1, Irs2, Irx1, Irx2, Irx3, Irx4, Irx5, Irx6, Isg15, Isl1, Isl2, Isx, Isyna1, Itch, Itga2, Itga3, Itga6, Itga8, Itgax, Itgb1bp1, Itgb2, Itgb2l, Itgb3, Itgb3bp, Itgb8, Itk, Itm2a, Itm2b, Itm2c, Ivl, Jade1, Jade2, Jade3, Jag1, Jak2, Jak3, Jarid2, Jazf1, Jdp2, Jmjd1c, Jmjd4, Jmjd6, Jmy, Jph2, Jph4, Jpx, Jun, Junb, Jund, Jup, Kank2, Kansl1, Kansl2, Kansl3, Kantr, Kars1, Kat14, Kat2a, Kat2b, Kat5, Kat6a, Kat6b, Kat7, Kat8, Kbtbd8, Kcnh2, Kcnip3, Kcnk2, Kcnn4, Kcnq1ot1, Kctd1, Kctd15, Kdm1a, Kdm1b, Kdm2a, Kdm2b, Kdm3a, Kdm3b, Kdm4a, Kdm4b, Kdm4c, Kdm4d, Kdm5a, Kdm5b, Kdm5c, Kdm5d, Kdm6a, Kdm6b, Kdm7a, Kdm8, Kdr, Keap1, Khdrbs1, Khdrbs2, Khdrbs3, Khsrp, Kif1b, Kit, Klf1, Klf10, Klf11, Klf12, Klf13, Klf14, Klf15, Klf16, Klf17, Klf2, Klf3, Klf4, Klf5, Klf6, Klf7, Klf8, Klf9, Klhl22, Klhl25, Klk5, Klk7, Klre1, Klrh1, Klrk1, Kmt2a, Kmt2b, Kmt2c, Kmt2d, Kmt2e, Kmt5a, Kmt5b, Kmt5c, Kpna2, Kpna2rt, Kpna6, Kpna7, Kras, Krt13, Krt17, L3mbtl1, L3mbtl2, L3mbtl3, L3mbtl4, Lacc1, Lag3, Lamp3, Lamtor5, Lancl2, Laptm4b, Laptm5, Larp1, Larp4, Larp4b, Larp6, Larp7, Larp7-ps, Lbh, Lbp, Lbr, Lbx1, Lbx2, Lck, Lcn2, Lcor, Lcorl, Ldb1, Ldb2, Ldlr, Ldlrad3, Lef1, Lefty1, Leo1, Lep, Lepr, Lgals9, Lgmn, Lgr4, Lhcgr, Lhx1, Lhx2, Lhx3, Lhx4, Lhx5, Lhx6, Lhx8, Lhx9, Lif, Lilra5, Lilrb4a, Lilrb4b, Limd1, Lime1, Lims1, Lin28a, Lin28b, Lin37, Lin52, Lin54, Lin9, Litaf, Litafd, Lmcd1, Lmna, Lmnb1, Lmnb2, Lmntd2, Lmo1, Lmo2, Lmo3, Lmo4, Lmo7, Lmx1a, Lmx1b, Lncenc1, Lox, Loxl2, Loxl3, Lpar5, Lpcat1, Lpcat3, Lpgat1, Lpin1, Lpin2, Lpin3, Lpl, Lrif1, Lrp1, Lrp3, Lrp5, Lrp6, Lrpprc, Lrrc14, Lrrc19, Lrrc32, Lrrfip1, Lrrfip2, Lrrk2, Lsm1, Lsm14a, Lsm14b, Lsm2, Lsm4, Lsm5, Lsm6, Lsm7, Lta, Ltb, Ltbp1, Ltf, Lum, Lurap1, Ly9, Ly96, Lyar, Lyl1, Lyn, Macc1, Macir, Macroh2a1, Macroh2a2, Mad2l2, Mael, Maf, Maf1, Mafa, Mafb, Maff, Mafg, Mafk, Magea1, Magea10, Magea13, Magea14, Magea2, Magea3, Magea4, Magea5, Magea6, Magea8, Magea9, Mageb11, Mageb16, Mageb18, Mageb2, Mageb3, Mageb4, Mageb5, Mageb5b, Mageb6b1, Magec2, Maged1, Maged2, Magee1, Magee2, Mageh1, Magel2, Magoh, Magohb, Mak, Malat1, Malrd1, Malsu1, Malt1, Maml1, Maml2, Maml3, Mamld1, Mamstr, Mannr, Map2k1, Map2k2, Map2k3, Map2k5, Map2k7, Map3k1, Map3k10, Map3k12, Map3k13, Map3k20, Map3k4, Map3k5, Map3k7, Mapk1, Mapk10, Mapk11, Mapk13, Mapk14, Mapk15, Mapk3, Mapk7, Mapk8, Mapk8ip1, Mapk8ip3, Mapk9, Mapkapk2, Mapkapk5, Mapkbp1, Mapre3, Mapt, Marchf8, Marf1, Mark1, Mars1, Mas1, Mast2, Matr3, Mavs, Max, Maz, Mbd1, Mbd2, Mbd3, Mbd3l1, Mbd3l2, Mbip, Mbl2, Mbnl1, Mbnl2, Mbnl3, Mbp, Mbtd1, Mbtps2, Mc1r, Mc3r, Mcf2l, Mcidas, Mcoln2, Mcph1, Mcrs1, Mcts1, Mdfi, Mdfic, Mdfic2, Mdk, Mdm2, Mdm4, Meaf6, Mecom, Mecp2, Med1, Med10, Med11, Med12, Med12l, Med13, Med13l, Med14, Med15, Med16, Med17, Med18, Med19, Med20, Med21, Med22, Med23, Med24, Med25, Med26, Med27, Med28, Med29, Med30, Med31, Med4, Med6, Med7, Med8, Med9, Mef2a, Mef2b, Mef2c, Mef2d, Mefv, Meg3, Megf8, Meioc, Meiosin, Meis1, Meis2, Meis3, Meltf, Men1, Meox1, Meox2, Mepce, Mertk, Mesp1, Mesp2, Met, Mettl1, Mettl13, Mettl14, Mettl16, Mettl18, Mettl23, Mettl3, Mettl4, Mettl5, Mettl8, Mex3d, Mfn2, Mfsd12, Mfsd2a, Mga, Mgat4d, Mical2, Mid1ip1, Mid2, Mideas, Mier1, Mier2, Mier3, Mif, Mif4gd, Mir100, Mir101a, Mir101b, Mir103-1, Mir103-2, Mir107, Mir10a, Mir122, Mir124-2hg, Mir1247, Mir124a-1, Mir124a-1hg, Mir124a-2, Mir124a-3, Mir125a, Mir125b-1, Mir125b-2, Mir127, Mir129, Mir129-1, Mir129-2, Mir133a-1, Mir133a-1hg, Mir133a-2, Mir133b, Mir134, Mir135a-1, Mir135a-2, Mir136, Mir137, Mir139, Mir140, Mir143, Mir144, Mir146, Mir150, Mir153, Mir154, Mir155, Mir15a, Mir17, Mir18, Mir181b-1, Mir181b-2, Mir182, Mir183, Mir184, Mir186, Mir188, Mir196a-1, Mir196a-2, Mir196b, Mir1a-1, Mir1a-2, Mir1b, Mir200a, Mir200b, Mir203, Mir204, Mir205, Mir205hg, Mir208a, Mir208b, Mir20a, Mir214, Mir217, Mir218, Mir218-1, Mir218-2, Mir219a-1, Mir219a-2, Mir21a, Mir21b, Mir21c, Mir221, Mir223, Mir23a, Mir23b, Mir24-1, Mir24-2, Mir26a-1, Mir26a-2, Mir26b, Mir27a, Mir27b, Mir292, Mir293, Mir294, Mir295, Mir296, Mir29a, Mir29b-1, Mir29b-2, Mir29c, Mir301, Mir30a, Mir30b, Mir30c-1, Mir30c-2, Mir320, Mir324, Mir326, Mir33, Mir330, Mir338, Mir34a, Mir34b, Mir34c, Mir351, Mir370, Mir382, Mir3960, Mir411, Mir423, Mir448, Mir449a, Mir449b, Mir449c, Mir450b, Mir451a, Mir451b, Mir452, Mir466, Mir466d, Mir466e, Mir466l, Mir470, Mir489, Mir494, Mir495, Mir499, Mir504, Mir505, Mir511, Mir539, Mir541, Mir543, Mir668, Mir669a-1, Mir669a-2, Mir669a-3, Mir669a-4, Mir669a-5, Mir669a-6, Mir675, Mir696, Mir7-1, Mir7-2, Mir702, Mir7116, Mir744, Mir7578, Mir7b, Mir873a, Mir874, Mir875, Mir9-1, Mir9-2, Mir9-3, Mir92-1, Mir92-2, Mir96, Mir98, Mirlet7a-1, Mirlet7a-2, Mirlet7b, Mirlet7c-1, Mirlet7c-2, Mirlet7e, Mirlet7g, Mis18a, Mitf, Mixl1, Mkks, Mknk1, Mknk2, Mkrn2, Mkx, Mlf1, Mlf2, Mlh1, Mlip, Mllt1, Mllt10, Mllt11, Mllt3, Mllt6, Mlst8, Mlx, Mlxip, Mlxipl, Mmp12, Mmp14, Mmp8, Mms19, Mn1, Mnat1, Mndal, Mnt, Mnx1, Mog, Morc1, Morc2a, Morc2b, Morc3, Morf4l1, Morf4l2, Mospd1, Mov10, Mov10l1, Mphosph8, Mpl, Mpv17l, Mpv17l2, Mrgbp, Mrpl12, Mrpl13, Mrps27, Mrtfa, Mrtfb, Mrto4, Msantd1, Msc, Msgn1, Msh2, Msi1, Msi2, Msl1, Msl2, Msl3, Msn, Msr1, Mst1, Mstn, Msx1, Msx1os, Msx2, Msx3, Mt3, Mta1, Mta2, Mta3, Mtcl2, Mtdh, Mterf1a, Mterf1b, Mterf2, Mterf3, Mterf4, Mtf1, Mtf2, Mtg1, Mtg2, Mtor, Mtpap, Mtpn, Mtres1, Mturn, Muc1, Muc16, Mul1, Mup1, Mup11, Mup2, Mup3, Mup4, Mup5, Musk, Mustn1, Mvk, Mxd1, Mxd3, Mxd4, Mxi1, Myadm, Myb, Mybbp1a, Mybl1, Mybl2, Myc, Mycbp, Mycbp2, Mycl, Mycn, Mycs, Myd88, Mydgf, Myef2, Myf5, Myf6, Myh9, Mylk2, Mynn, Myo1c, Myocd, Myod1, Myog, Myom1, Myoz1, Myoz2, Mypop, Myrf, Myrfl, Mysm1, Myt1, Myt1l, Mzb1, Mzf1, n-TUtca2, N4bp1, N4bp2l2, N6amt1, Naa15, Nab1, Nab2, Nacc1, Nacc2, Naf1, Naip5, Nampt, Nanog, Nanos1, Nanos2, Nanos3, Nat10, Nat8, Nat8b-ps, Nat8f1, Nat8f7, Nav3, Nbas, Nbdy, Ncbp1, Ncbp2, Ncbp3, Ncf2, Nck1, Nck2, Nckap1l, Ncl, Ncoa1, Ncoa2, Ncoa3, Ncoa6, Ncoa7, Ncor1, Ncor2, Ncstn, Ndfip1, Ndfip2, Ndn, Ndp, Ndrg2, Ndufa13, Ndufc2, Necab1, Necab2, Necab3, Nedd4, Nedd8, Nek2, Nek4, Nek7, Nelfa, Nelfb, Nelfcd, Nelfe, Nell1, Neo1, Nepn, Neurl1a, Neurod1, Neurod2, Neurod4, Neurod6, Neurog1, Neurog2, Neurog3, Nf1, Nfam1, Nfat5, Nfatc1, Nfatc2, Nfatc2ip, Nfatc3, Nfatc4, Nfe2, Nfe2l1, Nfe2l2, Nfe2l3, Nfia, Nfib, Nfic, Nfil3, Nfilz, Nfix, Nfkb1, Nfkb2, Nfkbia, Nfkbid, Nfkbie, Nfkbil1, Nfkbiz, Nfrkb, Nfx1, Nfxl1, Nfya, Nfyb, Nfyc, Ngdn, Ngf, Ngfr, Ngrn, Nhlh1, Nhlh2, Nhlrc1, Niban1, Niban2, Nicol1, Nif3l1, Nipbl, Nkap, Nkapl, Nkd2, Nkrf, Nktr, Nkx1-1, Nkx1-2, Nkx2-1, Nkx2-2, Nkx2-2os, Nkx2-3, Nkx2-4, Nkx2-5, Nkx2-6, Nkx2-9, Nkx3-1, Nkx3-2, Nkx6-1, Nkx6-2, Nkx6-3, Nlk, Nln, Nlrc3, Nlrc4, Nlrc5, Nlrp10, Nlrp12, Nlrp1a, Nlrp1b, Nlrp3, Nlrp5, Nlrp6, Nlrp9b, Nlrx1, Nmb, Nmbr, Nmd3, Nme1, Nme2, Nmi, Nmnat1, Nmnat2, Nnmt, Nobox, Noc2l, Noct, Nod1, Nod2, Nodal, Nog, Nol11, Nol3, Nolc1, Nono, Nop53, Nos1, Nos2, Nos3, Nosip, Nostrin, Notch1, Notch2, Notch3, Notch4, Noto, Nova1, Nova2, Nox1, Nox4, Npas1, Npas2, Npas3, Npas4, Npat, Nploc4, Npm1, Npnt, Nppc, Nptn, Npy1r, Nr0b1, Nr0b2, Nr1d1, Nr1d2, Nr1h2, Nr1h3, Nr1h4, Nr1h5, Nr1i2, Nr1i3, Nr2c1, Nr2c2, Nr2e1, Nr2e3, Nr2f1, Nr2f2, Nr2f6, Nr3c1, Nr3c2, Nr4a1, Nr4a2, Nr4a3, Nr5a1, Nr5a2, Nr6a1, Nrarp, Nras, Nrbf2, Nrde2, Nrf1, Nrg1, Nrip1, Nrip2, Nrl, Nron, Nrxn1, Nscme3l, Nsd1, Nsd2, Nsd3, Nsmce3, Nsrp1, Nsun2, Nsun3, Nsun4, Nsun5, Ntf3, Ntn3, Ntrk1, Ntrk2, Ntrk3, Nts, Ntsr1, Nucks1, Nudt12, Nudt16, Nudt16l2, Nudt21, Nufip1, Nup155, Nup62, Nup85, Nup98, Nupr1, Nupr2, Nutf2, Nutf2-ps1, Nwd1, Oas1a, Oas1b, Oas1c, Oas1d, Oas1e, Oas1f, Oas1g, Oas1h, Oas2, Oas3, Obi1, Obox1, Obox2, Obox3, Obox4, Obox5, Obox6, Obox7, Obox8, Obp2a, Ocln, Odam, Oga, Ogfod1, Ogg1, Ogt, Olfm1, Olig1, Olig2, Olig3, Olr1, Onecut1, Onecut2, Onecut3, Oog1, Oog2, Oog3, Opa1, Opn3, Oprd1, Oprm1, Optn, Ormdl1, Ormdl2, Ormdl3, Osm, Osr1, Osr2, Otp, Otud5, Otud6b, Otud7b, Otulin, Otx1, Otx2, Ovol1, Ovol2, Ovol3, P2rx2, P2rx7, P2ry1, P2ry2, P2ry6, Pa2g4, Pabpc1, Pabpc1l, Pabpc4, Pabpn1l, Padi2, Padi6, Paf1, Pagr1a, Paip1, Paip2, Paip2b, Pak1, Pak3, Pam, Pan2, Pan3, Pantr1, Pantr2, Panx1, Panx2, Panx3, Paox, Paqr4, Park7, Parn, Parp1, Parp10, Parp14, Parp16, Parp3, Parp9, Pasd1, Pask, Patl1, Patl2, Patz1, Pawr, Pax1, Pax2, Pax3, Pax4, Pax5, Pax6, Pax7, Pax8, Pax9, Paxbp1, Paxip1, Pbrm1, Pbx1, Pbx2, Pbx3, Pbx4, Pbxip1, Pcbd1, Pcbd2, Pcbp1, Pcbp2, Pcbp3, Pcbp4, Pcgf1, Pcgf2, Pcgf3, Pcgf5, Pcgf6, Pcid2, Pcif1, Pck1, Pcna, Pcx, Pdcd10, Pdcd1lg2, Pdcd4, Pdcd5, Pdcd5-ps, Pdcd7, Pdcl3, Pde12, Pde2a, Pde4b, Pde4d, Pde8b, Pdgfa, Pdgfb, Pdgfra, Pdgfrb, Pdk1, Pdk2, Pdk3, Pdk4, Pdlim1, Pdx1, Pdxp, Pebp1, Peg3, Peli1, Peli3, Pelo, Pelp1, Pemt, Per1, Per2, Per3, Perm1, Pex14, Pex2, Pf4, Pfdn5, Pfkfb1, Pfkm, Pfn1, Pgam5, Pgc, Pglyrp1, Pglyrp2, Pglyrp3, Pglyrp4, Pgp, Pgr, Phactr1, Phax, Phb1, Phb2, Phc1, Phc2, Phc3, Phf1, Phf10, Phf12, Phf14, Phf19, Phf2, Phf20, Phf20l1, Phf21a, Phf3, Phf5a, Phf6, Phf8, Phgdh, Phip, Phlda2, Phlpp1, Phlpp2, Phox2a, Phox2b, Pias1, Pias2, Pias3, Pias4, Pibf1, Picalm, Pick1, Pid1, Pierce1, Pif1, Pih1d1, Pik3c3, Pik3ca, Pik3cb, Pik3cd, Pik3r1, Pik3r2, Pik3r3, Pikfyve, Pim1, Pim2, Pin1, Pin1rt1, Pin4, Pink1, Pinx1, Pip, Pithd1, Pitx1, Pitx2, Pitx3, Piwil1, Piwil2, Piwil4, Pkd1, Pkd2, Pkhd1, Pkia, Pkib, Pkig, Pkm, Pkn1, Pknox1, Pknox2, Pkp1, Pkp3, Pla2g10, Pla2g3, Pla2g4a, Pla2g6, Pla2r1, Plac8, Plag1, Plagl1, Plagl2, Plat, Platr25, Plau, Plaur, Plcb1, Plcd1, Plcg2, Pld1, Pld3, Pld4, Pld6, Plek, Plekhn1, Plgrkt, Plin5, Plk1, Plk3, Plp1, Plpp3, Plscr1, Plxnb2, Pmel, Pmf1, Pml, Pmp22, Pms2, Pnkp, Pnldc1, Pnp, Pnp2, Pnpt1, Pnrc1, Pnrc2, Pofut2, Pogk, Pogz, Pola1, Poldip3, Pole3, Polg2, Polr2a, Polr2g, Polr3a, Polr3b, Polr3c, Polr3d, Polr3f, Polr3g, Pomc, Pomt1, Pomt2, Por, Postn, Pot1a, Pot1b, Pou1f1, Pou2af1, Pou2af2, Pou2af3, Pou2f1, Pou2f2, Pou2f3, Pou3f1, Pou3f2, Pou3f3, Pou3f4, Pou4f1, Pou4f2, Pou4f3, Pou5f1, Pou5f2, Pou6f1, Pou6f2, Ppara, Ppard, Pparg, Ppargc1a, Ppargc1b, Ppef1, Ppef2, Pphln1, Ppia, Ppib, Ppic, Ppid, Ppie, Ppif, Ppig, Ppih, Ppil1, Ppil3, Ppil4, Ppl, Ppm1a, Ppm1b, Ppm1d, Ppm1e, Ppm1f, Ppm1g, Ppm1h, Ppm1j, Ppm1k, Ppm1l, Ppm1m, Ppm1n, Ppp1ca, Ppp1cb, Ppp1cc, Ppp1r11, Ppp1r12a, Ppp1r13l, Ppp1r15a, Ppp1r15b, Ppp1r3a, Ppp1r3b, Ppp1r3c, Ppp1r3d, Ppp1r3e, Ppp1r3f, Ppp1r3g, Ppp2ca, Ppp2cb, Ppp2r5b, Ppp2r5d, Ppp3ca, Ppp3cb, Ppp3cc, Ppp3r1, Ppp4c, Ppp4r3a, Ppp4r3b, Ppp5c, Ppp6c, Pprc1, Pptc7, Ppwd1, Pqbp1, Pramel1, Pramel7, Prdm1, Prdm10, Prdm11, Prdm12, Prdm13, Prdm14, Prdm15, Prdm16, Prdm2, Prdm4, Prdm5, Prdm6, Prdm8, Prdm9, Prdx2, Prdx3, Prdx5, Prdx6, Prdx6b, Preb, Prg2, Prg3, Prg4, Prickle1, Prkaa1, Prkaa2, Prkab1, Prkaca, Prkacb, Prkag1, Prkag2, Prkag3, Prkar1a, Prkca, Prkcb, Prkcd, Prkch, Prkci, Prkcq, Prkcz, Prkd1, Prkd2, Prkdc, Prkg1, Prkg2, Prkn, Prkra, Prl, Prl2c2, Prmt1, Prmt2, Prmt3, Prmt5, Prmt6, Prmt7, Prmt8, Prmt9, Prnp, Prop1, Prox1, Prox2, Prpf19, Prpf6, Prr16, Prr5l, Prr7, Prrx1, Prrx2, Prss37, Prx, Psen1, Psen2, Psg18, Psg22, Psg23, Psip1, Psma6, Psmc3ip, Psmc5, Psmc6, Psmd10, Psmd9, Pspc1, Psrc1, Pstk, Ptafr, Ptbp1, Ptbp2, Ptbp3, Ptcd2, Ptcd3, Ptch1, Pten, Ptf1a, Ptger3, Ptger4, Ptges2, Ptges3, Ptgfr, Ptgis, Ptgr1, Ptgs2, Ptgs2os, Ptgs2os2, Pth, Pth1r, Pthlh, Ptk2b, Ptma, Ptms, Ptov1, Ptp4a3, Ptpa, Ptpmt1, Ptpn11, Ptpn2, Ptpn22, Ptpn6, Ptprc, Ptprj, Ptprk, Ptprn, Ptprs, Ptrh2, Ptx3, Puf60, Pum1, Pum2, Pum3, Pura, Purb, Purg, Pus1, Pus10, Pus7, Pwp1, Pwwp2a, Pwwp2b, Pxylp1, Pycard, Pygo1, Pym1, Qars1, Qki, Qrich1, Rab1a, Rab27a, Rab2b, Rab38, Rab3gap1, Rab3gap2, Rab7b, Rabgef1, Rabl3, Rac1, Rack1, Rad21, Rad54l2, Raet1b, Raf1, Rag1, Rag2, Rai1, Ralgapa1, Raly, Ramp1, Ramp2, Ramp3, Ranbp2, Rap1a, Rap2c, Rapgef2, Rapgef3, Rara, Rarb, Rarg, Rasal2, Rasd1, Rasgrp1, Rasl11a, Rax, Rb1, Rb1cc1, Rbak, Rbbp4, Rbbp5, Rbbp7, Rbbp8, Rbbp9, Rbck1, Rbfox1, Rbfox2, Rbfox3, Rbl1, Rbl2, Rbm10, Rbm11, Rbm12, Rbm12b1, Rbm12b2, Rbm14, Rbm15, Rbm15b, Rbm20, Rbm22, Rbm24, Rbm25, Rbm3, Rbm31y, Rbm33, Rbm38, Rbm39, Rbm4, Rbm42, Rbm46, Rbm47, Rbm4b, Rbm5, Rbm7, Rbm8a, Rbm8a2, Rbms3, Rbmx, Rbmxl1, Rbmxl2, Rbmy, Rbmyf1, Rbmyf3, Rbmyf6, Rbmyf9, Rbp4, Rbpj, Rbpjl, Rbpms, Rbpms2, Rbx1, Rbx1-ps, Rc3h1, Rc3h2, Rcc1l, Rcor1, Rcor2, Rcor3, Rd3, Rdh1, Rdh10, Rdh16, Rdh16f2, Rdh19, Rdh9, Rdx, Recql5, Reg1, Rel, Rela, Relb, Reln, Reno1, Repin1, Rere, Resf1, Rest, Ret, Rex2, Rfc1, Rfc2, Rfc3, Rfc4, Rfc5, Rfpl4, Rftn1, Rfx1, Rfx2, Rfx3, Rfx4, Rfx5, Rfx6, Rfx7, Rfx8, Rfxank, Rfxap, Rgcc, Rgma, Rgmb, Rgn, Rgs2, Rhbdd1, Rhebl1, Rhoa, Rhog, Rhoq, Rhox1, Rhox10, Rhox11, Rhox12, Rhox13, Rhox2a, Rhox2b, Rhox2c, Rhox2d, Rhox2f, Rhox2g, Rhox2h, Rhox3a, Rhox3c, Rhox3f, Rhox3g, Rhox3h, Rhox4a, Rhox4b, Rhox4c, Rhox4d, Rhox4e, Rhox4f, Rhox4g, Rhox5, Rhox6, Rhox7a, Rhox7b, Rhox8, Rhox9, Rictor, Rida, Rif1, Rigi, Rims1, Rims2, Ring1, Riok1, Riok2, Riok3, Riox1, Riox2, Ripk1, Ripk2, Ripk3, Ripk4, Ripply1, Ripply2, Ripply3, Rit2, Rlf, Rlim, Rmnd1, Rnaseh2b, Rnasel, Rnf10, Rnf125, Rnf128, Rnf135, Rnf139, Rnf14, Rnf141, Rnf168, Rnf187, Rnf2, Rnf20, Rnf207, Rnf216, Rnf220, Rnf25, Rnf26, Rnf26rt, Rnf31, Rnf4, Rnf40, Rnf6, Rnf8, Rnps1, Ro60, Robo1, Rock1, Rock2, Rom1, Ror1, Ror2, Rora, Rorb, Rorc, Ros1, Rpap2, Rpf2, Rpl10, Rpl10-ps3, Rpl11, Rpl13a, Rpl23, Rpl26, Rpl38, Rpl5, Rplp1, Rprd1b, Rps13, Rps14, Rps26, Rps27l, Rps3, Rps4x, Rps6ka1, Rps6ka2, Rps6ka3, Rps6ka4, Rps6ka5, Rps6kb1, Rps6kb2, Rps7, Rps9, Rptor, Rpusd3, Rpusd4, Rreb1, Rrn3, Rrp1b, Rrp8, Rsad2, Rsf1, Rsl1, Rslcan18, Rspo1, Rtf1, Rtkn2, Rtn4, Rtraf, Runx1, Runx1t1, Runx2, Runx3, Ruvbl1, Ruvbl2, Rwdd1, Rwdd3, Rxra, Rxrb, Rxrg, Rybp, Rybp-ps, S100a1, S100a10, S100a13, S100a9, S100b, S1pr1, S1pr3, Safb, Safb2, Sall1, Sall2, Sall3, Sall4, Samd1, Samd11, Samd4, Samd4b, Samd7, Samd8, Sap130, Sap18, Sap18b, Sap25, Sap30, Sap30bp, Sap30l, Sarnp, Sars1, Sart3, Sash3, Satb1, Satb2, Sav1, Sbno1, Sbno2, Scaf4, Scaf8, Scai, Scamp5, Scand1, Scap, Scarb1, Scgb1a1, Scimp, Scmh1, Scml2, Scml4, Sco1, Scp2, Scrib, Scrt1, Scrt2, Scx, Sdcbp, Sdr16c5, Sec14l2, Sec16b, Secisbp2, Selenok, Selenos, Sema4d, Sema7a, Senp1, Senp2, Sepsecs, Serbp1, Serp1, Serpina12, Serpinb1a, Serpinb1b, Serpinb1c, Serpinb7, Serpine1, Serpine2, Serpinf1, Serpinf2, Sertad1, Sertad2, Sertad3, Sesn2, Setbp1, Setd1a, Setd2, Setd3, Setd4, Setd5, Setd6, Setd7, Setdb1, Setdb2, Setmar, Setx, Sf1, Sf3b1, Sf3b3, Sf3b5, Sfmbt1, Sfmbt2, Sfn, Sfpq, Sfr1, Sfrp1, Sfrp2, Sfrp4, Sfrp5, Sfswap, Sftpd, Sgf29, Sgms1, Sgms1os1, Sgsm1, Sh2b1, Sh2d1b1, Sh3bgrl, Sh3gl2, Sh3pxd2b, Shc1, Shc4, Shfl, Shh, Shld1, Shld2, Shld3, Shmt1, Shmt2, Shox2, Sigirr, Siglec1, Siglecg, Sik1, Sik2, Sim1, Sim2, Sin3a, Sin3b, Sinhcaf, Sirpa, Sirt1, Sirt2, Sirt3, Sirt4, Sirt5, Sirt6, Sirt7, Siva1, Six1, Six2, Six3, Six4, Six5, Six6, Skap1, Ski, Skic2, Skic3, Skic8, Skil, Skint1, Skint10, Skint11, Skint2, Skint3, Skint4, Skint5, Skint6, Skint7, Skint8, Skint9, Skor1, Skor2, Sla2, Slamf1, Slamf6, Slc11a1, Slc15a4, Slc22a2, Slc24a3, Slc24a4, Slc24a5, Slc25a12, Slc25a33, Slc25a37, Slc26a9, Slc27a1, Slc2a10, Slc30a9, Slc35a4, Slc35b4, Slc35c2, Slc37a4, Slc38a2, Slc38a3, Slc39a5, Slc39a8, Slc40a1, Slc45a3, Slc4a5, Slc51b, Slc5a3, Slc6a4, Slc6a9, Slc7a11, Slc7a5, Slc8a1, Slc8a2, Slc9a1, Slco3a1, Slfn1, Slfn14, Slfn2, Slirp, Slit2, Slit3, Sltm, Slx, Slxl1, Sly, Smad1, Smad2, Smad3, Smad4, Smad5, Smad6, Smad7, Smad9, Smarca1, Smarca2, Smarca4, Smarca5, Smarcad1, Smarcal1, Smarcb1, Smarcc1, Smarcc2, Smarcd1, Smarcd2, Smarcd3, Smarce1, Smchd1, Smcr8, Smg1, Smg5, Smg6, Smg7, Smg8, Smg9, Smn1, Smo, Smoc2, Smpd3, Smtnl1, Smu1, Smyd1, Smyd2, Smyd3, Smyd5, Snai1, Snai2, Snai3, Snca, Snd1, Snf8, Snip1, Snrnp70, Snw1, Snx12, Snx5, Snx6, Soat1, Socs1, Socs5, Sod1, Sod2, Sohlh1, Sohlh2, Son, Sorbs1, Sorbs3, Sorl1, Sort1, Sos1, Sost, Sox1, Sox10, Sox11, Sox12, Sox13, Sox14, Sox15, Sox17, Sox18, Sox2, Sox21, Sox3, Sox30, Sox4, Sox5, Sox6, Sox7, Sox8, Sox9, Sp1, Sp100, Sp110, Sp140, Sp140l1, Sp140l2, Sp2, Sp3, Sp4, Sp5, Sp6, Sp7, Sp8, Sp9, Spag11a, Spag8, Spdef, Spen, Sphk1, Sphk2, Spi1, Spib, Spic, Spin1, Spin2c, Spin2d, Spin2e, Spin2g, Spin2h, Spin4, Spindoc, Spink7, Spn, Spocd1, Spon1, Spon2, Spop, Spout1, Spp1, Spry2, Sptbn1, Spty2d1, Spx, Spz1, Sqstm1, Sra1, Src, Srebf1, Srebf2, Srf, Srgn, Srp9, Srpk2, Srrd, Srrm1, Srrm4, Srrt, Srsf1, Srsf10, Srsf12, Srsf19, Srsf2, Srsf3, Srsf4, Srsf5, Srsf6, Srsf7, Srsf9, Sry, Ss18, Ss18l1, Ssb, Ssbp2, Ssbp3, Ssbp4, Ssc5d, Ssh1, Ssh2, Ssh3, Ssty1, Ssty2, Ssu72, Ssxa1, St18, Stap1, Star, Stard4, Stat1, Stat2, Stat3, Stat4, Stat5a, Stat5b, Stat6, Stc2, Sting1, Stk11, Stk16, Stk3, Stk36, Stk40, Stmp1, Stn1, Stoml2, Stox1, Stox2, Stpg4, Stra8, Strap, Strm, Strn3, Stx1b, Stx3, Stx4a, Sub1, Suco, Suds3, Sufu, Sulf1, Sulf2, Sumo1, Sumo2, Supt20, Supt3, Supt4a, Supt4b, Supt5, Supt6, Supt7l, Supv3l1, Suv39h1, Suv39h2, Suz12, Svip, Syk, Syncrip, Syt11, T, Tacc1, Taco1, Tada1, Tada2a, Tada2b, Tada3, Taf1, Taf10, Taf11, Taf12, Taf13, Taf15, Taf1d, Taf2, Taf3, Taf4, Taf4b, Taf5, Taf5l, Taf6, Taf6l, Taf7, Taf8, Taf9, Taf9b, Tagln3, Tal1, Tal2, Tank, Tapbp, Tarbp2, Tardbp, Tarm1, Tasor, Tasor2, Tasp1, Tax1bp1, Tbc1d23, Tbk1, Tbl1x, Tbl1xr1, Tbp, Tbr1, Tbrg4, Tbx1, Tbx10, Tbx15, Tbx18, Tbx19, Tbx2, Tbx20, Tbx21, Tbx22, Tbx3, Tbx4, Tbx5, Tbx6, Tcea1, Tcea2, Tcea3, Tceal7, Tceanc, Tceanc2, Tcerg1, Tcf12, Tcf15, Tcf19, Tcf20, Tcf21, Tcf23, Tcf24, Tcf25, Tcf3, Tcf4, Tcf7, Tcf7l1, Tcf7l2, Tcfl5, Tcirg1, Tcl1, Tcof1, Tcp1, Tcp10a, Tcp10b, Tcp10c, Tdg, Tdrd1, Tdrd12, Tdrd3, Tdrd5, Tdrd6, Tdrd7, Tdrd9, Tdrkh, Tead1, Tead2, Tead3, Tead4, Tef, Tek, Ten1, Tenm1, Tenm2, Tent2, Tent4a, Tent4b, Tent5a, Tent5b, Tent5c, Tent5d, Terc, Terf1, Terf2, Terf2ip, Tert, Tesc, Tescl, Tesk1, Tesmin, Tet1, Tet2, Tet3, Tex15, Tex19.1, Tex19.2, Tex24, Tfam, Tfap2a, Tfap2b, Tfap2c, Tfap2d, Tfap2e, Tfap4, Tfcp2, Tfcp2l1, Tfdp1, Tfdp2, Tfe3, Tfeb, Tfec, Tfpt, Tfr2, Tfrc, Tgfb1, Tgfb1i1, Tgfb2, Tgfb3, Tgfbr1, Tgfbr2, Tgfbr3, Tgfbrap1, Tgif1, Tgif2, Thap1, Thap11, Thap3, Thap7, Thbs1, Thoc2, Thoc5, Thra, Thrap3, Thrb, Thrsp, Tia1, Tial1, Ticam1, Ticam2, Tifab, Tigit, Timeless, Timm17a, Timm23, Tinf2, Tiparp, Tirap, Tle1, Tle2, Tle3, Tle4, Tle5, Tle6, Tlr1, Tlr2, Tlr3, Tlr4, Tlr5, Tlr6, Tlr7, Tlr8, Tlr9, Tlx1, Tlx2, Tlx3, Tm9sf2, Tmbim6, Tmed10, Tmed10-ps, Tmed2, Tmeff2, Tmem106a, Tmem107, Tmem119, Tmem135, Tmem14a, Tmem14c, Tmem98, Tmf1, Tmigd3, Tmpo, Tmprss4, Tmprss6, Tmsb4x, Tmtc3, Tmx1, Tnc, Tnf, Tnfaip3, Tnfrsf11a, Tnfrsf13c, Tnfrsf14, Tnfrsf1a, Tnfrsf1b, Tnfrsf21, Tnfrsf4, Tnfrsf8, Tnfsf11, Tnfsf13, Tnfsf15, Tnfsf18, Tnfsf4, Tnfsf8, Tnfsf9, Tnip1, Tnip2, Tnip3, Tnks, Tnni2, Tnp1, Tnp2, Tnrc6a, Tnrc6b, Tnrc6c, Tob1, Tob2, Tomm70a, Top1, Top2a, Top2b, Topors, Tox, Tox2, Tox3, Tox4, Tpk1, Tpr, Tra2a, Tra2b, Tradd, Traf1, Traf2, Traf3, Traf3ip1, Traf3ip2, Traf3ip3, Traf5, Traf6, Traf7, Traip, Trak2, Trap1, Trappc2, Trappc9, Trdmt1, Trem2, Trerf1, Trex1, Trf, Triap1, Trib1, Trib2, Trib3, Tril, Trim11, Trim12a, Trim12c, Trim13, Trim14, Trim15, Trim17, Trim21, Trim24, Trim25, Trim26, Trim27, Trim28, Trim29, Trim30a, Trim30b, Trim30c, Trim30d, Trim31, Trim32, Trim34a, Trim34b, Trim37, Trim38, Trim39, Trim40, Trim43a, Trim43b, Trim43c, Trim44, Trim5, Trim52, Trim56, Trim58, Trim6, Trim60, Trim61, Trim62, Trim63, Trim65, Trim66, Trim68, Trim71, Trim75, Trim8, Trip12, Trip4, Trmt10c, Trmt112, Trnau1ap, Tro, Trp53, Trp53bp1, Trp53cor1, Trp53inp1, Trp53inp2, Trp63, Trp73, Trpc2, Trpm4, Trps1, Trpv1, Trpv4, Trrap, Trub1, Trub2, Tsc1, Tsc2, Tsc22d1, Tsc22d2, Tsc22d3, Tsc22d4, Tsfm, Tsg101, Tshz1, Tshz2, Tshz3, Tsix, Tsku, Tslp, Tsn, Tsnax, Tspan8, Tspo, Tssk4, Ttbk1, Ttc21b, Ttc5, Ttn, Tug1, Tunar, Tusc2, Tut4, Tut7, Twist1, Twist2, Twsg1, Txk, Txn1, Txnip, Tyk2, Tyms, Tyrobp, Tyrp1, U2af2, Uaca, Uap1, Uba3, Uba5, Ubash3a, Ube2e1, Ube2i, Ube2j1, Ube2l3, Ube2n, Ube3a, Ublcp1, Ubp1, Ubr2, Ubr4, Ubr5, Ubtf, Ubtfl1, Ubxn2a, Uchl5, Ucn, Ucn2, Ucp1, Ufc1, Ufd1, Ufl1, Ufsp2, Uhmk1, Uhrf1, Uhrf2, Uimc1, Ulbp1, Ulk1, Umodl1, Unc93b1, Uncx, Unk, Upf1, Upf2, Upf3a, Upf3b, Upk3b, Uqcc2, Uri1, Usf1, Usf2, Usf3, Usp13, Usp16, Usp17le, Usp2, Usp21, Usp22, Usp3, Usp36, Usp47, Usp50, Usp7, Utf1, Utp15, Utp4, Uts2, Uty, Uxt, Vash1, Vax1, Vax2, Vcp, Vdr, Vegfa, Vegfb, Vegfd, Vezf1, Vgll1, Vgll2, Vgll3, Vgll4, Vhl, Vim, Vip, Vpreb3, Vps35, Vps72, Vrtn, Vsig4, Vsir, Vstm2a, Vsx1, Vsx2, Vtcn1, Wac, Wars1, Was, Wasl, Wbp2, Wbp2nl, Wdhd1, Wdr35, Wdr43, Wdr5, Wdr75, Wdr77, Wdr82, Wdtc1, Wfs1, Whrn, Wiz, Wnk1, Wnt1, Wnt10a, Wnt10b, Wnt11, Wnt16, Wnt2, Wnt3, Wnt3a, Wnt4, Wnt5a, Wnt6, Wnt7a, Wnt7b, Wnt8b, Wrap53, Wt1, Wtap, Wtip, Wwc1, Wwc2, Wwox, Wwp1, Wwp2, Wwtr1, Xaf1, Xbp1, Xcl1, Xdh, Xiap, Xist, Xpa, Xpc, Xpo1, Xpo5, Xrcc5, Xrcc6, Xrn1, Xrn2, Yaf2, Yap1, Ybx1, Ybx2, Ybx3, Yeats2, Yeats4, Yes1, Ylpm1, Ythdc1, Ythdf1, Ythdf2, Ythdf3, Ywhab, Ywhah, Ywhaq, Ywhaq-ps3, Ywhaz, Yy1, Yy2, Zar1, Zar1l, Zbed3, Zbed4, Zbed6, Zbtb1, Zbtb10, Zbtb11, Zbtb12, Zbtb14, Zbtb16, Zbtb17, Zbtb18, Zbtb2, Zbtb20, Zbtb21, Zbtb22, Zbtb24, Zbtb25, Zbtb26, Zbtb3, Zbtb32, Zbtb33, Zbtb34, Zbtb37, Zbtb38, Zbtb39, Zbtb4, Zbtb40, Zbtb41, Zbtb42, Zbtb43, Zbtb45, Zbtb46, Zbtb47, Zbtb48, Zbtb49, Zbtb5, Zbtb6, Zbtb7a, Zbtb7b, Zbtb7c, Zbtb8a, Zbtb8b, Zbtb9, Zc3h10, Zc3h12a, Zc3h12d, Zc3h14, Zc3h18, Zc3h4, Zc3h6, Zc3h7a, Zc3h7b, Zc3h8, Zc3hav1, Zc4h2, Zcchc12, Zcchc13, Zcchc17, Zcchc3, Zcchc4, Zcchc7, Zdbf2, Zeb1, Zeb2, Zfa-ps, Zfat, Zfhx2, Zfhx3, Zfhx4, Zfp1, Zfp1004, Zfp1005, Zfp1006, Zfp1007, Zfp101, Zfp1010, Zfp105, Zfp11, Zfp110, Zfp111, Zfp112, Zfp113, Zfp119a, Zfp119b, Zfp12, Zfp120, Zfp125, Zfp128, Zfp13, Zfp131, Zfp14, Zfp141, Zfp142, Zfp143, Zfp146, Zfp148, Zfp157, Zfp160, Zfp169, Zfp174, Zfp175, Zfp180, Zfp182, Zfp184, Zfp189, Zfp2, Zfp202, Zfp212, Zfp213, Zfp217, Zfp219, Zfp229, Zfp236, Zfp239, Zfp24, Zfp248, Zfp251, Zfp26, Zfp260, Zfp263, Zfp266, Zfp267, Zfp268, Zfp27, Zfp273, Zfp275, Zfp276, Zfp28, Zfp280b, Zfp280c, Zfp280d, Zfp281, Zfp286, Zfp287, Zfp292, Zfp296, Zfp3, Zfp30, Zfp316, Zfp317, Zfp318, Zfp319, Zfp322a, Zfp324, Zfp326, Zfp329, Zfp334, Zfp335, Zfp341, Zfp345, Zfp35, Zfp352, Zfp354a, Zfp354b, Zfp354c, Zfp358, Zfp36, Zfp362, Zfp366, Zfp367, Zfp369, Zfp36l1, Zfp36l2, Zfp36l3, Zfp37, Zfp382, Zfp383, Zfp384, Zfp385a, Zfp386, Zfp39, Zfp395, Zfp397, Zfp398, Zfp40, Zfp407, Zfp408, Zfp41, Zfp410, Zfp418, Zfp42, Zfp420, Zfp422, Zfp423, Zfp426, Zfp429, Zfp433, Zfp438, Zfp442, Zfp444, Zfp445, Zfp446, Zfp449, Zfp451, Zfp454, Zfp455, Zfp456, Zfp457, Zfp458, Zfp459, Zfp46, Zfp462, Zfp467, Zfp469, Zfp472, Zfp473, Zfp488, Zfp493, Zfp503, Zfp507, Zfp51, Zfp512b, Zfp513, Zfp516, Zfp518a, Zfp518b, Zfp52, Zfp521, Zfp523, Zfp524, Zfp53, Zfp534, Zfp536, Zfp54, Zfp541, Zfp551, Zfp553, Zfp558, Zfp560, Zfp563, Zfp566, Zfp568, Zfp57, Zfp574, Zfp575, Zfp579, Zfp58, Zfp580, Zfp582, Zfp583, Zfp59, Zfp593, Zfp595, Zfp597, Zfp598, Zfp599, Zfp60, Zfp600, Zfp605, Zfp606, Zfp607a, Zfp607b, Zfp608, Zfp609, Zfp612, Zfp616, Zfp617, Zfp619, Zfp62, Zfp623, Zfp626, Zfp628, Zfp629, Zfp637, Zfp638, Zfp639, Zfp64, Zfp641, Zfp644, Zfp646, Zfp647, Zfp648, Zfp65, Zfp652, Zfp653, Zfp654, Zfp655, Zfp658, Zfp661, Zfp663, Zfp664, Zfp667, Zfp668, Zfp672, Zfp677, Zfp68, Zfp683, Zfp689, Zfp69, Zfp691, Zfp692, Zfp696, Zfp697, Zfp7, Zfp703, Zfp704, Zfp706, Zfp707, Zfp708, Zfp709, Zfp710, Zfp711, Zfp712, Zfp715, Zfp719, Zfp72, Zfp729a, Zfp729b, Zfp735, Zfp738, Zfp74, Zfp740, Zfp746, Zfp747, Zfp747l1, Zfp748, Zfp750, Zfp758, Zfp759, Zfp760, Zfp763, Zfp764, Zfp764l1, Zfp768, Zfp770, Zfp771, Zfp772, Zfp773, Zfp775, Zfp777, Zfp78, Zfp780b, Zfp784, Zfp786, Zfp787, Zfp788, Zfp790, Zfp791, Zfp799, Zfp804a, Zfp808, Zfp809, Zfp81, Zfp810, Zfp811, Zfp819, Zfp82, Zfp820, Zfp821, Zfp825, Zfp827, Zfp84, Zfp846, Zfp85, Zfp850, Zfp853, Zfp865, Zfp866, Zfp867, Zfp868, Zfp869, Zfp87, Zfp870, Zfp871, Zfp872, Zfp873, Zfp874a, Zfp874b, Zfp879, Zfp882, Zfp9, Zfp90, Zfp91, Zfp92, Zfp93, Zfp930, Zfp931, Zfp932, Zfp933, Zfp934, Zfp935, Zfp936, Zfp937, Zfp938, Zfp940, Zfp941, Zfp942, Zfp943, Zfp944, Zfp945, Zfp946, Zfp947, Zfp948, Zfp949, Zfp950, Zfp951, Zfp952, Zfp954, Zfp955a, Zfp955b, Zfp956, Zfp958, Zfp959, Zfp960, Zfp961, Zfp963, Zfp964, Zfp966, Zfp97, Zfp970, Zfp971, Zfp973, Zfp974, Zfp975, Zfp976, Zfp977, Zfp979, Zfp980, Zfp981, Zfp982, Zfp983, Zfp984, Zfp985, Zfp987, Zfp988, Zfp989, Zfp990, Zfp991, Zfp992, Zfp994, Zfp995, Zfp998, Zfpm1, Zfpm2, Zfta, Zfx, Zfy1, Zfy2, Zglp1, Zgpat, Zhx1, Zhx2, Zhx3, Zic1, Zic2, Zic3, Zic4, Zic5, Zik1, Zim1, Zkscan1, Zkscan14, Zkscan16, Zkscan17, Zkscan2, Zkscan3, Zkscan4, Zkscan5, Zkscan6, Zkscan7, Zkscan8, Zmiz1, Zmiz2, Zmpste24, Zmym2, Zmym5, Zmynd11, Zmynd15, Zmynd8, Znfx1, Znhit1, Zp3, Zpbp2, Zpr1, Zscan10, Zscan12, Zscan2, Zscan20, Zscan21, Zscan22, Zscan25, Zscan26, Zscan29, Zscan4-ps1, Zscan4-ps2, Zscan4-ps3, Zscan4b, Zscan4c, Zscan4d, Zscan4e, Zscan4f, Zscan5b, Zswim8, Zxdb, Zxdc, Zzz3
GO:0060255	regulation of macromolecule metabolic process	6193	140	90.21	1.0e-08	6.1776e-6	1810024B03Rik, 2010315B03Rik, 2610008E11Rik, 2610021A01Rik, 2610042L04Rik, 2810021J22Rik, 4930402K13Rik, 4930447C04Rik, 4930480E11Rik, 4930522L14Rik, 4931414P19Rik, 5730507C01Rik, 6030468B19Rik, a, A1cf, A430033K04Rik, A630001G21Rik, Aamdc, Aars1, Aatf, Abca2, Abca7, Abcb10, Abcc2, Abcc8, Abcc9, Abcd1, Abcd2, Abce1, Abcf1, Abcg1, Abcg4, Abhd14b, Abi1, Abi2, Abi3, Abl1, Abl2, Ablim1, Ablim2, Ablim3, Abra, Abraxas1, Abt1, Acd, Ace, Acer2, Ache, Acin1, Ackr1, Aco1, Acod1, Acot8, Acp4, Acp5, Acss2, Acta1, Acta2, Actb, Actc1, Actg1, Actg2, Actl6a, Actl6b, Actn1, Actn2, Actn4, Actr2, Actr3, Actr5, Actr6, Actr8, Actrt1, Acvr1, Acvr1b, Acvr2a, Acvr2b, Acvrl1, Adam10, Adam17, Adam19, Adam2, Adam3, Adam33, Adam8, Adam9, Adar, Adarb1, Adcy1, Adcy10, Adcy7, Adcy8, Adcyap1, Adgrb1, Adgrf1, Adgrg3, Adipoq, Adipor2, Adm2, Adnp, Adnp2, Adora2a, Adora2b, Adora3, Adra1b, Adra2a, Adra2b, Adra2c, Adrb2, Adtrp, Aebp1, Aebp2, Afap1l2, Afdn, Aff1, Aff2, Aff3, Aff4, Agap2, Agbl4, Ager, Ago1, Ago2, Ago3, Ago4, Agpat1, Agpat2, Agr2, Agrn, Agt, Agtpbp1, Agtr1a, Agtr1b, Agtr2, Ahcyl1, Ahdc1, Ahi1, Ahnak, Ahnak2, Ahr, Ahrr, AI854703, AI987944, Aicda, Aida, Aif1, Aifm1, Aim2, Aimp2, Aire, Airn, Ajuba, Akap11, Akap12, Akap5, Akap6, Akap8, Akap8l, Akap9, Akirin1, Akirin2, Akna, Akr1c6, Akt1, Akt1s1, Akt2, Aktip, Alad, Aldh1a2, Alkbh1, Alkbh3, Alkbh4, Alkbh5, Alox12, Alox12b, Alox5, Alox8, Alpk2, Als2, Alx1, Alx3, Alx4, Ambra1, Amer1, Amh, Amot, Amotl2, Anapc2, Ang, Ang2, Ang3, Ang4, Ang5, Ang6, Angel2, Angpt1, Angpt4, Angptl8, Ank2, Ank3, Ankle1, Ankra2, Ankrd1, Ankrd17, Ankrd2, Ankrd23, Ankrd31, Ankrd42, Ankrd49, Ankrd54, Ankrd66, Anks1, Antxr1, Anxa1, Anxa2, Anxa3, Anxa4, Anxa7, Anxa8, Ap1ar, Ap2a1, Ap3b1, Ap3d1, Apaf1, Apba1, Apba2, Apba3, Apbb1, Apbb2, Apbb3, Apc, Apcs, Apex1, Aph1a, Aph1b, Aph1c, Aplf, Apln, Aplnr, Aplp1, Aplp2, Apoa1, Apoa2, Apob, Apobec1, Apobec2, Apobec3, Apod, Apoe, App, Appl1, Appl2, Aqp11, Aqp4, Ar, Araf, Arap1, Arb2a, Areg, Arf4, Arfgef2, Arg1, Arg2, Arglu1, Arhgef11, Arhgef2, Arhgef5, Arid1a, Arid1b, Arid2, Arid3a, Arid3b, Arid3c, Arid4a, Arid4b, Arid5a, Arid5b, Arl2bp, Armcx3, Arnt, Arnt2, Arr3, Arrb1, Arrb2, Arrdc3, Arrdc4, Arx, Asb11, Asb5, Asb9, Ascc1, Ascc2, Ascl1, Ascl2, Ascl3, Ascl4, Ascl5, Ash1l, Ash2l, Asph, Aspscr1, Astl, Asxl1, Asxl2, Asxl3, Asz1, Atad2, Atad2b, Atad5, Atf1, Atf1-ps, Atf2, Atf3, Atf4, Atf5, Atf6, Atf6b, Atf7, Atf7ip, Atf7ip2, Atg10, Atg101, Atg12, Atg13, Atg14, Atg4b, Atg5, Atg7, Atg9a, Atm, Atmin, Atn1, Atoh1, Atoh7, Atoh8, Atp13a2, Atp1b1, Atp1b4, Atp2b1, Atp2b4, Atp5if1, Atp6ap2, Atp6v1b1, Atp7a, Atp8b1, Atr, Atraid, Atrip, Atrx, Atxn1, Atxn1l, Atxn3, Atxn7, Atxn7l3, Atxn7l3b, AU041133, Aunip, Aurka, Aurkaip1, Aurkb, Auts2, Avp, Avpr2, AW146154, Axin1, Axin2, Axl, Aym1, Azin1, Azin2, B020011L13Rik, B2m, B3gntl1, Babam1, Babam2, Bace2, Bach1, Bach2, Bad, Bag1, Bag2, Bag4, Bag5, Bag6, Bahd1, Bak1, Bambi, Banf1, Bank1, Banp, Bap1, Bard1, Barhl1, Barhl2, Barx1, Barx2, Basp1, Batf, Batf2, Batf3, Bax, Baz1a, Baz1b, Baz2a, Bbs2, Bbs4, Bbs7, Bbx, BC024063, Bc1, Bcap31, Bcar3, Bcas3, Bccip, Bcdin3d, Bcl10, Bcl11a, Bcl11b, Bcl2, Bcl2l12, Bcl3, Bcl6, Bcl6b, Bcl7a, Bcl7b, Bcl7c, Bcl9, Bcl9l, Bclaf1, Bclaf3, Bcor, Bcorl1, Bdkrb1, Bdkrb2, Bdnf, Bdp1, Bend3, Bend5, Bend6, Bex1, Bex2, Bex3, Bex4, Bex6, Bhlha15, Bhlha9, Bhlhe22, Bhlhe23, Bhlhe40, Bhlhe41, Bicra, Bicral, Bin1, Birc2, Birc3, Birc5, Birc7, Blm, Blnk, Bloc1s2, Bmal1, Bmal2, Bmi1, Bmp10, Bmp15, Bmp2, Bmp3, Bmp4, Bmp5, Bmp6, Bmp7, Bmpr1a, Bmpr1b, Bmpr2, Bmyc, Bnc1, Bnc2, Boll, Bpi, Bptf, Braf, Brat1, Brca1, Brca2, Brcc3, Brcc3dc, Brd1, Brd2, Brd3, Brd4, Brd7, Brd8, Brd9, Brdt, Brf1, Brf2, Brip1, Brms1, Brms1l, Brpf1, Brpf3, Brwd1, Brwd3, Bsg, Bst1, Bst2, Bsx, Btaf1, Btbd18, Btg2, Btg4, Btk, Btn1a1, Btn2a2, Btnl1, Btnl10, Btnl12, Btnl2, Btnl4, Btnl6, Btnl9, Btrc, Bud23, Bud31, Bzw1, Bzw2, C1d, C1qbp, C1qtnf1, C1qtnf2, C1qtnf3, C1qtnf4, C1qtnf9, C2cd3, C3, C3ar1, C4bp, C5ar1, C5ar2, C9orf72, Cab39, Cacng7, Cactin, Cacul1, Cacybp, Cadm1, Cadm4, Calcoco1, Calcr, Calhm6, Calr, Camk1, Camk1d, Camk2a, Camk2d, Camk4, Camkk2, Caml, Camp, Camta1, Camta2, Cand1, Capn2, Capn3, Caprin1, Caprin2, Card10, Card11, Card14, Card9, Carf, Carhsp1, Carlr, Carm1, Carmil2, Carmn, Cartpt, Casc3, Cask, Casp1, Casp3, Casp4, Casp8, Casp8ap2, Casr, Cass4, Cast, Casz1, Cat, Cav1, Cav2, Cav3, Cavin2, Cavin3, Cavin4, Cbfa2t2, Cbfa2t3, Cbfb, Cblb, Cblc, Cbx1, Cbx2, Cbx3, Cbx4, Cbx5, Cbx6, Cbx7, Cbx8, Cby1, Cc2d1a, Cc2d1b, Ccar1, Ccar2, Ccbe1, Ccdc117, Ccdc22, Ccdc3, Ccdc62, Ccdc85b, Ccdc88a, Ccdc88b, Cck, Ccl1, Ccl19, Ccl19-ps1, Ccl19-ps3, Ccl19-ps4, Ccl19-ps5, Ccl19-ps6, Ccl2, Ccl20, Ccl21a, Ccl3, Ccl4, Ccl5, Ccm2l, Ccn1, Ccn2, Ccn3, Ccn4, Ccna2, Ccnb1, Ccnc, Ccnd1, Ccnd2, Ccnd3, Ccne1, Ccnh, Ccnk, Ccnl1, Ccnl2, Ccnq, Ccnt1, Ccnt2, Ccny, Ccnyl1, Ccpg1, Ccr1, Ccr1l1, Ccr2, Ccr5, Ccr7, Cct2, Cct3, Cct4, Cct5, Cct6a, Cct7, Cct8, Cd109, Cd14, Cd160, Cd1d1, Cd1d2, Cd2, Cd200, Cd200r1, Cd209b, Cd209d, Cd22, Cd226, Cd244a, Cd24a, Cd27, Cd274, Cd276, Cd28, Cd2ap, Cd300a, Cd300c2, Cd300ld, Cd300ld3, Cd34, Cd36, Cd37, Cd38, Cd3e, Cd4, Cd40, Cd40lg, Cd44, Cd46, Cd47, Cd55, Cd55b, Cd59a, Cd6, Cd74, Cd80, Cd81, Cd83, Cd84, Cd86, Cd96, Cdc14a, Cdc14b, Cdc20, Cdc20b, Cdc25b, Cdc37, Cdc42, Cdc5l, Cdc5lrt1, Cdc5lrt10, Cdc5lrt4, Cdc5lrt5, Cdc5lrt6, Cdc5lrt7, Cdc5lrt8, Cdc5lrt9, Cdc7, Cdc73, Cdca7, Cdca7l, Cdh1, Cdh13, Cdh3, Cdh5, Cdk1, Cdk11b, Cdk12, Cdk13, Cdk2, Cdk20, Cdk2ap1, Cdk2ap1rt, Cdk3, Cdk4, Cdk5, Cdk5r1, Cdk5r2, Cdk5rap1, Cdk5rap2, Cdk5rap3, Cdk6, Cdk7, Cdk8, Cdk9, Cdkn1a, Cdkn1b, Cdkn1c, Cdkn2a, Cdkn2b, Cdkn2c, Cdkn2d, Cdkn3, Cdon, Cdt1, Cdx1, Cdx2, Cdx4, Cdyl, Ceacam1, Ceacam20, Cebpa, Cebpb, Cebpd, Cebpe, Cebpg, Cebpz, Cela1, Celf1, Celf2, Celf3, Celf4, Celf5, Celf6, Celrr, Celsr2, Celsr3, Cemip, Cenatac, Cenpe, Cenpf, Cenpk, Cenpv, Cep128, Cep290, Cep295, Cep43, Cep63, Cep78, Cep85, Cer1, Ces1d, Ces1g, Cfl1, Cflar, Cgas, Cggbp1, Chac1, Chaer1, Chaserr, Chchd2, Chchd2-ps, Chd3, Chd4, Chd5, Chd6, Chd7, Chd8, Chek1, Chek2, Chfr, Chga, Chi3l1, Chia1, Chid1, Chil3, Chil4, Chil5, Chil6, Chmp1a, Chmp5, Chmp6, Chordc1, Chp1, Chp2, Chrac1, Chrm5, Chrna3, Chrna7, Chtf18, Chtf8, Chuk, Churc1, Ciao1, Ciao3, Ciart, Cib1, Cic, Cidea, Ciita, Cilp, Cipc, Cir1, Cirbp, Cited1, Cited2, Cited4, Ciz1, Ckap2, Ckap5, Cks1b, Cks2, Clcf1, Cldn13, Cldn19, Cldn3, Cldn4, Cldn5, Clec12a, Clec16a, Clec2i, Clec3b, Clec4a2, Clec4a3, Clec4a4, Clec4e, Clec4n, Clec5a, Clec7a, Clec9a, Clip3, Clk1, Clk2, Clk3, Clk4, Cln3, Cln6, Clnk, Clns1a, Clock, Clp1, Clspn, Cltc, Clu, Cmklr1, Cmtm2a, Cnbp, Cndp1, Cnksr3, Cnn2, Cnot1, Cnot10, Cnot11, Cnot2, Cnot3, Cnot6, Cnot6l, Cnot7, Cnot8, Cnot9, Cnpy2, Cntf, Cntn1, Cntn2, Coa3, Col1a1, Col2a1, Commd1, Commd6, Commd7, Comp, Cop1, Cops2, Cops5, Cops8, Cops9, Coq7, Coro1c, Cpap, Cpb2, Cpeb1, Cpeb2, Cpeb3, Cpeb4, Cphx1, Cpne1, Cpped1, Cptp, Crb2, Creb1, Creb3, Creb3l1, Creb3l2, Creb3l3, Creb3l4, Creb5, Crebbp, Crebl2, Crebrf, Crebzf, Creg1, Crem, Crh, Crhr2, Crip1, Cripto, Crkl, Crlf1, Crlf2, Crlf3, Crnde, Crnn, Crp, Crtam, Crtap, Crtc1, Crtc2, Crtc3, Crx, Crxos, Cry1, Cry2, Cryaa, Cryab, Cryba1, Crym, Csdc2, Csde1, Csf1, Csf1r, Csf2, Csf3, Csk, Csnk1a1, Csnk1d, Csnk1e, Csnk2a1, Csnk2a2, Csnk2b, Cspg4, Csrnp1, Csrnp2, Csrnp3, Csrp3, Cst3, Cst7, Csta1, Csta2, Csta3, Cstb, Cstdc3, Cstdc4, Cstdc5, Cstdc6, Ctbp1, Ctbp2, Ctc1, Ctcf, Ctcfl, Ctdnep1, Ctdp1, Ctdsp1, Ctdsp2, Ctdspl, Ctdspl2, Ctf1, Cth, Ctif, Ctla2a, Ctnnb1, Ctnnbip1, Ctnnd1, Ctr9, Ctsa, Ctsc, Ctsh, Ctsz, Cuedc2, Cul3, Cul4a, Cul4b, Cux1, Cux2, Cwh43, Cx3cl1, Cx3cr1, Cxcl17, Cxcl5, Cxcr3, Cxcr4, Cxxc1, Cxxc5, Cyba, Cybb, Cyfip1, Cyfip2, Cyld, Cyp1a2, Cyp1b1, Cyp26b1, Cyp2j6, Cyp3a13, Cyp3a41a, Cyp51, Cyren, Cyrib, Cys1, Cytl1, D1Pas1, Dab1, Dab2, Dab2ip, Dach1, Dach2, Dact1, Dand5, Dap, Dapk1, Dapk3, Dapl1, Daxx, Dazap1, Dazl, Dbf4, Dbi, Dbndd2, Dbp, Dbx1, Dbx2, Dcaf1, Dcaf13, Dcaf6, Dcn, Dcp1a, Dcp1b, Dcp2, Dcps, Dcun1d1, Dcun1d2, Dcun1d3, Dcun1d4, Dcun1d5, Dda1, Ddb1, Ddit3, Ddn, Ddr2, Ddrgk1, Ddx1, Ddx11, Ddx17, Ddx20, Ddx21, Ddx25, Ddx39b, Ddx3x, Ddx3y, Ddx4, Ddx41, Ddx49, Ddx5, Ddx54, Ddx56, Ddx6, Deaf1, Dedd, Defb25, Dek, Dennd1b, Depdc1a, Deptor, Derl1, Desi1, Det1, Dffa, Dffb, Dgat2, Dgcr8, Dgkq, Dhh, Dhrs7b, Dhx29, Dhx33, Dhx34, Dhx36, Dhx58, Dhx9, Dicer1, Dido1, Dimt1, Dip2a, Dip2b, Dis3, Dis3l, Dis3l2, Disc1, Dkc1, Dkk1, Dkk3, Dlg1, Dlgap1, Dlk1, Dll1, Dll4, Dlx1, Dlx2, Dlx3, Dlx4, Dlx5, Dlx6, Dlx6os1, Dmap1, Dmbx1, Dmd, Dmrt1, Dmrt1i, Dmrt2, Dmrt3, Dmrta1, Dmrta2, Dmrtb1, Dmrtc2, Dmtf1, Dmtf1l, Dmtn, Dna2, Dnaaf4, Dnaja1, Dnaja3, Dnaja4, Dnajb1, Dnajb2, Dnajb4, Dnajb5, Dnajb6, Dnajb9, Dnajc1, Dnajc10, Dnajc17, Dnajc2, Dnajc3, Dnd1, Dnm1l, Dnmt1, Dnmt3a, Dnmt3b, Dnmt3l, Dock7, Dok7, Dot1l, Dpf1, Dpf2, Dpf3, Dppa2, Dppa3, Dppa5a, Dppa5b, Dpy30, Dr1, Drap1, Drd1, Drd2, Drd3, Drd4, Drgx, Drosha, Dscc1, Dtl, Dtnbp1, Dtx3l, Dubr, Dus3l, Dusp1, Dusp10, Dusp12, Dusp13a, Dusp13b, Dusp14, Dusp15, Dusp18, Dusp19, Dusp2, Dusp21, Dusp22, Dusp23, Dusp26, Dusp28, Dusp29, Dusp3, Dusp4, Dusp5, Dusp6, Dusp7, Dusp8, Duxbl1, Duxf3, Duxf4, Dvl1, Dvl2, Dvl3, Dxo, Dynap, Dynapl1, Dynll1, Dyrk1a, Dyrk1b, Dyrk2, Dysf, E130311K13Rik, E230001N04Rik, E2f1, E2f2, E2f3, E2f4, E2f5, E2f6, E2f7, E2f8, E330034G19Rik, E4f1, Eaf1, Eaf2, Eapp, Ebf1, Ebf2, Ebf3, Ebf4, Ecd, Ece1, Ecm1, Ecscr, Ecsit, Ect2, Eda, Edar, Edc3, Edc4, Edf1, Edn1, Edn3, Ednra, Ednrb, Edrf1, Eed, Eef1d, Eef2, Eef2k, Eefsec, Efcab7, Efemp1, Efna1, Efna3, Efna5, Egf, Egfr, Egln1, Egln2, Egr1, Egr2, Egr3, Egr4, Ehd4, Ehf, Ehmt1, Ehmt2, Eid1, Eid2, Eid2b, Eif1, Eif2a, Eif2ak1, Eif2ak2, Eif2ak3, Eif2ak4, Eif2b5, Eif2s1, Eif3b, Eif3d, Eif3e, Eif3h, Eif3k, Eif4a1, Eif4a3, Eif4a3l1, Eif4a3l2, Eif4e, Eif4e2, Eif4e3, Eif4ebp1, Eif4ebp2, Eif4ebp3, Eif4enif1, Eif4g1, Eif4g2, Eif4g3, Eif5, Eif5a, Eif5a2, Eif5b, Eif6, Elane, Elavl1, Elavl4, Eldr, Elf1, Elf2, Elf3, Elf4, Elf5, Elk1, Elk3, Elk4, Ell, Ell2, Ell3, Eloa, Elob, Eloc, Elp3, Elp4, Emilin1, Emp2, Emsy, Emx1, Emx2, En1, En2, Enc1, Endog, Endou, Eng, Eno1, Eno1b, Enpp1, Enpp2, Enpp7, Eny2, Eomes, Ep300, Ep400, Epas1, Epb41l4b, Epb41l5, Epc1, Epc2, Epcam, Epha1, Epha2, Epha4, Epha5, Epha7, Ephb2, Ephx2, Epm2a, Epm2aip1, Epo, Epop, Eppin, Eprs1, Eps15, Epx, Erbb2, Erbb3, Erbb4, Erbin, Erc1, Ercc1, Ercc2, Ercc4, Ercc6, Ercc8, Ereg, Erf, Erfl, Erg, Eri1, Ermap, Ern1, Ern2, Erp29, Errfi1, Esco1, Esco2, Esr1, Esr2, Esrp1, Esrp2, Esrra, Esrrb, Esrrg, Esx1, Etaa1, Etf1, Ets1, Ets2, Etv1, Etv2, Etv3, Etv3l, Etv4, Etv5, Etv6, Evpl, Evx1, Evx2, Ewsr1, Exd1, Exosc10, Exosc2, Exosc3, Exosc4, Exosc5, Exosc6, Exosc7, Exosc8, Exosc9, Extl3, Eya1, Eya2, Eya3, Eya4, Ezh1, Ezh2, Ezhip, Ezr, F11r, F12, F2, F2r, F2rl1, F3, F8a, Fabp4, Fadd, Faf1, Fam107a, Fam161a, Fam168a, Fam170a, Fam20a, Fam220a, Fam47c, Fam47e, Fam50a, Fam76b, Fam83d, Fam98a, Fam98b, Fanca, Fancb, Fancd2, Fanci, Fancm, Fank1, Fas, Fasl, Fastk, Fastkd1, Fastkd2, Fastkd3, Fastkd5, Faxdc2, Fbh1, Fbln1, Fbln5, Fbn1, Fbp1, Fbxl19, Fbxl20, Fbxl5, Fbxo11, Fbxo2, Fbxo22, Fbxo24, Fbxo33, Fbxo4, Fbxo43, Fbxo5, Fbxo7, Fbxw11, Fbxw7, Fbxw8, Fcer1a, Fcer1g, Fcgr1, Fcgr2b, Fcgr3, Fcna, Fcnb, Fcor, Fech, Fem1a, Fer, Ferd3l, Fermt1, Fetub, Fev, Fezf1, Fezf2, Ffar1, Ffar2, Ffar3, Ffar4, Fgd2, Fgd4, Fgf1, Fgf10, Fgf15, Fgf18, Fgf2, Fgf23, Fgf4, Fgf5, Fgf7, Fgf8, Fgf9, Fgfr1, Fgfr2, Fgfr3, Fgfr4, Fgr, Fh1, Fhit, Fhl2, Fhl5, Fhod1, Figla, Fignl1, Fip1l1, Firrm, Fiz1, Fkbp10, Fkbp11, Fkbp14, Fkbp1a, Fkbp1b, Fkbp2, Fkbp3, Fkbp4, Fkbp5, Fkbp6, Fkbp7, Fkbp8, Fkbp9, Fktn, Flcn, Fli1, Flna, Flot1, Flot2, Flt1, Flt3, Flt3l, Flt4, Flywch1, Fmn2, Fmr1, Fn1, Fndc1, Fnip1, Fnip2, Fnta, Focad, Fos, Fosb, Fosl1, Fosl2, Foxa1, Foxa2, Foxa3, Foxb1, Foxb2, Foxc1, Foxc2, Foxd1, Foxd2, Foxd3, Foxd4, Foxe1, Foxe3, Foxf1, Foxf2, Foxg1, Foxh1, Foxi1, Foxi2, Foxi3, Foxj1, Foxj2, Foxj3, Foxk1, Foxk2, Foxl1, Foxl2, Foxl3, Foxm1, Foxn1, Foxn2, Foxn3, Foxn4, Foxo1, Foxo3, Foxo4, Foxo6, Foxp1, Foxp2, Foxp3, Foxp4, Foxq1, Foxr1, Foxr2, Foxs1, Frk, Frmd8, Fry, Fscb, Fshb, Fshr, Fst, Fstl3, Fto, Ftx, Fubp1, Fubp3, Furin, Fus, Fut8, Fuz, Fxr1, Fxr2, Fxyd1, Fyn, Fzd1, Fzd2, Fzd4, Fzd5, Fzd6, Fzd7, Fzd8, Fzr1, G3bp1, G6pc1, G6pd2, G6pdx, Gab1, Gabarap, Gabarapl2, Gabpa, Gabpb1, Gabpb2, Gadd45a, Gadd45b, Gadd45g, Gal, Galr1, Galr2, Galr3, Gapdh, Gapdh-ps15, Gapdhrt, Gapdhrt2, Garem1, Garin5a, Gas1, Gas5, Gas6, Gata1, Gata2, Gata3, Gata4, Gata5, Gata6, Gatad1, Gatad2a, Gatad2b, Gba1, Gbp4, Gbp5, Gbp7, Gbx1, Gbx2, Gcg, Gcgr, Gch1, Gck, Gclc, Gcm1, Gcm2, Gcn1, Gcnt2, Gdf2, Gdf6, Gdf7, Gdnf, Gemin5, Gfap, Gfer, Gfi1, Gfi1b, Gfpt1, Gfra1, Gfra2, Gga1, Gga3, Ggnbp2, Ghrh, Ghrhr, Ghrl, Ghsr, Gigyf2, Gimap3, Gimap5, Gipc1, Git1, Gja1, Gja8, Gjc2, Glg1, Gli1, Gli2, Gli3, Glis1, Glis2, Glis3, Glmn, Glmp, Glo1, Glp1r, Glrp1, Glyr1, Gm10033, Gm12258, Gm14295, Gm14322, Gm14325, Gm14391, Gm14399, Gm14401, Gm14403, Gm14412, Gm14418, Gm14434, Gm14443, Gm14444, Gm15446, Gm17067, Gm17655, Gm19965, Gm20737, Gm20738, Gm20747, Gm20773, Gm20795, Gm20806, Gm20807, Gm20808, Gm20812, Gm20815, Gm20816, Gm20818, Gm20821, Gm20822, Gm20825, Gm20826, Gm20830, Gm20834, Gm20852, Gm20854, Gm20865, Gm20873, Gm20914, Gm20917, Gm20918, Gm21118, Gm21292, Gm21310, Gm21394, Gm21719, Gm21778, Gm21812, Gm21854, Gm2381, Gm28171, Gm32687, Gm35315, Gm3604, Gm38999, Gm4275, Gm45871, Gm4767, Gm4924, Gm5141, Gm6871, Gm7072, Gm7324, Gmcl1, Gmeb1, Gmeb2, Gmnc, Gmnn, Gna12, Gnaq, Gnas, Gnasas1, Gnb3, Gnl3, Gnl3l, Gnrh1, Golga2, Gon4l, Gpam, Gpat2, Gpatch3, Gpbp1, Gpbp1l1, Gpc3, Gpd1l, Gper1, Gpi1, Gpld1, Gpnmb, Gpr174, Gpr18, Gpr39, Gprc5a, Gprc5b, Gps2, Gpsm3, Gpx1, Grb10, Grb7, Grem1, Grhl1, Grhl2, Grhl3, Gria1, Gria2, Gria3, Grin1, Grin2a, Grin2c, Grk2, Grk3, Grm5, Grn, Grp, Grsf1, Gsap, Gsc, Gsc2, Gsdma3, Gsdmd, Gsk3a, Gsk3b, Gskip, Gsn, Gspt1, Gspt2, Gstp-ps, Gstp1, Gstp2, Gstp3, Gsx1, Gsx2, Gtdc1, Gtf2a1, Gtf2a2, Gtf2f1, Gtf2f2, Gtf2h1, Gtf2h2, Gtf2h3, Gtf2i, Gtf2ird1, Gtpbp1, Gtpbp2, Gtpbp4, Gtsf1, Guf1, Gzf1, Gzma, Gzmb, Gzmc, Gzmn, H19, H1f0, H1f1, H1f10, H1f2, H1f3, H1f4, H1f5, H1f6, H1f8, H1f9, H2-M3, H2-Q9, H2-T23, H2ab1, H2ab2, H2ab3, H2ac1, H2ac10, H2ac11, H2ac12, H2ac13, H2ac15, H2ac19, H2ac20, H2ac21, H2ac22, H2ac23, H2ac24, H2ac25, H2ac4, H2ac6, H2ac7, H2ac8, H2aj, H2al1b, H2al1e, H2al1f, H2al1j, H2al1k, H2al1m, H2al1n, H2al1o, H2al2a, H2al2b, H2al3, H2ap, H2ax, H2az1, H2az2, H3c14, H3f3a, H3f3b, H60a, Habp4, Halr1, Hamp, Hamp2, Hand1, Hand2, Hand2os1, Hap1, Has2, Has3, Hat1, Havcr2, Hax1, Hba-x, Hbb-b1, Hbb-bh1, Hbb-y, Hbegf, Hbp1, Hbs1l, Hc, Hcfc1, Hcfc2, Hck, Hcls1, Hcrt, Hdac1, Hdac10, Hdac11, Hdac2, Hdac3, Hdac4, Hdac5, Hdac6, Hdac7, Hdac8, Hdac9, Hdgf, Hdgfl2, Hdx, Heatr1, Heg1, Helb, Hells, Helq, Helt, Helz, Helz2, Henmt1, Herpud1, Hes1, Hes2, Hes3, Hes5, Hes6, Hes7, Hesx1, Hexb, Hexim1, Hexim2, Hey1, Hey2, Heyl, Hfe, Hgf, Hgs, Hhatl, Hhex, Hic1, Hic2, Hif1a, Hif1an, Hif3a, Higd1a, Hilpda, Hinfp, Hint1, Hint2, Hipk1, Hipk2, Hipk3, Hira, Hivep1, Hivep2, Hivep3, Hjv, Hk1, Hlf, Hltf, Hlx, Hm629797, Hmbox1, Hmces, Hmg20a, Hmg20b, Hmga1, Hmga1b, Hmga2, Hmgb1, Hmgb2, Hmgb4, Hmgcr, Hmgn1, Hmgn2, Hmgn3, Hmgn5, Hmox1, Hmx1, Hmx2, Hmx3, Hnf1a, Hnf1b, Hnf4a, Hnf4g, Hnrnpa0, Hnrnpa1, Hnrnpa2b1, Hnrnpab, Hnrnpc, Hnrnpd, Hnrnpdl, Hnrnpf, Hnrnph1, Hnrnph2, Hnrnph3, Hnrnpk, Hnrnpl, Hnrnpll, Hnrnpr, Hnrnpu, Homer2, Homer3, Homez, Hopx, Hotair, Hoxa1, Hoxa10, Hoxa11, Hoxa11os, Hoxa13, Hoxa2, Hoxa3, Hoxa4, Hoxa5, Hoxa6, Hoxa7, Hoxa9, Hoxb1, Hoxb13, Hoxb2, Hoxb3, Hoxb4, Hoxb5, Hoxb6, Hoxb7, Hoxb8, Hoxb9, Hoxc10, Hoxc11, Hoxc12, Hoxc13, Hoxc4, Hoxc5, Hoxc6, Hoxc8, Hoxc9, Hoxd1, Hoxd10, Hoxd11, Hoxd12, Hoxd13, Hoxd3, Hoxd4, Hoxd8, Hoxd9, Hp1bp3, Hpn, Hpse, Hpx, Hr, Hras, Hrc, Hrg, Hsbp1, Hsbp1l1, Hsf1, Hsf2, Hsf3, Hsf4, Hsf5, Hsp90aa1, Hsp90ab1, Hspa1a, Hspa1b, Hspa2, Hspa4, Hspa5, Hspa8, Hspb1, Hspbp1, Hspd1, Hspg2, Hsph1, Htatip2, Htr2a, Htr2b, Htt, Hus1, Huwe1, Hyal2, Hymai, Iapp, Ibtk, Icam1, Ice1, Ice2, Icosl, Id1, Id2, Id3, Id4, Ide, Ido1, Ier2, Ier3, Ier5, Ifi203, Ifi203-ps, Ifi204, Ifi206, Ifi207, Ifi208, Ifi209, Ifi213, Ifi214, Ifi27, Ifih1, Ifna, Ifnar1, Ifnar2, Ifnb1, Ifng, Ifngr1, Ifnk, Ifrd1, Ifrd2, Ift172, Ift52, Ift74, Ift88, Igbp1, Igf1, Igf1r, Igf2, Igf2bp1, Igf2bp2, Igf2bp3, Igfbp3, Igfbp5, Igh-7, Ighd, Ighg2a, Ighm, Ighmbp2, Igsf1, Igtp, Ihh, Ikbkb, Ikbke, Ikbkg, Ikzf1, Ikzf2, Ikzf3, Ikzf4, Ikzf5, Il10, Il11, Il12a, Il12b, Il12rb1, Il12rb2, Il13, Il13ra1, Il13ra2, Il15, Il16, Il17a, Il17b, Il17c, Il17d, Il17f, Il17ra, Il17rb, Il17rc, Il18, Il18r1, Il18rap, Il1a, Il1b, Il1r1, Il1r2, Il1rap, Il1rl1, Il1rl2, Il2, Il20rb, Il21, Il22, Il22ra2, Il23a, Il23r, Il24, Il25, Il27, Il27ra, Il2rg, Il3, Il31ra, Il33, Il34, Il36a, Il36b, Il36g, Il36rn, Il4, Il4i1, Il4i1b, Il4ra, Il5, Il5ra, Il6, Il6ra, Il6st, Il7, Il7r, Il9, Il9r, Ildr1, Ildr2, Ilf2, Ilf3, Ilk, Ilkap, Ilrun, Impact, Inava, Inca1, Ing1, Ing2, Ing3, Ing4, Ing5, Inhba, Inhbb, Ino80, Ino80b, Ino80c, Ino80d, Ino80e, Inpp5b, Inpp5d, Inpp5e, Inpp5f, Inpp5j, Inpp5k, Inppl1, Ins1, Ins2, Insm1, Insm2, Insr, Ip6k2, Ippk, Iqce, Iqgap1, Iqgap3, Irak1, Irak2, Irak3, Ireb2, Irf1, Irf2, Irf2bp1, Irf2bp2, Irf2bpl, Irf3, Irf4, Irf5, Irf6, Irf7, Irf8, Irf9, Irgm1, Irgm2, Irs1, Irs2, Irx1, Irx2, Irx3, Irx4, Irx5, Irx6, Isg15, Isl1, Isl2, Israa, Ist1, Isx, Itch, Itga2, Itga3, Itga5, Itga6, Itga8, Itgav, Itgax, Itgb1, Itgb1bp1, Itgb2, Itgb2l, Itgb3, Itgb3bp, Itgb8, Itk, Itln1, Itlnb, Itm2a, Itm2b, Itm2c, Itpkb, Ivl, Ivns1abp, Iws1, Jade1, Jade2, Jade3, Jag1, Jak2, Jak3, Jarid2, Jazf1, Jdp2, Jmjd1c, Jmjd4, Jmjd6, Jmy, Jph2, Jph4, Jpx, Jtb, Jun, Junb, Jund, Jup, Kank2, Kansl1, Kansl2, Kansl3, Kantr, Kars1, Kat14, Kat2a, Kat2b, Kat5, Kat6a, Kat6b, Kat7, Kat8, Kbtbd8, Kcne2, Kcnh2, Kcnip3, Kcnk2, Kcnn4, Kcnq1ot1, Kctd1, Kctd13, Kctd15, Kdm1a, Kdm1b, Kdm2a, Kdm2b, Kdm3a, Kdm3b, Kdm4a, Kdm4b, Kdm4c, Kdm4d, Kdm5a, Kdm5b, Kdm5c, Kdm5d, Kdm6a, Kdm6b, Kdm7a, Kdm8, Kdr, Keap1, Khdc3, Khdrbs1, Khdrbs2, Khdrbs3, Khk, Khsrp, Kif14, Kif16b, Kif1b, Kirrel1, Kirrel2, Kit, Kitl, Klf1, Klf10, Klf11, Klf12, Klf13, Klf14, Klf15, Klf16, Klf17, Klf2, Klf3, Klf4, Klf5, Klf6, Klf7, Klf8, Klf9, Klhl15, Klhl22, Klhl25, Klhl31, Klhl40, Klk5, Klk7, Klre1, Klrh1, Klrk1, Kmt2a, Kmt2b, Kmt2c, Kmt2d, Kmt2e, Kmt5a, Kmt5b, Kmt5c, Kndc1, Kng1, Kng2, Kpna2, Kpna2rt, Kpna6, Kpna7, Kras, Krt13, Krt17, Ksr1, L1cam, L3mbtl1, L3mbtl2, L3mbtl3, L3mbtl4, Lacc1, Lag3, Lamp3, Lamtor1, Lamtor5, Lancl2, Laptm4b, Laptm5, Larp1, Larp4, Larp4b, Larp6, Larp7, Larp7-ps, Lats1, Lats2, Lbh, Lbp, Lbr, Lbx1, Lbx2, Lck, Lcn2, Lcor, Lcorl, Ldb1, Ldb2, Ldc1, Ldlr, Ldlrad3, Lef1, Lefty1, Leo1, Lep, Lepr, Lgals9, Lgmn, Lgr4, Lhx1, Lhx2, Lhx3, Lhx4, Lhx5, Lhx6, Lhx8, Lhx9, Lif, Lig3, Lilra5, Lilrb4a, Lilrb4b, Limch1, Limd1, Lime1, Limk1, Limk2, Lims1, Lin28a, Lin28b, Lin37, Lin52, Lin54, Lin9, Lipg, Litaf, Litafd, Lmcd1, Lmna, Lmnb1, Lmnb2, Lmntd2, Lmo1, Lmo2, Lmo3, Lmo4, Lmo7, Lmx1a, Lmx1b, Lncenc1, Lonp1, Lox, Loxl2, Loxl3, Lpar5, Lpcat1, Lpin1, Lpin2, Lpin3, Lpl, Lrif1, Lrig2, Lrp1, Lrp3, Lrp4, Lrp5, Lrp6, Lrp8, Lrpprc, Lrrc14, Lrrc19, Lrrc32, Lrrfip1, Lrrfip2, Lrrk1, Lrrk2, Lrrn3, Lrrtm3, Lsm1, Lsm14a, Lsm14b, Lsm2, Lsm4, Lsm5, Lsm6, Lsm7, Lta, Ltb, Ltf, Lum, Lurap1, Ly9, Ly96, Lyar, Lyl1, Lyn, Macc1, Macir, Macroh2a1, Macroh2a2, Mad2l1, Mad2l2, Mael, Maf, Maf1, Mafa, Mafb, Maff, Mafg, Mafk, Magea1, Magea10, Magea13, Magea14, Magea2, Magea3, Magea4, Magea5, Magea6, Magea8, Magea9, Mageb11, Mageb16, Mageb18, Mageb2, Mageb3, Mageb4, Mageb5, Mageb5b, Mageb6b1, Magec2, Maged1, Maged2, Magee1, Magee2, Mageh1, Magel2, Magi3, Magoh, Magohb, Mak, Malat1, Malsu1, Malt1, Maml1, Maml2, Maml3, Mamld1, Mamstr, Mannr, Map1a, Map2k1, Map2k2, Map2k3, Map2k4, Map2k5, Map2k6, Map2k7, Map3k1, Map3k10, Map3k11, Map3k12, Map3k13, Map3k20, Map3k4, Map3k5, Map3k7, Map4k2, Mapk1, Mapk10, Mapk11, Mapk13, Mapk14, Mapk15, Mapk3, Mapk7, Mapk8, Mapk8ip1, Mapk8ip3, Mapk9, Mapkap1, Mapkapk2, Mapkapk5, Mapkbp1, Mapre3, Mapt, Marchf2, Marchf7, Marchf8, Marf1, Mark1, Mars1, Mas1, Mast2, Mastl, Matr3, Mavs, Max, Maz, Mbd1, Mbd2, Mbd3, Mbd3l1, Mbd3l2, Mbip, Mbl2, Mbnl1, Mbnl2, Mbnl3, Mbp, Mbtd1, Mbtps2, Mc1r, Mc3r, Mcf2l, Mcidas, Mcoln2, Mcph1, Mcrs1, Mcts1, Mdfi, Mdfic, Mdfic2, Mdk, Mdm2, Mdm4, Meaf6, Mecom, Mecp2, Med1, Med10, Med11, Med12, Med12l, Med13, Med13l, Med14, Med15, Med16, Med17, Med18, Med19, Med20, Med21, Med22, Med23, Med24, Med25, Med26, Med27, Med28, Med29, Med30, Med31, Med4, Med6, Med7, Med8, Med9, Mef2a, Mef2b, Mef2c, Mef2d, Mefv, Meg3, Megf8, Meioc, Meiosin, Meis1, Meis2, Meis3, Meltf, Men1, Meox1, Meox2, Mepce, Mertk, Mesp1, Mesp2, Met, Mettl1, Mettl13, Mettl14, Mettl16, Mettl18, Mettl23, Mettl3, Mettl4, Mettl5, Mettl8, Mex3d, Mfn2, Mfsd8, Mga, Mgat3, Mgat4d, Mgmt, Mical1, Mical2, Mid2, Mideas, Mier1, Mier2, Mier3, Mif, Mif4gd, Minar1, Mir100, Mir101a, Mir101b, Mir103-1, Mir103-2, Mir107, Mir10a, Mir122, Mir124-2hg, Mir1247, Mir124a-1, Mir124a-1hg, Mir124a-2, Mir124a-3, Mir125a, Mir125b-1, Mir125b-2, Mir127, Mir129, Mir129-1, Mir129-2, Mir133a-1, Mir133a-1hg, Mir133a-2, Mir133b, Mir134, Mir135a-1, Mir135a-2, Mir136, Mir137, Mir139, Mir140, Mir143, Mir144, Mir146, Mir150, Mir153, Mir154, Mir155, Mir15a, Mir17, Mir18, Mir181b-1, Mir181b-2, Mir182, Mir183, Mir184, Mir186, Mir188, Mir196a-1, Mir196a-2, Mir196b, Mir1a-1, Mir1a-2, Mir1b, Mir200a, Mir200b, Mir203, Mir204, Mir205, Mir205hg, Mir208a, Mir208b, Mir20a, Mir214, Mir217, Mir218, Mir218-1, Mir218-2, Mir219a-1, Mir219a-2, Mir21a, Mir21b, Mir21c, Mir221, Mir223, Mir23a, Mir23b, Mir24-1, Mir24-2, Mir26a-1, Mir26a-2, Mir26b, Mir27a, Mir27b, Mir292, Mir293, Mir294, Mir295, Mir296, Mir29a, Mir29b-1, Mir29b-2, Mir29c, Mir301, Mir30a, Mir30b, Mir30c-1, Mir30c-2, Mir320, Mir324, Mir326, Mir33, Mir330, Mir338, Mir34a, Mir34b, Mir34c, Mir351, Mir370, Mir382, Mir3960, Mir411, Mir423, Mir448, Mir449a, Mir449b, Mir449c, Mir450b, Mir451a, Mir451b, Mir452, Mir466, Mir466d, Mir466e, Mir466l, Mir470, Mir489, Mir494, Mir495, Mir499, Mir504, Mir505, Mir511, Mir539, Mir541, Mir543, Mir668, Mir669a-1, Mir669a-2, Mir669a-3, Mir669a-4, Mir669a-5, Mir669a-6, Mir675, Mir696, Mir7-1, Mir7-2, Mir702, Mir7116, Mir744, Mir7578, Mir7b, Mir873a, Mir874, Mir875, Mir9-1, Mir9-2, Mir9-3, Mir92-1, Mir92-2, Mir96, Mir98, Mirlet7a-1, Mirlet7a-2, Mirlet7b, Mirlet7c-1, Mirlet7c-2, Mirlet7e, Mirlet7g, Mis18a, Mitf, Mixl1, Mkks, Mknk1, Mknk2, Mkrn2, Mkx, Mlf1, Mlf2, Mlh1, Mlip, Mllt1, Mllt10, Mllt11, Mllt3, Mllt6, Mlst8, Mlx, Mlxip, Mlxipl, Mmd, Mmd2, Mmp12, Mmp14, Mmp8, Mmp9, Mms19, Mn1, Mnat1, Mndal, Mnt, Mnx1, Mob1b, Mob2, Mog, Morc1, Morc2a, Morc2b, Morc3, Morf4l1, Morf4l2, Mospd1, Mov10, Mov10l1, Mphosph8, Mpl, Mprip, Mpv17, Mpv17l2, Mre11a, Mrgbp, Mrnip, Mrpl12, Mrpl13, Mrps27, Mrtfa, Mrtfb, Mrto4, Msantd1, Msc, Msgn1, Msh2, Msh3, Msh6, Msi1, Msi2, Msl1, Msl2, Msl3, Msn, Msr1, Mst1, Mst1r, Mstn, Msx1, Msx1os, Msx2, Msx3, Mt3, Mta1, Mta2, Mta3, Mtbp, Mtdh, Mterf1a, Mterf1b, Mterf2, Mterf3, Mterf4, Mtf1, Mtf2, Mtg1, Mtg2, Mtm1, Mtmr1, Mtmr2, Mtmr3, Mtmr4, Mtmr9, Mtnap1, Mtor, Mtpap, Mtpn, Mtres1, Mturn, Muc1, Muc16, Mul1, Mup1, Mup11, Mup2, Mup3, Mup4, Mup5, Musk, Mustn1, Mvk, Mvp, Mxd1, Mxd3, Mxd4, Mxi1, Myadm, Myb, Mybbp1a, Mybl1, Mybl2, Myc, Mycbp, Mycbp2, Mycl, Mycn, Mycs, Myd88, Mydgf, Myef2, Myf5, Myf6, Myh9, Mylip, Mylk2, Mynn, Myo1c, Myocd, Myod1, Myog, Myom1, Myoz1, Myoz2, Mypop, Myrf, Myrfl, Mysm1, Myt1, Myt1l, Mzb1, Mzf1, n-TUtca2, N4bp1, N4bp2l2, N6amt1, Naa15, Nab1, Nab2, Nabp2, Nacc1, Nacc2, Naf1, Naip5, Nampt, Nanog, Nanos1, Nanos2, Nanos3, Nat10, Nat8, Nat8b-ps, Nat8f1, Nat8f7, Nav3, Nbas, Nbdy, Nbn, Ncam1, Ncbp1, Ncbp2, Ncbp3, Nck1, Nck2, Nckap1l, Ncl, Ncoa1, Ncoa2, Ncoa3, Ncoa6, Ncoa7, Ncor1, Ncor2, Ncstn, Ndfip1, Ndfip2, Ndn, Ndp, Ndrg2, Ndufa13, Ndufs4, Necab1, Necab2, Necab3, Nedd4, Nedd4l, Nedd8, Nedd9, Nek10, Nek2, Nek3, Nek4, Nek7, Nelfa, Nelfb, Nelfcd, Nelfe, Nell1, Neo1, Nepn, Neurl1a, Neurod1, Neurod2, Neurod4, Neurod6, Neurog1, Neurog2, Neurog3, Nf1, Nf2, Nfam1, Nfat5, Nfatc1, Nfatc2, Nfatc2ip, Nfatc3, Nfatc4, Nfe2, Nfe2l1, Nfe2l2, Nfe2l3, Nfia, Nfib, Nfic, Nfil3, Nfilz, Nfix, Nfkb1, Nfkb2, Nfkbia, Nfkbid, Nfkbie, Nfkbil1, Nfkbiz, Nfrkb, Nfx1, Nfxl1, Nfya, Nfyb, Nfyc, Ngdn, Ngf, Ngfr, Ngrn, Nherf1, Nhlh1, Nhlh2, Nhlrc1, Niban1, Niban2, Nicol1, Nif3l1, Nipbl, Nkap, Nkapl, Nkd1, Nkd2, Nkrf, Nktr, Nkx1-1, Nkx1-2, Nkx2-1, Nkx2-2, Nkx2-2os, Nkx2-3, Nkx2-4, Nkx2-5, Nkx2-6, Nkx2-9, Nkx3-1, Nkx3-2, Nkx6-1, Nkx6-2, Nkx6-3, Nlk, Nlrc3, Nlrc4, Nlrc5, Nlrp10, Nlrp12, Nlrp1a, Nlrp1b, Nlrp3, Nlrp5, Nlrp6, Nlrp9b, Nlrx1, Nmb, Nmbr, Nmd3, Nme1, Nme2, Nmi, Nmnat1, Nmnat2, Nnmt, Nnt, Nobox, Noc2l, Noct, Nod1, Nod2, Nodal, Nog, Nol11, Nol3, Nolc1, Nono, Nop53, Nos1, Nos2, Nos3, Nostrin, Notch1, Notch2, Notch3, Notch4, Noto, Nova1, Nova2, Nox1, Nox4, Npas1, Npas2, Npas3, Npas4, Npat, Nploc4, Npm1, Npm2, Npnt, Nppa, Nppc, Nptn, Nqo1, Nr0b1, Nr0b2, Nr1d1, Nr1d2, Nr1h2, Nr1h3, Nr1h4, Nr1h5, Nr1i2, Nr1i3, Nr2c1, Nr2c2, Nr2e1, Nr2e3, Nr2f1, Nr2f2, Nr2f6, Nr3c1, Nr3c2, Nr4a1, Nr4a2, Nr4a3, Nr5a1, Nr5a2, Nr6a1, Nrarp, Nras, Nrbf2, Nrdc, Nrde2, Nrf1, Nrg1, Nrip1, Nrip2, Nrl, Nron, Nrp1, Nrxn1, Nscme3l, Nsd1, Nsd2, Nsd3, Nsf, Nsg1, Nsmce3, Nsrp1, Nsun2, Nsun3, Nsun4, Nsun5, Ntf3, Ntn3, Ntrk1, Ntrk2, Ntrk3, Nts, Ntsr1, Nub1, Nucks1, Nudt12, Nudt15, Nudt16, Nudt16l1, Nudt16l2, Nudt21, Nufip1, Nuggc, Nup155, Nup62, Nup85, Nup98, Nupr1, Nupr2, Nutf2, Nutf2-ps1, Nvl, Nwd1, Nxn, Oas1a, Oas1b, Oas1c, Oas1d, Oas1e, Oas1f, Oas1g, Oas1h, Oas2, Oas3, Oaz1, Oaz2, Oaz3, Obi1, Obox1, Obox2, Obox3, Obox4, Obox5, Obox6, Obox7, Obox8, Ocln, Odam, Odc1, Oga, Ogfod1, Ogg1, Ogt, Olfm1, Olig1, Olig2, Olig3, Olr1, Onecut1, Onecut2, Onecut3, Ooep, Oog1, Oog2, Oog3, Opa1, Ophn1, Oprd1, Optn, Orc3, Orc5, Ormdl1, Ormdl2, Ormdl3, Osbp, Osbpl7, Osm, Osr1, Osr2, Otp, Otub1, Otud4, Otud5, Otud6b, Otud7b, Otulin, Otx1, Otx2, Ovol1, Ovol2, Ovol3, Oxr1, P2rx2, P2rx7, P2ry1, P2ry2, P3h1, Pa2g4, Pabir1, Pabpc1, Pabpc1l, Pabpc2, Pabpc4, Pabpn1, Pabpn1l, Pacsin3, Padi2, Padi6, Paf1, Pagr1a, Paip1, Paip2, Paip2b, Pak1, Pak2, Pak3, Pam, Pan2, Pan3, Pantr1, Pantr2, Panx1, Panx2, Panx3, Paqr3, Paqr4, Pard3, Pard6a, Parg, Park7, Parl, Parn, Parp1, Parp10, Parp14, Parp16, Parp3, Parp9, Parpbp, Pasd1, Pask, Patl1, Patl2, Patz1, Pawr, Pax1, Pax2, Pax3, Pax4, Pax5, Pax6, Pax7, Pax8, Pax9, Paxbp1, Paxip1, Pbk, Pbrm1, Pbx1, Pbx2, Pbx3, Pbx4, Pbxip1, Pcbd1, Pcbd2, Pcbp1, Pcbp2, Pcbp3, Pcbp4, Pcgf1, Pcgf2, Pcgf3, Pcgf5, Pcgf6, Pcid2, Pcif1, Pck1, Pcna, Pcsk9, Pcx, Pdcd10, Pdcd1lg2, Pdcd4, Pdcd5, Pdcd5-ps, Pdcd6, Pdcd7, Pdcl3, Pde12, Pde2a, Pde3a, Pde4b, Pde4d, Pde5a, Pdgfa, Pdgfb, Pdgfc, Pdgfd, Pdgfra, Pdgfrb, Pdlim1, Pds5a, Pdx1, Pdxp, Pebp1, Pecam1, Pef1, Peg3, Peli1, Peli2, Peli3, Pelo, Pelp1, Pemt, Per1, Per2, Per3, Perm1, Perp, Pex14, Pf4, Pfdn1, Pfdn2, Pfdn4, Pfdn5, Pfdn6, Pfkm, Pfn1, Pfn2, Pgam5, Pgc, Pglyrp1, Pglyrp2, Pglyrp3, Pglyrp4, Pgr, Phactr1, Phax, Phb1, Phb2, Phc1, Phc2, Phc3, Phf1, Phf10, Phf12, Phf13, Phf14, Phf19, Phf2, Phf20, Phf20l1, Phf21a, Phf23, Phf3, Phf5a, Phf6, Phf8, Phgdh, Phip, Phka1, Phkb, Phkg1, Phkg2, Phlda2, Phlpp1, Phlpp2, Phox2a, Phox2b, Pias1, Pias2, Pias3, Pias4, Pibf1, Picalm, Pick1, Pid1, Pierce1, Pif1, Pih1d1, Pik3c3, Pik3ca, Pik3cb, Pik3cd, Pik3cg, Pik3r1, Pik3r2, Pik3r3, Pik3r5, Pik3r6, Pim1, Pim2, Pin1, Pin1rt1, Pin4, Pink1, Pinx1, Pip, Pip5kl1, Pirb, Pithd1, Pitx1, Pitx2, Pitx3, Piwil1, Piwil2, Piwil4, Pkd1, Pkd2, Pkhd1, Pkia, Pkib, Pkig, Pkm, Pkn1, Pknox1, Pknox2, Pkp1, Pkp3, Pla2g10, Pla2g3, Pla2g6, Pla2r1, Plaa, Plac8, Plag1, Plagl1, Plagl2, Plat, Platr25, Plau, Plaur, Plcb1, Plcg2, Pld1, Pld3, Pld4, Pld6, Plec, Plekhn1, Plgrkt, Plk1, Plk2, Plk3, Plp1, Plpp3, Plscr1, Plxnb2, Pm20d2, Pmf1, Pml, Pmp22, Pms2, Pnkp, Pnldc1, Pnp, Pnp2, Pnpt1, Pnrc1, Pnrc2, Pofut2, Pogk, Pogz, Pola1, Poldip3, Pole3, Polg2, Polq, Polr2a, Polr2g, Polr3a, Polr3b, Polr3c, Polr3d, Polr3f, Polr3g, Pomc, Pomt1, Pomt2, Popdc1, Postn, Pot1a, Pot1b, Potefam3a, Potefam3b, Pou1f1, Pou2af1, Pou2af2, Pou2af3, Pou2f1, Pou2f2, Pou2f3, Pou3f1, Pou3f2, Pou3f3, Pou3f4, Pou4f1, Pou4f2, Pou4f3, Pou5f1, Pou5f2, Pou6f1, Pou6f2, Ppara, Ppard, Pparg, Ppargc1a, Ppargc1b, Ppef1, Ppef2, Pphln1, Ppia, Ppib, Ppic, Ppid, Ppie, Ppif, Ppig, Ppih, Ppil1, Ppil3, Ppil4, Ppl, Ppm1a, Ppm1b, Ppm1d, Ppm1e, Ppm1f, Ppm1g, Ppm1h, Ppm1j, Ppm1k, Ppm1l, Ppm1m, Ppm1n, Ppp1ca, Ppp1cb, Ppp1cc, Ppp1r10, Ppp1r11, Ppp1r12a, Ppp1r13l, Ppp1r15a, Ppp1r15b, Ppp1r3a, Ppp1r3b, Ppp1r3c, Ppp1r3d, Ppp1r3e, Ppp1r3f, Ppp1r3g, Ppp1r9b, Ppp2ca, Ppp2cb, Ppp2r3a, Ppp2r3c, Ppp2r5b, Ppp2r5d, Ppp3ca, Ppp3cb, Ppp3cc, Ppp3r1, Ppp4c, Ppp4r2, Ppp4r3a, Ppp4r3b, Ppp4r3c1, Ppp4r3c2, Ppp5c, Ppp6c, Pprc1, Pptc7, Ppwd1, Pqbp1, Pramel1, Pramel7, Prdm1, Prdm10, Prdm11, Prdm12, Prdm13, Prdm14, Prdm15, Prdm16, Prdm2, Prdm4, Prdm5, Prdm6, Prdm8, Prdm9, Prdx2, Prdx3, Prdx5, Prdx6, Prdx6b, Preb, Prelid1, Prex1, Prex2, Prg2, Prg3, Prg4, Prickle1, Prkaa1, Prkaa2, Prkab1, Prkaca, Prkacb, Prkag1, Prkag2, Prkag3, Prkar1a, Prkca, Prkcb, Prkcd, Prkce, Prkcg, Prkch, Prkci, Prkcq, Prkcz, Prkd1, Prkd2, Prkdc, Prkg2, Prkn, Prkra, Prkrip1, Prl, Prl2c2, Prlr, Prmt1, Prmt2, Prmt3, Prmt5, Prmt6, Prmt7, Prmt8, Prmt9, Prnp, Prom2, Prop1, Prox1, Prox2, Prpf18, Prpf19, Prpf6, Prr16, Prr5, Prr5l, Prr7, Prrx1, Prrx2, Prss22, Prss37, Prx, Psen1, Psen2, Psenen, Psg18, Psg22, Psg23, Psip1, Psma3, Psma6, Psmb8, Psmc3ip, Psmc5, Psmc6, Psmd1, Psmd10, Psmd14, Psmd2, Psmd3, Psmd9, Psme1, Psme2, Psme3, Psme3ip1, Psmf1, Pspc1, Psrc1, Pstk, Ptafr, Ptbp1, Ptbp2, Ptbp3, Ptcd2, Ptcd3, Ptch1, Pten, Ptf1a, Ptger3, Ptger4, Ptges2, Ptges3, Ptgfr, Ptgis, Ptgs2, Ptgs2os, Ptgs2os2, Pth, Pthlh, Ptk2, Ptk2b, Ptk6, Ptma, Ptms, Ptov1, Ptp4a3, Ptpa, Ptpmt1, Ptpn1, Ptpn11, Ptpn13, Ptpn2, Ptpn22, Ptpn3, Ptpn5, Ptpn6, Ptprb, Ptprc, Ptprh, Ptprj, Ptprk, Ptprn, Ptpro, Ptprs, Ptprt, Ptprz1, Ptrh2, Pttg1ip, Ptx3, Puf60, Pum1, Pum2, Pum3, Pura, Purb, Purg, Pus1, Pus10, Pus7, Pwp1, Pwwp2a, Pwwp2b, Pxn, Pxylp1, Pycard, Pygo1, Pym1, Qars1, Qki, Qrich1, Qrich2, Rab1a, Rab1b, Rab23, Rab27a, Rab29, Rab2b, Rab3gap1, Rab3gap2, Rab7, Rab7b, Rabgef1, Rabl3, Rac1, Rack1, Rad17, Rad18, Rad21, Rad23a, Rad23b, Rad50, Rad51, Rad51ap1, Rad52, Rad54l2, Radx, Raet1b, Raf1, Rag1, Rag2, Rai1, Ralb, Ralbp1, Ralgapa1, Raly, Ramp1, Ramp2, Ramp3, Ranbp9, Rap1a, Rap2a, Rap2b, Rap2c, Rapgef2, Rapgef3, Rara, Rarb, Rarg, Rarres2, Rasa1, Rasal2, Rasd1, Rasd2, Rasgrp1, Rasip1, Rasl11a, Rassf1, Rassf2, Rassf5, Rax, Rb1, Rb1cc1, Rbak, Rbbp4, Rbbp5, Rbbp6, Rbbp7, Rbbp8, Rbbp9, Rbck1, Rbfox1, Rbfox2, Rbfox3, Rbl1, Rbl2, Rbm10, Rbm11, Rbm12, Rbm12b1, Rbm12b2, Rbm14, Rbm15, Rbm15b, Rbm20, Rbm22, Rbm24, Rbm25, Rbm3, Rbm31y, Rbm33, Rbm38, Rbm39, Rbm4, Rbm42, Rbm46, Rbm47, Rbm4b, Rbm5, Rbm7, Rbm8a, Rbm8a2, Rbms3, Rbmx, Rbmxl1, Rbmxl2, Rbmy, Rbmyf1, Rbmyf3, Rbmyf6, Rbmyf9, Rbp4, Rbpj, Rbpjl, Rbpms, Rbpms2, Rbx1, Rbx1-ps, Rc3h1, Rc3h2, Rcc1l, Rchy1, Rcn3, Rcor1, Rcor2, Rcor3, Rdx, Reck, Recql5, Reg1, Reg3b, Rel, Rela, Relb, Reln, Reno1, Repin1, Rere, Resf1, Rest, Ret, Rex2, Rfc1, Rfc2, Rfc3, Rfc4, Rfc5, Rfpl4, Rftn1, Rfx1, Rfx2, Rfx3, Rfx4, Rfx5, Rfx6, Rfx7, Rfx8, Rfxank, Rfxap, Rgcc, Rgma, Rgmb, Rgn, Rgp1, Rgs14, Rgs2, Rhbdd1, Rhbdd3, Rhbdf1, Rhbdf2, Rhebl1, Rhoa, Rhobtb3, Rhog, Rhoq, Rhox1, Rhox10, Rhox11, Rhox12, Rhox13, Rhox2a, Rhox2b, Rhox2c, Rhox2d, Rhox2f, Rhox2g, Rhox2h, Rhox3a, Rhox3c, Rhox3f, Rhox3g, Rhox3h, Rhox4a, Rhox4b, Rhox4c, Rhox4d, Rhox4e, Rhox4f, Rhox4g, Rhox5, Rhox6, Rhox7a, Rhox7b, Rhox8, Rhox9, Ric1, Rictor, Rida, Rif1, Rigi, Rilp, Rims1, Rims2, Ring1, Riok1, Riok2, Riok3, Riox1, Riox2, Ripk1, Ripk2, Ripk3, Ripk4, Ripply1, Ripply2, Ripply3, Rit2, Rlf, Rlim, Rmi2, Rmnd1, Rnaseh2b, Rnasel, Rnf10, Rnf111, Rnf125, Rnf126, Rnf128, Rnf135, Rnf139, Rnf14, Rnf141, Rnf168, Rnf169, Rnf180, Rnf185, Rnf187, Rnf19a, Rnf2, Rnf20, Rnf207, Rnf216, Rnf220, Rnf25, Rnf26, Rnf26rt, Rnf31, Rnf4, Rnf40, Rnf41, Rnf6, Rnf8, Rnft1, Rnft2, Rnps1, Ro60, Robo1, Rock1, Rock2, Rom1, Ropn1, Ropn1l, Ror1, Ror2, Rora, Rorb, Rorc, Ros1, Rpa2, Rpap2, Rpf2, Rpl10, Rpl10-ps3, Rpl11, Rpl13a, Rpl23, Rpl26, Rpl38, Rpl5, Rplp1, Rprd1b, Rps13, Rps14, Rps2, Rps23rg1, Rps26, Rps27l, Rps3, Rps4x, Rps6ka1, Rps6ka2, Rps6ka3, Rps6ka4, Rps6ka5, Rps6kb1, Rps6kb2, Rps7, Rps9, Rptor, Rpusd3, Rpusd4, Rreb1, Rrn3, Rrp1b, Rrp8, Rsad2, Rsf1, Rsl1, Rslcan18, Rspo1, Rtel1, Rtf1, Rtkn2, Rtn1, Rtn2, Rtn3, Rtn4, Rtraf, Rubcnl, Runx1, Runx1t1, Runx2, Runx3, Ruvbl1, Ruvbl2, Rwdd1, Rwdd3, Rxra, Rxrb, Rxrg, Rybp, Rybp-ps, S100a1, S100a10, S100a13, S100a9, S100b, S1pr1, S1pr2, S1pr3, Sae1, Safb, Safb2, Sall1, Sall2, Sall3, Sall4, Samd1, Samd11, Samd4, Samd4b, Samd7, Samd8, Samd9l, Samsn1, Sap130, Sap18, Sap18b, Sap25, Sap30, Sap30bp, Sap30l, Sarnp, Sars1, Sart3, Sash1, Sash3, Satb1, Satb2, Sav1, Sbno1, Sbno2, Scaf4, Scaf8, Scai, Scamp5, Scand1, Scgb1a1, Scimp, Scmh1, Scml2, Scml4, Sco1, Scrib, Scrt1, Scrt2, Scx, Sdcbp, Sdr16c5, Sec16b, Sec22b, Secisbp2, Selenok, Selenos, Sema4d, Sema7a, Senp1, Senp2, Senp3, Sepsecs, Septin4, Serbp1, Serp1, Serpina5, Serpinb10, Serpinb11, Serpinb12, Serpinb13, Serpinb1a, Serpinb1b, Serpinb1c, Serpinb2, Serpinb3a, Serpinb3b, Serpinb3c, Serpinb3d, Serpinb5, Serpinb6a, Serpinb6b, Serpinb6c, Serpinb6d, Serpinb6e, Serpinb7, Serpinb8, Serpinb9, Serpinb9b, Serpinb9c, Serpinb9d, Serpinb9e, Serpinb9f, Serpinb9g, Serpinb9h, Serpind1, Serpine1, Serpine2, Serpine3, Serpinf1, Serpinf2, Serping1, Serpinh1, Serpini1, Serpini2, Sertad1, Sertad2, Sertad3, Sesn2, Setbp1, Setd1a, Setd2, Setd3, Setd4, Setd5, Setd6, Setd7, Setdb1, Setdb2, Setmar, Setx, Sez6, Sez6l, Sez6l2, Sf1, Sf3b1, Sf3b3, Sf3b5, Sfmbt1, Sfmbt2, Sfn, Sfpq, Sfr1, Sfrp1, Sfrp2, Sfrp4, Sfrp5, Sfswap, Sftpd, Sgf29, Sgms1, Sgms1os1, Sgsm1, Sgsm3, Sgta, Sh2b1, Sh2d1b1, Sh2d1b2, Sh3bgrl, Sh3bp5, Sh3d19, Sh3gl2, Sh3pxd2b, Sh3rf1, Sh3rf2, Sh3rf3, Shb, Shc1, Shc4, Shfl, Shh, Shld1, Shld2, Shld3, Shmt1, Shmt2, Shox2, Siah2, Sigirr, Siglec1, Siglecg, Sik1, Sik2, Sim1, Sim2, Sin3a, Sin3b, Sinhcaf, Sirpa, Sirt1, Sirt2, Sirt3, Sirt4, Sirt6, Sirt7, Siva1, Six1, Six2, Six3, Six4, Six5, Six6, Skap1, Ski, Skic2, Skic3, Skic8, Skil, Skint1, Skint10, Skint11, Skint2, Skint3, Skint4, Skint5, Skint6, Skint7, Skint8, Skint9, Skor1, Skor2, Skp1, Skp2, Sla2, Slamf1, Slamf6, Slc11a1, Slc15a4, Slc1a1, Slc22a2, Slc24a3, Slc24a4, Slc25a37, Slc26a9, Slc2a10, Slc2a13, Slc30a9, Slc35a4, Slc35c2, Slc37a4, Slc38a2, Slc38a3, Slc39a5, Slc39a8, Slc40a1, Slc4a5, Slc51b, Slc6a4, Slc6a9, Slc7a5, Slc8a1, Slc8a2, Slc8a3, Slc9a1, Slco3a1, Slf1, Slf2, Slfn1, Slfn14, Slfn2, Slirp, Slit2, Slit3, Sltm, Slx, Slx1b, Slx4, Slxl1, Sly, Smad1, Smad2, Smad3, Smad4, Smad5, Smad6, Smad7, Smad9, Smarca1, Smarca2, Smarca4, Smarca5, Smarcad1, Smarcal1, Smarcb1, Smarcc1, Smarcc2, Smarcd1, Smarcd2, Smarcd3, Smarce1, Smc3, Smchd1, Smcr8, Smg1, Smg5, Smg6, Smg7, Smg8, Smg9, Smn1, Smo, Smoc2, Smpd1, Smpd3, Smtnl1, Smu1, Smurf1, Smyd1, Smyd2, Smyd3, Smyd5, Snai1, Snai2, Snai3, Snca, Snd1, Snf8, Snip1, Snrnp70, Snta1, Snw1, Snx1, Snx12, Snx3, Snx33, Snx5, Snx6, Snx9, Soat1, Socs1, Socs3, Socs4, Socs5, Sod1, Sod2, Sohlh1, Sohlh2, Son, Sorbs1, Sorbs3, Sorl1, Sort1, Sos1, Sost, Sox1, Sox10, Sox11, Sox12, Sox13, Sox14, Sox15, Sox17, Sox18, Sox2, Sox21, Sox3, Sox30, Sox4, Sox5, Sox6, Sox7, Sox8, Sox9, Sp1, Sp100, Sp110, Sp140, Sp140l1, Sp140l2, Sp2, Sp3, Sp4, Sp5, Sp6, Sp7, Sp8, Sp9, Spag11a, Spag8, Spag9, Spatc1l, Spdef, Spdya, Spdye4a, Spen, Sphk1, Sphk2, Spi1, Spib, Spic, Spidr, Spin1, Spin2c, Spin2d, Spin2e, Spin2g, Spin2h, Spin4, Spindoc, Spink1, Spink12, Spink2, Spink5, Spink6, Spink7, Spire1, Spire2, Spn, Spocd1, Spock1, Spock3, Spon1, Spon2, Spop, Spopfm2, Spopfm3, Spopl, Spout1, Spp1, Spred1, Spred2, Sprtn, Spry1, Spry2, Spry4, Spsb4, Sptbn1, Sptbn4, Spty2d1, Spx, Spz1, Sqstm1, Sra1, Src, Srcin1, Srebf1, Srebf2, Srf, Srgn, Srp9, Srpk1, Srpk2, Srpk3, Srrm1, Srrm4, Srrt, Srsf1, Srsf10, Srsf12, Srsf19, Srsf2, Srsf3, Srsf4, Srsf5, Srsf6, Srsf7, Srsf9, Sry, Ss18, Ss18l1, Ssb, Ssbp1, Ssbp2, Ssbp3, Ssbp4, Ssc5d, Ssh1, Ssh2, Ssh3, Ssty1, Ssty2, Ssu72, Ssxa1, St18, Stap1, Star, Stat1, Stat2, Stat3, Stat4, Stat5a, Stat5b, Stat6, Stc2, Stfa1, Stfa2, Stfa2l1, Stfa3, Stil, Sting1, Stk11, Stk16, Stk3, Stk36, Stk38, Stk4, Stk40, Stmp1, Stn1, Stoml2, Stox1, Stox2, Stpg4, Stra8, Strada, Stradb, Strap, Strm, Strn3, Stub1, Stx1b, Stx3, Stx4a, Stx5a, Styx, Styx-ps, Sub1, Sucnr1, Suds3, Sufu, Sulf1, Sulf2, Sumf2, Sumo1, Sumo2, Sumo3, Supt20, Supt3, Supt4a, Supt4b, Supt5, Supt6, Supt7l, Supv3l1, Suv39h1, Suv39h2, Suz12, Svbp, Svip, Syap1, Syk, Syncrip, Synpo2, Syt11, T, Tab1, Tab2, Tacc1, Taco1, Tada1, Tada2a, Tada2b, Tada3, Taf1, Taf10, Taf11, Taf12, Taf13, Taf15, Taf1d, Taf2, Taf3, Taf4, Taf4b, Taf5, Taf5l, Taf6, Taf6l, Taf7, Taf8, Taf9, Taf9b, Tagln3, Tal1, Tal2, Tank, Taok1, Taok3, Tapbp, Tarbp2, Tardbp, Tarm1, Tasor, Tasor2, Tasp1, Tax1bp1, Tbc1d10a, Tbc1d16, Tbc1d23, Tbc1d24, Tbc1d7, Tbk1, Tbl1x, Tbl1xr1, Tbp, Tbr1, Tbrg4, Tbx1, Tbx10, Tbx15, Tbx18, Tbx19, Tbx2, Tbx20, Tbx21, Tbx22, Tbx3, Tbx4, Tbx5, Tbx6, Tcea1, Tcea2, Tcea3, Tceal7, Tceanc, Tceanc2, Tcerg1, Tcf12, Tcf15, Tcf19, Tcf20, Tcf21, Tcf23, Tcf24, Tcf25, Tcf3, Tcf4, Tcf7, Tcf7l1, Tcf7l2, Tcfl5, Tcim, Tcirg1, Tcl1, Tcof1, Tcp1, Tcp10a, Tcp10b, Tcp10c, Tcrb, Tdg, Tdpoz1, Tdpoz2, Tdpoz3, Tdpoz4, Tdpoz5, Tdpoz8, Tdpoz9, Tdrd1, Tdrd12, Tdrd3, Tdrd5, Tdrd6, Tdrd7, Tdrd9, Tdrkh, Tead1, Tead2, Tead3, Tead4, Tef, Tek, Ten1, Tenm1, Tenm2, Tent2, Tent4a, Tent4b, Tent5a, Tent5b, Tent5c, Tent5d, Terc, Terf1, Terf2, Terf2ip, Tert, Tes3-ps, Tesc, Tescl, Tesk1, Tesmin, Tet1, Tet2, Tet3, Tex15, Tex19.1, Tex19.2, Tex24, Tfam, Tfap2a, Tfap2b, Tfap2c, Tfap2d, Tfap2e, Tfap4, Tfcp2, Tfcp2l1, Tfdp1, Tfdp2, Tfe3, Tfeb, Tfec, Tfpt, Tfr2, Tfrc, Tgfa, Tgfb1, Tgfb1i1, Tgfb2, Tgfb3, Tgfbr1, Tgfbr2, Tgfbr3, Tgfbrap1, Tgif1, Tgif2, Thap1, Thap11, Thap3, Thap7, Thbs1, Thbs4, Thoc2, Thoc5, Thpo, Thra, Thrap3, Thrb, Thy1, Tia1, Tial1, Ticam1, Ticam2, Ticrr, Tifab, Tigar, Tigit, Timeless, Timm17a, Timm23, Timp1, Timp2, Timp3, Timp4, Tinf2, Tiparp, Tipin, Tirap, Tle1, Tle2, Tle3, Tle4, Tle5, Tle6, Tlk2, Tlr1, Tlr2, Tlr3, Tlr4, Tlr5, Tlr6, Tlr7, Tlr8, Tlr9, Tlx1, Tlx2, Tlx3, Tm4sf20, Tm9sf2, Tm9sf5, Tmbim6, Tmed10, Tmed10-ps, Tmed2, Tmeff2, Tmem102, Tmem106a, Tmem107, Tmem119, Tmem132a, Tmem135, Tmem161a, Tmem168, Tmem259, Tmem67, Tmem9, Tmem98, Tmf1, Tmigd3, Tmpo, Tmprss4, Tmprss6, Tmsb4x, Tmtc3, Tmx1, Tnc, Tnf, Tnfaip1, Tnfaip3, Tnfrsf11a, Tnfrsf13c, Tnfrsf14, Tnfrsf18, Tnfrsf1a, Tnfrsf1b, Tnfrsf21, Tnfrsf4, Tnfrsf8, Tnfsf11, Tnfsf12, Tnfsf13, Tnfsf15, Tnfsf18, Tnfsf4, Tnfsf8, Tnfsf9, Tnik, Tnip1, Tnip2, Tnip3, Tnk2, Tnks, Tnks1bp1, Tnks2, Tnni2, Tnp1, Tnp2, Tnrc6a, Tnrc6b, Tnrc6c, Tob1, Tob2, Tollip, Tom1l1, Tomm70a, Top1, Top2a, Top2b, Topors, Tox, Tox2, Tox3, Tox4, Tpd52l1, Tppp, Tpr, Tpx2, Tra2a, Tra2b, Trabd2b, Tradd, Traf1, Traf2, Traf3, Traf3ip1, Traf3ip2, Traf3ip3, Traf4, Traf5, Traf6, Traf7, Traip, Trak2, Trap1, Trappc2, Trappc9, Trat1, Trdmt1, Trem2, Trerf1, Trex1, Trf, Triap1, Trib1, Trib2, Trib3, Tril, Trim11, Trim12a, Trim12c, Trim13, Trim14, Trim15, Trim17, Trim21, Trim23, Trim24, Trim25, Trim26, Trim27, Trim28, Trim29, Trim30a, Trim30b, Trim30c, Trim30d, Trim31, Trim32, Trim34a, Trim34b, Trim37, Trim38, Trim39, Trim40, Trim43a, Trim43b, Trim43c, Trim44, Trim5, Trim52, Trim56, Trim58, Trim6, Trim60, Trim61, Trim62, Trim63, Trim65, Trim66, Trim67, Trim68, Trim71, Trim75, Trim8, Trip12, Trip4, Trmt10c, Trmt112, Trnau1ap, Tro, Trp53, Trp53bp1, Trp53cor1, Trp53inp1, Trp53inp2, Trp63, Trp73, Trpc2, Trpc5, Trpc6, Trpm4, Trps1, Trpt1, Trpv1, Trpv4, Trrap, Trub1, Trub2, Tsacc, Tsc1, Tsc2, Tsc22d1, Tsc22d2, Tsc22d3, Tsc22d4, Tsfm, Tsg101, Tshz1, Tshz2, Tshz3, Tsix, Tsku, Tslp, Tsn, Tsnax, Tspan15, Tspan17, Tspan5, Tspan8, Tspan9, Tspo, Tspyl2, Tspyl5, Tssk4, Ttbk1, Ttc21b, Ttc36, Ttc5, Ttf1, Ttn, Tug1, Tunar, Tusc2, Tut4, Tut7, Twist1, Twist2, Twsg1, Txk, Txn1, Txnip, Tyk2, Tyms, Tyrobp, U2af2, Uaca, Uap1, Uba2, Uba3, Uba5, Ubash3a, Ubash3b, Ubb, Ube2b, Ube2d1, Ube2e1, Ube2i, Ube2j1, Ube2k, Ube2l3, Ube2n, Ube2s, Ube2srt, Ube2v1, Ube2v2, Ube3a, Ublcp1, Ubp1, Ubqln1, Ubqln2, Ubqln4, Ubr2, Ubr3, Ubr5, Ubtf, Ubtfl1, Ubxn1, Ubxn2a, Uchl1, Uchl5, Ucn, Ucn2, Ucp1, Ufc1, Ufd1, Ufl1, Ufsp2, Uhmk1, Uhrf1, Uhrf2, Uimc1, Ulbp1, Ulk1, Ulk4, Umodl1, Unc119, Unc13a, Unc93b1, Uncx, Unk, Upf1, Upf2, Upf3a, Upf3b, Upk3b, Uqcc2, Uri1, Usf1, Usf2, Usf3, Usp1, Usp13, Usp14, Usp16, Usp17le, Usp19, Usp2, Usp21, Usp22, Usp25, Usp26, Usp3, Usp36, Usp37, Usp38, Usp4, Usp44, Usp47, Usp5, Usp50, Usp51, Usp7, Usp8, Usp9x, Utf1, Utp15, Utp4, Uty, Uvrag, Uxt, Vamp3, Vangl2, Vash1, Vax1, Vax2, Vbp1, Vcp, Vdr, Vegfa, Vegfb, Vegfc, Vegfd, Vezf1, Vgll1, Vgll2, Vgll3, Vgll4, Vhl, Vim, Vip, Vldlr, Vpreb3, Vps11, Vps25, Vps28, Vps35, Vps72, Vrtn, Vsig4, Vsir, Vstm2a, Vsx1, Vsx2, Vtcn1, Vtn, Wac, Wapl, Wars1, Was, Washc1, Wasl, Wbp1l, Wbp2, Wbp2nl, Wdfy2, Wdhd1, Wdr24, Wdr35, Wdr43, Wdr48, Wdr5, Wdr59, Wdr75, Wdr77, Wdr82, Wdr91, Wdtc1, Wee2, Wfdc6a, Wfikkn1, Wfs1, Whrn, Wiz, Wnk1, Wnk3, Wnk4, Wnt1, Wnt10a, Wnt10b, Wnt11, Wnt16, Wnt2, Wnt3, Wnt3a, Wnt4, Wnt5a, Wnt6, Wnt7a, Wnt7b, Wnt8b, Wnt9b, Wrap53, Wrn, Wrnip1, Wt1, Wtap, Wtip, Wwc1, Wwc2, Wwox, Wwp1, Wwp2, Wwtr1, Xaf1, Xbp1, Xcl1, Xdh, Xiap, Xist, Xpa, Xpc, Xpo1, Xpo5, Xrcc1, Xrcc4, Xrcc5, Xrcc6, Xrn1, Xrn2, Yaf2, Yap1, Ybx1, Ybx2, Ybx3, Yeats2, Yeats4, Yes1, Ylpm1, Ythdc1, Ythdf1, Ythdf2, Ythdf3, Ywhab, Ywhah, Ywhaq, Ywhaq-ps3, Ywhaz, Yy1, Yy2, Zar1, Zar1l, Zbed3, Zbed4, Zbed6, Zbtb1, Zbtb10, Zbtb11, Zbtb12, Zbtb14, Zbtb16, Zbtb17, Zbtb18, Zbtb2, Zbtb20, Zbtb21, Zbtb22, Zbtb24, Zbtb25, Zbtb26, Zbtb3, Zbtb32, Zbtb33, Zbtb34, Zbtb37, Zbtb38, Zbtb39, Zbtb4, Zbtb40, Zbtb41, Zbtb42, Zbtb43, Zbtb45, Zbtb46, Zbtb47, Zbtb48, Zbtb49, Zbtb5, Zbtb6, Zbtb7a, Zbtb7b, Zbtb7c, Zbtb8a, Zbtb8b, Zbtb9, Zc3h10, Zc3h12a, Zc3h12d, Zc3h14, Zc3h18, Zc3h4, Zc3h6, Zc3h7a, Zc3h7b, Zc3h8, Zc3hav1, Zc4h2, Zcchc12, Zcchc13, Zcchc17, Zcchc3, Zcchc4, Zcchc7, Zcwpw1, Zdbf2, Zdhhc2, Zeb1, Zeb2, Zer1, Zfa-ps, Zfand2a, Zfat, Zfhx2, Zfhx3, Zfhx4, Zfp1, Zfp1004, Zfp1005, Zfp1006, Zfp1007, Zfp101, Zfp1010, Zfp105, Zfp11, Zfp110, Zfp111, Zfp112, Zfp113, Zfp119a, Zfp119b, Zfp12, Zfp120, Zfp125, Zfp128, Zfp13, Zfp131, Zfp14, Zfp141, Zfp142, Zfp143, Zfp146, Zfp148, Zfp157, Zfp160, Zfp169, Zfp174, Zfp175, Zfp180, Zfp182, Zfp184, Zfp189, Zfp2, Zfp202, Zfp212, Zfp213, Zfp217, Zfp219, Zfp229, Zfp236, Zfp239, Zfp24, Zfp248, Zfp251, Zfp26, Zfp260, Zfp263, Zfp266, Zfp267, Zfp268, Zfp27, Zfp273, Zfp275, Zfp276, Zfp28, Zfp280b, Zfp280c, Zfp280d, Zfp281, Zfp286, Zfp287, Zfp292, Zfp296, Zfp3, Zfp30, Zfp316, Zfp317, Zfp318, Zfp319, Zfp322a, Zfp324, Zfp326, Zfp329, Zfp334, Zfp335, Zfp341, Zfp345, Zfp35, Zfp352, Zfp354a, Zfp354b, Zfp354c, Zfp358, Zfp36, Zfp362, Zfp365, Zfp366, Zfp367, Zfp369, Zfp36l1, Zfp36l2, Zfp36l3, Zfp37, Zfp382, Zfp383, Zfp384, Zfp385a, Zfp386, Zfp39, Zfp395, Zfp397, Zfp398, Zfp40, Zfp407, Zfp408, Zfp41, Zfp410, Zfp418, Zfp42, Zfp420, Zfp422, Zfp423, Zfp426, Zfp429, Zfp433, Zfp438, Zfp442, Zfp444, Zfp445, Zfp446, Zfp449, Zfp451, Zfp454, Zfp455, Zfp456, Zfp457, Zfp458, Zfp459, Zfp46, Zfp462, Zfp467, Zfp469, Zfp472, Zfp473, Zfp488, Zfp493, Zfp503, Zfp507, Zfp51, Zfp512b, Zfp513, Zfp516, Zfp518a, Zfp518b, Zfp52, Zfp521, Zfp523, Zfp524, Zfp53, Zfp534, Zfp536, Zfp54, Zfp541, Zfp551, Zfp553, Zfp558, Zfp560, Zfp563, Zfp566, Zfp568, Zfp57, Zfp574, Zfp575, Zfp579, Zfp58, Zfp580, Zfp582, Zfp583, Zfp59, Zfp592, Zfp593, Zfp595, Zfp597, Zfp598, Zfp599, Zfp60, Zfp600, Zfp605, Zfp606, Zfp607a, Zfp607b, Zfp608, Zfp609, Zfp612, Zfp616, Zfp617, Zfp619, Zfp62, Zfp623, Zfp626, Zfp628, Zfp629, Zfp637, Zfp638, Zfp639, Zfp64, Zfp641, Zfp644, Zfp646, Zfp647, Zfp648, Zfp65, Zfp652, Zfp653, Zfp654, Zfp655, Zfp658, Zfp661, Zfp663, Zfp664, Zfp667, Zfp668, Zfp672, Zfp677, Zfp68, Zfp683, Zfp689, Zfp69, Zfp691, Zfp692, Zfp696, Zfp697, Zfp7, Zfp703, Zfp704, Zfp706, Zfp707, Zfp708, Zfp709, Zfp710, Zfp711, Zfp712, Zfp715, Zfp719, Zfp72, Zfp729a, Zfp729b, Zfp735, Zfp738, Zfp74, Zfp740, Zfp746, Zfp747, Zfp747l1, Zfp748, Zfp750, Zfp758, Zfp759, Zfp760, Zfp763, Zfp764, Zfp764l1, Zfp768, Zfp770, Zfp771, Zfp772, Zfp773, Zfp775, Zfp777, Zfp78, Zfp780b, Zfp784, Zfp786, Zfp787, Zfp788, Zfp790, Zfp791, Zfp799, Zfp804a, Zfp808, Zfp809, Zfp81, Zfp810, Zfp811, Zfp819, Zfp82, Zfp820, Zfp821, Zfp825, Zfp827, Zfp84, Zfp846, Zfp85, Zfp850, Zfp853, Zfp865, Zfp866, Zfp867, Zfp868, Zfp869, Zfp87, Zfp870, Zfp871, Zfp872, Zfp873, Zfp874a, Zfp874b, Zfp879, Zfp882, Zfp9, Zfp90, Zfp91, Zfp92, Zfp93, Zfp930, Zfp931, Zfp932, Zfp933, Zfp934, Zfp935, Zfp936, Zfp937, Zfp938, Zfp940, Zfp941, Zfp942, Zfp943, Zfp944, Zfp945, Zfp946, Zfp947, Zfp948, Zfp949, Zfp950, Zfp951, Zfp952, Zfp954, Zfp955a, Zfp955b, Zfp956, Zfp958, Zfp959, Zfp960, Zfp961, Zfp963, Zfp964, Zfp966, Zfp97, Zfp970, Zfp971, Zfp973, Zfp974, Zfp975, Zfp976, Zfp977, Zfp979, Zfp980, Zfp981, Zfp982, Zfp983, Zfp984, Zfp985, Zfp987, Zfp988, Zfp989, Zfp990, Zfp991, Zfp992, Zfp994, Zfp995, Zfp998, Zfpm1, Zfpm2, Zfta, Zfx, Zfy1, Zfy2, Zfyve28, Zglp1, Zgpat, Zhx1, Zhx2, Zhx3, Zic1, Zic2, Zic3, Zic4, Zic5, Zik1, Zim1, Zkscan1, Zkscan14, Zkscan16, Zkscan17, Zkscan2, Zkscan3, Zkscan4, Zkscan5, Zkscan6, Zkscan7, Zkscan8, Zmiz1, Zmiz2, Zmpste24, Zmym2, Zmym5, Zmynd11, Zmynd15, Zmynd8, Znfx1, Znhit1, Zp3, Zp3r, Zpbp2, Zpr1, Zranb3, Zscan10, Zscan12, Zscan2, Zscan20, Zscan21, Zscan22, Zscan25, Zscan26, Zscan29, Zscan4-ps1, Zscan4-ps2, Zscan4-ps3, Zscan4b, Zscan4c, Zscan4d, Zscan4e, Zscan4f, Zscan5b, Zswim8, Zxdb, Zxdc, Zyg11b, Zzef1, Zzz3
GO:0006351	DNA-templated transcription	3500	92	50.99	1.1e-08	6.534e-6	2010315B03Rik, 2610008E11Rik, 2610021A01Rik, 2810021J22Rik, 4930402K13Rik, 4930447C04Rik, 4930480E11Rik, 4930522L14Rik, 5730507C01Rik, A430033K04Rik, A630001G21Rik, Aamdc, Aatf, Abcc9, Abcg4, Abhd14b, Ablim1, Ablim2, Ablim3, Abra, Abt1, Acod1, Acss2, Actb, Actl6a, Actl6b, Actn1, Actn2, Actn4, Actr2, Actr3, Actr5, Actr6, Actr8, Actrt1, Acvr1, Acvr1b, Acvr2a, Acvr2b, Acvrl1, Adcy1, Adcy8, Adcyap1, Adgrf1, Adgrg3, Adipoq, Adnp, Adora2a, Adora3, Adrb2, Adrm1, Adrm1b, Aebp1, Aebp2, Afap1l2, Aff1, Aff3, Agap2, Ager, Ago1, Ago2, Agrn, Agt, Agtr2, Ahdc1, Ahi1, Ahr, Ahrr, AI854703, AI987944, Aicda, Aim2, Aire, Ajuba, Akap8l, Akirin1, Akirin2, Akna, Akt1, Akt2, Alx1, Alx3, Alx4, Ambra1, Amot, Amotl2, Ang, Ang2, Ang3, Ang4, Ang5, Ang6, Ankrd1, Ankrd2, Ankrd23, Ankrd42, Ankrd49, Anxa2, Anxa3, Anxa4, Ap3b1, Ap3d1, Apbb1, Apbb2, Apbb3, Apex1, Apln, Apobec1, Apobec2, Apoe, App, Ar, Arap1, Arf4, Arglu1, Arhgef11, Arhgef2, Arhgef5, Arid1a, Arid1b, Arid2, Arid3a, Arid3b, Arid3c, Arid4a, Arid4b, Arid5a, Arid5b, Arl2bp, Armcx3, Arnt, Arnt2, Arrb1, Arrb2, Arx, Ascc1, Ascc2, Ascl1, Ascl2, Ascl3, Ascl4, Ascl5, Ash1l, Ash2l, Asph, Asxl1, Asxl2, Asxl3, Atad2, Atad2b, Atf1, Atf1-ps, Atf2, Atf3, Atf4, Atf5, Atf6, Atf6b, Atf7, Atf7ip, Atf7ip2, Atm, Atmin, Atn1, Atoh1, Atoh7, Atoh8, Atp1b4, Atp2b4, Atp8b1, Atrx, Atxn1, Atxn1l, Atxn7, Atxn7l3, AU041133, Aurkb, Auts2, AW146154, Axin1, Aym1, B020011L13Rik, Bach1, Bach2, Bahd1, Bambi, Banp, Bap1, Barhl1, Barhl2, Barx1, Barx2, Basp1, Batf, Batf2, Batf3, Baz1a, Baz1b, Baz2a, Bbs7, Bbx, BC024063, Bcas3, Bcl10, Bcl11a, Bcl11b, Bcl2l12, Bcl3, Bcl6, Bcl6b, Bcl7a, Bcl7b, Bcl7c, Bcl9, Bcl9l, Bclaf1, Bclaf3, Bcor, Bcorl1, Bdnf, Bdp1, Bend3, Bend5, Bend6, Bex2, Bhlha15, Bhlha9, Bhlhe22, Bhlhe23, Bhlhe40, Bhlhe41, Bicra, Bicral, Bin1, Birc2, Birc5, Blm, Bloc1s2, Bmal1, Bmal2, Bmi1, Bmp10, Bmp15, Bmp2, Bmp3, Bmp4, Bmp5, Bmp6, Bmp7, Bmpr1a, Bmpr1b, Bmpr2, Bmyc, Bnc1, Bnc2, Bptf, Brca1, Brca2, Brd1, Brd2, Brd3, Brd4, Brd7, Brd8, Brd9, Brdt, Brf1, Brf2, Brip1, Brms1, Brms1l, Brpf1, Brpf3, Brwd1, Brwd3, Bsx, Btaf1, Btbd18, Btg2, Btrc, Bud31, C1d, C1qbp, C5ar1, Cactin, Calcoco1, Calr, Camk1, Camk1d, Camk2a, Camk4, Camta1, Camta2, Cand1, Capn3, Caprin2, Card11, Card14, Card9, Carf, Carm1, Cask, Casp8ap2, Casz1, Cat, Cav1, Cavin1, Cavin2, Cavin4, Cbfa2t2, Cbfa2t3, Cbfb, Cbx1, Cbx2, Cbx3, Cbx4, Cbx5, Cbx6, Cbx7, Cbx8, Cby1, Cc2d1a, Cc2d1b, Ccar1, Ccar2, Ccdc124, Ccdc62, Ccdc85b, Ccl3, Ccn1, Ccna2, Ccnc, Ccnd1, Ccnd3, Ccne1, Ccnh, Ccnk, Ccnl1, Ccnl2, Ccnq, Ccnt1, Ccnt2, Ccpg1, Cd200, Cd274, Cd28, Cd36, Cd38, Cd4, Cd40, Cd40lg, Cd74, Cd81, Cd84, Cdc14a, Cdc14b, Cdc5l, Cdc5lrt1, Cdc5lrt10, Cdc5lrt4, Cdc5lrt5, Cdc5lrt6, Cdc5lrt7, Cdc5lrt8, Cdc5lrt9, Cdc73, Cdca7, Cdca7l, Cdh1, Cdh13, Cdk1, Cdk12, Cdk13, Cdk2, Cdk2ap1, Cdk2ap1rt, Cdk5, Cdk5r1, Cdk5rap2, Cdk5rap3, Cdk6, Cdk7, Cdk8, Cdk9, Cdkn1b, Cdkn1c, Cdkn2a, Cdkn3, Cdon, Cdx1, Cdx2, Cdx4, Cdyl, Cebpa, Cebpb, Cebpd, Cebpe, Cebpg, Cebpz, Cela1, Celf3, Celsr2, Cenpf, Cenpk, Cep290, Ces1d, Cflar, Cggbp1, Chaserr, Chchd2, Chchd2-ps, Chd3, Chd4, Chd5, Chd6, Chd7, Chd8, Chek2, Chp1, Chp2, Chuk, Churc1, Ciao1, Ciart, Cib1, Cic, Ciita, Cipc, Cir1, Cited1, Cited2, Cited4, Ckap2, Cks1b, Cks2, Clec7a, Clock, Clu, Cmklr1, Cmtm2a, Cnbp, Cnot1, Cnot2, Cnot3, Cnot6, Cnot7, Cnot9, Col1a1, Col4a2, Commd1, Commd6, Commd7, Cops2, Cops5, Coq7, Cpap, Cpeb3, Cphx1, Cpped1, Crcp, Creb1, Creb3, Creb3l1, Creb3l2, Creb3l3, Creb3l4, Creb5, Crebbp, Crebl2, Crebrf, Crebzf, Creg1, Crem, Cripto, Crlf3, Crnn, Crtc1, Crtc2, Crtc3, Crx, Crxos, Cry1, Cry2, Cryab, Crym, Csf2, Csf3, Csrnp1, Csrnp2, Csrnp3, Csrp3, Ctbp1, Ctbp2, Ctcf, Ctcfl, Ctdnep1, Ctdp1, Ctdsp1, Ctdsp2, Ctdspl, Ctdspl2, Cth, Ctnnb1, Ctnnbip1, Ctr9, Cul3, Cux1, Cux2, Cx3cl1, Cxcr3, Cxxc1, Cxxc5, Cyld, Cyp1b1, Cys1, Cytl1, D1Pas1, Dab2, Dab2ip, Dach1, Dach2, Dact1, Dap, Daxx, Dbp, Dbx1, Dbx2, Dcaf1, Dcaf6, Dcn, Dcp1a, Ddit3, Ddn, Ddr2, Ddrgk1, Ddx11, Ddx17, Ddx20, Ddx21, Ddx3x, Ddx41, Ddx5, Ddx54, Deaf1, Dedd, Dek, Depdc1a, Dgkq, Dhrs7b, Dhx33, Dhx36, Dhx9, Dicer1, Dido1, Dkk1, Dkk3, Dlg1, Dll1, Dll4, Dlx1, Dlx2, Dlx3, Dlx4, Dlx5, Dlx6, Dlx6os1, Dmap1, Dmbx1, Dmd, Dmrt1, Dmrt2, Dmrt3, Dmrta1, Dmrta2, Dmrtb1, Dmrtc2, Dmtf1, Dmtf1l, Dnaja3, Dnajb1, Dnajb4, Dnajb5, Dnajb6, Dnajc17, Dnajc2, Dnmt1, Dnmt3a, Dnmt3b, Dnmt3l, Dot1l, Dpf1, Dpf2, Dpf3, Dpy30, Dr1, Drap1, Drd2, Drd3, Drgx, Dtx3l, Dubr, Dusp1, Dusp10, Dusp12, Dusp13a, Dusp13b, Dusp14, Dusp15, Dusp18, Dusp19, Dusp2, Dusp21, Dusp22, Dusp23, Dusp26, Dusp28, Dusp29, Dusp3, Dusp4, Dusp5, Dusp6, Dusp7, Dusp8, Duxbl1, Duxf3, Duxf4, Dvl1, Dvl2, Dvl3, Dyrk1a, Dyrk1b, E130311K13Rik, E230001N04Rik, E2f1, E2f2, E2f3, E2f4, E2f5, E2f6, E2f7, E2f8, E4f1, Eaf1, Eaf2, Eapp, Ebf1, Ebf2, Ebf3, Ebf4, Ecd, Ecm1, Ecsit, Edf1, Edn1, Ednrb, Edrf1, Eed, Eef1d, Efcab7, Efemp1, Efna1, Egf, Egfr, Egln1, Egr1, Egr2, Egr3, Egr4, Ehf, Ehmt1, Ehmt2, Eid1, Eid2, Eid2b, Eif2ak2, Eif2ak3, Eif2ak4, Eif4a1, Eif4a3, Elane, Elf1, Elf2, Elf3, Elf4, Elf5, Elk1, Elk3, Elk4, Ell, Ell2, Ell3, Eloa, Elob, Eloc, Elof1, Elp2, Elp3, Elp4, Emsy, Emx1, Emx2, En1, En2, Eng, Eno1, Eno1b, Enpp1, Eny2, Eomes, Ep300, Ep400, Epas1, Epc1, Epc2, Epcam, Epha5, Epm2a, Epo, Epop, Erbb2, Erbb4, Erbin, Erc1, Ercc1, Ercc2, Ercc3, Ercc6, Ereg, Erf, Erfl, Erg, Ern2, Esr1, Esr2, Esrra, Esrrb, Esrrg, Esx1, Ets1, Ets2, Etv1, Etv2, Etv3, Etv3l, Etv4, Etv5, Etv6, Evx1, Evx2, Ewsr1, Exosc9, Eya1, Ezh1, Ezh2, Ezr, F2r, F2rl1, Fabp4, Fadd, Fam170a, Fam220a, Fam47c, Fam47e, Fanca, Fancd2, Fank1, Fasl, Fbln5, Fbp1, Fbxl19, Fbxw11, Fcgr2b, Fcor, Fer, Ferd3l, Fev, Fezf1, Fezf2, Fgf1, Fgf10, Fgf2, Fgf23, Fgf4, Fgf7, Fgf9, Fgfr1, Fgfr2, Fgfr3, Fhl2, Fhl5, Fhod1, Figla, Fiz1, Fkbp10, Fkbp11, Fkbp14, Fkbp1a, Fkbp1b, Fkbp2, Fkbp3, Fkbp4, Fkbp5, Fkbp7, Fkbp8, Fkbp9, Flcn, Fli1, Flna, Flt3l, Flywch1, Fnip1, Fnip2, Fos, Fosb, Fosl1, Fosl2, Foxa1, Foxa2, Foxa3, Foxb1, Foxb2, Foxc1, Foxc2, Foxd1, Foxd2, Foxd3, Foxd4, Foxe1, Foxe3, Foxf1, Foxf2, Foxg1, Foxh1, Foxi1, Foxi2, Foxi3, Foxj1, Foxj2, Foxj3, Foxk1, Foxk2, Foxl1, Foxl2, Foxl3, Foxm1, Foxn1, Foxn2, Foxn3, Foxn4, Foxo1, Foxo3, Foxo4, Foxo6, Foxp1, Foxp2, Foxp3, Foxp4, Foxq1, Foxr1, Foxr2, Foxs1, Frk, Fst, Fstl3, Ftx, Fubp1, Fubp3, Fus, Fzd1, Fzd2, Fzd4, Fzd5, Fzd6, Fzd7, Gabpa, Gabpb1, Gabpb2, Gadd45a, Gal, Galr1, Galr2, Galr3, Gas6, Gata1, Gata2, Gata3, Gata4, Gata5, Gata6, Gatad1, Gatad2a, Gatad2b, Gbp4, Gbx1, Gbx2, Gclc, Gcm1, Gcm2, Gdf2, Gdf6, Gdf7, Gdnf, Gfi1, Gfi1b, Ghrh, Gli1, Gli2, Gli3, Glis1, Glis2, Glis3, Glmp, Glo1, Glp1r, Glrp1, Glyr1, Gm10033, Gm12258, Gm14295, Gm14322, Gm14325, Gm14391, Gm14399, Gm14401, Gm14403, Gm14412, Gm14418, Gm14434, Gm14443, Gm14444, Gm15446, Gm17067, Gm17655, Gm19965, Gm20737, Gm20738, Gm20747, Gm20773, Gm20795, Gm20806, Gm20807, Gm20808, Gm20812, Gm20815, Gm20816, Gm20818, Gm20821, Gm20822, Gm20825, Gm20826, Gm20830, Gm20834, Gm20852, Gm20854, Gm20865, Gm20873, Gm20914, Gm20917, Gm20918, Gm21118, Gm21292, Gm21310, Gm21394, Gm21719, Gm21778, Gm21812, Gm21854, Gm2381, Gm28171, Gm32687, Gm35315, Gm3604, Gm4275, Gm45871, Gm4767, Gm4924, Gm5141, Gm614, Gm6871, Gm7072, Gmcl1, Gmeb1, Gmeb2, Gmnn, Gnas, Gnl3, Gon4l, Gpatch3, Gpbp1, Gpbp1l1, Gper1, Gps2, Grem1, Grhl1, Grhl2, Grhl3, Grin1, Grm5, Gsc, Gsc2, Gsdmd, Gsk3a, Gsk3b, Gsx1, Gsx2, Gtf2a1, Gtf2a1l, Gtf2a2, Gtf2b, Gtf2e1, Gtf2e2, Gtf2f1, Gtf2f2, Gtf2h1, Gtf2h2, Gtf2h3, Gtf2h4, Gtf2h5, Gtf2i, Gtf2ird1, Gtf3c1, Gtf3c2, Gtf3c3, Gtf3c4, Gtf3c5, Gtf3c6, Gzf1, H1f2, H1f3, H1f4, H1f5, H2az1, H3c14, Halr1, Hamp, Hand1, Hand2, Hand2os1, Has3, Havcr2, Hax1, Hba-x, Hbb-bh1, Hbb-y, Hbp1, Hcfc1, Hcfc2, Hck, Hcls1, Hdac1, Hdac10, Hdac2, Hdac3, Hdac4, Hdac5, Hdac7, Hdac9, Hdgf, Hdx, Heatr1, Helt, Helz2, Hes1, Hes2, Hes3, Hes5, Hes6, Hes7, Hesx1, Hexb, Hexim1, Hexim2, Hey1, Hey2, Heyl, Hhex, Hic1, Hic2, Hif1a, Hif1an, Hif3a, Hinfp, Hint1, Hipk1, Hipk2, Hipk3, Hira, Hivep1, Hivep2, Hivep3, Hjv, Hlf, Hltf, Hlx, Hmbox1, Hmg20a, Hmg20b, Hmga1, Hmga1b, Hmga2, Hmgb1, Hmgb2, Hmgb4, Hmgn1, Hmgn2, Hmgn3, Hmgn5, Hmox1, Hmx1, Hmx2, Hmx3, Hnf1a, Hnf1b, Hnf4a, Hnf4g, Hnrnpa2b1, Hnrnpab, Hnrnpd, Hnrnpk, Hnrnpl, Hnrnpu, Homez, Hopx, Hoxa1, Hoxa10, Hoxa11, Hoxa11os, Hoxa13, Hoxa2, Hoxa3, Hoxa4, Hoxa5, Hoxa6, Hoxa7, Hoxa9, Hoxb1, Hoxb13, Hoxb2, Hoxb3, Hoxb4, Hoxb5, Hoxb6, Hoxb7, Hoxb8, Hoxb9, Hoxc10, Hoxc11, Hoxc12, Hoxc13, Hoxc4, Hoxc5, Hoxc6, Hoxc8, Hoxc9, Hoxd1, Hoxd10, Hoxd11, Hoxd12, Hoxd13, Hoxd3, Hoxd4, Hoxd8, Hoxd9, Hp1bp3, Hr, Hras, Hsbp1, Hsbp1l1, Hsf1, Hsf2, Hsf3, Hsf4, Hsf5, Hspa1a, Hspa1b, Hspa8, Htatip2, Hyal2, Ice1, Ice2, Id1, Id2, Id3, Id4, Ier2, Ier5, Ifi203, Ifi203-ps, Ifi204, Ifi206, Ifi207, Ifi208, Ifi209, Ifi213, Ifi214, Ifi27, Ifnar1, Ifnar2, Ifnb1, Ifng, Ifnk, Ifrd1, Ift172, Ift74, Igbp1, Igf1, Igf1r, Igf2, Ighmbp2, Igsf1, Ihh, Ikbkb, Ikbke, Ikbkg, Ikzf1, Ikzf2, Ikzf3, Ikzf4, Ikzf5, Il10, Il11, Il13, Il17a, Il17f, Il18, Il18r1, Il18rap, Il1a, Il1b, Il1rap, Il2, Il22, Il23a, Il25, Il33, Il4, Il4i1, Il4i1b, Il5, Il6, Ilf2, Ilf3, Ilk, Ilkap, Impact, Ing1, Ing2, Ing3, Ing4, Ing5, Inhba, Ino80, Ino80b, Ino80c, Ino80d, Ino80e, Inpp5k, Ins1, Ins2, Insm1, Insm2, Insr, Ippk, Iqce, Irak1, Irak2, Irak3, Irf1, Irf2, Irf2bp1, Irf2bp2, Irf2bpl, Irf3, Irf4, Irf5, Irf6, Irf7, Irf8, Irf9, Irx1, Irx2, Irx3, Irx4, Irx5, Irx6, Isl1, Isl2, Isx, Itch, Itga6, Itga8, Itgb1bp1, Itgb3bp, Iws1, Jade1, Jade2, Jade3, Jag1, Jak2, Jak3, Jarid2, Jazf1, Jdp2, Jmjd1c, Jmjd6, Jmy, Jph2, Jpx, Jun, Junb, Jund, Jup, Kank2, Kansl1, Kansl2, Kansl3, Kars1, Kat14, Kat2a, Kat2b, Kat5, Kat6a, Kat6b, Kat7, Kat8, Kcnh2, Kcnip3, Kctd1, Kctd15, Kdm1a, Kdm1b, Kdm2a, Kdm2b, Kdm3a, Kdm3b, Kdm4a, Kdm4c, Kdm5a, Kdm5b, Kdm5c, Kdm5d, Kdm6a, Kdm6b, Kdm7a, Kdm8, Keap1, Khdrbs1, Khsrp, Kit, Klf1, Klf10, Klf11, Klf12, Klf13, Klf14, Klf15, Klf16, Klf17, Klf2, Klf3, Klf4, Klf5, Klf6, Klf7, Klf8, Klf9, Kmt2a, Kmt2b, Kmt2c, Kmt2d, Kmt2e, Kmt5a, Kpna6, L3mbtl1, L3mbtl2, L3mbtl3, L3mbtl4, Lamtor5, Lancl2, Larp7, Larp7-ps, Lbh, Lbx1, Lbx2, Lcor, Lcorl, Ldb1, Ldb2, Lef1, Lefty1, Leo1, Lep, Lhx1, Lhx2, Lhx3, Lhx4, Lhx5, Lhx6, Lhx8, Lhx9, Lif, Lilrb4a, Lilrb4b, Limd1, Lime1, Lims1, Lin37, Lin52, Lin54, Lin9, Lipe, Litaf, Lmcd1, Lmo1, Lmo2, Lmo3, Lmo4, Lmo7, Lmx1a, Lmx1b, Loxl2, Loxl3, Lpar5, Lpin1, Lpin2, Lpin3, Lrif1, Lrp5, Lrp6, Lrrc14, Lrrfip1, Lrrfip2, Ltf, Lum, Lyar, Lyl1, Macc1, Macroh2a1, Macroh2a2, Mad2l2, Mael, Maf, Maf1, Mafa, Mafb, Maff, Mafg, Mafk, Magea1, Magea10, Magea13, Magea14, Magea2, Magea3, Magea4, Magea5, Magea6, Magea8, Magea9, Mageb11, Mageb16, Mageb18, Mageb2, Mageb3, Mageb4, Mageb5, Mageb5b, Mageb6b1, Magec2, Maged1, Maged2, Magee1, Magee2, Mageh1, Magel2, Mak, Malt1, Maml1, Maml2, Maml3, Mamld1, Mamstr, Map2k1, Map2k2, Map2k3, Map2k5, Map2k7, Map3k1, Map3k10, Map3k12, Map3k13, Map3k5, Mapk1, Mapk10, Mapk14, Mapk15, Mapk3, Mapk7, Mapk8, Mapk8ip1, Mapk9, Mapkapk5, Mapre3, Mars1, Mavs, Max, Maz, Mbd1, Mbd2, Mbd3, Mbd3l1, Mbd3l2, Mbip, Mbtd1, Mbtps2, Mc1r, Mcf2l, Mcidas, Mcph1, Mcrs1, Mdfi, Mdfic, Mdfic2, Mdk, Mdm2, Mdm4, Meaf6, Mecom, Mecp2, Med1, Med10, Med11, Med12, Med12l, Med13, Med13l, Med14, Med15, Med16, Med17, Med18, Med19, Med20, Med21, Med22, Med23, Med24, Med25, Med26, Med27, Med28, Med29, Med30, Med31, Med4, Med6, Med7, Med8, Med9, Mef2a, Mef2b, Mef2c, Mef2d, Meiosin, Meis1, Meis2, Meis3, Men1, Meox1, Meox2, Mepce, Mesp1, Mesp2, Met, Mettl13, Mettl23, Mettl4, Mga, Mical2, Mid2, Mideas, Mier1, Mier2, Mier3, Mir103-1, Mir103-2, Mir143, Mir205hg, Mir466d, Mir466l, Mir7-1, Mir744, Mitf, Mixl1, Mkrn2, Mkx, Mlf1, Mlf2, Mlip, Mllt1, Mllt10, Mllt11, Mllt3, Mllt6, Mlx, Mlxip, Mlxipl, Mmp12, Mms19, Mn1, Mnat1, Mndal, Mnt, Mnx1, Morc1, Morc3, Morf4l1, Morf4l2, Mospd1, Mrgbp, Mrpl12, Mrtfa, Mrtfb, Msantd1, Msc, Msgn1, Msl1, Msl2, Msl3, Mstn, Msx1, Msx2, Msx3, Mt3, Mta1, Mta2, Mta3, Mtdh, Mterf1a, Mterf1b, Mterf2, Mterf3, Mterf4, Mtf1, Mtor, Mtpn, Mtres1, Mturn, Muc1, Mup1, Mup11, Mup2, Mup3, Mup4, Mup5, Musk, Mxd1, Mxd3, Mxd4, Mxi1, Myb, Mybbp1a, Mybl1, Mybl2, Myc, Mycbp, Mycl, Mycn, Mycs, Myd88, Mydgf, Myef2, Myf5, Myf6, Mynn, Myo1c, Myocd, Myod1, Myog, Myoz1, Myoz2, Mypop, Myrf, Myrfl, Mysm1, Myt1, Myt1l, Mzf1, N4bp2l2, N6amt1, Naa15, Nab1, Nab2, Nacc1, Nacc2, Nampt, Nanog, Ncapg2, Ncbp1, Ncbp2, Ncbp3, Nck1, Nck2, Ncl, Ncoa1, Ncoa2, Ncoa3, Ncoa6, Ncoa7, Ncor1, Ncor2, Ndn, Ndp, Ndufa13, Nedd4, Nedd8, Nek4, Nelfa, Nelfb, Nelfcd, Nelfe, Neo1, Nepn, Neurod1, Neurod2, Neurod4, Neurod6, Neurog1, Neurog2, Neurog3, Nfat5, Nfatc1, Nfatc2, Nfatc2ip, Nfatc3, Nfatc4, Nfe2, Nfe2l1, Nfe2l2, Nfe2l3, Nfia, Nfib, Nfic, Nfil3, Nfilz, Nfix, Nfkb1, Nfkb2, Nfkbia, Nfkbid, Nfkbie, Nfkbil1, Nfkbiz, Nfrkb, Nfx1, Nfxl1, Nfya, Nfyb, Nfyc, Ngf, Ngfr, Nhlh1, Nhlh2, Niban2, Nif3l1, Nipbl, Nkap, Nkrf, Nktr, Nkx1-1, Nkx1-2, Nkx2-1, Nkx2-2, Nkx2-3, Nkx2-4, Nkx2-5, Nkx2-6, Nkx2-9, Nkx3-1, Nkx3-2, Nkx6-1, Nkx6-2, Nkx6-3, Nlk, Nlrc3, Nlrc4, Nlrc5, Nlrp12, Nlrp3, Nme2, Nmnat1, Nobox, Noc2l, Nod1, Nod2, Nodal, Nog, Nol11, Nolc1, Nono, Nop53, Nos1, Nostrin, Notch1, Notch2, Notch3, Notch4, Noto, Npas1, Npas2, Npas3, Npas4, Npat, Npm1, Npm3, Npnt, Nr0b1, Nr0b2, Nr1d1, Nr1d2, Nr1h2, Nr1h3, Nr1h4, Nr1h5, Nr1i2, Nr1i3, Nr2c1, Nr2c2, Nr2e1, Nr2e3, Nr2f1, Nr2f2, Nr2f6, Nr3c1, Nr3c2, Nr4a1, Nr4a2, Nr4a3, Nr5a1, Nr5a2, Nr6a1, Nrarp, Nrbf2, Nrf1, Nrg1, Nrip1, Nrip2, Nrl, Nscme3l, Nsd1, Nsd2, Nsd3, Nsmce3, Ntf3, Ntn3, Ntrk1, Nts, Nucks1, Nufip1, Nup62, Nup85, Nup98, Nupr1, Nupr2, Nwd1, Obox1, Obox2, Obox3, Obox4, Obox5, Obox6, Obox7, Obox8, Ogg1, Ogt, Olig1, Olig2, Olig3, Onecut1, Onecut2, Onecut3, Oog1, Oog2, Oog3, Osm, Osr1, Osr2, Otp, Otud7b, Otulin, Otx1, Otx2, Ovol1, Ovol2, Ovol3, P2rx2, P2ry1, Pa2g4, Pabpc1l, Padi2, Paf1, Pagr1a, Pam, Park7, Parp1, Parp10, Parp9, Pasd1, Pask, Patz1, Pawr, Pax1, Pax2, Pax3, Pax4, Pax5, Pax6, Pax7, Pax8, Pax9, Paxbp1, Paxip1, Pbrm1, Pbx1, Pbx2, Pbx3, Pbx4, Pbxip1, Pcbd1, Pcbd2, Pcbp1, Pcbp2, Pcbp3, Pcbp4, Pcf11, Pcgf1, Pcgf2, Pcgf3, Pcgf5, Pcgf6, Pcid2, Pck1, Pcna, Pdcd4, Pdcd7, Pde2a, Pdgfb, Pdlim1, Pdx1, Pdxp, Peg3, Peli1, Pelp1, Per1, Per2, Per3, Perm1, Pex14, Pf4, Pfdn5, Pfkm, Pfn1, Pgam5, Pgr, Phb1, Phb2, Phc1, Phc2, Phc3, Phf10, Phf12, Phf14, Phf19, Phf2, Phf20, Phf20l1, Phf21a, Phf3, Phf5a, Phf6, Phf8, Phip, Phlpp1, Phlpp2, Phox2a, Phox2b, Phrf1, Pias1, Pias2, Pias3, Pias4, Picalm, Pid1, Pih1d1, Pik3r1, Pik3r2, Pim1, Pim2, Pin1, Pin1rt1, Pin4, Pink1, Pithd1, Pitx1, Pitx2, Pitx3, Pkd1, Pkd2, Pkhd1, Pkia, Pkig, Pkm, Pkn1, Pknox1, Pknox2, Pkp1, Pla2g10, Plac8, Plag1, Plagl1, Plagl2, Platr25, Plcb1, Plcg2, Plk1, Plk3, Plpp3, Plscr1, Pmf1, Pml, Pogk, Pogz, Pole3, Polr1a, Polr1b, Polr1c, Polr1d, Polr1e, Polr1f, Polr1g, Polr1h, Polr2a, Polr2b, Polr2c, Polr2d, Polr2e, Polr2f, Polr2g, Polr2h, Polr2i, Polr2j, Polr2k, Polr2l, Polr2m, Polr3a, Polr3b, Polr3c, Polr3d, Polr3e, Polr3f, Polr3g, Polr3gl, Polr3h, Polr3k, Polrmt, Pomc, Pou1f1, Pou2af1, Pou2af2, Pou2af3, Pou2f1, Pou2f2, Pou2f3, Pou3f1, Pou3f2, Pou3f3, Pou3f4, Pou4f1, Pou4f2, Pou4f3, Pou5f1, Pou5f2, Pou6f1, Pou6f2, Ppara, Ppard, Pparg, Ppargc1a, Ppargc1b, Ppef1, Ppef2, Pphln1, Ppia, Ppib, Ppic, Ppid, Ppie, Ppif, Ppig, Ppih, Ppil1, Ppil3, Ppil4, Ppm1a, Ppm1b, Ppm1d, Ppm1e, Ppm1f, Ppm1g, Ppm1h, Ppm1j, Ppm1k, Ppm1l, Ppm1m, Ppm1n, Ppp1ca, Ppp1cb, Ppp1cc, Ppp1r12a, Ppp1r13l, Ppp1r15a, Ppp1r1b, Ppp2ca, Ppp2cb, Ppp2r5b, Ppp2r5d, Ppp3ca, Ppp3cb, Ppp3cc, Ppp3r1, Ppp4c, Ppp5c, Ppp6c, Pprc1, Pptc7, Ppwd1, Pramel1, Pramel7, Prdm1, Prdm10, Prdm11, Prdm12, Prdm13, Prdm14, Prdm15, Prdm16, Prdm2, Prdm4, Prdm5, Prdm6, Prdm8, Prdm9, Prdx2, Prdx3, Prdx5, Preb, Prickle1, Prkaa1, Prkaca, Prkcb, Prkch, Prkci, Prkcq, Prkcz, Prkd1, Prkd2, Prkdc, Prkn, Prl, Prl2c2, Prmt1, Prmt2, Prmt3, Prmt5, Prmt6, Prmt7, Prmt8, Prmt9, Prnp, Prop1, Prox1, Prox2, Prpf6, Prr7, Prrx1, Prrx2, Psen1, Psen2, Psip1, Psma6, Psmc3ip, Psmc5, Psmc6, Psmd10, Psmd9, Pspc1, Psrc1, Ptafr, Ptbp1, Ptch1, Pten, Ptf1a, Ptges2, Ptgis, Ptgs2os, Pth, Pthlh, Ptma, Ptms, Ptov1, Ptp4a3, Ptpa, Ptpmt1, Ptpn2, Ptprc, Ptprk, Ptprn, Pura, Purb, Purg, Pus1, Pwp1, Pwwp2a, Pwwp2b, Pycard, Pygo1, Qars1, Qki, Qrich1, Rab7b, Rad21, Rad54l2, Raf1, Rai1, Ralgapa1, Raly, Rap2c, Rapgef3, Rara, Rarb, Rarg, Rasd1, Rasl11a, Rax, Rb1, Rbak, Rbbp4, Rbbp5, Rbbp7, Rbbp8, Rbck1, Rbfox2, Rbl1, Rbl2, Rbm10, Rbm14, Rbm15, Rbm39, Rbmx, Rbmxl1, Rbpj, Rbpjl, Rbpms, Rcor1, Rcor2, Rcor3, Recql5, Rel, Rela, Relb, Reln, Reno1, Repin1, Rere, Rest, Ret, Rex2, Rfc1, Rfx1, Rfx2, Rfx3, Rfx4, Rfx5, Rfx6, Rfx7, Rfx8, Rfxank, Rfxap, Rgcc, Rgma, Rgmb, Rhebl1, Rhoa, Rhog, Rhoq, Rhox1, Rhox10, Rhox11, Rhox12, Rhox13, Rhox2a, Rhox2b, Rhox2c, Rhox2d, Rhox2f, Rhox2g, Rhox2h, Rhox3a, Rhox3c, Rhox3f, Rhox3g, Rhox3h, Rhox4a, Rhox4b, Rhox4c, Rhox4d, Rhox4e, Rhox4f, Rhox4g, Rhox5, Rhox6, Rhox7a, Rhox7b, Rhox8, Rhox9, Rif1, Rigi, Ring1, Riox1, Riox2, Ripk1, Ripk2, Ripk3, Ripk4, Ripply1, Ripply2, Ripply3, Rit2, Rlf, Rlim, Rnasel, Rnf10, Rnf14, Rnf141, Rnf168, Rnf187, Rnf2, Rnf20, Rnf220, Rnf25, Rnf31, Rnf4, Rnf40, Rnf6, Rnf8, Ror1, Ror2, Rora, Rorb, Rorc, Rpap1, Rpap2, Rpf2, Rpl10, Rpl10-ps3, Rpl23, Rprd1a, Rprd1b, Rps14, Rps3, Rps6ka1, Rps6ka3, Rps6ka4, Rps6ka5, Rptor, Rreb1, Rrn3, Rrp1b, Rrp8, Rsf1, Rsl1, Rslcan18, Rtf1, Rtkn2, Rtraf, Runx1, Runx1t1, Runx2, Runx3, Ruvbl1, Ruvbl2, Rwdd1, Rwdd3, Rxra, Rxrb, Rxrg, Rybp, Rybp-ps, S100a1, S100a10, S1pr1, Safb, Safb2, Sall1, Sall2, Sall3, Sall4, Samd1, Samd11, Samd7, Sap130, Sap18, Sap25, Sap30, Sap30bp, Sap30l, Sarnp, Sars1, Sart3, Satb1, Satb2, Sbno1, Sbno2, Scaf1, Scaf4, Scaf8, Scai, Scand1, Scgb1a1, Scmh1, Scml2, Scml4, Scrt1, Scrt2, Scx, Sdcbp, Sdr16c5, Sema4d, Senp1, Senp2, Serpinf2, Sertad1, Sertad2, Sertad3, Setbp1, Setd1a, Setd2, Setd3, Setd4, Setd5, Setd6, Setd7, Setdb1, Setdb2, Setmar, Setx, Sf3b1, Sf3b3, Sf3b5, Sfmbt1, Sfmbt2, Sfn, Sfpq, Sfr1, Sfrp1, Sfrp2, Sfrp4, Sfrp5, Sgf29, Sgsm1, Shc1, Shh, Shox2, Sik1, Sik2, Sim1, Sim2, Sin3a, Sin3b, Sinhcaf, Sirt1, Sirt2, Sirt3, Sirt6, Sirt7, Siva1, Six1, Six2, Six3, Six4, Six5, Six6, Skap1, Ski, Skic8, Skil, Skor1, Skor2, Sla2, Slc11a1, Slc25a33, Slc30a9, Slc38a3, Slc39a8, Slc40a1, Slc9a1, Slco3a1, Slfn1, Sltm, Smad1, Smad2, Smad3, Smad4, Smad5, Smad6, Smad7, Smad9, Smarca1, Smarca2, Smarca4, Smarca5, Smarcad1, Smarcal1, Smarcb1, Smarcc1, Smarcc2, Smarcd1, Smarcd2, Smarcd3, Smarce1, Smn1, Smo, Smtnl1, Smyd1, Smyd2, Smyd3, Snai1, Snai2, Snai3, Snapc1, Snapc2, Snapc3, Snapc4, Snapc5, Snf8, Snw1, Snx5, Snx6, Sod2, Sohlh1, Sohlh2, Sorbs3, Sos1, Sost, Sox1, Sox10, Sox11, Sox12, Sox13, Sox14, Sox15, Sox17, Sox18, Sox2, Sox21, Sox3, Sox30, Sox4, Sox5, Sox6, Sox7, Sox8, Sox9, Sp1, Sp100, Sp110, Sp140, Sp140l1, Sp140l2, Sp2, Sp3, Sp4, Sp5, Sp6, Sp7, Sp8, Sp9, Spag8, Spdef, Spen, Sphk1, Sphk2, Spi1, Spib, Spic, Spin1, Spin2c, Spin2d, Spin2e, Spin2g, Spin2h, Spin4, Spindoc, Spocd1, Spop, Spp1, Spty2d1, Spx, Spz1, Sqstm1, Sra1, Src, Srebf1, Srebf2, Srf, Srrt, Srsf10, Sry, Ss18, Ss18l1, Ssbp2, Ssbp3, Ssbp4, Ssh1, Ssh2, Ssh3, Ssty1, Ssty2, Ssu72, Ssxa1, St18, Stat1, Stat2, Stat3, Stat4, Stat5a, Stat5b, Stat6, Sting1, Stk16, Stk36, Stox1, Stox2, Stra8, Strap, Strm, Strn3, Sub1, Suds3, Sufu, Sumo1, Sumo2, Supt16, Supt20, Supt3, Supt4a, Supt4b, Supt5, Supt6, Supt7l, Suv39h1, Suv39h2, Suz12, Syk, T, Tacc1, Tada1, Tada2a, Tada2b, Tada3, Taf1, Taf10, Taf11, Taf12, Taf13, Taf1a, Taf1b, Taf1c, Taf1d, Taf2, Taf3, Taf4, Taf4b, Taf5, Taf5l, Taf6, Taf6l, Taf7, Taf7l, Taf8, Taf9, Taf9b, Tagln3, Tal1, Tal2, Tasp1, Tax1bp1, Tbk1, Tbl1x, Tbl1xr1, Tbp, Tbpl1, Tbpl2, Tbr1, Tbx1, Tbx10, Tbx15, Tbx18, Tbx19, Tbx2, Tbx20, Tbx21, Tbx22, Tbx3, Tbx4, Tbx5, Tbx6, Tcea1, Tcea2, Tcea3, Tceal7, Tceanc, Tceanc2, Tcerg1, Tcf12, Tcf15, Tcf20, Tcf21, Tcf23, Tcf24, Tcf25, Tcf3, Tcf4, Tcf7, Tcf7l1, Tcf7l2, Tcfl5, Tcof1, Tcp10a, Tcp10b, Tcp10c, Tdg, Tdrd3, Tead1, Tead2, Tead3, Tead4, Tef, Tefm, Tenm1, Tenm2, Terf2ip, Tert, Tesc, Tescl, Tesmin, Tet1, Tet2, Tet3, Tex24, Tfam, Tfap2a, Tfap2b, Tfap2c, Tfap2d, Tfap2e, Tfap4, Tfb1m, Tfb2m, Tfcp2, Tfcp2l1, Tfdp1, Tfdp2, Tfe3, Tfeb, Tfec, Tfpt, Tfr2, Tfrc, Tgfb1, Tgfb1i1, Tgfb2, Tgfb3, Tgfbr1, Tgfbr3, Tgfbrap1, Tgif1, Tgif2, Thap1, Thap11, Thap3, Thap7, Thra, Thrap3, Thrb, Ticam1, Timeless, Tirap, Tle1, Tle2, Tle3, Tle4, Tle5, Tle6, Tlr2, Tlr3, Tlr4, Tlr7, Tlr9, Tlx1, Tlx2, Tlx3, Tmf1, Tmigd3, Tmpo, Tmprss6, Tmsb4x, Tnf, Tnfaip3, Tnfrsf11a, Tnfrsf1a, Tnfrsf4, Tnfsf11, Tnfsf18, Tnfsf4, Tnfsf8, Tnip1, Tnip2, Tnip3, Tnks, Tnni2, Tnp1, Tob1, Top1, Top2a, Topaz1, Topors, Tox, Tox2, Tox3, Tox4, Tpr, Traf1, Traf2, Traf3, Traf3ip1, Traf5, Traf6, Traf7, Traip, Trak2, Trappc9, Trerf1, Trf, Triap1, Trib1, Trib2, Trib3, Trim11, Trim12a, Trim12c, Trim13, Trim14, Trim15, Trim21, Trim24, Trim25, Trim26, Trim27, Trim28, Trim29, Trim30a, Trim30b, Trim30c, Trim30d, Trim31, Trim32, Trim37, Trim38, Trim40, Trim44, Trim5, Trim52, Trim6, Trim62, Trim66, Trim8, Trip4, Trmt112, Tro, Trp53, Trp53bp1, Trp53inp1, Trp53inp2, Trp63, Trp73, Trps1, Trpv1, Trpv4, Trrap, Tsc2, Tsc22d1, Tsc22d2, Tsc22d3, Tsc22d4, Tsg101, Tshz1, Tshz2, Tshz3, Tsix, Tssk4, Ttc21b, Ttc39aos1, Ttc5, Ttf1, Ttf2, Tunar, Tut4, Twist1, Twist2, Twnk, Txk, Txn1, Txnip, Uba3, Ube2e1, Ube2i, Ube2l3, Ube2n, Ube3a, Ublcp1, Ubp1, Ubtf, Ubtfl1, Uchl5, Ucn, Ucp1, Ufl1, Uhrf1, Uimc1, Uncx, Uri1, Usf1, Usf2, Usf3, Usp13, Usp15, Usp16, Usp2, Usp21, Usp22, Usp3, Usp47, Usp7, Uspl1, Utf1, Utp15, Utp4, Uxt, Vax1, Vax2, Vdr, Vegfa, Vezf1, Vgll1, Vgll2, Vgll3, Vgll4, Vhl, Vps72, Vrtn, Vsx1, Vsx2, Wac, Was, Wasl, Wbp2, Wbp2nl, Wdr43, Wdr5, Wdr75, Wdr77, Wdr82, Wdtc1, Wfs1, Wiz, Wnk1, Wnt1, Wnt10b, Wnt11, Wnt2, Wnt3a, Wnt4, Wnt5a, Wnt6, Wnt7a, Wt1, Wtip, Wwc1, Wwc2, Wwox, Wwp1, Wwp2, Wwtr1, Xab2, Xbp1, Xcl1, Xpa, Xpc, Xpo1, Xrcc5, Xrcc6, Xrn2, Yaf2, Yap1, Ybx1, Ybx3, Yeats2, Yeats4, Yes1, Ylpm1, Ywhab, Ywhah, Ywhaq, Ywhaq-ps3, Ywhaz, Yy1, Yy2, Zbed3, Zbed4, Zbed6, Zbtb1, Zbtb10, Zbtb11, Zbtb12, Zbtb14, Zbtb16, Zbtb17, Zbtb18, Zbtb2, Zbtb20, Zbtb21, Zbtb22, Zbtb24, Zbtb25, Zbtb26, Zbtb3, Zbtb32, Zbtb33, Zbtb34, Zbtb37, Zbtb38, Zbtb39, Zbtb4, Zbtb40, Zbtb41, Zbtb42, Zbtb43, Zbtb45, Zbtb46, Zbtb47, Zbtb48, Zbtb49, Zbtb5, Zbtb6, Zbtb7a, Zbtb7b, Zbtb7c, Zbtb8a, Zbtb8b, Zbtb9, Zc3h12a, Zc3h4, Zc3h6, Zc3h8, Zc4h2, Zcchc12, Zeb1, Zeb2, Zfa-ps, Zfat, Zfhx2, Zfhx3, Zfhx4, Zfp1, Zfp1004, Zfp1005, Zfp1006, Zfp1007, Zfp101, Zfp1010, Zfp105, Zfp11, Zfp110, Zfp111, Zfp112, Zfp113, Zfp119a, Zfp119b, Zfp12, Zfp120, Zfp125, Zfp128, Zfp13, Zfp131, Zfp14, Zfp141, Zfp142, Zfp143, Zfp146, Zfp148, Zfp157, Zfp160, Zfp169, Zfp174, Zfp175, Zfp180, Zfp182, Zfp184, Zfp189, Zfp2, Zfp202, Zfp212, Zfp213, Zfp217, Zfp219, Zfp229, Zfp236, Zfp239, Zfp24, Zfp248, Zfp251, Zfp26, Zfp260, Zfp263, Zfp266, Zfp267, Zfp268, Zfp27, Zfp273, Zfp275, Zfp276, Zfp28, Zfp280b, Zfp280c, Zfp280d, Zfp281, Zfp286, Zfp287, Zfp292, Zfp296, Zfp3, Zfp30, Zfp316, Zfp317, Zfp318, Zfp319, Zfp322a, Zfp324, Zfp326, Zfp329, Zfp334, Zfp335, Zfp341, Zfp345, Zfp35, Zfp352, Zfp354a, Zfp354b, Zfp354c, Zfp358, Zfp36, Zfp362, Zfp366, Zfp367, Zfp369, Zfp37, Zfp382, Zfp383, Zfp384, Zfp386, Zfp39, Zfp395, Zfp397, Zfp398, Zfp40, Zfp407, Zfp408, Zfp41, Zfp410, Zfp418, Zfp42, Zfp420, Zfp422, Zfp423, Zfp426, Zfp429, Zfp433, Zfp438, Zfp442, Zfp444, Zfp445, Zfp446, Zfp449, Zfp451, Zfp454, Zfp455, Zfp456, Zfp457, Zfp458, Zfp459, Zfp46, Zfp462, Zfp467, Zfp469, Zfp472, Zfp473, Zfp488, Zfp493, Zfp503, Zfp507, Zfp51, Zfp512b, Zfp513, Zfp516, Zfp518a, Zfp518b, Zfp52, Zfp521, Zfp523, Zfp524, Zfp53, Zfp534, Zfp536, Zfp54, Zfp541, Zfp551, Zfp553, Zfp558, Zfp560, Zfp563, Zfp566, Zfp568, Zfp57, Zfp574, Zfp575, Zfp579, Zfp58, Zfp580, Zfp582, Zfp583, Zfp59, Zfp593, Zfp595, Zfp597, Zfp599, Zfp60, Zfp600, Zfp605, Zfp606, Zfp607a, Zfp607b, Zfp608, Zfp609, Zfp612, Zfp616, Zfp617, Zfp619, Zfp62, Zfp623, Zfp626, Zfp628, Zfp629, Zfp637, Zfp639, Zfp64, Zfp641, Zfp644, Zfp646, Zfp647, Zfp648, Zfp65, Zfp652, Zfp653, Zfp654, Zfp655, Zfp658, Zfp661, Zfp663, Zfp664, Zfp667, Zfp668, Zfp672, Zfp677, Zfp68, Zfp683, Zfp689, Zfp69, Zfp691, Zfp692, Zfp696, Zfp697, Zfp7, Zfp703, Zfp704, Zfp706, Zfp707, Zfp708, Zfp709, Zfp710, Zfp711, Zfp712, Zfp715, Zfp719, Zfp72, Zfp729a, Zfp729b, Zfp735, Zfp738, Zfp74, Zfp740, Zfp746, Zfp747, Zfp747l1, Zfp748, Zfp750, Zfp758, Zfp759, Zfp760, Zfp763, Zfp764, Zfp764l1, Zfp768, Zfp770, Zfp771, Zfp772, Zfp773, Zfp775, Zfp777, Zfp78, Zfp780b, Zfp784, Zfp786, Zfp787, Zfp788, Zfp790, Zfp791, Zfp799, Zfp808, Zfp809, Zfp81, Zfp810, Zfp811, Zfp819, Zfp82, Zfp820, Zfp821, Zfp825, Zfp827, Zfp84, Zfp846, Zfp85, Zfp850, Zfp853, Zfp865, Zfp866, Zfp867, Zfp868, Zfp869, Zfp87, Zfp870, Zfp871, Zfp872, Zfp873, Zfp874a, Zfp874b, Zfp879, Zfp882, Zfp9, Zfp90, Zfp91, Zfp92, Zfp93, Zfp930, Zfp931, Zfp932, Zfp933, Zfp934, Zfp935, Zfp937, Zfp938, Zfp940, Zfp941, Zfp942, Zfp943, Zfp944, Zfp945, Zfp946, Zfp947, Zfp948, Zfp949, Zfp950, Zfp951, Zfp952, Zfp954, Zfp955a, Zfp955b, Zfp956, Zfp958, Zfp959, Zfp960, Zfp961, Zfp963, Zfp964, Zfp966, Zfp97, Zfp970, Zfp971, Zfp973, Zfp974, Zfp975, Zfp976, Zfp977, Zfp979, Zfp980, Zfp981, Zfp982, Zfp983, Zfp984, Zfp985, Zfp987, Zfp988, Zfp989, Zfp990, Zfp991, Zfp992, Zfp994, Zfp995, Zfp998, Zfpm1, Zfpm2, Zfta, Zfx, Zfy1, Zfy2, Zglp1, Zgpat, Zgrf1, Zhx1, Zhx2, Zhx3, Zic1, Zic2, Zic3, Zic4, Zic5, Zik1, Zim1, Zkscan1, Zkscan14, Zkscan16, Zkscan17, Zkscan2, Zkscan3, Zkscan4, Zkscan5, Zkscan6, Zkscan7, Zkscan8, Zmiz1, Zmiz2, Zmpste24, Zmym2, Zmym5, Zmynd11, Zmynd15, Zmynd8, Znhit1, Zp3, Zscan10, Zscan12, Zscan2, Zscan20, Zscan21, Zscan22, Zscan25, Zscan26, Zscan29, Zscan4-ps1, Zscan4-ps2, Zscan4-ps3, Zscan4b, Zscan4c, Zscan4d, Zscan4e, Zscan4f, Zscan5b, Zxdb, Zxdc, Zzz3
GO:0016043	cellular component organization	7039	154	102.54	1.2e-08	6.864e-6	1700028K03Rik, 2300002M23Rik, 2310057M21Rik, 2610042L04Rik, 2700049A03Rik, 4921509C19Rik, 4930402K13Rik, 4930447C04Rik, 4930451I11Rik, 4930480E11Rik, 4930544G11Rik, 4930550C14Rik, 4933427D14Rik, 5730455P16Rik, 9930111J21Rik1, a, A4galt, Aaas, Aak1, Aar2, Aatk, Abca1, Abca12, Abca13, Abca2, Abca3, Abca4, Abca5, Abca7, Abcb1a, Abcb1b, Abcb4, Abcb6, Abcb7, Abcb8, Abcc1, Abcc4, Abcc8, Abcc9, Abcd1, Abcd2, Abcd3, Abcd4, Abce1, Abcg1, Abcg2, Abhd17a, Abhd17b, Abhd17c, Abi1, Abi2, Abi3, Abi3bp, Abitram, Abl1, Abl2, Ablim1, Ablim2, Ablim3, Abr, Abra, Abraxas1, Abraxas2, Abt1, Acaa2, Acaca, Acacb, Acad9, Acan, Acap3, Acd, Ace, Ace2, Ache, Acin1, Acot13, Acot8, Acox1, Acp1, Acp2, Acp3, Acp4, Acrbp, Acsl3, Acsl4, Acsl6, Acta1, Actb, Actbl2, Actc1, Acte1, Actg1, Actl6a, Actl6b, Actl7a, Actl9, Actn1, Actn2, Actn3, Actn4, Actr2, Actr3, Actr5, Actr6, Actr8, Acvr1b, Acvr1c, Acvrl1, Adam10, Adam15, Adam17, Adam1a, Adam8, Adam9, Adamts1, Adamts10, Adamts12, Adamts13, Adamts14, Adamts15, Adamts16, Adamts17, Adamts18, Adamts19, Adamts2, Adamts20, Adamts3, Adamts4, Adamts5, Adamts6, Adamts7, Adamts8, Adamts9, Adamtsl1, Adamtsl2, Adamtsl4, Adar, Adarb1, Adck1, Adcy1, Adcy10, Adcy6, Adcy8, Adcyap1, Add1, Add2, Add3, Adgrb1, Adgrb2, Adgrb3, Adgre5, Adgrf1, Adgrg6, Adgrl1, Adgrl2, Adgrl3, Adgrl4, Adgrv1, Adipoq, Adipor1, Adipor2, Adm, Adnp, Adora2a, Adprhl1, Adrb1, Adrb2, Adrm1, Adrm1b, Adtrp, Aebp1, Aebp2, Afdn, Aff2, Afg1l, Afg2a, Afg2b, Afg3l1, Afg3l2, Agap2, Agap3, Ager, Agfg1, Agfg2, Agk, Ago1, Ago2, Ago3, Ago4, Agrn, Agt, Agtpbp1, Ahctf1, Ahcyl1, Ahi1, Ahr, Ahsg, Aicda, Aida, Aif1, Aif1l, Aifm1, Aifm2, Aim2, Aimp2, Airn, Ajm1, Ajuba, AK157302, Ak6, Ak7, Akain1, Akap11, Akap13, Akap4, Akap5, Akap6, Akap8, Akap8l, Akap9, Akirin1, Akt1, Akt1s1, Akt2, Akt3, Aktip, Alad, Alcam, Aldh1a2, Aldh1a3, Aldh9a1, Aldoa, Aldob, Alk, Alkal1, Alkal2, Alkbh1, Alkbh4, Alkbh5, Alkbh7, Alms1, Alox15, Alox5ap, Alpk1, Alpk2, Alpk3, Alpl, Als2, Als2cl, Ambn, Ambra1, Amigo1, Amigo2, Amigo3, Amot, Amotl1, Amotl2, Amph, Anapc1, Anapc11, Anapc15, Anapc15-ps, Anapc2, Anapc4, Anapc5, Anapc7, Ang, Angpt1, Angptl7, Ank1, Ank2, Ank3, Ankfn1, Ankfy1, Ankk1, Ankle1, Ankle2, Ankra2, Ankrd1, Ankrd13a, Ankrd13b, Ankrd13d, Ankrd23, Ankrd24, Ankrd27, Ankrd31, Ankrd53, Ankrd66, Anks4b, Ankzf1, Anln, Ano1, Ano3, Ano4, Ano5, Ano6, Ano7, Ano9, Anp32b, Anp32e, Antkmt, Antxr1, Antxr2, Anxa1, Anxa2, Anxa7, Anxa8, Ap1ar, Ap1b1, Ap1g1, Ap1m1, Ap1s1, Ap1s2, Ap1s3, Ap2a1, Ap2b1, Ap2m1, Ap3b1, Ap3b2, Ap3d1, Ap3m1, Ap3m2, Ap3s1, Ap3s2, Ap4m1, Ap5z1, Apaf1, Apbb1, Apbb2, Apc, Apc2, Apcs, Apela, Apex1, Apip, Aplf, Apln, Aplnr, Aplp1, Aplp2, Apoa1, Apoa2, Apoa4, Apoa5, Apob, Apobec1, Apobec2, Apobec3, Apoc1, Apoc2, Apoc2l, Apoc3, Apod, Apoe, Apom, Apoo, Apool, App, Appl1, Appl2, Aqp1, Aqp11, Aqp2, Aqp4, Aqp5, Aqr, Ar, Araf, Arap1, Arap2, Arap3, Arb2a, Arc, Areg, Arf1, Arf4, Arf6, Arfgap1, Arfgap2, Arfgap3, Arfgef1, Arfgef2, Arfip1, Arfip2, Arhgap10, Arhgap12, Arhgap17, Arhgap18, Arhgap21, Arhgap22, Arhgap24, Arhgap25, Arhgap28, Arhgap32, Arhgap33, Arhgap33os, Arhgap35, Arhgap39, Arhgap4, Arhgap40, Arhgap44, Arhgap5, Arhgap6, Arhgef1, Arhgef10, Arhgef10l, Arhgef15, Arhgef16, Arhgef17, Arhgef18, Arhgef19, Arhgef2, Arhgef25, Arhgef26, Arhgef28, Arhgef4, Arhgef5, Arhgef6, Arhgef7, Arhgef9, Arid1a, Arid1b, Arid2, Arid4a, Arid4b, Ark2c, Arl1, Arl13a, Arl13b, Arl2, Arl3, Arl6, Arl6ip1, Arl8b, Armc12, Armc2, Armc9, Armcx3, Armh3, Arpc1a, Arpc1b, Arpc2, Arpc3, Arpc4, Arpc5, Arpc5l, Arpin, Arrb1, Arrb2, Arsb, Arsg, Artn, Arv1, Arx, Asap1, Asap3, Asb2, Ascc2, Ascc3, Asf1a, Asf1b, Ash1l, Ash2l, Asic1, Asic2, Asph, Aspm, Asxl1, Asz1, Atad1, Atad2, Atad2b, Atad3a, Atat1, Atcay, Atf1, Atf2, Atf5, Atf6b, Atf7ip, Atg10, Atg101, Atg12, Atg13, Atg14, Atg16l1, Atg16l2, Atg2a, Atg2b, Atg3, Atg4a, Atg4a-ps, Atg4b, Atg4c, Atg4d, Atg5, Atg7, Atg9a, Atg9b, Atl1, Atl2, Atl3, Atm, Atmin, Atoh1, Atoh7, Atp10a, Atp10b, Atp10d, Atp11a, Atp11b, Atp11c, Atp13a2, Atp13a4, Atp13a5, Atp1a3, Atp1b2, Atp23, Atp2a1, Atp2a2, Atp2b2, Atp2c1, Atp5f1d, Atp5if1, Atp5mc2, Atp5mc3, Atp6ap1, Atp6ap2, Atp6v0a1, Atp6v0a4, Atp6v0c, Atp6v0d1, Atp6v0e2, Atp6v1a, Atp6v1b1, Atp6v1b2, Atp6v1c1, Atp6v1d, Atp6v1e1, Atp6v1f, Atp6v1g1, Atp6v1g2, Atp6v1g3, Atp6v1h, Atp7a, Atp8a1, Atp8a2, Atp8b1, Atp8b2, Atp8b3, Atp8b4, Atp8b5, Atp9a, Atp9b, Atpaf1, Atpaf2, Atpsckmt, Atr, Atrx, Atxn10, Atxn1l, Atxn2, Atxn2l, Atxn3, Atxn7, Atxn7l3, AU040320, Aunip, Aup1, Aurka, Aurkb, Aurkc, Auts2, Avil, Avp, Avpr1a, Axdnd1, Axin1, Axin2, Axl, Azin1, Azin2, B2m, B3glct, B3gnt2, B4galnt1, B4galt1, B4galt5, B4galt6, B4galt7, B4gat1, B9d1, B9d2, Babam1, Babam2, Bacc1, Bace2, Bad, Bag4, Bag5, Bag6, Bahcc1, Bahd1, Baiap2, Baiap2l1, Baiap2l2, Baiap3, Bak1, Banf1, Banf2, Banp, Bap1, Barhl2, Basp1, Bax, Baz1a, Baz1b, Baz2a, Bbc3, Bbip1, Bbln, Bbof1, Bbs1, Bbs10, Bbs12, Bbs2, Bbs4, Bbs5, Bbs7, Bbs9, BC004004, BC005624, BC034090, BC048507, Bcan, Bcar1, Bcas2, Bcas3, Bccip, Bcl10, Bcl11a, Bcl11b, Bcl2, Bcl2a1a, Bcl2a1b, Bcl2a1c, Bcl2a1d, Bcl2l1, Bcl2l10, Bcl2l11, Bcl2l13, Bcl2l2, Bcl3, Bcl6, Bcl7a, Bcl7b, Bcl7c, Bcor, Bcorl1, Bcr, Bcs1l, Bdkrb1, Bdnf, Bdp1, Becn1, Becn2, Bend2, Bend3, Best1, Bet1, Bet1l, Bex1, Bfsp1, Bfsp2, Bhlha15, Bhlhb9, Bhlhe22, Bhlhe23, Bicd1, Bicd2, Bicdl1, Bicra, Bicral, Bid, Bik, Bin1, Bin2, Bin3, Birc2, Birc5, Blcap, Blk, Blm, Bloc1s1, Bloc1s2, Bloc1s3, Bloc1s4, Bloc1s5, Bloc1s6, Bloodlinc, Bltp1, Bltp3b, Blzf1, Bmerb1, Bmf, Bmi1, Bmncr, Bmp10, Bmp2, Bmp2k, Bmp4, Bmp5, Bmp6, Bmp7, Bmpr1b, Bmpr2, Bmx, Bmyc, Bnc1, Bnip1, Bnip2, Bnip3, Bnip3l, Bnip3l-ps, Boc, Bok, Bola2, Bola3, Bop1, Bora, Borcs5, Borcs6, Borcs7, Borcs8, Bptf, Braf, Brat1, Brca1, Brca2, Brcc3, Brcc3dc, Brd1, Brd2, Brd3, Brd4, Brd7, Brd8, Brd9, Brdt, Brf1, Brf2, Brip1, Brix1, Brk1, Brme1, Brox, Brpf1, Brpf3, Brsk1, Brsk2, Brwd1, Brwd3, Bscl2, Bsg, Bsn, Bst1, Bst2, Btbd18, Btbd3, Btbd8, Btbd9, Btc, Btg2, Btk, Bub1, Bub1b, Bub3, Bud23, C1qa, C1qb, C1qbp, C1qc, C1ql1, C1ql2, C1ql3, C1qtnf9, C2, C2cd2l, C2cd3, C2cd5, C2cd6, C3, C5ar1, C9, C9orf72, Cabcoco1, Cabp1, Cacna1a, Cacna1b, Cacna1f, Cacna1s, Cacna2d2, Cacna2d3, Cacnb4, Cacng2, Cacng7, Cadm1, Cadm4, Cadps, Cadps2, Calcoco2, Cald1, Calhm1, Calhm3, Calm1, Calm2, Calm3, Calm4, Calm5, Calml4, Calr, Caly, Camk1, Camk1d, Camk2a, Camk2b, Camk2g, Camkmt, Camkv, Caml, Camp, Camsap1, Camsap2, Camsap3, Cand1, Cand2, Cap1, Cap2, Capg, Capn1, Capn10, Capn2, Capn3, Capn6, Caprin1, Caprin2, Capza1, Capza1b, Capza2, Capza3, Capzb, Card11, Card9, Carlr, Carm1, Carmil1, Carmil2, Carmil3, Cask, Caskin1, Casp1, Casp3, Casp4, Casp6, Casp7, Casq1, Casq2, Catip, Catsper1, Catsperz, Cav1, Cav2, Cav3, Cavin2, Cavin3, Cavin4, Cbfa2t2, Cbl, Cblb, Cbll1, Cbln1, Cbln2, Cbln3, Cbln4, Cbr4, Cbx1, Cbx2, Cbx3, Cbx4, Cbx5, Cbx6, Cbx7, Cbx8, Cby1, Cc2d1a, Cc2d2a, Cc2d2b, Ccar2, Ccdc103, Ccdc113, Ccdc115, Ccdc120, Ccdc13, Ccdc136, Ccdc146, Ccdc159, Ccdc170, Ccdc187, Ccdc28b, Ccdc32, Ccdc38, Ccdc39, Ccdc40, Ccdc42, Ccdc47, Ccdc51, Ccdc57, Ccdc61, Ccdc63, Ccdc65, Ccdc66, Ccdc68, Ccdc69, Ccdc78, Ccdc8, Ccdc80, Ccdc85b, Ccdc88a, Ccdc88b, Ccdc88c, Ccdc96, Cck, Cckar, Ccl11, Ccl12, Ccl19, Ccl2, Ccl21a, Ccl21b, Ccl21d, Ccl21e, Ccl21f, Ccl24, Ccl26, Ccl27a, Ccl3, Ccl5, Ccl7, Ccl8, Ccm2, Ccn1, Ccn2, Ccn3, Ccn4, Ccn5, Ccnb1, Ccnb1-ps, Ccnb1ip1, Ccnb2, Ccne1, Ccne2, Ccnf, Ccnl1, Ccnl2, Ccno, Ccp110, Ccr5, Ccr7, Ccsap, Ccser2, Cct2, Cct3, Cct4, Cct5, Cct6a, Cct7, Cct8, Cd14, Cd151, Cd177, Cd209b, Cd22, Cd247, Cd24a, Cd28, Cd2ap, Cd300a, Cd300lf, Cd34, Cd36, Cd38, Cd3d, Cd3e, Cd44, Cd47, Cd53, Cd63, Cd74, Cd9, Cda, Cdan1, Cdc123, Cdc14a, Cdc14b, Cdc16, Cdc20, Cdc20b, Cdc23, Cdc25a, Cdc25b, Cdc25c, Cdc27, Cdc34, Cdc34b, Cdc42, Cdc42bpa, Cdc42bpb, Cdc42bpg, Cdc42ep1, Cdc42ep2, Cdc42ep3, Cdc42ep4, Cdc42ep5, Cdc45, Cdc6, Cdc7, Cdc73, Cdca2, Cdca5, Cdca8, Cdh1, Cdh10, Cdh11, Cdh12, Cdh13, Cdh15, Cdh17, Cdh18, Cdh19, Cdh2, Cdh20, Cdh22, Cdh23, Cdh24, Cdh26, Cdh3, Cdh4, Cdh5, Cdh6, Cdh7, Cdh8, Cdh9, Cdhr1, Cdhr18, Cdhr2, Cdhr5, Cdk1, Cdk10, Cdk11b, Cdk16, Cdk2, Cdk2ap2, Cdk4, Cdk5, Cdk5r1, Cdk5r2, Cdk5rap2, Cdk5rap3, Cdk9, Cdkl1, Cdkl3, Cdkl5, Cdkn1a, Cdkn1b, Cdkn1c, Cdkn2a, Cdkn2aip, Cdkn2c, Cdkn2d, Cdkn3, Cdnf, Cds1, Cds2, Cdsn, Cdt1, Cdyl, Ceacam1, Ceacam2, Cebpa, Cebpg, Cecr2, Celf1, Celf2, Celf3, Celf4, Celf5, Celf6, Celsr1, Celsr2, Celsr3, Cenatac, Cenpa, Cenpc1, Cenpe, Cenph, Cenpi, Cenpk, Cenpn, Cenpo, Cenpp, Cenps, Cenpt, Cenpv, Cenpw, Cenpx, Cep120, Cep126, Cep128, Cep131, Cep135, Cep152, Cep162, Cep164, Cep19, Cep192, Cep20, Cep250, Cep290, Cep295, Cep295nl, Cep350, Cep41, Cep43, Cep44, Cep55, Cep57, Cep63, Cep68, Cep70, Cep72, Cep76, Cep78, Cep83, Cep85, Cep89, Cep97, Cers2, Cert1, Ces1d, Ces1g, Cetn1, Cetn2, Cetn3, Cetn4, Cfap100, Cfap119, Cfap126, Cfap157, Cfap161, Cfap20, Cfap206, Cfap221, Cfap298, Cfap410, Cfap43, Cfap44, Cfap47, Cfap53, Cfap54, Cfap57, Cfap58, Cfap61, Cfap65, Cfap69, Cfap70, Cfap73, Cfap74, Cfap91, Cfap97d1, Cfdp1, Cfh, Cfl1, Cfl2, Cflar, Cfp, Cftr, Cggbp1, Cgn, Cgnl1, Cgref1, Cgrrf1, Ch25h, Chadl, Chaer1, Chaf1a, Chaf1b, Champ1, Chat, Chchd10, Chchd2, Chchd3, Chchd4, Chchd6, Chchd7, Chd1, Chd1l, Chd2, Chd3, Chd4, Chd5, Chd6, Chd7, Chd8, Chd9, Chek1, Chek2, Chfr, Chka, Chl1, Chmp1a, Chmp1b, Chmp1b2, Chmp2a, Chmp2b, Chmp3, Chmp4b, Chmp4c, Chmp5, Chmp6, Chmp7, Chn1, Chn2, Chodl, Chordc1, Chp1, Chrac1, Chrd, Chrdl1, Chrna1, Chrna3, Chrna7, Chrnb1, Chrnb2, Chtf18, Chtf8, Chtop, Ciao1, Ciao2a, Ciao2b, Ciao3, Ciapin1, Cib1, Cibar1, Cibar2, Cidea, Cideb, Cidec, Ciita, Cilk1, Cimap3, Cip2a, Cirbp, Cit, Ckap2, Ckap5, Cks2, Clasp1, Clasp2, Clcn2, Clcn3, Clcn4, Cldn1, Cldn10, Cldn11, Cldn13, Cldn14, Cldn15, Cldn16, Cldn17, Cldn18, Cldn19, Cldn2, Cldn22, Cldn23, Cldn24, Cldn3, Cldn34a, Cldn34b1, Cldn34b2, Cldn34b3, Cldn34b4, Cldn34c1, Cldn34c2, Cldn34c3, Cldn34c4, Cldn34c5, Cldn34c6, Cldn34d, Cldn4, Cldn5, Cldn6, Cldn7, Cldn8, Cldn9, Clec16a, Clec2i, Clec7a, Clgn, Clic5, Clint1, Clip1, Clip2, Clip3, Clip4, Clk1, Clk2, Clk3, Clk4, Clmn, Cln3, Cln5, Cln6, Cln8, Clns1a, Clock, Clp1, Clpb, Clptm1l, Clrn1, Clrn2, Clstn1, Clstn2, Clstn3, Clta, Cltc, Cltrn, Clu, Cluap1, Cluh, Clvs1, Clvs2, Clxn, Clybl, Cma1, Cngb1, Cnksr2, Cnn1, Cnn2, Cnn3, Cnot1, Cnot2, Cnot6, Cnot6l, Cnot7, Cnp, Cnr1, Cntd1, Cntf, Cntln, Cntn1, Cntn2, Cntn3, Cntn4, Cntn5, Cntn6, Cntnap1, Cntnap2, Cntnap4, Cntrob, Coa3, Coa4, Coa5, Coa6, Coa7, Coa8, Cobl, Cog1, Cog2, Cog3, Cog4, Cog5, Cog6, Cog7, Cog8, Coil, Col10a1, Col11a1, Col11a2, Col13a1, Col14a1, Col15a1, Col16a1, Col17a1, Col18a1, Col19a1, Col1a1, Col1a2, Col22a1, Col23a1, Col24a1, Col25a1, Col27a1, Col28a1, Col2a1, Col3a1, Col4a1, Col4a2, Col4a3, Col4a4, Col4a5, Col4a6, Col5a1, Col5a2, Col5a3, Col6a1, Col6a4, Col6a5, Col6a6, Col7a1, Col8a1, Col8a2, Col9a1, Col9a2, Col9a3, Colec10, Colec11, Colec12, Colgalt1, Colq, Commd5, Comp, Coprs, Cops7a, Cops7b, Cops8, Coq7, Coro1a, Coro1b, Coro1c, Coro2b, Coro6, Coro7, Cotl1, Cox10, Cox14, Cox15, Cox16, Cox17, Cox18, Cox19, Cox20, Cox7a1, Cox7a2, Cox7a2l, Cpap, Cpb2, Cpeb1, Cpeb3, Cplane1, Cplane2, Cplx1, Cplx2, Cplx3, Cplx4, Cpne1, Cpne5, Cpne6, Cpne9, Cpped1, Cpsf6, Cpsf7, Cptp, Crabp2, Cracd, Crb1, Crb3, Crbn, Creb1, Creb3, Creb3l1, Creb3l2, Crebbp, Crebzf, Creg1, Crhr2, Cript, Crispld2, Crk, Crkl, Crlf3, Crmp1, Crnkl1, Crocc, Crp, Crppa, Crtac1, Crtap, Crtc1, Crtc2, Crtc3, Cryaa, Cryab, Cryz, Csde1, Csf1r, Csf2, Csf2rb, Csf3, Csgalnact1, Csk, Csmd2, Csmd3, Csnk1a1, Csnk1d, Csnk1e, Csnk1g1, Csnk1g2, Csnk1g3, Csnk2a1, Csnk2a2, Cspg4, Cspg5, Csrp1, Csrp2, Csrp3, Cst3, Cstad, Cstb, Ctbp2, Ctc1, Ctcf, Ctcfl, Ctdnep1, Ctdp1, Ctdsp1, Ctdsp2, Ctdspl, Cth, Cthrc1, Ctnna1, Ctnna2, Ctnnb1, Ctnnbip1, Ctnnd2, Ctns, Ctr9, Ctsd, Ctsg, Ctss, Cttn, Cttnbp2, Cul3, Cul4b, Cul7, Cul9, Cutc, Cux1, Cux2, Cwh43, Cx3cl1, Cx3cr1, Cxadr, Cxcl10, Cxcl12, Cxcl13, Cxcl16, Cxcl5, Cxcl9, Cxcr4, Cyba, Cyfip1, Cyfip2, Cylc1, Cylc2, Cyld, Cyp1b1, Cyp26b1, Cyp26c1, Cyp27b1, Cyp2j6, Cyren, Cyria, Cyrib, Cyth2, D130043K22Rik, D16Ertd472e, D1Pas1, D7Ertd443e, Daam1, Daam2, Dab1, Dab2, Dab2ip, Dact1, Dact3, Dag1, Dap3, Dapk1, Dapk2, Dapk3, Daw1, Daxx, Dazap2, Dazl, Dbn1, Dbndd2, Dbnl, Dcaf1, Dcaf13, Dcaf17, Dcbld2, Dcc, Dcdc2a, Dclk1, Dclk2, Dclk3, Dclre1b, Dclre1c, Dcn, Dcp2, Dcst1, Dcst2, Dcstamp, Dctn1, Dctn2, Dctn6, Dcun1d3, Dcun1d5, Dcx, Ddb1, Ddhd1, Ddhd2, Ddit4, Ddr1, Ddr2, Ddrgk1, Ddx1, Ddx10, Ddx11, Ddx17, Ddx18, Ddx19a, Ddx20, Ddx21, Ddx23, Ddx24, Ddx25, Ddx27, Ddx28, Ddx31, Ddx39a, Ddx39b, Ddx3x, Ddx3y, Ddx4, Ddx41, Ddx42, Ddx46, Ddx47, Ddx49, Ddx5, Ddx50, Ddx51, Ddx52, Ddx54, Ddx55, Ddx56, Ddx59, Ddx6, Dedd2, Def8, Degs1, Degs1l, Dek, Dele1, Dennd5a, Denr, Deptor, Derl2, Des, Det1, Deup1, Dffa, Dffb, Dgat1, Dgkb, Dgkd, Dgkg, Dgkq, Dgkz, Dguok, Dhcr24, Dhfr, Dhodh, Dhx15, Dhx29, Dhx30, Dhx32, Dhx33, Dhx34, Dhx36, Dhx37, Dhx40, Dhx57, Dhx58, Dhx8, Dhx9, Diaph1, Diaph2, Diaph3, Dicer1, Dip2a, Dip2b, Dis3l2, Disc1, Dixdc1, Dkc1, Dkk1, Dlc1, Dleu2, Dlg1, Dlg2, Dlg4, Dlg5, Dlgap1, Dlgap3, Dlgap4, Dlgap5, Dll1, Dlx5, Dmac1, Dmac2, Dmap1, Dmc1, Dmd, Dmkn, Dmp1, Dmpk, Dmrt1, Dmrtc2, Dmtn, Dna2, Dnaaf1, Dnaaf10, Dnaaf11, Dnaaf2, Dnaaf3, Dnaaf4, Dnaaf5, Dnaaf6, Dnaaf6rt, Dnah1, Dnah17, Dnah2, Dnah5, Dnah7a, Dnah7b, Dnah7c, Dnah8, Dnai1, Dnai2, Dnai3, Dnai4, Dnaja3, Dnaja4, Dnajb1, Dnajb12, Dnajb13, Dnajb14, Dnajb2, Dnajb6, Dnajb8, Dnajc11, Dnajc13, Dnajc15, Dnajc16, Dnajc17, Dnajc2, Dnajc6, Dnajc9, Dnal1, Dnali1, Dnase1l3, Dnase2a, Dnase2b, Dnhd1, Dnlz, Dnm1, Dnm1l, Dnm2, Dnm3, Dnmbp, Dnmt1, Dnmt3a, Dnmt3b, Dnmt3l, Dnph1, Doc2a, Doc2b, Doc2g, Dock1, Dock10, Dock11, Dock2, Dock4, Dock5, Dock7, Dok7, Dot1l, Dpf1, Dpf2, Dpf3, Dpp4, Dppa1, Dppa2, Dppa3, Dpt, Dpy30, Dpysl2, Dpysl3, Dpysl5, Dqx1, Dr1, Draxin, Drc1, Drc7, Drd1, Drd2, Drd3, Drd4, Dreh, Drg1, Drgx, Drp2, Dsc1, Dscam, Dscaml1, Dscc1, Dsg2, Dsg3, Dsp, Dspp, Dst, Dstn, Dstyk, Dtnbp1, Dtx3l, Dubr, Dusp1, Dusp10, Dusp12, Dusp13a, Dusp13b, Dusp14, Dusp15, Dusp18, Dusp19, Dusp2, Dusp21, Dusp22, Dusp23, Dusp26, Dusp28, Dusp29, Dusp3, Dusp4, Dusp6, Dusp7, Dusp8, Dut, Dvl1, Dvl2, Dvl3, Dym, Dync1h1, Dync1i2, Dync1li1, Dync1li2, Dync2h1, Dync2i1, Dync2i2, Dync2li1, Dynll1, Dynlt1a, Dynlt1b, Dynlt1c, Dynlt1f, Dynlt2b, Dyrk1a, Dyrk1b, Dyrk2, Dyrk3, Dyrk4, Dysf, Dzip1, Dzip1l, E2f4, E2f5, Eaf2, Ece1, Ecm2, Ecpas, Ect2, Edc3, Edn1, Edn2, Edn3, Ednra, Eea1, Eed, Eef1akmt1, Eef1akmt2, Eef1akmt3, Eef2k, Eef2kmt, Efcab11, Efemp1, Efemp2, Efhc1, Efhc2, Efhd1, Efl1, Efna1, Efna2, Efna3, Efna4, Efna5, Efnb1, Efnb2, Efnb3, Efr3a, Egf, Egfl6, Egflam, Egfr, Egln1, Egr1, Egr2, Ehbp1l1, Ehd1, Ehd2, Ehd3, Ehd4, Ehmt1, Ehmt2, Ei24, Eid2, Eif1a, Eif1ax, Eif2a, Eif2ak1, Eif2ak2, Eif2ak3, Eif2ak4, Eif2b2, Eif2d, Eif2s1, Eif2s2, Eif2s3x, Eif2s3y, Eif3a, Eif3b, Eif3c, Eif3d, Eif3e, Eif3f, Eif3g, Eif3h, Eif3i, Eif3j1, Eif3j2, Eif3k, Eif3l, Eif3m, Eif4a1, Eif4a2, Eif4a3, Eif4b, Eif4e2, Eif4ebp1, Eif4enif1, Eif4g1, Eif4g2, Eif4g3, Eif4h, Eif5, Eif5a, Eif5a2, Eif5b, Eif6, Elac1, Elapor1, Elavl1, Elavl2, Elavl4, Elf3, Elfn1, Elfn2, Elmo1, Elmo2, Elmo3, Elmod1, Elmod3, Eln, Elp2, Elp6, Emb, Emc1, Emc10, Emc2, Emc3, Emc4, Emc6, Emc7, Emc8, Emc9, Emd, Eme1, Eme2, Emg1, Emilin1, Eml1, Eml2, Eml3, Eml4, Emp1, Emp2, Emp3, Emsy, Emx1, Emx2, Enah, Enc1, Endog, Eng, Enkd1, Eno1, Eno1b, Eno4, Enpp1, Enpp2, Entpd1, Entpd7, Entr1, Eny2, Eomes, Ep300, Ep400, Epas1, Epb41, Epb41l1, Epb41l2, Epb41l3, Epb41l4a, Epb41l4b, Epb41l5, Epc1, Epc2, Epg5, Epgn, Epha1, Epha10, Epha2, Epha3, Epha4, Epha5, Epha6, Epha7, Epha8, Ephb1, Ephb2, Ephb3, Ephb4, Ephb6, Epm2a, Epn1, Epn2, Epo, Epop, Epor, Eppk1, Eps15, Eps8, Eps8l1, Eps8l2, Eps8l3, Eqtn, Eral1, Erbb2, Erbb4, Erc1, Erc2, Ercc1, Ercc2, Ercc3, Ercc4, Ercc6, Ercc6l, Ereg, Erich3, Ermn, Ern1, Ern2, Ero1a, Ero1b, Esam, Esco1, Esco2, Espl1, Espn, Espnl, Esr1, Esyt1, Esyt2, Esyt3, Etf1, Etnppl, Ets1, Etv1, Etv4, Etv5, Etv6, Evi5l, Evl, Evpl, Evx1, Exoc1, Exoc2, Exoc3, Exoc4, Exoc5, Exoc6, Exoc6b, Exoc7, Exoc8, Exog, Exosc10, Exosc2, Exosc4, Exosc9, Ext1, Extl3, Eya1, Eya2, Eya3, Eya4, Ezh1, Ezh2, Ezhip, Ezr, F11r, F2, F2r, F2rl1, F830016B08Rik, Fa2h, Fadd, Faf1, Faf2, Fam107a, Fam110a, Fam110c, Fam149b, Fam161a, Fam161b, Fam162a, Fam168b, Fam171a1, Fam174b, Fam209, Fam20c, Fam3a, Fam47c, Fam47e, Fam50a, Fam50b, Fam83h, Fam91a1, Fam98a, Fanca, Fancd2, Fancg, Fancm, Fap, Farp1, Farp2, Farsa, Farsb, Fas, Fasl, Fastkd2, Fastkd3, Fat1, Fat3, Fat4, Fau, Fbf1, Fbh1, Fbl, Fblim1, Fbln1, Fbln5, Fbp1, Fbxl19, Fbxl2, Fbxo24, Fbxo30, Fbxo31, Fbxo38, Fbxo4, Fbxo43, Fbxo45, Fbxo5, Fbxo7, Fbxw11, Fbxw5, Fbxw7, Fbxw8, Fcer1g, Fcgr1, Fcgr2b, Fcgr3, Fcho1, Fcho2, Fchsd1, Fchsd2, Fcnb, Fdps, Fdx2, Fech, Fen1, Fendrr, Fer, Fer1l4, Fer1l5, Fer1l6, Fermt1, Fermt2, Fermt3, Fes, Fez1, Fez2, Fezf1, Fezf2, Fga, Fgb, Fgd1, Fgd2, Fgd3, Fgd4, Fgf10, Fgf13, Fgf22, Fgf7, Fgf8, Fgfr1, Fgfr2, Fgfr3, Fgfr4, Fgg, Fgr, Fhdc1, Fhip1b, Fhl1, Fhl3, Fhod1, Fhod3, Fig4, Fignl1, Fignl2, Filip1, Fis1, Fitm1, Fitm2, Fkbp10, Fkbp1b, Fkbp4, Fkbp6, Fkrp, Fktn, Flcn, Flg, Flicr, Flii, Flna, Flnb, Flnc, Flot1, Flrt1, Flrt2, Flrt3, Flt1, Flt3, Flt3l, Flt4, Fmc1, Fmn1, Fmn2, Fmnl1, Fmnl2, Fmnl3, Fmr1, Fn1, Fnbp1l, Fnip1, Fnip2, Fnta, Folr1, Folr2, Fosl1, Foxa1, Foxa2, Foxa3, Foxb1, Foxc1, Foxc2, Foxd1, Foxf1, Foxf2, Foxg1, Foxj1, Foxj2, Foxj3, Foxk1, Foxl2, Foxo6, Foxp1, Foxp3, Foxred1, Fpr-rs3, Fpr-rs4, Fpr-rs6, Fpr-rs7, Fpr2, Frey1, Frk, Frmd3, Frmd5, Frmd7, Frmpd2, Frmpd4, Frrs1l, Fry, Fryl, Frzb, Fscn1, Fscn2, Fscn3, Fsd1, Fshr, Fsip1, Fsip2, Fstl4, Ftcd, Ftx, Fundc1, Fus, Fut9, Fuz, Fxn, Fxr1, Fyco1, Fyn, Fzd1, Fzd10, Fzd3, Fzd4, Fzd5, Fzd9, Fzr1, G3bp1, G3bp2, G6pd2, G6pdx, Gaa, Gabarap, Gabarapl1, Gabarapl2, Gabpb1, Gabra1, Gabra2, Gabra3, Gabra4, Gabra5, Gabra6, Gabrb2, Gabrb3, Gabre, Gabrg1, Gabrg2, Gabrg3, Gadd45a, Gak, Galnt11, Galr2, Gan, Gap43, Gapdh, Gapdhrt, Gapdhrt2, Gar1, Garem2, Garin1a, Garin1b, Garin2, Garin3, Garin4, Garin5a, Garin5b, Gas1, Gas2, Gas2l1, Gas2l2, Gas2l3, Gas6, Gas7, Gas8, Gata2, Gata3, Gata5, Gatad1, Gatad2a, Gatad2b, Gba1, Gba2, Gbf1, Gbp2, Gbp2b, Gbp5, Gbx1, Gbx2, Gcc2, Gcfc2, Gch1, Gchfr, Gclc, Gclm, Gcm1, Gcn1, Gda, Gdap1, Gdf15, Gdf2, Gdf7, Gdf9, Gdi1, Gdi2, Gdnf, Gdpd2, Gdpd5, Gem, Gemin2, Gemin4, Gemin5, Gemin6, Gemin6-ps, Gemin7, Gemin8, Gen1, Get1, Get3, Get4, Gfap, Gfi1, Gfm2, Gfod2, Gfra1, Gfra3, Gfy, Ggct, Ggn, Ggnbp1, Ghitm, Ghrl, Ghsr, Gigyf2, Gimap3, Gimap5, Git1, Gja1, Gja10, Gja5, Gjb2, Gjb6, Gjc1, Gjd3, Gk2, Gkn2, Gla, Glce, Gldc, Gldn, Gli2, Gli3, Glipr1l1, Glmn, Glra3, Glrb, Glrx3, Glrx5, Gls, Gltp, Gltpd2, Glyr1, Gm10662, Gm10668, Gm12185, Gm12250, Gm14137, Gm20379, Gm38999, Gm44504, Gm4513, Gm4841, Gm4922, Gm5157, Gm5414, Gm5431, Gm5478, Gm5890, Gm6176, Gm6882, Gm7168, Gm773, Gmfb, Gmfg, Gmnc, Gmnn, Gna13, Gnai1, Gnai3, Gnas, Gnasas1, Gnb3, Gng4, Gnl3, Gnl3l, Gnmt, Gnpat, Gnptab, Golga2, Golga4, Golga5, Golm1, Golph3, Golph3l, Gopc, Gorab, Gorasp1, Gorasp2, Gosr1, Gosr2, Gpaa1, Gpbar1, Gpc1, Gpc2, Gpc3, Gpc4, Gper1, Gphn, Gpihbp1, Gpm6a, Gpm6b, Gpr143, Gpr156, Gpr158, Gpr22, Gpr3, Gpr35, Gpr37, Gpr65, Gprc5b, Gprin1, Gprin2, Gprin3, Gpsm1, Gpsm2, Gpx1, Gpx4, Gramd2a, Grb2, Grb7, Grcc10, Grem1, Grhl1, Grhl2, Grhl3, Gria1, Gria2, Gria3, Grid1, Grid2, Grid2ip, Grik5, Grin1, Grin2a, Grin2b, Grin3a, Grin3b, Grip1, Grip2, Gripap1, Grm5, Grm6, Grm7, Grn, Grwd1, Grxcr1, Grxcr2, Gsdma3, Gsdmd, Gsg1l, Gsk3a, Gsk3b, Gsn, Gspt1, Gspt2, Gtf2a1, Gtf2a2, Gtf2b, Gtf2f2, Gtf2h5, Gtf3c4, Gtpbp2, Gulp1, H19, H1f0, H1f1, H1f10, H1f2, H1f3, H1f4, H1f5, H1f6, H1f7, H1f8, H1f9, H2-Aa, H2-Ab1, H2-D1, H2-DMa, H2-DMb1, H2-DMb2, H2-Ea, H2-Eb1, H2-Eb2, H2-K1, H2-M3, H2-Oa, H2-Ob, H2ab1, H2ab2, H2ab3, H2ac1, H2ac10, H2ac11, H2ac12, H2ac13, H2ac15, H2ac19, H2ac20, H2ac21, H2ac22, H2ac23, H2ac24, H2ac25, H2ac4, H2ac6, H2ac7, H2ac8, H2aj, H2al1a, H2al1b, H2al1e, H2al1f, H2al1j, H2al1k, H2al1m, H2al1n, H2al1o, H2al2a, H2al2b, H2al3, H2ap, H2ax, H2az1, H2az2, H2bc1, H3f3a, H3f3b, H3f3c, H3f5, H4c14, Habp4, Hacd1, Hace1, Hacl1, Hamp, Hamp2, Hap1, Hapln2, Hapln4, Has1, Has2, Has3, Haspin, Hat1, Haus1, Haus2, Haus3, Haus4, Haus5, Haus6, Haus7, Haus8, Havcr1, Hax1, Hbegf, Hbs1l, Hccs, Hcfc1, Hcfc2, Hck, Hcls1, Hcn1, Hdac1, Hdac10, Hdac11, Hdac2, Hdac3, Hdac4, Hdac5, Hdac6, Hdac7, Hdac8, Hdac9, Hdgf, Hdgfl1, Hdgfl2, Hdgfl3, Hecw1, Hecw2, Heg1, Helb, Hells, Helq, Helz2, Hemk1, Hepacam2, Herc1, Hes1, Hes5, Hexa, Hexb, Hey1, Hey2, Hfe, Hfm1, Hgf, Hgs, Hgsnat, Hhex, Hif1a, Higd1a, Higd1b, Higd1c, Higd2a, Hikeshi, Hip1, Hip1r, Hipk1, Hipk2, Hipk3, Hipk4, Hira, Hirip3, Hjurp, Hk2, Hltf, Hmbox1, Hmcn1, Hmcn2, Hmg20a, Hmg20b, Hmga1, Hmga2, Hmgb1, Hmgb2, Hmgb3, Hmgcl, Hmgn1, Hmgn2, Hmgn3, Hmgn5, Hnf1a, Hnf1b, Hnf4a, Hnrnpa2b1, Hnrnpc, Hnrnpd, Hnrnpk, Hnrnpm, Hnrnpu, Hoatz, Homer1, Hook1, Hook2, Hook3, Hopx, Hormad1, Hormad2, Hotair, Hoxa1, Hoxa13, Hoxa2, Hp1bp3, Hpca, Hpf1, Hpn, Hprt1, Hps1, Hps3, Hps4, Hps5, Hps6, Hpse2, Hr, Hras, Hrg, Hrk, Hrnr, Hscb, Hsd17b1, Hsd17b10, Hsd17b12, Hsd17b8, Hsd3b7, Hsf1, Hsf2bp, Hsf5, Hsp90aa1, Hsp90ab1, Hsp90b1, Hspa1a, Hspa1b, Hspa2, Hspa4, Hspa5, Hspa8, Hspa9, Hspb1, Hspd1, Hspg2, Hsph1, Htatsf1, Htr1a, Htr4, Htr7, Htra2, Htt, Hunk, Hus1, Hus1b, Huwe1, Hyal1, Hyal2, Hyal5, Hydin, Hyls1, Hymai, Iapp, Iba57, Ibsp, Ica1, Icam1, Icam5, Ice1, Id1, Idua, Ier3, Ier3ip1, Ifi203, Ifi203-ps, Ifi206, Ifi207, Ifi208, Ifi209, Ifi213, Ifi214, Ifi27, Ifi27l2a, Ifi27l2b, Ifi47, Ifih1, Ifnb1, Ifng, Ifrd1, Ift122, Ift140, Ift172, Ift20, Ift22, Ift25, Ift27, Ift43, Ift46, Ift52, Ift56, Ift57, Ift70a1, Ift70a2, Ift70b, Ift74, Ift80, Ift81, Ift88, Igf1, Igf1r, Igf2, Igf2bp1, Igfals, Igfbp1, Igfbp3, Igfbp4, Igfbp5, Igfbp7, Igfbpl1, Igh-8, Ighg1, Ighg2a, Ighg2b, Ighm, Ighmbp2, Igsf11, Igsf21, Igsf9, Igsf9b, Igtp, Ihh, Iho1, Iigp1, Iigp1c, Ik, Ikbkb, Ikbke, Ikbkg, Ikzf1, Ikzf4, Il10, Il10ra, Il15, Il15ra, Il17a, Il1a, Il1b, Il1rap, Il1rapl1, Il1rapl2, Il2, Il2rb, Il2rg, Il3, Il36g, Il4, Il4ra, Il5, Il6, Il7r, Il9, Il9r, Ildr1, Ilk, Ilkap, Immp2l, Immt, Impact, Impg1, Impg2, Ina, Inava, Incenp, Inf2, Ing2, Ing3, Ing4, Ing5, Inhba, Ino80, Ino80b, Ino80c, Ino80d, Ino80e, Inpp5e, Inpp5f, Inpp5j, Inpp5k, Inppl1, Ins1, Ins2, Insc, Insig1, Insm1, Insr, Insrr, Insyn1, Ints13, Intu, Ip6k2, Iqcb1, Iqcg, Iqgap1, Iqgap2, Iqgap3, Iqschfp, Iqsec1, Iqsec2, Iqsec3, Iqub, Irag2, Irak1, Irak3, Irak4, Irf4, Irgm1, Irgm2, Irx3, Isca1, Isca2, Iscu, Isg15, Isl1, Isl2, Islr2, Ist1, Isy1, Itga1, Itga2, Itga3, Itga4, Itga5, Itga6, Itga8, Itgam, Itgav, Itgb1, Itgb1bp1, Itgb1bp2, Itgb2, Itgb3, Itgb3bp, Itgb4, Itgb5, Itih1, Itk, Itlnb, Itm2c, Itpa, Itpka, Itpr1, Itpr3, Itsn1, Itsn2, Iws1, Izumo1, Izumo1r, Izumo3, Jade1, Jade2, Jade3, Jagn1, Jak1, Jak2, Jak3, Jam3, Jarid2, Jchain, Jdp2, Jhy, Jmjd1c, Jmjd4, Jmjd6, Jmy, Jpx, Jtb, Jun, Jup, Kalrn, Kank1, Kank2, Kank3, Kank4, Kansl1, Kansl2, Kansl3, Kash5, Kat14, Kat2a, Kat2b, Kat5, Kat6a, Kat6b, Kat7, Kat8, Katna1, Katnal1, Katnal2, Katnb1, Katnbl1, Kazald1, Kbtbd13, Kcna1, Kcna10, Kcna2, Kcna3, Kcna4, Kcna5, Kcna6, Kcna7, Kcnb1, Kcnb2, Kcnc1, Kcnc2, Kcnc3, Kcnc4, Kcnd1, Kcnd2, Kcnd3, Kcne1, Kcnf1, Kcng1, Kcng3, Kcng4, Kcnip2, Kcnj10, Kcnj12, Kcnj2, Kcnj8, Kcnk13, Kcnma1, Kcnn4, Kcnq1, Kcnq1ot1, Kcnq2, Kcnq3, Kcnrg, Kcns1, Kcns2, Kcns3, Kcnt1, Kcnv1, Kcnv2, Kctd1, Kctd10, Kctd11, Kctd12, Kctd13, Kctd15, Kctd16, Kctd17, Kctd19, Kctd2, Kctd21, Kctd3, Kctd4, Kctd5, Kctd6, Kctd7, Kctd8, Kctd9, Kdm1a, Kdm1b, Kdm2a, Kdm2b, Kdm3a, Kdm3b, Kdm4a, Kdm4b, Kdm4c, Kdm4d, Kdm5a, Kdm5b, Kdm5c, Kdm5d, Kdm6a, Kdm6b, Kdm7a, Kdm8, Kdr, Kel, Khdc3, Khdc4, Kidins220, Kif11, Kif13a, Kif13b, Kif14, Kif15, Kif17, Kif18a, Kif18b, Kif19a, Kif1a, Kif20a, Kif20b, Kif21a, Kif22, Kif23, Kif24, Kif26a, Kif27, Kif28, Kif2a, Kif2b, Kif2c, Kif3a, Kif3b, Kif3c, Kif4, Kif5a, Kif5b, Kif5c, Kif9, Kifap3, Kifbp, Kifc1, Kifc2, Kifc3, Kifc5b, Kirrel1, Kirrel3, Kiss1r, Kit, Kiz, Klc1, Klc3, Klf1, Klf2, Klf4, Klf5, Klf7, Klhdc10, Klhdc8b, Klhl1, Klhl12, Klhl17, Klhl22, Klhl24, Klhl41, Klk4, Klk5, Klk6, Klk8, Kmt2a, Kmt2b, Kmt2c, Kmt2d, Kmt2e, Kmt5a, Kmt5b, Kmt5c, Kndc1, Knl1, Knstrn, Kntc1, Kpna7, Kpnb1, Kptn, Kras, Kremen1, Krit1, Krt1, Krt10, Krt12, Krt13, Krt14, Krt15, Krt16, Krt17, Krt18, Krt19, Krt2, Krt20, Krt23, Krt24, Krt25, Krt26, Krt27, Krt28, Krt31, Krt32, Krt33a, Krt33b, Krt34, Krt35, Krt36, Krt39, Krt4, Krt40, Krt42, Krt5, Krt6a, Krt6b, Krt7, Krt71, Krt72, Krt73, Krt74, Krt75, Krt76, Krt77, Krt78, Krt79, Krt8, Krt80, Krt81, Krt82, Krt83, Krt84, Krt85, Krt86, Krt87, Krt9, Krt90, Ksr1, Ksr2, Kxd1, Ky, L1cam, L3mbtl1, L3mbtl2, L3mbtl3, L3mbtl4, Lama1, Lama2, Lama3, Lama5, Lamb1, Lamb2, Lamb3, Lamc1, Lamc2, Lamc3, Lamp1, Lamp2, Lamtor1, Lamtor2, Lamtor4, Lamtor5, Laptm4b, Laptm5, Large1, Larp4, Lars1, Lat, Lats1, Lats2, Lbp, Lbr, Lca5, Lca5l, Lcat, Lck, Lcmt1, Lcn2, Lcor, Lcp1, Ldaf1, Ldah, Ldb1, Ldb3, Ldlr, Ldlrap1, Lefty1, Lemd2, Lemd3, Letm1, Letm2, Letmd1, Lgals1, Lgals3, Lgi1, Lgi2, Lgmn, Lgr4, Lhfpl4, Lhfpl5, Lhx1, Lhx2, Lhx3, Lhx4, Lhx9, Liat1, Lichi, Lif, Lifr, Lig3, Lig4, Lima1, Limch1, Limd1, Limd2, Limk1, Limk2, Lims1, Lims2, Lin54, Lin7a, Lin7b, Lin7c, Lingo1, Lingo2, Lingo4, Lipa, Lipc, Lipg, Lix1, Lix1l, Llcfc1, Llgl1, Llgl2, Llph, Lman1, Lman2, Lmna, Lmnb1, Lmnb2, Lmo4, Lmod1, Lmod2, Lmod3, Lmtk2, Lmtk3, Lmx1a, Lmx1b, Lncbate1, Lnpk, Lnx1, Lonp1, Lonp2, Loricrin, Lox, Loxl1, Loxl2, Loxl3, Loxl4, Lpar1, Lpar3, Lpcat2, Lpcat3, Lpin1, Lpl, Lrba, Lrch3, Lrch4, Lrfn1, Lrfn2, Lrfn3, Lrfn4, Lrfn5, Lrguk, Lrif1, Lrig2, Lrit3, Lrp1, Lrp12, Lrp2, Lrp4, Lrp5, Lrp6, Lrp8, Lrpap1, Lrrc23, Lrrc24, Lrrc4, Lrrc4b, Lrrc4c, Lrrc56, Lrrc61, Lrrc7, Lrrc78, Lrrc8a, Lrrc8c, Lrrc8d, Lrrc8e, Lrrk1, Lrrk2, Lrrn1, Lrrn3, Lrrtm1, Lrrtm2, Lrrtm3, Lrrtm4, Lrsam1, Lrtm1, Lrtm2, Lrwd1, Lsm11, Lsm14a, Lsm14b, Lsm2, Lsm3, Lsm4, Lsp1, Lsr, Lst1, Ltbp2, Ltbp4, Ltk, Ltn1, LTO1, Luc7l, Luc7l2, Luc7l3, Lurap1, Luzp1, Lyar, Lyn, Lypd10, Lypd11, Lyrm2, Lyrm4, Lyrm7, Lyset, Lysmd3, Lyst, Lyzl4, Lyzl6, Lzts1, Lzts2, Lzts3, M1ap, Macf1, Macir, Macroh2a1, Macroh2a2, Mad1l1, Mad2l1, Mad2l1bp, Mad2l2, Maea, Mael, Mafb, Mag, Magel2, Magi2, Maip1, Majin, Mak, Mal, Malat1, Man2a1, Mansc4, Map10, Map1a, Map1b, Map1lc3a, Map1lc3b, Map1s, Map2, Map2k1, Map2k2, Map2k3, Map2k4, Map2k5, Map2k6, Map2k7, Map3k1, Map3k13, Map3k19, Map3k20, Map3k4, Map3k7, Map4, Map4k1, Map4k2, Map4k3, Map4k4, Map4k5, Map6, Map6d1, Map7, Map7d1, Map7d2, Map7d3, Map9, Mapk1, Mapk14, Mapk15, Mapk3, Mapk6, Mapk8, Mapk8ip2, Mapk8ip3, Mapk9, Mapkap1, Mapkapk2, Mapkapk3, Mapkapk5, Mapre1, Mapre2, Mapre3, Mapt, Marchf5, Marchf7, Marcks, Marcksl1, Marco, Marf1, Mark1, Mark2, Mark3, Mark4, Marveld2, Marveld3, Mast1, Mast2, Mast3, Mast4, Mastl, Mat1a, Mat2a, Matk, Matn1, Matn2, Matn3, Matn4, Mau2, Mavs, Max, Mbd1, Mbd2, Mbd3, Mbd3l1, Mbd3l2, Mbl1, Mbl2, Mbnl1, Mboat1, Mbp, Mbtd1, Mbtps1, Mcat, Mcf2, Mcidas, Mcl1, Mcm2, Mcm3, Mcm3ap, Mcm4, Mcm5, Mcm6, Mcm7, Mcm8, Mcm9, Mcmbp, Mcmdc2, Mcoln1, Mcph1, Mcrs1, Mctp1, Mcts1, Mcts2, Mcu, Mdc1, Mdga1, Mdga2, Mdk, Mdm1, Mdm2, Mdm4, Mdn1, Mdp1, Me1, Meaf6, Mecom, Mecp2, Med1, Med10, Med11, Med14, Med15, Med16, Med17, Med18, Med19, Med20, Med21, Med22, Med23, Med24, Med25, Med26, Med27, Med28, Med29, Med30, Med31, Med4, Med6, Med7, Med8, Med9, Mef2a, Mef2c, Mefv, Meg3, Megf10, Megf8, Megf9, Mei1, Mei4, Meig1, Meikin, Meiob, Meioc, Meiosin, Melk, Meltf, Men1, Mertk, Mesd, Met, Metrn, Mettl17, Mettl21a, Mettl22, Mettl23, Mettl3, Mettl4, Mettl8, Mex3b, Mexis, Mfap4, Mfap5, Mff, Mfn1, Mfn2, Mfsd14a, Mfsd2a, Mfsd8, Mgarp, Mgll, Mgme1, Mgp, Mgrn1, Mhrt, Mia, Mia3, Mib1, Mical1, Mical2, Mical3, Micall1, Micall2, Micos10, Micos13, Micu1, Mid1, Mid1ip1, Mief1, Mief2, Mien1, Mier1, Mif, Miga1, Miga2, Minar1, Minar2, Mink1, Mios, Mip, Mir124a-1, Mir124a-2, Mir124a-3, Mir127, Mir129-2, Mir132, Mir133a-1hg, Mir136, Mir155, Mir200a, Mir200b, Mir200c, Mir205, Mir208b, Mir212, Mir21a, Mir34b, Mir34c, Mir351, Mir376a, Mir449a, Mir449b, Mir449c, Mir467a-1, Mir467a-10, Mir467a-2, Mir467a-3, Mir467a-4, Mir467a-5, Mir467a-6, Mir467a-7, Mir467a-8, Mir467a-9, Mir539, Mir668, Mir696, Mir744, Mir9-1, Mir9-2, Mir9-3, Mirg, Mis12, Mis18a, Misfa, Misp, Mitd1, Mitf, Mki67, Mkks, Mkln1, Mknk1, Mknk2, Mks1, Mkx, Mlh1, Mlh3, Mlkl, Mllt11, Mllt3, Mllt6, Mlst8, Mmgt1, Mmp10, Mmp11, Mmp12, Mmp13, Mmp14, Mmp15, Mmp16, Mmp17, Mmp19, Mmp1a, Mmp1b, Mmp2, Mmp20, Mmp21, Mmp23, Mmp24, Mmp25, Mmp27, Mmp28, Mmp3, Mmp7, Mmp8, Mmp9, Mms22l, Mnd1, Mndal, Mns1, Mnx1, Moap1, Mob2, Mobp, Morc1, Morc2a, Morc2b, Morf4l1, Morf4l2, Mos, Mospd2, Mov10, Mov10l1, Mpdz, Mphosph8, Mphosph9, Mpo, Mpp2, Mpp7, Mpv17, Mpv17l, Mpv17l2, Mpz, Mpzl3, Mre11a, Mreg, Mrgbp, Mrm2, Mrpl15, Mrpl17, Mrpl39, Mrpl58, Mrps2, Mrps7, Mrrf, Mrtfa, Mrtfb, Mrto4, Ms4a1, Msh2, Msh3, Msh4, Msh5, Msl1, Msl2, Msl3, Msn, Msr1, Msrb1, Msrb2, Mst1, Mst1r, Mstn, Msto1, Msx1, Msx2, mt-Co3, mt-Nd1, mt-Nd2, mt-Nd4, mt-Nd5, mt-Nd6, mt-Rnr1, mt-Rnr2, Mt3, Mta1, Mta2, Mta3, Mtbp, Mtch1, Mtch2, Mtcl1, Mterf1a, Mterf1b, Mterf3, Mterf4, Mtf2, Mtfp1, Mtfr1, Mtfr1l, Mtfr2, Mthfr, Mtif2, Mtif3, Mtln, Mtm1, Mtmr2, Mtmr3, Mtmr4, Mtnap1, Mtor, Mtpn, Mtr, Mtres1, Mtrex, Mtrf1, Mtrf1l, Mtrfr, Mtss1, Mtss2, Mttp, Mtx1, Mtx2, Mtx3, Muc3a, Mul1, Mup1, Mup11, Mup2, Mup3, Mup4, Mup5, Mus81, Musk, Mx2, Myadm, Mybbp1a, Mybl1, Mybl2, Mybpc1, Mybpc2, Mybpc3, Mybph, Myc, Mycbp2, Mycn, Myd88, Myf5, Myh10, Myh11, Myh14, Myh2, Myh6, Myh9, Myl2, Myl9, Mylip, Mylk, Mylk3, Mylk4, Mymk, Mymx, Myo10, Myo15a, Myo16, Myo18a, Myo18b, Myo19, Myo1a, Myo1b, Myo1c, Myo1d, Myo1e, Myo1f, Myo1g, Myo1h, Myo3a, Myo3b, Myo5a, Myo5b, Myo5c, Myo6, Myo7a, Myo7b, Myo9a, Myo9b, Myoc, Myocd, Myod1, Myof, Myog, Myom1, Myom2, Myom3, Myoparr, Myot, Myoz1, Myoz2, Mypn, Myrf, Mysm1, Mzb1, Mzt1, N6amt1, Naa10, Naa20, Naa25, Naa40, Naa50, Naa60, Naa80, Nabp2, Nacc2, Nae1, Naf1, Naglu, Naif1, Nanos1, Nanos2, Nap1l1, Nap1l2, Nap1l3, Nap1l4, Nap1l5, Napa, Napb, Nasp, Nat10, Nat8f3, Nat8f7, Nav1, Nav3, Naxe, Nbdy, Nbea, Nbeal2, Nbl1, Nbn, Ncam1, Ncam2, Ncan, Ncapd2, Ncapd3, Ncapg, Ncapg2, Ncaph, Ncaph2, Ncbp1, Ncdn, Nck1, Nck2, Nckap1, Nckap1l, Nckap5, Nckap5l, Nckipsd, Ncln, Ncmap, Ncoa1, Ncoa3, Ncoa6, Ncor1, Ncor2, Ncs1, Ndc1, Ndc80, Nde1, Ndel1, Ndn, Ndnf, Ndor1, Ndp, Ndrg1, Ndrg4, Ndufa1, Ndufa10, Ndufa11, Ndufa11b, Ndufa12, Ndufa13, Ndufa2, Ndufa3, Ndufa5, Ndufa6, Ndufa8, Ndufa9, Ndufab1, Ndufab1-ps, Ndufaf1, Ndufaf2, Ndufaf3, Ndufaf4, Ndufaf5, Ndufaf6, Ndufaf7, Ndufaf8, Ndufb1, Ndufb10, Ndufb11, Ndufb11b, Ndufb2, Ndufb3, Ndufb4, Ndufb4b, Ndufb4c, Ndufb5, Ndufb6, Ndufb7, Ndufb8, Ndufb9, Ndufc1, Ndufc2, Ndufs1, Ndufs2, Ndufs3, Ndufs4, Ndufs5, Ndufs6, Ndufs7, Ndufs8, Neat1, Neb, Nebl, Necab2, Nectin1, Nectin2, Nectin3, Nedd1, Nedd4, Nedd4l, Nedd8, Nedd9, Nefh, Nefl, Nefm, Negr1, Nek1, Nek10, Nek11, Nek2, Nek3, Nek4, Nek5, Nek6, Nek7, Nek8, Nek9, Nell2, Nemf, Nemp1, Neo1, Nepn, Nes, Neu1, Neu3, Neu4, Neurl1a, Neurl2, Neurl4, Neurod1, Neurod2, Neurod4, Neurod6, Neurog1, Neurog2, Neurog3, Nexn, Nf1, Nf2, Nfasc, Nfat5, Nfatc2, Nfatc4, Nfe2, Nfe2l1, Nfe2l2, Nfia, Nfib, Nfix, Nfkb2, Nfkbiz, Nfrkb, Nfs1, Nfu1, Ngb, Ngef, Ngf, Ngfr, Ngrn, Nherf1, Nhp2, Nid1, Nim1k, Nin, Ninj1, Ninl, Nip7, Nipbl, Nipsnap2, Nisch, Nkd2, Nkx2-1, Nkx2-5, Nkx2-9, Nkx6-1, Nlgn1, Nlgn2, Nlgn3, Nlgn4l, Nlrc3, Nlrc4, Nlrp1a, Nlrp1b, Nlrp3, Nlrp4f, Nlrp5, Nlrp6, Nme1, Nme2, Nme3, Nme5, Nme6, Nme7, Nme8, Nmnat1, Noa1, Noct, Nod2, Nog, Nol3, Nolc1, Nomo1, Nop10, Nop2, Nop53, Nopchap1, Norad, Nos1ap, Notch1, Notch3, Noto, Nova2, Nox1, Nox4, Noxo1, Npas4, Npc1, Nphp1, Nphp3, Nphp4, Nphs1, Nphs2, Nploc4, Npm1, Npm2, Npm3, Npnt, Nppa, Nppb, Nppc, Npr2, Nptn, Nptx1, Nptxr, Npy, Nr1h2, Nr1h3, Nr1h4, Nr2e1, Nr2f1, Nr3c1, Nr4a1, Nr4a2, Nr4a3, Nrap, Nrcam, Nrdc, Nrde2, Nrep, Nrf1, Nrg1, Nrg2, Nrg3, Nrk, Nrn1, Nrn1l, Nrp1, Nrp2, Nrtn, Nrxn1, Nrxn2, Nrxn3, Nsd1, Nsd2, Nsd3, Nsf, Nsfl1c, Nsg1, Nsg2, Nsl1, Nsmce2, Nsmf, Nsun4, Nsun7, Ntf3, Ntf5, Ntm, Ntmt1, Ntn1, Ntn3, Ntn4, Ntn5, Ntng1, Ntng2, Ntpcr, Ntrk1, Ntrk2, Ntrk3, Nuak1, Nuak2, Nubp1, Nubp2, Nubpl, Nucks1, Nudc, Nudcd3, Nudt16, Nudt21, Nudt5, Nuf2, Nufip1, Numa1, Numb, Numbl, Nup107, Nup133, Nup153, Nup155, Nup205, Nup210, Nup35, Nup54, Nup62, Nup85, Nup93, Nup98, Nupr1, Nusap1, Nvl, Nyap1, Nyap2, Oas1a, Oas1b, Oas1c, Oas1d, Oas1e, Oas1f, Oas1g, Oas1h, Obox4, Obscn, Obsl1, Oca2, Ocel1, Ocln, Ocrl, Ocstamp, Odad1, Odad2, Odad3, Odad4, Odam, Odf2, Odf2l, Ofd1, Oga, Ogfod1, Ogg1, Ogt, Oip5, Olfm1, Olfml2a, Olfml2b, Olig1, Olig2, Olig3, Oma1, Omg, Onecut1, Onecut2, Ooep, Opa1, Opa3, Ophn1, Oprd1, Optc, Optn, Or10a4, Or8a1b, Orc4, Osbp, Osbpl2, Osbpl5, Osbpl8, Osgin1, Osgin2, Osm, Ostn, Otof, Otog, Otogl, Otol1, Otud6b, Otx2, Oxa1l, Oxsr1, Oxt, Oxtr, P2rx2, P2rx3, P2rx7, P2ry12, P2ry2, P3h1, P3h4, P4ha1, P4ha3, Pabir1, Pabpc1l, Pacs2, Pacsin1, Pacsin2, Pacsin3, Padi1, Padi2, Padi3, Padi4, Padi6, Pafah1b1, Pak1, Pak2, Pak3, Pak4, Pak5, Pak6, Pakap, Palld, Palm, Pals1, Pam, Pan2, Pan3, Pank2, Papln, Paqr3, Pard3, Pard3b, Pard6a, Pard6b, Pard6g, Park7, Parl, Parn, Parp1, Parp10, Parp11, Parp2, Parp3, Parp6, Parva, Parvb, Parvg, Pask, Patj, Patl1, Patl2, Pawr, Pax6, Pax7, Paxip1, Pbk, Pbrm1, Pbxip1, Pcare, Pcbp2, Pcdh15, Pcdh17, Pcdh8, Pcdhac2, Pcdhga3, Pcdhgc3, Pcdhgc4, Pcdhgc5, Pcgf1, Pcgf2, Pcgf3, Pcgf5, Pcgf6, Pcid2, Pclaf, Pclo, Pcm1, Pcna, Pcnt, Pcp4, Pcsk5, Pcsk9, Pdcd10, Pdcd5, Pdcd5-ps, Pdcd6, Pdcd6ip, Pdcl, Pdcl2, Pdcl3, Pde2a, Pde3a, Pde4d, Pde4dip, Pdgfa, Pdgfb, Pdgfc, Pdgfra, Pdgfrb, Pdia3, Pdik1l, Pdlim1, Pdlim2, Pdlim3, Pdlim4, Pdlim5, Pdlim7, Pdpk1, Pdpn, Pds5a, Pds5b, Pdxp, Pdzd11, Pdzd7, Pdzd8, Pdzrn3, Peak1, Pebp1, Pecam1, Pef1, Peg10, Pelo, Per1, Per2, Perp, Pes1, Pet100, Pet117, Pex1, Pex10, Pex11a, Pex11b, Pex11g, Pex12, Pex13, Pex14, Pex16, Pex19, Pex2, Pex26, Pex3, Pex5, Pex5l, Pex6, Pex7, Pf4, Pfdn1, Pfdn2, Pfdn4, Pfdn5, Pfdn6, Pfn1, Pfn2, Pfn3, Pfn4, Pgam5, Pgm5, Pgp, Pgrmc1, Phactr1, Phactr2, Phactr3, Phactr4, Phb1, Phb2, Phc1, Pheta1, Pheta2, Phf1, Phf10, Phf13, Phf14, Phf19, Phf2, Phf20, Phf21a, Phf23, Phf8, Phgdh, Phip, Phkg1, Phldb1, Phldb2, Phlpp1, Phlpp2, Phox2b, Phpt1, Pi16, Pi4k2a, Pi4k2b, Pi4ka, Pi4kb, Pias1, Pias2, Pibf1, Picalm, Pick1, Pid1, Pierce1, Pierce2, Piezo1, Pif1, Pih1d1, Pih1d2, Pik3c2a, Pik3c2b, Pik3c3, Pik3ca, Pik3cg, Pik3r1, Pik3r2, Pik3r4, Pikfyve, Pim1, Pim2, Pim3, Pin1, Pin1rt1, Pink1, Pinx1, Pip4k2a, Pip4k2b, Pip4k2c, Pip4p1, Pip4p2, Pip5k1a, Pip5k1c, Pisd, Pitpna, Pitpnb, Pitpnc1, Pitpnm1, Pitpnm2, Piwil1, Piwil2, Piwil4, Pjvk, Pkd1, Pkd2, Pkd2l1, Pkdcc, Pkhd1, Pkib, Pkm, Pkmyt1, Pkn1, Pkn2, Pkp1, Pkp2, Pkp3, Pkp4, Pla2g10, Pla2g12b, Pla2g2e, Pla2g3, Pla2g4a, Pla2g4c, Pla2g5, Pla2g6, Pla2g7, Plaa, Plaat1, Plaat3, Plagl2, Plaur, Plcb1, Plce1, Plcg2, Pld1, Pld2, Pld6, Plec, Plek, Plek2, Plekha1, Plekha3, Plekha7, Plekha8, Plekhf1, Plekhf2, Plekhg2, Plekhh2, Plekhj1, Plekhm1, Plekhm2, Plekho1, Plg, Plin2, Plin3, Plin5, Plk1, Plk2, Plk3, Plk4, Plk5, Pllp, Pln, Plod1, Plod2, Plod3, Plp1, Plppr4, Plppr5, Pls1, Pls3, Plscr1, Plscr1l1, Plscr2, Plscr3, Plscr4, Plscr5, Pltp, Plxna1, Plxna2, Plxna3, Plxna4, Plxnb1, Plxnb2, Plxnb3, Plxnc1, Plxnd1, Pmaip1, Pmel, Pmfbp1, Pml, Pmp2, Pmp22, Pms2, Pnkp, Pnlip, Pnliprp1, Pnliprp2, Pnma5, Pnp, Pnpla2, Pnpla3, Pnpt1, Poc1a, Poc1b, Podxl, Pof1b, Pogz, Poldip2, Pole3, Polg, Polg2, Polq, Polr1b, Polr1e, Polr2m, Pom121, Pomgnt1, Pomp, Pomt1, Pomt2, Postn, Pot1a, Pot1b, Potefam3a, Potefam3b, Pou3f2, Pou4f1, Pou4f2, Pou4f3, Ppan, Ppara, Ppard, Pparg, Ppargc1a, Ppargc1b, Ppef1, Ppef2, Ppfia1, Ppfia2, Ppfia3, Ppfia4, Ppfibp1, Ppfibp2, Pphln1, Ppia, Ppid, Ppif, Ppl, Ppm1a, Ppm1b, Ppm1d, Ppm1e, Ppm1f, Ppm1g, Ppm1h, Ppm1j, Ppm1k, Ppm1l, Ppm1m, Ppm1n, Ppp1ca, Ppp1cb, Ppp1cc, Ppp1r10, Ppp1r12a, Ppp1r12b, Ppp1r12c, Ppp1r15a, Ppp1r16b, Ppp1r35, Ppp1r9a, Ppp1r9b, Ppp2ca, Ppp2cb, Ppp2r1a, Ppp2r1b, Ppp2r2b, Ppp2r2d, Ppp2r3c, Ppp2r5b, Ppp2r5c, Ppp2r5d, Ppp3ca, Ppp3cb, Ppp3cc, Ppp3r1, Ppp4c, Ppp5c, Ppp6c, Ppt1, Pptc7, Pqbp1, Prag1, Prap1, Prc1, Prdm11, Prdm12, Prdm13, Prdm14, Prdm16, Prdm4, Prdm5, Prdm6, Prdm8, Prdm9, Prdx3, Prdx4, Prdx6, Preb, Prelid1, Prex1, Prex2, Prf1, Prickle1, Prickle2, Prickle3, Prickle4, Primpol, Prkaa1, Prkaa2, Prkaca, Prkar1a, Prkca, Prkcb, Prkcd, Prkce, Prkcg, Prkch, Prkci, Prkcq, Prkcsh, Prkcz, Prkcz2, Prkd1, Prkdc, Prkg1, Prkg2, Prkn, Prkra, Prkx, Prl2c2, Prlr, Prm1, Prm2, Prm3, Prmt1, Prmt2, Prmt3, Prmt5, Prmt6, Prmt7, Prmt8, Prmt9, Prnd, Prnp, Proca1, Prom2, Pros1, Prox1, Prpf18, Prpf19, Prpf3, Prpf31, Prpf39, Prpf40a, Prpf4b, Prpf6, Prpf8, Prph, Prph2, Prr16, Prr5, Prrc2c, Prrt1, Prrt2, Prrx1, Prtg, Prtn3, Prune1, Prx, Psap, Psd, Psen1, Psen2, Psip1, Pskh1, Psma8, Psmc3ip, Psmc5, Psmc6, Psmd10, Psmd11, Psmd13, Psmd5, Psmd9, Psme4, Psmg1, Psmg2, Psmg3, Psmg4, Pspc1, Psrc1, Pstpip2, Ptbp1, Ptbp2, Ptcd2, Ptch1, Ptch2, Pten, Ptger4, Ptges3, Ptges3-ps, Ptges3l, Ptgfrn, Ptk2, Ptk2b, Ptk6, Ptk7, Ptma, Ptn, Ptp4a1, Ptp4a2, Ptp4a3, Ptpa, Ptpdc1, Ptpmt1, Ptpn1, Ptpn11, Ptpn12, Ptpn13, Ptpn14, Ptpn18, Ptpn2, Ptpn20, Ptpn21, Ptpn22, Ptpn23, Ptpn3, Ptpn4, Ptpn5, Ptpn6, Ptpn7, Ptpn9, Ptpra, Ptprb, Ptprc, Ptprd, Ptpre, Ptprf, Ptprg, Ptprh, Ptprj, Ptprk, Ptprm, Ptprn2, Ptpro, Ptprq, Ptprr, Ptprs, Ptprt, Ptpru, Ptprv, Ptprz1, Ptrh1, Pttg1, Ptx3, Puf60, Pum2, Pwp2, Pwwp2a, Pwwp2b, Pwwp3a, Pxdn, Pxn, Pycard, Pygo1, Pygo2, Pym1, Pyroxd2, Qki, Qrich2, Qsox1, Rab10, Rab11a, Rab11fip3, Rab13, Rab14, Rab17, Rab18, Rab19, Rab1a, Rab1b, Rab20, Rab21, Rab22a, Rab23, Rab25, Rab27a, Rab29, Rab2a, Rab2b, Rab30, Rab31, Rab32, Rab33a, Rab33b, Rab34, Rab35, Rab38, Rab39, Rab39b, Rab3a, Rab3b, Rab3gap1, Rab3gap2, Rab3ip, Rab43, Rab4a, Rab4b, Rab5a, Rab5b, Rab5c, Rab5if, Rab6b, Rab7, Rab7b, Rab8a, Rab8b, Rabep1, Rabep2, Rabgef1, Rabl2, Rac1, Rac2, Rac3, Racgap1, Rack1, Rad1, Rad17, Rad21, Rad21l, Rad50, Rad51, Rad51ap1, Rad51c, Rad51d, Rad52, Rad54b, Rad54l, Rad54l2, Rae1, Raf1, Rag1, Rag2, Rala, Ralb, Ralbp1, Ramp2, Ran, Ranbp1, Ranbp10, Ranbp9, Rangrf, Rap1a, Rap1b, Rap1gap, Rap1gap2, Rap1gds1, Rap2a, Rapgef1, Rapgef2, Rapgef3, Rapgef4, Rapgef6, Raph1, Rapsn, Rasa1, Rasal1, Rasgrf1, Rasip1, Rb1, Rb1cc1, Rbbp4, Rbbp5, Rbbp7, Rbfox2, Rbl1, Rbl2, Rbm10, Rbm14, Rbm15, Rbm15b, Rbm46, Rbm5, Rbmx, Rbmxl1, Rbpms, Rbsn, Rc3h1, Rcbtb1, Rcc1, Rcc1l, Rcc2, Rccd1, Rchy1, Rcor1, Rdx, Rec8, Reck, Recql, Recql4, Recql5, Reep1, Reep2, Reep3, Reep4, Reep5, Reg1, Rela, Reln, Reno1, Rer1, Rere, Rerg, Resf1, Rest, Ret, Retreg1, Retreg2, Retreg3, Rflna, Rflnb, Rft1, Rftn1, Rfx2, Rfx3, Rfx4, Rgcc, Rgma, Rgs14, Rgs2, Rgs4, Rheb, Rhno1, Rho, Rhoa, Rhob, Rhobtb1, Rhobtb2, Rhoc, Rhod, Rhof, Rhog, Rhoh, Rhoj, Rhoq, Rhot1, Rhot2, Rhou, Rhov, Rhpn1, Rhpn2, Rian, Ric1, Ric3, Ric8a, Rictor, Rif1, Rigi, Rilp, Rilpl1, Rilpl2, Rimbp2, Rims1, Rims2, Rims3, Rims4, Rin3, Ring1, Riok1, Riok2, Riok3, Riox1, Ripk1, Ripk2, Ripk3, Ripk4, Ripor2, Rit2, Rlf, Rlim, Rmi1, Rmi2, Rnaseh1, Rnasek, Rnd1, Rnd2, Rnd3, Rnf112, Rnf135, Rnf14, Rnf157, Rnf168, Rnf169, Rnf186, Rnf2, Rnf20, Rnf212, Rnf212b, Rnf213, Rnf216, Rnf220, Rnf25, Rnf26, Rnf26rt, Rnf4, Rnf40, Rnf5, Rnf6, Rnf7, Rnf8, Rnh1, Ro60, Robo1, Robo2, Robo3, Rock1, Rock2, Rom1, Romo1, Ropn1, Ror2, Ros1, Rp1, Rp1l1, Rpa1, Rpa2, Rpap2, Rpf2, Rpgr, Rpgrip1, Rpgrip1l, Rph3a, Rph3al, Rpl10l, Rpl11, Rpl13a, Rpl23, Rpl24, Rpl38, Rpl4, Rpl5, Rps14, Rps15, Rps19, Rps23, Rps25, Rps27, Rps27l, Rps28, Rps3, Rps5, Rps6, Rps6-ps4, Rps6ka1, Rps6ka2, Rps6ka3, Rps6ka4, Rps6ka5, Rps6ka6, Rps6kb1, Rps6kb2, Rps6kc1, Rps6kl1, Rpsa, Rptor, Rrad, Rreb1, Rrm1, Rrm2, Rrm2b, Rrn3, Rrp7a, Rrp8, Rrs1, Rs1, Rsbn1, Rsf1, Rskr, Rsl1, Rsph1, Rsph4a, Rsph6a, Rsph9, Rspo1, Rsrp1, Rtca, Rtel1, Rtf1, Rtkn, Rtn1, Rtn2, Rtn3, Rtn4, Rtn4ip1, Rtn4r, Rtn4rl1, Rtn4rl2, Rtp1, Rtp2, Rtp3, Rtp4, Rttn, Rubcn, Rubcnl, Rufy1, Rufy3, Rufy4, Runx1t1, Runx3, Ruvbl1, Ruvbl2, Rxfp1, Rybp, Rybp-ps, Ryk, Ryr1, Ryr3, S100a10, S100a9, S100b, S1pr1, S1pr2, Sac3d1, Sacs, Samd1, Samd14, Samd7, Samd9l, Samhd1, Samm50, Samt1b, Samt1d, Samt2, Samt2b, Samt3, Samt4, Sapcd2, Sar1a, Sar1b, Sarm1, Sart3, Sass6, Satb1, Satb2, Saxo1, Saysd1, Sbds, Sbf1, Sbk1, Sbk2, Sbk3, Scaf11, Scaf4, Scaf8, Scamp5, Scap, Scara3, Scara5, Scarb1, Scarb2, Scarf1, Scfd1, Scgb3a1, Scin, Sclt1, Scmh1, Scn11a, Scn1b, Sco1, Sco2, Scp2, Scrib, Sct, Sctr, Scx, Sdc1, Sdc2, Sdc4, Sdcbp, Sdccag8, Sdf4, Sdhaf1, Sdhaf2, Sdhaf3, Sdhaf4, Sdk1, Sdk2, Sdr16c5, Sds, Sec13, Sec16a, Sec16b, Sec22b, Sec23a, Sec23b, Sec23ip, Sec24a, Sec24b, Sec24c, Sec24d, Sec31a, Sec31b, Sec61a1, Seh1l, Sele, Selenof, Selenon, Selp, Sem1, Sema3a, Sema3b, Sema3c, Sema3d, Sema3e, Sema3f, Sema3g, Sema4a, Sema4b, Sema4c, Sema4d, Sema4f, Sema4g, Sema5a, Sema5b, Sema6a, Sema6b, Sema6c, Sema6d, Sema7a, Senp6, Septin1, Septin11, Septin2, Septin4, Septin7, Septin8, Septin9, Serac1, Serbp1, Serf1, Serpinb5, Serpine1, Serpine2, Serpinf1, Serpinf2, Serpinh1, Serpini1, Sertad1, Sertad2, Sertad3, Sesn1, Sesn2, Set, Setd1a, Setd1b, Setd2, Setd3, Setd4, Setd5, Setd7, Setdb1, Setdb2, Setmar, Setx, Sez6, Sez6l, Sez6l2, Sf1, Sf3a1, Sf3a2, Sf3a3, Sf3b1, Sfmbt1, Sfn, Sfpq, Sfrp1, Sfrp2, Sfrp4, Sfswap, Sftpa1, Sftpd, Sgca, Sgcb, Sgcd, Sgcg, Sgcz, Sgf29, Sgip1, Sgk1, Sgk2, Sgk3, Sgo1, Sgo2a, Sgo2b, Sgta, Sgtb, Sh2b1, Sh2b2, Sh3bgrl3, Sh3bp1, Sh3bp4, Sh3d19, Sh3d21, Sh3gl1, Sh3gl2, Sh3gl3, Sh3glb1, Sh3glb2, Sh3kbp1, Sh3pxd2b, Sh3tc2, Sh3yl1, Shank1, Shank2, Shank3, Sharpin, Shc1, Shcbp1l, Shfl, Shh, Shisa6, Shisa7, Shkbp1, Shld1, Shld2, Shld3, Shmt1, Shmt2, Shoc1, Shoc2, Shox2, Shprh, Shq1, Shroom1, Shroom2, Shroom3, Shroom4, Shtn1, Siah1a, Siglec15, Siglece, Siglecf, Sigmar1, Sik1, Sik2, Sik3, Sin3a, Sipa1l1, Sipa1l3, Sirpa, Sirpb1a, Sirt1, Sirt2, Sirt6, Sirt7, Siva1, Six1, Six4, Ska1, Ska2, Ska3, Skap1, Ski, Skic2, Skic3, Skic8, Skil, Skor2, Skp1, Slain1, Slain2, Slamf1, Slamf8, Slc11a1, Slc11a2, Slc12a1, Slc12a2, Slc12a3, Slc12a4, Slc12a5, Slc12a6, Slc12a7, Slc12a8, Slc12a9, Slc16a1, Slc17a7, Slc18a3, Slc1a1, Slc1a2, Slc1a5, Slc22a5, Slc23a2, Slc24a2, Slc25a31, Slc25a33, Slc25a36, Slc25a4, Slc25a46, Slc25a5, Slc26a5, Slc2a1, Slc2a10, Slc2a4, Slc30a1, Slc30a9, Slc31a1, Slc35d3, Slc35f6, Slc38a8, Slc39a12, Slc39a8, Slc39a9, Slc44a4, Slc45a2, Slc4a1, Slc4a2, Slc4a7, Slc66a2, Slc6a1, Slc6a12, Slc7a11, Slc8a2, Slc8a3, Slc9a1, Slc9a6, Slc9a8, Slc9a9, Slf1, Slf2, Slirp, Slit1, Slit2, Slit3, Slitrk1, Slitrk2, Slitrk3, Slitrk4, Slitrk5, Slitrk6, Slk, Slu7, Slx1b, Slx4, Smad3, Smad4, Smad7, Smap1, Smarca1, Smarca2, Smarca4, Smarca5, Smarcad1, Smarcb1, Smarcc1, Smarcc2, Smarcd1, Smarcd2, Smarcd3, Smarce1, Smc1a, Smc1b, Smc2, Smc3, Smc4, Smc5, Smc6, Smchd1, Smcr8, Smg1, Smg5, Smg6, Smim20, Smim22, Smn1, Smo, Smoc1, Smoc2, Smok1, Smok2a, Smok2b, Smok3a, Smok3b, Smpd1, Smpd3, Smpd4, Smpdl3a, Smurf1, Smyd1, Smyd2, Smyd3, Smyd5, Snai1, Snai2, Snap23, Snap25, Snap29, Snap47, Snap91, Snapin, Snca, Sncaip, Sncb, Sncg, Snf8, Snhg15, Snph, Snrk, Snrnp200, Snrpb, Snrpc, Snrpd1, Snrpd2, Snrpd3, Snrpe, Snrpert, Snrpf, Snrpg, Snta1, Snu13, Snupn, Snx1, Snx10, Snx11, Snx12, Snx14, Snx18, Snx19, Snx2, Snx27, Snx3, Snx30, Snx33, Snx4, Snx7, Snx9, Soat1, Soat2, Sod1, Sod2, Son, Sorbs1, Sorbs2, Sorbs3, Sorl1, Sort1, Sos1, Sost, Sox17, Sox30, Sox9, Sp100, Spaca1, Spaca3, Spaca5, Spaca6, Spaca9, Spag1, Spag16, Spag17, Spag5, Spag6, Spag6l, Spag9, Spam1, Sparc, Sparcl1, Spart, Spast, Spata13, Spata18, Spata19, Spata22, Spata4, Spata46, Spata6, Spata7, Spatc1l, Spc24, Spc25, Spdl1, Spdya, Specc1, Specc1l, Spef1, Spef1l, Spef2, Speg, Spen, Spesp1, Spg11, Spg21, Spg7, Sphk1, Sphk2, Spi1, Spice1, Spidr, Spin1, Spink2, Spint1, Spint2, Spire1, Spire2, Spmip6, Spns1, Spo11, Spocd1, Spock1, Spock2, Spp2, Sppl2c, Sprr1b, Sprr2a1, Spry1, Spry2, Spry3, Spta1, Sptan1, Sptb, Sptbn1, Sptbn2, Sptbn4, Sptbn5, Sptssb, Spty2d1, Sqle, Sqstm1, Src, Srcap, Srcin1, Srf, Srgap2, Srgap3, Srgn, Srms, Srp19, Srpk1, Srpk2, Srpk3, Srpra, Srprb, Srpx, Srpx2, Srsf1, Srsf10, Srsf12, Srsf6, Ss18, Ss18l1, Ssbp1, Ssbp3, Ssh1, Ssh2, Ssh3, Ssna1, Ssrp1, Ssu72, Ssx2ip, St7l, St8sia2, Stag1, Stag2, Stag3, Stam, Stap1, Stard13, Stard3, Stard3nl, Stard8, Stard9, Stat1, Stat2, Stat3, Stau1, Stau2, Stbd1, Steap4, Steep1, Stil, Sting1, Stk-ps2, Stk10, Stk11, Stk16, Stk17b, Stk19, Stk24, Stk25, Stk26, Stk3, Stk31, Stk32a, Stk32b, Stk32c, Stk33, Stk35, Stk36, Stk38, Stk38l, Stk39, Stk4, Stk40, Stmn1, Stmn2, Stmn3, Stmn4, Stmnd1, Stmp1, Stn1, Stoml2, Ston1, Ston2, Stox1, Stpg1, Stpg4, Stra8, Stradb, Strap, Strc, Strip1, Strip2, Strn, Strn4, Stub1, Stx11, Stx12, Stx16, Stx17, Stx18, Stx19, Stx1a, Stx1b, Stx2, Stx3, Stx4a, Stx5a, Stx6, Stx7, Stx8, Stxbp1, Stxbp5, Stxbp6, Styk1, Styxl1, Sub1, Suds3, Sugt1, Sulf1, Sulf2, Sult4a1, Sumo1, Sun1, Sun2, Sun5, Supt16, Supt4a, Supt4b, Supt5, Supt6, Supv3l1, Surf1, Surf4, Surf6, Susd4, Suv39h1, Suv39h2, Suz12, Sv2a, Svbp, Svep1, Svil, Svip, Swap70, Sybu, Syce1, Syce1l, Syce2, Syce3, Sycp1, Sycp2, Sycp3, Syde1, Syk, Syn1, Syn2, Syn3, Syndig1, Syne1, Syne2, Syne3, Syngap1, Syngr1, Syngr2, Syngr3, Synj1, Synj2bp, Synm, Synpo, Synpo2, Synpo2l, Syp, Sypl2, Syt1, Syt11, Syt13, Syt17, Syt2, Syt3, Syt4, Syt5, Syt7, Syt8, Syt9, Sytl4, Szt2, Tac1, Tacc1, Tacc2, Tacc3, Taco1, Tacr1, Tacstd2, Tada2a, Tada2b, Tada3, Taf1, Taf10, Taf11, Taf12, Taf13, Taf1b, Taf1c, Taf2, Taf3, Taf4, Taf4b, Taf5, Taf6, Taf6l, Taf7, Taf7l, Taf8, Taf9, Taf9b, Tafazzin, Tagln2, Tagln3, Tal1, Tamalin, Tanc1, Tanc2, Tango2, Taok1, Taok2, Taok3, Tap2, Tapbp, Tapbpl, Tapt1, Tarbp2, Tardbp, Tasl, Tasor, Tasor2, Tbc1d12, Tbc1d14, Tbc1d20, Tbc1d21, Tbc1d23, Tbc1d24, Tbc1d25, Tbc1d30, Tbc1d31, Tbc1d32, Tbc1d4, Tbc1d5, Tbc1d7, Tbca, Tbcb, Tbcc, Tbcd, Tbce, Tbcel, Tbck, Tbk1, Tbl1xr1, Tbp, Tbpl1, Tbr1, Tbx5, Tbx6, Tcap, Tcf15, Tcf25, Tcf3, Tcf4, Tcf7l2, Tchh, Tchp, Tcirg1, Tcp1, Tcra, Tctn1, Tctn2, Tctn3, Tdg, Tdo2, Tdrd1, Tdrd12, Tdrd3, Tdrd5, Tdrd6, Tdrd7, Tdrd9, Tdrkh, Tead1, Tead2, Tec, Tecpr1, Tecta, Tek, Tekt1, Tekt2, Tekt3, Tekt4, Tekt5, Ten1, Tenm1, Tenm2, Tenm3, Tenm4, Tent4b, Tep1, Terb1, Terb2, Terc, Terf1, Terf2, Terf2ip, Tert, Tesk1, Tesk2, Tesmin, Tespa1, Tet1, Tet2, Tet3, Tex11, Tex12, Tex14, Tex15, Tex19.1, Tex19.2, Tfam, Tfap2a, Tfap2c, Tfap4, Tfcp2l1, Tfe3, Tfeb, Tfip11, Tfpt, Tfr2, Tfrc, Tgfa, Tgfb1, Tgfb2, Tgfb3, Tgfbi, Tgfbr1, Tgfbr3, Tgfbrap1, Tgm2, Tgtp1, Tgtp2, Thap7, Thbs1, Thbs2, Thbs4, Them4, Thg1l, Thoc2, Thra, Thsd1, Thsd4, Thsd7a, Thsd7b, Thy1, Tia1, Tiam1, Tiam2, Ticam1, Tie1, Tifa, Timd2, Timd4, Timd5, Timd6, Timm10, Timm13, Timm21, Timm22, Timm29, Timm50, Timm9, Timmdc1, Tinf2, Tirap, Tjap1, Tjp1, Tjp2, Tjp3, Tk1, Tk2, Tlcd1, Tlcd2, Tle6, Tlk1, Tlk2, Tln1, Tln2, Tlr2, Tlr4, Tlr6, Tlx2, Tm9sf4, Tmc8, Tmcc1, Tmco1, Tmed1, Tmed10, Tmed10-ps, Tmed11, Tmed2, Tmed3, Tmed4, Tmed5, Tmed6, Tmed7, Tmed9, Tmeff2, Tmem102, Tmem106b, Tmem107, Tmem108, Tmem11, Tmem120a, Tmem120b, Tmem126a, Tmem126b, Tmem127, Tmem135, Tmem138, Tmem147, Tmem14a, Tmem165, Tmem17, Tmem170, Tmem175, Tmem177, Tmem182, Tmem186, Tmem196, Tmem199, Tmem201, Tmem216, Tmem223, Tmem231, Tmem232, Tmem237, Tmem242, Tmem30a, Tmem30b, Tmem30c, Tmem33, Tmem35a, Tmem38a, Tmem38b, Tmem39a, Tmem41b, Tmem43, Tmem67, Tmem70, Tmem80, Tmem9, Tmem95, Tmf1, Tmigd1, Tmod1, Tmod2, Tmod3, Tmod4, Tmprss12, Tmsb10, Tmsb15b2, Tmsb15l, Tmsb4x, Tnc, Tnf, Tnfaip1, Tnfaip3, Tnfaip6, Tnfaip8l3, Tnfrsf11b, Tnfrsf12a, Tnfrsf1a, Tnfrsf1b, Tnfrsf21, Tnfsf10, Tnfsf14, Tnfsf18, Tnik, Tnk1, Tnk2, Tnks, Tnks2, Tnn, Tnni3k, Tnnt1, Tnnt2, Tnnt3, Tnp1, Tnp2, Tnr, Tnrc6a, Tns1, Tns2, Tns3, Tnxb, Togaram1, Togaram2, Tom1, Tom1l1, Tom1l2, Tomm22, Tomm40, Tomm70a, Tonsl, Top1, Top1mt, Top2a, Top2b, Top3a, Top3b, Top6bl, Topbp1, Tor1a, Tor1aip1, Tor1aip2, Tor1b, Tox, Tpbg, Tpcn2, Tpgs1, Tpm1, Tpm2, Tpm3, Tpm3-rs7, Tpm4, Tpp1, Tppp, Tppp2, Tppp3, Tpr, Tprn, Tpst2, Tpx2, Trabd, Trabd2b, Traf2, Traf3ip1, Traf6, Trak1, Trak2, Tram1, Tram1l1, Tram2, Trappc1, Trappc10, Trappc11, Trappc12, Trappc13, Trappc14, Trappc2, Trappc2l, Trappc3, Trappc4, Trappc5, Trappc6a, Trappc6b, Trappc8, Trappc9, Trarg1, Trdn, Trem2, Treml4, Trex1, Trf, Trhr, Triap1, Trim11, Trim21, Trim27, Trim28, Trim30a, Trim31, Trim32, Trim36, Trim37, Trim40, Trim46, Trim47, Trim54, Trim58, Trim6, Trim65, Trim67, Trim72, Trim75, Trim9, Trio, Triobp, Trip10, Trip11, Trip12, Trip13, Trip4, Trmt10b, Trmt112, Trnt1, Tro, Trp53, Trp53bp1, Trp53inp1, Trp53inp2, Trp53rkb, Trp63, Trp73, Trpa1, Trpc5, Trpc6, Trpm1, Trpm2, Trpm4, Trpm6, Trpm7, Trpv1, Trpv2, Trpv3, Trpv4, Trpv5, Trpv6, Trrap, Tsc1, Tsc2, Tsc22d4, Tsg101, Tsga10, Tsga10ip, Tsga8, Tshr, Tsix, Tsku, Tspan2, Tspan32, Tspan33, Tspan4, Tspan7, Tspo, Tspo2, Tspyl1, Tspyl2, Tspyl4, Tspyl5, Tssc4, Tssk1, Tssk2, Tssk3, Tssk4, Tssk5, Tssk6, Ttbk1, Ttbk2, Ttc12, Ttc17, Ttc19, Ttc21a, Ttc21b, Ttc29, Ttc3, Ttc39aos1, Ttc39c, Ttc8, Ttf1, Ttk, Ttl, Ttll1, Ttll11, Ttll13, Ttll2, Ttll3, Ttll4, Ttll5, Ttll6, Ttll7, Ttll8, Ttll9, Ttn, Ttpa, Ttyh1, Tub, Tuba1a, Tuba1b, Tuba1c, Tuba3a, Tuba4a, Tuba8, Tubal3, Tubb1, Tubb2a, Tubb2b, Tubb3, Tubb4a, Tubb4b, Tubb5, Tubb6, Tubd1, Tube1, Tubg1, Tubg2, Tubgcp2, Tubgcp3, Tubgcp4, Tubgcp5, Tubgcp6, Tug1, Tulp1, Tunar, Tut4, Tut7, Twf1, Twf2, Twnk, Txk, Txndc15, Txndc9, Tyk2, Tymp, Tyro3, Tyrobp, Tyrp1, U2af2, Uba6, Ubap2l, Ubash3b, Ubb, Ubd, Ube2a, Ube2b, Ube2c, Ube2k, Ube2m, Ube2s, Ube2srt, Ube2u, Ube2v2, Ube3a, Ube3b, Ube4b, Ubl4a, Ublcp1, Ubn1, Ubn2, Ubqln1, Ubqln2, Ubqln4, Ubr2, Ubr4, Ubr5, Ubxn10, Ubxn2a, Ubxn2b, Uchl1, Uchl5, Ucn, Ucp2, Ufl1, Ufsp2, Ugcg, Ugdh, Ugt8a, Uhmk1, Uhrf1, Uhrf2, Uimc1, Ulk1, Ulk2, Ulk3, Ulk4, Umod, Unc119, Unc119b, Unc13a, Unc13b, Unc13c, Unc13d, Unc5a, Unc5b, Unc5c, Unc5d, Upb1, Upf1, Upf3b, Uqcc1, Uqcc2, Uqcc3, Uqcc4, Uqcc5, Uqcc6, Uqcrc1, Uri1, Use1, Ush1c, Ush1g, Uso1, Usp10, Usp15, Usp16, Usp17le, Usp21, Usp22, Usp3, Usp30, Usp33, Usp36, Usp39, Usp4, Usp44, Usp46, Usp47, Usp49, Usp50, Usp51, Usp6nl, Usp7, Usp8, Usp9x, Uspl1, Ust, Utp3, Uts2r, Uty, Uvrag, Uxt, Vac14, Vamp1, Vamp2, Vamp3, Vamp4, Vamp7, Vamp8, Vamp9, Vangl2, Vapa, Vapb, Vash2, Vasp, Vat1, Vav1, Vav2, Vav3, Vax1, Vax2, Vbp1, Vcl, Vcp, Vcpip1, Vcpkmt, Vdac2, Vdac3, Vegfa, Vezt, Vgll4, Vhl, Vil1, Vill, Vim, Vipas39, Vit, Vldlr, Vma21, Vmp1, Vpreb1a, Vpreb1b, Vps11, Vps13a, Vps13b, Vps13c, Vps13d, Vps16, Vps18, Vps28, Vps33a, Vps33b, Vps35, Vps39, Vps41, Vps4a, Vps4b, Vps51, Vps54, Vps72, Vps8, Vrk1, Vrk2, Vstm5, Vti1a, Vti1b, Vtn, Vwa1, Wac, Wapl, Wars1, Was, Wasf1, Wasf2, Wasf3, Washc1, Washc2, Washc3, Washc4, Washc5, Wasl, Wbp2, Wbp2nl, Wdcp, Wdhd1, Wdpcp, Wdr1, Wdr11, Wdr19, Wdr35, Wdr36, Wdr44, Wdr45, Wdr45b, Wdr47, Wdr5, Wdr54, Wdr62, Wdr72, Wdr73, Wdr77, Wdr81, Wdr83os, Wdr90, Wdtc1, Wee1, Wee2, Wfdc1, Whamm, Whrn, Wipf1, Wipf3, Wipi1, Wipi2, Wls, Wmp, Wnk1, Wnk2, Wnk3, Wnk4, Wnt1, Wnt10b, Wnt11, Wnt3, Wnt3a, Wnt4, Wnt5a, Wnt7a, Wnt7b, Wrap53, Wrap73, Wrn, Wrnip1, Wsb1, Wt1, Wtip, Wwtr1, Xab2, Xaf1, Xbp1, Xdh, Xirp1, Xirp2, Xist, Xk, Xkr4, Xkr6, Xkr7, Xkr8, Xkr9, Xlr3b, Xlr4a, Xlr4b, Xpa, Xpo1, Xrcc1, Xrcc2, Xrcc3, Xrcc4, Xrcc5, Xrcc6, Xrn1, Xylt1, Yap1, Yeats2, Yeats4, Yes1, Yif1b, Yipf4, Yipf5, Yipf7, Yjefn3, Yju2, Ykt6, Ylpm1, Yme1l1, Ythdc1, Ythdc2, Ythdf1, Ythdf2, Ythdf3, Ywhah, Ywhaz, Yy1, Zap70, Zar1, Zbed3, Zbtb1, Zbtb48, Zbtb7a, Zc3h12a, Zc3h12d, Zc4h2, Zcwpw1, Zdbf2, Zdhhc1, Zdhhc12, Zdhhc15, Zdhhc17, Zdhhc2, Zdhhc20, Zdhhc5, Zdhhc6, Zdhhc8, Zeb2, Zfand1, Zfand6, Zfp110, Zfp13, Zfp148, Zfp207, Zfp212, Zfp296, Zfp335, Zfp354a, Zfp365, Zfp369, Zfp385a, Zfp418, Zfp42, Zfp423, Zfp445, Zfp462, Zfp469, Zfp518a, Zfp518b, Zfp541, Zfp57, Zfp598, Zfp639, Zfp703, Zfp746, Zfp777, Zfp804a, Zfp827, Zfp830, Zfp869, Zfy2, Zfyve1, Zfyve19, Zfyve26, Zfyve27, Zic2, Zkscan3, Zmat3, Zmiz1, Zmpste24, Zmym3, Zmym4, Zmym6, Zmynd10, Zmynd11, Zmynd12, Zmynd8, Znfx1, Znhit1, Znhit3, Znhit6, Znrf1, Znrf2, Zpbp, Zpbp2, Zpr1, Zranb1, Zrsr2, Zscan21, Zscan4c, Zscan4d, Zscan4f, Zswim6, Zw10, Zwilch, Zwint, Zyx, Zzef1, Zzz3
GO:0051179	localization	5468	127	79.65	1.5e-08	8.273571428571428e-6	1700009N14Rik, 1700017N19Rik, 2700049A03Rik, 4930550C14Rik, 4933427D14Rik, 4933434E20Rik, 5730455P16Rik, a, A1cf, Aaas, Aacs, Aagab, Aak1, Abat, Abca1, Abca12, Abca13, Abca14, Abca15, Abca16, Abca17, Abca2, Abca3, Abca4, Abca5, Abca6, Abca7, Abca8a, Abca8b, Abca9, Abcb10, Abcb11, Abcb1a, Abcb1b, Abcb4, Abcb5, Abcb6, Abcb7, Abcb8, Abcb9, Abcc1, Abcc10, Abcc12, Abcc2, Abcc3, Abcc4, Abcc5, Abcc6, Abcc8, Abcc9, Abcd1, Abcd2, Abcd3, Abcd4, Abcg1, Abcg2, Abcg3, Abcg4, Abcg5, Abcg8, Abhd17a, Abhd17b, Abhd17c, Abhd5, Abi3, Abl1, Abl2, Abr, Abra, Abraxas1, Abraxas2, Acaa2, Acacb, Acap2, Acd, Ace, Ace2, Ache, Ackr2, Ackr3, Ackr4, Acsl1, Acsl3, Acsl4, Acsl5, Acsl6, Actb, Actg1, Actn2, Actn4, Actr10, Actr2, Actr3, Acvr1c, Acvr2a, Acvr2b, Ada, Adam10, Adam11, Adam17, Adam22, Adam8, Adam9, Adar, Adcy10, Adcy5, Adcy6, Adcy8, Adcyap1, Adcyap1r1, Add1, Add2, Adgrb1, Adgrv1, Adipoq, Adipor2, Adm, Adora1, Adora2a, Adora2b, Adora3, Adra1a, Adra2a, Adrb1, Adrb2, Adtrp, Afdn, Afg2b, Afg3l2, Afm, Aftph, Agap1, Agap2, Agap3, Agbl4, Ager, Agk, Agr2, Agrn, Agt, Agtpbp1, Agtr1a, Agtr2, Agxt, Ahctf1, Ahcyl1, Ahi1, Ahnak, Ahr, Ahsg, Aif1, Aifm1, Aimp1, Aip, Airn, Ajuba, Ak1, Ak7, Akain1, Akap1, Akap10, Akap11, Akap13, Akap3, Akap4, Akap5, Akap6, Akap7, Akap8, Akap8l, Akap9, Akirin2, Akt1, Akt2, Akt3, Aktip, Alg10b, Alkbh5, Alkbh7, Alms1, Alox12b, Alox15, Alox5, Als2, Als2cl, Alyref, Alyref2, Alyreffm1, Alyreffm10, Alyreffm11, Alyreffm14, Alyreffm2, Alyreffm3, Alyreffm4, Alyreffm5, Alyreffm6, Alyreffm7, Alyreffm8, Alyreffm9, Amigo1, Amn, Amn1, Amot, Amotl2, Amph, Ang, Ang2, Ang3, Ang4, Ang5, Ang6, Angpt1, Ank, Ank1, Ank2, Ank3, Ankfn1, Ankfy1, Ankle1, Ankrd1, Ankrd10, Ankrd11, Ankrd13a, Ankrd13b, Ankrd13c, Ankrd13d, Ankrd27, Ankrd50, Ankrd53, Ankrd54, Ankrd6, Ankrd66, Anks1b, Anks4b, Ano1, Ano10, Ano2, Ano3, Ano4, Ano5, Ano6, Ano7, Ano8, Ano9, Anp32-ps, Anp32a, Anp32b, Anxa1, Anxa11, Anxa2, Anxa3, Anxa5, Anxa6, Anxa7, Anxa8, Aoc3, Ap1ar, Ap1b1, Ap1g1, Ap1g2, Ap1m1, Ap1m2, Ap1s1, Ap1s2, Ap1s3, Ap2a1, Ap2a2, Ap2b1, Ap2m1, Ap2s1, Ap3b1, Ap3b2, Ap3d1, Ap3m1, Ap3m2, Ap3s1, Ap3s2, Ap4b1, Ap4e1, Ap4m1, Ap4s1, Ap5b1, Ap5m1, Ap5s1, Ap5z1, Apba1, Apba2, Apba3, Apbb1, Apbb3, Apc, Apela, Aplf, Apln, Aplnr, Aplp1, Apoa1, Apoa2, Apoa4, Apoa5, Apob, Apobec1, Apobr, Apoc1, Apoc2, Apoc2l, Apoc3, Apoc4, Apod, Apoe, Apof, Apoh, Apol11a, Apom, App, Appbp2, Appl1, Appl2, Aprt, Aqp1, Aqp11, Aqp12, Aqp2, Aqp3, Aqp4, Aqp5, Aqp6, Aqp7, Aqp8, Aqp9, Ar, Arc, Arcn1, Arf1, Arf2, Arf3, Arf4, Arf5, Arf6, Arfgap1, Arfgap2, Arfgap3, Arfgef1, Arfgef2, Arfip1, Arfip2, Arfrp1, Arg1, Arg2, Arhgap1, Arhgap12, Arhgap17, Arhgap21, Arhgap25, Arhgap27, Arhgap33, Arhgap33os, Arhgap44, Arhgap8, Arhgdia, Arhgdig, Arhgef11, Arhgef16, Arhgef18, Arhgef2, Arhgef5, Arhgef7, Arhgef9, Arl1, Arl11, Arl13a, Arl13b, Arl14, Arl2, Arl2bp, Arl3, Arl4a, Arl4c, Arl4d, Arl5a, Arl5b, Arl5c, Arl6, Arl6ip1, Arl6ip5, Arl8a, Arl8b, Arln, Armc1, Armcx3, Arpc2, Arpc3, Arpc5, Arr3, Arrb1, Arrb2, Arrdc1, Arrdc2, Arrdc3, Arrdc4, Arrdc5, Arv1, Arxes1, Arxes2, Asap1, Asb15, Asb3, Asgr1, Asgr2, Asic1, Asic2, Asic3, Asic4, Asic5, Asph, Aspm, Aspscr1, Astn2, Asxl1, Asxl2, Atad1, Atcay, Atf2, Atf4, Atg10, Atg13, Atg14, Atg16l1, Atg16l2, Atg2a, Atg2b, Atg3, Atg4a, Atg4b, Atg4c, Atg4d, Atg5, Atg7, Atg9a, Atg9b, Atm, Atox1, Atp10a, Atp10b, Atp10d, Atp11a, Atp11b, Atp11c, Atp12a, Atp13a1, Atp13a2, Atp13a3, Atp13a4, Atp13a5, Atp1a1, Atp1a2, Atp1a3, Atp1a4, Atp1b1, Atp1b2, Atp1b3, Atp1b4, Atp2a1, Atp2a2, Atp2a3, Atp2b1, Atp2b2, Atp2b3, Atp2b4, Atp2c1, Atp2c2, Atp4a, Atp4b, Atp5f1a, Atp5f1b, Atp5f1c, Atp5f1d, Atp5f1e, Atp5if1, Atp5mc1, Atp5mc2, Atp5mc3, Atp5me, Atp5mf, Atp5mg, Atp5pb, Atp5pd, Atp5pf, Atp5po, Atp6ap1, Atp6ap2, Atp6v0a1, Atp6v0a2, Atp6v0a4, Atp6v0b, Atp6v0c, Atp6v0d1, Atp6v0d2, Atp6v0e, Atp6v0e2, Atp6v1a, Atp6v1b1, Atp6v1b2, Atp6v1c1, Atp6v1c2, Atp6v1d, Atp6v1e1, Atp6v1e2, Atp6v1f, Atp6v1g1, Atp6v1g2, Atp6v1g3, Atp6v1h, Atp7a, Atp7b, Atp8a1, Atp8a2, Atp8b1, Atp8b2, Atp8b3, Atp8b4, Atp8b5, Atp9a, Atp9b, Atpsckmt, Atr, Atraid, Atrx, Atxn1, Atxn2, Atxn3, AU015836, AU018091, AU040320, Aup1, Aurka, Aurkb, Avp, Avpr1a, Avpr1b, Axin1, Axin2, Axl, Azin1, Azin2, B2m, B3gat3, B3glct, B4galnt2, B9d1, Bach2, Bad, Bag1, Bag3, Bag4, Bag6, Baiap2, Baiap3, Bak1, Banp, Bard1, Bax, Bbc3, Bbip1, Bbs1, Bbs10, Bbs12, Bbs2, Bbs4, Bbs5, Bbs7, Bbs9, BC034090, BC048507, Bcap29, Bcap31, Bccip, Bcl2, Bcl2l1, Bcl2l11, Bcl2l2, Bcl3, Bcl6, Bcr, Bcs1l, Bdkrb1, Bdkrb2, Bdnf, Becn1, Becn2, Best1, Best2, Best3, Bet1, Bet1l, Bglap, Bglap2, Bhlha15, Bicd1, Bicd2, Bicdl1, Bicdl2, Bid, Bin1, Bin2, Bin3, Birc5, Blk, Bloc1s1, Bloc1s2, Bloc1s3, Bloc1s4, Bloc1s5, Bloc1s6, Bltp1, Bltp3b, Blzf1, Bmal1, Bmp2, Bmp2k, Bmp4, Bmp6, Bmper, Bnip1, Bnip3, Bnip3l, Bok, Bora, Borcs5, Borcs6, Borcs7, Borcs8, Bpgm, Bpifa1, Bpifa5, Braf, Brat1, Brca1, Brca2, Brd2, Brd3, Brme1, Brsk1, Brsk2, Bscl2, Bsg, Bsn, Bsnd, Bspry, Btbd8, Btbd9, Btf3, Btk, Bub1b, Bub3, C1ql2, C1ql3, C1qtnf1, C1qtnf12, C1qtnf2, C1qtnf3, C1qtnf5, C2, C2cd2l, C2cd3, C2cd5, C2cd6, C3, C4bp, C9orf72, Cabp1, Cacfd1, Cachd1, Cacna1a, Cacna1b, Cacna1c, Cacna1d, Cacna1e, Cacna1f, Cacna1g, Cacna1h, Cacna1i, Cacna1s, Cacna2d1, Cacna2d2, Cacna2d3, Cacna2d4, Cacnb1, Cacnb2, Cacnb3, Cacnb4, Cacng1, Cacng2, Cacng3, Cacng4, Cacng5, Cacng6, Cacng7, Cacng8, Cad, Cadm3, Cadps, Cadps2, Calcrl, Calhm1, Calhm2, Calhm3, Calhm4, Calhm5, Calhm6, Calm1, Calm2, Calm3, Calr, Caly, Camk1, Camk1d, Camk2a, Camk2b, Camk2d, Camk2g, Camk2n1, Camk4, Caml, Camsap3, Canx, Cap1, Capn10, Capn2, Capn3, Caprin1, Car12, Car14, Car2, Car4, Car7, Car9, Card10, Carm1, Carmil1, Carmil2, Cartpt, Casc3, Cask, Casp3, Casq1, Casq2, Casr, Catsper1, Catsper2, Catsper3, Catsper4, Cav1, Cav2, Cav3, Cavin1, Cbarp, Cbl, Cblb, Cblif, Cbll1, Cbln1, Cbln4, Cby1, Cc2d2a, Cc2d2b, Ccdc103, Ccdc120, Ccdc14, Ccdc141, Ccdc186, Ccdc22, Ccdc32, Ccdc38, Ccdc39, Ccdc40, Ccdc47, Ccdc51, Ccdc66, Ccdc68, Ccdc85c, Ccdc88a, Ccdc88b, Ccdc88c, Ccdc91, Ccdc93, Cchcr1, Cck, Cckar, Cckbr, Ccl12, Ccl19, Ccl19-ps1, Ccl19-ps3, Ccl19-ps4, Ccl19-ps5, Ccl19-ps6, Ccl2, Ccl21a, Ccl21b, Ccl21d, Ccl21e, Ccl21f, Ccl3, Ccl5, Ccl8, Ccn2, Ccn3, Ccnb1, Ccnb1-ps, Ccnd1, Ccne1, Ccne2, Ccr1, Ccr1l1, Ccr2, Ccr5, Ccr7, Cct2, Cct3, Cct4, Cct5, Cct6a, Cct7, Cct8, Ccz1, Cd14, Cd151, Cd160, Cd163, Cd177, Cd19, Cd200, Cd209a, Cd209b, Cd209d, Cd209e, Cd22, Cd247, Cd24a, Cd2ap, Cd300a, Cd300lf, Cd300lg, Cd302, Cd320, Cd36, Cd38, Cd3g, Cd4, Cd44, Cd47, Cd53, Cd63, Cd68, Cd74, Cd81, Cd84, Cd9, Cdan1, Cdc23, Cdc42, Cdc42bpa, Cdc42se1, Cdc42se2, Cdca5, Cdca8, Cdh1, Cdh13, Cdh17, Cdh2, Cdh23, Cdh3, Cdh5, Cdk1, Cdk16, Cdk2, Cdk20, Cdk5, Cdk5r1, Cdk5r2, Cdk5rap2, Cdk5rap3, Cdk9, Cdkl5, Cdkn1a, Cdkn1b, Cdkn2a, Cdo1, Cdt1, Cdx2, Ceacam1, Ceacam2, Cebpb, Cebpe, Cel, Cela2a, Celsr1, Celsr2, Celsr3, Cemip, Cenpa, Cenpc1, Cenpe, Cenpf, Cenpq, Cep112, Cep120, Cep128, Cep131, Cep135, Cep19, Cep192, Cep250, Cep290, Cep295, Cep350, Cep41, Cep55, Cep63, Cep68, Cep72, Cep78, Cep83, Cer1, Cers1, Cert1, Ces1a, Ces1b, Ces1c, Ces1d, Ces1e, Ces1f, Ces1g, Ces1h, Cetn2, Cetn3, Cfap221, Cfap43, Cfap45, Cfap53, Cfap54, Cfap58, Cfap70, Cfh, Cfl1, Cfp, Cftr, Cga, Cgnl1, Champ1, Chchd10, Chchd4, Chd7, Cherp, Chga, Chic2, Chm, Chml, Chmp1a, Chmp1b, Chmp1b2, Chmp2a, Chmp2b, Chmp3, Chmp4b, Chmp4c, Chmp5, Chmp6, Chmp7, Chp1, Chp2, Chrd, Chrdl1, Chrm1, Chrm3, Chrm5, Chrna1, Chrna10, Chrna2, Chrna3, Chrna4, Chrna5, Chrna6, Chrna7, Chrna9, Chrnb1, Chrnb2, Chrnb3, Chrnb4, Chrnd, Chrne, Chrng, Chst11, Chtop, Chuk, Cib1, Cidea, Cideb, Cidec, Cilk1, Cit, Cited1, Ciz1, Ckap5, Cklf, Clasp1, Clasp2, Clba1, Clca1, Clca2, Clca3a1, Clca3a2, Clca4a, Clcc1, Clcf1, Clcn1, Clcn2, Clcn3, Clcn4, Clcn5, Clcn6, Clcn7, Clcnka, Clcnkb, Cldn1, Cldn10, Cldn15, Cldn16, Cldn17, Cldn18, Cldn19, Cldn2, Cldn3, Cldn4, Clec16a, Clec2i, Clec4b1, Clec4f, Clec7a, Clec9a, Clic1, Clic3, Clic4, Clic5, Clic6, Clint1, Clip1, Clip3, Clmn, Cln3, Cln5, Cln8, Clnk, Clns1a, Clock, Clptm1l, Clstn1, Clstn3, Clta, Cltb, Cltc, Cltrn, Clu, Cluap1, Cluh, Cmtm6, Cnep1r1, Cnga1, Cnga2, Cnga3, Cnga4, Cngb1, Cngb3, Cnih1, Cnih2, Cnih3, Cnih4, Cnksr3, Cnn2, Cnnm1, Cnnm2, Cnnm3, Cnnm4, Cnp, Cnpy4, Cnr1, Cnst, Cntf, Cntln, Cntn1, Cntn2, Cntnap1, Cntnap2, Coa8, Cog1, Cog2, Cog3, Cog4, Cog5, Cog6, Cog7, Cog8, Col1a1, Col6a1, Colec10, Colec11, Colec12, Colq, Commd1, Commd3, Commd9, Comp, Comt, Copa, Copb1, Copb2, Cope, Copg1, Copg2, Cops5, Copz1, Copz2, Corin, Coro1a, Coro1b, Coro1c, Coro2b, Coro7, Cox17, Cox18, Cox4i2, Cox7a1, Cp, Cpap, Cpb2, Cpe, Cpeb1, Cplane1, Cplane2, Cplx1, Cplx2, Cplx3, Cplx4, Cpn2, Cpox, Cpsf6, Cpt1a, Cpt1b, Cptp, Crabp1, Crabp2, Cracr2a, Cracr2b, Crb1, Crb3, Crbn, Creb1, Creb3, Creb3l1, Creb3l2, Crebbp, Crebl2, Creg1, Crh, Crhbp, Crhr1, Crhr2, Cript, Crk, Crkl, Crocc, Crot, Crp, Cry1, Cry2, Cryaa, Cryab, Cryba1, Crym, Cse1l, Csf2, Csk, Csn2, Csn3, Csnk1d, Csnk1e, Csnk1g1, Csnk1g2, Csnk1g3, Csnk2a1, Cspg5, Csrp3, Ctbp1, Ctbp2, Ctcf, Ctcfl, Ctdnep1, Ctdspl2, Ctnna1, Ctnnb1, Ctnnd1, Ctns, Ctsd, Ctss, Cttn, Cttnbp2nl, Cubn, Cul3, Cuta, Cux1, Cwh43, Cx3cl1, Cxadr, Cxcl1, Cxcl10, Cxcl11, Cxcl12, Cxcl16, Cxcl9, Cxcr1, Cxcr2, Cxcr3, Cxcr4, Cyb561a3, Cyb561d1, Cyb561d2, Cyb5r4, Cyba, Cybb, Cybrd1, Cyc1, Cyfip1, Cygb, Cyld, Cyp19a1, Cyp27b1, Cyp2j5, Cyp46a1, Cyp4a10, Cyp4a31, Cyp4a32, Cyp51, Cyp7a1, Cyren, Cysltr1, Cyth3, D1Pas1, D6Wsu163e, Dab1, Dab2, Dag1, Dand5, Dapk1, Daw1, Daxx, Dbi, Dbn1, Dbnl, Dchs1, Dclk1, Dclk2, Dclk3, Dcp1a, Dcp1b, Dcp2, Dctn1, Dctn2, Dcx, Ddc, Ddit3, Ddr1, Ddrgk1, Ddx1, Ddx19a, Ddx19b, Ddx25, Ddx39a, Ddx39b, Ddx3x, Ddx4, Ddx42, Ddx5, Def6, Def8, Dennd10, Dennd1a, Dennd1b, Dennd1c, Dennd2a, Dennd3, Dennd4c, Dennd5a, Dennd5b, Derl1, Derl2, Derl3, Desi1, Dgat1, Dgkd, Dgki, Dgkq, Dhcr24, Dhrs7c, Dhx36, Dhx9, Diaph1, Diaph2, Diaph3, Dio2, Dipk2a, Disc1, Disp1, Dkc1, Dkk1, Dlg1, Dlg2, Dlg3, Dlg4, Dlg5, Dlgap1, Dlgap5, Dll1, Dmac2l, Dmap1, Dmbt1, Dmd, Dmpk, Dmtn, Dnaaf11, Dnaaf2, Dnaaf4, Dnah1, Dnah11, Dnah5, Dnah9, Dnai1, Dnaja1, Dnaja3, Dnajb13, Dnajb2, Dnajb6, Dnajc1, Dnajc13, Dnajc14, Dnajc15, Dnajc19, Dnajc27, Dnajc5, Dnajc6, Dnlz, Dnm1, Dnm1l, Dnm2, Dnm3, Dnmt3b, Doc2a, Doc2b, Doc2g, Dock1, Dock2, Dock7, Dok7, Dop1a, Dop1b, Dpcd, Dph3, Dpp10, Dpp6, Dppa1, Dpy30, Dpysl2, Drd1, Drd2, Drd3, Drd4, Dsg3, Dsn1, Dsp, Dspp, Dst, Dtnbp1, Dtx3l, Duoxa1, Duoxa2, Dusp18, Dusp21, Dvl1, Dvl2, Dvl3, Dydc1, Dync1h1, Dync1i1, Dync1i2, Dync1li1, Dync1li2, Dync2h1, Dync2i1, Dync2i2, Dync2li1, Dynll1, Dynlt1a, Dynlt1b, Dynlt1c, Dynlt1f, Dynlt2b, Dyrk1a, Dysf, Dzip1, Dzip1l, E230001N04Rik, E2f3, Ecrg4, Ect2, Edem1, Edem2, Edn1, Edn2, Edn3, Ednra, Ednrb, Eea1, Eef2k, Eepd1, Efcab7, Efhb, Efna5, Efnb2, Efr3a, Efr3b, Egf, Egfr, Egr2, Ehbp1, Ehbp1l1, Ehd1, Ehd2, Ehd3, Ehd4, Ei24, Eif2ak1, Eif2ak3, Eif3e, Eif4a3, Eif4e, Eif4enif1, Eif4g1, Eif6, Eipr1, Elane, Elavl1, Elfn1, Elfn2, Elmo1, Elmo2, Elmo3, Elmod1, Elmod3, Emb, Emc1, Emc10, Emc2, Emc3, Emc4, Emc6, Emc7, Emc8, Emc9, Emd, Eml3, Eml4, Emp2, Endou, Eng, Enkd1, Enpp1, Enpp2, Ensa, Enthd1, Entpd1, Entr1, Entrep1, Eny2, Ep300, Epb41, Epb41l1, Epb41l2, Epb41l3, Epb41l5, Epcip, Epg5, Epha2, Epha3, Epha5, Ephb2, Epm2a, Epn1, Epn2, Epn3, Epo, Eppin, Eprs1, Eps15, Eps15l1, Epsti1, Eqtn, Erbb2, Erbb3, Erbb4, Erbin, Erc1, Erc2, Ercc3, Erfe, Ergic1, Ergic2, Ergic3, Erlec1, Erln, Ero1a, Ero1b, Erp29, Errfi1, Esam, Esco2, Esr1, Esyt1, Esyt2, Esyt3, Etnppl, Etv5, Evi5, Exoc1, Exoc2, Exoc3, Exoc3l, Exoc3l2, Exoc3l4, Exoc4, Exoc5, Exoc6, Exoc6b, Exoc7, Exoc8, Exosc10, Exph5, Ext1, Ext2, Eya2, Ezh2, Ezr, F11r, F2, F2r, F2rl1, F2rl2, F2rl3, F8a, Fabp1, Fabp12, Fabp2, Fabp3, Fabp4, Fabp5, Fabp6, Fabp7, Fabp9, Faf2, Fam149b, Fam3a, Fam3b, Fam3d, Fam53a, Fam53b, Fam53c, Fam76b, Fam83d, Fam83h, Fam91a1, Fam98a, Farp1, Fasl, Fbl, Fbln5, Fbn1, Fbn2, Fbxl20, Fbxo11, Fbxo22, Fbxo4, Fbxo45, Fbxo7, Fbxw11, Fbxw7, Fcer1a, Fcer1g, Fcer2a, Fcgr1, Fcgr2b, Fcgr3, Fcgr4, Fcho1, Fcho2, Fchsd1, Fchsd2, Fcmr, Fcnb, Fcrl5, Fermt1, Fermt2, Fes, Fev, Fez1, Ffar1, Ffar2, Ffar3, Ffar4, Fga, Fgb, Fgf10, Fgf11, Fgf12, Fgf13, Fgf14, Fgf15, Fgf2, Fgf21, Fgf23, Fgf7, Fgf9, Fgfr1, Fgfr2, Fgfr4, Fgg, Fgr, Fhip1a, Fhip1b, Fhl1, Fhod1, Filip1, Filip1l, Fis1, Fitm1, Fitm2, Fkbp15, Fkbp1a, Fkbp1b, Fkbp4, Fkbp8, Fkrp, Flcn, Flna, Flot1, Flot2, Flvcr1, Flvcr2, Fmn2, Fmr1, Fnbp1, Fnbp1l, Fndc1, Fnta, Folr1, Folr2, Fosl2, Foxa2, Foxb1, Foxd1, Foxf1, Foxj1, Foxl2, Foxo1, Fpr-rs3, Fpr-rs4, Fpr-rs6, Fpr-rs7, Fpr2, Fras1, Frat1, Frat2, Frey1, Frmd4a, Frmd6, Frmd8, Frmpd1, Frrs1l, Fshr, Fsip1, Fsip2, Fth1, Fthl17e, Ftl1, Ftl2-ps, Ftmt, Fto, Fubp3, Furin, Fuz, Fxn, Fxr1, Fxr2, Fxyd1, Fxyd2, Fxyd3, Fxyd4, Fxyd5, Fxyd6, Fxyd7, Fyb1, Fyb2, Fyco1, Fyn, Fyttd1, Fzd4, Fzd9, G3bp2, G6pc1, G6pc2, G6pc3, G6pd2, G6pdx, Gaa, Gab2, Gabarap, Gabarapl1, Gabarapl2, Gabbr1, Gabra1, Gabra2, Gabra3, Gabra4, Gabra5, Gabra6, Gabrb1, Gabrb2, Gabrb3, Gabrd, Gabre, Gabrg1, Gabrg2, Gabrg3, Gabrp, Gabrq, Gabrr1, Gabrr2, Gabrr3, Gak, Gal, Galr1, Galr2, Gapvd1, Gas1, Gas2l1, Gas2l2, Gas6, Gas7, Gas8, Gata1, Gata2, Gata3, Gbf1, Gbp2, Gbp4, Gbp5, Gc, Gcc2, Gcg, Gcgr, Gck, Gckr, Gclc, Gdap1, Gdf9, Gdi1, Gdi2, Gdnf, Gem, Get1, Get3, Get4, Gfap, Gfy, Gga1, Gga2, Gga3, Ggn, Gh, Ghitm, Ghr, Ghrh, Ghrhr, Ghrl, Ghsr, Gimap3, Gimap5, Gip, Gipc1, Gipr, Git1, Git2, Gja1, Gja10, Gja3, Gja4, Gja5, Gja8, Gjb1, Gjb2, Gjb4, Gjb6, Gjc1, Gjc2, Gjc3, Gjd3, Gle1, Gli3, Glipr1l1, Glis2, Glmp, Glp1r, Glra1, Glra2, Glra3, Glra4, Glrb, Gltp, Gltpd2, Glud1, Glul, Gm13629, Gm14461, Gm2a, Gm44504, Gm5134, Gmnc, Gna11, Gnai1, Gnai2, Gnai3, Gnao1, Gnaq, Gnas, Gnat1, Gnat2, Gnaz, Gnb2, Gnb5, Gngt1, Gnl3, Gnl3l, Gnptab, Golga2, Golga4, Golga5, Golga7, Golga7b, Golph3, Golph3l, Golt1a, Golt1b, Gopc, Gorasp1, Gorasp2, Gosr1, Gosr2, Got2, Gp1ba, Gp1bb, Gp2, Gp5, Gp9, Gpat4, Gpc1, Gpc2, Gpc3, Gpc4, Gpc5, Gpc6, Gpd1l, Gper1, Gphn, Gpihbp1, Gpld1, Gpm6a, Gpm6b, Gpr107, Gpr119, Gpr137b, Gpr143, Gpr151, Gpr155, Gpr158, Gpr15lg, Gpr179, Gpr27, Gpr35, Gpr39, Gpr68, Gpr89, Gprasp1, Gprc6a, Gps2, Gpsm1, Gpsm2, Gramd1a, Gramd1b, Gramd1c, Gramd2a, Grb10, Grb2, Grem1, Gria1, Gria2, Gria3, Gria4, Grid1, Grid2, Grik1, Grik2, Grik3, Grik4, Grik5, Grin1, Grin2a, Grin2b, Grin2c, Grin2d, Grin3a, Grin3b, Grip1, Grip2, Gripap1, Grk2, Grk3, Grk4, Grm1, Grm2, Grm6, Grm7, Grm8, Grn, Grp, Grpel1, Grpel2, Grxcr2, Gsdma, Gsdma2, Gsdma3, Gsdmc2, Gsdmd, Gsdme, Gsg1l, Gsk3a, Gsk3b, Gsn, Gstm7, Gsto1, Guca2b, Guk1, Gulp1, H13, H1f1, H1f5, H2-DMa, H2ac4, H2ax, Hacl1, Hadh, Hamp, Hamp2, Hap1, Has2, Haspin, Havcr1, Hba-a1, Hba-x, Hbb-b1, Hbb-b2, Hbb-bh0, Hbb-bh1, Hbb-y, Hbp1, Hcar2, Hcfc1, Hck, Hcls1, Hcn1, Hcn2, Hcn3, Hcn4, Hcrt, Hdac3, Hdac6, Hdgf, Hdlbp, Heatr3, Heatr5a, Heatr5b, Hectd1, Heg1, Hepacam, Heph, Hephl1, Herpud1, Hes1, Hexa, Hexb, Hfe, Hgs, Hgsnat, Hhex, Hif1a, Hikeshi, Hilpda, Hinfp, Hip1, Hip1r, Hk1, Hk2, Hm629797, Hmga1, Hmga2, Hmgb1, Hmgcr, Hmgn3, Hmmr, Hmox1, Hnf1a, Hnf1b, Hnf4a, Hnrnpa1, Hnrnpa2b1, Hnrnpa3, Hnrnpab, Hnrnpk, Hnrnpm, Hnrnpu, Homer1, Homer2, Homer3, Hook1, Hook2, Hook3, Hpca, Hpn, Hps1, Hps3, Hps4, Hps5, Hps6, Hpse, Hpx, Hras, Hrc, Hrh1, Hrh2, Hrh3, Hsbp1, Hsd3b2, Hsd3b3, Hsd3b6, Hsf1, Hsp90aa1, Hsp90ab1, Hsp90b1, Hspa1a, Hspa1l, Hspa2, Hspa4, Hspa5, Hspa8, Hspa9, Hspb1, Hspd1, Hspg2, Htatip2, Htatsf1, Htr1a, Htr1b, Htr1d, Htr2a, Htr2b, Htr2c, Htr3a, Htr3b, Htr4, Htr6, Htr7, Htt, Hvcn1, Hyal2, Hyal3, Hycc1, Hycc2, Hyou1, Ibtk, Ica1, Ica1l, Icam1, Icam5, Ice1, Icmt, Id4, Idh2, Idua, Ier3, Ier3ip1, Iffo1, Ifi27, Ifitm3, Ifnb1, Ifng, Ift122, Ift140, Ift172, Ift20, Ift22, Ift25, Ift27, Ift43, Ift46, Ift52, Ift56, Ift57, Ift70a1, Ift70a2, Ift70b, Ift74, Ift80, Ift81, Ift88, Igf1, Igf1r, Igf2bp1, Igf2bp2, Igf2bp3, Igf2r, Igfbp3, Igh-7, Igh-8, Ighe, Ighg1, Ighg2a, Ighg2b, Ighm, Igsf11, Igtp, Ik, Ikbkb, Ikbke, Ikbkg, Ikzf1, Il10ra, Il11, Il12a, Il12b, Il13, Il13ra2, Il15, Il15ra, Il16, Il1a, Il1b, Il1rapl1, Il1rn, Il2rb, Il2rg, Il33, Il4, Il4ra, Il6, Ildr1, Ildr2, Ilk, Ilrun, Immp1l, Immp2l, Impg2, Incenp, Ing1, Inha, Inhba, Inhbb, Inhca, Inpp4b, Inpp5e, Inpp5f, Inpp5k, Inppl1, Ins1, Ins2, Insc, Insig1, Insig2, Insr, Ints13, Intu, Invs, Ip6k2, Ipo11, Ipo13, Ipo4, Ipo5, Ipo7, Ipo8, Ipo9, Iqce, Iqgap1, Iqsec1, Iqsec2, Iqub, Irak1, Irf8, Irgm1, Irgm2, Irs1, Irs2, Iscu, Isg15, Isl1, Ist1, Itch, Itga2, Itga3, Itga4, Itga8, Itgal, Itgam, Itgav, Itgb1, Itgb1bp1, Itgb2, Itgb2l, Itgb3, Itgb7, Itln1, Itlnb, Itpr1, Itpr2, Itpr3, Itsn1, Itsn2, Iws1, Jagn1, Jak1, Jak2, Jak3, Jakmip1, Jam3, Jarid2, Jhy, Jmjd6, Jph2, Jph3, Jph4, Jsrp1, Jup, Kalrn, Kash5, Kat2a, Kat2b, Kat5, Katna1, Katnb1, Katnip, Kcna1, Kcna10, Kcna2, Kcna3, Kcna4, Kcna5, Kcna6, Kcna7, Kcnab1, Kcnab2, Kcnab3, Kcnb1, Kcnb2, Kcnc1, Kcnc2, Kcnc3, Kcnc4, Kcnd1, Kcnd2, Kcnd3, Kcne1, Kcne2, Kcne3, Kcne4, Kcne5, Kcnf1, Kcng1, Kcng2, Kcng3, Kcng4, Kcnh1, Kcnh2, Kcnh3, Kcnh4, Kcnh5, Kcnh6, Kcnh7, Kcnh8, Kcnip1, Kcnip2, Kcnip3, Kcnip4, Kcnj1, Kcnj10, Kcnj11, Kcnj12, Kcnj13, Kcnj14, Kcnj15, Kcnj16, Kcnj2, Kcnj3, Kcnj4, Kcnj5, Kcnj6, Kcnj8, Kcnj9, Kcnk1, Kcnk10, Kcnk12, Kcnk13, Kcnk15, Kcnk16, Kcnk18, Kcnk2, Kcnk3, Kcnk4, Kcnk5, Kcnk6, Kcnk7, Kcnk9, Kcnma1, Kcnmb1, Kcnmb2, Kcnmb3, Kcnmb4, Kcnn1, Kcnn2, Kcnn3, Kcnn4, Kcnq1, Kcnq2, Kcnq3, Kcnq4, Kcnq5, Kcnrg, Kcns1, Kcns2, Kcns3, Kcnt1, Kcnt2, Kcnu1, Kcnv1, Kcnv2, Kctd7, Kdelr1, Kdelr2, Kdelr3, Kdm1a, Kdm5b, Kel, Khdc3, Khdrbs1, Khsrp, Kics2, Kif13a, Kif14, Kif16b, Kif17, Kif18a, Kif1a, Kif1b, Kif1c, Kif20a, Kif20b, Kif21a, Kif21b, Kif22, Kif27, Kif28, Kif2a, Kif2b, Kif2c, Kif3a, Kif3b, Kif5a, Kif5b, Kif5c, Kifap3, Kifbp, Kifc1, Kifc2, Kifc5b, Kiss1, Kiss1r, Kit, Klc1, Klc2, Klc3, Klf15, Klf5, Klf7, Klhl12, Klhl20, Klhl21, Klhl3, Klrh1, Kmo, Knl1, Knstrn, Kntc1, Kpna1, Kpna2, Kpna2rt, Kpna3, Kpna4, Kpna6, Kpna7, Kpnb1, Kptn, Krt18, Krt20, Krt5, Ktn1, Kxd1, L1cam, Lama5, Lamp1, Lamp2, Lamp3, Lamp5, Lamtor1, Lamtor2, Lamtor3, Lamtor4, Lamtor5, Laptm4b, Laptm5, Large1, Larp7, Larp7-ps, Lasp1, Lat, Lat2, Lats1, Lats2, Lbp, Lca5, Lca5l, Lcat, Lck, Lcn2, Lcp1, Ldc1, Ldlr, Ldlrad3, Ldlrap1, Lef1, Lemd2, Lep, Lepr, Leprot, Leprotl1, Letm1, Letm2, Letmd1, Lgals3, Lgals3bp, Lgals9, Lgi1, Lgi3, Lhcgr, Lhfpl4, Lhfpl5, Lif, Lilra5, Lilrb4a, Lilrb4b, Lime1, Limk2, Lims1, Lin7a, Lin7b, Lin7c, Lipa, Lipc, Lipg, Llgl1, Llgl2, Lman1, Lman1l, Lman2, Lman2l, Lmbr1l, Lmbrd1, Lmf1, Lmna, Lmnb1, Lmnb2, Lmtk2, Lmx1b, Lonp2, Lpar1, Lpar3, Lpcat3, Lpl, Lrat, Lrba, Lrig2, Lrit3, Lrp1, Lrp10, Lrp11, Lrp12, Lrp1b, Lrp2, Lrp4, Lrp5, Lrp6, Lrp8, Lrpap1, Lrpprc, Lrrc15, Lrrc26, Lrrc32, Lrrc38, Lrrc4, Lrrc52, Lrrc55, Lrrc7, Lrrc8a, Lrrc8b, Lrrc8c, Lrrc8d, Lrrc8e, Lrrk2, Lrrtm1, Lrrtm2, Lrrtm4, Lrsam1, Lrwd1, Lsg1, Lsr, Ltbp1, Ltbp4, Ltf, Ltv1, Luzp1, Ly6e, Ly75, Lyar, Lyn, Lypd1, Lypd10, Lypd11, Lypla1, Lyplal1, Lyset, Lyst, Lyve1, Lztfl1, Lzts2, M6pr, Macf1, Macir, Macroh2a1, Macroh2a2, Mad1l1, Mad2l1, Madcam1, Madd, Mafa, Maged1, Maged2, Magel2, Magi2, Magoh, Magohb, Magt1, Maip1, Majin, Mak, Mal, Malrd1, Malt1, Mamdc4, Man1a, Maob, Map1a, Map1b, Map1lc3b, Map1s, Map2, Map2k1, Map2k2, Map2k6, Map3k8, Map4, Map4k2, Map4k4, Map6, Map6d1, Map7, Mapk1, Mapk10, Mapk14, Mapk15, Mapk3, Mapk8, Mapk8ip1, Mapk8ip2, Mapk8ip3, Mapk9, Mapkapk2, Mapkapk3, Mapre1, Mapre2, Mapre3, Mapt, Marchf2, Marchf3, Marchf5, Marcks, Marco, Mark1, Mark3, Mark4, Marveld3, Mavs, Mb, Mbl1, Mbl2, Mbtps1, Mc4r, Mcc, Mcfd2, Mchr1, Mcm3ap, Mcm8, Mcm9, Mcoln1, Mcoln2, Mcoln3, Mcph1, Mcrs1, Mctp1, Mctp2, Mcu, Mcub, Mcur1, Mdc1, Mdfic, Mdm2, Mdn1, Meak7, Mecp2, Med1, Mef2a, Mef2c, Megf10, Megf11, Megf6, Mei1, Meig1, Meioc, Meltf, Mepce, Mertk, Mesd, Met, Mettl21c, Mex3b, Mexis, Mff, Mfge8, Mfhas1, Mfn1, Mfn2, Mfsd1, Mfsd10, Mfsd12, Mfsd14a, Mfsd14b, Mfsd2a, Mfsd2b, Mfsd3, Mfsd4a, Mfsd4b1, Mfsd5, Mfsd8, Mfsd9, Mgarp, Mgat3, Mgrn1, Mgst1, Mia2, Mia3, Mib1, Mical1, Mical3, Micall1, Micall2, Micu1, Micu2, Micu3, Mid1, Mid2, Midn, Mief1, Mief2, Mif, Milr1, Mink1, Mios, Mip, Mipep, Mir130a, Mir200a, Mir208b, Mir410, Mis12, Mis18a, Misp, Mkks, Mkln1, Mlc1, Mlh1, Mlh3, Mllt6, Mlph, Mlx, Mlxip, Mmd, Mmd2, Mmgt1, Mmgt2, Mmp12, Mmp13, Mmp14, Mmp7, Mmp9, Mms22l, Moap1, Mon1a, Mon1b, Mon2, Morc3, Mos, Mosmo, Mpc1, Mpc2, Mpdz, Mpeg1, Mpp4, Mpp7, Mppe1, Mprip, Mpv17, Mpv17l, Mrap, Mrap2, Mrc1, Mrc2, Mreg, Mrgprb1, Mrgprx2, Mrln, Mrnip, Mrpl18, Mrs2, Ms4a1, Ms4a2, Msh2, Msn, Msr1, Mst1r, Msto1, Msx1, mt-Atp6, mt-Atp8, mt-Co1, mt-Co2, mt-Co3, mt-Cytb, mt-Nd1, mt-Nd2, mt-Nd3, mt-Nd4, mt-Nd4l, mt-Nd5, mt-Nd6, Mt3, Mtbp, Mtch1, Mtch2, Mtcl1, Mterf4, Mtln, Mtm1, Mtmr2, Mtmr4, Mtmr6, Mtmr9, Mtnr1a, Mtnr1b, Mtor, Mttp, Mtx1, Mtx2, Muc2, Mul1, Mup1, Mup11, Mup2, Mup3, Mup4, Mup5, Musk, Mvb12a, Mvb12b, Mx2, Myadm, Myb, Myc, Mycbp2, Myd88, Myh10, Myh9, Myl12a, Mylk, Mylk2, Myo10, Myo15a, Myo18a, Myo19, Myo1a, Myo1b, Myo1c, Myo1d, Myo1e, Myo1f, Myo1g, Myo1h, Myo5a, Myo5b, Myo5c, Myo6, Myo7a, Myo7b, Myom1, Myrip, Myt1, Mzt1, Nabp2, Naca, Nacad, Nacc2, Nadk, Naglu, Nagpa, Naif1, Nalcn, Nalf1, Nalf2, Napa, Napb, Napg, Nasp, Nat3, Nat8l, Naxe, Nbas, Nbea, Nbeal1, Nbeal2, Nbl1, Nbn, Ncam1, Ncbp1, Ncbp2, Ncbp3, Ncdn, Ncf1, Ncf2, Ncf4, Nckap1, Nckap1l, Nckipsd, Ncl, Ncln, Ncoa1, Ncoa4, Ncoa6, Ncs1, Ndc1, Ndc80, Nde1, Ndel1, Ndfip1, Ndfip2, Ndp, Ndrg4, Ndufa10, Ndufa13, Ndufa2, Ndufa4, Ndufaf2, Ndufb7, Ndufs1, Ndufs2, Ndufs3, Ndufs4, Ndufs7, Ndufs8, Ndufv1, Ndufv2, Necab2, Necap1, Necap2, Nectin1, Nectin2, Nectin3, Nedd1, Nedd4, Nedd4l, Nedd8, Nedd9, Nefh, Nefl, Nefm, Negr1, Nek10, Nek2, Nell2, Nemf, Neo1, Neto1, Neto2, Neu3, Neurl1a, Neurl1b, Neurl3, Neurod1, Neurog1, Nf1, Nf2, Nfasc, Nfatc1, Nfatc3, Nfe2l1, Nfe2l2, Nfix, Nfkbia, Nfkbie, Ngb, Ngdn, Ngf, Ngfr, Nherf1, Nherf2, Nherf4, Nhlrc1, Niban2, Nin, Nipa1, Nipa2, Nipal1, Nipal2, Nipal3, Nipal4, Nipbl, Nipsnap2, Nisch, Nkain1, Nkain2, Nkain3, Nkain4, Nkd2, Nkg7, Nkx2-3, Nkx2-5, Nkx3-1, Nkx6-1, Nlgn1, Nlgn2, Nlgn3, Nlrp4f, Nlrp5, Nlrp6, Nmb, Nmd3, Nme1, Nme4, Nme5, Nme7, Nmt1, Nmt2, Nmu, Nmur1, Nmur2, Nnat, Nnt, Nod2, Nol3, Nol6, Nol8, Nolc1, Nomo1, Nop53, Nop58, Nop9, Nos1, Nos2, Nos3, Nostrin, Notch1, Notch4, Npc1, Npc1l1, Npc2, Npff, Nphp1, Nphp4, Nphs1, Nploc4, Npm1, Npnt, Nppa, Nppc, Npr3, Npsr1, Nptn, Nptx1, Nptx2, Nptxr, Npvf, Npy, Npy1r, Npy2r, Npy5r, Nr0b1, Nr0b2, Nr1d1, Nr1h2, Nr1h3, Nr1h4, Nr1i2, Nr3c1, Nr3c2, Nr4a1, Nr4a3, Nr5a1, Nrarp, Nrbp1, Nrcam, Nrde2, Nrg1, Nrp1, Nrros, Nrxn1, Nrxn2, Nrxn3, Nsd2, Nsf, Nsfl1c, Nsg1, Nsg2, Nsl1, Nsun2, Ntf3, Ntn1, Ntrk2, Ntsr1, Nuak2, Nubp1, Nucb1, Nucb2, Nudc, Nudcd3, Nuf2, Numa1, Numb, Nup107, Nup133, Nup153, Nup155, Nup160, Nup188, Nup210, Nup214, Nup35, Nup37, Nup42, Nup43, Nup50, Nup50l, Nup54, Nup58, Nup62, Nup62cl, Nup85, Nup88, Nup93, Nup98, Nus1, Nusap1, Nutf2, Nutf2-ps1, Nutf2-ps2, Nvl, Nxf1, Nxf2, Nxf3, Nxf7, Nxt1, Nxt2, Oas2, Oaz1, Oaz2, Oaz3, Obsl1, Oc90, Oca2, Ocln, Odad3, Odad4, Odr4, Ofd1, Oga, Ogt, Olfm2, Olr1, Ooep, Opa1, Ophn1, Opn3, Oprd1, Oprk1, Oprm1, Optn, Or51e2, Orai1, Orai2, Orai3, Ormdl3, Os9, Osbp, Osbp2, Osbpl10, Osbpl11, Osbpl1a, Osbpl2, Osbpl3, Osbpl5, Osbpl6, Osbpl8, Osbpl9, Oscp1, Osm, Osr1, Ostm1, Ostn, Otof, Otog, Otogl, Otop1, Otop2, Otop3, Otud7b, Oxa1l, Oxct1, Oxsr1, Oxt, Oxtr, P2rx1, P2rx2, P2rx3, P2rx4, P2rx5, P2rx6, P2rx7, P2ry1, P2ry12, P2ry2, P2ry4, P2ry6, P3h1, P4hb, Pabpc1l, Pabpn1, Pacc1, Pacrg, Pacs1, Pacs2, Pacsin1, Pacsin2, Pacsin3, Padi6, Paf1, Pafah1b1, Pak1, Pak2, Pakap, Palm, Pals1, Pam16, Pan3, Panx1, Panx2, Panx3, Paqr3, Pard3, Pard3b, Pard6a, Pard6b, Pard6g, Park7, Parl, Parn, Parp1, Parp11, Parp3, Parp9, Pask, Pawr, Pax6, Pax8, Pcare, Pcdh17, Pcdhga3, Pcid2, Pck2, Pclo, Pcm1, Pcnt, Pcp4, Pcsk1, Pcsk6, Pcsk9, Pctp, Pcyox1, Pdcd10, Pdcd5, Pdcd5-ps, Pdcd6, Pdcd6ip, Pde1c, Pde3b, Pde4c, Pde4d, Pde8b, Pdgfb, Pdgfrb, Pdpk1, Pdx1, Pdzd11, Pdzd7, Pdzd8, Pdzk1, Pea15a, Pear1, Pecam1, Pef1, Peg10, Peg12, Per1, Per2, Pes1, Pex1, Pex10, Pex12, Pex13, Pex14, Pex16, Pex19, Pex2, Pex26, Pex3, Pex5, Pex5l, Pex6, Pex7, Pfkfb2, Pfkl, Pfkm, Pfn2, Pgap1, Pgap2, Pgr, Pgrmc1, Pgrmc2, Phaf1, Phax, Phb2, Pheta1, Pheta2, Phip, Phldb2, Phyhip, Pi4k2a, Pianp, Pias1, Pias4, Pibf1, Picalm, Pick1, Pid1, Piezo1, Piezo2, Pigr, Pigw, Pih1d1, Pik3c2a, Pik3c3, Pik3ca, Pik3cb, Pik3cg, Pik3r1, Pik3r2, Pik3r4, Pikfyve, Pim1, Pim3, Pin1, Pin1rt1, Pink1, Pinx1, Pip4k2a, Pip4k2b, Pip4p1, Pip4p2, Pip5k1a, Pip5k1c, Pirt, Pitpna, Pitpnb, Pitpnc1, Pitpnm1, Pitpnm2, Pitpnm3, Piwil4, Pkd1, Pkd1l1, Pkd1l3, Pkd2, Pkd2l1, Pkd2l2, Pkdcc, Pkhd1, Pkia, Pkig, Pkp1, Pkp2, Pkp3, Pla2g10, Pla2g12a, Pla2g12b, Pla2g1b, Pla2g2a, Pla2g2c, Pla2g2d, Pla2g2e, Pla2g2f, Pla2g3, Pla2g4a, Pla2g4e, Pla2g4f, Pla2g5, Pla2g6, Pla2r1, Plaa, Plcb1, Plcb2, Plcb3, Plcb4, Plcd1, Plce1, Plcg1, Plcg2, Plch1, Plch2, Plcl1, Plcl2, Plcz1, Pld1, Pld2, Pld4, Plec, Plek, Plekha1, Plekha3, Plekha8, Plekhf1, Plekhf2, Plekhj1, Plekhm1, Plekhm2, Plin2, Plin3, Plin5, Plk1, Plk2, Plk3, Pllp, Pln, Plod3, Plp1, Plpp3, Plpp4, Plppr4, Plrg1, Pls1, Pls3, Plscr1, Plscr1l1, Plscr2, Plscr3, Plscr4, Plscr5, Pltp, Plxna2, Pmaip1, Pmf1, Pmfbp1, Pml, Pmp2, Pmp22, Pmpca, Pmpcb, Pnkd, Pnpla2, Pnpla8, Pnpt1, Pofut2, Pola2, Poldip3, Polr1a, Polr2m, Pom121, Pom121l2, Pomc, Pomgnt1, Pon1, Pon3, Popdc1, Porcn, Pot1a, Pot1b, Potefam3a, Potefam3b, Pou2f2, Pou3f3, Pou4f2, Pou5f1, Ppara, Ppard, Pparg, Ppfia1, Ppfia2, Ppfia3, Pphln1, Ppia, Ppid, Ppif, Ppil2, Ppm1a, Ppm1f, Ppm1k, Ppp1cc, Ppp1r12a, Ppp1r15a, Ppp1r3c, Ppp1r9a, Ppp1r9b, Ppp2r2b, Ppp2r5a, Ppp3ca, Ppp3cb, Ppp3cc, Ppp3r1, Ppp3r2, Ppt1, Praf2, Pram1, Prap1, Preb, Prelid1, Prelid2, Prelid3a, Prelid3b, Prepl, Prf1, Prg4, Prickle1, Prima1, Prkaa1, Prkaa2, Prkaca, Prkag1, Prkar1a, Prkar1b, Prkca, Prkcb, Prkcd, Prkce, Prkcg, Prkci, Prkcq, Prkcz, Prkd1, Prkg1, Prkg2, Prkn, Prl, Prl2a1, Prl2b1, Prl2c1, Prl2c2, Prl2c3, Prl2c5, Prl3a1, Prl3b1, Prl3c1, Prl3d1, Prl3d2, Prl3d3, Prl4a1, Prl5a1, Prl6a1, Prl7a1, Prl7a2, Prl7b1, Prl7c1, Prl7d1, Prl8a1, Prl8a2, Prl8a6, Prl8a8, Prl8a9, Prlr, Prnp, Proca1, Prom2, Pros1, Prpf19, Prpf31, Prpf4b, Prpf6, Prph2, Prr5l, Prrt1, Prrt2, Prss12, Prss30, Prss8, Prtn3, Psap, Psen1, Psen2, Psg22, Psmd9, Psrc1, Pstpip1, Ptafr, Ptbp1, Ptch1, Pten, Ptgdr, Ptgds, Ptger3, Ptger4, Ptges, Ptges2, Ptgs1, Ptgs2, Pth, Ptk2, Ptk2b, Ptn, Ptp4a3, Ptpmt1, Ptpn1, Ptpn11, Ptpn14, Ptpn2, Ptpn22, Ptpn23, Ptpn3, Ptpn5, Ptpn6, Ptpn9, Ptprc, Ptprj, Ptprk, Ptprn, Ptprn2, Ptpru, Ptprv, Pttg1ip, Pttg1ip2, Ptx3, Pum2, Pura, Pxk, Pycard, Pygo1, Qki, Rab10, Rab11a, Rab11b, Rab11fip1, Rab11fip2, Rab11fip3, Rab11fip4, Rab11fip5, Rab12, Rab13, Rab14, Rab15, Rab17, Rab18, Rab19, Rab1a, Rab1b, Rab20, Rab21, Rab22a, Rab23, Rab24, Rab25, Rab26, Rab27a, Rab27b, Rab28, Rab29, Rab2a, Rab2b, Rab30, Rab31, Rab32, Rab33b, Rab34, Rab35, Rab36, Rab37, Rab38, Rab39, Rab39b, Rab3a, Rab3b, Rab3c, Rab3d, Rab3gap1, Rab3gap2, Rab3il1, Rab3ip, Rab40b, Rab40c, Rab42, Rab43, Rab44, Rab4a, Rab4b, Rab5a, Rab5b, Rab5c, Rab5if, Rab6a, Rab6b, Rab7, Rab7b, Rab8a, Rab8b, Rab9, Rab9b, Rabep1, Rabep2, Rabgap1l, Rabgef1, Rabggta, Rabggtb, Rabif, Rabl2, Rabl3, Rac1, Rac2, Racgap1, Rack1, Rad17, Rad21, Rad21l, Rae1, Raf1, Rala, Ralb, Ralbp1, Ralgapa2, Ralgapb, Ramp1, Ramp2, Ramp3, Ran, Ranbp1, Ranbp17, Ranbp2, Ranbp3, Ranbp3l, Ranbp6, Rangap1, Rangrf, Rap1a, Rap1b, Rap1gap, Rap1gds1, Rap2a, Rapgef1, Rapgef2, Rapgef3, Rapgef4, Rapgef6, Rapsn, Rara, Rasa1, Rasef, Rasgrf1, Rasgrf2, Rasgrp1, Rasl10b, Rasl2-9, Rassf5, Rassf9, Rb1, Rbm10, Rbm15b, Rbm22, Rbm33, Rbm4, Rbm8a, Rbp1, Rbp2, Rbp4, Rbp7, Rbsn, Rcc2, Rcn3, Rcsd1, Rcvrn, Rd3, Rdx, Reep1, Reep2, Reep6, Relch, Reln, Rem1, Ren1, Rep15, Repin1, Reps1, Reps2, Rer1, Rest, Retn, Rffl, Rft1, Rftn1, Rftn2, Rfx3, Rfx6, Rgcc, Rgp1, Rgs14, Rgs2, Rgs4, Rgs7, Rgs9, Rhag, Rhbdd1, Rhbdd3, Rhbdf1, Rhbdf2, Rhbg, Rhcg, Rhd, Rhno1, Rhoa, Rhob, Rhobtb3, Rhod, Rhog, Rhoj, Rhoq, Rhot1, Rhot2, Rhou, Rhov, Ric1, Ric3, Rilp, Rilpl1, Rilpl2, Rimbp2, Rims1, Rims2, Rims3, Rims4, Rin1, Rin2, Rin3, Rinl, Rint1, Riok2, Ripk1, Ripor1, Ripor2, Rit2, Rita1, Rnasek, Rnasel, Rnf126, Rnf13, Rnf139, Rnf167, Rnf168, Rnf186, Rnf207, Rnf216, Rnf220, Rnf26, Rnf26rt, Rnf4, Rock1, Rock2, Rom1, Romo1, Ropn1, Ropn1l, Ros1, Rp2, Rpa1, Rpa2, Rpain, Rpf2, Rpgr, Rph3a, Rph3al, Rpl11, Rplp0, Rps15, Rps6kb1, Rptor, Rraga, Rragb, Rragc, Rrbp1, Rrp7a, Rrs1, Rsad2, Rsc1a1, Rsl1d1, Rsph1, Rsph14, Rsph3b, Rsph4a, Rsph9, Rspo1, Rsrc1, Rtn2, Rtn3, Rtn4, Rtp1, Rtp2, Rtp3, Rtp4, Rubcn, Rubcnl, Rufy1, Rufy3, Runx1, Ruvbl2, Ryr1, Ryr2, Ryr3, S100a10, S100a13, S100a6, S100a8, S100a9, S2bpcox16, Sacm1l, Sag, Samd9l, Samm50, Sapcd2, Sar1a, Sar1b, Saraf, Sarm1, Sarnp, Scamp1, Scamp2, Scamp3, Scamp4, Scamp5, Scap, Scara5, Scarb1, Scarb2, Scarf1, Scarf2, Scfd1, Scfd2, Scg3, Scg5, Scml2, Scn10a, Scn11a, Scn1a, Scn1b, Scn2a, Scn2b, Scn3a, Scn3b, Scn4a, Scn4b, Scn5a, Scn7a, Scn8a, Scn9a, Scnn1a, Scnn1b, Scnn1g, Sco1, Scp2, Scrib, Scrn1, Sct, Sctr, Scyl1, Scyl2, Scyl3, Sdad1, Sdc1, Sdc4, Sdcbp, Sdf4, Sdhd, Sec13, Sec14l1, Sec16a, Sec16b, Sec22a, Sec22b, Sec22c, Sec23a, Sec23b, Sec24a, Sec24b, Sec24c, Sec24d, Sec31a, Sec31b, Sec61a1, Sec61a2, Sec61b, Sec61bl, Sec61g, Sec62, Sec63, Seh1l, Sel1l, Sele, Selenbp1, Selenbp2, Selenok, Selenom, Selenon, Selenos, Selenot, Sem1, Sema6a, Senp2, Septin1, Septin10, Septin11, Septin12, Septin14, Septin2, Septin3, Septin4, Septin5, Septin6, Septin7, Septin8, Septin9, Serac1, Sergef, Serp1, Serpina7, Serpine1, Serpine2, Sesn2, Sestd1, Setd2, Sfn, Sfpq, Sfrp1, Sfrp4, Sft2d1, Sft2d2, Sft2d3, Sftpa1, Sftpd, Sfxn1, Sfxn2, Sfxn3, Sfxn4, Sfxn5, Sgcb, Sgcd, Sgip1, Sgk1, Sgo1, Sgo2a, Sgpp1, Sgsm2, Sgsm3, Sgta, Sgtb, Sh2b2, Sh3bp1, Sh3bp4, Sh3gl1, Sh3gl2, Sh3gl3, Sh3glb1, Sh3glb2, Sh3kbp1, Sh3pxd2b, Sh3tc2, Shank1, Shank3, Shh, Shisa6, Shisa7, Shisa9, Shoc2, Shroom2, Shroom3, Siah3, Sidt1, Sidt2, Siglec1, Siglece, Siglecf, Siglech, Sigmar1, Sik1, Sik3, Sil1, Sin3a, Sirpa, Sirpb1a, Sirt1, Sirt2, Sirt3, Sirt4, Sirt6, Sirt7, Siva1, Six1, Six2, Six3, Six4, Ska1, Ska2, Ska3, Skap1, Skp1, Slamf1, Slbp, Slc10a1, Slc10a2, Slc10a3, Slc10a4, Slc10a4-ps, Slc10a5, Slc10a6, Slc10a7, Slc11a1, Slc11a2, Slc12a1, Slc12a2, Slc12a3, Slc12a4, Slc12a5, Slc12a6, Slc12a7, Slc12a8, Slc12a9, Slc13a1, Slc13a2, Slc13a3, Slc13a4, Slc13a5, Slc14a1, Slc14a2, Slc15a1, Slc15a2, Slc15a3, Slc15a4, Slc15a5, Slc16a1, Slc16a10, Slc16a11, Slc16a12, Slc16a13, Slc16a14, Slc16a2, Slc16a3, Slc16a4, Slc16a5, Slc16a6, Slc16a7, Slc16a8, Slc16a9, Slc17a1, Slc17a2, Slc17a3, Slc17a4, Slc17a5, Slc17a6, Slc17a7, Slc17a8, Slc17a9, Slc18a1, Slc18a2, Slc18a3, Slc18b1, Slc19a1, Slc19a2, Slc19a3, Slc1a1, Slc1a2, Slc1a3, Slc1a4, Slc1a5, Slc1a6, Slc1a7, Slc20a1, Slc20a2, Slc22a1, Slc22a12, Slc22a13, Slc22a14, Slc22a15, Slc22a16, Slc22a17, Slc22a18, Slc22a19, Slc22a2, Slc22a20, Slc22a21, Slc22a22, Slc22a23, Slc22a26, Slc22a27, Slc22a28, Slc22a29, Slc22a3, Slc22a30, Slc22a4, Slc22a5, Slc22a6, Slc22a7, Slc22a8, Slc23a1, Slc23a2, Slc23a3, Slc24a1, Slc24a2, Slc24a3, Slc24a4, Slc24a5, Slc25a1, Slc25a10, Slc25a11, Slc25a12, Slc25a13, Slc25a14, Slc25a15, Slc25a16, Slc25a17, Slc25a18, Slc25a19, Slc25a2, Slc25a20, Slc25a21, Slc25a22, Slc25a23, Slc25a24, Slc25a25, Slc25a26, Slc25a27, Slc25a28, Slc25a29, Slc25a3, Slc25a30, Slc25a31, Slc25a32, Slc25a33, Slc25a36, Slc25a37, Slc25a38, Slc25a39, Slc25a4, Slc25a40, Slc25a41, Slc25a42, Slc25a43, Slc25a44, Slc25a45, Slc25a46, Slc25a47, Slc25a5, Slc25a51, Slc25a54, Slc26a1, Slc26a10, Slc26a11, Slc26a2, Slc26a3, Slc26a4, Slc26a5, Slc26a6, Slc26a7, Slc26a8, Slc26a9, Slc27a1, Slc27a2, Slc27a3, Slc27a4, Slc27a5, Slc27a6, Slc28a1, Slc28a2, Slc28a2b, Slc28a3, Slc29a1, Slc29a2, Slc29a3, Slc29a4, Slc2a1, Slc2a10, Slc2a12, Slc2a13, Slc2a2, Slc2a3, Slc2a4, Slc2a5, Slc2a6, Slc2a7, Slc2a8, Slc2a9, Slc30a1, Slc30a10, Slc30a2, Slc30a3, Slc30a4, Slc30a5, Slc30a6, Slc30a7, Slc30a8, Slc30a9, Slc31a1, Slc31a2, Slc32a1, Slc33a1, Slc34a1, Slc34a2, Slc34a3, Slc35a1, Slc35a2, Slc35a3, Slc35a4, Slc35a5, Slc35b1, Slc35b2, Slc35b3, Slc35b4, Slc35c1, Slc35c2, Slc35d1, Slc35d2, Slc35d3, Slc35e1, Slc35e2, Slc35e3, Slc35e4, Slc35f1, Slc35f2, Slc35f3, Slc35f6, Slc35g1, Slc36a1, Slc36a2, Slc36a3, Slc36a4, Slc37a1, Slc37a2, Slc37a3, Slc37a4, Slc38a1, Slc38a10, Slc38a11, Slc38a2, Slc38a3, Slc38a4, Slc38a5, Slc38a6, Slc38a7, Slc38a8, Slc38a9, Slc39a1, Slc39a10, Slc39a11, Slc39a12, Slc39a13, Slc39a14, Slc39a2, Slc39a3, Slc39a4, Slc39a5, Slc39a6, Slc39a7, Slc39a8, Slc39a9, Slc3a1, Slc3a2, Slc40a1, Slc41a1, Slc41a2, Slc41a3, Slc43a1, Slc43a2, Slc43a3, Slc44a1, Slc44a2, Slc44a3, Slc44a4, Slc44a5, Slc45a1, Slc45a2, Slc45a3, Slc45a4, Slc46a1, Slc46a2, Slc46a3, Slc47a1, Slc47a2, Slc48a1, Slc49a3, Slc49a4, Slc4a1, Slc4a10, Slc4a11, Slc4a2, Slc4a3, Slc4a4, Slc4a5, Slc4a7, Slc4a8, Slc4a9, Slc50a1, Slc51a, Slc51b, Slc52a2, Slc52a3, Slc5a1, Slc5a10, Slc5a11, Slc5a12, Slc5a2, Slc5a3, Slc5a4a, Slc5a4b, Slc5a5, Slc5a6, Slc5a7, Slc5a8, Slc5a9, Slc66a1, Slc66a2, Slc6a1, Slc6a11, Slc6a12, Slc6a13, Slc6a14, Slc6a15, Slc6a16, Slc6a17, Slc6a18, Slc6a19, Slc6a2, Slc6a20a, Slc6a20b, Slc6a21, Slc6a3, Slc6a4, Slc6a5, Slc6a6, Slc6a7, Slc6a8, Slc6a9, Slc7a1, Slc7a10, Slc7a11, Slc7a12, Slc7a13, Slc7a14, Slc7a15, Slc7a2, Slc7a3, Slc7a4, Slc7a5, Slc7a6, Slc7a6os, Slc7a7, Slc7a8, Slc7a9, Slc8a1, Slc8a2, Slc8a3, Slc8b1, Slc9a1, Slc9a2, Slc9a3, Slc9a4, Slc9a5, Slc9a6, Slc9a7, Slc9a8, Slc9a9, Slc9b1, Slc9b2, Slc9c1, Slco1a1, Slco1a4, Slco1a5, Slco1a6, Slco1a7, Slco1a8, Slco1b2, Slco1c1, Slco2a1, Slco2b1, Slco3a1, Slco4a1, Slco4c1, Slco5a1, Slco6b1, Slco6c1, Slco6d1, Slf1, Slf2, Slit1, Slitrk1, Slitrk3, Slmap, Sln, Slu7, Smad2, Smad4, Smad7, Smap1, Smc5, Smcr8, Smdt1, Smim43, Smo, Smpd1, Smpd3, Smurf1, Smyd3, Snap23, Snap25, Snap29, Snap47, Snap91, Snapin, Snca, Sncaip, Sncb, Sncg, Snf8, Snhg15, Snord32a, Snord33, Snord34, Snord35a, Snord60, Snph, Snta1, Snupn, Snx1, Snx10, Snx11, Snx12, Snx13, Snx14, Snx15, Snx16, Snx17, Snx18, Snx19, Snx2, Snx20, Snx21, Snx24, Snx25, Snx27, Snx3, Snx30, Snx31, Snx32, Snx33, Snx4, Snx5, Snx6, Snx7, Snx8, Snx9, Soat1, Soat2, Socs2, Sod1, Sorbs1, Sorbs2, Sorcs1, Sorcs2, Sorl1, Sort1, Sox11, Sox30, Sox4, Sox9, Sp100, Spag16, Spag17, Spag5, Spag6, Spag6l, Spag9, Spart, Spast, Spata33, Spata7, Spc24, Spc25, Spcs1, Spcs2, Spcs3, Spdl1, Spdya, Spef2, Spg11, Spg7, Sphk1, Sphk2, Spi1, Spice1, Spidr, Spin1, Spink1, Spire1, Spire2, Spns1, Spns2, Spns3, Spo11, Spon2, Spout1, Spp1, Sprn, Spry1, Spry2, Sptbn1, Sptbn2, Sptbn4, Sptbn5, Sptssa, Spx, Sqstm1, Src, Srcin1, Srebf1, Srebf2, Srgn, Sri, Srl, Srp14, Srp19, Srp54a, Srp54b, Srp54c, Srp68, Srp72, Srp9, Srpra, Srprb, Srpx, Srsf1, Srsf10, Srsf3, Srsf7, Ssb, Ssc5d, Ssh1, Ssna1, Ssr3, Sstr4, Sstr5, Ssx2ip, Stab1, Stab2, Stac, Stac2, Stac3, Stag3, Stam, Stam2, Stap1, Star, Stard10, Stard3, Stard3nl, Stard4, Stard5, Stard6, Stard7, Stat3, Stat5a, Stat5b, Stau1, Stau2, Stbd1, Stc1, Stc2, Steap2, Steap3, Steap4, Steep1, Stil, Stim1, Stim2, Stimate, Sting1, Stk11, Stk11ip, Stk25, Stk3, Stk36, Stk39, Stk4, Stom, Stoml1, Stoml2, Ston1, Ston2, Stpg1, Stra6, Stra6l, Strada, Stradb, Strc, Strit1, Stx11, Stx12, Stx16, Stx17, Stx18, Stx19, Stx1a, Stx1b, Stx2, Stx3, Stx4a, Stx5a, Stx6, Stx7, Stx8, Stxbp1, Stxbp2, Stxbp3, Stxbp4, Stxbp5, Stxbp5l, Stxbp6, Sucnr1, Sumo1, Sumo2, Sumo3, Sun1, Sun2, Sun5, Supt6, Supt7l, Surf1, Surf4, Susd4, Sv2a, Sv2b, Sv2c, Svbp, Svip, Svop, Svopl, Swap70, Sybu, Sycn, Sycp1, Syde1, Syk, Syn1, Syn2, Syn3, Syndig1, Syne1, Syne2, Syne3, Syngap1, Syngr1, Syngr2, Syngr3, Synj1, Synj2, Synj2bp, Synrg, Syp, Sys1, Syt1, Syt10, Syt11, Syt12, Syt13, Syt15, Syt17, Syt2, Syt3, Syt4, Syt5, Syt6, Syt7, Syt8, Syt9, Sytl1, Sytl2, Sytl3, Sytl4, Sytl5, Syvn1, Szt2, Tac1, Tac4, Tacc1, Tacc2, Tacc3, Taco1, Tacr1, Tacr2, Taf3, Taf8, Tafa4, Tamalin, Tanc2, Tango2, Tango6, Tap1, Tap2, Tardbp, Tasor, Tax1bp1, Tax1bp3, Tbc1d1, Tbc1d10a, Tbc1d10b, Tbc1d10c, Tbc1d13, Tbc1d14, Tbc1d17, Tbc1d20, Tbc1d21, Tbc1d23, Tbc1d24, Tbc1d2b, Tbc1d32, Tbc1d4, Tbc1d5, Tbc1d8b, Tbccd1, Tbrg1, Tbx3, Tcaf1, Tcf7l2, Tcirg1, Tcn2, Tcp1, Tcp11, Tctn1, Tctn2, Tecpr2, Tek, Tenm1, Tent2, Terb1, Terb2, Terf1, Terf2, Terf2ip, Tert, Tesc, Tescl, Tesk1, Tespa1, Tex14, Tex15, Tex2, Tex261, Tfap2b, Tfeb, Tff2, Tfg, Tfr2, Tfrc, Tg, Tgfb1, Tgfb2, Tgfb3, Tgfbr2, Tgfbrap1, Tgm2, Th, Thbs1, Them4, Thoc1, Thoc2, Thoc2l, Thoc3, Thoc5, Thoc6, Thoc7, Thy1, Tia1, Tiam1, Ticam2, Tifab, Timd2, Timd4, Timd5, Timd6, Timm10, Timm10b, Timm13, Timm17a, Timm17b, Timm21, Timm22, Timm23, Timm29, Timm44, Timm50, Timm8a1, Timm8a2, Timm8b, Timm9, Tinf2, Tjp1, Tjp2, Tjp3, Tle6, Tlk1, Tlk2, Tlr2, Tlr4, Tlr9, Tm7sf3, Tm9sf1, Tm9sf2, Tm9sf3, Tm9sf4, Tm9sf5, Tmbim1, Tmbim6, Tmc1, Tmc2, Tmc4, Tmcc1, Tmco1, Tmco3, Tmco6, Tmed1, Tmed10, Tmed10-ps, Tmed11, Tmed2, Tmed3, Tmed4, Tmed5, Tmed6, Tmed7, Tmed9, Tmem102, Tmem106b, Tmem107, Tmem108, Tmem109, Tmem115, Tmem120a, Tmem126a, Tmem129, Tmem132a, Tmem135, Tmem144, Tmem147, Tmem14a, Tmem14c, Tmem150a, Tmem150c, Tmem163, Tmem165, Tmem167, Tmem167b, Tmem168, Tmem175, Tmem184a, Tmem201, Tmem230, Tmem231, Tmem232, Tmem241, Tmem258, Tmem266, Tmem30a, Tmem30b, Tmem30c, Tmem35a, Tmem37, Tmem38a, Tmem38b, Tmem41b, Tmem50a, Tmem50b, Tmem53, Tmem59, Tmem63a, Tmem63b, Tmem63c, Tmem74, Tmem79, Tmem87a, Tmem87b, Tmem88, Tmem9, Tmem94, Tmem97, Tmem98, Tmf1, Tmigd1, Tmx1, Tnf, Tnfaip2, Tnfaip3, Tnfaip6, Tnfaip8l3, Tnfrsf11a, Tnfrsf1a, Tnfrsf1b, Tnfsf11, Tnik, Tnk2, Tnks, Tnks2, Tnnc1, Tnnt2, Tnpo1, Tnpo2, Tnpo3, Tnrc6a, Tns4, Tollip, Tom1, Tom1l1, Tom1l2, Tomm20, Tomm20l, Tomm22, Tomm34, Tomm40, Tomm40l, Tomm5, Tomm6, Tomm7, Tomm70a, Tomt, Tonsl, Topbp1, Topors, Tor1a, Tor1aip1, Tor1aip2, Tor1b, Tpbg, Tpcn1, Tpcn2, Tpgs1, Tph1, Tpp1, Tpr, Tprg1l, Traf3ip1, Traf3ip2, Traf6, Traf7, Trak1, Trak2, Tram1, Tram1l1, Tram2, Trappc1, Trappc10, Trappc11, Trappc12, Trappc13, Trappc2, Trappc2b, Trappc2l, Trappc3, Trappc3l, Trappc4, Trappc5, Trappc6a, Trappc6b, Trappc9, Trarg1, Trat1, Trdn, Trem2, Treml4, Trex1, Trf, Trh, Triap1, Trib3, Trim12a, Trim12c, Trim17, Trim23, Trim25, Trim27, Trim28, Trim29, Trim3, Trim30a, Trim30b, Trim30c, Trim30d, Trim37, Trim40, Trim46, Trim5, Trim50, Trim58, Trim69, Trim72, Trim8, Trim9, Trip10, Trip11, Trmt10b, Trp53, Trp53bp1, Trp53inp2, Trp73, Trpa1, Trpc1, Trpc2, Trpc3, Trpc4, Trpc5, Trpc6, Trpc7, Trpm1, Trpm2, Trpm3, Trpm4, Trpm5, Trpm6, Trpm7, Trpm8, Trpv1, Trpv2, Trpv3, Trpv4, Trpv5, Trpv6, Tsc1, Tsc2, Tsg101, Tsku, Tspan10, Tspan13, Tspan14, Tspan15, Tspan17, Tspan18, Tspan33, Tspan4, Tspan5, Tspan7, Tspan9, Tspo, Tspo2, Tspoap1, Tst, Ttbk2, Ttc21a, Ttc21b, Ttc39b, Ttc39d, Ttc7, Ttc7b, Ttc8, Ttk, Ttl, Ttll1, Ttn, Ttpa, Ttyh1, Ttyh2, Ttyh3, Tub, Tuba1a, Tubb1, Tulp1, Tulp2, Tulp3, Tunar, Tusc2, Tusc3, Tvp23a, Tvp23b, Txlna, Txn1, Txnip, Tyk2, Tyro3, Tyrobp, Uaca, Ubac2, Ubap1, Ubash3b, Ubb, Ube2b, Ube2g2, Ube2i, Ube2j1, Ube2o, Ube2q1, Ube3a, Ubl4a, Ubqln1, Ubqln2, Ubr3, Ubr5, Ubxn2b, Ubxn6, Uchl1, Ucn, Ucn2, Ucn3, Ucp1, Ucp2, Ucp3, Uevld, Ufd1, Ufl1, Ufm1, Ugt8a, Uhmk1, Ulk1, Ulk2, Ulk4, Umod, Umps, Unc119, Unc119b, Unc13a, Unc13b, Unc13c, Unc13d, Unc50, Unc93b1, Upk3a, Upk3b, Uprt, Uqcc2, Uqcrfs1, Uqcrh, Use1, Usf2, Ush1c, Ush1g, Ush2a, Uso1, Usp17le, Usp2, Usp20, Usp33, Usp4, Usp46, Usp6nl, Usp7, Usp8, Usp9x, Utp25, Uts2, Uty, Uvrag, Vac14, Vamp1, Vamp2, Vamp3, Vamp4, Vamp5, Vamp7, Vamp8, Vamp9, Vangl1, Vangl2, Vapa, Vapb, Vav1, Vav3, Vcl, Vcp, Vcpip1, Vdac1, Vdac2, Vdac3, Vdr, Vegfa, Vegfc, Vgf, Vhl, Vil1, Vip, Vipas39, Vldlr, Vmp1, Vps11, Vps13a, Vps13b, Vps13c, Vps13d, Vps16, Vps18, Vps25, Vps26a, Vps26b, Vps26c, Vps28, Vps29, Vps33a, Vps33b, Vps35, Vps35l, Vps36, Vps37a, Vps37b, Vps37c, Vps37d, Vps39, Vps41, Vps45, Vps4a, Vps4b, Vps50, Vps51, Vps52, Vps53, Vps54, Vps8, Vps9d1, Vrk1, Vsnl1, Vstm2a, Vta1, Vti1a, Vti1b, Vtn, Vwc2, Wapl, Was, Wasf1, Wasf2, Washc1, Washc2, Washc3, Washc4, Washc5, Wasl, Wbp2, Wdpcp, Wdr11, Wdr19, Wdr24, Wdr35, Wdr41, Wdr44, Wdr45, Wdr45b, Wdr54, Wdr59, Wdr72, Wdr81, Wdr83os, Wdr91, Wfdc6a, Wfs1, Whamm, Whrn, Wipf1, Wipf3, Wipi1, Wipi2, Wls, Wnk1, Wnk2, Wnk3, Wnk4, Wnt11, Wnt3a, Wnt5a, Wnt7a, Wnt8a, Wrap53, Wrn, Wwp2, Wwtr1, Xbp1, Xcl1, Xcr1, Xdh, Xirp1, Xirp2, Xk, Xkr4, Xkr6, Xkr7, Xkr8, Xkr9, Xlr4a, Xlr4b, Xpa, Xpo1, Xpo4, Xpo5, Xpo6, Xpo7, Xpot, Xpr1, Xrcc4, Xrcc5, Yap1, Ybx1, Yes1, Yif1a, Yif1b, Yipf1, Yipf2, Yipf4, Yipf5, Yipf6, Yipf7, Yjefn3, Ykt6, Yod1, Ypel4, Yrdc, Ythdc1, Ywhab, Ywhae, Ywhag, Ywhah, Ywhaq, Ywhaz, Yy1, Zbed3, Zbed6, Zbtb16, Zbtb7a, Zbtb7b, Zc3h11a, Zc3h12a, Zc3h3, Zdhhc1, Zdhhc11, Zdhhc12, Zdhhc13, Zdhhc14, Zdhhc15, Zdhhc17, Zdhhc18, Zdhhc19, Zdhhc2, Zdhhc20, Zdhhc21, Zdhhc22, Zdhhc23, Zdhhc24, Zdhhc25, Zdhhc3, Zdhhc4, Zdhhc5, Zdhhc6, Zdhhc7, Zdhhc8, Zdhhc9, Zfand1, Zfand2a, Zfand2b, Zfand6, Zfas1, Zfp13, Zfp207, Zfp36, Zfp365, Zfp36l1, Zfp384, Zfp385a, Zfp423, Zfp469, Zfp827, Zfpl1, Zfyve16, Zfyve27, Zfyve9, Zg16, Zic1, Zmat3, Zmpste24, Zmynd10, Zmynd8, Znhit3, Znhit6, Znrf1, Znrf2, Zp3, Zp3r, Zpr1, Zw10, Zwilch, Zwint
GO:0048522	positive regulation of cellular process	6355	142	92.57	1.7e-08	9.053379310344828e-6	2410137M14Rik, 2510002D24Rik, 3425401B19Rik, 4930402K13Rik, 4930453N24Rik, 4930480E11Rik, 4931414P19Rik, 6030468B19Rik, a, A1cf, Aacs, Aadac, Aak1, Aamdc, Aars1, Aatf, Abat, Abca1, Abca12, Abca13, Abca2, Abca3, Abca7, Abcb10, Abcb1a, Abcb1b, Abcb4, Abcb7, Abcc1, Abcc4, Abcc8, Abcd1, Abcd2, Abcf1, Abcg1, Abcg4, Abhd14b, Abhd17a, Abhd17b, Abhd17c, Abhd5, Abhd6, Abi1, Abi2, Abi3, Abi3bp, Abl1, Abl2, Ablim1, Ablim2, Ablim3, Abr, Abra, Abraxas1, Acacb, Acadl, Acd, Ace, Ace2, Acer2, Acer3, Ache, Acin1, Ackr3, Acod1, Acp3, Acp5, Acsl1, Acsl3, Acsl4, Acsl5, Acsl6, Acss2, Acta1, Acta2, Actb, Actc1, Actg1, Actg2, Actl6a, Actl6b, Actn1, Actn2, Actn3, Actn4, Actr2, Actr3, Actr5, Actr6, Actr8, Acvr1, Acvr1b, Acvr1c, Acvr2a, Acvr2b, Acvrl1, Ada, Adam10, Adam17, Adam19, Adam2, Adam22, Adam3, Adam7, Adam8, Adam9, Adamts1, Adamts20, Adamts3, Adamts9, Adamtsl4, Adar, Adarb1, Adck1, Adcy1, Adcy10, Adcy8, Adcyap1, Adcyap1r1, Add1, Add3, Adgra2, Adgrb1, Adgrb2, Adgrb3, Adgre5, Adgrf5, Adgrg1, Adgrl1, Adgrl2, Adgrl3, Adgrl4, Adgrv1, Adig, Adipoq, Adipor1, Adipor2, Adissp, Adk, Adm, Adm2, Adnp, Adora1, Adora2a, Adora2b, Adora3, Adra1a, Adra1b, Adra1d, Adra2a, Adra2b, Adra2c, Adrb1, Adrb2, Adrb3, Adrm1, Adtrp, Afap1l2, Afdn, Aff1, Agap2, Agbl4, Ager, Aggf1, Ago1, Ago2, Ago3, Agpat1, Agpat2, Agr2, Agrn, Agt, Agtpbp1, Agtr1a, Agtr1b, Agtr2, Agxt2, Ahi1, Ahr, Ahrr, Ahsg, Aicda, Aif1, Aifm1, Aifm2, Aim2, Aimp1, Aimp2, Aire, Ajuba, Ak1, Akap11, Akap12, Akap13, Akap5, Akap6, Akap7, Akap8l, Akap9, Akirin1, Akirin2, Akna, Akr1b1, Akr1c18, Akt1, Akt2, Akt3, Aktip, Aldh1a1, Aldh1a2, Aldh1a3, Aldh3a1, Aldoa, Alk, Alkal1, Alkal2, Alkbh1, Alkbh4, Alkbh5, Alms1, Alox12, Alox12b, Alox15, Alox5, Alox8, Alpk1, Alpl, Als2, Alx1, Alx4, Ambra1, Amer1, Amh, Amigo1, Amigo2, Amigo3, Amot, Amotl1, Amotl2, Amph, Anapc11, Anapc2, Anapc5, Anapc7, Ang, Ang2, Ang3, Ang4, Ang5, Ang6, Angel2, Angpt1, Angpt4, Angptl3, Angptl4, Angptl8, Ank1, Ank2, Ank3, Ankfy1, Ankrd1, Ankrd17, Ankrd23, Ankrd27, Ankrd31, Ankrd42, Ankrd49, Ankrd53, Ankrd54, Ankrd6, Ankrd66, Anln, Ano1, Ano6, Anp32b, Antxr1, Anxa1, Anxa2, Anxa3, Anxa5, Anxa7, Aoc3, Ap1g1, Ap2a1, Ap2b1, Ap2m1, Ap3b1, Ap3d1, Apaf1, Apbb1, Apbb1ip, Apbb2, Apbb3, Apc, Apela, Apex1, Aph1a, Aph1b, Aph1c, Apln, Aplnr, Apoa1, Apoa2, Apoa4, Apoa5, Apob, Apobec1, Apobec2, Apoc2, Apoc2l, Apoc3, Apoc4, Apoe, Apoh, App, Appl1, Appl2, Aqp1, Aqp11, Ar, Araf, Arap1, Arc, Areg, Arf1, Arf4, Arf6, Arfgef1, Arfgef2, Arg1, Arg2, Arglu1, Arhgap32, Arhgap35, Arhgap5, Arhgap8, Arhgef10, Arhgef10l, Arhgef11, Arhgef15, Arhgef16, Arhgef2, Arhgef3, Arhgef39, Arhgef5, Arhgef7, Arid1a, Arid1b, Arid2, Arid3a, Arid3b, Arid3c, Arid4a, Arid4b, Arid5a, Arid5b, Ark2c, Arl2, Arl2bp, Arl6ip1, Arl6ip5, Armc12, Armc9, Armcx3, Arnt, Arnt2, Arpc2, Arpp19, Arrb1, Arrb2, Arrdc3, Arrdc4, Arsb, Arx, Asap1, Asb11, Asb15, Asb3, Asb4, Asb5, Asb9, Ascl1, Ascl2, Ascl3, Ascl5, Ash1l, Ash2l, Asic2, Asl, Asns, Aspa, Asph, Aspm, Aspscr1, Ass1, Astl, Asxl1, Asxl2, Asxl3, Atad1, Atad2, Atad2b, Atad5, Atat1, Atf1, Atf1-ps, Atf2, Atf3, Atf4, Atf5, Atf6, Atf6b, Atf7, Atf7ip, Atg10, Atg101, Atg13, Atg14, Atg16l1, Atg2a, Atg4b, Atg5, Atg7, Atl3, Atm, Atmin, Atn1, Atoh1, Atoh7, Atoh8, Atp10a, Atp11a, Atp11c, Atp13a2, Atp1b1, Atp1b2, Atp1b3, Atp2a1, Atp2a2, Atp2b4, Atp2c1, Atp5f1a, Atp5f1b, Atp5if1, Atp6ap2, Atp6v0c, Atp6v1c2, Atp7a, Atp8a1, Atp8a2, Atpsckmt, Atr, Atraid, Atrx, Atxn1, Atxn1l, Atxn3, Atxn7, Atxn7l3, Aurka, Aurkaip1, Aurkb, Auts2, Avil, Avp, Avpi1, Avpr1a, Avpr1b, Avpr2, Axin1, Axin2, Axl, AY036118, Aym1, Azgp1, Azin1, Azin2, B2m, B3gat3, B4galt1, Babam1, Babam2, Bace1, Bach1, Bad, Bag1, Bag2, Bag3, Bag4, Bag6, Baiap2, Baiap2l1, Baiap2l2, Baiap3, Bak1, Bambi, Bank1, Banp, Bard1, Barhl1, Barhl2, Barx2, Batf, Bax, Baz1a, Baz1b, Bbc3, Bbs4, Bbs7, BC004004, Bcap31, Bcar1, Bcar3, Bcas3, Bcdin3d, Bcl10, Bcl11a, Bcl11b, Bcl2, Bcl2a1a, Bcl2a1b, Bcl2a1c, Bcl2a1d, Bcl2l1, Bcl2l10, Bcl2l11, Bcl2l12, Bcl2l14, Bcl2l2, Bcl3, Bcl6, Bcl7a, Bcl7b, Bcl7c, Bcl9, Bcl9l, Bclaf1, Bclaf3, Bcr, Bdkrb1, Bdnf, Becn1, Bend3, Bend6, Bex1, Bex2, Bglap, Bglap2, Bhlha15, Bhlhb9, Bhlhe22, Bhlhe23, Bicd1, Bicra, Bicral, Bid, Bik, Bin1, Birc2, Birc3, Birc5, Birc6, Birc7, Blk, Blm, Blnk, Bloc1s2, Bloc1s3, Bloc1s5, Bloc1s6, Bmal1, Bmal2, Bmf, Bmi1, Bmp10, Bmp15, Bmp2, Bmp2k, Bmp3, Bmp4, Bmp5, Bmp6, Bmp7, Bmper, Bmpr1a, Bmpr1b, Bmpr2, Bmyc, Bnc1, Bnip2, Bnip3, Bnip3l, Bnip3l-ps, Boc, Bok, Boll, Borcs5, Bptf, Braf, Brat1, Brca1, Brca2, Brcc3, Brcc3dc, Brd1, Brd2, Brd3, Brd4, Brd7, Brd8, Brd9, Brdt, Brf1, Brinp1, Brinp2, Brinp3, Brk1, Brms1, Brpf1, Brpf3, Bscl2, Bsg, Bst1, Bsx, Btbd10, Btbd18, Btc, Btg1, Btg2, Btk, Btn2a2, Btnl2, Btrc, Bub1, Bud23, Bud31, C1qbp, C1qtnf1, C1qtnf12, C1qtnf2, C1qtnf3, C1qtnf4, C1qtnf9, C2, C2cd2l, C2cd5, C3, C3ar1, C4bp, C5ar1, C6, C9orf72, Cab39, Cacna1b, Cacna1c, Cacna1d, Cacna1g, Cacna1h, Cacna1i, Cacnb2, Cacnb3, Cacnb4, Cacng2, Cacng3, Cacng4, Cacng5, Cacng7, Cacng8, Cacul1, Cacybp, Cadm1, Cadps, Cadps2, Calb1, Calb2, Calca, Calcoco1, Calcoco2, Calcr, Calcrl, Calhm2, Calm1, Calm2, Calm3, Calr, Caly, Camk1, Camk1d, Camk2a, Camk2b, Camk2d, Camk2n1, Camk4, Camkk2, Camp, Camta1, Camta2, Cand1, Capn1, Capn10, Capn2, Capn3, Capn7, Caprin1, Caprin2, Car2, Car7, Car8, Card10, Card11, Card14, Card9, Carf, Carm1, Carmil1, Carmil2, Cartpt, Cask, Casp1, Casp12, Casp14, Casp2, Casp3, Casp4, Casp6, Casp7, Casp8, Casp9, Casq1, Casq2, Casr, Cass4, Castor1, Casz1, Cat, Cav1, Cav2, Cav3, Cavin1, Cavin2, Cavin3, Cavin4, Cbfa2t2, Cbfa2t3, Cbfb, Cbl, Cblb, Cbll1, Cbln1, Cbln2, Cbr1, Cbr1b, Cbx7, Cbx8, Ccar1, Ccar2, Ccbe1, Ccdc117, Ccdc22, Ccdc25, Ccdc3, Ccdc57, Ccdc62, Ccdc80, Ccdc88a, Ccdc88b, Ccdc88c, Cck, Cckar, Cckbr, Ccl1, Ccl11, Ccl12, Ccl19, Ccl19-ps1, Ccl19-ps3, Ccl19-ps4, Ccl19-ps5, Ccl19-ps6, Ccl2, Ccl20, Ccl21a, Ccl21b, Ccl21d, Ccl21e, Ccl21f, Ccl22, Ccl24, Ccl25, Ccl26, Ccl28, Ccl3, Ccl4, Ccl5, Ccl6, Ccl7, Ccl8, Ccl9, Ccm2l, Ccn1, Ccn2, Ccn3, Ccn4, Ccn5, Ccn6, Ccna2, Ccnb1, Ccnb1-ps, Ccnc, Ccnd1, Ccnd2, Ccnd3, Ccne1, Ccne2, Ccnk, Ccnq, Ccnt1, Ccnt2, Ccny, Ccp110, Ccpg1, Ccr1, Ccr1l1, Ccr2, Ccr3, Ccr5, Ccr6, Ccr7, Cct2, Cct3, Cct4, Cct5, Cct6a, Cct7, Cct8, Cd101, Cd14, Cd151, Cd160, Cd177, Cd180, Cd19, Cd1d1, Cd1d2, Cd2, Cd200, Cd209b, Cd209c, Cd209d, Cd209e, Cd226, Cd244a, Cd247, Cd248, Cd24a, Cd27, Cd274, Cd276, Cd28, Cd2ap, Cd300c2, Cd300lb, Cd300ld3, Cd300lf, Cd320, Cd34, Cd36, Cd37, Cd38, Cd3e, Cd4, Cd40, Cd40lg, Cd44, Cd46, Cd47, Cd5, Cd53, Cd55, Cd55b, Cd59a, Cd59b, Cd5l, Cd6, Cd63, Cd74, Cd80, Cd81, Cd83, Cd84, Cd86, Cd8a, Cd99, Cd99l2, Cdc14a, Cdc14b, Cdc16, Cdc20, Cdc20b, Cdc23, Cdc25a, Cdc25b, Cdc25c, Cdc34, Cdc34b, Cdc37, Cdc42, Cdc42ep1, Cdc42ep2, Cdc42ep3, Cdc42ep4, Cdc42ep5, Cdc5l, Cdc5lrt1, Cdc5lrt10, Cdc5lrt4, Cdc5lrt5, Cdc5lrt6, Cdc5lrt7, Cdc5lrt8, Cdc5lrt9, Cdc6, Cdc7, Cdc73, Cdca5, Cdca7l, Cdca8, Cdh1, Cdh13, Cdh17, Cdh2, Cdh3, Cdh4, Cdh5, Cdk1, Cdk10, Cdk12, Cdk13, Cdk16, Cdk18, Cdk19, Cdk2, Cdk2ap1, Cdk2ap1rt, Cdk4, Cdk5, Cdk5r1, Cdk5r2, Cdk5rap1, Cdk5rap2, Cdk5rap3, Cdk6, Cdk7, Cdk8, Cdk9, Cdkl3, Cdkl5, Cdkn1a, Cdkn1b, Cdkn1c, Cdkn2a, Cdkn2aip, Cdkn2b, Cdon, Cds1, Cdt1, Cdx1, Cdx2, Cdx4, Ceacam1, Ceacam2, Ceacam20, Cebpa, Cebpb, Cebpd, Cebpe, Cebpg, Cebpz, Cela1, Celf1, Celf3, Celf4, Cemip, Cenpe, Cenpk, Cenpq, Cenpv, Cep120, Cep131, Cep135, Cep250, Cep290, Cep295, Cep43, Cers1, Cers6, Ces1a, Ces1b, Ces1c, Ces1d, Ces1e, Ces1f, Ces1g, Ces1h, Cfap20, Cfap69, Cfl1, Cfl2, Cflar, Cfp, Cftr, Cga, Cgas, Chchd10, Chchd2, Chchd2-ps, Chchd4, Chd4, Chd5, Chd6, Chd7, Chd8, Chek1, Chek2, Cherp, Chfr, Chga, Chi3l1, Chia1, Chil3, Chil4, Chil5, Chil6, Chmp2a, Chmp3, Chodl, Chp1, Chp2, Chrd, Chrm1, Chrm3, Chrna3, Chrna7, Chrnb2, Chrnb4, Chst2, Chst4, Chsy1, Chtf18, Chtf8, Chuk, Churc1, Cib1, Cibar1, Cidea, Cideb, Ciita, Cimap3, Cip2a, Cir1, Cirbp, Cit, Cited1, Cited2, Cited4, Ciz1, Ckap2, Ckap5, Clasp1, Clasp2, Clcf1, Clcn2, Clcn3, Cldn1, Cldn13, Cldn19, Cldn3, Cldn4, Cldn5, Cldn7, Clec11a, Clec12a, Clec16a, Clec2i, Clec3b, Clec4b1, Clec4d, Clec4e, Clec4n, Clec5a, Clec7a, Clec9a, Clic1, Clip1, Clip3, Cln3, Cln6, Clnk, Clns1a, Clock, Clrn1, Clspn, Clstn1, Clstn2, Clstn3, Cltrn, Clu, Clybl, Cmklr1, Cmtm3, Cnbp, Cnep1r1, Cnksr3, Cnn2, Cnot1, Cnot2, Cnot3, Cnot6, Cnot6l, Cnot7, Cnot8, Cnot9, Cnpy4, Cnr1, Cnst, Cntf, Cntfr, Cntn1, Cntn2, Cntn6, Cntnap2, Coa3, Coa8, Cobl, Col16a1, Col18a1, Col1a1, Col26a1, Col3a1, Col8a1, Colec10, Colec11, Colgalt1, Commd1, Commd5, Comp, Comt, Cop1, Cops5, Cops8, Cops9, Coq7, Coro1a, Coro1b, Coro1c, Coro2b, Coro7, Cox17, Cpap, Cpb2, Cpeb1, Cpeb3, Cpne1, Cpne3, Cpne5, Cpne6, Cpne9, Cpsf3, Cpsf6, Cpt1a, Cpt2, Crabp2, Cracd, Cracr2a, Cradd, Crb2, Crb3, Crbn, Creb1, Creb3, Creb3l1, Creb3l2, Creb3l3, Creb3l4, Creb5, Crebbp, Crebl2, Crebrf, Crebzf, Crem, Crh, Crhr1, Crhr2, Crip2, Cripto, Crk, Crkl, Crlf1, Crlf2, Crlf3, Crnde, Crnn, Crocc, Crp, Crtam, Crtc1, Crtc2, Crtc3, Crx, Crxos, Cry1, Cryaa, Cryba1, Csde1, Csf1, Csf1r, Csf2, Csf2ra, Csf2rb, Csf2rb2, Csf3, Csnk1a1, Csnk1d, Csnk1e, Csnk1g1, Csnk1g2, Csnk1g3, Csnk2a1, Csnk2b, Cspg4, Cspg5, Cspp1, Csrnp1, Csrnp2, Csrnp3, Csrp3, Cst3, Cst7, Ctbp2, Ctc1, Ctcf, Ctcfl, Ctdnep1, Ctdspl2, Ctf1, Ctf2, Cth, Cthrc1, Ctla4, Ctnna1, Ctnnb1, Ctnnbip1, Ctnnbl1, Ctnnd1, Ctns, Ctr9, Ctrb1, Ctsc, Ctsd, Ctsg, Ctsh, Ctss, Cttn, Cul1, Cul3, Cul4a, Cul4b, Cul7, Cux1, Cux2, Cx3cl1, Cx3cr1, Cxadr, Cxcl1, Cxcl10, Cxcl11, Cxcl12, Cxcl13, Cxcl14, Cxcl16, Cxcl17, Cxcl5, Cxcl9, Cxcr2, Cxcr3, Cxcr4, Cxcr5, Cxxc1, Cyb5d2, Cyba, Cybb, Cyct, Cyfip1, Cyfip2, Cyld, Cyp17a1, Cyp19a1, Cyp1a1, Cyp1b1, Cyp26b1, Cyp27b1, Cyp2j5, Cyp2j6, Cyp3a13, Cyp46a1, Cyp51, Cyp7a1, Cyp7b1, Cyren, Cyrib, Cys1, Cysltr1, Cysltr2, Cyth3, Cytl1, D130043K22Rik, D1Pas1, Daam2, Dab1, Dab2, Dab2ip, Dact1, Dag1, Daglb, Dapk1, Dapk2, Dapk3, Daxx, Dazap1, Dazl, Dbf4, Dbh, Dbi, Dbn1, Dbnl, Dbp, Dcaf1, Dcaf6, Dcc, Dcn, Dcp1a, Dcp1b, Dcp2, Dcps, Dcstamp, Dct, Dctn1, Dcun1d1, Dcun1d2, Dcun1d3, Dcun1d4, Dcun1d5, Dcx, Dcxr, Dda1, Ddah1, Ddb1, Ddhd1, Ddhd2, Ddit3, Ddn, Ddr1, Ddr2, Ddrgk1, Ddx1, Ddx11, Ddx17, Ddx19a, Ddx20, Ddx21, Ddx39b, Ddx3x, Ddx41, Ddx49, Ddx5, Ddx56, Ddx60, Deaf1, Decr1, Dedd2, Def8, Defb1, Defb25, Defb37, Degs1, Dek, Dele1, Dennd1b, Dennd2b, Dennd6a, Depdc1b, Depdc5, Deptor, Derl1, Derl2, Det1, Dffa, Dgat1, Dgat2, Dgcr8, Dgkd, Dgki, Dgkq, Dhh, Dhodh, Dhps, Dhrsx, Dhx15, Dhx29, Dhx33, Dhx34, Dhx36, Dhx58, Dhx9, Diablo, Diaph1, Dicer1, Dimt1, Dio2, Dip2a, Dip2b, Dis3l2, Disc1, Disp3, Dixdc1, Dkc1, Dkk1, Dkk2, Dkkl1, Dlc1, Dlg1, Dlg4, Dlg5, Dlk1, Dll1, Dll3, Dll4, Dlx1, Dlx2, Dlx3, Dlx5, Dlx6, Dlx6os1, Dmap1, Dmbt1, Dmd, Dmp1, Dmrt1, Dmrt2, Dmrta2, Dmtf1, Dmtn, Dna2, Dnai3, Dnaja1, Dnaja3, Dnaja4, Dnajb2, Dnajb9, Dnajc2, Dnajc27, Dnajc3, Dnd1, Dnm1, Dnm1l, Dnm2, Dnm3, Dnmt1, Dnmt3a, Dnmt3b, Dnmt3l, Dnph1, Doc2a, Doc2b, Doc2g, Dock1, Dock11, Dock2, Dock4, Dock5, Dock7, Dock8, Dok4, Dok5, Dok7, Dot1l, Dpf1, Dpf2, Dpf3, Dpp10, Dpp4, Dpp6, Dppa1, Dppa2, Dpy30, Dpysl2, Dpysl3, Drd1, Drd2, Drd3, Drd4, Drd5, Drg1, Drosha, Dsc2, Dscam, Dscc1, Dsg3, Dspp, Dstn, Dstyk, Dtl, Dtnbp1, Dtx3l, Dubr, Duox1, Duox2, Duoxa1, Duoxa2, Dusp1, Dusp10, Dusp15, Dusp19, Dusp22, Dusp26, Dusp3, Dusp6, Dvl1, Dvl2, Dvl3, Dxo, Dynap, Dynapl1, Dync1h1, Dync1li1, Dync2h1, Dynll1, Dynlt1a, Dynlt1b, Dynlt1c, Dynlt1f, Dynlt3, Dyrk1a, Dyrk1b, Dyrk2, Dyrk3, Dysf, Dzip1, E2f1, E2f2, E2f3, E2f4, E2f5, E2f7, E2f8, E330034G19Rik, E4f1, Eaf1, Eaf2, Eapp, Ebf1, Ebf2, Ebf3, Ebf4, Ecd, Ece1, Echdc3, Ecm1, Ecm2, Ecrg4, Ecscr, Ect2, Eda, Eda2r, Edar, Edaradd, Edem1, Edem2, Edf1, Edil3, Edn1, Edn2, Edn3, Ednra, Ednrb, Edrf1, Eed, Eef1a2, Eef1d, Eef1e1, Eef2, Eef2k, Eeig1, Efcab7, Efemp1, Efemp2, Efhc1, Efna1, Efna3, Efna5, Efnb1, Efnb2, Efnb3, Egf, Egfl6, Egfl7, Egflam, Egfr, Egln1, Egln2, Egr1, Egr2, Egr3, Egr4, Ehd1, Ehd2, Ehd3, Ehd4, Ehf, Ehmt1, Ei24, Eif1, Eif2a, Eif2ak1, Eif2ak2, Eif2ak3, Eif2ak4, Eif2b2, Eif2b5, Eif2s1, Eif3d, Eif3e, Eif4a1, Eif4a3, Eif4a3l1, Eif4a3l2, Eif4e, Eif4ebp1, Eif4enif1, Eif4g1, Eif4g2, Eif4g3, Eif5a, Eif5a2, Eif6, Eipr1, Elane, Elapor1, Elapor2, Elavl1, Elavl4, Elf1, Elf2, Elf3, Elf4, Elf5, Elk1, Elk3, Elk4, Ell, Ell2, Ell3, Elob, Eloc, Elovl3, Elovl5, Elovl6, Elp3, Elp5, Elp6, Emc10, Emd, Emilin1, Emilin2, Emp2, En1, En2, Enc1, Endog, Eng, Enho, Eno1, Eno1b, Enpp1, Enpp2, Enpp7, Entr1, Eny2, Eomes, Ep300, Ep400, Epas1, Epb41, Epb41l2, Epb41l4b, Epb41l5, Epc1, Epc2, Epcam, Epgn, Epha1, Epha2, Epha3, Epha4, Epha7, Epha8, Ephb1, Ephb2, Ephb3, Ephb4, Ephb6, Ephx2, Epm2a, Epm2aip1, Epn1, Epn2, Epo, Epor, Eppk1, Eps15, Eps8, Eps8l1, Eps8l2, Eps8l3, Epx, Erbb2, Erbb3, Erbb4, Erc1, Erc2, Ercc1, Ercc2, Ercc3, Ercc6, Ercc8, Ereg, Erfe, Erg, Ergic3, Ern1, Ern2, Erp29, Esm1, Espn, Esr1, Esr2, Esrp1, Esrp2, Esrra, Esrrb, Esrrg, Etaa1, Ets1, Ets2, Etv1, Etv2, Etv4, Etv5, Etv6, Evc, Evi2, Evi2b, Evl, Evx1, Exoc2, Exoc4, Exoc7, Exosc10, Exosc2, Exosc3, Exosc4, Exosc6, Exosc9, Exph5, Extl3, Eya1, Eya2, Eya3, Eya4, Ezh1, Ezh2, Ezr, F10, F11r, F12, F2, F2r, F2rl1, F2rl2, F2rl3, F3, F7, Fabp1, Fabp3, Fabp4, Fabp5, Fadd, Fads2, Faf1, Faim, Fam107a, Fam110c, Fam161a, Fam162a, Fam168a, Fam170a, Fam20a, Fam20c, Fam210b, Fam47c, Fam47e, Fam53b, Fam72a, Fam76b, Fam83b, Fam83d, Fam83h, Fam89b, Fam98a, Fam98b, Fancb, Fanci, Fancm, Fank1, Fap, Farp1, Fas, Fasl, Fastkd2, Fastkd3, Fat1, Faxdc2, Fbh1, Fbln1, Fbln2, Fbln5, Fbn1, Fbn2, Fbrs, Fbxl15, Fbxl5, Fbxo11, Fbxo22, Fbxo31, Fbxo32, Fbxo33, Fbxo38, Fbxo4, Fbxo5, Fbxo7, Fbxw11, Fbxw4, Fbxw7, Fbxw8, Fcer1a, Fcer1g, Fcer2a, Fcgr1, Fcgr2b, Fcgr3, Fcho1, Fchsd1, Fchsd2, Fcna, Fcnb, Fcrl5, Fdcsp, Fdps, Fen1, Fer, Fermt1, Fermt2, Fermt3, Fes, Fev, Fez1, Fezf1, Fezf2, Ffar1, Ffar2, Ffar3, Ffar4, Fga, Fgb, Fgd2, Fgd4, Fgf1, Fgf10, Fgf13, Fgf14, Fgf15, Fgf16, Fgf17, Fgf18, Fgf2, Fgf20, Fgf21, Fgf22, Fgf23, Fgf3, Fgf4, Fgf5, Fgf6, Fgf7, Fgf8, Fgf9, Fgfbp1, Fgfbp3, Fgfr1, Fgfr2, Fgfr3, Fgfr4, Fgg, Fgr, Fh1, Fhl5, Fhod1, Fig4, Figla, Fis1, Fitm1, Fitm2, Fiz1, Fkbp1b, Fkbp8, Flcn, Fli1, Flna, Flot1, Flot2, Flrt1, Flrt2, Flrt3, Flt1, Flt3, Flt3l, Flt4, Fmn1, Fmn2, Fmr1, Fn1, Fnbp1l, Fndc1, Fndc3b, Fndc5, Fnip1, Fnip2, Fnta, Fntb, Folh1, Folr2, Fos, Fosb, Fosl1, Fosl2, Foxa1, Foxa2, Foxa3, Foxc1, Foxc2, Foxd1, Foxd2, Foxd3, Foxe1, Foxe3, Foxf1, Foxf2, Foxg1, Foxh1, Foxi1, Foxj1, Foxj2, Foxj3, Foxk1, Foxk2, Foxl2, Foxm1, Foxn1, Foxn4, Foxo1, Foxo3, Foxo4, Foxp1, Foxp2, Foxp3, Foxr1, Fpr-rs3, Fpr-rs4, Fpr-rs6, Fpr-rs7, Fpr2, Frat1, Frmd4a, Frmd5, Frmd6, Frmd7, Frmd8, Frmpd4, Frs2, Frzb, Fscn1, Fshb, Fshr, Fstl3, Ftmt, Fto, Ftx, Fubp1, Fubp3, Furin, Fus, Fut1, Fut4, Fut7, Fut9, Fuz, Fxn, Fxr1, Fxr2, Fxyd1, Fxyd2, Fxyd3, Fxyd4, Fxyd5, Fxyd6, Fxyd7, Fyco1, Fyn, Fzd1, Fzd10, Fzd2, Fzd3, Fzd4, Fzd5, Fzd7, Fzd8, Fzd9, Fzr1, G0s2, G3bp1, G3bp2, G6pd2, G6pdx, Gab1, Gab2, Gabarap, Gabbr1, Gabpa, Gabpb1, Gabpb2, Gadd45a, Gadd45b, Gadd45g, Gak, Gal, Galr1, Galr2, Galr3, Gapdh, Gapdh-ps15, Gapdhrt, Gapdhrt2, Gapdhs, Garem1, Garin5a, Gas1, Gas2l2, Gas6, Gas8, Gata1, Gata2, Gata3, Gata4, Gata5, Gata6, Gatad2a, Gatad2b, Gatm, Gba1, Gbp2, Gbp5, Gbx2, Gcg, Gcgr, Gch1, Gck, Gclc, Gcm1, Gcm2, Gcnt1, Gcnt2, Gda, Gdf10, Gdf11, Gdf15, Gdf2, Gdf3, Gdf5, Gdf6, Gdf7, Gdf9, Gdi1, Gdnf, Gdpd2, Gdpd5, Gen1, Gfap, Gfer, Gfi1, Gfi1b, Gfra1, Gfral, Gfus, Gga1, Gga3, Gh, Ghr, Ghrh, Ghrhr, Ghrl, Ghsr, Gid8, Gigyf2, Gimap3, Gimap5, Gip, Gipc1, Gipr, Git1, Gja1, Gja5, Gjc2, Gkap1, Gkn1, Glce, Gli1, Gli2, Gli3, Glipr2, Glis1, Glis2, Glis3, Glmn, Glmp, Glp1r, Glud1, Glul, Glyr1, Gm12250, Gm14137, Gm7324, Gmeb1, Gmeb2, Gna11, Gnai1, Gnai2, Gnai3, Gnaq, Gnas, Gng5, Gnl3, Gnl3l, Golga2, Golga4, Golph3, Golph3l, Gorab, Got1, Gp1ba, Gp1bb, Gp5, Gp9, Gpam, Gpatch3, Gpbar1, Gpbp1, Gpbp1l1, Gpc1, Gpc2, Gpc3, Gpc5, Gpd1, Gpd1l, Gper1, Gpi1, Gpihbp1, Gpld1, Gpm6a, Gpnmb, Gpr101, Gpr137, Gpr137b, Gpr137c, Gpr155, Gpr158, Gpr183, Gpr27, Gpr3, Gpr37, Gpr37l1, Gpr39, Gpr4, Gpr55, Gpr62, Gpr65, Gpr68, Gprc5b, Gprc6a, Gps2, Gpsm1, Gpsm2, Gpsm3, Gpt, Gpx1, Grb10, Grb2, Grb7, Grem1, Grhl1, Grhl2, Grhl3, Gria1, Gria2, Gria3, Gria4, Grid2, Grik1, Grik2, Grik5, Grin1, Grin2a, Grin2b, Grin2c, Grin2d, Grip1, Grip2, Grk1, Grk2, Grk3, Grk5, Grm1, Grm2, Grm4, Grm5, Grm6, Grn, Grp, Grsf1, Gsap, Gsdma3, Gsdmd, Gsdme, Gsk3a, Gsk3b, Gskip, Gsn, Gstm7, Gsto1, Gstp1, Gsx1, Gsx2, Gtf2a1, Gtf2a2, Gtf2f1, Gtf2f2, Gtf2h1, Gtf2i, Gtpbp1, Gtsf1, Guca1a, Gucy1a1, Gucy1a2, Gucy2d, Guf1, Gzma, H1f1, H2-Aa, H2-Ab1, H2-Bl, H2-D1, H2-DMa, H2-DMb1, H2-DMb2, H2-Ea, H2-Eb1, H2-Eb2, H2-K1, H2-L, H2-M1, H2-M10.1, H2-M10.2, H2-M10.3, H2-M10.4, H2-M10.5, H2-M10.6, H2-M11, H2-M2, H2-M3, H2-M5, H2-M9, H2-Oa, H2-Ob, H2-Q1, H2-Q10, H2-Q2, H2-Q4, H2-Q6, H2-Q7, H2-Q8, H2-Q9, H2-T22, H2-T23, H2-T24, H2-T26, H2-T27, H2-T3, H2az1, H3f5, H60a, H60b, H60c, Habp4, Hacd1, Hadh, Hamp, Hamp2, Hand1, Hand2, Hand2os1, Hap1, Has2, Has3, Havcr1, Havcr2, Hax1, Hbb-b2, Hbegf, Hc, Hcar2, Hcfc1, Hck, Hcls1, Hcrt, Hcrtr1, Hcst, Hdac1, Hdac10, Hdac2, Hdac3, Hdac4, Hdac5, Hdac6, Hdac7, Hdac9, Hdgf, Hdgfl2, Heatr1, Heg1, Helq, Helt, Helz2, Heph, Herpud1, Hes1, Hes3, Hes5, Hexb, Hexim1, Hey1, Hey2, Heyl, Hfe, Hgf, Hgs, Hhex, Hic1, Hif1a, Hif1an, Hif3a, Higd1a, Hilpda, Hinfp, Hint1, Hip1, Hip1r, Hipk1, Hipk2, Hivep1, Hivep2, Hivep3, Hjv, Hk1, Hk2, Hlf, Hltf, Hlx, Hmbox1, Hmces, Hmg20b, Hmga1, Hmga1b, Hmga2, Hmgb1, Hmgb2, Hmgcr, Hmgn3, Hmgn5, Hmox1, Hmx2, Hnf1a, Hnf1b, Hnf4a, Hnf4g, Hnrnpa0, Hnrnpa1, Hnrnpa2b1, Hnrnpab, Hnrnpc, Hnrnpd, Hnrnpk, Hnrnpll, Hnrnpm, Hnrnpr, Hnrnpu, Hopx, Hoxa1, Hoxa10, Hoxa11, Hoxa13, Hoxa2, Hoxa3, Hoxa4, Hoxa5, Hoxa7, Hoxa9, Hoxb1, Hoxb2, Hoxb3, Hoxb4, Hoxb5, Hoxb7, Hoxb9, Hoxc10, Hoxc11, Hoxc13, Hoxc4, Hoxd10, Hoxd11, Hoxd13, Hoxd3, Hoxd4, Hoxd8, Hoxd9, Hpca, Hpgd, Hpn, Hprt1, Hps1, Hpse, Hpse2, Hpx, Hras, Hrg, Hrh1, Hrh3, Hrk, Hsd17b12, Hsd17b13, Hsf1, Hsf2, Hsf3, Hsf5, Hsp90aa1, Hsp90ab1, Hspa1a, Hspa1b, Hspa1l, Hspa2, Hspa5, Hspa8, Hspa9, Hspb1, Hspb8, Hspbp1, Hspd1, Hspg2, Hsph1, Htatip2, Htr1a, Htr1b, Htr2a, Htr2b, Htr2c, Htr6, Htr7, Htra1, Htra2, Htra4, Htt, Huwe1, Hvcn1, Hyal1, Hyal2, Hyal3, Iapp, Ibsp, Icam1, Ice1, Ice2, Icmt, Icos, Icosl, Id1, Id2, Id3, Id4, Ide, Ido1, Idua, Ier2, Ier3, Ier3ip1, Ier5, Ifi203, Ifi203-ps, Ifi204, Ifi206, Ifi207, Ifi208, Ifi209, Ifi213, Ifi214, Ifi35, Ifih1, Ifit2, Ifitm1, Ifna, Ifnar1, Ifnb1, Ifng, Ifngr1, Ifnlr1, Ifrd1, Ift172, Ift20, Ift74, Ift88, Igbp1, Igf1, Igf1r, Igf2, Igf2bp1, Igf2bp2, Igf2bp3, Igf2r, Igfbp1, Igfbp2, Igfbp3, Igfbp4, Igfbp5, Igfbp6, Igh-7, Igh-8, Ighd, Ighg1, Ighg2a, Ighg2b, Ighm, Igsf11, Igtp, Ihh, Ikbkb, Ikbke, Ikbkg, Ikzf1, Ikzf2, Ikzf3, Ikzf4, Il10, Il10ra, Il10rb, Il11, Il11ra1, Il11ra2, Il12a, Il12b, Il12rb1, Il12rb2, Il13, Il13ra1, Il13ra2, Il15, Il15ra, Il16, Il17a, Il17b, Il17c, Il17d, Il17f, Il17ra, Il17rb, Il17rc, Il18, Il18r1, Il18rap, Il19, Il1a, Il1b, Il1r1, Il1rap, Il1rapl1, Il1rl1, Il1rl2, Il2, Il20, Il20ra, Il20rb, Il21, Il22, Il23a, Il23r, Il24, Il25, Il27, Il27ra, Il2ra, Il2rb, Il2rg, Il3, Il31ra, Il33, Il34, Il36a, Il36b, Il36g, Il4, Il4i1, Il4i1b, Il4ra, Il5, Il5ra, Il6, Il6ra, Il6st, Il7, Il7r, Il9, Il9r, Ildr1, Ilf2, Ilf3, Ilk, Impact, Inava, Inca1, Incenp, Ing1, Ing2, Ing3, Ing4, Ing5, Inhba, Inhbb, Ino80, Ino80b, Ino80c, Ino80d, Ino80e, Inpp5d, Inpp5f, Inpp5k, Ins1, Ins2, Insl3, Insm1, Insr, Intu, Ip6k2, Ipo5, Ipo7, Ippk, Iqce, Iqcf1, Iqgap1, Iqgap3, Iqschfp, Iqsec1, Iqsec2, Irak1, Irak1bp1, Irak3, Irak4, Irf1, Irf2, Irf2bpl, Irf3, Irf4, Irf5, Irf6, Irf7, Irf8, Irf9, Irgc, Irgm1, Irgm2, Irs1, Irs2, Irs3, Irx1, Irx3, Irx4, Irx6, Iscu, Isg15, Isl1, Isl2, Islr2, Ist1, Itch, Itga1, Itga2, Itga2b, Itga3, Itga4, Itga5, Itga6, Itga8, Itgal, Itgam, Itgav, Itgax, Itgb1, Itgb1bp1, Itgb2, Itgb2l, Itgb3, Itgb3bp, Itgb8, Itk, Itln1, Itlnb, Itm2c, Itpka, Itpkb, Itpr1, Itpr3, Itsn1, Itsn2, Jade1, Jade2, Jag1, Jag2, Jak1, Jak2, Jak3, Jam2, Jam3, Jaml, Jcad, Jchain, Jmjd4, Jmjd6, Jmjd8, Jmy, Jph2, Jpx, Jrk, Jtb, Jun, Junb, Jund, Jup, Kalrn, Kank1, Kansl1, Kansl2, Kansl3, Kars1, Kat2a, Kat2b, Kat5, Kat6a, Kat6b, Kat7, Kat8, Katnb1, Katnbl1, Kcna5, Kcnb1, Kcnc1, Kcnc2, Kcne1, Kcne2, Kcne5, Kcnh2, Kcnip2, Kcnj11, Kcnj2, Kcnk2, Kcnma1, Kcnmb1, Kcnn4, Kcnq1, Kcp, Kctd11, Kctd13, Kctd17, Kctd20, Kdf1, Kdm1a, Kdm1b, Kdm2a, Kdm2b, Kdm3a, Kdm4a, Kdm4c, Kdm4d, Kdm5a, Kdm5b, Kdm6a, Kdm6b, Kdm7a, Kdm8, Kdr, Khdc3, Khdrbs1, Khdrbs3, Khsrp, Kidins220, Kif14, Kif1b, Kif20b, Kif23, Kif26b, Kif3a, Kif3b, Kif3c, Kif5b, Kif7, Kifap3, Kirrel1, Kiss1, Kiss1r, Kit, Kitl, Kl, Klb, Klf1, Klf10, Klf11, Klf12, Klf13, Klf14, Klf15, Klf2, Klf4, Klf5, Klf6, Klf7, Klf9, Klhdc10, Klhl18, Klhl22, Klhl25, Klhl40, Klk14, Klk1b4, Klk5, Klk6, Klk7, Klrb1c, Klrc1, Klrc2, Klrc3, Klrd1, Klre1, Klrh1, Klri1, Klri2, Klrk1, Kmo, Kmt2a, Kmt2b, Kmt2c, Kmt2d, Kmt2e, Kmt5b, Kmt5c, Kndc1, Knl1, Kpna2, Kpna2rt, Kpna6, Kpna7, Kras, Krt17, Ksr1, Ksr2, L1cam, L3mbtl3, Lacc1, Lag3, Lama1, Lama2, Lamb1, Lamb2, Lamc1, Lamc2, Lamp1, Lamp3, Lamtor1, Lamtor2, Lamtor3, Lamtor4, Lamtor5, Lancl2, Laptm5, Large1, Larp1, Larp4, Larp4b, Larp6, Larp7, Larp7-ps, Lars1, Lats1, Lats2, Lbh, Lbp, Lbx2, Lck, Lcn2, Lcor, Lcp1, Ldb1, Ldb2, Ldc1, Ldha, Ldlr, Ldlrap1, Lef1, Leo1, Lep, Lepr, Letmd1, Lfng, Lgals1, Lgals2, Lgals3, Lgals8, Lgals9, Lgi1, Lgmn, Lgr4, Lgr5, Lgr6, Lhcgr, Lhx1, Lhx2, Lhx3, Lhx4, Lhx5, Lif, Lifr, Lig4, Lilra5, Lilrb4a, Lilrb4b, Limch1, Limk1, Limk2, Lims1, Lims2, Lin28a, Lin28b, Lingo2, Lingo4, Lipa, Lipt2, Litaf, Lman1, Lman2, Lmcd1, Lmna, Lmnb1, Lmntd2, Lmo1, Lmo2, Lmo3, Lmo4, Lmo7, Lmod1, Lmod2, Lmod3, Lmx1a, Lmx1b, Lnpk, Loxl2, Loxl3, Lpar1, Lpar2, Lpar3, Lpcat1, Lpgat1, Lpin1, Lpin2, Lpin3, Lpl, Lrch4, Lrg1, Lrig2, Lrp1, Lrp2, Lrp3, Lrp4, Lrp5, Lrp6, Lrp8, Lrrc15, Lrrc19, Lrrc24, Lrrc26, Lrrc32, Lrrc38, Lrrc4b, Lrrc52, Lrrc55, Lrrc7, Lrrc8a, Lrrfip2, Lrrk1, Lrrk2, Lrrn1, Lrrn3, Lrrtm1, Lrrtm2, Lrrtm3, Lrrtm4, Lrsam1, Lrtm1, Lrtm2, Lsm1, Lsm10, Lsm11, Lsm14a, Lta, Ltb, Ltbp1, Ltbp3, Ltbr, Ltf, Ltk, Lum, Lurap1, Lurap1l, Ly86, Ly9, Ly96, Lyar, Lyl1, Lyn, Lypd10, Lypd11, Lypd6, Lyst, Lyve1, Lzts2, Mab21l1, Mab21l2, Macc1, Macf1, Macroh2a1, Macroh2a2, Mad1l1, Mad2l1, Mad2l1bp, Mad2l2, Madcam1, Madd, Maf, Mafa, Mafb, Maff, Mafg, Mag, Maged1, Magel2, Magi1, Magi2, Magi3, Mak, Mal, Malat1, Malrd1, Malt1, Maml1, Maml2, Maml3, Mamstr, Man2a1, Maoa, Maob, Map10, Map1a, Map1b, Map2, Map2k1, Map2k2, Map2k3, Map2k4, Map2k5, Map2k6, Map2k7, Map3k1, Map3k10, Map3k11, Map3k12, Map3k13, Map3k20, Map3k3, Map3k4, Map3k5, Map3k7, Map3k9, Map4k1, Map4k2, Map4k4, Map6, Mapk1, Mapk11, Mapk13, Mapk14, Mapk15, Mapk3, Mapk7, Mapk8, Mapk8ip1, Mapk8ip2, Mapk8ip3, Mapk9, Mapkap1, Mapkapk2, Mapkapk5, Mapkbp1, Mapre1, Mapre2, Mapre3, Mapt, Marchf2, Marchf5, Marchf7, Marcks, Marcksl1, Marco, Mark1, Mark2, Mark4, Mars1, Mas1, Mastl, Mat2a, Mavs, Max, Maz, Mbd2, Mbd3, Mbd5, Mbip, Mbl1, Mbl2, Mblac1, Mbp, Mbtd1, Mbtps2, Mc1r, Mcam, Mcf2l, Mcidas, Mcl1, Mcoln1, Mcoln2, Mcrs1, Mcu, Mcub, Mdfic, Mdk, Mdm2, Mdm4, Meaf6, Meak7, Mecom, Mecp2, Med1, Med10, Med11, Med12, Med12l, Med13, Med14, Med15, Med16, Med17, Med18, Med19, Med20, Med21, Med22, Med23, Med24, Med25, Med26, Med27, Med28, Med29, Med30, Med31, Med4, Med6, Med7, Med8, Med9, Medag, Mef2a, Mef2b, Mef2c, Mef2d, Mefv, Megf10, Megf8, Meioc, Meiosin, Meis1, Meis2, Meis3, Melk, Meltf, Men1, Meox1, Meox2, Mepce, Mertk, Mesd, Mesp1, Mesp2, Met, Metrn, Metrnl, Mettl14, Mettl16, Mettl23, Mettl3, Mettl5, Mettl8, Mex3b, Mex3d, Mfap2, Mff, Mfhas1, Mfn1, Mfn2, Mfng, Mfsd2a, Mfsd2b, Mga, Mgat3, Mgat5, Mgmt, Mia3, Mib1, Mical2, Micu1, Micu3, Mid1, Mid1ip1, Mid2, Mief1, Mief2, Mien1, Mif, Mink1, Mios, Mip, Mir100, Mir101a, Mir101b, Mir103-1, Mir103-2, Mir106a, Mir106b, Mir124-2hg, Mir124a-1, Mir124a-1hg, Mir124a-2, Mir124a-3, Mir125a, Mir125b-1, Mir125b-2, Mir126a, Mir127, Mir128-1, Mir128-2, Mir129, Mir129-1, Mir129-2, Mir130a, Mir132, Mir133a-1, Mir133b, Mir134, Mir135a-2, Mir137, Mir138-1, Mir138-2, Mir143, Mir144, Mir145a, Mir148b, Mir149, Mir150, Mir151, Mir153, Mir155, Mir15a, Mir17, Mir18, Mir181a-1, Mir181a-2, Mir181b-1, Mir181b-2, Mir181c, Mir181d, Mir184, Mir187, Mir191, Mir195a, Mir196a-1, Mir196a-2, Mir196b, Mir1983, Mir19a, Mir19b-1, Mir19b-2, Mir204, Mir205, Mir20a, Mir210, Mir211, Mir218, Mir218-1, Mir218-2, Mir219a-1, Mir219a-2, Mir21a, Mir22, Mir221, Mir222, Mir223, Mir23a, Mir23b, Mir24-1, Mir24-2, Mir25, Mir26a-1, Mir26a-2, Mir26b, Mir28a, Mir29a, Mir29b-1, Mir29b-2, Mir300, Mir301, Mir301b, Mir30a, Mir30b, Mir30c-1, Mir30c-2, Mir30d, Mir30e, Mir320, Mir324, Mir326, Mir328, Mir330, Mir337, Mir338, Mir342, Mir345, Mir34a, Mir369, Mir374b, Mir378a, Mir379, Mir381, Mir382, Mir383, Mir384, Mir3960, Mir410, Mir411, Mir421, Mir425, Mir433, Mir434, Mir451a, Mir451b, Mir452, Mir466d, Mir466l, Mir467a-1, Mir467a-10, Mir467a-2, Mir467a-3, Mir467a-4, Mir467a-5, Mir467a-6, Mir467a-7, Mir467a-8, Mir467a-9, Mir467b, Mir484, Mir486, Mir487b, Mir494, Mir500, Mir501, Mir505, Mir539, Mir540, Mir541, Mir551b, Mir652, Mir667, Mir672, Mir673, Mir674, Mir675, Mir7-1, Mir7-2, Mir702, Mir744, Mir7578, Mir760, Mir770, Mir7b, Mir872, Mir9-1, Mir9-2, Mir9-3, Mir92-1, Mir92-2, Mir92b, Mir93, Mir98, Mir99a, Mirlet7a-1, Mirlet7a-2, Mirlet7c-1, Mirlet7c-2, Mirlet7d, Mirlet7e, Mirlet7f-1, Mirlet7f-2, Mirlet7i, Mitf, Mixl1, Mkrn2, Mkx, Mlc1, Mlh1, Mllt1, Mllt10, Mllt11, Mllt3, Mllt6, Mlst8, Mlx, Mlxip, Mlxipl, Mlycd, Mmd, Mmd2, Mme, Mmp12, Mmp13, Mmp14, Mmp1a, Mmp1b, Mmp2, Mmp3, Mmp7, Mmp8, Mmp9, Mmrn1, Mms19, Mn1, Mnat1, Mndal, Mns1, Moap1, Mob2, Morc3, Morf4l1, Morf4l2, Mos, Mospd1, Mospd2, Mov10, Mpc2, Mpl, Mpp2, Mpp7, Mprip, Mpv17l2, Mr1, Mrap, Mrap2, Mre11a, Mrgbp, Mrgprb1, Mrnip, Mrpl12, Mrps27, Mrtfa, Mrtfb, Ms4a1, Ms4a2, Msantd1, Msgn1, Msh2, Msl1, Msl2, Msl3, Msn, Msr1, Mst1, Mst1r, Mstn, Msx1, Msx2, Mt3, Mta1, Mta2, Mta3, Mtbp, Mtch1, Mtch2, Mtcl1, Mtdh, Mtf1, Mtln, Mtmr2, Mtmr9, Mtnap1, Mtnr1b, Mtor, Mtpn, Mtss1, Mturn, Muc1, Muc2, Muc20, Mul1, Mup1, Mup11, Mup2, Mup20, Mup3, Mup4, Mup5, Musk, Mustn1, Mvd, Myadm, Myb, Mybbp1a, Mybl1, Mybl2, Myc, Mycbp, Mycbp2, Mycn, Mycs, Myd88, Mydgf, Myf5, Myf6, Myh10, Myh9, Mylip, Mylk, Mylk2, Mylk3, Myo10, Myo18a, Myo1c, Myo1f, Myo3a, Myo3b, Myo5a, Myo5b, Myoc, Myocd, Myod1, Myog, Myom1, Myorg, Myrf, Myrfl, Myrip, Mysm1, Myt1, Myt1l, Mzb1, Mzf1, N4bp2l2, N6amt1, Naa15, Nabp2, Nacc1, Nacc2, Nadk, Naf1, Nagk, Naip1, Naip2, Naip5, Naip6, Naip7, Nalcn, Nampt, Nanog, Nanos1, Nanos2, Nanos3, Nap1l1, Nap1l2, Napepld, Nat10, Nat8, Nat8b-ps, Nat8f1, Nat8f7, Nav3, Nbas, Nbl1, Nbn, Ncam1, Ncapd2, Ncapd3, Ncapg, Ncapg2, Ncaph, Ncaph2, Ncbp1, Ncbp2, Nccrp1, Ncf2, Nck1, Nck2, Nckap1, Nckap1l, Nckipsd, Ncl, Ncmap, Ncoa1, Ncoa2, Ncoa3, Ncoa6, Ncoa7, Ncor1, Ncor2, Ncr3-ps, Ncs1, Ncstn, Ndc80, Ndel1, Ndfip1, Ndfip2, Ndn, Ndnf, Ndp, Ndrg4, Ndst1, Ndufa13, Ndufa4, Ndufaf4, Ndufc2, Ndufs4, Necab2, Nectin2, Nedd4, Nedd4l, Nedd9, Nefl, Negr1, Nek10, Nek2, Nek4, Nek5, Nek7, Nelfa, Nelfe, Nell1, Nell2, Nenf, Neo1, Nepro, Nes, Net1, Neto1, Neu1, Neu2, Neu3, Neurl1a, Neurod1, Neurod2, Neurod4, Neurod6, Neurog1, Neurog2, Neurog3, Nf1, Nf2, Nfam1, Nfat5, Nfatc1, Nfatc2, Nfatc2ip, Nfatc3, Nfatc4, Nfe2, Nfe2l1, Nfe2l2, Nfia, Nfib, Nfic, Nfil3, Nfix, Nfkb1, Nfkb2, Nfkbia, Nfkbid, Nfkbiz, Nfrkb, Nfya, Nfyb, Nfyc, Ngf, Ngfr, Ngly1, Ngrn, Nherf1, Nherf2, Nhlh1, Nhlh2, Nhlrc1, Niban1, Niban2, Nicol1, Nid1, Nif3l1, Nin, Ninj1, Nipbl, Nipsnap2, Nkap, Nkd1, Nkd2, Nkrf, Nkx2-1, Nkx2-2, Nkx2-2os, Nkx2-3, Nkx2-5, Nkx2-6, Nkx2-9, Nkx3-1, Nkx6-1, Nkx6-2, Nkx6-3, Nle1, Nlgn1, Nlgn2, Nlgn3, Nlk, Nlrc4, Nlrc5, Nlrp10, Nlrp12, Nlrp1a, Nlrp1b, Nlrp3, Nlrp6, Nlrp9b, Nmb, Nmbr, Nmd3, Nme1, Nme2, Nmi, Nmnat1, Nmu, Nmur1, Nnat, Nnmt, Nnt, Nobox, Noct, Nod1, Nod2, Nodal, Nog, Nol11, Nolc1, Nop53, Nos1, Nos2, Nos3, Notch1, Notch2, Notch3, Notch4, Nox1, Nox4, Npas2, Npas3, Npas4, Npat, Nphp1, Nphp4, Nphs1, Npm1, Npm2, Npnt, Nppa, Nppb, Nppc, Npr1, Npr2, Nprl2, Nprl3, Nps, Npsr1, Nptn, Npy, Npy1r, Npy2r, Npy5r, Nqo1, Nqo2, Nr0b2, Nr1d1, Nr1d2, Nr1h2, Nr1h3, Nr1h4, Nr1h5, Nr1i2, Nr1i3, Nr2c1, Nr2c2, Nr2e1, Nr2e3, Nr2f1, Nr2f2, Nr3c1, Nr3c2, Nr4a1, Nr4a2, Nr4a3, Nr5a1, Nr5a2, Nr6a1, Nrarp, Nras, Nrbf2, Nrdc, Nrde2, Nrf1, Nrg1, Nrgn, Nrip1, Nrk, Nrl, Nrp1, Nrxn1, Nscme3l, Nsd1, Nsd2, Nsd3, Nsf, Nsfl1c, Nsg1, Nsmaf, Nsmce2, Nsmce3, Nsmf, Nsun4, Nsun5, Ntf3, Ntn1, Ntrk1, Ntrk2, Ntrk3, Nts, Ntsr1, Ntsr2, Nub1, Nucb2, Nucks1, Nudt16, Nudt21, Nufip1, Numa1, Numb, Numbl, Nup62, Nup85, Nup93, Nup98, Nupr1, Nus1, Nusap1, Nutf2, Nutf2-ps1, Nvl, Nwd1, Oas1a, Oas1b, Oas1c, Oas1d, Oas1e, Oas1f, Oas1g, Oas1h, Oas2, Oas3, Oasl1, Oaz1, Oaz2, Oaz3, Obi1, Obp2a, Obsl1, Ocln, Ocstamp, Odam, Odc1, Oga, Ogg1, Ogt, Olfm1, Olfm2, Olfm4, Olig1, Olig2, Olig3, Oma1, Onecut1, Onecut2, Onecut3, Ooep, Oog1, Oog2, Oog3, Opa1, Opn3, Oprd1, Oprk1, Oprm1, Optn, Or2at4, Or4m1, Or51e2, Orai1, Orc1, Ormdl3, Osbp, Osbpl11, Osbpl7, Osbpl8, Osm, Osmr, Osr1, Osr2, Otp, Otub1, Otud5, Otud6b, Otud7b, Otx1, Otx2, Ovol1, Ovol2, Oxct1, Oxsr1, Oxt, Oxtr, P2rx1, P2rx2, P2rx4, P2rx5, P2rx7, P2ry1, P2ry12, P2ry2, P2ry6, P3h1, P4hb, Pa2g4, Pabir1, Pabpc1, Pabpc1l, Pabpn1l, Pacsin1, Pacsin3, Padi2, Paf1, Pafah1b1, Pafah1b2, Pagr1a, Paip1, Paip2, Pak1, Pak2, Pak3, Palm, Pan2, Pan3, Panx1, Panx2, Panx3, Paox, Paqr3, Pard3, Pard6a, Parg, Park7, Parn, Parp1, Parp14, Parp2, Parp3, Parp6, Parp9, Patl1, Patl2, Patz1, Pawr, Pax1, Pax2, Pax3, Pax4, Pax5, Pax6, Pax7, Pax8, Pax9, Paxbp1, Paxip1, Pbrm1, Pbx1, Pbx2, Pbx3, Pbx4, Pbxip1, Pcbd1, Pcbd2, Pcbp1, Pcbp2, Pcgf5, Pcid2, Pcif1, Pck1, Pck2, Pcm1, Pcna, Pcnt, Pcp4, Pcsk1, Pcsk5, Pcsk9, Pcx, Pdcd1, Pdcd10, Pdcd1lg2, Pdcd2, Pdcd4, Pdcd5, Pdcd5-ps, Pdcd6, Pdcd6ip, Pdcd7, Pdcl, Pdcl3, Pde12, Pde2a, Pde3a, Pde4b, Pde4d, Pde4dip, Pde5a, Pde6g, Pde6h, Pde8a, Pde8b, Pde9a, Pdf, Pdgfa, Pdgfb, Pdgfc, Pdgfd, Pdgfra, Pdgfrb, Pdia3, Pdia4, Pdlim1, Pdlim4, Pdlim7, Pdpk1, Pdpn, Pdx1, Pdxp, Pdzk1, Pea15a, Pear1, Pebp1, Pecam1, Pef1, Peg12, Peg3, Peli1, Peli2, Peli3, Pelo, Pelp1, Pemt, Per1, Per2, Perp, Pex5l, Pf4, Pfdn2, Pfkfb1, Pfkfb2, Pfkm, Pfn1, Pfn2, Pfn3, Pgam5, Pgap1, Pgc, Pgf, Pggt1b, Pgr, Pgrmc1, Phactr1, Phb1, Phb2, Phf10, Phf2, Phf20, Phf23, Phf5a, Phf8, Phip, Phka1, Phkb, Phkg1, Phkg2, Phlda1, Phlda2, Phlda3, Phldb1, Phldb2, Phlpp1, Phox2a, Phox2b, Phpt1, Pias1, Pias2, Pias3, Pias4, Pibf1, Picalm, Pick1, Pid1, Pidd1, Piezo1, Pih1d1, Pik3ap1, Pik3c2a, Pik3c3, Pik3ca, Pik3cb, Pik3cd, Pik3cg, Pik3r1, Pik3r2, Pik3r3, Pik3r5, Pik3r6, Pim1, Pim2, Pin1, Pin1rt1, Pink1, Pinx1, Pip, Pip4k2a, Pip4k2b, Pip4k2c, Pip4p1, Pip5kl1, Pirb, Pirt, Pithd1, Pitx1, Pitx2, Pitx3, Piwil1, Piwil2, Piwil4, Pja2, Pkd1, Pkd2, Pkdcc, Pkhd1, Pkib, Pkm, Pkn1, Pkn2, Pknox1, Pkp1, Pkp2, Pkp3, Pkp4, Pla2g10, Pla2g1b, Pla2g2a, Pla2g3, Pla2g4a, Pla2g4e, Pla2g5, Pla2g6, Pla2g7, Pla2r1, Plaa, Plac8, Plag1, Plagl1, Plagl2, Plau, Plaur, Plcb1, Plcd1, Plce1, Plcg1, Plcg2, Pld1, Pld2, Pld6, Plek, Plek2, Plekha2, Plekha4, Plekhf1, Plekhm1, Plekhn1, Plet1, Plg, Plgrkt, Plin2, Plin3, Plin5, Plk1, Plk2, Plk3, Plk4, Plk5, Plp1, Plpp3, Plpp6, Plppr5, Plrg1, Pls1, Plscr1, Plvap, Plxna3, Plxnb1, Plxnb2, Plxnb3, Plxnc1, Plxnd1, Pmaip1, Pmel, Pmf1, Pml, Pmp22, Pms2, Pnkp, Pnldc1, Pnp, Pnp2, Pnpla2, Pnpt1, Poc1a, Podxl, Pofut2, Poglut1, Pogz, Pold4, Poldip2, Poldip3, Polg2, Polr2a, Polr2g, Polr3a, Polr3b, Polr3c, Polr3d, Polr3f, Polr3g, Pomc, Pomt1, Pomt2, Popdc1, Por, Postn, Pot1a, Pot1b, Potefam3a, Potefam3b, Pou1f1, Pou2af1, Pou2af2, Pou2af3, Pou2f1, Pou2f2, Pou2f3, Pou3f1, Pou3f2, Pou3f3, Pou4f1, Pou4f2, Pou4f3, Pou5f1, Ppara, Ppard, Pparg, Ppargc1a, Ppargc1b, Ppbp, Ppia, Ppid, Ppm1a, Ppm1b, Ppm1e, Ppm1f, Ppm1n, Ppp1ca, Ppp1cc, Ppp1r10, Ppp1r12a, Ppp1r13l, Ppp1r15a, Ppp1r16b, Ppp1r35, Ppp1r3b, Ppp1r3e, Ppp1r3g, Ppp1r9a, Ppp1r9b, Ppp2ca, Ppp2r1a, Ppp2r1b, Ppp2r2b, Ppp2r3a, Ppp2r3c, Ppp2r5b, Ppp2r5d, Ppp3ca, Ppp3cb, Ppp3cc, Ppp3r1, Ppp3r2, Ppp4r3a, Ppp4r3b, Ppp5c, Pprc1, Ppt1, Pqbp1, Prag1, Pramel1, Pramel7, Prap1, Prc1, Prdm1, Prdm10, Prdm11, Prdm14, Prdm15, Prdm16, Prdm2, Prdm4, Prdm5, Prdm9, Prdx2, Prdx3, Prdx5, Prdx6, Prdx6b, Preb, Prelid1, Prex1, Prf1, Prg2, Prg3, Prickle1, Prkaa1, Prkaa2, Prkab1, Prkab2, Prkaca, Prkag1, Prkag2, Prkag3, Prkar1a, Prkar1b, Prkca, Prkcb, Prkcd, Prkce, Prkcg, Prkch, Prkci, Prkcq, Prkcz, Prkd1, Prkd2, Prkdc, Prkg2, Prkn, Prkra, Prl, Prl2a1, Prl2b1, Prl2c1, Prl2c2, Prl2c3, Prl2c5, Prl3a1, Prl3b1, Prl3c1, Prl3d1, Prl3d2, Prl3d3, Prl4a1, Prl5a1, Prl6a1, Prl7a1, Prl7a2, Prl7b1, Prl7c1, Prl7d1, Prl8a1, Prl8a2, Prl8a6, Prl8a8, Prl8a9, Prlr, Prmt1, Prmt2, Prmt5, Prnp, Proc, Prok1, Prom1, Prom2, Prop1, Pros1, Prox1, Prpf19, Prpf4b, Prpf6, Prr16, Prr5, Prr5l, Prr7, Prrt1, Prrt2, Prrx1, Prrx2, Prss22, Prss8, Prxl2c, Psap, Psen1, Psen2, Psenen, Psg18, Psg22, Psg23, Psip1, Psmc3ip, Psmc5, Psmc6, Psmd10, Psmd9, Psrc1, Ptafr, Ptbp1, Ptch1, Ptch2, Pten, Ptf1a, Ptgdr2, Ptger3, Ptger4, Ptges, Ptges2, Ptges3, Ptges3-ps, Ptgfr, Ptgis, Ptgs2, Pth, Pth1r, Pth2r, Pthlh, Ptk2, Ptk2b, Ptk6, Ptk7, Ptma, Ptms, Ptn, Ptov1, Ptp4a1, Ptp4a3, Ptpa, Ptpn1, Ptpn11, Ptpn2, Ptpn22, Ptpn23, Ptpn5, Ptpn6, Ptpn9, Ptpra, Ptprc, Ptprd, Ptprf, Ptprj, Ptprn, Ptpru, Ptprz1, Ptrh2, Pttg1ip, Ptx3, Pum1, Pum2, Pura, Purb, Pus1, Pvr, Pwp1, Pwwp2a, Pwwp2b, Pxn, Pxt1, Pxylp1, Pycard, Pygo1, Pym1, Qki, Qrich1, Rab11a, Rab11fip2, Rab11fip3, Rab12, Rab15, Rab1a, Rab1b, Rab21, Rab25, Rab27a, Rab27b, Rab29, Rab2b, Rab31, Rab34, Rab38, Rab3a, Rab3d, Rab3gap1, Rab3gap2, Rab3ip, Rab5a, Rab7, Rab7b, Rab8b, Rab9, Rac1, Rac2, Rac3, Racgap1, Rack1, Rad18, Rad21, Rad23a, Rad50, Rad51ap1, Rad51b, Rad51c, Rad54l2, Rad9a, Raet1a, Raet1b, Raet1c, Raet1d, Raet1e, Raf1, Rag1, Rai1, Rala, Ralb, Ralbp1, Ramp1, Ramp2, Ramp3, Ran, Ranbp1, Ranbp3l, Ranbp9, Rangrf, Rap1a, Rap1b, Rap1gap, Rap2a, Rap2b, Rap2c, Rapgef1, Rapgef2, Rapgef3, Rapgef4, Rapsn, Rara, Rarb, Rarg, Rarres2, Rasa1, Rasal1, Rasal3, Rasd2, Rasgef1a, Rasgrf1, Rasgrf2, Rasgrp1, Rasip1, Rasl10b, Rasl11a, Rassf1, Rassf10, Rassf2, Rassf5, Rassf6, Rax, Rb1, Rb1cc1, Rbbp4, Rbbp5, Rbbp7, Rbbp9, Rbck1, Rbfox2, Rbm10, Rbm14, Rbm15, Rbm20, Rbm22, Rbm24, Rbm3, Rbm38, Rbm39, Rbm4, Rbm46, Rbm47, Rbm4b, Rbm5, Rbms3, Rbmx, Rbmxl1, Rbmxl2, Rbmy, Rbmyf1, Rbmyf3, Rbmyf6, Rbmyf9, Rbp4, Rbpj, Rbpjl, Rbpms, Rbpms2, Rbx1, Rbx1-ps, Rc3h1, Rc3h2, Rcc1l, Rcc2, Rchy1, Rcn3, Rcor1, Rdh1, Rdh10, Rdh16, Rdh16f2, Rdh19, Rdh9, Rdx, Reck, Recql4, Reg1, Reg2, Reg3a, Reg3b, Reg3d, Reg3g, Rel, Rela, Relb, Rell1, Rell2, Reln, Reno1, Repin1, Rer1, Rere, Rest, Ret, Retn, Retreg3, Rfc1, Rfc2, Rfc3, Rfc4, Rfc5, Rfng, Rftn1, Rfx2, Rfx3, Rfx4, Rfx5, Rfx6, Rfx7, Rfxank, Rfxap, Rgcc, Rgl2, Rgma, Rgmb, Rgn, Rgs14, Rgs2, Rgs4, Rgs6, Rgs7, Rhbdd1, Rhbdd3, Rheb, Rhno1, Rhoa, Rhob, Rhoc, Rhod, Rhog, Rhoh, Rhoj, Rhoq, Rhox13, Rhox5, Ric3, Rictor, Rida, Rif1, Rigi, Rilp, Rimbp2, Rims1, Rims2, Rin2, Riok1, Riok2, Riok3, Ripk1, Ripk2, Ripk3, Ripor1, Ripor2, Rit2, Rlf, Rmnd1, Rnase10, Rnase9, Rnaseh2b, Rnasel, Rnd2, Rnf10, Rnf111, Rnf112, Rnf122, Rnf126, Rnf13, Rnf135, Rnf139, Rnf14, Rnf146, Rnf152, Rnf157, Rnf167, Rnf168, Rnf180, Rnf183, Rnf185, Rnf187, Rnf20, Rnf207, Rnf220, Rnf31, Rnf4, Rnf40, Rnf41, Rnf6, Rnf8, Rnft1, Rnft2, Rnps1, Robo1, Robo2, Robo3, Rock1, Rock2, Rogdi, Romo1, Ror1, Ror2, Rora, Rorb, Rorc, Rp1, Rpa1, Rph3a, Rph3al, Rpl11, Rpl17, Rpl23, Rpl26, Rpl37, Rpl37rt, Rpl4, Rpl5, Rprd1b, Rps12, Rps15, Rps15a, Rps19, Rps2, Rps20, Rps23rg1, Rps27l, Rps3, Rps4x, Rps6, Rps6-ps4, Rps6ka1, Rps6ka2, Rps6ka3, Rps6ka4, Rps6ka5, Rps6kb1, Rps6kb2, Rps7, Rps9, Rptor, Rpusd3, Rpusd4, Rraga, Rragb, Rragc, Rragd, Rras, Rras2, Rreb1, Rrm1, Rrm2, Rrm2b, Rrn3, Rrp1b, Rsad2, Rsf1, Rspo1, Rspo2, Rspo3, Rspo4, Rsu1, Rtel1, Rtkn2, Rtn4, Rtn4r, Rtraf, Rufy3, Rufy4, Rundc3a, Runx1, Runx2, Runx3, Ruvbl1, Ruvbl2, Rwdd3, Rxfp2, Rxfp3, Rxra, Rxrb, Rxrg, Rybp, Rybp-ps, Ryk, Ryr2, S100a10, S100a11, S100a11-ps, S100a13, S100a14, S100a4, S100a7l2, S100a8, S100a9, S100b, S1pr1, S1pr2, Saal1, Sae1, Safb, Sall1, Sall2, Sall4, Samd1, Samd4, Samd4b, Samtor, Sap18, Sap18b, Sapcd2, Sart1, Sash1, Sash3, Sass6, Satb2, Sav1, Saxo1, Sbno2, Scaf8, Scamp5, Scand1, Scap, Scarb1, Scarb2, Scarf1, Scd1, Scel, Scg2, Scgb3a1, Scgn, Schip1, Scimp, Scin, Scn1b, Scn5a, Scoc, Scp2, Scrib, Sct, Sctr, Scube1, Scube2, Scube3, Scx, Sdc1, Sdc4, Sdcbp, Sec1, Sec13, Sec14l2, Sec16b, Sec22b, Sec24a, Secisbp2, Seh1l, Sele, Selenok, Selenon, Selenot, Sell, Selp, Selplg, Sema3a, Sema3b, Sema3c, Sema3d, Sema3e, Sema3f, Sema3g, Sema4a, Sema4b, Sema4c, Sema4d, Sema4f, Sema4g, Sema5a, Sema5b, Sema6a, Sema6b, Sema6c, Sema6d, Sema7a, Senp1, Senp2, Septin4, Septin5, Septin9, Serinc3, Serp1, Serpina12, Serpinb7, Serpine1, Serpine2, Serpinf1, Serpinf2, Serpini1, Sertad1, Sertad2, Sertad3, Sesn1, Sesn2, Sesn3, Setd1a, Setd2, Setd3, Setd4, Setd7, Setmar, Setx, Sez6, Sez6l, Sez6l2, Sf3a2, Sf3b1, Sf3b3, Sf3b5, Sfn, Sfpq, Sfr1, Sfrp1, Sfrp2, Sfrp4, Sftpa1, Sftpd, Sfxn5, Sgf29, Sgip1, Sgk1, Sgms1, Sgms1os1, Sgo2a, Sgsm1, Sgsm3, Sgta, Sh2b1, Sh2d1a, Sh2d1b1, Sh2d1b2, Sh3bgrl, Sh3bp4, Sh3d19, Sh3gl1, Sh3gl2, Sh3gl3, Sh3glb1, Sh3kbp1, Sh3pxd2b, Sh3rf1, Sh3rf2, Sh3rf3, Shank1, Shank2, Shank3, Sharpin, Shb, Shc1, Shc4, Shcbp1l, Shh, Shisa7, Shkbp1, Shld1, Shld2, Shld3, Shmt2, Shoc2, Shox2, Shq1, Shtn1, Siah1a, Siah1b, Siglec1, Sik1, Sik3, Sin3a, Sinhcaf, Sirpa, Sirpb1a, Sirt1, Sirt2, Sirt3, Sirt4, Sirt6, Sirt7, Siva1, Six1, Six2, Six3, Six4, Six5, Ska1, Ska3, Skap1, Ski, Skil, Skint1, Skor2, Skp1, Skp2, Slain1, Slain2, Slamf1, Slamf6, Slc11a1, Slc12a2, Slc15a3, Slc15a4, Slc17a8, Slc18a1, Slc18a3, Slc19a1, Slc1a1, Slc1a2, Slc1a3, Slc22a13, Slc22a2, Slc23a2, Slc24a1, Slc24a2, Slc24a3, Slc24a4, Slc25a12, Slc25a27, Slc25a33, Slc25a37, Slc25a4, Slc25a5, Slc26a5, Slc26a6, Slc26a9, Slc27a1, Slc27a4, Slc2a10, Slc2a13, Slc2a2, Slc2a4, Slc30a1, Slc30a10, Slc30a8, Slc30a9, Slc34a1, Slc35a4, Slc35c2, Slc35d3, Slc35f6, Slc36a2, Slc38a1, Slc38a2, Slc38a3, Slc38a9, Slc39a10, Slc39a14, Slc39a5, Slc40a1, Slc44a4, Slc45a3, Slc46a2, Slc4a1, Slc4a4, Slc4a8, Slc51b, Slc5a3, Slc6a4, Slc6a6, Slc6a9, Slc7a1, Slc7a10, Slc7a5, Slc8a1, Slc8a2, Slc8a3, Slc9a1, Slc9b2, Slco1c1, Slco3a1, Slf1, Slf2, Slirp, Slit2, Slitrk1, Slitrk2, Slitrk3, Slitrk4, Slitrk5, Slitrk6, Slk, Sln, Slx1b, Slx4, Smad1, Smad2, Smad3, Smad4, Smad5, Smad6, Smad7, Smad9, Smap1, Smarca1, Smarca2, Smarca4, Smarca5, Smarcad1, Smarcb1, Smarcc1, Smarcc2, Smarcd1, Smarcd2, Smarcd3, Smarce1, Smc2, Smc4, Smc5, Smc6, Smchd1, Smcr8, Smim22, Smim43, Smn1, Smo, Smoc1, Smoc2, Smpd1, Smpd2, Smpd3, Smurf1, Smurf2, Smyd1, Smyd3, Smyd5, Snai1, Snai2, Snap25, Snap47, Snap91, Snca, Snf8, Snhg15, Snrnp70, Snw1, Snx1, Snx18, Snx27, Snx3, Snx30, Snx33, Snx4, Snx5, Snx7, Snx9, Soat1, Socs1, Socs2, Socs3, Socs4, Socs5, Sod1, Sod2, Sohlh1, Sohlh2, Sorbs1, Sorbs3, Sorl1, Sort1, Sos1, Sos2, Sost, Sox1, Sox10, Sox11, Sox12, Sox13, Sox14, Sox15, Sox17, Sox18, Sox2, Sox21, Sox3, Sox30, Sox4, Sox5, Sox6, Sox7, Sox8, Sox9, Sp1, Sp100, Sp110, Sp3, Sp7, Spag5, Spag8, Spag9, Sparc, Spast, Spata18, Spatc1l, Spdef, Spdya, Spdye4a, Specc1l, Spen, Sphk1, Sphk2, Spi1, Spib, Spic, Spidr, Spin1, Spin4, Spink2, Spinkl, Spint1, Spire1, Spire2, Spn, Spock2, Spon1, Spon2, Spop, Spp1, Sppl3, Spred1, Spred2, Spring1, Sprtn, Spry1, Spry2, Spsb4, Spta1, Sptbn1, Sptlc1, Sptlc2, Spx, Spz1, Sqstm1, Sra1, Srarp, Src, Srcin1, Srebf1, Srebf2, Srf, Sri, Srms, Srpk2, Srpx, Srpx2, Srrt, Srsf1, Srsf5, Srsf6, Sry, Ss18, Ss18l1, Ssb, Ssbp1, Ssbp2, Ssbp3, Ssbp4, Ssh1, Ssh2, Sstr4, Sstr5, St18, St3gal4, St6gal1, St8sia1, St8sia2, Stac, Stac2, Stac3, Stam, Stambpl1, Stap1, Star, Stard10, Stard4, Stat1, Stat2, Stat3, Stat4, Stat5a, Stat5b, Stat6, Stau1, Stau2, Steap3, Stil, Stim1, Stim2, Stimate, Sting1, Stk11, Stk16, Stk17b, Stk19, Stk24, Stk25, Stk3, Stk36, Stk39, Stk4, Stmn2, Stmp1, Stn1, Stom, Stoml2, Stox1, Stpg1, Stra6, Stra8, Strada, Stradb, Strit1, Strn3, Sts, Stub1, Stx18, Stx1a, Stx1b, Stx3, Stx4a, Stx5a, Stx7, Stxbp1, Stxbp2, Stxbp4, Stxbp5, Styxl1, Sub1, Suco, Sufu, Sulf1, Sulf2, Sult1e1, Sult2b1, Sumo1, Sumo2, Sumo3, Sun2, Supt20, Supt4a, Supt4b, Supt5, Supt6, Supt7l, Supv3l1, Surf4, Suz12, Svep1, Svil, Svip, Swap70, Syap1, Sybu, Syce3, Syde1, Syf2, Syk, Syncrip, Syndig1, Syne2, Synj1, Synj2bp, Synpo, Synpo2, Synpo2l, Syt1, Syt10, Syt11, Syt12, Syt13, Syt17, Syt2, Syt3, Syt4, Syt5, Syt7, Syt8, Syt9, Sytl4, T, Taar1, Tab1, Tab2, Tab3, Tac1, Tac2, Tac4, Tacc1, Tacr1, Tacr2, Tacr3, Tacstd2, Tada1, Tada2a, Tada3, Taf1, Taf10, Taf11, Taf12, Taf13, Taf15, Taf2, Taf3, Taf4, Taf4b, Taf5, Taf5l, Taf6, Taf6l, Taf7, Taf8, Taf9, Taf9b, Tafa3, Tal1, Tank, Taok1, Taok2, Taok3, Tap2, Tapt1, Tarbp2, Tardbp, Tarm1, Tas1r2, Tas2r102, Tas2r121, Tas2r124, Tasl, Tasp1, Tbc1d10a, Tbc1d20, Tbc1d23, Tbc1d24, Tbc1d5, Tbc1d7, Tbk1, Tbl1x, Tbl1xr1, Tbp, Tbr1, Tbx1, Tbx10, Tbx15, Tbx18, Tbx19, Tbx2, Tbx20, Tbx21, Tbx22, Tbx3, Tbx4, Tbx5, Tbx6, Tcaf1, Tcea1, Tcea2, Tcerg1, Tcf12, Tcf15, Tcf20, Tcf21, Tcf23, Tcf3, Tcf4, Tcf7l1, Tcf7l2, Tcim, Tcl1, Tcp1, Tcrb, Tctn3, Tdrd3, Tead1, Tead2, Tead3, Tead4, Tedc1, Tedc2, Tef, Tek, Tenm1, Tenm2, Tenm3, Tenm4, Tent2, Tent4a, Tent4b, Tent5a, Tent5b, Tent5c, Tent5d, Terc, Terf1, Terf2, Terf2ip, Tert, Tes3-ps, Tesc, Tescl, Tesk1, Tespa1, Tet1, Tet2, Tet3, Tex24, Tex261, Tfam, Tfap2a, Tfap2b, Tfap2c, Tfap2d, Tfap2e, Tfap4, Tfcp2, Tfdp1, Tfdp2, Tfe3, Tfeb, Tfec, Tff2, Tfpt, Tfr2, Tfrc, Tgfa, Tgfb1, Tgfb1i1, Tgfb2, Tgfb3, Tgfbr1, Tgfbr2, Tgfbr3, Tgif1, Tgif2, Tgm1, Tgm2, Thap11, Thap3, Thbs1, Thbs2, Thbs4, Thpo, Thra, Thrap3, Thrb, Thy1, Tia1, Tial1, Tiam1, Tiam2, Ticam1, Ticam2, Tifa, Tifab, Tigar, Tigit, Timd2, Timd5, Timd6, Timeless, Timm17a, Timm23, Timp1, Timp2, Tinf2, Tiparp, Tipin, Tirap, Tjp1, Tle1, Tle5, Tle6, Tlr1, Tlr2, Tlr3, Tlr4, Tlr5, Tlr6, Tlr7, Tlr8, Tlr9, Tlx1, Tlx2, Tm7sf3, Tm9sf4, Tm9sf5, Tmc8, Tmed10, Tmed10-ps, Tmed2, Tmed9, Tmem100, Tmem102, Tmem106a, Tmem106b, Tmem108, Tmem119, Tmem132a, Tmem135, Tmem161a, Tmem164, Tmem196, Tmem198, Tmem198b, Tmem250, Tmem259, Tmem30a, Tmem30b, Tmem33, Tmem35a, Tmem59, Tmem64, Tmem67, Tmem9, Tmem97, Tmf1, Tmod2, Tmod3, Tmprss12, Tmprss6, Tmsb4x, Tmtc3, Tmx1, Tnc, Tnf, Tnfaip1, Tnfaip3, Tnfaip6, Tnfaip8, Tnfaip8l3, Tnfrsf10b, Tnfrsf11a, Tnfrsf12a, Tnfrsf13c, Tnfrsf14, Tnfrsf18, Tnfrsf19, Tnfrsf1a, Tnfrsf1b, Tnfrsf22, Tnfrsf4, Tnfrsf8, Tnfsf10, Tnfsf11, Tnfsf12, Tnfsf13, Tnfsf13b, Tnfsf14, Tnfsf15, Tnfsf18, Tnfsf4, Tnfsf8, Tnfsf9, Tnik, Tnip1, Tnip2, Tnk2, Tnks, Tnks1bp1, Tnks2, Tnn, Tnni2, Tnp1, Tnp2, Tnr, Tnrc6a, Tnrc6b, Tnrc6c, Tns3, Tnxb, Tob1, Togaram1, Tollip, Tom1, Tom1l1, Tomm22, Tomm40, Tomm7, Tomm70a, Tomt, Top2a, Top2b, Topors, Tor1a, Tox, Tox2, Tox3, Tpbg, Tpcn1, Tpd52, Tpd52l1, Tph1, Tpm1, Tppp, Tppp2, Tppp3, Tpr, Tpx2, Tra2a, Tra2b, Trabd2b, Tradd, Traf2, Traf3, Traf3ip2, Traf3ip3, Traf4, Traf5, Traf6, Traf7, Trak1, Trappc12, Trappc2, Trat1, Trdn, Trem1, Trem2, Treml4, Trerf1, Trf, Trh, Trhr, Triap1, Trib1, Trib2, Trib3, Trim12a, Trim12c, Trim13, Trim14, Trim15, Trim21, Trim23, Trim24, Trim25, Trim26, Trim27, Trim28, Trim3, Trim30a, Trim30b, Trim30c, Trim30d, Trim32, Trim35, Trim37, Trim38, Trim39, Trim41, Trim44, Trim46, Trim5, Trim52, Trim55, Trim56, Trim58, Trim6, Trim62, Trim65, Trim67, Trim71, Trim8, Triobp, Trip10, Trip4, Trip6, Trmt10c, Trmt112, Trp53, Trp53bp1, Trp53bp2, Trp53inp1, Trp53inp2, Trp63, Trp73, Trpa1, Trpc1, Trpc3, Trpc5, Trpc6, Trpm2, Trpm4, Trpm5, Trpm7, Trpm8, Trps1, Trpv1, Trpv2, Trpv4, Trrap, Trub1, Trub2, Tsacc, Tsc1, Tsc2, Tsc22d1, Tsg101, Tshr, Tshz3, Tsix, Tslp, Tspan14, Tspan5, Tspan9, Tspo, Tspyl5, Ttbk1, Ttbk2, Ttc21b, Ttc23, Ttc5, Tti1, Ttl, Ttll6, Ttn, Tub, Tubb2b, Tubd1, Tug1, Tulp1, Tunar, Tusc2, Tut4, Tut7, Twf1, Twf2, Twist1, Twist2, Twsg1, Txk, Txn1, Txndc15, Txnip, Txnl4b, Txnrd1, Tyk2, Tyro3, Tyrobp, Tyrp1, U2af2, Uaca, Uap1, Uba2, Ubap2l, Ubb, Ubd, Ube2a, Ube2b, Ube2c, Ube2d1, Ube2e1, Ube2e2, Ube2i, Ube2k, Ube2l3, Ube2m, Ube2n, Ube2o, Ube2s, Ube2srt, Ube2v1, Ube2v2, Ube2z, Ube3a, Ubp1, Ubqln1, Ubqln2, Ubr2, Ubr3, Ubr4, Ubr5, Ubtf, Ubtfl1, Ubxn2a, Ubxn2b, Uchl1, Uchl3, Uchl5, Ucn, Ucn3, Ucp1, Ucp2, Ufl1, Uhmk1, Uhrf1, Uimc1, Ulbp1, Ulk1, Ulk3, Unc119, Unc13a, Unc13b, Unc13d, Unc5b, Unc5c, Unc5cl, Unc93b1, Upf1, Upf3a, Upf3b, Uqcc2, Usf1, Usf2, Usf3, Usp1, Usp12, Usp13, Usp15, Usp16, Usp17le, Usp19, Usp2, Usp20, Usp21, Usp22, Usp27x, Usp29, Usp32, Usp34, Usp4, Usp46, Usp47, Usp5, Usp50, Usp7, Usp8, Usp9x, Utf1, Utp11, Utp15, Utrn, Uts2, Uts2r, Vamp2, Vamp3, Vamp7, Vamp8, Vangl2, Vash1, Vash2, Vasp, Vav1, Vav2, Vav3, Vcam1, Vcp, Vdac1, Vdr, Vegfa, Vegfb, Vegfc, Vegfd, Vezf1, Vgll2, Vgll4, Vhl, Vil1, Vim, Vip, Vit, Vldlr, Vmp1, Vnn1, Vps11, Vps13d, Vps28, Vps35, Vps4a, Vps4b, Vps72, Vrk1, Vsir, Vsnl1, Vstm2a, Vstm5, Vsx2, Vtcn1, Vtn, Vwc2, Vwc2l, Vwf, Wac, Wars1, Was, Wasf1, Wasf2, Wasf3, Washc1, Washc5, Wasl, Wbp1l, Wbp2, Wbp2nl, Wdfy1, Wdfy2, Wdr1, Wdr24, Wdr35, Wdr43, Wdr45, Wdr48, Wdr5, Wdr59, Wdr62, Wdr75, Wdr77, Wee2, Wfs1, Whamm, Whrn, Wif1, Wipf1, Wipi1, Wiz, Wls, Wmp, Wnk1, Wnk2, Wnk3, Wnk4, Wnt1, Wnt10a, Wnt10b, Wnt11, Wnt16, Wnt2, Wnt3, Wnt3a, Wnt4, Wnt5a, Wnt5b, Wnt6, Wnt7a, Wnt7b, Wnt8b, Wnt9a, Wrap53, Wrap73, Wrn, Wt1, Wwc1, Wwox, Wwp2, Wwtr1, Xbp1, Xcl1, Xdh, Xiap, Xirp2, Xkr8, Xlr3b, Xpa, Xpc, Xpo4, Xrcc1, Xrcc2, Xrcc3, Xrcc4, Xrcc5, Xrcc6, Yaf2, Yap1, Ybx1, Ybx2, Yeats4, Yes1, Yme1l1, Ypel3, Ythdc2, Ythdf1, Ythdf2, Ythdf3, Ywhae, Ywhag, Ywhah, Yy1, Yy2, Zap70, Zar1, Zbed3, Zbed4, Zbp1, Zbtb1, Zbtb16, Zbtb17, Zbtb18, Zbtb20, Zbtb38, Zbtb46, Zbtb48, Zbtb49, Zbtb7b, Zbtb7c, Zc3h10, Zc3h12a, Zc3h12d, Zc3h18, Zc3h3, Zc3h8, Zc3hav1, Zc4h2, Zcchc12, Zcchc13, Zcchc3, Zcchc4, Zcwpw1, Zdhhc1, Zdhhc12, Zdhhc15, Zdhhc19, Zdhhc2, Zdhhc3, Zdhhc5, Zdhhc6, Zdhhc9, Zeb1, Zeb2, Zer1, Zfand1, Zfand2a, Zfas1, Zfat, Zfhx3, Zfp13, Zfp131, Zfp142, Zfp143, Zfp148, Zfp175, Zfp212, Zfp219, Zfp24, Zfp263, Zfp281, Zfp287, Zfp292, Zfp318, Zfp326, Zfp335, Zfp346, Zfp36, Zfp365, Zfp36l1, Zfp36l2, Zfp36l3, Zfp384, Zfp385a, Zfp395, Zfp407, Zfp410, Zfp42, Zfp423, Zfp462, Zfp488, Zfp516, Zfp521, Zfp523, Zfp541, Zfp580, Zfp593, Zfp609, Zfp622, Zfp639, Zfp64, Zfp640, Zfp646, Zfp677, Zfp683, Zfp703, Zfp711, Zfp715, Zfp750, Zfp758, Zfp804a, Zfp819, Zfp827, Zfp90, Zfp91, Zfpm1, Zfpm2, Zfx, Zfyve27, Zglp1, Zhx3, Zic1, Zic2, Zic3, Zkscan17, Zkscan3, Zmat3, Zmiz1, Zmiz2, Zmpste24, Zmynd10, Zmynd8, Znhit1, Znrf1, Znrf2, Zp3, Zp3r, Zpr1, Zranb1, Zscan21, Zswim2, Zswim8, Zxdb, Zxdc, Zyg11b
GO:0071840	cellular component organization or biogenesis	7235	156	105.39	2.5e-08	1.2869999999999999e-5	1700009N14Rik, 1700028K03Rik, 2300002M23Rik, 2310057M21Rik, 2610042L04Rik, 2700049A03Rik, 4921509C19Rik, 4930402K13Rik, 4930447C04Rik, 4930451I11Rik, 4930480E11Rik, 4930544G11Rik, 4930550C14Rik, 4933427D14Rik, 5730455P16Rik, 9930111J21Rik1, a, A4galt, Aaas, Aak1, Aar2, Aatf, Aatk, Abca1, Abca12, Abca13, Abca2, Abca3, Abca4, Abca5, Abca7, Abcb1a, Abcb1b, Abcb4, Abcb6, Abcb7, Abcb8, Abcc1, Abcc4, Abcc8, Abcc9, Abcd1, Abcd2, Abcd3, Abcd4, Abce1, Abcg1, Abcg2, Abhd17a, Abhd17b, Abhd17c, Abi1, Abi2, Abi3, Abi3bp, Abitram, Abl1, Abl2, Ablim1, Ablim2, Ablim3, Abr, Abra, Abraxas1, Abraxas2, Abt1, Acaa2, Acaca, Acacb, Acad9, Acan, Acap3, Acd, Ace, Ace2, Ache, Acin1, Acot13, Acot8, Acox1, Acp1, Acp2, Acp3, Acp4, Acrbp, Acsl3, Acsl4, Acsl6, Acta1, Actb, Actbl2, Actc1, Acte1, Actg1, Actl6a, Actl6b, Actl7a, Actl9, Actn1, Actn2, Actn3, Actn4, Actr2, Actr3, Actr5, Actr6, Actr8, Acvr1b, Acvr1c, Acvrl1, Adam10, Adam15, Adam17, Adam1a, Adam8, Adam9, Adamts1, Adamts10, Adamts12, Adamts13, Adamts14, Adamts15, Adamts16, Adamts17, Adamts18, Adamts19, Adamts2, Adamts20, Adamts3, Adamts4, Adamts5, Adamts6, Adamts7, Adamts8, Adamts9, Adamtsl1, Adamtsl2, Adamtsl4, Adar, Adarb1, Adck1, Adcy1, Adcy10, Adcy6, Adcy8, Adcyap1, Add1, Add2, Add3, Adgrb1, Adgrb2, Adgrb3, Adgre5, Adgrf1, Adgrg6, Adgrl1, Adgrl2, Adgrl3, Adgrl4, Adgrv1, Adipoq, Adipor1, Adipor2, Adm, Adnp, Adora2a, Adprhl1, Adrb1, Adrb2, Adrm1, Adrm1b, Adtrp, Aebp1, Aebp2, Afdn, Aff2, Afg1l, Afg2a, Afg2b, Afg3l1, Afg3l2, Agap2, Agap3, Ager, Agfg1, Agfg2, Agk, Ago1, Ago2, Ago3, Ago4, Agrn, Agt, Agtpbp1, Ahctf1, Ahcyl1, Ahi1, Ahr, Ahsg, Aicda, Aida, Aif1, Aif1l, Aifm1, Aifm2, Aim2, Aimp2, Airim, Airn, Ajm1, Ajuba, AK157302, Ak6, Ak7, Akain1, Akap11, Akap13, Akap4, Akap5, Akap6, Akap8, Akap8l, Akap9, Akirin1, Akt1, Akt1s1, Akt2, Akt3, Aktip, Alad, Alcam, Aldh1a2, Aldh1a3, Aldh9a1, Aldoa, Aldob, Alk, Alkal1, Alkal2, Alkbh1, Alkbh4, Alkbh5, Alkbh7, Alms1, Alox15, Alox5ap, Alpk1, Alpk2, Alpk3, Alpl, Als2, Als2cl, Ambn, Ambra1, Amigo1, Amigo2, Amigo3, Amot, Amotl1, Amotl2, Amph, Anapc1, Anapc11, Anapc15, Anapc15-ps, Anapc2, Anapc4, Anapc5, Anapc7, Ang, Angpt1, Angptl7, Ank1, Ank2, Ank3, Ankfn1, Ankfy1, Ankk1, Ankle1, Ankle2, Ankra2, Ankrd1, Ankrd13a, Ankrd13b, Ankrd13d, Ankrd23, Ankrd24, Ankrd27, Ankrd31, Ankrd53, Ankrd66, Anks4b, Ankzf1, Anln, Ano1, Ano3, Ano4, Ano5, Ano6, Ano7, Ano9, Anp32b, Anp32e, Antkmt, Antxr1, Antxr2, Anxa1, Anxa2, Anxa7, Anxa8, Ap1ar, Ap1b1, Ap1g1, Ap1m1, Ap1s1, Ap1s2, Ap1s3, Ap2a1, Ap2b1, Ap2m1, Ap3b1, Ap3b2, Ap3d1, Ap3m1, Ap3m2, Ap3s1, Ap3s2, Ap4m1, Ap5z1, Apaf1, Apbb1, Apbb2, Apc, Apc2, Apcs, Apela, Apex1, Apip, Aplf, Apln, Aplnr, Aplp1, Aplp2, Apoa1, Apoa2, Apoa4, Apoa5, Apob, Apobec1, Apobec2, Apobec3, Apoc1, Apoc2, Apoc2l, Apoc3, Apod, Apoe, Apom, Apoo, Apool, App, Appl1, Appl2, Aqp1, Aqp11, Aqp2, Aqp4, Aqp5, Aqr, Ar, Araf, Arap1, Arap2, Arap3, Arb2a, Arc, Areg, Arf1, Arf4, Arf6, Arfgap1, Arfgap2, Arfgap3, Arfgef1, Arfgef2, Arfip1, Arfip2, Arhgap10, Arhgap12, Arhgap17, Arhgap18, Arhgap21, Arhgap22, Arhgap24, Arhgap25, Arhgap28, Arhgap32, Arhgap33, Arhgap33os, Arhgap35, Arhgap39, Arhgap4, Arhgap40, Arhgap44, Arhgap5, Arhgap6, Arhgef1, Arhgef10, Arhgef10l, Arhgef15, Arhgef16, Arhgef17, Arhgef18, Arhgef19, Arhgef2, Arhgef25, Arhgef26, Arhgef28, Arhgef4, Arhgef5, Arhgef6, Arhgef7, Arhgef9, Arid1a, Arid1b, Arid2, Arid4a, Arid4b, Ark2c, Arl1, Arl13a, Arl13b, Arl2, Arl3, Arl6, Arl6ip1, Arl8b, Armc12, Armc2, Armc9, Armcx3, Armh3, Arpc1a, Arpc1b, Arpc2, Arpc3, Arpc4, Arpc5, Arpc5l, Arpin, Arrb1, Arrb2, Arrdc1, Arrdc4, Arsb, Arsg, Artn, Arv1, Arx, Asap1, Asap3, Asb2, Ascc2, Ascc3, Asf1a, Asf1b, Ash1l, Ash2l, Asic1, Asic2, Asph, Aspm, Asxl1, Asz1, Atad1, Atad2, Atad2b, Atad3a, Atat1, Atcay, Atf1, Atf2, Atf5, Atf6b, Atf7ip, Atg10, Atg101, Atg12, Atg13, Atg14, Atg16l1, Atg16l2, Atg2a, Atg2b, Atg3, Atg4a, Atg4a-ps, Atg4b, Atg4c, Atg4d, Atg5, Atg7, Atg9a, Atg9b, Atl1, Atl2, Atl3, Atm, Atmin, Atoh1, Atoh7, Atp10a, Atp10b, Atp10d, Atp11a, Atp11b, Atp11c, Atp13a2, Atp13a4, Atp13a5, Atp1a3, Atp1b2, Atp23, Atp2a1, Atp2a2, Atp2b2, Atp2c1, Atp5f1d, Atp5if1, Atp5mc2, Atp5mc3, Atp6ap1, Atp6ap2, Atp6v0a1, Atp6v0a4, Atp6v0c, Atp6v0d1, Atp6v0e2, Atp6v1a, Atp6v1b1, Atp6v1b2, Atp6v1c1, Atp6v1d, Atp6v1e1, Atp6v1f, Atp6v1g1, Atp6v1g2, Atp6v1g3, Atp6v1h, Atp7a, Atp8a1, Atp8a2, Atp8b1, Atp8b2, Atp8b3, Atp8b4, Atp8b5, Atp9a, Atp9b, Atpaf1, Atpaf2, Atpsckmt, Atr, Atrx, Atxn10, Atxn1l, Atxn2, Atxn2l, Atxn3, Atxn7, Atxn7l3, AU040320, Aunip, Aup1, Aurka, Aurkb, Aurkc, Auts2, Avil, Avp, Avpr1a, Axdnd1, Axin1, Axin2, Axl, Azin1, Azin2, B2m, B3glct, B3gnt2, B4galnt1, B4galt1, B4galt5, B4galt6, B4galt7, B4gat1, B9d1, B9d2, Babam1, Babam2, Bacc1, Bace2, Bad, Bag4, Bag5, Bag6, Bahcc1, Bahd1, Baiap2, Baiap2l1, Baiap2l2, Baiap3, Bak1, Banf1, Banf2, Banp, Bap1, Barhl2, Basp1, Bax, Baz1a, Baz1b, Baz2a, Bbc3, Bbip1, Bbln, Bbof1, Bbs1, Bbs10, Bbs12, Bbs2, Bbs4, Bbs5, Bbs7, Bbs9, BC004004, BC005624, BC034090, BC048507, Bcan, Bcar1, Bcas2, Bcas3, Bccip, Bcl10, Bcl11a, Bcl11b, Bcl2, Bcl2a1a, Bcl2a1b, Bcl2a1c, Bcl2a1d, Bcl2l1, Bcl2l10, Bcl2l11, Bcl2l13, Bcl2l2, Bcl3, Bcl6, Bcl7a, Bcl7b, Bcl7c, Bcor, Bcorl1, Bcr, Bcs1l, Bdkrb1, Bdnf, Bdp1, Becn1, Becn2, Bend2, Bend3, Best1, Bet1, Bet1l, Bex1, Bfsp1, Bfsp2, Bhlha15, Bhlhb9, Bhlhe22, Bhlhe23, Bicd1, Bicd2, Bicdl1, Bicra, Bicral, Bid, Bik, Bin1, Bin2, Bin3, Birc2, Birc5, Blcap, Blk, Blm, Bloc1s1, Bloc1s2, Bloc1s3, Bloc1s4, Bloc1s5, Bloc1s6, Bloodlinc, Bltp1, Bltp3b, Blzf1, Bmerb1, Bmf, Bmi1, Bmncr, Bmp10, Bmp2, Bmp2k, Bmp4, Bmp5, Bmp6, Bmp7, Bmpr1b, Bmpr2, Bms1, Bmx, Bmyc, Bnc1, Bnip1, Bnip2, Bnip3, Bnip3l, Bnip3l-ps, Boc, Bok, Bola2, Bola3, Bop1, Bora, Borcs5, Borcs6, Borcs7, Borcs8, Bptf, Braf, Brat1, Brca1, Brca2, Brcc3, Brcc3dc, Brd1, Brd2, Brd3, Brd4, Brd7, Brd8, Brd9, Brdt, Brf1, Brf2, Brip1, Brix1, Brk1, Brme1, Brox, Brpf1, Brpf3, Brsk1, Brsk2, Brwd1, Brwd3, Bscl2, Bsg, Bsn, Bst1, Bst2, Btbd18, Btbd3, Btbd8, Btbd9, Btc, Btg2, Btk, Bub1, Bub1b, Bub3, Bud23, Bysl, C1d, C1qa, C1qb, C1qbp, C1qc, C1ql1, C1ql2, C1ql3, C1qtnf9, C2, C2cd2l, C2cd3, C2cd5, C2cd6, C3, C5ar1, C9, C9orf72, Cabcoco1, Cabp1, Cacna1a, Cacna1b, Cacna1f, Cacna1s, Cacna2d2, Cacna2d3, Cacnb4, Cacng2, Cacng7, Cadm1, Cadm4, Cadps, Cadps2, Calcoco2, Cald1, Calhm1, Calhm3, Calm1, Calm2, Calm3, Calm4, Calm5, Calml4, Calr, Caly, Camk1, Camk1d, Camk2a, Camk2b, Camk2g, Camkmt, Camkv, Caml, Camp, Camsap1, Camsap2, Camsap3, Cand1, Cand2, Cap1, Cap2, Capg, Capn1, Capn10, Capn2, Capn3, Capn6, Caprin1, Caprin2, Capza1, Capza1b, Capza2, Capza3, Capzb, Card11, Card9, Carlr, Carm1, Carmil1, Carmil2, Carmil3, Cask, Caskin1, Casp1, Casp3, Casp4, Casp6, Casp7, Casq1, Casq2, Catip, Catsper1, Catsperz, Cav1, Cav2, Cav3, Cavin2, Cavin3, Cavin4, Cbfa2t2, Cbl, Cblb, Cbll1, Cbln1, Cbln2, Cbln3, Cbln4, Cbr4, Cbx1, Cbx2, Cbx3, Cbx4, Cbx5, Cbx6, Cbx7, Cbx8, Cby1, Cc2d1a, Cc2d2a, Cc2d2b, Ccar2, Ccdc103, Ccdc113, Ccdc115, Ccdc120, Ccdc13, Ccdc136, Ccdc146, Ccdc159, Ccdc170, Ccdc187, Ccdc28b, Ccdc32, Ccdc38, Ccdc39, Ccdc40, Ccdc42, Ccdc47, Ccdc51, Ccdc57, Ccdc61, Ccdc63, Ccdc65, Ccdc66, Ccdc68, Ccdc69, Ccdc78, Ccdc8, Ccdc80, Ccdc85b, Ccdc88a, Ccdc88b, Ccdc88c, Ccdc96, Cck, Cckar, Ccl11, Ccl12, Ccl19, Ccl2, Ccl21a, Ccl21b, Ccl21d, Ccl21e, Ccl21f, Ccl24, Ccl26, Ccl27a, Ccl3, Ccl5, Ccl7, Ccl8, Ccm2, Ccn1, Ccn2, Ccn3, Ccn4, Ccn5, Ccnb1, Ccnb1-ps, Ccnb1ip1, Ccnb2, Ccne1, Ccne2, Ccnf, Ccnl1, Ccnl2, Ccno, Ccp110, Ccr5, Ccr7, Ccsap, Ccser2, Cct2, Cct3, Cct4, Cct5, Cct6a, Cct7, Cct8, Cd14, Cd151, Cd177, Cd209b, Cd22, Cd247, Cd24a, Cd28, Cd2ap, Cd300a, Cd300lf, Cd34, Cd36, Cd38, Cd3d, Cd3e, Cd44, Cd47, Cd53, Cd63, Cd74, Cd9, Cda, Cdan1, Cdc123, Cdc14a, Cdc14b, Cdc16, Cdc20, Cdc20b, Cdc23, Cdc25a, Cdc25b, Cdc25c, Cdc27, Cdc34, Cdc34b, Cdc42, Cdc42bpa, Cdc42bpb, Cdc42bpg, Cdc42ep1, Cdc42ep2, Cdc42ep3, Cdc42ep4, Cdc42ep5, Cdc45, Cdc6, Cdc7, Cdc73, Cdca2, Cdca5, Cdca8, Cdh1, Cdh10, Cdh11, Cdh12, Cdh13, Cdh15, Cdh17, Cdh18, Cdh19, Cdh2, Cdh20, Cdh22, Cdh23, Cdh24, Cdh26, Cdh3, Cdh4, Cdh5, Cdh6, Cdh7, Cdh8, Cdh9, Cdhr1, Cdhr18, Cdhr2, Cdhr5, Cdk1, Cdk10, Cdk11b, Cdk16, Cdk2, Cdk2ap2, Cdk4, Cdk5, Cdk5r1, Cdk5r2, Cdk5rap2, Cdk5rap3, Cdk9, Cdkl1, Cdkl3, Cdkl5, Cdkn1a, Cdkn1b, Cdkn1c, Cdkn2a, Cdkn2aip, Cdkn2c, Cdkn2d, Cdkn3, Cdnf, Cds1, Cds2, Cdsn, Cdt1, Cdyl, Ceacam1, Ceacam2, Cebpa, Cebpg, Cecr2, Celf1, Celf2, Celf3, Celf4, Celf5, Celf6, Celsr1, Celsr2, Celsr3, Cenatac, Cenpa, Cenpc1, Cenpe, Cenph, Cenpi, Cenpk, Cenpn, Cenpo, Cenpp, Cenps, Cenpt, Cenpv, Cenpw, Cenpx, Cep120, Cep126, Cep128, Cep131, Cep135, Cep152, Cep162, Cep164, Cep19, Cep192, Cep20, Cep250, Cep290, Cep295, Cep295nl, Cep350, Cep41, Cep43, Cep44, Cep55, Cep57, Cep63, Cep68, Cep70, Cep72, Cep76, Cep78, Cep83, Cep85, Cep89, Cep97, Cers2, Cert1, Ces1d, Ces1g, Cetn1, Cetn2, Cetn3, Cetn4, Cfap100, Cfap119, Cfap126, Cfap157, Cfap161, Cfap20, Cfap206, Cfap221, Cfap298, Cfap410, Cfap43, Cfap44, Cfap47, Cfap53, Cfap54, Cfap57, Cfap58, Cfap61, Cfap65, Cfap69, Cfap70, Cfap73, Cfap74, Cfap91, Cfap97d1, Cfdp1, Cfh, Cfl1, Cfl2, Cflar, Cfp, Cftr, Cggbp1, Cgn, Cgnl1, Cgref1, Cgrrf1, Ch25h, Chadl, Chaer1, Chaf1a, Chaf1b, Champ1, Chat, Chchd10, Chchd2, Chchd3, Chchd4, Chchd6, Chchd7, Chd1, Chd1l, Chd2, Chd3, Chd4, Chd5, Chd6, Chd7, Chd8, Chd9, Chek1, Chek2, Chfr, Chga, Chka, Chl1, Chmp1a, Chmp1b, Chmp1b2, Chmp2a, Chmp2b, Chmp3, Chmp4b, Chmp4c, Chmp5, Chmp6, Chmp7, Chn1, Chn2, Chodl, Chordc1, Chp1, Chrac1, Chrd, Chrdl1, Chrna1, Chrna3, Chrna7, Chrnb1, Chrnb2, Chtf18, Chtf8, Chtop, Ciao1, Ciao2a, Ciao2b, Ciao3, Ciapin1, Cib1, Cibar1, Cibar2, Cidea, Cideb, Cidec, Ciita, Cilk1, Cimap3, Cinp, Cip2a, Cirbp, Cit, Ckap2, Ckap5, Cks2, Clasp1, Clasp2, Clcn2, Clcn3, Clcn4, Cldn1, Cldn10, Cldn11, Cldn13, Cldn14, Cldn15, Cldn16, Cldn17, Cldn18, Cldn19, Cldn2, Cldn22, Cldn23, Cldn24, Cldn3, Cldn34a, Cldn34b1, Cldn34b2, Cldn34b3, Cldn34b4, Cldn34c1, Cldn34c2, Cldn34c3, Cldn34c4, Cldn34c5, Cldn34c6, Cldn34d, Cldn4, Cldn5, Cldn6, Cldn7, Cldn8, Cldn9, Clec16a, Clec2i, Clec7a, Clgn, Clic5, Clint1, Clip1, Clip2, Clip3, Clip4, Clk1, Clk2, Clk3, Clk4, Clmn, Cln3, Cln5, Cln6, Cln8, Clns1a, Clock, Clp1, Clpb, Clptm1l, Clrn1, Clrn2, Clstn1, Clstn2, Clstn3, Clta, Cltc, Cltrn, Clu, Cluap1, Cluh, Clvs1, Clvs2, Clxn, Clybl, Cma1, Cngb1, Cnksr2, Cnn1, Cnn2, Cnn3, Cnot1, Cnot2, Cnot6, Cnot6l, Cnot7, Cnp, Cnr1, Cntd1, Cntf, Cntln, Cntn1, Cntn2, Cntn3, Cntn4, Cntn5, Cntn6, Cntnap1, Cntnap2, Cntnap4, Cntrob, Coa3, Coa4, Coa5, Coa6, Coa7, Coa8, Cobl, Cog1, Cog2, Cog3, Cog4, Cog5, Cog6, Cog7, Cog8, Coil, Col10a1, Col11a1, Col11a2, Col13a1, Col14a1, Col15a1, Col16a1, Col17a1, Col18a1, Col19a1, Col1a1, Col1a2, Col22a1, Col23a1, Col24a1, Col25a1, Col27a1, Col28a1, Col2a1, Col3a1, Col4a1, Col4a2, Col4a3, Col4a4, Col4a5, Col4a6, Col5a1, Col5a2, Col5a3, Col6a1, Col6a4, Col6a5, Col6a6, Col7a1, Col8a1, Col8a2, Col9a1, Col9a2, Col9a3, Colec10, Colec11, Colec12, Colgalt1, Colq, Commd5, Comp, Coprs, Cops5, Cops7a, Cops7b, Cops8, Coq7, Coro1a, Coro1b, Coro1c, Coro2b, Coro6, Coro7, Cotl1, Cox10, Cox14, Cox15, Cox16, Cox17, Cox18, Cox19, Cox20, Cox7a1, Cox7a2, Cox7a2l, Cpap, Cpb2, Cpeb1, Cpeb3, Cplane1, Cplane2, Cplx1, Cplx2, Cplx3, Cplx4, Cpne1, Cpne5, Cpne6, Cpne9, Cpped1, Cpsf6, Cpsf7, Cptp, Crabp2, Cracd, Crb1, Crb3, Crbn, Creb1, Creb3, Creb3l1, Creb3l2, Crebbp, Crebzf, Creg1, Crhr2, Cript, Crispld2, Crk, Crkl, Crlf3, Crmp1, Crnkl1, Crocc, Crp, Crppa, Crtac1, Crtap, Crtc1, Crtc2, Crtc3, Cryaa, Cryab, Cryz, Csde1, Csf1r, Csf2, Csf2rb, Csf3, Csgalnact1, Csk, Csmd2, Csmd3, Csnk1a1, Csnk1d, Csnk1e, Csnk1g1, Csnk1g2, Csnk1g3, Csnk2a1, Csnk2a2, Cspg4, Cspg5, Csrp1, Csrp2, Csrp3, Cst3, Cstad, Cstb, Ctbp2, Ctc1, Ctcf, Ctcfl, Ctdnep1, Ctdp1, Ctdsp1, Ctdsp2, Ctdspl, Cth, Cthrc1, Ctnna1, Ctnna2, Ctnnb1, Ctnnbip1, Ctnnd2, Ctns, Ctr9, Ctsd, Ctsg, Ctss, Cttn, Cttnbp2, Cul3, Cul4a, Cul4b, Cul7, Cul9, Cutc, Cux1, Cux2, Cwh43, Cx3cl1, Cx3cr1, Cxadr, Cxcl10, Cxcl12, Cxcl13, Cxcl16, Cxcl5, Cxcl9, Cxcr4, Cyba, Cyfip1, Cyfip2, Cylc1, Cylc2, Cyld, Cyp1b1, Cyp26b1, Cyp26c1, Cyp27b1, Cyp2j6, Cyren, Cyria, Cyrib, Cyth2, D130043K22Rik, D16Ertd472e, D1Pas1, D7Ertd443e, Daam1, Daam2, Dab1, Dab2, Dab2ip, Dact1, Dact3, Dag1, Dap3, Dapk1, Dapk2, Dapk3, Daw1, Daxx, Dazap2, Dazl, Dbn1, Dbndd2, Dbnl, Dcaf1, Dcaf13, Dcaf17, Dcbld2, Dcc, Dcdc2a, Dclk1, Dclk2, Dclk3, Dclre1b, Dclre1c, Dcn, Dcp2, Dcst1, Dcst2, Dcstamp, Dctn1, Dctn2, Dctn6, Dcun1d3, Dcun1d5, Dcx, Ddb1, Ddhd1, Ddhd2, Ddit4, Ddr1, Ddr2, Ddrgk1, Ddx1, Ddx10, Ddx11, Ddx17, Ddx18, Ddx19a, Ddx20, Ddx21, Ddx23, Ddx24, Ddx25, Ddx27, Ddx28, Ddx31, Ddx39a, Ddx39b, Ddx3x, Ddx3y, Ddx4, Ddx41, Ddx42, Ddx46, Ddx47, Ddx49, Ddx5, Ddx50, Ddx51, Ddx52, Ddx54, Ddx55, Ddx56, Ddx59, Ddx6, Dedd2, Def8, Degs1, Degs1l, Dek, Dele1, Dennd5a, Denr, Deptor, Derl2, Des, Det1, Deup1, Dffa, Dffb, Dgat1, Dgkb, Dgkd, Dgkg, Dgkq, Dgkz, Dguok, Dhcr24, Dhfr, Dhodh, Dhx15, Dhx29, Dhx30, Dhx32, Dhx33, Dhx34, Dhx36, Dhx37, Dhx40, Dhx57, Dhx58, Dhx8, Dhx9, Diaph1, Diaph2, Diaph3, Dicer1, Dimt1, Dip2a, Dip2b, Dis3, Dis3l2, Disc1, Dixdc1, Dkc1, Dkk1, Dlc1, Dleu2, Dlg1, Dlg2, Dlg4, Dlg5, Dlgap1, Dlgap3, Dlgap4, Dlgap5, Dll1, Dlx5, Dmac1, Dmac2, Dmap1, Dmc1, Dmd, Dmkn, Dmp1, Dmpk, Dmrt1, Dmrtc2, Dmtn, Dna2, Dnaaf1, Dnaaf10, Dnaaf11, Dnaaf2, Dnaaf3, Dnaaf4, Dnaaf5, Dnaaf6, Dnaaf6rt, Dnah1, Dnah17, Dnah2, Dnah5, Dnah7a, Dnah7b, Dnah7c, Dnah8, Dnai1, Dnai2, Dnai3, Dnai4, Dnaja3, Dnaja4, Dnajb1, Dnajb12, Dnajb13, Dnajb14, Dnajb2, Dnajb6, Dnajb8, Dnajc11, Dnajc13, Dnajc15, Dnajc16, Dnajc17, Dnajc2, Dnajc6, Dnajc9, Dnal1, Dnali1, Dnase1l3, Dnase2a, Dnase2b, Dnhd1, Dnlz, Dnm1, Dnm1l, Dnm2, Dnm3, Dnmbp, Dnmt1, Dnmt3a, Dnmt3b, Dnmt3l, Dnph1, Dnttip2, Doc2a, Doc2b, Doc2g, Dock1, Dock10, Dock11, Dock2, Dock4, Dock5, Dock7, Dok7, Dot1l, Dpf1, Dpf2, Dpf3, Dpp4, Dppa1, Dppa2, Dppa3, Dpt, Dpy30, Dpysl2, Dpysl3, Dpysl5, Dqx1, Dr1, Draxin, Drc1, Drc7, Drd1, Drd2, Drd3, Drd4, Dreh, Drg1, Drgx, Drosha, Drp2, Dsc1, Dscam, Dscaml1, Dscc1, Dsg2, Dsg3, Dsp, Dspp, Dst, Dstn, Dstyk, Dtnbp1, Dtx3l, Dubr, Dusp1, Dusp10, Dusp12, Dusp13a, Dusp13b, Dusp14, Dusp15, Dusp18, Dusp19, Dusp2, Dusp21, Dusp22, Dusp23, Dusp26, Dusp28, Dusp29, Dusp3, Dusp4, Dusp6, Dusp7, Dusp8, Dut, Dvl1, Dvl2, Dvl3, Dym, Dync1h1, Dync1i2, Dync1li1, Dync1li2, Dync2h1, Dync2i1, Dync2i2, Dync2li1, Dynll1, Dynlt1a, Dynlt1b, Dynlt1c, Dynlt1f, Dynlt2b, Dyrk1a, Dyrk1b, Dyrk2, Dyrk3, Dyrk4, Dysf, Dzip1, Dzip1l, E2f4, E2f5, Eaf2, Ebna1bp2, Ece1, Ecm2, Ecpas, Ect2, Edc3, Edn1, Edn2, Edn3, Ednra, Eea1, Eed, Eef1akmt1, Eef1akmt2, Eef1akmt3, Eef2k, Eef2kmt, Efcab11, Efemp1, Efemp2, Efhc1, Efhc2, Efhd1, Efl1, Efna1, Efna2, Efna3, Efna4, Efna5, Efnb1, Efnb2, Efnb3, Efr3a, Egf, Egfl6, Egflam, Egfr, Egln1, Egr1, Egr2, Ehbp1l1, Ehd1, Ehd2, Ehd3, Ehd4, Ehmt1, Ehmt2, Ei24, Eid2, Eif1a, Eif1ax, Eif2a, Eif2ak1, Eif2ak2, Eif2ak3, Eif2ak4, Eif2b2, Eif2d, Eif2s1, Eif2s2, Eif2s3x, Eif2s3y, Eif3a, Eif3b, Eif3c, Eif3d, Eif3e, Eif3f, Eif3g, Eif3h, Eif3i, Eif3j1, Eif3j2, Eif3k, Eif3l, Eif3m, Eif4a1, Eif4a2, Eif4a3, Eif4b, Eif4e2, Eif4ebp1, Eif4enif1, Eif4g1, Eif4g2, Eif4g3, Eif4h, Eif5, Eif5a, Eif5a2, Eif5b, Eif6, Elac1, Elapor1, Elavl1, Elavl2, Elavl4, Elf3, Elfn1, Elfn2, Elmo1, Elmo2, Elmo3, Elmod1, Elmod3, Eln, Elp2, Elp6, Emb, Emc1, Emc10, Emc2, Emc3, Emc4, Emc6, Emc7, Emc8, Emc9, Emd, Eme1, Eme2, Emg1, Emilin1, Eml1, Eml2, Eml3, Eml4, Emp1, Emp2, Emp3, Emsy, Emx1, Emx2, Enah, Enc1, Endog, Eng, Enkd1, Eno1, Eno1b, Eno4, Enpp1, Enpp2, Enpp7, Entpd1, Entpd7, Entr1, Eny2, Eomes, Ep300, Ep400, Epas1, Epb41, Epb41l1, Epb41l2, Epb41l3, Epb41l4a, Epb41l4b, Epb41l5, Epc1, Epc2, Epg5, Epgn, Epha1, Epha10, Epha2, Epha3, Epha4, Epha5, Epha6, Epha7, Epha8, Ephb1, Ephb2, Ephb3, Ephb4, Ephb6, Epm2a, Epn1, Epn2, Epo, Epop, Epor, Eppk1, Eps15, Eps8, Eps8l1, Eps8l2, Eps8l3, Eqtn, Eral1, Erbb2, Erbb4, Erc1, Erc2, Ercc1, Ercc2, Ercc3, Ercc4, Ercc6, Ercc6l, Ereg, Eri1, Erich3, Ermn, Ern1, Ern2, Ero1a, Ero1b, Esam, Esco1, Esco2, Esf1, Espl1, Espn, Espnl, Esr1, Esyt1, Esyt2, Esyt3, Etf1, Etnppl, Ets1, Etv1, Etv4, Etv5, Etv6, Evi5l, Evl, Evpl, Evx1, Exoc1, Exoc2, Exoc3, Exoc4, Exoc5, Exoc6, Exoc6b, Exoc7, Exoc8, Exog, Exosc1, Exosc10, Exosc2, Exosc3, Exosc4, Exosc5, Exosc6, Exosc7, Exosc8, Exosc9, Ext1, Extl3, Eya1, Eya2, Eya3, Eya4, Ezh1, Ezh2, Ezhip, Ezr, F11r, F2, F2r, F2rl1, F830016B08Rik, Fa2h, Fadd, Faf1, Faf2, Fam107a, Fam110a, Fam110c, Fam149b, Fam161a, Fam161b, Fam162a, Fam168b, Fam171a1, Fam174b, Fam209, Fam20c, Fam3a, Fam47c, Fam47e, Fam50a, Fam50b, Fam83h, Fam91a1, Fam98a, Fanca, Fancd2, Fancg, Fancm, Fap, Farp1, Farp2, Farsa, Farsb, Fas, Fasl, Fastkd2, Fastkd3, Fat1, Fat3, Fat4, Fau, Fbf1, Fbh1, Fbl, Fblim1, Fbll1, Fbln1, Fbln5, Fbp1, Fbxl19, Fbxl2, Fbxo24, Fbxo30, Fbxo31, Fbxo38, Fbxo4, Fbxo43, Fbxo45, Fbxo5, Fbxo7, Fbxw11, Fbxw5, Fbxw7, Fbxw8, Fcer1g, Fcf1, Fcgr1, Fcgr2b, Fcgr3, Fcho1, Fcho2, Fchsd1, Fchsd2, Fcnb, Fdps, Fdx2, Fdxacb1, Fech, Fen1, Fendrr, Fer, Fer1l4, Fer1l5, Fer1l6, Fermt1, Fermt2, Fermt3, Fes, Fez1, Fez2, Fezf1, Fezf2, Fga, Fgb, Fgd1, Fgd2, Fgd3, Fgd4, Fgf10, Fgf13, Fgf22, Fgf7, Fgf8, Fgfr1, Fgfr2, Fgfr3, Fgfr4, Fgg, Fgr, Fhdc1, Fhip1b, Fhl1, Fhl3, Fhod1, Fhod3, Fig4, Fignl1, Fignl2, Filip1, Fis1, Fitm1, Fitm2, Fkbp10, Fkbp1b, Fkbp4, Fkbp6, Fkrp, Fktn, Flcn, Flg, Flicr, Flii, Flna, Flnb, Flnc, Flot1, Flrt1, Flrt2, Flrt3, Flt1, Flt3, Flt3l, Flt4, Fmc1, Fmn1, Fmn2, Fmnl1, Fmnl2, Fmnl3, Fmr1, Fn1, Fnbp1l, Fnip1, Fnip2, Fnta, Folr1, Folr2, Fosl1, Foxa1, Foxa2, Foxa3, Foxb1, Foxc1, Foxc2, Foxd1, Foxf1, Foxf2, Foxg1, Foxj1, Foxj2, Foxj3, Foxk1, Foxl2, Foxo6, Foxp1, Foxp3, Foxred1, Fpr-rs3, Fpr-rs4, Fpr-rs6, Fpr-rs7, Fpr2, Frey1, Frg1, Frk, Frmd3, Frmd5, Frmd7, Frmpd2, Frmpd4, Frrs1l, Fry, Fryl, Frzb, Fsaf1, Fscn1, Fscn2, Fscn3, Fsd1, Fshr, Fsip1, Fsip2, Fstl4, Ftcd, Ftsj3, Ftx, Fundc1, Fus, Fut9, Fuz, Fxn, Fxr1, Fyco1, Fyn, Fzd1, Fzd10, Fzd3, Fzd4, Fzd5, Fzd9, Fzr1, G3bp1, G3bp2, G6pd2, G6pdx, Gaa, Gabarap, Gabarapl1, Gabarapl2, Gabpb1, Gabra1, Gabra2, Gabra3, Gabra4, Gabra5, Gabra6, Gabrb2, Gabrb3, Gabre, Gabrg1, Gabrg2, Gabrg3, Gadd45a, Gak, Galnt11, Galr2, Gan, Gap43, Gapdh, Gapdhrt, Gapdhrt2, Gar1, Garem2, Garin1a, Garin1b, Garin2, Garin3, Garin4, Garin5a, Garin5b, Gas1, Gas2, Gas2l1, Gas2l2, Gas2l3, Gas6, Gas7, Gas8, Gata2, Gata3, Gata5, Gatad1, Gatad2a, Gatad2b, Gba1, Gba2, Gbf1, Gbp2, Gbp2b, Gbp5, Gbx1, Gbx2, Gcc2, Gcfc2, Gch1, Gchfr, Gclc, Gclm, Gcm1, Gcn1, Gda, Gdap1, Gdf15, Gdf2, Gdf7, Gdf9, Gdi1, Gdi2, Gdnf, Gdpd2, Gdpd5, Gem, Gemin2, Gemin4, Gemin5, Gemin6, Gemin6-ps, Gemin7, Gemin8, Gen1, Get1, Get3, Get4, Gfap, Gfi1, Gfm2, Gfod2, Gfra1, Gfra3, Gfy, Ggct, Ggn, Ggnbp1, Ghitm, Ghrl, Ghsr, Gigyf2, Gimap3, Gimap5, Git1, Gja1, Gja10, Gja5, Gjb2, Gjb6, Gjc1, Gjd3, Gk2, Gkn2, Gla, Glce, Gldc, Gldn, Gli2, Gli3, Glipr1l1, Glmn, Glra3, Glrb, Glrx3, Glrx5, Gls, Gltp, Gltpd2, Glul, Glyr1, Gm10662, Gm10668, Gm12185, Gm12250, Gm14137, Gm20379, Gm38999, Gm44504, Gm4513, Gm4841, Gm4922, Gm5157, Gm5414, Gm5431, Gm5478, Gm5890, Gm6176, Gm6882, Gm7168, Gm773, Gmfb, Gmfg, Gmnc, Gmnn, Gna13, Gnai1, Gnai3, Gnas, Gnasas1, Gnb3, Gng4, Gnl2, Gnl3, Gnl3l, Gnmt, Gnpat, Gnptab, Golga2, Golga4, Golga5, Golm1, Golph3, Golph3l, Gopc, Gorab, Gorasp1, Gorasp2, Gosr1, Gosr2, Gpaa1, Gpbar1, Gpc1, Gpc2, Gpc3, Gpc4, Gper1, Gphn, Gpihbp1, Gpm6a, Gpm6b, Gpr143, Gpr156, Gpr158, Gpr22, Gpr3, Gpr35, Gpr37, Gpr65, Gprc5b, Gprin1, Gprin2, Gprin3, Gpsm1, Gpsm2, Gpx1, Gpx4, Gramd2a, Grb2, Grb7, Grcc10, Grem1, Grhl1, Grhl2, Grhl3, Gria1, Gria2, Gria3, Grid1, Grid2, Grid2ip, Grik5, Grin1, Grin2a, Grin2b, Grin3a, Grin3b, Grip1, Grip2, Gripap1, Grm5, Grm6, Grm7, Grn, Grwd1, Grxcr1, Grxcr2, Gsdma3, Gsdmd, Gsg1l, Gsk3a, Gsk3b, Gsn, Gspt1, Gspt2, Gtf2a1, Gtf2a2, Gtf2b, Gtf2f2, Gtf2h5, Gtf3a, Gtf3c4, Gtpbp10, Gtpbp2, Gtpbp4, Gulp1, H19, H1f0, H1f1, H1f10, H1f2, H1f3, H1f4, H1f5, H1f6, H1f7, H1f8, H1f9, H2-Aa, H2-Ab1, H2-D1, H2-DMa, H2-DMb1, H2-DMb2, H2-Ea, H2-Eb1, H2-Eb2, H2-K1, H2-M3, H2-Oa, H2-Ob, H2ab1, H2ab2, H2ab3, H2ac1, H2ac10, H2ac11, H2ac12, H2ac13, H2ac15, H2ac19, H2ac20, H2ac21, H2ac22, H2ac23, H2ac24, H2ac25, H2ac4, H2ac6, H2ac7, H2ac8, H2aj, H2al1a, H2al1b, H2al1e, H2al1f, H2al1j, H2al1k, H2al1m, H2al1n, H2al1o, H2al2a, H2al2b, H2al3, H2ap, H2ax, H2az1, H2az2, H2bc1, H3f3a, H3f3b, H3f3c, H3f5, H4c14, Habp4, Hacd1, Hace1, Hacl1, Hamp, Hamp2, Hap1, Hapln2, Hapln4, Has1, Has2, Has3, Haspin, Hat1, Haus1, Haus2, Haus3, Haus4, Haus5, Haus6, Haus7, Haus8, Havcr1, Hax1, Hbegf, Hbs1l, Hccs, Hcfc1, Hcfc2, Hck, Hcls1, Hcn1, Hdac1, Hdac10, Hdac11, Hdac2, Hdac3, Hdac4, Hdac5, Hdac6, Hdac7, Hdac8, Hdac9, Hdgf, Hdgfl1, Hdgfl2, Hdgfl3, Heatr1, Heatr3, Hecw1, Hecw2, Heg1, Helb, Hells, Helq, Helz2, Hemk1, Hepacam2, Herc1, Hes1, Hes5, Hexa, Hexb, Hey1, Hey2, Hfe, Hfm1, Hgf, Hgs, Hgsnat, Hhex, Hif1a, Higd1a, Higd1b, Higd1c, Higd2a, Hikeshi, Hip1, Hip1r, Hipk1, Hipk2, Hipk3, Hipk4, Hira, Hirip3, Hjurp, Hk2, Hltf, Hmbox1, Hmcn1, Hmcn2, Hmg20a, Hmg20b, Hmga1, Hmga2, Hmgb1, Hmgb2, Hmgb3, Hmgcl, Hmgn1, Hmgn2, Hmgn3, Hmgn5, Hnf1a, Hnf1b, Hnf4a, Hnrnpa2b1, Hnrnpc, Hnrnpd, Hnrnpk, Hnrnpm, Hnrnpu, Hoatz, Homer1, Hook1, Hook2, Hook3, Hopx, Hormad1, Hormad2, Hotair, Hoxa1, Hoxa13, Hoxa2, Hp1bp3, Hpca, Hpf1, Hpn, Hprt1, Hps1, Hps3, Hps4, Hps5, Hps6, Hpse2, Hr, Hras, Hrg, Hrk, Hrnr, Hscb, Hsd17b1, Hsd17b10, Hsd17b12, Hsd17b8, Hsd3b7, Hsf1, Hsf2bp, Hsf5, Hsp90aa1, Hsp90ab1, Hsp90b1, Hspa1a, Hspa1b, Hspa2, Hspa4, Hspa5, Hspa8, Hspa9, Hspb1, Hspd1, Hspg2, Hsph1, Htatsf1, Htr1a, Htr4, Htr7, Htra2, Htt, Hunk, Hus1, Hus1b, Huwe1, Hyal1, Hyal2, Hyal5, Hydin, Hyls1, Hymai, Iapp, Iba57, Ibsp, Ica1, Icam1, Icam5, Ice1, Id1, Idua, Ier3, Ier3ip1, Ifi203, Ifi203-ps, Ifi206, Ifi207, Ifi208, Ifi209, Ifi213, Ifi214, Ifi27, Ifi27l2a, Ifi27l2b, Ifi47, Ifih1, Ifnb1, Ifng, Ifrd1, Ift122, Ift140, Ift172, Ift20, Ift22, Ift25, Ift27, Ift43, Ift46, Ift52, Ift56, Ift57, Ift70a1, Ift70a2, Ift70b, Ift74, Ift80, Ift81, Ift88, Igf1, Igf1r, Igf2, Igf2bp1, Igfals, Igfbp1, Igfbp3, Igfbp4, Igfbp5, Igfbp7, Igfbpl1, Igh-8, Ighg1, Ighg2a, Ighg2b, Ighm, Ighmbp2, Igsf11, Igsf21, Igsf9, Igsf9b, Igtp, Ihh, Iho1, Iigp1, Iigp1c, Ik, Ikbkb, Ikbke, Ikbkg, Ikzf1, Ikzf4, Il10, Il10ra, Il15, Il15ra, Il17a, Il1a, Il1b, Il1rap, Il1rapl1, Il1rapl2, Il2, Il2rb, Il2rg, Il3, Il36g, Il4, Il4ra, Il5, Il6, Il7r, Il9, Il9r, Ildr1, Ilk, Ilkap, Immp2l, Immt, Imp3, Imp4, Impact, Impg1, Impg2, Ina, Inava, Incenp, Inf2, Ing2, Ing3, Ing4, Ing5, Inhba, Ino80, Ino80b, Ino80c, Ino80d, Ino80e, Inpp5e, Inpp5f, Inpp5j, Inpp5k, Inppl1, Ins1, Ins2, Insc, Insig1, Insm1, Insr, Insrr, Insyn1, Ints13, Intu, Ip6k2, Ipo4, Ipo9, Iqcb1, Iqcg, Iqgap1, Iqgap2, Iqgap3, Iqschfp, Iqsec1, Iqsec2, Iqsec3, Iqub, Irag2, Irak1, Irak3, Irak4, Irf4, Irgm1, Irgm2, Irx3, Isca1, Isca2, Iscu, Isg15, Isg20, Isg20l2, Isl1, Isl2, Islr2, Ist1, Isy1, Itga1, Itga2, Itga3, Itga4, Itga5, Itga6, Itga8, Itgam, Itgav, Itgb1, Itgb1bp1, Itgb1bp2, Itgb2, Itgb3, Itgb3bp, Itgb4, Itgb5, Itih1, Itk, Itlnb, Itm2c, Itpa, Itpka, Itpr1, Itpr3, Itsn1, Itsn2, Iws1, Izumo1, Izumo1r, Izumo3, Jade1, Jade2, Jade3, Jagn1, Jak1, Jak2, Jak3, Jam3, Jarid2, Jchain, Jdp2, Jhy, Jmjd1c, Jmjd4, Jmjd6, Jmy, Jpx, Jtb, Jun, Jup, Kalrn, Kank1, Kank2, Kank3, Kank4, Kansl1, Kansl2, Kansl3, Kash5, Kat14, Kat2a, Kat2b, Kat5, Kat6a, Kat6b, Kat7, Kat8, Katna1, Katnal1, Katnal2, Katnb1, Katnbl1, Kazald1, Kbtbd13, Kcna1, Kcna10, Kcna2, Kcna3, Kcna4, Kcna5, Kcna6, Kcna7, Kcnb1, Kcnb2, Kcnc1, Kcnc2, Kcnc3, Kcnc4, Kcnd1, Kcnd2, Kcnd3, Kcne1, Kcnf1, Kcng1, Kcng3, Kcng4, Kcnip2, Kcnj10, Kcnj12, Kcnj2, Kcnj8, Kcnk13, Kcnma1, Kcnn4, Kcnq1, Kcnq1ot1, Kcnq2, Kcnq3, Kcnrg, Kcns1, Kcns2, Kcns3, Kcnt1, Kcnv1, Kcnv2, Kctd1, Kctd10, Kctd11, Kctd12, Kctd13, Kctd15, Kctd16, Kctd17, Kctd19, Kctd2, Kctd21, Kctd3, Kctd4, Kctd5, Kctd6, Kctd7, Kctd8, Kctd9, Kdm1a, Kdm1b, Kdm2a, Kdm2b, Kdm3a, Kdm3b, Kdm4a, Kdm4b, Kdm4c, Kdm4d, Kdm5a, Kdm5b, Kdm5c, Kdm5d, Kdm6a, Kdm6b, Kdm7a, Kdm8, Kdr, Kel, Khdc3, Khdc4, Kidins220, Kif11, Kif13a, Kif13b, Kif14, Kif15, Kif17, Kif18a, Kif18b, Kif19a, Kif1a, Kif20a, Kif20b, Kif21a, Kif22, Kif23, Kif24, Kif26a, Kif27, Kif28, Kif2a, Kif2b, Kif2c, Kif3a, Kif3b, Kif3c, Kif4, Kif5a, Kif5b, Kif5c, Kif9, Kifap3, Kifbp, Kifc1, Kifc2, Kifc3, Kifc5b, Kirrel1, Kirrel3, Kiss1r, Kit, Kiz, Klc1, Klc3, Klf1, Klf2, Klf4, Klf5, Klf7, Klhdc10, Klhdc8b, Klhl1, Klhl12, Klhl17, Klhl22, Klhl24, Klhl41, Klk4, Klk5, Klk6, Klk8, Kmt2a, Kmt2b, Kmt2c, Kmt2d, Kmt2e, Kmt5a, Kmt5b, Kmt5c, Kndc1, Knl1, Knstrn, Kntc1, Kpna7, Kpnb1, Kptn, Kras, Kremen1, Kri1, Krit1, Krr1, Krt1, Krt10, Krt12, Krt13, Krt14, Krt15, Krt16, Krt17, Krt18, Krt19, Krt2, Krt20, Krt23, Krt24, Krt25, Krt26, Krt27, Krt28, Krt31, Krt32, Krt33a, Krt33b, Krt34, Krt35, Krt36, Krt39, Krt4, Krt40, Krt42, Krt5, Krt6a, Krt6b, Krt7, Krt71, Krt72, Krt73, Krt74, Krt75, Krt76, Krt77, Krt78, Krt79, Krt8, Krt80, Krt81, Krt82, Krt83, Krt84, Krt85, Krt86, Krt87, Krt9, Krt90, Ksr1, Ksr2, Kxd1, Ky, L1cam, L3mbtl1, L3mbtl2, L3mbtl3, L3mbtl4, Lama1, Lama2, Lama3, Lama5, Lamb1, Lamb2, Lamb3, Lamc1, Lamc2, Lamc3, Lamp1, Lamp2, Lamtor1, Lamtor2, Lamtor4, Lamtor5, Laptm4b, Laptm5, Large1, Larp4, Lars1, Las1l, Lat, Lats1, Lats2, Lbp, Lbr, Lca5, Lca5l, Lcat, Lck, Lcmt1, Lcn2, Lcor, Lcp1, Ldaf1, Ldah, Ldb1, Ldb2, Ldb3, Ldlr, Ldlrap1, Lefty1, Lemd2, Lemd3, Letm1, Letm2, Letmd1, Lgals1, Lgals3, Lgi1, Lgi2, Lgmn, Lgr4, Lhfpl4, Lhfpl5, Lhx1, Lhx2, Lhx3, Lhx4, Lhx9, Liat1, Lichi, Lif, Lifr, Lig3, Lig4, Lima1, Limch1, Limd1, Limd2, Limk1, Limk2, Lims1, Lims2, Lin54, Lin7a, Lin7b, Lin7c, Lingo1, Lingo2, Lingo4, Lipa, Lipc, Lipg, Lix1, Lix1l, Llcfc1, Llgl1, Llgl2, Llph, Lman1, Lman2, Lmna, Lmnb1, Lmnb2, Lmo4, Lmod1, Lmod2, Lmod3, Lmtk2, Lmtk3, Lmx1a, Lmx1b, Lncbate1, Lnpk, Lnx1, Lonp1, Lonp2, Loricrin, Lox, Loxl1, Loxl2, Loxl3, Loxl4, Lpar1, Lpar3, Lpcat2, Lpcat3, Lpin1, Lpl, Lrba, Lrch3, Lrch4, Lrfn1, Lrfn2, Lrfn3, Lrfn4, Lrfn5, Lrguk, Lrif1, Lrig2, Lrit3, Lrp1, Lrp12, Lrp2, Lrp4, Lrp5, Lrp6, Lrp8, Lrpap1, Lrrc23, Lrrc24, Lrrc4, Lrrc4b, Lrrc4c, Lrrc56, Lrrc61, Lrrc7, Lrrc78, Lrrc8a, Lrrc8c, Lrrc8d, Lrrc8e, Lrrk1, Lrrk2, Lrrn1, Lrrn3, Lrrtm1, Lrrtm2, Lrrtm3, Lrrtm4, Lrsam1, Lrtm1, Lrtm2, Lrwd1, Lsg1, Lsm11, Lsm14a, Lsm14b, Lsm2, Lsm3, Lsm4, Lsm6, Lsp1, Lsr, Lst1, Ltbp2, Ltbp4, Ltk, Ltn1, LTO1, Ltv1, Luc7l, Luc7l2, Luc7l3, Lurap1, Luzp1, Lyar, Lyn, Lypd10, Lypd11, Lyrm2, Lyrm4, Lyrm7, Lyset, Lysmd3, Lyst, Lyzl4, Lyzl6, Lzts1, Lzts2, Lzts3, M1ap, Macf1, Macir, Macroh2a1, Macroh2a2, Mad1l1, Mad2l1, Mad2l1bp, Mad2l2, Maea, Mael, Mafb, Mag, Magel2, Magi2, Maip1, Majin, Mak, Mak16, Mal, Malat1, Malsu1, Man2a1, Mansc4, Map10, Map1a, Map1b, Map1lc3a, Map1lc3b, Map1s, Map2, Map2k1, Map2k2, Map2k3, Map2k4, Map2k5, Map2k6, Map2k7, Map3k1, Map3k13, Map3k19, Map3k20, Map3k4, Map3k7, Map4, Map4k1, Map4k2, Map4k3, Map4k4, Map4k5, Map6, Map6d1, Map7, Map7d1, Map7d2, Map7d3, Map9, Mapk1, Mapk14, Mapk15, Mapk3, Mapk6, Mapk8, Mapk8ip2, Mapk8ip3, Mapk9, Mapkap1, Mapkapk2, Mapkapk3, Mapkapk5, Mapre1, Mapre2, Mapre3, Mapt, Marchf5, Marchf7, Marcks, Marcksl1, Marco, Marf1, Mark1, Mark2, Mark3, Mark4, Marveld2, Marveld3, Mast1, Mast2, Mast3, Mast4, Mastl, Mat1a, Mat2a, Matk, Matn1, Matn2, Matn3, Matn4, Mau2, Mavs, Max, Mbd1, Mbd2, Mbd3, Mbd3l1, Mbd3l2, Mbl1, Mbl2, Mbnl1, Mboat1, Mbp, Mbtd1, Mbtps1, Mcat, Mcf2, Mcidas, Mcl1, Mcm2, Mcm3, Mcm3ap, Mcm4, Mcm5, Mcm6, Mcm7, Mcm8, Mcm9, Mcmbp, Mcmdc2, Mcoln1, Mcph1, Mcrs1, Mctp1, Mcts1, Mcts2, Mcu, Mdc1, Mdga1, Mdga2, Mdk, Mdm1, Mdm2, Mdm4, Mdn1, Mdp1, Me1, Meaf6, Mecom, Mecp2, Med1, Med10, Med11, Med14, Med15, Med16, Med17, Med18, Med19, Med20, Med21, Med22, Med23, Med24, Med25, Med26, Med27, Med28, Med29, Med30, Med31, Med4, Med6, Med7, Med8, Med9, Mef2a, Mef2c, Mefv, Meg3, Megf10, Megf8, Megf9, Mei1, Mei4, Meig1, Meikin, Meiob, Meioc, Meiosin, Melk, Meltf, Men1, Mertk, Mesd, Met, Metrn, Mettl15, Mettl16, Mettl17, Mettl18, Mettl21a, Mettl22, Mettl23, Mettl3, Mettl4, Mettl5, Mettl8, Mex3b, Mexis, Mfap4, Mfap5, Mff, Mfn1, Mfn2, Mfsd14a, Mfsd2a, Mfsd8, Mgarp, Mgll, Mgme1, Mgp, Mgrn1, Mhrt, Mia, Mia3, Mib1, Mical1, Mical2, Mical3, Micall1, Micall2, Micos10, Micos13, Micu1, Mid1, Mid1ip1, Mief1, Mief2, Mien1, Mier1, Mif, Miga1, Miga2, Minar1, Minar2, Mink1, Mios, Mip, Mir124a-1, Mir124a-2, Mir124a-3, Mir127, Mir129-2, Mir132, Mir133a-1hg, Mir136, Mir155, Mir200a, Mir200b, Mir200c, Mir205, Mir208b, Mir212, Mir21a, Mir34b, Mir34c, Mir351, Mir376a, Mir449a, Mir449b, Mir449c, Mir467a-1, Mir467a-10, Mir467a-2, Mir467a-3, Mir467a-4, Mir467a-5, Mir467a-6, Mir467a-7, Mir467a-8, Mir467a-9, Mir539, Mir668, Mir696, Mir744, Mir9-1, Mir9-2, Mir9-3, Mirg, Mis12, Mis18a, Misfa, Misp, Mitd1, Mitf, Mki67, Mkks, Mkln1, Mknk1, Mknk2, Mks1, Mkx, Mlh1, Mlh3, Mlkl, Mllt11, Mllt3, Mllt6, Mlst8, Mmgt1, Mmp10, Mmp11, Mmp12, Mmp13, Mmp14, Mmp15, Mmp16, Mmp17, Mmp19, Mmp1a, Mmp1b, Mmp2, Mmp20, Mmp21, Mmp23, Mmp24, Mmp25, Mmp27, Mmp28, Mmp3, Mmp7, Mmp8, Mmp9, Mms22l, Mnd1, Mndal, Mns1, Mnx1, Moap1, Mob2, Mobp, Morc1, Morc2a, Morc2b, Morf4l1, Morf4l2, Mos, Mospd2, Mov10, Mov10l1, Mpdz, Mphosph10, Mphosph6, Mphosph8, Mphosph9, Mpo, Mpp2, Mpp7, Mpv17, Mpv17l, Mpv17l2, Mpz, Mpzl3, Mre11a, Mreg, Mrgbp, Mrm1, Mrm2, Mrm3, Mrpl10, Mrpl15, Mrpl17, Mrpl39, Mrpl58, Mrps2, Mrps7, Mrrf, Mrtfa, Mrtfb, Mrto4, Ms4a1, Msh2, Msh3, Msh4, Msh5, Msl1, Msl2, Msl3, Msn, Msr1, Msrb1, Msrb2, Mst1, Mst1r, Mstn, Msto1, Msx1, Msx2, mt-Co3, mt-Nd1, mt-Nd2, mt-Nd4, mt-Nd5, mt-Nd6, mt-Rnr1, mt-Rnr2, Mt3, Mta1, Mta2, Mta3, Mtbp, Mtch1, Mtch2, Mtcl1, Mterf1a, Mterf1b, Mterf3, Mterf4, Mtf2, Mtfp1, Mtfr1, Mtfr1l, Mtfr2, Mthfr, Mtif2, Mtif3, Mtln, Mtm1, Mtmr2, Mtmr3, Mtmr4, Mtnap1, Mtor, Mtpn, Mtr, Mtres1, Mtrex, Mtrf1, Mtrf1l, Mtrfr, Mtss1, Mtss2, Mttp, Mtx1, Mtx2, Mtx3, Muc3a, Mul1, Mup1, Mup11, Mup2, Mup3, Mup4, Mup5, Mus81, Musk, Mx2, Myadm, Mybbp1a, Mybl1, Mybl2, Mybpc1, Mybpc2, Mybpc3, Mybph, Myc, Mycbp2, Mycn, Myd88, Myf5, Myg1, Myh10, Myh11, Myh14, Myh2, Myh6, Myh9, Myl2, Myl9, Mylip, Mylk, Mylk3, Mylk4, Mymk, Mymx, Myo10, Myo15a, Myo16, Myo18a, Myo18b, Myo19, Myo1a, Myo1b, Myo1c, Myo1d, Myo1e, Myo1f, Myo1g, Myo1h, Myo3a, Myo3b, Myo5a, Myo5b, Myo5c, Myo6, Myo7a, Myo7b, Myo9a, Myo9b, Myoc, Myocd, Myod1, Myof, Myog, Myom1, Myom2, Myom3, Myoparr, Myot, Myoz1, Myoz2, Mypn, Myrf, Mysm1, Mzb1, Mzt1, N6amt1, Naa10, Naa20, Naa25, Naa40, Naa50, Naa60, Naa80, Nabp2, Nacc2, Nae1, Naf1, Naglu, Naif1, Nanos1, Nanos2, Nap1l1, Nap1l2, Nap1l3, Nap1l4, Nap1l5, Napa, Napb, Nasp, Nat10, Nat8f3, Nat8f7, Nav1, Nav3, Naxe, Nbdy, Nbea, Nbeal2, Nbl1, Nbn, Ncam1, Ncam2, Ncan, Ncapd2, Ncapd3, Ncapg, Ncapg2, Ncaph, Ncaph2, Ncbp1, Ncdn, Nck1, Nck2, Nckap1, Nckap1l, Nckap5, Nckap5l, Nckipsd, Ncl, Ncln, Ncmap, Ncoa1, Ncoa3, Ncoa6, Ncor1, Ncor2, Ncs1, Ndc1, Ndc80, Nde1, Ndel1, Ndn, Ndnf, Ndor1, Ndp, Ndrg1, Ndrg4, Ndufa1, Ndufa10, Ndufa11, Ndufa11b, Ndufa12, Ndufa13, Ndufa2, Ndufa3, Ndufa5, Ndufa6, Ndufa8, Ndufa9, Ndufab1, Ndufab1-ps, Ndufaf1, Ndufaf2, Ndufaf3, Ndufaf4, Ndufaf5, Ndufaf6, Ndufaf7, Ndufaf8, Ndufb1, Ndufb10, Ndufb11, Ndufb11b, Ndufb2, Ndufb3, Ndufb4, Ndufb4b, Ndufb4c, Ndufb5, Ndufb6, Ndufb7, Ndufb8, Ndufb9, Ndufc1, Ndufc2, Ndufs1, Ndufs2, Ndufs3, Ndufs4, Ndufs5, Ndufs6, Ndufs7, Ndufs8, Neat1, Neb, Nebl, Necab2, Nectin1, Nectin2, Nectin3, Nedd1, Nedd4, Nedd4l, Nedd8, Nedd9, Nefh, Nefl, Nefm, Negr1, Nek1, Nek10, Nek11, Nek2, Nek3, Nek4, Nek5, Nek6, Nek7, Nek8, Nek9, Nell2, Nemf, Nemp1, Neo1, Nepn, Nes, Neu1, Neu3, Neu4, Neurl1a, Neurl2, Neurl4, Neurod1, Neurod2, Neurod4, Neurod6, Neurog1, Neurog2, Neurog3, Nexn, Nf1, Nf2, Nfasc, Nfat5, Nfatc2, Nfatc4, Nfe2, Nfe2l1, Nfe2l2, Nfia, Nfib, Nfix, Nfkb2, Nfkbiz, Nfrkb, Nfs1, Nfu1, Ngb, Ngdn, Ngef, Ngf, Ngfr, Ngrn, Nherf1, Nhp2, Nid1, Nim1k, Nin, Ninj1, Ninl, Nip7, Nipbl, Nipsnap2, Nisch, Nkd2, Nkx2-1, Nkx2-5, Nkx2-9, Nkx6-1, Nle1, Nlgn1, Nlgn2, Nlgn3, Nlgn4l, Nlrc3, Nlrc4, Nlrp1a, Nlrp1b, Nlrp3, Nlrp4f, Nlrp5, Nlrp6, Nmd3, Nme1, Nme2, Nme3, Nme5, Nme6, Nme7, Nme8, Nmnat1, Noa1, Nob1, Noc2l, Noc4l, Noct, Nod2, Nog, Nol10, Nol11, Nol3, Nol6, Nol7, Nol8, Nol9, Nolc1, Nom1, Nomo1, Nop10, Nop14, Nop16, Nop2, Nop53, Nop56, Nop58, Nop9, Nopchap1, Norad, Nos1ap, Notch1, Notch3, Noto, Nova2, Nox1, Nox4, Noxo1, Npas4, Npc1, Nphp1, Nphp3, Nphp4, Nphs1, Nphs2, Nploc4, Npm1, Npm2, Npm3, Npnt, Nppa, Nppb, Nppc, Npr2, Nptn, Nptx1, Nptxr, Npy, Nr1h2, Nr1h3, Nr1h4, Nr2e1, Nr2f1, Nr3c1, Nr4a1, Nr4a2, Nr4a3, Nrap, Nrcam, Nrdc, Nrde2, Nrep, Nrf1, Nrg1, Nrg2, Nrg3, Nrk, Nrn1, Nrn1l, Nrp1, Nrp2, Nrtn, Nrxn1, Nrxn2, Nrxn3, Nsa2, Nsd1, Nsd2, Nsd3, Nsf, Nsfl1c, Nsg1, Nsg2, Nsl1, Nsmce2, Nsmf, Nsun3, Nsun4, Nsun5, Nsun7, Ntf3, Ntf5, Ntm, Ntmt1, Ntn1, Ntn3, Ntn4, Ntn5, Ntng1, Ntng2, Ntpcr, Ntrk1, Ntrk2, Ntrk3, Nuak1, Nuak2, Nubp1, Nubp2, Nubpl, Nucks1, Nudc, Nudcd3, Nudt16, Nudt21, Nudt5, Nuf2, Nufip1, Numa1, Numb, Numbl, Nup107, Nup133, Nup153, Nup155, Nup205, Nup210, Nup35, Nup54, Nup62, Nup85, Nup88, Nup93, Nup98, Nupr1, Nusap1, Nvl, Nyap1, Nyap2, Oas1a, Oas1b, Oas1c, Oas1d, Oas1e, Oas1f, Oas1g, Oas1h, Obox4, Obscn, Obsl1, Oca2, Ocel1, Ocln, Ocrl, Ocstamp, Odad1, Odad2, Odad3, Odad4, Odam, Odf2, Odf2l, Ofd1, Oga, Ogfod1, Ogg1, Ogt, Oip5, Olfm1, Olfml2a, Olfml2b, Olig1, Olig2, Olig3, Oma1, Omg, Onecut1, Onecut2, Ooep, Opa1, Opa3, Ophn1, Oprd1, Optc, Optn, Or10a4, Or8a1b, Orc4, Ormdl1, Ormdl2, Ormdl3, Osbp, Osbpl2, Osbpl5, Osbpl8, Osgin1, Osgin2, Osm, Ostn, Otof, Otog, Otogl, Otol1, Otud6b, Otx2, Oxa1l, Oxsr1, Oxt, Oxtr, P2rx2, P2rx3, P2rx7, P2ry12, P2ry2, P3h1, P3h4, P4ha1, P4ha3, Pa2g4, Pabir1, Pabpc1l, Pacs2, Pacsin1, Pacsin2, Pacsin3, Padi1, Padi2, Padi3, Padi4, Padi6, Pafah1b1, Pak1, Pak1ip1, Pak2, Pak3, Pak4, Pak5, Pak6, Pakap, Palld, Palm, Pals1, Pam, Pan2, Pan3, Pank2, Papln, Paqr3, Paqr4, Pard3, Pard3b, Pard6a, Pard6b, Pard6g, Park7, Parl, Parn, Parp1, Parp10, Parp11, Parp2, Parp3, Parp6, Parva, Parvb, Parvg, Pask, Patj, Patl1, Patl2, Pawr, Pax6, Pax7, Paxip1, Pbk, Pbrm1, Pbxip1, Pcare, Pcbp2, Pcdh15, Pcdh17, Pcdh8, Pcdhac2, Pcdhga3, Pcdhgc3, Pcdhgc4, Pcdhgc5, Pcgf1, Pcgf2, Pcgf3, Pcgf5, Pcgf6, Pcid2, Pclaf, Pclo, Pcm1, Pcna, Pcnt, Pcp4, Pcsk5, Pcsk9, Pdcd10, Pdcd11, Pdcd5, Pdcd5-ps, Pdcd6, Pdcd6ip, Pdcl, Pdcl2, Pdcl3, Pde2a, Pde3a, Pde4d, Pde4dip, Pdgfa, Pdgfb, Pdgfc, Pdgfra, Pdgfrb, Pdia3, Pdik1l, Pdlim1, Pdlim2, Pdlim3, Pdlim4, Pdlim5, Pdlim7, Pdpk1, Pdpn, Pds5a, Pds5b, Pdxp, Pdzd11, Pdzd7, Pdzd8, Pdzrn3, Peak1, Pebp1, Pecam1, Pef1, Peg10, Pelo, Pelp1, Per1, Per2, Perp, Pes1, Pet100, Pet117, Pex1, Pex10, Pex11a, Pex11b, Pex11g, Pex12, Pex13, Pex14, Pex16, Pex19, Pex2, Pex26, Pex3, Pex5, Pex5l, Pex6, Pex7, Pf4, Pfdn1, Pfdn2, Pfdn4, Pfdn5, Pfdn6, Pfn1, Pfn2, Pfn3, Pfn4, Pgam5, Pgm5, Pgp, Pgrmc1, Phactr1, Phactr2, Phactr3, Phactr4, Phb1, Phb2, Phc1, Pheta1, Pheta2, Phf1, Phf10, Phf13, Phf14, Phf19, Phf2, Phf20, Phf21a, Phf23, Phf8, Phgdh, Phip, Phkg1, Phldb1, Phldb2, Phlpp1, Phlpp2, Phox2b, Phpt1, Pi16, Pi4k2a, Pi4k2b, Pi4ka, Pi4kb, Pias1, Pias2, Pibf1, Picalm, Pick1, Pid1, Pierce1, Pierce2, Piezo1, Pif1, Pih1d1, Pih1d2, Pik3c2a, Pik3c2b, Pik3c3, Pik3ca, Pik3cg, Pik3r1, Pik3r2, Pik3r4, Pikfyve, Pim1, Pim2, Pim3, Pin1, Pin1rt1, Pin4, Pink1, Pinx1, Pip4k2a, Pip4k2b, Pip4k2c, Pip4p1, Pip4p2, Pip5k1a, Pip5k1c, Pisd, Pitpna, Pitpnb, Pitpnc1, Pitpnm1, Pitpnm2, Piwil1, Piwil2, Piwil4, Pjvk, Pkd1, Pkd2, Pkd2l1, Pkdcc, Pkhd1, Pkib, Pkm, Pkmyt1, Pkn1, Pkn2, Pkp1, Pkp2, Pkp3, Pkp4, Pla2g10, Pla2g12b, Pla2g2e, Pla2g3, Pla2g4a, Pla2g4c, Pla2g5, Pla2g6, Pla2g7, Plaa, Plaat1, Plaat3, Plagl2, Plaur, Plcb1, Plce1, Plcg2, Pld1, Pld2, Pld6, Plec, Plek, Plek2, Plekha1, Plekha3, Plekha7, Plekha8, Plekhf1, Plekhf2, Plekhg2, Plekhh2, Plekhj1, Plekhm1, Plekhm2, Plekho1, Plg, Plin2, Plin3, Plin5, Plk1, Plk2, Plk3, Plk4, Plk5, Pllp, Pln, Plod1, Plod2, Plod3, Plp1, Plppr4, Plppr5, Pls1, Pls3, Plscr1, Plscr1l1, Plscr2, Plscr3, Plscr4, Plscr5, Pltp, Plxna1, Plxna2, Plxna3, Plxna4, Plxnb1, Plxnb2, Plxnb3, Plxnc1, Plxnd1, Pmaip1, Pmel, Pmfbp1, Pml, Pmp2, Pmp22, Pms2, Pnkp, Pnlip, Pnliprp1, Pnliprp2, Pnma5, Pno1, Pnp, Pnpla2, Pnpla3, Pnpt1, Poc1a, Poc1b, Podxl, Pof1b, Pogz, Poldip2, Pole3, Polg, Polg2, Polq, Polr1b, Polr1e, Polr2m, Pom121, Pomgnt1, Pomp, Pomt1, Pomt2, Pop4, Pop5, Pop7, Postn, Pot1a, Pot1b, Potefam3a, Potefam3b, Pou3f2, Pou4f1, Pou4f2, Pou4f3, Ppan, Ppara, Ppard, Pparg, Ppargc1a, Ppargc1b, Ppef1, Ppef2, Ppfia1, Ppfia2, Ppfia3, Ppfia4, Ppfibp1, Ppfibp2, Pphln1, Ppia, Ppid, Ppif, Ppl, Ppm1a, Ppm1b, Ppm1d, Ppm1e, Ppm1f, Ppm1g, Ppm1h, Ppm1j, Ppm1k, Ppm1l, Ppm1m, Ppm1n, Ppp1ca, Ppp1cb, Ppp1cc, Ppp1r10, Ppp1r12a, Ppp1r12b, Ppp1r12c, Ppp1r15a, Ppp1r16b, Ppp1r35, Ppp1r9a, Ppp1r9b, Ppp2ca, Ppp2cb, Ppp2r1a, Ppp2r1b, Ppp2r2b, Ppp2r2d, Ppp2r3c, Ppp2r5b, Ppp2r5c, Ppp2r5d, Ppp3ca, Ppp3cb, Ppp3cc, Ppp3r1, Ppp4c, Ppp5c, Ppp6c, Ppt1, Pptc7, Pqbp1, Prag1, Prap1, Prc1, Prdm11, Prdm12, Prdm13, Prdm14, Prdm16, Prdm4, Prdm5, Prdm6, Prdm8, Prdm9, Prdx3, Prdx4, Prdx6, Preb, Prelid1, Prex1, Prex2, Prf1, Prickle1, Prickle2, Prickle3, Prickle4, Primpol, Prkaa1, Prkaa2, Prkaca, Prkar1a, Prkca, Prkcb, Prkcd, Prkce, Prkcg, Prkch, Prkci, Prkcq, Prkcsh, Prkcz, Prkcz2, Prkd1, Prkdc, Prkg1, Prkg2, Prkn, Prkra, Prkx, Prl2c2, Prlr, Prm1, Prm2, Prm3, Prmt1, Prmt2, Prmt3, Prmt5, Prmt6, Prmt7, Prmt8, Prmt9, Prnd, Prnp, Proca1, Prom2, Pros1, Prox1, Prpf18, Prpf19, Prpf3, Prpf31, Prpf39, Prpf40a, Prpf4b, Prpf6, Prpf8, Prph, Prph2, Prr16, Prr5, Prrc2c, Prrt1, Prrt2, Prrx1, Prtg, Prtn3, Prune1, Prx, Psap, Psd, Psen1, Psen2, Psip1, Pskh1, Psma8, Psmc3ip, Psmc5, Psmc6, Psmd10, Psmd11, Psmd13, Psmd5, Psmd9, Psme4, Psmg1, Psmg2, Psmg3, Psmg4, Pspc1, Psrc1, Pstpip2, Ptbp1, Ptbp2, Ptcd2, Ptch1, Ptch2, Pten, Ptger4, Ptges3, Ptges3-ps, Ptges3l, Ptgfrn, Ptk2, Ptk2b, Ptk6, Ptk7, Ptma, Ptn, Ptp4a1, Ptp4a2, Ptp4a3, Ptpa, Ptpdc1, Ptpmt1, Ptpn1, Ptpn11, Ptpn12, Ptpn13, Ptpn14, Ptpn18, Ptpn2, Ptpn20, Ptpn21, Ptpn22, Ptpn23, Ptpn3, Ptpn4, Ptpn5, Ptpn6, Ptpn7, Ptpn9, Ptpra, Ptprb, Ptprc, Ptprd, Ptpre, Ptprf, Ptprg, Ptprh, Ptprj, Ptprk, Ptprm, Ptprn2, Ptpro, Ptprq, Ptprr, Ptprs, Ptprt, Ptpru, Ptprv, Ptprz1, Ptrh1, Pttg1, Ptx3, Puf60, Pum2, Pwp1, Pwp2, Pwwp2a, Pwwp2b, Pwwp3a, Pxdn, Pxn, Pycard, Pygo1, Pygo2, Pym1, Pyroxd2, Qki, Qrich2, Qsox1, Rab10, Rab11a, Rab11fip3, Rab13, Rab14, Rab17, Rab18, Rab19, Rab1a, Rab1b, Rab20, Rab21, Rab22a, Rab23, Rab25, Rab27a, Rab29, Rab2a, Rab2b, Rab30, Rab31, Rab32, Rab33a, Rab33b, Rab34, Rab35, Rab38, Rab39, Rab39b, Rab3a, Rab3b, Rab3gap1, Rab3gap2, Rab3ip, Rab43, Rab4a, Rab4b, Rab5a, Rab5b, Rab5c, Rab5if, Rab6b, Rab7, Rab7b, Rab8a, Rab8b, Rabep1, Rabep2, Rabgef1, Rabl2, Rac1, Rac2, Rac3, Racgap1, Rack1, Rad1, Rad17, Rad21, Rad21l, Rad50, Rad51, Rad51ap1, Rad51c, Rad51d, Rad52, Rad54b, Rad54l, Rad54l2, Rae1, Raf1, Rag1, Rag2, Rala, Ralb, Ralbp1, Ramp2, Ran, Ranbp1, Ranbp10, Ranbp9, Rangrf, Rap1a, Rap1b, Rap1gap, Rap1gap2, Rap1gds1, Rap2a, Rapgef1, Rapgef2, Rapgef3, Rapgef4, Rapgef6, Raph1, Rapsn, Rasa1, Rasal1, Rasgrf1, Rasip1, Rasl2-9, Rb1, Rb1cc1, Rbbp4, Rbbp5, Rbbp7, Rbfa, Rbfox2, Rbis, Rbl1, Rbl2, Rbm10, Rbm14, Rbm15, Rbm15b, Rbm34, Rbm46, Rbm5, Rbmx, Rbmxl1, Rbpms, Rbsn, Rc3h1, Rcbtb1, Rcc1, Rcc1l, Rcc2, Rccd1, Rchy1, Rcl1, Rcor1, Rdx, Rec8, Reck, Recql, Recql4, Recql5, Reep1, Reep2, Reep3, Reep4, Reep5, Reg1, Rela, Reln, Reno1, Rer1, Rere, Rerg, Resf1, Rest, Ret, Retreg1, Retreg2, Retreg3, Rexo1, Rexo4, Rexo5, Rflna, Rflnb, Rft1, Rftn1, Rfx2, Rfx3, Rfx4, Rgcc, Rgma, Rgs14, Rgs2, Rgs4, Rheb, Rhno1, Rho, Rhoa, Rhob, Rhobtb1, Rhobtb2, Rhoc, Rhod, Rhof, Rhog, Rhoh, Rhoj, Rhoq, Rhot1, Rhot2, Rhou, Rhov, Rhpn1, Rhpn2, Rian, Ric1, Ric3, Ric8a, Rictor, Rif1, Rigi, Rilp, Rilpl1, Rilpl2, Rimbp2, Rims1, Rims2, Rims3, Rims4, Rin3, Ring1, Riok1, Riok2, Riok3, Riox1, Riox2, Ripk1, Ripk2, Ripk3, Ripk4, Ripor2, Rit2, Rlf, Rlim, Rmi1, Rmi2, Rnaseh1, Rnasek, Rnasel, Rnd1, Rnd2, Rnd3, Rnf112, Rnf135, Rnf14, Rnf157, Rnf168, Rnf169, Rnf186, Rnf2, Rnf20, Rnf212, Rnf212b, Rnf213, Rnf216, Rnf220, Rnf25, Rnf26, Rnf26rt, Rnf4, Rnf40, Rnf5, Rnf6, Rnf7, Rnf8, Rnh1, Ro60, Robo1, Robo2, Robo3, Rock1, Rock2, Rom1, Romo1, Ropn1, Ror2, Ros1, Rp1, Rp1l1, Rpa1, Rpa2, Rpap2, Rpf1, Rpf2, Rpgr, Rpgrip1, Rpgrip1l, Rph3a, Rph3al, Rpl10l, Rpl11, Rpl13a, Rpl14, Rpl23, Rpl24, Rpl26, Rpl27, Rpl35, Rpl35a, Rpl38, Rpl4, Rpl5, Rpl7, Rpl7a, Rpl7l1, Rplp0, Rpp25, Rpp30, Rpp38, Rpp40, Rps11, Rps12, Rps13, Rps14, Rps15, Rps15a, Rps16, Rps17, Rps19, Rps19bp1, Rps21, Rps23, Rps24, Rps25, Rps27, Rps27a, Rps27l, Rps27rt, Rps28, Rps3, Rps3a1, Rps4x, Rps5, Rps6, Rps6-ps4, Rps6ka1, Rps6ka2, Rps6ka3, Rps6ka4, Rps6ka5, Rps6ka6, Rps6kb1, Rps6kb2, Rps6kc1, Rps6kl1, Rps7, Rps8, Rps9, Rpsa, Rptor, Rpusd1, Rpusd2, Rpusd4, Rrad, Rreb1, Rrm1, Rrm2, Rrm2b, Rrn3, Rrp1, Rrp15, Rrp1b, Rrp36, Rrp7a, Rrp8, Rrp9, Rrs1, Rs1, Rsbn1, Rsf1, Rskr, Rsl1, Rsl24d1, Rsph1, Rsph4a, Rsph6a, Rsph9, Rspo1, Rsrp1, Rtca, Rtel1, Rtf1, Rtkn, Rtn1, Rtn2, Rtn3, Rtn4, Rtn4ip1, Rtn4r, Rtn4rl1, Rtn4rl2, Rtp1, Rtp2, Rtp3, Rtp4, Rttn, Rubcn, Rubcnl, Rufy1, Rufy3, Rufy4, Runx1t1, Runx3, Ruvbl1, Ruvbl2, Rxfp1, Rybp, Rybp-ps, Ryk, Ryr1, Ryr3, S100a10, S100a9, S100b, S1pr1, S1pr2, Sac3d1, Sacs, Samd1, Samd14, Samd7, Samd8, Samd9l, Samhd1, Samm50, Samt1b, Samt1d, Samt2, Samt2b, Samt3, Samt4, Sapcd2, Sar1a, Sar1b, Sarm1, Sart1, Sart3, Sass6, Satb1, Satb2, Saxo1, Saysd1, Sbds, Sbf1, Sbk1, Sbk2, Sbk3, Scaf11, Scaf4, Scaf8, Scamp5, Scap, Scara3, Scara5, Scarb1, Scarb2, Scarf1, Scfd1, Scgb3a1, Scin, Sclt1, Scmh1, Scn11a, Scn1b, Sco1, Sco2, Scp2, Scrib, Sct, Sctr, Scx, Sdad1, Sdc1, Sdc2, Sdc4, Sdcbp, Sdccag8, Sde2, Sdf4, Sdhaf1, Sdhaf2, Sdhaf3, Sdhaf4, Sdk1, Sdk2, Sdr16c5, Sds, Sec13, Sec16a, Sec16b, Sec22b, Sec23a, Sec23b, Sec23ip, Sec24a, Sec24b, Sec24c, Sec24d, Sec31a, Sec31b, Sec61a1, Seh1l, Sele, Selenof, Selenon, Selp, Sem1, Sema3a, Sema3b, Sema3c, Sema3d, Sema3e, Sema3f, Sema3g, Sema4a, Sema4b, Sema4c, Sema4d, Sema4f, Sema4g, Sema5a, Sema5b, Sema6a, Sema6b, Sema6c, Sema6d, Sema7a, Senp6, Septin1, Septin11, Septin2, Septin4, Septin7, Septin8, Septin9, Serac1, Serbp1, Serf1, Serinc1, Serpinb5, Serpine1, Serpine2, Serpinf1, Serpinf2, Serpinh1, Serpini1, Sertad1, Sertad2, Sertad3, Sesn1, Sesn2, Set, Setd1a, Setd1b, Setd2, Setd3, Setd4, Setd5, Setd7, Setdb1, Setdb2, Setmar, Setx, Sez6, Sez6l, Sez6l2, Sf1, Sf3a1, Sf3a2, Sf3a3, Sf3b1, Sfmbt1, Sfn, Sfpq, Sfrp1, Sfrp2, Sfrp4, Sfswap, Sftpa1, Sftpd, Sgca, Sgcb, Sgcd, Sgcg, Sgcz, Sgf29, Sgip1, Sgk1, Sgk2, Sgk3, Sgo1, Sgo2a, Sgo2b, Sgta, Sgtb, Sh2b1, Sh2b2, Sh3bgrl3, Sh3bp1, Sh3bp4, Sh3d19, Sh3d21, Sh3gl1, Sh3gl2, Sh3gl3, Sh3glb1, Sh3glb2, Sh3kbp1, Sh3pxd2b, Sh3tc2, Sh3yl1, Shank1, Shank2, Shank3, Sharpin, Shc1, Shcbp1l, Shfl, Shh, Shisa6, Shisa7, Shkbp1, Shld1, Shld2, Shld3, Shmt1, Shmt2, Shoc1, Shoc2, Shox2, Shprh, Shq1, Shroom1, Shroom2, Shroom3, Shroom4, Shtn1, Siah1a, Siglec15, Siglece, Siglecf, Sigmar1, Sik1, Sik2, Sik3, Sin3a, Sipa1l1, Sipa1l3, Sirpa, Sirpb1a, Sirt1, Sirt2, Sirt3, Sirt6, Sirt7, Siva1, Six1, Six4, Ska1, Ska2, Ska3, Skap1, Ski, Skic2, Skic3, Skic8, Skil, Skor2, Skp1, Slain1, Slain2, Slamf1, Slamf8, Slc11a1, Slc11a2, Slc12a1, Slc12a2, Slc12a3, Slc12a4, Slc12a5, Slc12a6, Slc12a7, Slc12a8, Slc12a9, Slc16a1, Slc17a7, Slc18a3, Slc1a1, Slc1a2, Slc1a5, Slc22a5, Slc23a2, Slc24a2, Slc25a31, Slc25a33, Slc25a36, Slc25a4, Slc25a46, Slc25a5, Slc26a5, Slc2a1, Slc2a10, Slc2a4, Slc30a1, Slc30a9, Slc31a1, Slc35d3, Slc35f6, Slc38a8, Slc39a12, Slc39a8, Slc39a9, Slc44a4, Slc45a2, Slc4a1, Slc4a2, Slc4a7, Slc66a2, Slc6a1, Slc6a12, Slc7a11, Slc8a2, Slc8a3, Slc9a1, Slc9a6, Slc9a8, Slc9a9, Slf1, Slf2, Slirp, Slit1, Slit2, Slit3, Slitrk1, Slitrk2, Slitrk3, Slitrk4, Slitrk5, Slitrk6, Slk, Slu7, Slx1b, Slx4, Slx9, Smad3, Smad4, Smad7, Smap1, Smarca1, Smarca2, Smarca4, Smarca5, Smarcad1, Smarcb1, Smarcc1, Smarcc2, Smarcd1, Smarcd2, Smarcd3, Smarce1, Smc1a, Smc1b, Smc2, Smc3, Smc4, Smc5, Smc6, Smchd1, Smcr8, Smg1, Smg5, Smg6, Smim20, Smim22, Smn1, Smo, Smoc1, Smoc2, Smok1, Smok2a, Smok2b, Smok3a, Smok3b, Smpd1, Smpd3, Smpd4, Smpdl3a, Smurf1, Smyd1, Smyd2, Smyd3, Smyd5, Snai1, Snai2, Snap23, Snap25, Snap29, Snap47, Snap91, Snapin, Snca, Sncaip, Sncb, Sncg, Snf8, Snhg15, Snph, Snrk, Snrnp200, Snrpb, Snrpc, Snrpd1, Snrpd2, Snrpd3, Snrpe, Snrpert, Snrpf, Snrpg, Snta1, Snu13, Snupn, Snx1, Snx10, Snx11, Snx12, Snx14, Snx18, Snx19, Snx2, Snx27, Snx3, Snx30, Snx33, Snx4, Snx7, Snx9, Soat1, Soat2, Sod1, Sod2, Son, Sorbs1, Sorbs2, Sorbs3, Sorl1, Sort1, Sos1, Sost, Sox17, Sox30, Sox9, Sp100, Spaca1, Spaca3, Spaca5, Spaca6, Spaca9, Spag1, Spag16, Spag17, Spag5, Spag6, Spag6l, Spag9, Spam1, Sparc, Sparcl1, Spart, Spast, Spata13, Spata18, Spata19, Spata22, Spata4, Spata46, Spata6, Spata7, Spatc1l, Spc24, Spc25, Spdl1, Spdya, Specc1, Specc1l, Spef1, Spef1l, Spef2, Speg, Spen, Spesp1, Spg11, Spg21, Spg7, Sphk1, Sphk2, Spi1, Spice1, Spidr, Spin1, Spink2, Spint1, Spint2, Spire1, Spire2, Spmip6, Spns1, Spo11, Spocd1, Spock1, Spock2, Spp2, Sppl2c, Sprr1b, Sprr2a1, Spry1, Spry2, Spry3, Spta1, Sptan1, Sptb, Sptbn1, Sptbn2, Sptbn4, Sptbn5, Sptssb, Spty2d1, Sqle, Sqstm1, Src, Srcap, Srcin1, Srf, Srfbp1, Srgap2, Srgap3, Srgn, Srms, Srp19, Srpk1, Srpk2, Srpk3, Srpra, Srprb, Srpx, Srpx2, Srsf1, Srsf10, Srsf12, Srsf6, Ss18, Ss18l1, Ssbp1, Ssbp3, Ssh1, Ssh2, Ssh3, Ssna1, Ssrp1, Ssu72, Ssx2ip, St7l, St8sia2, Stag1, Stag2, Stag3, Stam, Stap1, Stard13, Stard3, Stard3nl, Stard8, Stard9, Stat1, Stat2, Stat3, Stau1, Stau2, Stbd1, Steap3, Steap4, Steep1, Stil, Sting1, Stk-ps2, Stk10, Stk11, Stk16, Stk17b, Stk19, Stk24, Stk25, Stk26, Stk3, Stk31, Stk32a, Stk32b, Stk32c, Stk33, Stk35, Stk36, Stk38, Stk38l, Stk39, Stk4, Stk40, Stmn1, Stmn2, Stmn3, Stmn4, Stmnd1, Stmp1, Stn1, Stoml2, Ston1, Ston2, Stox1, Stpg1, Stpg4, Stra8, Stradb, Strap, Strc, Strip1, Strip2, Strn, Strn4, Stub1, Stx11, Stx12, Stx16, Stx17, Stx18, Stx19, Stx1a, Stx1b, Stx2, Stx3, Stx4a, Stx5a, Stx6, Stx7, Stx8, Stxbp1, Stxbp5, Stxbp6, Styk1, Styxl1, Sub1, Suds3, Sugt1, Sulf1, Sulf2, Sult4a1, Sumo1, Sun1, Sun2, Sun5, Supt16, Supt4a, Supt4b, Supt5, Supt6, Supv3l1, Surf1, Surf4, Surf6, Susd4, Suv39h1, Suv39h2, Suz12, Sv2a, Svbp, Svep1, Svil, Svip, Swap70, Sybu, Syce1, Syce1l, Syce2, Syce3, Sycp1, Sycp2, Sycp3, Syde1, Syk, Syn1, Syn2, Syn3, Syndig1, Syne1, Syne2, Syne3, Syngap1, Syngr1, Syngr2, Syngr3, Synj1, Synj2bp, Synm, Synpo, Synpo2, Synpo2l, Syp, Sypl2, Syt1, Syt11, Syt13, Syt17, Syt2, Syt3, Syt4, Syt5, Syt7, Syt8, Syt9, Sytl4, Szt2, Tac1, Tacc1, Tacc2, Tacc3, Taco1, Tacr1, Tacstd2, Tada2a, Tada2b, Tada3, Taf1, Taf10, Taf11, Taf12, Taf13, Taf1b, Taf1c, Taf2, Taf3, Taf4, Taf4b, Taf5, Taf6, Taf6l, Taf7, Taf7l, Taf8, Taf9, Taf9b, Tafazzin, Tagln2, Tagln3, Tal1, Tamalin, Tanc1, Tanc2, Tango2, Taok1, Taok2, Taok3, Tap2, Tapbp, Tapbpl, Tapt1, Tarbp2, Tardbp, Tasl, Tasor, Tasor2, Tbc1d12, Tbc1d14, Tbc1d20, Tbc1d21, Tbc1d23, Tbc1d24, Tbc1d25, Tbc1d30, Tbc1d31, Tbc1d32, Tbc1d4, Tbc1d5, Tbc1d7, Tbca, Tbcb, Tbcc, Tbcd, Tbce, Tbcel, Tbck, Tbk1, Tbl1xr1, Tbl3, Tbp, Tbpl1, Tbr1, Tbx5, Tbx6, Tcap, Tcf15, Tcf25, Tcf3, Tcf4, Tcf7l2, Tchh, Tchp, Tcirg1, Tcp1, Tcra, Tctn1, Tctn2, Tctn3, Tdg, Tdo2, Tdrd1, Tdrd12, Tdrd3, Tdrd5, Tdrd6, Tdrd7, Tdrd9, Tdrkh, Tead1, Tead2, Tec, Tecpr1, Tecta, Tek, Tekt1, Tekt2, Tekt3, Tekt4, Tekt5, Ten1, Tenm1, Tenm2, Tenm3, Tenm4, Tent4b, Tep1, Terb1, Terb2, Terc, Terf1, Terf2, Terf2ip, Tert, Tesk1, Tesk2, Tesmin, Tespa1, Tet1, Tet2, Tet3, Tex11, Tex12, Tex14, Tex15, Tex19.1, Tex19.2, Tfam, Tfap2a, Tfap2c, Tfap4, Tfb1m, Tfb2m, Tfcp2l1, Tfe3, Tfeb, Tfip11, Tfpt, Tfr2, Tfrc, Tgfa, Tgfb1, Tgfb2, Tgfb3, Tgfbi, Tgfbr1, Tgfbr3, Tgfbrap1, Tgm2, Tgtp1, Tgtp2, Thap7, Thbs1, Thbs2, Thbs4, Them4, Thg1l, Thoc2, Thra, Thsd1, Thsd4, Thsd7a, Thsd7b, Thy1, Tia1, Tiam1, Tiam2, Ticam1, Tie1, Tifa, Timd2, Timd4, Timd5, Timd6, Timm10, Timm13, Timm21, Timm22, Timm29, Timm50, Timm9, Timmdc1, Tinf2, Tirap, Tjap1, Tjp1, Tjp2, Tjp3, Tk1, Tk2, Tlcd1, Tlcd2, Tle6, Tlk1, Tlk2, Tln1, Tln2, Tlr2, Tlr4, Tlr6, Tlx2, Tm9sf4, Tma16, Tmc8, Tmcc1, Tmco1, Tmed1, Tmed10, Tmed10-ps, Tmed11, Tmed2, Tmed3, Tmed4, Tmed5, Tmed6, Tmed7, Tmed9, Tmeff2, Tmem102, Tmem106b, Tmem107, Tmem108, Tmem11, Tmem120a, Tmem120b, Tmem126a, Tmem126b, Tmem127, Tmem135, Tmem138, Tmem147, Tmem14a, Tmem165, Tmem17, Tmem170, Tmem175, Tmem177, Tmem182, Tmem186, Tmem196, Tmem199, Tmem201, Tmem216, Tmem223, Tmem231, Tmem232, Tmem237, Tmem242, Tmem30a, Tmem30b, Tmem30c, Tmem33, Tmem35a, Tmem38a, Tmem38b, Tmem39a, Tmem41b, Tmem43, Tmem67, Tmem70, Tmem80, Tmem9, Tmem95, Tmf1, Tmigd1, Tmod1, Tmod2, Tmod3, Tmod4, Tmprss12, Tmsb10, Tmsb15b2, Tmsb15l, Tmsb4x, Tnc, Tnf, Tnfaip1, Tnfaip3, Tnfaip6, Tnfaip8l3, Tnfrsf11b, Tnfrsf12a, Tnfrsf1a, Tnfrsf1b, Tnfrsf21, Tnfsf10, Tnfsf14, Tnfsf18, Tnik, Tnk1, Tnk2, Tnks, Tnks2, Tnn, Tnni3k, Tnnt1, Tnnt2, Tnnt3, Tnp1, Tnp2, Tnr, Tnrc6a, Tns1, Tns2, Tns3, Tnxb, Togaram1, Togaram2, Tom1, Tom1l1, Tom1l2, Tomm22, Tomm40, Tomm70a, Tonsl, Top1, Top1mt, Top2a, Top2b, Top3a, Top3b, Top6bl, Topbp1, Tor1a, Tor1aip1, Tor1aip2, Tor1b, Tox, Tpbg, Tpcn2, Tpgs1, Tpm1, Tpm2, Tpm3, Tpm3-rs7, Tpm4, Tpp1, Tppp, Tppp2, Tppp3, Tpr, Tprn, Tpst2, Tpx2, Trabd, Trabd2b, Traf2, Traf3ip1, Traf6, Trak1, Trak2, Tram1, Tram1l1, Tram2, Trappc1, Trappc10, Trappc11, Trappc12, Trappc13, Trappc14, Trappc2, Trappc2l, Trappc3, Trappc4, Trappc5, Trappc6a, Trappc6b, Trappc8, Trappc9, Trarg1, Trdn, Trem2, Treml4, Trex1, Trf, Trhr, Triap1, Trim11, Trim21, Trim27, Trim28, Trim30a, Trim31, Trim32, Trim36, Trim37, Trim40, Trim46, Trim47, Trim54, Trim58, Trim6, Trim65, Trim67, Trim72, Trim75, Trim9, Trio, Triobp, Trip10, Trip11, Trip12, Trip13, Trip4, Trmt10b, Trmt112, Trmt2b, Trnt1, Tro, Trp53, Trp53bp1, Trp53inp1, Trp53inp2, Trp53rkb, Trp63, Trp73, Trpa1, Trpc5, Trpc6, Trpm1, Trpm2, Trpm4, Trpm6, Trpm7, Trpv1, Trpv2, Trpv3, Trpv4, Trpv5, Trpv6, Trrap, Tsc1, Tsc2, Tsc22d4, Tsg101, Tsga10, Tsga10ip, Tsga8, Tshr, Tsix, Tsku, Tspan2, Tspan32, Tspan33, Tspan4, Tspan7, Tspo, Tspo2, Tspyl1, Tspyl2, Tspyl4, Tspyl5, Tsr1, Tsr2, Tsr3, Tssc4, Tssk1, Tssk2, Tssk3, Tssk4, Tssk5, Tssk6, Ttbk1, Ttbk2, Ttc12, Ttc17, Ttc19, Ttc21a, Ttc21b, Ttc29, Ttc3, Ttc39aos1, Ttc39c, Ttc8, Ttf1, Ttk, Ttl, Ttll1, Ttll11, Ttll13, Ttll2, Ttll3, Ttll4, Ttll5, Ttll6, Ttll7, Ttll8, Ttll9, Ttn, Ttpa, Ttyh1, Tub, Tuba1a, Tuba1b, Tuba1c, Tuba3a, Tuba4a, Tuba8, Tubal3, Tubb1, Tubb2a, Tubb2b, Tubb3, Tubb4a, Tubb4b, Tubb5, Tubb6, Tubd1, Tube1, Tubg1, Tubg2, Tubgcp2, Tubgcp3, Tubgcp4, Tubgcp5, Tubgcp6, Tug1, Tulp1, Tunar, Tut4, Tut7, Twf1, Twf2, Twnk, Txk, Txndc15, Txndc9, Tyk2, Tymp, Tyro3, Tyrobp, Tyrp1, U2af2, Uba6, Ubap2l, Ubash3b, Ubb, Ubd, Ube2a, Ube2b, Ube2c, Ube2k, Ube2m, Ube2s, Ube2srt, Ube2u, Ube2v2, Ube3a, Ube3b, Ube4b, Ubl4a, Ublcp1, Ubn1, Ubn2, Ubqln1, Ubqln2, Ubqln4, Ubr2, Ubr4, Ubr5, Ubxn10, Ubxn2a, Ubxn2b, Uchl1, Uchl5, Ucn, Ucp2, Ufl1, Ufsp2, Ugcg, Ugdh, Ugt8a, Uhmk1, Uhrf1, Uhrf2, Uimc1, Ulk1, Ulk2, Ulk3, Ulk4, Umod, Unc119, Unc119b, Unc13a, Unc13b, Unc13c, Unc13d, Unc5a, Unc5b, Unc5c, Unc5d, Upb1, Upf1, Upf3b, Uqcc1, Uqcc2, Uqcc3, Uqcc4, Uqcc5, Uqcc6, Uqcrc1, Urb1, Urb2, Uri1, Use1, Ush1c, Ush1g, Uso1, Usp10, Usp15, Usp16, Usp17le, Usp21, Usp22, Usp3, Usp30, Usp33, Usp36, Usp39, Usp4, Usp44, Usp46, Usp47, Usp49, Usp50, Usp51, Usp6nl, Usp7, Usp8, Usp9x, Uspl1, Ust, Utp11, Utp14a, Utp14b, Utp15, Utp18, Utp20, Utp23, Utp25, Utp3, Utp4, Utp6, Uts2r, Uty, Uvrag, Uxt, Vac14, Vamp1, Vamp2, Vamp3, Vamp4, Vamp7, Vamp8, Vamp9, Vangl2, Vapa, Vapb, Vash2, Vasp, Vat1, Vav1, Vav2, Vav3, Vax1, Vax2, Vbp1, Vcl, Vcp, Vcpip1, Vcpkmt, Vdac2, Vdac3, Vegfa, Vezt, Vgll4, Vhl, Vil1, Vill, Vim, Vipas39, Vit, Vldlr, Vma21, Vmp1, Vpreb1a, Vpreb1b, Vps11, Vps13a, Vps13b, Vps13c, Vps13d, Vps16, Vps18, Vps28, Vps33a, Vps33b, Vps35, Vps39, Vps41, Vps4a, Vps4b, Vps51, Vps54, Vps72, Vps8, Vrk1, Vrk2, Vstm5, Vti1a, Vti1b, Vtn, Vwa1, Wac, Wapl, Wars1, Was, Wasf1, Wasf2, Wasf3, Washc1, Washc2, Washc3, Washc4, Washc5, Wasl, Wbp11, Wbp2, Wbp2nl, Wdcp, Wdhd1, Wdpcp, Wdr1, Wdr11, Wdr12, Wdr18, Wdr19, Wdr3, Wdr35, Wdr36, Wdr43, Wdr44, Wdr45, Wdr45b, Wdr46, Wdr47, Wdr5, Wdr54, Wdr55, Wdr62, Wdr72, Wdr73, Wdr74, Wdr75, Wdr77, Wdr81, Wdr83os, Wdr90, Wdtc1, Wee1, Wee2, Wfdc1, Whamm, Whrn, Wipf1, Wipf3, Wipi1, Wipi2, Wls, Wmp, Wnk1, Wnk2, Wnk3, Wnk4, Wnt1, Wnt10b, Wnt11, Wnt3, Wnt3a, Wnt4, Wnt5a, Wnt7a, Wnt7b, Wrap53, Wrap73, Wrn, Wrnip1, Wsb1, Wt1, Wtip, Wwtr1, Xab2, Xaf1, Xbp1, Xdh, Xirp1, Xirp2, Xist, Xk, Xkr4, Xkr6, Xkr7, Xkr8, Xkr9, Xlr3b, Xlr4a, Xlr4b, Xpa, Xpo1, Xrcc1, Xrcc2, Xrcc3, Xrcc4, Xrcc5, Xrcc6, Xrn1, Xylt1, Yap1, Ybey, Yeats2, Yeats4, Yes1, Yif1b, Yipf4, Yipf5, Yipf7, Yjefn3, Yju2, Ykt6, Ylpm1, Yme1l1, Ythdc1, Ythdc2, Ythdf1, Ythdf2, Ythdf3, Ywhah, Ywhaz, Yy1, Zap70, Zar1, Zbed3, Zbtb1, Zbtb48, Zbtb7a, Zc3h12a, Zc3h12d, Zc4h2, Zcchc4, Zcwpw1, Zdbf2, Zdhhc1, Zdhhc12, Zdhhc15, Zdhhc17, Zdhhc2, Zdhhc20, Zdhhc5, Zdhhc6, Zdhhc8, Zeb2, Zfand1, Zfand6, Zfp110, Zfp13, Zfp148, Zfp207, Zfp212, Zfp296, Zfp335, Zfp354a, Zfp365, Zfp369, Zfp385a, Zfp418, Zfp42, Zfp423, Zfp445, Zfp462, Zfp469, Zfp518a, Zfp518b, Zfp541, Zfp57, Zfp593, Zfp598, Zfp616, Zfp622, Zfp639, Zfp658, Zfp703, Zfp735, Zfp746, Zfp750, Zfp777, Zfp804a, Zfp827, Zfp830, Zfp869, Zfy2, Zfyve1, Zfyve19, Zfyve26, Zfyve27, Zic2, Zkscan3, Zmat3, Zmiz1, Zmpste24, Zmym3, Zmym4, Zmym6, Zmynd10, Zmynd11, Zmynd12, Zmynd8, Znfx1, Znhit1, Znhit3, Znhit6, Znrf1, Znrf2, Zpbp, Zpbp2, Zpr1, Zranb1, Zrsr2, Zscan21, Zscan4c, Zscan4d, Zscan4f, Zswim6, Zw10, Zwilch, Zwint, Zyx, Zzef1, Zzz3
GO:0006139	nucleobase-containing compound metabolic process	5595	128	81.5	3.2e-08	1.5942193548387096e-5	1700028K03Rik, 2010315B03Rik, 2610008E11Rik, 2610021A01Rik, 2810021J22Rik, 4930402K13Rik, 4930447C04Rik, 4930480E11Rik, 4930522L14Rik, 5730507C01Rik, A1cf, A430033K04Rik, A630001G21Rik, Aadat, Aamdc, Aar2, Aars1, Aars2, Aarsd1, Aass, Aatf, Abcc6, Abcc9, Abcd1, Abcg4, Abhd14b, Abl1, Ablim1, Ablim2, Ablim3, Abra, Abraxas1, Abt1, Acaa2, Acaca, Acacb, Acadsb, Acat1, Acd, Acin1, Acly, Acnat1, Acnat2, Acod1, Acot1, Acot10, Acot11, Acot12, Acot2, Acot3, Acot4, Acot5, Acot6, Acot7, Acot8, Acot9, Acp3, Acsl1, Acsl3, Acsl4, Acsl5, Acsl6, Acsm1, Acsm2, Acsm3, Acsm4, Acsm5, Acss1, Acss2, Actb, Actl6a, Actl6b, Actn1, Actn2, Actn3, Actn4, Actr2, Actr3, Actr5, Actr6, Actr8, Actrt1, Acvr1, Acvr1b, Acvr2a, Acvr2b, Acvrl1, Ada, Adad1, Adad2, Adal, Adam3, Adar, Adarb1, Adarb2, Adat1, Adat2, Adat3, Adcy1, Adcy10, Adcy2, Adcy3, Adcy4, Adcy5, Adcy6, Adcy7, Adcy8, Adcy9, Adcyap1, Adgrf1, Adgrg3, Adipoq, Adk, Adnp, Adora2a, Adora2b, Adora3, Adpgk, Adprs, Adra2a, Adrb2, Adrm1, Adrm1b, Adsl, Adss1, Adss2, Aebp1, Aebp2, Aen, Afap1l2, Aff1, Aff2, Aff3, Afmid, Agap2, Ager, Ago1, Ago2, Ago3, Ago4, Agrn, Agt, Agtr2, Ahcy, Ahcyl, Ahcyl1, Ahdc1, Ahi1, Ahnak, Ahnak2, Ahr, Ahrr, AI854703, AI987944, Aicda, Aifm1, Aim2, Aire, Ajuba, Ak1, Ak2, Ak3, Ak4, Ak5, Ak6, Ak7, Ak8, Ak9, Akap17b, Akap8l, Akirin1, Akirin2, Akna, Akr1c6, Akt1, Akt2, Aktip, Aldh1l1, Aldh1l2, Aldh6a1, Aldoa, Aldoart1, Aldoart2, Aldob, Aldoc, Alkbh1, Alkbh2, Alkbh3, Alkbh5, Alkbh8, Alpi, Alx1, Alx3, Alx4, Alyref, Alyref2, Ambra1, Amdhd2, Amot, Amotl2, Ampd1, Ampd2, Ampd3, Ang, Ang2, Ang3, Ang4, Ang5, Ang6, Angel2, Ankle1, Ankrd1, Ankrd16, Ankrd17, Ankrd2, Ankrd23, Ankrd31, Ankrd42, Ankrd49, Ankrd66, Antkmt, Anxa2, Anxa3, Anxa4, Ap3b1, Ap3d1, Ap5s1, Ap5z1, Apaf1, Apbb1, Apbb2, Apbb3, Apex1, Apex2, Aplf, Apln, Aplp1, Apobec1, Apobec2, Apobec3, Apobec4, Apoe, App, Aprt, Aptx, Aqr, Ar, Arap1, Arb2a, Arf4, Arglu1, Arhgef11, Arhgef2, Arhgef5, Arid1a, Arid1b, Arid2, Arid3a, Arid3b, Arid3c, Arid4a, Arid4b, Arid5a, Arid5b, Arl2, Arl2bp, Arl6ip4, Armc7, Armcx3, Arnt, Arnt2, Arrb1, Arrb2, Art2a, Art2b, Arvcf, Arx, Ascc1, Ascc2, Ascc3, Ascl1, Ascl2, Ascl3, Ascl4, Ascl5, Asf1a, Ash1l, Ash2l, Aspdh, Asph, Aste1, Asxl1, Asxl2, Asxl3, Atad2, Atad2b, Atad5, Atf1, Atf1-ps, Atf2, Atf3, Atf4, Atf5, Atf6, Atf6b, Atf7, Atf7ip, Atf7ip2, Atg16l1, Atg16l2, Atg5, Atg5lrt, Atg7, Atic, Atm, Atmin, Atn1, Atoh1, Atoh7, Atoh8, Atp1a2, Atp1b1, Atp1b4, Atp2b2, Atp2b4, Atp5f1a, Atp5f1b, Atp5f1c, Atp5f1d, Atp5f1e, Atp5if1, Atp5mc1, Atp5mc2, Atp5mc3, Atp5me, Atp5mf, Atp5mg, Atp5pb, Atp5pd, Atp5pf, Atp5po, Atp6-ps, Atp6v1a, Atp6v1b1, Atp6v1b2, Atp7a, Atp8b1, Atpsckmt, Atr, Atrip, Atrx, Atxn1, Atxn1l, Atxn2l, Atxn7, Atxn7l3, AU041133, Aunip, Aurkb, Auts2, AW146154, Axin1, Axin2, Aym1, B020011L13Rik, B3galnt2, B3gntl1, B4galnt2, Baat, Babam1, Babam2, Bach1, Bach2, Bad, Bag4, Bahd1, Bambi, Banf1, Banp, Bap1, Bard1, Barhl1, Barhl2, Barx1, Barx2, Basp1, Batf, Batf2, Batf3, Bax, Baz1a, Baz1b, Baz2a, Bbs7, Bbx, BC005624, BC024063, Bcas2, Bcas3, Bccip, Bcdin3d, Bckdk, Bcl10, Bcl11a, Bcl11b, Bcl2l1, Bcl2l12, Bcl2l13, Bcl3, Bcl6, Bcl6b, Bcl7a, Bcl7b, Bcl7c, Bcl9, Bcl9l, Bclaf1, Bclaf3, Bcor, Bcorl1, Bdnf, Bdp1, Bend2, Bend3, Bend5, Bend6, Bex2, Bhlha15, Bhlha9, Bhlhe22, Bhlhe23, Bhlhe40, Bhlhe41, Bicra, Bicral, Bin1, Birc2, Birc5, Blm, Bloc1s2, Bloc1s6, Bmal1, Bmal2, Bmi1, Bmp10, Bmp15, Bmp2, Bmp3, Bmp4, Bmp5, Bmp6, Bmp7, Bmpr1a, Bmpr1b, Bmpr2, Bms1, Bmyc, Bnc1, Bnc2, Bod1l, Boll, Bop1, Bpgm, Bptf, Brca1, Brca2, Brcc3, Brcc3dc, Brd1, Brd2, Brd3, Brd4, Brd7, Brd8, Brd9, Brdt, Brf1, Brf2, Brip1, Brix1, Brme1, Brms1, Brms1l, Brpf1, Brpf3, Brwd1, Brwd3, Bsx, Btaf1, Btbd18, Btg2, Btrc, Bud13, Bud23, Bud31, Bysl, C1d, C1qbp, C3ar1, C5ar1, Cacnb4, Cacng7, Cactin, Cacybp, Cad, Calcoco1, Calcr, Calr, Camk1, Camk1d, Camk2a, Camk2d, Camk4, Camta1, Camta2, Cand1, Cant1, Capn3, Caprin1, Caprin2, Card11, Card14, Card9, Carf, Carhsp1, Carlr, Carm1, Cars1, Cars2, Casc3, Cask, Casp8ap2, Casz1, Cat, Cav1, Cavin1, Cavin2, Cavin4, Cbfa2t2, Cbfa2t3, Cbfb, Cbll1, Cbr2, Cbs, Cbx1, Cbx2, Cbx3, Cbx4, Cbx5, Cbx6, Cbx7, Cbx8, Cby1, Cc2d1a, Cc2d1b, Ccar1, Ccar2, Ccdc117, Ccdc124, Ccdc62, Ccdc85b, Ccl3, Ccn1, Ccn2, Ccna2, Ccnb1, Ccnb1ip1, Ccnc, Ccnd1, Ccnd3, Ccne1, Ccne2, Ccnh, Ccnk, Ccnl1, Ccnl2, Ccnq, Ccnt1, Ccnt2, Ccpg1, Ccr6, Cct2, Cct3, Cct4, Cct5, Cct6a, Cct7, Cct8, Cd200, Cd274, Cd28, Cd2bp2, Cd36, Cd38, Cd4, Cd40, Cd40lg, Cd74, Cd81, Cd84, Cda, Cdadc1, Cdc14a, Cdc14b, Cdc40, Cdc42, Cdc45, Cdc5l, Cdc5lrt1, Cdc5lrt10, Cdc5lrt4, Cdc5lrt5, Cdc5lrt6, Cdc5lrt7, Cdc5lrt8, Cdc5lrt9, Cdc6, Cdc7, Cdc73, Cdca5, Cdca7, Cdca7l, Cdh1, Cdh13, Cdk1, Cdk11b, Cdk12, Cdk13, Cdk2, Cdk2ap1, Cdk2ap1rt, Cdk5, Cdk5r1, Cdk5rap1, Cdk5rap2, Cdk5rap3, Cdk6, Cdk7, Cdk8, Cdk9, Cdkal1, Cdkn1a, Cdkn1b, Cdkn1c, Cdkn2a, Cdkn2d, Cdkn3, Cdon, Cdt1, Cdx1, Cdx2, Cdx4, Cdyl, Cebpa, Cebpb, Cebpd, Cebpe, Cebpg, Cebpz, Cela1, Celf1, Celf2, Celf3, Celf4, Celf5, Celf6, Celsr2, Cenatac, Cenpf, Cenpk, Cenps, Cenpx, Cep164, Cep290, Cep63, Ces1d, Cetn2, Cfh, Cflar, Cgas, Cggbp1, Chaf1a, Chaf1b, Chaserr, Chchd2, Chchd2-ps, Chchd4, Chd1l, Chd3, Chd4, Chd5, Chd6, Chd7, Chd8, Chek1, Chek2, Cherp, Chp1, Chp2, Chrac1, Chrna4, Chtf18, Chtf8, Chuk, Churc1, Ciao1, Ciart, Cib1, Cic, Cidea, Ciita, Cinp, Cipc, Cir1, Cirbp, Cited1, Cited2, Cited4, Ciz1, Ckap2, Cks1b, Cks2, Clasrp, Clcf1, Clec7a, Clk1, Clk2, Clk3, Clk4, Clns1a, Clock, Clp1, Clpx, Clspn, Clu, Cmah, Cmas, Cmklr1, Cmpk1, Cmpk2, Cmtm2a, Cmtr1, Cmtr2, Cnbp, Cnot1, Cnot10, Cnot2, Cnot3, Cnot6, Cnot6l, Cnot7, Cnot8, Cnot9, Cnp, Cntd1, Coasy, Coil, Col1a1, Col4a2, Col6a1, Commd1, Commd6, Commd7, Cops2, Cops5, Coq7, Cox11, Cpap, Cpeb1, Cpeb3, Cphx1, Cpped1, Cps1, Cpsf1, Cpsf2, Cpsf3, Cpsf4, Cpsf6, Cpsf7, Crcp, Creb1, Creb3, Creb3l1, Creb3l2, Creb3l3, Creb3l4, Creb5, Crebbp, Crebl2, Crebrf, Crebzf, Creg1, Crem, Crhr2, Cript, Cripto, Crlf3, Crnkl1, Crnn, Crot, Crtc1, Crtc2, Crtc3, Crx, Crxos, Cry1, Cry2, Cryab, Crym, Cs, Csdc2, Csde1, Csf2, Csf3, Csgalnact1, Csl, Csnk2a1, Csnk2a2, Csrnp1, Csrnp2, Csrnp3, Csrp3, Cst3, Cstf1, Cstf2, Cstf2t, Cstf3, Ctag2, Ctag2l1, Ctag2l2, Ctbp1, Ctbp2, Ctc1, Ctcf, Ctcfl, Ctdnep1, Ctdp1, Ctdsp1, Ctdsp2, Ctdspl, Ctdspl2, Cth, Ctif, Ctnnb1, Ctnnbip1, Ctnnbl1, Ctns, Ctps1, Ctps2, Ctr9, Ctu1, Ctu2, Cul3, Cul4a, Cul4b, Cux1, Cux2, Cwc15, Cwc22, Cwc22rt1, Cwc22rt2, Cwc22rt3, Cwc22rt4, Cwc22rt5, Cwc22rt6, Cwc22rt7, Cwc25, Cwf19l1, Cwf19l2, Cx3cl1, Cxcr3, Cxxc1, Cxxc5, Cyb5r4, Cyld, Cyp1b1, Cyren, Cys1, Cytl1, D1Pas1, Dab2, Dab2ip, Dach1, Dach2, Dact1, Dalrd3, Dap, Dars1, Dars2, Daxx, Dazap1, Dazl, Dbf4, Dbp, Dbr1, Dbx1, Dbx2, Dcaf1, Dcaf13, Dcaf6, Dcakd, Dck, Dclre1a, Dclre1b, Dclre1c, Dcn, Dcp1a, Dcp1b, Dcp2, Dcps, Dctd, Dctpp1, Dcxr, Ddb1, Ddb2, Ddit3, Ddit4, Ddn, Ddr2, Ddrgk1, Ddx1, Ddx10, Ddx11, Ddx17, Ddx18, Ddx20, Ddx21, Ddx23, Ddx27, Ddx39a, Ddx39b, Ddx3x, Ddx4, Ddx41, Ddx42, Ddx46, Ddx47, Ddx49, Ddx5, Ddx51, Ddx52, Ddx54, Ddx56, Deaf1, Dedd, Dek, Depdc1a, Dera, Dffa, Dffb, Dgat1, Dgat2, Dgcr8, Dgkq, Dguok, Dhodh, Dhrs7b, Dhtkd1, Dhx15, Dhx16, Dhx33, Dhx34, Dhx36, Dhx37, Dhx38, Dhx40, Dhx8, Dhx9, Dicer1, Dido1, Dimt1, Dip2a, Dis3, Dis3l, Dis3l2, Dkc1, Dkk1, Dkk3, Dlat, Dld, Dlg1, Dll1, Dll4, Dlst, Dlx1, Dlx2, Dlx3, Dlx4, Dlx5, Dlx6, Dlx6os1, Dmac2l, Dmap1, Dmbx1, Dmc1, Dmd, Dmrt1, Dmrt2, Dmrt3, Dmrta1, Dmrta2, Dmrtb1, Dmrtc2, Dmtf1, Dmtf1l, Dna2, Dnaja3, Dnajb1, Dnajb11, Dnajb4, Dnajb5, Dnajb6, Dnajc17, Dnajc2, Dnajc30, Dnase1, Dnase1l1, Dnase1l2, Dnase1l3, Dnase2a, Dnase2b, Dnd1, Dnm1l, Dnmt1, Dnmt3a, Dnmt3b, Dnmt3l, Dnph1, Dntt, Dnttip2, Donson, Dot1l, Dpagt1, Dpf1, Dpf2, Dpf3, Dph3, Dpm1, Dpy30, Dpyd, Dpys, Dr1, Drap1, Drd2, Drd3, Drgx, Drosha, Dscc1, Dtd1, Dtd2, Dtl, Dtwd1, Dtwd2, Dtx3l, Dtymk, Dubr, Dus1l, Dus2, Dus3l, Dus4l, Dusp1, Dusp10, Dusp12, Dusp13a, Dusp13b, Dusp14, Dusp15, Dusp18, Dusp19, Dusp2, Dusp21, Dusp22, Dusp23, Dusp26, Dusp28, Dusp29, Dusp3, Dusp4, Dusp5, Dusp6, Dusp7, Dusp8, Dut, Duxbl1, Duxf3, Duxf4, Dvl1, Dvl2, Dvl3, Dxo, Dynll1, Dyrk1a, Dyrk1b, E130311K13Rik, E230001N04Rik, E2f1, E2f2, E2f3, E2f4, E2f5, E2f6, E2f7, E2f8, E4f1, Eaf1, Eaf2, Eapp, Ear7, Ears2, Ebf1, Ebf2, Ebf3, Ebf4, Ebna1bp2, Ecd, Ecm1, Ecsit, Edc3, Edc4, Edf1, Edn1, Ednrb, Edrf1, Eed, Eef1d, Eepd1, Efcab7, Efemp1, Efl1, Efna1, Eftud2, Egf, Egfr, Egln1, Egr1, Egr2, Egr3, Egr4, Ehf, Ehhadh, Ehmt1, Ehmt2, Eid1, Eid2, Eid2b, Eid3, Eif1, Eif2ak2, Eif2ak3, Eif2ak4, Eif3e, Eif4a1, Eif4a3, Eif4a3l1, Eif4a3l2, Eif4enif1, Eif6, Elac1, Elac2, Elane, Elavl1, Elavl4, Elf1, Elf2, Elf3, Elf4, Elf5, Elk1, Elk3, Elk4, Ell, Ell2, Ell3, Eloa, Elob, Eloc, Elof1, Elovl1, Elovl3, Elovl4, Elovl5, Elovl6, Elovl7, Elp1, Elp2, Elp3, Elp4, Elp5, Elp6, Eme1, Eme2, Emg1, Emsy, Emx1, Emx2, En1, En2, Endog, Endov, Eng, Eno1, Eno1b, Eno2, Eno3, Eno4, Enpp1, Enpp3, Enpp4, Enpp5, Enpp7, Entpd1, Entpd2, Entpd3, Entpd4, Entpd4b, Entpd5, Entpd7, Entpd8, Eny2, Eomes, Ep300, Ep400, Epas1, Epc1, Epc2, Epcam, Epha2, Epha5, Epm2a, Epo, Epop, Eprs1, Erbb2, Erbb4, Erbin, Erc1, Ercc1, Ercc2, Ercc3, Ercc4, Ercc5, Ercc6, Ercc6l, Ercc6l2, Ercc8, Ereg, Erf, Erfl, Erg, Eri1, Ern1, Ern2, Esco1, Esco2, Esf1, Esr1, Esr2, Esrp1, Esrp2, Esrra, Esrrb, Esrrg, Ess2, Esx1, Etaa1, Etf1, Ets1, Ets2, Etv1, Etv2, Etv3, Etv3l, Etv4, Etv5, Etv6, Evx1, Evx2, Ewsr1, Exd1, Exd2, Exo1, Exo5, Exog, Exosc1, Exosc10, Exosc2, Exosc3, Exosc4, Exosc5, Exosc6, Exosc7, Exosc8, Exosc9, Extl2, Eya1, Eya2, Eya3, Eya4, Ezh1, Ezh2, Ezr, F2r, F2rl1, Faap100, Faap20, Faap24, Fabp4, Fadd, Faf1, Fam111a, Fam168a, Fam170a, Fam220a, Fam3a, Fam47c, Fam47e, Fam50a, Fam76b, Fan1, Fanca, Fancb, Fancc, Fancd2, Fancf, Fancg, Fanci, Fancl, Fancm, Fank1, Far1, Far2, Fars2, Farsa, Farsb, Fasl, Fasn, Fastk, Fastkd1, Fastkd2, Fastkd3, Fastkd5, Fbh1, Fbl, Fbll1, Fbln5, Fbp1, Fbxl19, Fbxl2, Fbxo24, Fbxo4, Fbxo5, Fbxo6, Fbxw11, Fbxw7, Fcf1, Fcgr2b, Fcor, Fcsk, Fdcsp, Fdx1, Fdxacb1, Fdxr, Fen1, Fer, Ferd3l, Fev, Fezf1, Fezf2, Fgf1, Fgf10, Fgf2, Fgf23, Fgf4, Fgf7, Fgf9, Fgfr1, Fgfr2, Fgfr3, Fgfr4, Fh1, Fhit, Fhl2, Fhl5, Fhod1, Figla, Fignl1, Fip1l1, Firrm, Fis1, Fitm2, Fiz1, Fkbp10, Fkbp11, Fkbp14, Fkbp1a, Fkbp1b, Fkbp2, Fkbp3, Fkbp4, Fkbp5, Fkbp6, Fkbp7, Fkbp8, Fkbp9, Fkrp, Flad1, Flcn, Fli1, Flna, Flt3l, Flywch1, Fmn2, Fmo1, Fmo2, Fmo5, Fmr1, Fnip1, Fnip2, Fos, Fosb, Fosl1, Fosl2, Foxa1, Foxa2, Foxa3, Foxb1, Foxb2, Foxc1, Foxc2, Foxd1, Foxd2, Foxd3, Foxd4, Foxe1, Foxe3, Foxf1, Foxf2, Foxg1, Foxh1, Foxi1, Foxi2, Foxi3, Foxj1, Foxj2, Foxj3, Foxk1, Foxk2, Foxl1, Foxl2, Foxl3, Foxm1, Foxn1, Foxn2, Foxn3, Foxn4, Foxo1, Foxo3, Foxo4, Foxo6, Foxp1, Foxp2, Foxp3, Foxp4, Foxq1, Foxr1, Foxr2, Foxs1, Fpgt, Fra10ac1, Frg1, Frk, Fst, Fstl3, Fto, Ftsj1, Ftsj3, Ftx, Fubp1, Fubp3, Fuom, Fus, Fut8, Fxr1, Fxr2, Fzd1, Fzd2, Fzd4, Fzd5, Fzd6, Fzd7, Fzr1, G6pd2, G6pdx, Gabpa, Gabpb1, Gabpb2, Gadd45a, Gal, Gale, Galk1, Galr1, Galr2, Galr3, Galt, Gamt, Gapdh, Gapdhrt, Gapdhrt2, Gapdhs, Gar1, Gars1, Gart, Gas5, Gas6, Gata1, Gata2, Gata3, Gata4, Gata5, Gata6, Gatad1, Gatad2a, Gatad2b, Gatb, Gatc, Gbp4, Gbx1, Gbx2, Gcdh, Gcfc2, Gch1, Gck, Gclc, Gcm1, Gcm2, Gda, Gdf2, Gdf6, Gdf7, Gdnf, Gemin2, Gemin4, Gemin5, Gemin6, Gemin6-ps, Gemin7, Gemin8, Gen1, Gfer, Gfi1, Gfi1b, Gfpt1, Gfpt2, Gfus, Ggn, Ghrh, Gigyf2, Gimap7, Gin1, Gins1, Gins2, Gins3, Gins4, Git1, Gja1, Gli1, Gli2, Gli3, Glis1, Glis2, Glis3, Glmp, Glo1, Glp1r, Glrp1, Glyat, Glyr1, Gm10033, Gm10768, Gm12258, Gm14295, Gm14322, Gm14325, Gm14391, Gm14399, Gm14401, Gm14403, Gm14412, Gm14418, Gm14434, Gm14443, Gm14444, Gm15446, Gm17067, Gm17655, Gm19965, Gm20737, Gm20738, Gm20747, Gm20773, Gm20795, Gm20806, Gm20807, Gm20808, Gm20812, Gm20815, Gm20816, Gm20818, Gm20821, Gm20822, Gm20825, Gm20826, Gm20830, Gm20834, Gm20852, Gm20854, Gm20865, Gm20873, Gm20914, Gm20917, Gm20918, Gm21118, Gm21292, Gm21310, Gm21394, Gm21719, Gm21778, Gm21812, Gm21854, Gm2381, Gm28171, Gm32687, Gm35315, Gm3604, Gm4275, Gm45871, Gm4767, Gm4924, Gm5141, Gm614, Gm6871, Gm7072, Gm7324, Gmcl1, Gmds, Gmeb1, Gmeb2, Gmnc, Gmnn, Gmppa, Gmppb, Gmpr, Gmpr2, Gmps, Gnai3, Gnas, Gne, Gnl3, Gnl3l, Gnmt, Gnpda1, Gnpda2, Gnpnat1, Gon4l, Gon7, Got1, Got2, Gpam, Gpat2, Gpat4, Gpatch1, Gpatch3, Gpbp1, Gpbp1l1, Gpd1, Gpd1l, Gpd2, Gper1, Gpi1, Gpkow, Gps2, Grem1, Grhl1, Grhl2, Grhl3, Grin1, Grm5, Grsf1, Grwd1, Gsc, Gsc2, Gsdmd, Gsk3a, Gsk3b, Gspt1, Gspt2, Gstt1, Gsx1, Gsx2, Gtdc1, Gtf2a1, Gtf2a1l, Gtf2a2, Gtf2b, Gtf2e1, Gtf2e2, Gtf2f1, Gtf2f2, Gtf2h1, Gtf2h2, Gtf2h3, Gtf2h4, Gtf2h5, Gtf2i, Gtf2ird1, Gtf3c1, Gtf3c2, Gtf3c3, Gtf3c4, Gtf3c5, Gtf3c6, Gtpbp1, Gtpbp2, Gtpbp3, Gtpbp4, Gtsf1, Guca1a, Guca1b, Gucy1a1, Gucy1b1, Gucy2c, Gucy2d, Gucy2e, Gucy2f, Gucy2g, Guk1, Gzf1, Gzma, H1f0, H1f1, H1f10, H1f2, H1f3, H1f4, H1f5, H1f6, H1f8, H1f9, H2ac25, H2ax, H2az1, H3c14, H6pd, Haao, Habp4, Halr1, Hamp, Hand1, Hand2, Hand2os1, Hars1, Hars2, Has3, Havcr2, Hax1, Hba-x, Hbb-bh1, Hbb-y, Hbp1, Hbs1l, Hcfc1, Hcfc2, Hck, Hcls1, Hcrt, Hdac1, Hdac10, Hdac2, Hdac3, Hdac4, Hdac5, Hdac7, Hdac8, Hdac9, Hdgf, Hdgfl2, Hdx, Heatr1, Helb, Helq, Helt, Helz2, Henmt1, Herc2, Hes1, Hes2, Hes3, Hes5, Hes6, Hes7, Hesx1, Hexb, Hexim1, Hexim2, Hey1, Hey2, Heyl, Hfm1, Hgf, Hhex, Hic1, Hic2, Hif1a, Hif1an, Hif3a, Hinfp, Hint1, Hipk1, Hipk2, Hipk3, Hira, Hivep1, Hivep2, Hivep3, Hjv, Hk1, Hk2, Hk3, Hkdc1, Hlf, Hltf, Hlx, Hmbox1, Hmces, Hmg20a, Hmg20b, Hmga1, Hmga1b, Hmga2, Hmgb1, Hmgb2, Hmgb4, Hmgcl, Hmgcr, Hmgcs1, Hmgcs2, Hmgn1, Hmgn2, Hmgn3, Hmgn5, Hmox1, Hmx1, Hmx2, Hmx3, Hnf1a, Hnf1b, Hnf4a, Hnf4g, Hnrnpa0, Hnrnpa1, Hnrnpa2b1, Hnrnpa3, Hnrnpab, Hnrnpc, Hnrnpd, Hnrnpdl, Hnrnpf, Hnrnph1, Hnrnph2, Hnrnph3, Hnrnpk, Hnrnpl, Hnrnpll, Hnrnpm, Hnrnpr, Hnrnpu, Hnrnpul1, Hnrnpul2, Homez, Hopx, Hormad1, Hoxa1, Hoxa10, Hoxa11, Hoxa11os, Hoxa13, Hoxa2, Hoxa3, Hoxa4, Hoxa5, Hoxa6, Hoxa7, Hoxa9, Hoxb1, Hoxb13, Hoxb2, Hoxb3, Hoxb4, Hoxb5, Hoxb6, Hoxb7, Hoxb8, Hoxb9, Hoxc10, Hoxc11, Hoxc12, Hoxc13, Hoxc4, Hoxc5, Hoxc6, Hoxc8, Hoxc9, Hoxd1, Hoxd10, Hoxd11, Hoxd12, Hoxd13, Hoxd3, Hoxd4, Hoxd8, Hoxd9, Hp1bp3, Hpf1, Hprt1, Hr, Hras, Hrh3, Hrob, Hsbp1, Hsbp1l1, Hsd11b1, Hsd17b10, Hsd17b4, Hsf1, Hsf2, Hsf2bp, Hsf3, Hsf4, Hsf5, Hsp90aa1, Hsp90ab1, Hspa1a, Hspa1b, Hspa8, Hspd1, Htatip2, Htatsf1, Htr2a, Hus1, Hus1b, Huwe1, Hyal2, Iars1, Iars2, Ice1, Ice2, Icmt, Icosl, Id1, Id2, Id3, Id4, Idh1, Idh2, Ido1, Ido2, Ier2, Ier3, Ier5, Iffo1, Ifi203, Ifi203-ps, Ifi204, Ifi206, Ifi207, Ifi208, Ifi209, Ifi213, Ifi214, Ifi27, Ifnar1, Ifnar2, Ifnb1, Ifng, Ifnk, Ifrd1, Ift172, Ift74, Igbp1, Igf1, Igf1r, Igf2, Igf2bp1, Igf2bp2, Igf2bp3, Igfbp3, Ighmbp2, Igsf1, Ihh, Iho1, Ik, Ikbkb, Ikbke, Ikbkg, Ikzf1, Ikzf2, Ikzf3, Ikzf4, Ikzf5, Il10, Il11, Il13, Il17a, Il17f, Il18, Il18r1, Il18rap, Il1a, Il1b, Il1rap, Il2, Il22, Il23a, Il25, Il27ra, Il3, Il33, Il4, Il4i1, Il4i1b, Il5, Il6, Ildr1, Ildr2, Ilf2, Ilf3, Ilk, Ilkap, Imp3, Imp4, Impact, Impdh1, Impdh2, Impdh2-ps, Ing1, Ing2, Ing3, Ing4, Ing5, Inhba, Inip, Ino80, Ino80b, Ino80c, Ino80d, Ino80e, Inpp5k, Inppl1, Ins1, Ins2, Insm1, Insm2, Insr, Ints1, Ints10, Ints11, Ints12, Ints14, Ints2, Ints3, Ints4, Ints5, Ints6, Ints6l, Ints7, Ints8, Ints9, Ippk, Iqce, Irak1, Irak2, Irak3, Irf1, Irf2, Irf2bp1, Irf2bp2, Irf2bpl, Irf3, Irf4, Irf5, Irf6, Irf7, Irf8, Irf9, Irx1, Irx2, Irx3, Irx4, Irx5, Irx6, Isg20, Isg20l2, Isl1, Isl2, Isx, Isy1, Itch, Itga6, Itga8, Itgb1bp1, Itgb3bp, Itpa, Ivns1abp, Iws1, Jade1, Jade2, Jade3, Jag1, Jak2, Jak3, Jarid2, Jazf1, Jdp2, Jmjd1c, Jmjd6, Jmjd8, Jmy, Jph2, Jpx, Jun, Junb, Jund, Jup, Kank2, Kansl1, Kansl2, Kansl3, Kars1, Kash5, Kat14, Kat2a, Kat2b, Kat5, Kat6a, Kat6b, Kat7, Kat8, Kcnab2, Kcnh2, Kcnip3, Kcnk2, Kctd1, Kctd13, Kctd15, Kdm1a, Kdm1b, Kdm2a, Kdm2b, Kdm3a, Kdm3b, Kdm4a, Kdm4c, Kdm4d, Kdm5a, Kdm5b, Kdm5c, Kdm5d, Kdm6a, Kdm6b, Kdm7a, Kdm8, Keap1, Khdc3, Khdc4, Khdrbs1, Khdrbs2, Khdrbs3, Khk, Khsrp, Kif22, Kin, Kit, Klf1, Klf10, Klf11, Klf12, Klf13, Klf14, Klf15, Klf16, Klf17, Klf2, Klf3, Klf4, Klf5, Klf6, Klf7, Klf8, Klf9, Klhl15, Kmo, Kmt2a, Kmt2b, Kmt2c, Kmt2d, Kmt2e, Kmt5a, Kmt5b, Kmt5c, Kpna6, Kri1, Krr1, Kti12, Kynu, L3mbtl1, L3mbtl2, L3mbtl3, L3mbtl4, Lacc1, Lage3, Lamtor5, Lancl2, Larp1, Larp4b, Larp6, Larp7, Larp7-ps, Lars1, Lars2, Las1l, Lbh, Lbx1, Lbx2, Lcmt2, Lcor, Lcorl, Ldb1, Ldb2, Ldha, Ldhb, Ldhc, Ldhd, Lef1, Lefty1, Leo1, Lep, Lgals3, Lhx1, Lhx2, Lhx3, Lhx4, Lhx5, Lhx6, Lhx8, Lhx9, Lif, Lig1, Lig3, Lig4, Lilrb4a, Lilrb4b, Limd1, Lime1, Lims1, Lin28a, Lin28b, Lin37, Lin52, Lin54, Lin9, Lipa, Lipe, Litaf, Lmcd1, Lmna, Lmntd2, Lmo1, Lmo2, Lmo3, Lmo4, Lmo7, Lmx1a, Lmx1b, Lncbate1, Lox, Loxl2, Loxl3, Lpar5, Lpin1, Lpin2, Lpin3, Lrif1, Lrp5, Lrp6, Lrpprc, Lrrc14, Lrrc47, Lrrfip1, Lrrfip2, Lrrk2, Lrwd1, Lsm1, Lsm10, Lsm11, Lsm14b, Lsm2, Lsm3, Lsm4, Lsm5, Lsm6, Lsm7, Lsm8, Ltf, LTO1, Luc7l, Luc7l2, Luc7l3, Lum, Lyar, Lyl1, M1ap, Macc1, Macrod1, Macrod2, Macroh2a1, Macroh2a2, Mad2l2, Mael, Maf, Maf1, Mafa, Mafb, Maff, Mafg, Mafk, Magea1, Magea10, Magea13, Magea14, Magea2, Magea3, Magea4, Magea5, Magea6, Magea8, Magea9, Mageb11, Mageb16, Mageb18, Mageb2, Mageb3, Mageb4, Mageb5, Mageb5b, Mageb6b1, Magec2, Maged1, Maged2, Magee1, Magee2, Mageh1, Magel2, Magoh, Magohb, Majin, Mak, Mak16, Malat1, Malt1, Maml1, Maml2, Maml3, Mamld1, Mamstr, Map2k1, Map2k2, Map2k3, Map2k4, Map2k5, Map2k7, Map3k1, Map3k10, Map3k12, Map3k13, Map3k4, Map3k5, Mapk1, Mapk10, Mapk14, Mapk15, Mapk3, Mapk7, Mapk8, Mapk8ip1, Mapk9, Mapkapk2, Mapkapk5, Mapre3, Marf1, Mars1, Mars2, Mas1, Mavs, Max, Maz, Mbd1, Mbd2, Mbd3, Mbd3l1, Mbd3l2, Mbd4, Mbip, Mblac1, Mbnl1, Mbnl2, Mbnl3, Mbtd1, Mbtps2, Mc1r, Mccc2, Mcee, Mcf2l, Mcidas, Mcm10, Mcm2, Mcm3, Mcm4, Mcm5, Mcm6, Mcm7, Mcm8, Mcm9, Mcmbp, Mcmdc2, Mcph1, Mcrs1, Mdc1, Mdfi, Mdfic, Mdfic2, Mdh1, Mdh1b, Mdh2, Mdk, Mdm2, Mdm4, Me1, Me2, Meaf6, Mecom, Mecp2, Med1, Med10, Med11, Med12, Med12l, Med13, Med13l, Med14, Med15, Med16, Med17, Med18, Med19, Med20, Med21, Med22, Med23, Med24, Med25, Med26, Med27, Med28, Med29, Med30, Med31, Med4, Med6, Med7, Med8, Med9, Mef2a, Mef2b, Mef2c, Mef2d, Mei4, Meiob, Meioc, Meiosin, Meis1, Meis2, Meis3, Men1, Meox1, Meox2, Mepce, Mesp1, Mesp2, Met, Mettl1, Mettl13, Mettl14, Mettl15, Mettl16, Mettl18, Mettl2, Mettl23, Mettl3, Mettl4, Mettl5, Mettl6, Mettl8, Mex3d, Mfap1a, Mfap1b, Mfn1, Mfsd8, Mga, Mgat1, Mgme1, Mgmt, Mical2, Mid2, Mideas, Mier1, Mier2, Mier3, Mir103-1, Mir103-2, Mir143, Mir144, Mir181b-1, Mir181b-2, Mir196a-1, Mir196a-2, Mir196b, Mir205hg, Mir3960, Mir451a, Mir451b, Mir466d, Mir466l, Mir7-1, Mir744, Mir7578, Mirlet7b, Mirlet7c-1, Mirlet7c-2, Mitf, Mixl1, Mkrn2, Mkx, Mlf1, Mlf2, Mlh1, Mlh3, Mlip, Mllt1, Mllt10, Mllt11, Mllt3, Mllt6, Mlst8, Mlx, Mlxip, Mlxipl, Mlycd, Mmp12, Mms19, Mms22l, Mmut, Mn1, Mnat1, Mnd1, Mndal, Mnt, Mnx1, Mocs3, Morc1, Morc2a, Morc2b, Morc3, Morf4l1, Morf4l2, Mospd1, Mov10, Mov10l1, Mpc1, Mpc2, Mpg, Mphosph10, Mphosph6, Mphosph8, Mpi, Mpnd, Mpv17, Mre11a, Mrgbp, Mrm1, Mrm2, Mrm3, Mrnip, Mrpl12, Mrpl44, Mrtfa, Mrtfb, Mrto4, Msantd1, Msc, Msgn1, Msh2, Msh3, Msh4, Msh5, Msh6, Msl1, Msl2, Msl3, Mstn, Msx1, Msx2, Msx3, mt-Atp6, mt-Atp8, mt-Nd1, mt-Nd2, mt-Nd3, mt-Nd4, mt-Nd4l, mt-Nd5, mt-Nd6, Mt3, Mta1, Mta2, Mta3, Mtap, Mtch2, Mtdh, Mterf1a, Mterf1b, Mterf2, Mterf3, Mterf4, Mtf1, Mtfmt, Mthfd1, Mthfd2l, Mtnap1, Mto1, Mtor, Mtpap, Mtpn, Mtres1, Mtrex, Mturn, Muc1, Mup1, Mup11, Mup2, Mup3, Mup4, Mup5, Mus81, Musk, Mutyh, Mvd, Mvk, Mxd1, Mxd3, Mxd4, Mxi1, Myb, Mybbp1a, Mybl1, Mybl2, Myc, Mycbp, Mycl, Mycn, Mycs, Myd88, Mydgf, Myef2, Myf5, Myf6, Myg1, Myh3, Myh6, Myh7, Myh8, Mynn, Myo1c, Myocd, Myod1, Myog, Myoz1, Myoz2, Mypop, Myrf, Myrfl, Mysm1, Myt1, Myt1l, Mzf1, N4bp2l2, N6amt1, Naa15, Nab1, Nab2, Nabp1, Nabp2, Nacc1, Nacc2, Nadk, Nadk2, Nadsyn1, Naf1, Nampt, Nanog, Nanos1, Nanos2, Nanos3, Nanp, Nans, Naprt, Nars1, Nars2, Nasp, Nat10, Naxd, Naxe, Nbas, Nbdy, Nbn, Ncapg2, Ncbp1, Ncbp2, Ncbp3, Ncf1, Ncf2, Nck1, Nck2, Ncl, Ncoa1, Ncoa2, Ncoa3, Ncoa6, Ncoa7, Ncor1, Ncor2, Ndfip1, Ndn, Ndp, Ndufa1, Ndufa10, Ndufa11, Ndufa12, Ndufa13, Ndufa2, Ndufa3, Ndufa5, Ndufa6, Ndufa7, Ndufa8, Ndufa9, Ndufab1, Ndufb1, Ndufb10, Ndufb11, Ndufb2, Ndufb3, Ndufb4, Ndufb5, Ndufb6, Ndufb7, Ndufb8, Ndufb9, Ndufc1, Ndufc2, Ndufs1, Ndufs2, Ndufs3, Ndufs4, Ndufs5, Ndufs6, Ndufs7, Ndufs8, Ndufv1, Ndufv2, Ndufv3, Nedd4, Nedd8, Neil1, Neil2, Neil3, Nek2, Nek4, Nek7, Nelfa, Nelfb, Nelfcd, Nelfe, Neo1, Nepn, Neurl4, Neurod1, Neurod2, Neurod4, Neurod6, Neurog1, Neurog2, Neurog3, Nfat5, Nfatc1, Nfatc2, Nfatc2ip, Nfatc3, Nfatc4, Nfe2, Nfe2l1, Nfe2l2, Nfe2l3, Nfia, Nfib, Nfic, Nfil3, Nfilz, Nfix, Nfkb1, Nfkb2, Nfkbia, Nfkbid, Nfkbie, Nfkbil1, Nfkbiz, Nfrkb, Nfx1, Nfxl1, Nfya, Nfyb, Nfyc, Ngdn, Ngf, Ngfr, Nhej1, Nhlh1, Nhlh2, Nhp2, Niban2, Nicol1, Nif3l1, Nipbl, Nkap, Nkrf, Nktr, Nkx1-1, Nkx1-2, Nkx2-1, Nkx2-2, Nkx2-3, Nkx2-4, Nkx2-5, Nkx2-6, Nkx2-9, Nkx3-1, Nkx3-2, Nkx6-1, Nkx6-2, Nkx6-3, Nlk, Nlrc3, Nlrc4, Nlrc5, Nlrp12, Nlrp3, Nlrp5, Nmd3, Nme1, Nme2, Nme3, Nme4, Nme5, Nme6, Nme7, Nme9, Nmnat1, Nmnat2, Nmnat3, Nmrk1, Nmrk2, Nnt, Nob1, Nobox, Noc2l, Noc3l, Noct, Nod1, Nod2, Nodal, Nog, Nol10, Nol11, Nol3, Nol6, Nol7, Nol8, Nol9, Nolc1, Nono, Nop10, Nop14, Nop2, Nop53, Nop9, Nos1, Nos3, Nostrin, Notch1, Notch2, Notch3, Notch4, Noto, Nova1, Nova2, Nox4, Npas1, Npas2, Npas3, Npas4, Npat, Npm1, Npm2, Npm3, Npnt, Nppa, Nppb, Nppc, Npr1, Npr2, Nqo1, Nr0b1, Nr0b2, Nr1d1, Nr1d2, Nr1h2, Nr1h3, Nr1h4, Nr1h5, Nr1i2, Nr1i3, Nr2c1, Nr2c2, Nr2e1, Nr2e3, Nr2f1, Nr2f2, Nr2f6, Nr3c1, Nr3c2, Nr4a1, Nr4a2, Nr4a3, Nr5a1, Nr5a2, Nr6a1, Nrarp, Nrbf2, Nrde2, Nrf1, Nrg1, Nrip1, Nrip2, Nrl, Nsa2, Nscme3l, Nsd1, Nsd2, Nsd3, Nsmce1, Nsmce2, Nsmce3, Nsmce4a, Nsrp1, Nsun2, Nsun3, Nsun4, Nsun5, Nsun6, Nt5c, Nt5c1a, Nt5c1b, Nt5c2, Nt5c3, Nt5c3b, Nt5e, Nt5m, Ntf3, Nthl1, Ntn3, Ntrk1, Nts, Nucks1, Nudt1, Nudt10, Nudt11, Nudt12, Nudt13, Nudt14, Nudt15, Nudt16, Nudt16l1, Nudt16l2, Nudt17, Nudt18, Nudt19, Nudt2, Nudt21, Nudt3, Nudt4, Nudt5, Nudt7, Nudt8, Nudt9, Nufip1, Nuggc, Nup155, Nup62, Nup85, Nup98, Nupr1, Nupr2, Nvl, Nwd1, Nynrin, Oard1, Oas1a, Oas1b, Oas1c, Oas1d, Oas1e, Oas1f, Oas1g, Oas1h, Oas2, Oas3, Oasl2, Obi1, Obox1, Obox2, Obox3, Obox4, Obox5, Obox6, Obox7, Obox8, Oga, Ogdh, Ogg1, Ogt, Ola1, Olig1, Olig2, Olig3, Onecut1, Onecut2, Onecut3, Ooep, Oog1, Oog2, Oog3, Opa1, Orc1, Orc2, Orc3, Orc4, Orc5, Orc6, Osgep, Osgepl1, Osm, Osr1, Osr2, Otp, Otub1, Otud4, Otud7b, Otulin, Otx1, Otx2, Ovol1, Ovol2, Ovol3, Oxct2a, Oxsm, P2rx2, P2rx7, P2ry1, Pa2g4, Pabpc1, Pabpc1l, Pabpc2, Pabpc4, Pabpn1, Pabpn1l, Padi2, Paf1, Pagr1a, Paics, Paip1, Pak1ip1, Pak3, Palb2, Pals1, Pals2, Pam, Pam16, Pan2, Pan3, Pank1, Pank2, Pank3, Pank4, Papola, Papolb, Papolg, Papss1, Papss2, Parg, Park7, Parn, Parp1, Parp10, Parp2, Parp3, Parp9, Parpbp, Pars2, Pasd1, Pask, Patl1, Patl2, Patz1, Pawr, Pax1, Pax2, Pax3, Pax4, Pax5, Pax6, Pax7, Pax8, Pax9, Paxbp1, Paxip1, Paxx, Pbrm1, Pbx1, Pbx2, Pbx3, Pbx4, Pbxip1, Pcbd1, Pcbd2, Pcbp1, Pcbp2, Pcbp3, Pcbp4, Pcf11, Pcgf1, Pcgf2, Pcgf3, Pcgf5, Pcgf6, Pcid2, Pcif1, Pck1, Pck2, Pclaf, Pcmt1, Pcna, Pcx, Pcyt1a, Pdcd11, Pdcd4, Pdcd7, Pde10a, Pde12, Pde1a, Pde2a, Pde3a, Pde4a, Pde4c, Pde4d, Pde5a, Pde7a, Pde7b, Pde8a, Pde8b, Pde9a, Pdgfb, Pdgfrb, Pdha1, Pdha2, Pdhb, Pdhx, Pdk1, Pdk2, Pdk3, Pdk4, Pdlim1, Pds5a, Pds5b, Pdx1, Pdxp, Peg3, Peli1, Pelo, Pelp1, Pemt, Per1, Per2, Per3, Perm1, Pes1, Pex14, Pf4, Pfas, Pfdn5, Pfkfb1, Pfkfb2, Pfkfb3, Pfkl, Pfkm, Pfkp, Pfn1, Pgam1, Pgam2, Pgam5, Pgbd5, Pgd, Pgk1, Pgk2, Pgls, Pgm2, Pgm3, Pgr, Phax, Phb1, Phb2, Phc1, Phc2, Phc3, Phf10, Phf12, Phf13, Phf14, Phf19, Phf2, Phf20, Phf20l1, Phf21a, Phf3, Phf5a, Phf6, Phf8, Phip, Phlpp1, Phlpp2, Phox2a, Phox2b, Phrf1, Pias1, Pias2, Pias3, Pias4, Picalm, Pid1, Pif1, Pih1d1, Pih1d2, Pik3r1, Pik3r2, Pim1, Pim2, Pin1, Pin1rt1, Pin4, Pink1, Pinx1, Pipox, Pithd1, Pitx1, Pitx2, Pitx3, Piwil1, Piwil2, Piwil4, Pkd1, Pkd2, Pkhd1, Pkia, Pkib, Pkig, Pklr, Pkm, Pkn1, Pknox1, Pknox2, Pkp1, Pkp3, Pla2g10, Plac8, Plag1, Plagl1, Plagl2, Platr25, Plcb1, Plcg2, Pld3, Pld4, Pld6, Plekhn1, Plk1, Plk3, Plpp3, Plrg1, Plscr1, Pmf1, Pml, Pmm1, Pmm2, Pms1, Pms2, Pmvk, Pnkp, Pnldc1, Pnn, Pnp, Pnp2, Pnpt1, Pnrc1, Pnrc2, Pogk, Pogz, Pola1, Pola2, Polb, Pold1, Pold2, Pold3, Pold4, Poldip2, Pole, Pole2, Pole3, Pole4, Polg, Polg2, Polh, Poli, Polk, Poll, Polm, Poln, Polq, Polr1a, Polr1b, Polr1c, Polr1d, Polr1e, Polr1f, Polr1g, Polr1h, Polr2a, Polr2b, Polr2c, Polr2d, Polr2e, Polr2f, Polr2g, Polr2h, Polr2i, Polr2j, Polr2k, Polr2l, Polr2m, Polr3a, Polr3b, Polr3c, Polr3d, Polr3e, Polr3f, Polr3g, Polr3gl, Polr3h, Polr3k, Polrmt, Pomc, Pop1, Pop4, Pop5, Pop7, Pot1a, Pot1b, Potefam3a, Potefam3b, Pou1f1, Pou2af1, Pou2af2, Pou2af3, Pou2f1, Pou2f2, Pou2f3, Pou3f1, Pou3f2, Pou3f3, Pou3f4, Pou4f1, Pou4f2, Pou4f3, Pou5f1, Pou5f2, Pou6f1, Pou6f2, Ppan, Ppara, Ppard, Pparg, Ppargc1a, Ppargc1b, Ppat, Ppcdc, Ppcs, Ppef1, Ppef2, Pphln1, Ppia, Ppib, Ppic, Ppid, Ppie, Ppif, Ppig, Ppih, Ppil1, Ppil2, Ppil3, Ppil4, Ppm1a, Ppm1b, Ppm1d, Ppm1e, Ppm1f, Ppm1g, Ppm1h, Ppm1j, Ppm1k, Ppm1l, Ppm1m, Ppm1n, Ppp1ca, Ppp1cb, Ppp1cc, Ppp1r10, Ppp1r12a, Ppp1r13l, Ppp1r15a, Ppp1r1b, Ppp1r8, Ppp2ca, Ppp2cb, Ppp2r5b, Ppp2r5d, Ppp3ca, Ppp3cb, Ppp3cc, Ppp3r1, Ppp4c, Ppp4r2, Ppp4r3a, Ppp4r3b, Ppp4r3c1, Ppp4r3c2, Ppp5c, Ppp6c, Pprc1, Pptc7, Ppwd1, Pqbp1, Pramel1, Pramel7, Prdm1, Prdm10, Prdm11, Prdm12, Prdm13, Prdm14, Prdm15, Prdm16, Prdm2, Prdm4, Prdm5, Prdm6, Prdm8, Prdm9, Prdx2, Prdx3, Prdx5, Prdx6, Prdx6b, Preb, Prickle1, Prim1, Prim2, Primpol, Prkaa1, Prkaa2, Prkaca, Prkag1, Prkag2, Prkag3, Prkcb, Prkcd, Prkcg, Prkch, Prkci, Prkcq, Prkcz, Prkd1, Prkd2, Prkdc, Prkn, Prkra, Prkrip1, Prl, Prl2c2, Prmt1, Prmt2, Prmt3, Prmt5, Prmt6, Prmt7, Prmt8, Prmt9, Prnp, Prop1, Prorp, Prorsd1, Prox1, Prox2, Prpf18, Prpf19, Prpf3, Prpf31, Prpf38a, Prpf38b, Prpf39, Prpf4, Prpf40a, Prpf40b, Prpf4b, Prpf6, Prpf8, Prps1, Prps1l1, Prps1l3, Prps2, Prpsap1, Prpsap2, Prr5l, Prr7, Prrx1, Prrx2, Prx, Prxl2c, Psen1, Psen2, Psip1, Psma6, Psmc3ip, Psmc5, Psmc6, Psmd10, Psmd14, Psmd9, Psme4, Pspc1, Psrc1, Ptafr, Ptbp1, Ptbp2, Ptbp3, Ptcd1, Ptcd2, Ptch1, Pten, Ptf1a, Ptgdr, Ptges2, Ptges3, Ptges3-ps, Ptgis, Ptgs2os, Pth, Pth2, Pthlh, Ptk2b, Ptma, Ptms, Ptov1, Ptp4a3, Ptpa, Ptpmt1, Ptpn2, Ptprc, Ptprk, Ptprn, Pttg1, Pudp, Puf60, Pum1, Pum2, Pura, Purb, Purg, Pus1, Pus10, Pus3, Pus7, Pus7l, Pusl1, Pwp1, Pwp2, Pwwp2a, Pwwp2b, Pwwp3a, Pycard, Pycr3, Pygo1, Pym1, Qars1, Qki, Qng1, Qprt, Qrich1, Qrsl1, Qtrt1, Qtrt2, Rab23, Rab7b, Rac1, Rad1, Rad17, Rad18, Rad21, Rad21l, Rad23a, Rad23b, Rad50, Rad51, Rad51ap1, Rad51b, Rad51c, Rad51d, Rad52, Rad54b, Rad54l, Rad54l2, Rad9a, Rad9b, Radx, Raf1, Rag1, Rag2, Rai1, Ralgapa1, Raly, Ramac, Ran, Rap2c, Rapgef3, Rara, Rarb, Rarg, Rars1, Rars2, Rasd1, Rasl11a, Rax, Rb1, Rbak, Rbbp4, Rbbp5, Rbbp6, Rbbp7, Rbbp8, Rbck1, Rbfa, Rbfox1, Rbfox2, Rbfox3, Rbks, Rbl1, Rbl2, Rbm10, Rbm11, Rbm12, Rbm12b1, Rbm12b2, Rbm14, Rbm15, Rbm15b, Rbm17, Rbm20, Rbm22, Rbm24, Rbm25, Rbm28, Rbm3, Rbm33, Rbm34, Rbm38, Rbm39, Rbm4, Rbm41, Rbm42, Rbm44, Rbm46, Rbm47, Rbm48, Rbm4b, Rbm5, Rbm6, Rbm7, Rbm8a, Rbm8a2, Rbms1, Rbmx, Rbmx2, Rbmxl1, Rbmxl2, Rbmy, Rbmyf1, Rbmyf3, Rbmyf6, Rbmyf9, Rbpj, Rbpjl, Rbpms, Rbpms2, Rbx1, Rc3h1, Rc3h2, Rcl1, Rcor1, Rcor2, Rcor3, Rd3, Rec114, Rec8, Recql, Recql4, Recql5, Rel, Rela, Relb, Reln, Reno1, Repin1, Rere, Rest, Ret, Rev1, Rev3l, Rex2, Rexo1, Rexo2, Rexo4, Rexo5, Rfc1, Rfc2, Rfc3, Rfc4, Rfc5, Rfk, Rfwd3, Rfx1, Rfx2, Rfx3, Rfx4, Rfx5, Rfx6, Rfx7, Rfx8, Rfxank, Rfxap, Rgcc, Rgma, Rgmb, Rgn, Rhebl1, Rhno1, Rhoa, Rhog, Rhoq, Rhox1, Rhox10, Rhox11, Rhox12, Rhox13, Rhox2a, Rhox2b, Rhox2c, Rhox2d, Rhox2f, Rhox2g, Rhox2h, Rhox3a, Rhox3c, Rhox3f, Rhox3g, Rhox3h, Rhox4a, Rhox4b, Rhox4c, Rhox4d, Rhox4e, Rhox4f, Rhox4g, Rhox5, Rhox6, Rhox7a, Rhox7b, Rhox8, Rhox9, Rida, Rif1, Rigi, Ring1, Riok1, Riok2, Riok3, Riox1, Riox2, Ripk1, Ripk2, Ripk3, Ripk4, Ripply1, Ripply2, Ripply3, Rit2, Rlf, Rlig1, Rlim, Rmi1, Rmi2, Rnaseh1, Rnaseh2a, Rnaseh2b, Rnaseh2c, Rnasel, Rnaset2a, Rnaset2b, Rnf10, Rnf111, Rnf113a1, Rnf113a2, Rnf126, Rnf138, Rnf138rt1, Rnf14, Rnf141, Rnf168, Rnf169, Rnf187, Rnf2, Rnf20, Rnf212, Rnf212b, Rnf220, Rnf25, Rnf31, Rnf4, Rnf40, Rnf6, Rnf8, Rngtt, Rnmt, Rnpc3, Rnps1, Rnu11, Rnu12, Rnu2-10, Rnu7, Rny1, Rny3, Rock1, Rock2, Ror1, Ror2, Rora, Rorb, Rorc, Rp9, Rpa1, Rpa2, Rpa3, Rpain, Rpap1, Rpap2, Rpe, Rpf1, Rpf2, Rpia, Rpl10, Rpl10-ps3, Rpl11, Rpl14, Rpl23, Rpl26, Rpl27, Rpl35, Rpl35a, Rpl5, Rpl7, Rpl7a, Rpl7l1, Rpp14, Rpp21, Rpp25, Rpp25l, Rpp30, Rpp38, Rpp40, Rprd1a, Rprd1b, Rprd2, Rps13, Rps14, Rps15, Rps16, Rps17, Rps19, Rps21, Rps24, Rps25, Rps26, Rps27, Rps27rt, Rps28, Rps3, Rps6, Rps6-ps4, Rps6ka1, Rps6ka3, Rps6ka4, Rps6ka5, Rps7, Rps8, Rptor, Rpusd1, Rpusd2, Rpusd3, Rpusd4, Rreb1, Rrm1, Rrm2, Rrm2b, Rrn3, Rrp1, Rrp15, Rrp1b, Rrp36, Rrp7a, Rrp8, Rrp9, Rrs1, Rsf1, Rsl1, Rslcan18, Rsrc1, Rsrp1, Rtca, Rtcb, Rtel1, Rtf1, Rtf2, Rtkn2, Rtraf, Runx1, Runx1t1, Runx2, Runx3, Ruvbl1, Ruvbl2, Rwdd1, Rwdd3, Rxra, Rxrb, Rxrg, Rybp, Rybp-ps, S100a1, S100a10, S1pr1, Safb, Safb2, Sall1, Sall2, Sall3, Sall4, Samd1, Samd11, Samd4, Samd4b, Samd7, Samhd1, Sanbr, Sap130, Sap18, Sap18b, Sap25, Sap30, Sap30bp, Sap30l, Sarm1, Sarnp, Sars1, Sars2, Sart1, Sart3, Satb1, Satb2, Sbds, Sbno1, Sbno2, Scaf1, Scaf11, Scaf4, Scaf8, Scai, Scand1, Scgb1a1, Scmh1, Scml2, Scml4, Scnm1, Scrt1, Scrt2, Scx, Sdcbp, Sde2, Sdha, Sdhb, Sdhc, Sdhd, Sdr16c5, Secisbp2, Selenon, Sem1, Sema4d, Senp1, Senp2, Senp3, Sepsecs, Serpinf2, Sertad1, Sertad2, Sertad3, Sesn2, Setbp1, Setd1a, Setd2, Setd3, Setd4, Setd5, Setd6, Setd7, Setdb1, Setdb2, Setmar, Setx, Sf1, Sf3a1, Sf3a2, Sf3a3, Sf3b1, Sf3b2, Sf3b3, Sf3b4, Sf3b5, Sf3b6, Sfmbt1, Sfmbt2, Sfn, Sfpq, Sfr1, Sfrp1, Sfrp2, Sfrp4, Sfrp5, Sfswap, Sgf29, Sgms1os1, Sgsm1, Sh2b1, Shc1, Shh, Shld1, Shld2, Shld3, Shmt1, Shoc1, Shox2, Shpk, Shprh, Sidt2, Sik1, Sik2, Sim1, Sim2, Sin3a, Sin3b, Sinhcaf, Sirt1, Sirt2, Sirt3, Sirt6, Sirt7, Siva1, Six1, Six2, Six3, Six4, Six5, Six6, Skap1, Ski, Skic2, Skic3, Skic8, Skil, Skor1, Skor2, Skp2, Sla2, Slbp, Slc11a1, Slc15a4, Slc1a3, Slc25a11, Slc25a12, Slc25a13, Slc25a16, Slc25a18, Slc25a22, Slc25a25, Slc25a33, Slc25a42, Slc27a3, Slc2a6, Slc30a9, Slc35a1, Slc35c1, Slc37a2, Slc38a2, Slc38a3, Slc39a5, Slc39a8, Slc40a1, Slc4a1, Slc4a4, Slc4a7, Slc52a2, Slc52a3, Slc9a1, Slco3a1, Slf1, Slf2, Slfn1, Slfn14, Slfn2, Slfn8, Slfn9, Slirp, Sltm, Slu7, Slx1b, Slx4, Slx9, Smad1, Smad2, Smad3, Smad4, Smad5, Smad6, Smad7, Smad9, Smarca1, Smarca2, Smarca4, Smarca5, Smarcad1, Smarcal1, Smarcb1, Smarcc1, Smarcc2, Smarcd1, Smarcd2, Smarcd3, Smarce1, Smc1a, Smc2, Smc3, Smc4, Smc5, Smc6, Smchd1, Smg1, Smg5, Smg6, Smg7, Smg8, Smg9, Smn1, Smndc1, Smo, Smoc2, Smpd3, Smpdl3a, Smtnl1, Smu1, Smug1, Smyd1, Smyd2, Smyd3, Snai1, Snai2, Snai3, Snapc1, Snapc2, Snapc3, Snapc4, Snapc5, Snca, Snd1, Snf8, Snip1, Snrnp200, Snrnp25, Snrnp27, Snrnp35, Snrnp40, Snrnp48, Snrnp70, Snrpa, Snrpa1, Snrpb, Snrpb2, Snrpc, Snrpd1, Snrpd2, Snrpd3, Snrpe, Snrpert, Snrpf, Snrpg, Snrpn, Snu13, Snw1, Snx5, Snx6, Sod2, Sohlh1, Sohlh2, Son, Sorbs3, Sos1, Sost, Sox1, Sox10, Sox11, Sox12, Sox13, Sox14, Sox15, Sox17, Sox18, Sox2, Sox21, Sox3, Sox30, Sox4, Sox5, Sox6, Sox7, Sox8, Sox9, Sp1, Sp100, Sp110, Sp140, Sp140l1, Sp140l2, Sp2, Sp3, Sp4, Sp5, Sp6, Sp7, Sp8, Sp9, Spag8, Spata22, Spdef, Spdya, Spen, Sphk1, Sphk2, Spi1, Spib, Spic, Spidr, Spin1, Spin2c, Spin2d, Spin2e, Spin2g, Spin2h, Spin4, Spindoc, Spire1, Spire2, Spo11, Spocd1, Spop, Spout1, Spp1, Sprtn, Spty2d1, Spx, Spz1, Sqstm1, Sra1, Srbd1, Src, Srebf1, Srebf2, Srek1, Srek1ip1, Srf, Srfbp1, Srpk1, Srpk2, Srpk3, Srrm1, Srrm2, Srrm4, Srrt, Srsf1, Srsf10, Srsf12, Srsf19, Srsf2, Srsf3, Srsf4, Srsf5, Srsf6, Srsf7, Srsf9, Sry, Ss18, Ss18l1, Ssb, Ssbp1, Ssbp2, Ssbp3, Ssbp4, Ssh1, Ssh2, Ssh3, Ssrp1, Ssty1, Ssty2, Ssu72, Ssxa1, St18, Stat1, Stat2, Stat3, Stat4, Stat5a, Stat5b, Stat6, Sting1, Stk16, Stk36, Stn1, Stoml2, Stox1, Stox2, Stra8, Strap, Strm, Strn3, Stub1, Sub1, Sucla2, Suclg1, Suclg2, Suds3, Sufu, Sugp1, Sugp2, Sult1b1, Sult1c1, Sult1e1, Sult2a1, Sult2a2, Sult2a3, Sult2a4, Sult2a5, Sult2a6, Sult2a7, Sult2a8, Sult2b1, Sumo1, Sumo2, Supt16, Supt20, Supt3, Supt4a, Supt4b, Supt5, Supt6, Supt7l, Supv3l1, Suv39h1, Suv39h2, Suz12, Swap70, Swi5, Swsap1, Syce3, Sycp1, Sycp3, Syf2, Syk, Sympk, Syncrip, T, Tacc1, Tada1, Tada2a, Tada2b, Tada3, Taf1, Taf10, Taf11, Taf12, Taf13, Taf15, Taf1a, Taf1b, Taf1c, Taf1d, Taf2, Taf3, Taf4, Taf4b, Taf5, Taf5l, Taf6, Taf6l, Taf7, Taf7l, Taf8, Taf9, Taf9b, Tagln3, Tal1, Tal2, Taldo1, Taok1, Taok3, Tarbp1, Tarbp2, Tardbp, Tars1, Tars2, Tars3, Tasor, Tasp1, Tax1bp1, Tbk1, Tbl1x, Tbl1xr1, Tbl3, Tbp, Tbpl1, Tbpl2, Tbr1, Tbrg1, Tbrg4, Tbx1, Tbx10, Tbx15, Tbx18, Tbx19, Tbx2, Tbx20, Tbx21, Tbx22, Tbx3, Tbx4, Tbx5, Tbx6, Tcea1, Tcea2, Tcea3, Tceal7, Tceanc, Tceanc2, Tcerg1, Tcf12, Tcf15, Tcf20, Tcf21, Tcf23, Tcf24, Tcf25, Tcf3, Tcf4, Tcf7, Tcf7l1, Tcf7l2, Tcfl5, Tcof1, Tcp1, Tcp10a, Tcp10b, Tcp10c, Tdg, Tdg-ps, Tdo2, Tdp1, Tdp2, Tdrd1, Tdrd12, Tdrd3, Tdrd6, Tdrd7, Tdrd9, Tdrkh, Tead1, Tead2, Tead3, Tead4, Tef, Tefm, Ten1, Tenm1, Tenm2, Tent2, Tent4a, Tent4b, Tent5a, Tent5b, Tent5c, Tent5d, Tep1, Terb1, Terb2, Terc, Terf1, Terf2, Terf2ip, Tert, Tesc, Tescl, Tesk1, Tesmin, Tet1, Tet2, Tet3, Tex11, Tex12, Tex15, Tex19.1, Tex24, Tex264, Tfam, Tfap2a, Tfap2b, Tfap2c, Tfap2d, Tfap2e, Tfap4, Tfb1m, Tfb2m, Tfcp2, Tfcp2l1, Tfdp1, Tfdp2, Tfe3, Tfeb, Tfec, Tfip11, Tfpt, Tfr2, Tfrc, Tgds, Tgfb1, Tgfb1i1, Tgfb2, Tgfb3, Tgfbr1, Tgfbr3, Tgfbrap1, Tgif1, Tgif2, Tgs1, Thada, Thap1, Thap11, Thap3, Thap7, Them5, Thg1l, Thoc1, Thoc2, Thoc3, Thoc5, Thoc6, Thoc7, Thra, Thrap3, Thrb, Thumpd1, Thumpd2, Thumpd3, Tia1, Ticam1, Ticrr, Tigar, Timeless, Tinf2, Tipin, Tirap, Tk1, Tk2, Tkfc, Tkt, Tle1, Tle2, Tle3, Tle4, Tle5, Tle6, Tlr2, Tlr3, Tlr4, Tlr7, Tlr9, Tlx1, Tlx2, Tlx3, Tmbim6, Tmem161a, Tmem41b, Tmf1, Tmigd3, Tmpo, Tmprss6, Tmsb4x, Tmt1a, Tmt1a2, Tmt1a3, Tmtc1, Tnf, Tnfaip1, Tnfaip3, Tnfrsf11a, Tnfrsf1a, Tnfrsf1b, Tnfrsf4, Tnfsf11, Tnfsf13, Tnfsf18, Tnfsf4, Tnfsf8, Tnip1, Tnip2, Tnip3, Tnks, Tnks1bp1, Tnks2, Tnni2, Tnp1, Tnrc6a, Tnrc6b, Tnrc6c, Tob1, Toe1, Tonsl, Top1, Top1mt, Top2a, Top2b, Top3a, Top3b, Top6bl, Topaz1, Topbp1, Topors, Tox, Tox2, Tox3, Tox4, Tpi1, Tpk1, Tpr, Tprkb, Tra2a, Tra2b, Traf1, Traf2, Traf3, Traf3ip1, Traf3ip2, Traf5, Traf6, Traf7, Traip, Trak2, Trappc9, Trdmt1, Trem2, Trerf1, Trex1, Trex2, Trf, Triap1, Trib1, Trib2, Trib3, Trim11, Trim12a, Trim12c, Trim13, Trim14, Trim15, Trim21, Trim24, Trim25, Trim26, Trim27, Trim28, Trim29, Trim30a, Trim30b, Trim30c, Trim30d, Trim31, Trim32, Trim37, Trim38, Trim40, Trim44, Trim5, Trim52, Trim6, Trim62, Trim63, Trim66, Trim71, Trim8, Trip12, Trip13, Trip4, Trir, Trit1, Trmo, Trmt1, Trmt10a, Trmt10b, Trmt10c, Trmt11, Trmt112, Trmt12, Trmt13, Trmt1l, Trmt2a, Trmt2b, Trmt44, Trmt5, Trmt6, Trmt61a, Trmt9b, Trmu, Trnt1, Tro, Trp53, Trp53bp1, Trp53inp1, Trp53inp2, Trp53rka, Trp53rkb, Trp63, Trp73, Trpc2, Trps1, Trpt1, Trpv1, Trpv4, Trrap, Trub1, Trub2, Tsc2, Tsc22d1, Tsc22d2, Tsc22d3, Tsc22d4, Tsen15, Tsen2, Tsen34, Tsen54, Tsg101, Tshz1, Tshz2, Tshz3, Tsix, Tsn, Tsnax, Tspo, Tspyl2, Tsr1, Tsr2, Tsr3, Tssc4, Tssk4, Ttc21b, Ttc39aos1, Ttc5, Ttf1, Ttf2, Ttr, Tunar, Tut1, Tut4, Tut7, Twist1, Twist2, Twnk, Txk, Txn1, Txnip, Txnl4a, Txnl4b, Txnrd1, Tymp, Tyms, Tyw1, Tyw3, Tyw5, U2af1, U2af1l4, U2af2, U2surp, Uap1, Uap1l1, Uba3, Ube2a, Ube2b, Ube2d3, Ube2e1, Ube2i, Ube2l3, Ube2n, Ube2t, Ube2v1, Ube2v2, Ube2w, Ube3a, Ubl5, Ubl5b, Ublcp1, Ubp1, Ubqln4, Ubr2, Ubr5, Ubtf, Ubtfl1, Uchl1, Uchl5, Uck1, Uck2, Uckl1, Ucn, Ucp1, Ucp2, Ufl1, Ugdh, Uggt1, Ugp2, Uhrf1, Uimc1, Umod, Umps, Uncx, Ung, Uox, Upb1, Upf1, Upf2, Upf3a, Upf3b, Upp1, Upp2, Uprt, Uqcc3, Urad, Urah, Urb1, Uri1, Urm1, Usb1, Usf1, Usf2, Usf3, Usp1, Usp10, Usp13, Usp15, Usp16, Usp2, Usp21, Usp22, Usp25, Usp28, Usp3, Usp36, Usp37, Usp39, Usp4, Usp45, Usp47, Usp49, Usp51, Usp7, Usp9x, Uspl1, Utf1, Utp11, Utp14a, Utp14b, Utp15, Utp18, Utp20, Utp23, Utp25, Utp3, Utp4, Utp6, Uvrag, Uvssa, Uxs1, Uxt, Vapb, Vars1, Vars2, Vax1, Vax2, Vcp, Vcpip1, Vdac1, Vdr, Vegfa, Vezf1, Vgll1, Vgll2, Vgll3, Vgll4, Vhl, Vim, Vip, Virma, Vnn1, Vps54, Vps72, Vrtn, Vsx1, Vsx2, Wac, Wapl, Wars1, Wars2, Was, Wasl, Wbp11, Wbp2, Wbp2nl, Wbp4, Wdhd1, Wdr12, Wdr18, Wdr3, Wdr33, Wdr36, Wdr4, Wdr43, Wdr46, Wdr48, Wdr5, Wdr55, Wdr6, Wdr74, Wdr75, Wdr77, Wdr82, Wdr83, Wdtc1, Wfs1, Wiz, Wnk1, Wnt1, Wnt10b, Wnt11, Wnt2, Wnt3a, Wnt4, Wnt5a, Wnt6, Wnt7a, Wrap53, Wrn, Wrnip1, Wt1, Wtap, Wtip, Wwc1, Wwc2, Wwox, Wwp1, Wwp2, Wwtr1, Xab2, Xbp1, Xcl1, Xdh, Xpa, Xpc, Xpo1, Xrcc1, Xrcc2, Xrcc3, Xrcc4, Xrcc5, Xrcc6, Xrn1, Xrn2, Yaf2, Yap1, Yars1, Yars2, Ybey, Ybx1, Ybx2, Ybx3, Yeats2, Yeats4, Yes1, Yju2, Yju2b, Ylpm1, Yrdc, Ythdc1, Ythdf1, Ythdf2, Ythdf3, Ywhab, Ywhah, Ywhaq, Ywhaq-ps3, Ywhaz, Yy1, Yy2, Zar1, Zbed3, Zbed4, Zbed6, Zbtb1, Zbtb10, Zbtb11, Zbtb12, Zbtb14, Zbtb16, Zbtb17, Zbtb18, Zbtb2, Zbtb20, Zbtb21, Zbtb22, Zbtb24, Zbtb25, Zbtb26, Zbtb3, Zbtb32, Zbtb33, Zbtb34, Zbtb37, Zbtb38, Zbtb39, Zbtb4, Zbtb40, Zbtb41, Zbtb42, Zbtb43, Zbtb45, Zbtb46, Zbtb47, Zbtb48, Zbtb49, Zbtb5, Zbtb6, Zbtb7a, Zbtb7b, Zbtb7c, Zbtb8a, Zbtb8b, Zbtb8os, Zbtb9, Zc3h10, Zc3h12a, Zc3h12d, Zc3h13, Zc3h14, Zc3h18, Zc3h3, Zc3h4, Zc3h6, Zc3h7a, Zc3h7b, Zc3h8, Zc3hav1, Zc4h2, Zcchc12, Zcchc17, Zcchc4, Zcchc7, Zcchc8, Zcrb1, Zcwpw1, Zeb1, Zeb2, Zfa-ps, Zfat, Zfhx2, Zfhx3, Zfhx4, Zfp1, Zfp1004, Zfp1005, Zfp1006, Zfp1007, Zfp101, Zfp1010, Zfp105, Zfp11, Zfp110, Zfp111, Zfp112, Zfp113, Zfp119a, Zfp119b, Zfp12, Zfp120, Zfp125, Zfp128, Zfp13, Zfp131, Zfp14, Zfp141, Zfp142, Zfp143, Zfp146, Zfp148, Zfp157, Zfp160, Zfp169, Zfp174, Zfp175, Zfp180, Zfp182, Zfp184, Zfp189, Zfp2, Zfp202, Zfp212, Zfp213, Zfp217, Zfp219, Zfp229, Zfp236, Zfp239, Zfp24, Zfp248, Zfp251, Zfp26, Zfp260, Zfp263, Zfp266, Zfp267, Zfp268, Zfp27, Zfp273, Zfp275, Zfp276, Zfp28, Zfp280b, Zfp280c, Zfp280d, Zfp281, Zfp286, Zfp287, Zfp292, Zfp296, Zfp3, Zfp30, Zfp316, Zfp317, Zfp318, Zfp319, Zfp322a, Zfp324, Zfp326, Zfp329, Zfp334, Zfp335, Zfp341, Zfp345, Zfp35, Zfp352, Zfp354a, Zfp354b, Zfp354c, Zfp358, Zfp36, Zfp362, Zfp365, Zfp366, Zfp367, Zfp369, Zfp36l1, Zfp36l2, Zfp36l3, Zfp37, Zfp382, Zfp383, Zfp384, Zfp386, Zfp39, Zfp395, Zfp397, Zfp398, Zfp40, Zfp407, Zfp408, Zfp41, Zfp410, Zfp418, Zfp42, Zfp420, Zfp422, Zfp423, Zfp426, Zfp429, Zfp433, Zfp438, Zfp442, Zfp444, Zfp445, Zfp446, Zfp449, Zfp451, Zfp454, Zfp455, Zfp456, Zfp457, Zfp458, Zfp459, Zfp46, Zfp462, Zfp467, Zfp469, Zfp472, Zfp473, Zfp488, Zfp493, Zfp503, Zfp507, Zfp51, Zfp512b, Zfp513, Zfp516, Zfp518a, Zfp518b, Zfp52, Zfp521, Zfp523, Zfp524, Zfp53, Zfp534, Zfp536, Zfp54, Zfp541, Zfp551, Zfp553, Zfp558, Zfp560, Zfp563, Zfp566, Zfp568, Zfp57, Zfp574, Zfp575, Zfp579, Zfp58, Zfp580, Zfp582, Zfp583, Zfp59, Zfp593, Zfp595, Zfp597, Zfp599, Zfp60, Zfp600, Zfp605, Zfp606, Zfp607a, Zfp607b, Zfp608, Zfp609, Zfp612, Zfp616, Zfp617, Zfp619, Zfp62, Zfp623, Zfp626, Zfp628, Zfp629, Zfp637, Zfp638, Zfp639, Zfp64, Zfp641, Zfp644, Zfp646, Zfp647, Zfp648, Zfp65, Zfp652, Zfp653, Zfp654, Zfp655, Zfp658, Zfp661, Zfp663, Zfp664, Zfp667, Zfp668, Zfp672, Zfp677, Zfp68, Zfp683, Zfp689, Zfp69, Zfp691, Zfp692, Zfp696, Zfp697, Zfp7, Zfp703, Zfp704, Zfp706, Zfp707, Zfp708, Zfp709, Zfp710, Zfp711, Zfp712, Zfp715, Zfp719, Zfp72, Zfp729a, Zfp729b, Zfp735, Zfp738, Zfp74, Zfp740, Zfp746, Zfp747, Zfp747l1, Zfp748, Zfp750, Zfp758, Zfp759, Zfp760, Zfp763, Zfp764, Zfp764l1, Zfp768, Zfp770, Zfp771, Zfp772, Zfp773, Zfp775, Zfp777, Zfp78, Zfp780b, Zfp784, Zfp786, Zfp787, Zfp788, Zfp790, Zfp791, Zfp799, Zfp808, Zfp809, Zfp81, Zfp810, Zfp811, Zfp819, Zfp82, Zfp820, Zfp821, Zfp825, Zfp827, Zfp830, Zfp84, Zfp846, Zfp85, Zfp850, Zfp853, Zfp865, Zfp866, Zfp867, Zfp868, Zfp869, Zfp87, Zfp870, Zfp871, Zfp872, Zfp873, Zfp874a, Zfp874b, Zfp879, Zfp882, Zfp9, Zfp90, Zfp91, Zfp92, Zfp93, Zfp930, Zfp931, Zfp932, Zfp933, Zfp934, Zfp935, Zfp937, Zfp938, Zfp940, Zfp941, Zfp942, Zfp943, Zfp944, Zfp945, Zfp946, Zfp947, Zfp948, Zfp949, Zfp950, Zfp951, Zfp952, Zfp954, Zfp955a, Zfp955b, Zfp956, Zfp958, Zfp959, Zfp960, Zfp961, Zfp963, Zfp964, Zfp966, Zfp97, Zfp970, Zfp971, Zfp973, Zfp974, Zfp975, Zfp976, Zfp977, Zfp979, Zfp980, Zfp981, Zfp982, Zfp983, Zfp984, Zfp985, Zfp987, Zfp988, Zfp989, Zfp990, Zfp991, Zfp992, Zfp994, Zfp995, Zfp998, Zfpm1, Zfpm2, Zfta, Zfx, Zfy1, Zfy2, Zfyve26, Zglp1, Zgpat, Zgrf1, Zhx1, Zhx2, Zhx3, Zic1, Zic2, Zic3, Zic4, Zic5, Zik1, Zim1, Zkscan1, Zkscan14, Zkscan16, Zkscan17, Zkscan2, Zkscan3, Zkscan4, Zkscan5, Zkscan6, Zkscan7, Zkscan8, Zmat2, Zmat5, Zmiz1, Zmiz2, Zmpste24, Zmym2, Zmym5, Zmynd11, Zmynd15, Zmynd8, Znhit1, Znhit3, Znhit6, Zp3, Zpr1, Zranb2, Zranb3, Zrsr2, Zrsr2-ps1, Zscan10, Zscan12, Zscan2, Zscan20, Zscan21, Zscan22, Zscan25, Zscan26, Zscan29, Zscan4-ps1, Zscan4-ps2, Zscan4-ps3, Zscan4b, Zscan4c, Zscan4d, Zscan4e, Zscan4f, Zscan5b, Zswim7, Zswim8, Zxdb, Zxdc, Zzz3
GO:0010467	gene expression	6664	146	97.08	3.4e-08	1.640925e-5	1700017N19Rik, 2010315B03Rik, 2610008E11Rik, 2610021A01Rik, 2810021J22Rik, 4930402K13Rik, 4930447C04Rik, 4930480E11Rik, 4930522L14Rik, 4931414P19Rik, 5730507C01Rik, 6030468B19Rik, 9630013A20Rik, a, A1cf, A430033K04Rik, A630001G21Rik, Aamdc, Aanat, Aar2, Aars1, Aars2, Aarsd1, Aasdhppt, Aatf, Abcc2, Abcc6, Abcc8, Abcc9, Abcd1, Abcd2, Abce1, Abcf1, Abcg4, Abhd14b, Abl1, Abl2, Ablim1, Ablim2, Ablim3, Abra, Abt1, Abtb1, Acbd7, Ace, Ace2, Acin1, Ackr1, Aco1, Acod1, Acp4, Acp5, Acss2, Acta1, Acta2, Actb, Actc1, Actg1, Actg2, Actl6a, Actl6b, Actmap, Actn1, Actn2, Actn4, Actr2, Actr3, Actr5, Actr6, Actr8, Actrt1, Acvr1, Acvr1b, Acvr2a, Acvr2b, Acvrl1, Adad1, Adad2, Adam10, Adam17, Adam19, Adam2, Adam3, Adam33, Adam8, Adam9, Adamts2, Adamts3, Adar, Adarb1, Adarb2, Adat1, Adat2, Adat3, Adcy1, Adcy7, Adcy8, Adcyap1, Adgrf1, Adgrg1, Adgrg3, Adipoq, Adipor2, Adm2, Adnp, Adnp2, Adora2a, Adora2b, Adora3, Adra2a, Adrb2, Adrm1, Adrm1b, Adtrp, Aebp1, Aebp2, Aen, Afap1l2, Afdn, Aff1, Aff2, Aff3, Aff4, Afg3l1, Afg3l2, Agap2, Ager, Ago1, Ago2, Ago3, Ago4, Agpat1, Agpat2, Agr2, Agrn, Agt, Agtr1a, Agtr2, Ahcyl1, Ahdc1, Ahi1, Ahnak, Ahnak2, Ahr, Ahrr, Ahsa1, Ahsa2, Ahsp, AI854703, AI987944, Aicda, Aif1, Aim2, Aimp1, Aimp2, Aire, Airn, Ajuba, Ak6, Akap12, Akap17b, Akap5, Akap6, Akap8, Akap8l, Akirin1, Akirin2, Akna, Akr1c6, Akt1, Akt2, Aldh1a2, Alkbh1, Alkbh3, Alkbh4, Alkbh5, Alkbh8, Alox12, Alox12b, Alox5, Alox8, Alpk2, Alx1, Alx3, Alx4, Alyref, Alyref2, Alyreffm1, Alyreffm10, Alyreffm11, Alyreffm14, Alyreffm2, Alyreffm3, Alyreffm4, Alyreffm5, Alyreffm6, Alyreffm7, Alyreffm8, Alyreffm9, Ambp, Ambra1, Amh, Amot, Amotl2, Anapc2, Ang, Ang2, Ang3, Ang4, Ang5, Ang6, Angel2, Angpt1, Angpt2, Angptl8, Ank, Ank2, Ank3, Ankra2, Ankrd1, Ankrd11, Ankrd16, Ankrd2, Ankrd23, Ankrd42, Ankrd49, Ankzf1, Anpep, Anxa1, Anxa2, Anxa3, Anxa4, Anxa7, Ap3b1, Ap3d1, Ap5z1, Apba1, Apba2, Apba3, Apbb1, Apbb2, Apbb3, Apex1, Aph1a, Aph1b, Aph1c, Aplf, Apln, Aplnr, Aplp1, Apoa1, Apoa2, Apob, Apobec1, Apobec2, Apobec3, Apobec4, Apod, Apoe, Apoh, App, Appl1, Appl2, Aqp4, Aqr, Ar, Arap1, Arb2a, Arf4, Arfgef2, Arg1, Arg2, Arglu1, Arhgef11, Arhgef2, Arhgef5, Arid1a, Arid1b, Arid2, Arid3a, Arid3b, Arid3c, Arid4a, Arid4b, Arid5a, Arid5b, Arl2, Arl2bp, Arl6ip4, Armc7, Armcx3, Arnt, Arnt2, Arrb1, Arrb2, Arrdc4, Arsg, Arvcf, Arx, Arxes1, Arxes2, Ascc1, Ascc2, Ascc3, Ascl1, Ascl2, Ascl3, Ascl4, Ascl5, Ash1l, Ash2l, Asph, Asprv1, Astl, Asxl1, Asxl2, Asxl3, Asz1, Atad2, Atad2b, Atad5, Atf1, Atf1-ps, Atf2, Atf3, Atf4, Atf5, Atf6, Atf6b, Atf7, Atf7ip, Atf7ip2, Atg12, Atg14, Atg4a, Atg4a-ps, Atg4b, Atg4c, Atg4d, Atg5, Atg9a, Atm, Atmin, Atn1, Atoh1, Atoh7, Atoh8, Atp13a2, Atp1b1, Atp1b4, Atp23, Atp2b1, Atp2b4, Atp6ap2, Atp6v1b1, Atp7a, Atp8b1, Atraid, Atrx, Atxn1, Atxn1l, Atxn7, Atxn7l3, Atxn7l3b, AU041133, Aurka, Aurkaip1, Aurkb, Auts2, Avp, Avpr2, AW146154, Axin1, Axin2, Axl, Aym1, Azi2, B020011L13Rik, B2m, B3glct, B3gntl1, Bace1, Bace2, Bach1, Bach2, Bag1, Bag2, Bag5, Bahd1, Bak1, Bambi, Banf1, Bank1, Banp, Bap1, Barhl1, Barhl2, Barx1, Barx2, Basp1, Batf, Batf2, Batf3, Baz1a, Baz1b, Baz2a, Bbip1, Bbln, Bbs2, Bbs4, Bbs7, Bbx, BC005624, BC024063, Bc1, Bcas2, Bcas3, Bcdin3d, Bcl10, Bcl11a, Bcl11b, Bcl2, Bcl2l12, Bcl3, Bcl6, Bcl6b, Bcl7a, Bcl7b, Bcl7c, Bcl9, Bcl9l, Bclaf1, Bclaf3, Bcor, Bcorl1, Bdnf, Bdp1, Bend2, Bend3, Bend5, Bend6, Bex2, Bhlha15, Bhlha9, Bhlhe22, Bhlhe23, Bhlhe40, Bhlhe41, Bicra, Bicral, Bin1, Birc2, Birc5, Blm, Blnk, Bloc1s2, Bloc1s6, Bloodlinc, Bmal1, Bmal2, Bmi1, Bmncr, Bmp1, Bmp10, Bmp15, Bmp2, Bmp3, Bmp4, Bmp5, Bmp6, Bmp7, Bmpr1a, Bmpr1b, Bmpr2, Bms1, Bmyc, Bnc1, Bnc2, Bola3, Boll, Bop1, Bpi, Bptf, Braf, Brca1, Brca2, Brd1, Brd2, Brd3, Brd4, Brd7, Brd8, Brd9, Brdt, Brf1, Brf2, Brinp1, Brip1, Brix1, Brms1, Brms1l, Brpf1, Brpf3, Brwd1, Brwd3, Bsg, Bst2, Bsx, Btaf1, Btbd18, Btg2, Btg4, Btk, Btn1a1, Btn2a2, Btnl1, Btnl10, Btnl12, Btnl2, Btnl4, Btnl6, Btnl9, Btrc, Bud13, Bud23, Bud31, Bvht, Bysl, Bzw1, Bzw2, C1d, C1qbp, C1qtnf1, C1qtnf3, C1qtnf4, C1ra, C1rb, C1rl, C2cd3, C3, C3ar1, C5ar1, C5ar2, Cacng7, Cactin, Cadm1, Calcoco1, Calcr, Calhm6, Calr, Calr3, Calr4, Camk1, Camk1d, Camk2a, Camk4, Camp, Camta1, Camta2, Cand1, Canx, Capn1, Capn2, Capn3, Caprin1, Caprin2, Card11, Card14, Card9, Carf, Carhsp1, Carlr, Carm1, Carmil2, Carmn, Cars1, Cars2, Cartpt, Casc3, Cask, Casp1, Casp12, Casp2, Casp3, Casp4, Casp6, Casp7, Casp8, Casp8ap2, Casp9, Casr, Casz1, Cat, Cav1, Cavin1, Cavin2, Cavin3, Cavin4, Cbfa2t2, Cbfa2t3, Cbfb, Cbll1, Cbx1, Cbx2, Cbx3, Cbx4, Cbx5, Cbx6, Cbx7, Cbx8, Cby1, Cc2d1a, Cc2d1b, Ccar1, Ccar2, Ccbe1, Ccdc124, Ccdc146, Ccdc159, Ccdc3, Ccdc47, Ccdc62, Ccdc85b, Ccdc88b, Ccl1, Ccl19, Ccl2, Ccl20, Ccl3, Ccl4, Ccl5, Ccm2l, Ccn1, Ccn2, Ccn3, Ccn4, Ccna2, Ccnb1, Ccnc, Ccnd1, Ccnd3, Ccne1, Ccnh, Ccnk, Ccnl1, Ccnl2, Ccnq, Ccnt1, Ccnt2, Ccpg1, Ccr1, Ccr1l1, Ccr2, Ccr5, Ccr6, Ccr7, Cct2, Cct3, Cct4, Cct5, Cct6a, Cct6b, Cct7, Cct8, Cct8l1, Cd14, Cd160, Cd1d1, Cd1d2, Cd2, Cd200, Cd200r1, Cd209b, Cd209d, Cd22, Cd226, Cd244a, Cd247, Cd24a, Cd27, Cd274, Cd276, Cd28, Cd2ap, Cd2bp2, Cd300c2, Cd300ld, Cd34, Cd36, Cd37, Cd38, Cd3e, Cd4, Cd40, Cd40lg, Cd44, Cd46, Cd47, Cd55, Cd55b, Cd59a, Cd6, Cd74, Cd81, Cd83, Cd84, Cd86, Cd96, Cdc123, Cdc14a, Cdc14b, Cdc37, Cdc37l1, Cdc40, Cdc5l, Cdc5lrt1, Cdc5lrt10, Cdc5lrt4, Cdc5lrt5, Cdc5lrt6, Cdc5lrt7, Cdc5lrt8, Cdc5lrt9, Cdc73, Cdca7, Cdca7l, Cdh1, Cdh13, Cdh3, Cdh5, Cdk1, Cdk11b, Cdk12, Cdk13, Cdk2, Cdk20, Cdk2ap1, Cdk2ap1rt, Cdk3, Cdk4, Cdk5, Cdk5r1, Cdk5rap1, Cdk5rap2, Cdk5rap3, Cdk6, Cdk7, Cdk8, Cdk9, Cdkal1, Cdkn1a, Cdkn1b, Cdkn1c, Cdkn2a, Cdkn3, Cdon, Cdx1, Cdx2, Cdx4, Cdyl, Ceacam1, Ceacam20, Cebpa, Cebpb, Cebpd, Cebpe, Cebpg, Cebpz, Cela1, Celf1, Celf2, Celf3, Celf4, Celf5, Celf6, Celrr, Celsr2, Cenatac, Cenpf, Cenpk, Cenpv, Cep128, Cep290, Cer1, Ces1d, Ces1g, Cfap119, Cfap52, Cfap70, Cfd, Cfh, Cflar, Cgas, Cggbp1, Chac1, Chaer1, Chaserr, Chchd1, Chchd2, Chchd2-ps, Chchd4, Chd2, Chd3, Chd4, Chd5, Chd6, Chd7, Chd8, Chek1, Chek2, Cherp, Chi3l1, Chia1, Chid1, Chil3, Chil4, Chil5, Chil6, Chmp1a, Chordc1, Chp1, Chp2, Chrd, Chrna7, Chst8, Chtop, Chuk, Churc1, Ciao1, Ciao3, Ciart, Cib1, Cic, Cidea, Ciita, Cilp, Cipc, Cir1, Cirbp, Cited1, Cited2, Cited4, Ckap2, Ckap5, Cks1b, Cks2, Clasrp, Clcf1, Cldn19, Cldn3, Cldn5, Clec12a, Clec2i, Clec3b, Clec4a2, Clec4a3, Clec4a4, Clec4e, Clec4n, Clec5a, Clec7a, Clec9a, Clgn, Clk1, Clk2, Clk3, Clk4, Cln3, Cln5, Clnk, Clns1a, Clock, Clp1, Clpx, Clu, Cma1, Cma2, Cmklr1, Cmtm2a, Cmtr1, Cmtr2, Cnbp, Cnn2, Cnot1, Cnot10, Cnot11, Cnot2, Cnot3, Cnot6, Cnot6l, Cnot7, Cnot8, Cnot9, Cnpy2, Cntf, Cntn1, Cntn2, Cntnap2, Coa3, Coil, Col1a1, Col2a1, Col3a1, Col4a2, Col6a1, Commd1, Commd6, Commd7, Comp, Comt, Cops2, Cops5, Coq7, Corin, Cpa3, Cpap, Cpb2, Cpd, Cpe, Cpeb1, Cpeb2, Cpeb3, Cpeb4, Cphx1, Cplane2, Cpm, Cpn1, Cpne1, Cpped1, Cpsf1, Cpsf2, Cpsf3, Cpsf4, Cpsf6, Cpsf7, Cptp, Cpz, Crb1, Crcp, Creb1, Creb3, Creb3l1, Creb3l2, Creb3l3, Creb3l4, Creb5, Crebbp, Crebl2, Crebrf, Crebzf, Creg1, Crem, Crh, Crhr2, Crip1, Cript, Cripto, Crkl, Crlf2, Crlf3, Crnde, Crnkl1, Crnn, Crp, Crtam, Crtap, Crtc1, Crtc2, Crtc3, Crx, Crxos, Cry1, Cry2, Cryaa, Cryab, Cryba1, Crym, Csdc2, Csde1, Csf1, Csf1r, Csf2, Csf3, Csk, Csmd1, Csnk1d, Csnk1e, Csrnp1, Csrnp2, Csrnp3, Csrp3, Cst5, Cstf1, Cstf2, Cstf2t, Cstf3, Cstl1, Ctbp1, Ctbp2, Ctcf, Ctcfl, Ctdnep1, Ctdp1, Ctdsp1, Ctdsp2, Ctdspl, Ctdspl2, Cth, Ctif, Ctla2a, Ctnnb1, Ctnnbip1, Ctnnbl1, Ctnnd1, Ctr9, Ctse, Ctsg, Ctsh, Ctsl, Ctss, Ctsz, Ctu1, Ctu2, Cuedc2, Cul3, Cul4b, Cux1, Cux2, Cuzd1, Cwc15, Cwc22, Cwc22rt1, Cwc22rt2, Cwc22rt3, Cwc22rt4, Cwc22rt5, Cwc22rt6, Cwc22rt7, Cwc25, Cwc27, Cwf19l1, Cwf19l2, Cwh43, Cx3cl1, Cx3cr1, Cxcl17, Cxcl5, Cxcr3, Cxxc1, Cxxc5, Cyba, Cybb, Cyfip1, Cyld, Cyp1a2, Cyp1b1, Cyp26b1, Cyp2j6, Cyp3a13, Cyp3a41a, Cyren, Cyrib, Cys1, Cytl1, D1Pas1, Dab2, Dab2ip, Dach1, Dach2, Dact1, Dalrd3, Dand5, Dap, Dap3, Dapk1, Dapk3, Dapl1, Dars1, Dars2, Daxx, Dazap1, Dazl, Dbh, Dbp, Dbr1, Dbx1, Dbx2, Dcaf1, Dcaf11, Dcaf13, Dcaf6, Dcn, Dcp1a, Dcp1b, Dcp2, Dcps, Ddb1, Ddc, Ddi2, Ddit3, Ddn, Ddr2, Ddrgk1, Ddx1, Ddx10, Ddx11, Ddx17, Ddx18, Ddx19a, Ddx19b, Ddx20, Ddx21, Ddx23, Ddx25, Ddx27, Ddx39a, Ddx39b, Ddx3x, Ddx3y, Ddx4, Ddx41, Ddx42, Ddx46, Ddx47, Ddx49, Ddx5, Ddx51, Ddx52, Ddx54, Ddx56, Ddx6, Deaf1, Dedd, Defb25, Dek, Dennd1b, Denr, Depdc1a, Dffa, Dgcr8, Dgkq, Dhcr24, Dhh, Dhps, Dhrs7b, Dhx15, Dhx16, Dhx29, Dhx33, Dhx34, Dhx36, Dhx37, Dhx38, Dhx40, Dhx58, Dhx8, Dhx9, Diaph1, Diaph3, Dicer1, Dido1, Dimt1, Dip2a, Dis3, Dis3l, Dis3l2, Disp1, Dkc1, Dkk1, Dkk3, Dlg1, Dlk1, Dll1, Dll4, Dlx1, Dlx2, Dlx3, Dlx4, Dlx5, Dlx6, Dlx6os1, Dmap1, Dmbx1, Dmd, Dmrt1, Dmrt1i, Dmrt2, Dmrt3, Dmrta1, Dmrta2, Dmrtb1, Dmrtc2, Dmtf1, Dmtf1l, Dnaja1, Dnaja2, Dnaja3, Dnaja4, Dnajb1, Dnajb11, Dnajb12, Dnajb13, Dnajb14, Dnajb2, Dnajb3, Dnajb4, Dnajb5, Dnajb6, Dnajb7, Dnajb8, Dnajb9, Dnajc1, Dnajc10, Dnajc17, Dnajc18, Dnajc2, Dnajc25, Dnajc3, Dnajc5, Dnajc7, Dnd1, Dnlz, Dnm1l, Dnmt1, Dnmt3a, Dnmt3b, Dnmt3l, Dnttip2, Dohh, Dot1l, Dpf1, Dpf2, Dpf3, Dph3, Dpm1, Dpm2, Dpm3, Dppa2, Dppa3, Dppa5a, Dppa5b, Dpy30, Dr1, Drap1, Drd2, Drd3, Dreh, Drg1, Drg2, Drgx, Drosha, Dspp, Dtnbp1, Dtwd1, Dtwd2, Dtx3l, Dubr, Duoxa2, Dus1l, Dus2, Dus3l, Dus4l, Dusp1, Dusp10, Dusp12, Dusp13a, Dusp13b, Dusp14, Dusp15, Dusp18, Dusp19, Dusp2, Dusp21, Dusp22, Dusp23, Dusp26, Dusp28, Dusp29, Dusp3, Dusp4, Dusp5, Dusp6, Dusp7, Dusp8, Duxbl1, Duxf3, Duxf4, Dvl1, Dvl2, Dvl3, Dxo, Dync2h1, Dyrk1a, Dyrk1b, Dysf, E130311K13Rik, E230001N04Rik, E2f1, E2f2, E2f3, E2f4, E2f5, E2f6, E2f7, E2f8, E4f1, Eaf1, Eaf2, Eapp, Ears2, Ebag9, Ebf1, Ebf2, Ebf3, Ebf4, Ebna1bp2, Ecd, Ece1, Ece2, Ecel1, Ecm1, Ecsit, Eda, Edar, Edc3, Edc4, Edf1, Edn1, Edn3, Ednra, Ednrb, Edrf1, Eed, Eef1a1, Eef1a2, Eef1b2, Eef1d, Eef1e1, Eef1ece2, Eef1g, Eef2, Eef2k, Eefsec, Efcab7, Efemp1, Efl1, Efna1, Eftud2, Egf, Egfbp2, Egfr, Egln1, Egr1, Egr2, Egr3, Egr4, Ehf, Ehmt1, Ehmt2, Eid1, Eid2, Eid2b, Eif1, Eif1a, Eif1ad, Eif1ad11, Eif1ad12, Eif1ad13, Eif1ad14, Eif1ad15, Eif1ad16, Eif1ad17, Eif1ad18, Eif1ad19, Eif1ad2, Eif1ad3, Eif1ad4, Eif1ad7, Eif1ad8, Eif1ax, Eif1b, Eif2a, Eif2ak1, Eif2ak2, Eif2ak3, Eif2ak4, Eif2b1, Eif2b2, Eif2b3, Eif2b4, Eif2b5, Eif2d, Eif2s1, Eif2s2, Eif2s3x, Eif2s3y, Eif3a, Eif3b, Eif3c, Eif3d, Eif3e, Eif3f, Eif3g, Eif3h, Eif3i, Eif3j1, Eif3j2, Eif3k, Eif3l, Eif3m, Eif4a1, Eif4a2, Eif4a3, Eif4a3l1, Eif4a3l2, Eif4b, Eif4e, Eif4e1b, Eif4e2, Eif4e3, Eif4ebp1, Eif4ebp2, Eif4ebp3, Eif4enif1, Eif4g1, Eif4g2, Eif4g3, Eif4h, Eif5, Eif5a, Eif5a2, Eif5b, Eif6, Elac1, Elac2, Elane, Elavl1, Elavl4, Eldr, Elf1, Elf2, Elf3, Elf4, Elf5, Elfn2, Elk1, Elk3, Elk4, Ell, Ell2, Ell3, Elmod3, Eloa, Elob, Eloc, Elof1, Elp1, Elp2, Elp3, Elp4, Elp5, Elp6, Emg1, Emilin1, Emsy, Emx1, Emx2, En1, En2, Enc1, Endou, Eng, Eno1, Eno1b, Enpep, Enpp1, Entpd5, Eny2, Eomes, Ep300, Ep400, Epas1, Epb41l4b, Epb41l5, Epc1, Epc2, Epcam, Epg5, Epha2, Epha5, Ephb2, Ephb6, Ephx2, Epm2a, Epo, Epop, Eprs1, Epsti1, Epx, Erbb2, Erbb3, Erbb4, Erbin, Erc1, Ercc1, Ercc2, Ercc3, Ercc6, Ereg, Erf, Erfl, Erg, Eri1, Ermap, Ern1, Ern2, Ero1a, Ero1b, Erp27, Erp29, Erp44, Errfi1, Esf1, Esr1, Esr2, Esrp1, Esrp2, Esrra, Esrrb, Esrrg, Ess2, Esx1, Etf1, Ets1, Ets2, Etv1, Etv2, Etv3, Etv3l, Etv4, Etv5, Etv6, Evpl, Evx1, Evx2, Ewsr1, Exd1, Exo1, Exosc1, Exosc10, Exosc2, Exosc3, Exosc4, Exosc5, Exosc6, Exosc7, Exosc8, Exosc9, Ext1, Ext2, Extl3, Eya1, Ezh1, Ezh2, Ezhip, Ezr, F11, F11r, F12, F13a1, F13b, F2, F2r, F2rl1, F3, F7, F8, F9, Fabp4, Fadd, Fads3, Fam111a, Fam114a1, Fam168b, Fam170a, Fam210b, Fam220a, Fam3a, Fam3c, Fam47c, Fam47e, Fam50a, Fam76b, Fam98a, Fam98b, Fanca, Fancb, Fancd2, Fance, Fank1, Fars2, Farsa, Farsb, Fas, Fasl, Fastk, Fastkd1, Fastkd2, Fastkd3, Fastkd5, Fau, Fbl, Fbll1, Fbln1, Fbln5, Fbn1, Fbp1, Fbxl19, Fbxo24, Fbxo30, Fbxo4, Fbxo41, Fbxw11, Fbxw7, Fcer1a, Fcer1g, Fcf1, Fcgr1, Fcgr2b, Fcgr3, Fcgr4, Fchsd1, Fcna, Fcnb, Fcor, Fdcsp, Fdxacb1, Fech, Fer, Ferd3l, Fermt1, Fev, Fezf1, Fezf2, Ffar1, Ffar2, Ffar3, Ffar4, Fga, Fgb, Fgf1, Fgf10, Fgf15, Fgf2, Fgf23, Fgf4, Fgf5, Fgf7, Fgf8, Fgf9, Fgfr1, Fgfr2, Fgfr3, Fgfr4, Fgg, Fgl2, Fgr, Fhl2, Fhl5, Fhod1, Figla, Filip1l, Fip1l1, Firre, Fiz1, Fkbp10, Fkbp11, Fkbp14, Fkbp1a, Fkbp1b, Fkbp2, Fkbp3, Fkbp4, Fkbp5, Fkbp6, Fkbp7, Fkbp8, Fkbp9, Fkrp, Flcn, Fli1, Flicr, Flna, Flot1, Flot2, Flt1, Flt3, Flt3l, Flt4, Flvcr2, Flywch1, Fmn1, Fmr1, Fn1, Fnip1, Fnip2, Fnta, Focad, Fos, Fosb, Fosl1, Fosl2, Foxa1, Foxa2, Foxa3, Foxb1, Foxb2, Foxc1, Foxc2, Foxd1, Foxd2, Foxd3, Foxd4, Foxe1, Foxe3, Foxf1, Foxf2, Foxg1, Foxh1, Foxi1, Foxi2, Foxi3, Foxj1, Foxj2, Foxj3, Foxk1, Foxk2, Foxl1, Foxl2, Foxl3, Foxm1, Foxn1, Foxn2, Foxn3, Foxn4, Foxo1, Foxo3, Foxo4, Foxo6, Foxp1, Foxp2, Foxp3, Foxp4, Foxq1, Foxr1, Foxr2, Foxs1, Fra10ac1, Frey1, Frg1, Frk, Frmd8, Fshb, Fst, Fstl3, Fto, Ftsj1, Ftsj3, Ftx, Fubp1, Fubp3, Furin, Fus, Fut8, Fuz, Fxn, Fxr1, Fxr2, Fyn, Fyttd1, Fzd1, Fzd2, Fzd4, Fzd5, Fzd6, Fzd7, G3bp1, G6pc1, G6pdx, Gabpa, Gabpb1, Gabpb2, Gadd45a, Gadd45g, Gadd45gip1, Gal, Galnt2, Galnt3, Galr1, Galr2, Galr3, Gapdh, Gapdh-ps15, Gapdhrt, Gapdhrt2, Gapt, Gar1, Garin3, Garin5a, Gars1, Gas1, Gas5, Gas6, Gata1, Gata2, Gata3, Gata4, Gata5, Gata6, Gatad1, Gatad2a, Gatad2b, Gatb, Gatc, Gba1, Gbp4, Gbp5, Gbp7, Gbx1, Gbx2, Gcfc2, Gcgr, Gclc, Gcm1, Gcm2, Gcn1, Gcnt2, Gcnt3, Gcsh, Gdf2, Gdf6, Gdf7, Gdnf, Gemin2, Gemin4, Gemin5, Gemin6, Gemin6-ps, Gemin7, Gemin8, Gfap, Gfi1, Gfi1b, Gfm1, Gfm2, Gfpt1, Ggcx, Ggnbp2, Ggt1, Ghrh, Ghrl, Ghsr, Gigyf2, Gimap3, Gimap5, Git1, Gja1, Gja8, Gjc2, Gkn2, Gle1, Glg1, Gli1, Gli2, Gli3, Glis1, Glis2, Glis3, Glmn, Glmp, Glo1, Glp1r, Glrp1, Glyr1, Gm10033, Gm10768, Gm12258, Gm13030, Gm14295, Gm14322, Gm14325, Gm14391, Gm14399, Gm14401, Gm14403, Gm14412, Gm14418, Gm14434, Gm14443, Gm14444, Gm15222, Gm15290, Gm15441, Gm15446, Gm17067, Gm17655, Gm19965, Gm2044, Gm20737, Gm20738, Gm20747, Gm20773, Gm20795, Gm20806, Gm20807, Gm20808, Gm20812, Gm20815, Gm20816, Gm20818, Gm20821, Gm20822, Gm20825, Gm20826, Gm20830, Gm20834, Gm20852, Gm20854, Gm20865, Gm20873, Gm20914, Gm20917, Gm20918, Gm21064, Gm21118, Gm21292, Gm21310, Gm21394, Gm21719, Gm21778, Gm21812, Gm21854, Gm2381, Gm28171, Gm28836, Gm30731, Gm32687, Gm35315, Gm3604, Gm36723, Gm38999, Gm4275, Gm45871, Gm4767, Gm4924, Gm5141, Gm527, Gm6133, Gm614, Gm6871, Gm7072, Gm7324, Gmcl1, Gmeb1, Gmeb2, Gmnn, Gnas, Gnasas1, Gnat2, Gnb3, Gnl3, Gnrh1, Golph3, Gon4l, Gon7, Gp1ba, Gp1bb, Gp5, Gp9, Gpaa1, Gpam, Gpat2, Gpatch1, Gpatch3, Gpbp1, Gpbp1l1, Gper1, Gpi1, Gpkow, Gpnmb, Gpr174, Gpr18, Gprc5b, Gps2, Gpsm3, Gpx1, Grb10, Grb7, Grem1, Grhl1, Grhl2, Grhl3, Gria1, Grin1, Grk2, Grm2, Grm3, Grm5, Grm6, Grn, Grp, Grpel1, Grpel2, Grsf1, Gsc, Gsc2, Gsdma3, Gsdmd, Gsk3a, Gsk3b, Gsn, Gspt1, Gspt2, Gstp-ps, Gstp1, Gstp2, Gstp3, Gsx1, Gsx2, Gtdc1, Gtf2a1, Gtf2a1l, Gtf2a2, Gtf2b, Gtf2e1, Gtf2e2, Gtf2f1, Gtf2f2, Gtf2h1, Gtf2h2, Gtf2h3, Gtf2h4, Gtf2h5, Gtf2i, Gtf2ird1, Gtf3c1, Gtf3c2, Gtf3c3, Gtf3c4, Gtf3c5, Gtf3c6, Gtpbp1, Gtpbp2, Gtpbp3, Gtpbp4, Gtsf1, Guf1, Gzf1, Gzma, Gzmb, Gzmc, Gzmd, Gzme, Gzmf, Gzmg, Gzmk, Gzmm, Gzmn, H13, H19, H1f0, H1f2, H1f3, H1f4, H1f5, H1f8, H1f9, H2-DMa, H2-DMb1, H2-DMb2, H2-M3, H2-Q9, H2-T23, H2ab1, H2ab2, H2ab3, H2ac1, H2ac10, H2ac11, H2ac12, H2ac13, H2ac15, H2ac19, H2ac20, H2ac21, H2ac22, H2ac23, H2ac24, H2ac25, H2ac4, H2ac6, H2ac7, H2ac8, H2aj, H2al1b, H2al1e, H2al1f, H2al1j, H2al1k, H2al1m, H2al1n, H2al1o, H2al2a, H2al2b, H2al3, H2ap, H2ax, H2az1, H2az2, H2bc1, H3c14, H3c6, H3f3a, H3f3b, H60a, Habp4, Hadhb, Halr1, Hamp, Hand1, Hand2, Hand2os1, Hars1, Hars2, Has3, Haspin, Hat1, Havcr2, Hax1, Hba-x, Hbb-b1, Hbb-bh1, Hbb-y, Hbp1, Hbs1l, Hc, Hcfc1, Hcfc2, Hck, Hcls1, Hdac1, Hdac10, Hdac11, Hdac2, Hdac3, Hdac4, Hdac5, Hdac6, Hdac7, Hdac8, Hdac9, Hdgf, Hdx, Heatr1, Heg1, Hells, Helt, Helz, Helz2, Hemk1, Henmt1, Hes1, Hes2, Hes3, Hes5, Hes6, Hes7, Hesx1, Hexb, Hexim1, Hexim2, Hey1, Hey2, Heyl, Hfe, Hgf, Hgfac, Hgs, Hhex, Hic1, Hic2, Hif1a, Hif1an, Hif3a, Hilpda, Hinfp, Hint1, Hipk1, Hipk2, Hipk3, Hira, Hivep1, Hivep2, Hivep3, Hjv, Hk1, Hlf, Hltf, Hlx, Hm629797, Hmbox1, Hmces, Hmg20a, Hmg20b, Hmga1, Hmga1b, Hmga2, Hmgb1, Hmgb2, Hmgb4, Hmgn1, Hmgn2, Hmgn3, Hmgn5, Hmox1, Hmx1, Hmx2, Hmx3, Hnf1a, Hnf1b, Hnf4a, Hnf4g, Hnrnpa0, Hnrnpa1, Hnrnpa2b1, Hnrnpa3, Hnrnpab, Hnrnpc, Hnrnpd, Hnrnpdl, Hnrnpf, Hnrnph1, Hnrnph2, Hnrnph3, Hnrnpk, Hnrnpl, Hnrnpll, Hnrnpm, Hnrnpr, Hnrnpu, Hnrnpul1, Hnrnpul2, Homer2, Homer3, Homez, Hopx, Hotair, Hoxa1, Hoxa10, Hoxa11, Hoxa11os, Hoxa13, Hoxa2, Hoxa3, Hoxa4, Hoxa5, Hoxa6, Hoxa7, Hoxa9, Hoxb1, Hoxb13, Hoxb2, Hoxb3, Hoxb4, Hoxb5, Hoxb6, Hoxb7, Hoxb8, Hoxb9, Hoxc10, Hoxc11, Hoxc12, Hoxc13, Hoxc4, Hoxc5, Hoxc6, Hoxc8, Hoxc9, Hoxd1, Hoxd10, Hoxd11, Hoxd12, Hoxd13, Hoxd3, Hoxd4, Hoxd8, Hoxd9, Hp, Hp1bp3, Hpn, Hps1, Hpse, Hpx, Hr, Hras, Hrg, Hs2st1, Hsbp1, Hsbp1l1, Hsd17b1, Hsd17b10, Hsf1, Hsf2, Hsf3, Hsf4, Hsf5, Hsp90aa1, Hsp90ab1, Hsp90b1, Hspa13, Hspa14, Hspa1a, Hspa1b, Hspa1l, Hspa2, Hspa4, Hspa4l, Hspa5, Hspa8, Hspa9, Hspb1, Hspb2, Hspb6, Hspd1, Hspe1, Hspe1-rs1, Hsph1, Htatip2, Htatsf1, Htr2a, Htr2b, Htt, Huwe1, Hyal2, Hymai, Hyou1, Iapp, Iars1, Iars2, Ice1, Ice2, Icmt, Icosl, Id1, Id2, Id3, Id4, Ido1, Ier2, Ier5, Ifi203, Ifi203-ps, Ifi204, Ifi206, Ifi207, Ifi208, Ifi209, Ifi213, Ifi214, Ifi27, Ifih1, Ifna, Ifnar1, Ifnar2, Ifnb1, Ifng, Ifngr1, Ifnk, Ifnz, Ifrd1, Ifrd2, Ift172, Ift52, Ift74, Ift80, Ift88, Igbp1, Igf1, Igf1r, Igf2, Igf2bp1, Igf2bp2, Igf2bp3, Igfbp5, Igh-7, Ighd, Ighe, Ighg1, Ighm, Ighmbp2, Igsf1, Igtp, Ihh, Ik, Ikbkb, Ikbke, Ikbkg, Ikzf1, Ikzf2, Ikzf3, Ikzf4, Ikzf5, Il10, Il11, Il12a, Il12b, Il12rb1, Il12rb2, Il13, Il13ra1, Il13ra2, Il15, Il16, Il17a, Il17b, Il17c, Il17d, Il17f, Il17ra, Il17rb, Il17rc, Il18, Il18r1, Il18rap, Il19, Il1a, Il1b, Il1f10, Il1r1, Il1r2, Il1rap, Il1rl1, Il1rl2, Il2, Il20rb, Il21, Il22, Il23a, Il23r, Il25, Il27, Il27ra, Il2rg, Il3, Il31ra, Il33, Il34, Il36a, Il36b, Il36g, Il36rn, Il4, Il4i1, Il4i1b, Il4ra, Il5, Il5ra, Il6, Il6ra, Il7, Il7r, Il9, Ildr1, Ildr2, Ilf2, Ilf3, Ilk, Ilkap, Ilrun, Immp1l, Immp2l, Imp3, Imp4, Impact, Inava, Inf2, Ing1, Ing2, Ing3, Ing4, Ing5, Inhba, Inhbb, Ino80, Ino80b, Ino80c, Ino80d, Ino80e, Inpp5b, Inpp5d, Inpp5e, Inpp5k, Inppl1, Ins1, Ins2, Insm1, Insm2, Insr, Ints1, Ints10, Ints11, Ints12, Ints14, Ints2, Ints3, Ints4, Ints5, Ints6, Ints6l, Ints7, Ints8, Ints9, Ippk, Iqce, Iqgap1, Iqgap3, Irak1, Irak2, Irak3, Irak4, Ireb2, Irf1, Irf2, Irf2bp1, Irf2bp2, Irf2bpl, Irf3, Irf4, Irf5, Irf6, Irf7, Irf8, Irf9, Irgm1, Irgm2, Irs1, Irx1, Irx2, Irx3, Irx4, Irx5, Irx6, Isg15, Isg20, Isg20l2, Isl1, Isl2, Isx, Isy1, Itch, Itga2, Itga3, Itga6, Itga8, Itgav, Itgax, Itgb1bp1, Itgb3, Itgb3bp, Itgb6, Itgb8, Itk, Itm2a, Ivl, Ivns1abp, Iws1, Jade1, Jade2, Jade3, Jag1, Jak2, Jak3, Jarid2, Jazf1, Jdp2, Jmjd1c, Jmjd4, Jmjd6, Jmy, Jph2, Jph4, Jpx, Jun, Junb, Jund, Jup, Kank2, Kansl1, Kansl2, Kansl3, Kantr, Kars1, Kat14, Kat2a, Kat2b, Kat5, Kat6a, Kat6b, Kat7, Kat8, Kbtbd2, Kbtbd8, Kcnh2, Kcnip3, Kcnj1, Kcnj8, Kcnn4, Kcnq1ot1, Kcnq2, Kcnq3, Kctd1, Kctd15, Kdelr1, Kdm1a, Kdm1b, Kdm2a, Kdm2b, Kdm3a, Kdm3b, Kdm4a, Kdm4b, Kdm4c, Kdm4d, Kdm5a, Kdm5b, Kdm5c, Kdm5d, Kdm6a, Kdm6b, Kdm7a, Kdm8, Kdr, Keap1, Kel, Khdc4, Khdrbs1, Khdrbs2, Khdrbs3, Khsrp, Kif1b, Kin, Kit, Klf1, Klf10, Klf11, Klf12, Klf13, Klf14, Klf15, Klf16, Klf17, Klf2, Klf3, Klf4, Klf5, Klf6, Klf7, Klf8, Klf9, Klhdc10, Klhl22, Klhl25, Klhl3, Klk1, Klk10, Klk11, Klk12, Klk13, Klk14, Klk15, Klk1b1, Klk1b11, Klk1b16, Klk1b21, Klk1b22, Klk1b24, Klk1b26, Klk1b27, Klk1b3, Klk1b4, Klk1b5, Klk1b8, Klk1b9, Klk4, Klk5, Klk6, Klk7, Klk8, Klk9, Klkb1, Klre1, Klrh1, Klrk1, Kmt2a, Kmt2b, Kmt2c, Kmt2d, Kmt2e, Kmt5a, Kmt5b, Kmt5c, Kpna2, Kpna2rt, Kpna4, Kpna6, Kpna7, Kras, Kri1, Krr1, Krt13, Krt17, Kti12, L3mbtl1, L3mbtl2, L3mbtl3, L3mbtl4, Lacc1, Lag3, Lage3, Lamc1, Lamp3, Lamtor5, Lancl2, Laptm4b, Laptm5, Large1, Larp1, Larp4, Larp4b, Larp6, Larp7, Larp7-ps, Lars1, Lars2, Las1l, Lat, Lax1, Lbh, Lbp, Lbr, Lbx1, Lbx2, Lck, Lcmt2, Lcn2, Lcor, Lcorl, Lcp2, Ldb1, Ldb2, Ldlr, Ldlrad3, Leat1, Lef1, Lefty1, Leo1, Lep, Lgals3, Lgals4, Lgals6, Lgals9, Lgmn, Lgr4, Lhx1, Lhx2, Lhx3, Lhx4, Lhx5, Lhx6, Lhx8, Lhx9, Lias, Lichi, Lif, Lig4, Lilra5, Lilrb4a, Lilrb4b, Limd1, Lime1, Lims1, Lin28a, Lin28b, Lin37, Lin52, Lin54, Lin9, Lipa, Lipe, Lipt1, Lipt2, Litaf, Litafd, Lmcd1, Lmf1, Lmf2, Lmna, Lmnb1, Lmnb2, Lmntd2, Lmo1, Lmo2, Lmo3, Lmo4, Lmo7, Lmx1a, Lmx1b, Lncbate1, Lncbate10, Lncenc1, Lnclep, Lonp2, Lox, Loxl2, Loxl3, Lpar3, Lpar5, Lpin1, Lpin2, Lpin3, Lpl, Lrif1, Lrit3, Lrp1, Lrp2, Lrp3, Lrp5, Lrp6, Lrpprc, Lrrc14, Lrrc19, Lrrc32, Lrrc47, Lrrc55os, Lrrfip1, Lrrfip2, Lrrk2, Lsm1, Lsm10, Lsm11, Lsm14a, Lsm14b, Lsm2, Lsm3, Lsm4, Lsm5, Lsm6, Lsm7, Lsm8, Lta, Ltb, Ltf, Ltn1, LTO1, Luc7l, Luc7l2, Luc7l3, Lum, Lurap1, Ly9, Ly96, Lyar, Lyl1, Lyn, M1ap, Macc1, Macir, Macroh2a1, Macroh2a2, Mad2l2, Mael, Maf, Maf1, Mafa, Mafb, Maff, Mafg, Mafk, Magea1, Magea10, Magea13, Magea14, Magea2, Magea3, Magea4, Magea5, Magea6, Magea8, Magea9, Mageb11, Mageb16, Mageb18, Mageb2, Mageb3, Mageb4, Mageb5, Mageb5b, Mageb6b1, Magec2, Maged1, Maged2, Magee1, Magee2, Mageh1, Magel2, Magoh, Magohb, Mak, Mak16, Malat1, Malsu1, Malt1, Maml1, Maml2, Maml3, Mamld1, Mamstr, Mannr, Map2k1, Map2k2, Map2k3, Map2k5, Map2k7, Map3k1, Map3k10, Map3k12, Map3k13, Map3k20, Map3k4, Map3k5, Map3k7, Mapk1, Mapk10, Mapk11, Mapk13, Mapk14, Mapk15, Mapk3, Mapk7, Mapk8, Mapk8ip1, Mapk8ip3, Mapk9, Mapkapk2, Mapkapk5, Mapkbp1, Mapre3, Mapt, Marf1, Mark1, Mars1, Mars2, Mast2, Matr3, Mavs, Max, Maz, Mbd1, Mbd2, Mbd3, Mbd3l1, Mbd3l2, Mbip, Mbl2, Mblac1, Mbnl1, Mbnl2, Mbnl3, Mbp, Mbtd1, Mbtps1, Mbtps2, Mc1r, Mc3r, Mcf2l, Mcidas, Mcm3ap, Mcoln2, Mcph1, Mcpt1, Mcpt2, Mcpt4, Mcpt8, Mcpt9, Mcptl, Mcrs1, Mcts1, Mcts2, Mdfi, Mdfic, Mdfic2, Mdga2, Mdk, Mdm2, Mdm4, Meaf6, Mecom, Mecp2, Med1, Med10, Med11, Med12, Med12l, Med13, Med13l, Med14, Med15, Med16, Med17, Med18, Med19, Med20, Med21, Med22, Med23, Med24, Med25, Med26, Med27, Med28, Med29, Med30, Med31, Med4, Med6, Med7, Med8, Med9, Mef2a, Mef2b, Mef2c, Mef2d, Mefv, Meg3, Megf8, Meioc, Meiosin, Meis1, Meis2, Meis3, Meltf, Men1, Meox1, Meox2, Mep1a, Mepce, Mertk, Mesd, Mesp1, Mesp2, Met, Metap1, Metap2, Mettl1, Mettl13, Mettl14, Mettl15, Mettl16, Mettl17, Mettl18, Mettl2, Mettl23, Mettl3, Mettl4, Mettl5, Mettl6, Mettl8, Mex3d, Mexis, Mfap1a, Mfap1b, Mfn2, Mfsd8, Mga, Mical2, Mid2, Mideas, Mier1, Mier2, Mier3, Mif, Mif4gd, Minar2, Mipep, Mir100, Mir101a, Mir101b, Mir103-1, Mir103-2, Mir107, Mir10a, Mir122, Mir124-2hg, Mir1247, Mir124a-1, Mir124a-1hg, Mir124a-2, Mir124a-3, Mir125a, Mir125b-1, Mir125b-2, Mir127, Mir129, Mir129-1, Mir129-2, Mir133a-1, Mir133a-1hg, Mir133a-2, Mir133b, Mir134, Mir135a-1, Mir135a-2, Mir136, Mir137, Mir139, Mir140, Mir143, Mir144, Mir145b, Mir146, Mir150, Mir153, Mir154, Mir155, Mir15a, Mir17, Mir18, Mir181b-1, Mir181b-2, Mir182, Mir183, Mir184, Mir186, Mir188, Mir1896, Mir1934, Mir1954, Mir196a-1, Mir196a-2, Mir196b, Mir1a-1, Mir1a-2, Mir1b, Mir200a, Mir200b, Mir203, Mir204, Mir205, Mir205hg, Mir208a, Mir208b, Mir20a, Mir214, Mir216a, Mir216b, Mir217, Mir218, Mir218-1, Mir218-2, Mir219a-1, Mir219a-2, Mir21a, Mir21b, Mir21c, Mir221, Mir223, Mir23a, Mir23b, Mir24-1, Mir24-2, Mir25, Mir26a-1, Mir26a-2, Mir26b, Mir27a, Mir27b, Mir2861, Mir292, Mir293, Mir294, Mir295, Mir296, Mir29a, Mir29b-1, Mir29b-2, Mir29c, Mir301, Mir3065, Mir30a, Mir30b, Mir30c-1, Mir30c-2, Mir320, Mir324, Mir326, Mir33, Mir330, Mir338, Mir34a, Mir34b, Mir34c, Mir351, Mir370, Mir382, Mir3960, Mir409, Mir411, Mir423, Mir448, Mir449a, Mir449b, Mir449c, Mir450b, Mir451a, Mir451b, Mir452, Mir466, Mir466d, Mir466e, Mir466l, Mir470, Mir489, Mir494, Mir495, Mir499, Mir504, Mir505, Mir511, Mir539, Mir541, Mir543, Mir590, Mir664, Mir668, Mir669a-1, Mir669a-2, Mir669a-3, Mir669a-4, Mir669a-5, Mir669a-6, Mir675, Mir696, Mir7-1, Mir7-2, Mir702, Mir7116, Mir744, Mir7578, Mir7b, Mir873a, Mir874, Mir875, Mir883b, Mir9-1, Mir9-2, Mir9-3, Mir92-1, Mir92-2, Mir96, Mir98, Mirlet7a-1, Mirlet7a-2, Mirlet7b, Mirlet7c-1, Mirlet7c-2, Mirlet7e, Mirlet7g, Mis18a, Mitf, Mixl1, Mkks, Mknk1, Mknk2, Mkrn2, Mkx, Mlf1, Mlf2, Mlh1, Mlip, Mllt1, Mllt10, Mllt11, Mllt3, Mllt6, Mlx, Mlxip, Mlxipl, Mme, Mmel1, Mmp12, Mmp14, Mmp16, Mmp7, Mmp8, Mms19, Mn1, Mnat1, Mndal, Mnt, Mnx1, Mocs3, Mog, Morc1, Morc2a, Morc2b, Morc3, Morf4l1, Morf4l2, Mosmo, Mospd1, Mov10, Mov10l1, Mphosph10, Mphosph6, Mphosph8, Mpl, Mppe1, Mpv17l2, Mr1, Mrgbp, Mrm1, Mrm2, Mrm3, Mrpl1, Mrpl10, Mrpl11, Mrpl12, Mrpl13, Mrpl14, Mrpl15, Mrpl16, Mrpl17, Mrpl18, Mrpl19, Mrpl2, Mrpl20, Mrpl21, Mrpl22, Mrpl23, Mrpl24, Mrpl27, Mrpl28, Mrpl3, Mrpl30, Mrpl32, Mrpl33, Mrpl34, Mrpl35, Mrpl36, Mrpl37, Mrpl38, Mrpl39, Mrpl4, Mrpl40, Mrpl41, Mrpl42, Mrpl43, Mrpl44, Mrpl45, Mrpl46, Mrpl47, Mrpl48, Mrpl49, Mrpl50, Mrpl51, Mrpl52, Mrpl53, Mrpl54, Mrpl55, Mrpl57, Mrpl58, Mrpl9, Mrps10, Mrps11, Mrps12, Mrps14, Mrps15, Mrps16, Mrps17, Mrps18a, Mrps18b, Mrps18c, Mrps2, Mrps21, Mrps22, Mrps23, Mrps24, Mrps25, Mrps26, Mrps27, Mrps28, Mrps30, Mrps31, Mrps33, Mrps34, Mrps35, Mrps5, Mrps6, Mrps7, Mrps9, Mrrf, Mrtfa, Mrtfb, Mrto4, Msantd1, Msc, Msgn1, Msh2, Msh3, Msh6, Msi1, Msi2, Msl1, Msl2, Msl3, Msn, Msr1, Mst1, Mstn, Msx1, Msx1os, Msx2, Msx3, mt-Rnr1, mt-Rnr2, mt-Ta, mt-Tc, mt-Td, mt-Te, mt-Tf, mt-Tg, mt-Th, mt-Ti, mt-Tk, mt-Tl1, mt-Tl2, mt-Tm, mt-Tn, mt-Tp, mt-Tq, mt-Tr, mt-Ts1, mt-Ts2, mt-Tt, mt-Tv, mt-Tw, mt-Ty, Mt3, Mta1, Mta2, Mta3, Mtdh, Mterf1a, Mterf1b, Mterf2, Mterf3, Mterf4, Mtf1, Mtf2, Mtfmt, Mtg1, Mtg2, Mtif2, Mtif3, Mto1, Mtor, Mtpap, Mtpn, Mtres1, Mtrex, Mtrf1, Mtrf1l, Mtrfr, Mturn, Muc1, Muc16, Muc19, Mul1, Mup1, Mup11, Mup2, Mup3, Mup4, Mup5, Musk, Mustn1, Mvk, Mvp, Mxd1, Mxd3, Mxd4, Mxi1, Myadm, Myb, Mybbp1a, Mybl1, Mybl2, Myc, Mycbp, Mycbp2, Mycl, Mycn, Mycs, Myd88, Mydgf, Myef2, Myf5, Myf6, Myg1, Myh9, Myhas, Mylk2, Mynn, Myo1c, Myocd, Myod1, Myog, Myom1, Myoparr, Myoz1, Myoz2, Mypop, Myrf, Myrfl, Mysm1, Myt1, Myt1l, Mzb1, Mzf1, n-TCgca40, n-THgtg2, n-THgtg3, n-THgtg5, n-THgtg8, n-TRtct5, n-TUtca2, N4bp1, N4bp2l2, N6amt1, Naa10, Naa11, Naa12, Naa15, Naa16, Naa20, Naa50, Naa60, Naa80, Nab1, Nab2, Nacc1, Nacc2, Naf1, Naglu, Naip5, Nampt, Nanog, Nanos1, Nanos2, Nanos3, Nars1, Nars2, Nat10, Nat8, Nat8b-ps, Nat8f1, Nat8f7, Nav3, Nbas, Nbdy, Nbn, Ncapg2, Ncbp1, Ncbp2, Ncbp3, Nck1, Nck2, Nckap1l, Ncl, Ncoa1, Ncoa2, Ncoa3, Ncoa6, Ncoa7, Ncor1, Ncor2, Ncstn, Ndfip1, Ndfip2, Ndn, Ndp, Ndrg2, Ndufa13, Ndufab1, Ndufab1-ps, Ndufs6, Nedd4, Nedd8, Nek4, Nelfa, Nelfb, Nelfcd, Nelfe, Nell1, Nemf, Neo1, Nepn, Neurl1a, Neurod1, Neurod2, Neurod4, Neurod6, Neurog1, Neurog2, Neurog3, Nf1, Nfam1, Nfat5, Nfatc1, Nfatc2, Nfatc2ip, Nfatc3, Nfatc4, Nfe2, Nfe2l1, Nfe2l2, Nfe2l3, Nfia, Nfib, Nfic, Nfil3, Nfilz, Nfix, Nfkb1, Nfkb2, Nfkbia, Nfkbid, Nfkbie, Nfkbil1, Nfkbiz, Nfrkb, Nfx1, Nfxl1, Nfya, Nfyb, Nfyc, Ngdn, Ngf, Ngfr, Ngrn, Nhej1, Nhlh1, Nhlh2, Nhlrc1, Nhp2, Niban1, Niban2, Nicol1, Nif3l1, Nipal3, Nipbl, Nkap, Nkapl, Nkd2, Nkrf, Nktr, Nkx1-1, Nkx1-2, Nkx2-1, Nkx2-2, Nkx2-2os, Nkx2-3, Nkx2-4, Nkx2-5, Nkx2-6, Nkx2-9, Nkx3-1, Nkx3-2, Nkx6-1, Nkx6-2, Nkx6-3, Nlk, Nlrc3, Nlrc4, Nlrc5, Nlrp10, Nlrp12, Nlrp1a, Nlrp1b, Nlrp3, Nlrp5, Nlrp6, Nlrp9b, Nlrx1, Nmb, Nmbr, Nme1, Nme2, Nmi, Nmnat1, Nmnat2, Nob1, Nobox, Noc2l, Noct, Nod1, Nod2, Nodal, Nog, Nol10, Nol11, Nol3, Nol6, Nol7, Nol8, Nol9, Nolc1, Nono, Nop10, Nop14, Nop2, Nop53, Nop9, Norad, Nos1, Nos2, Nos3, Nostrin, Notch1, Notch2, Notch3, Notch4, Noto, Nova1, Nova2, Nox1, Nox4, Npas1, Npas2, Npas3, Npas4, Npat, Npc1, Npc2, Nphs1, Nphs2, Nploc4, Npm1, Npm3, Npnt, Nppa, Nppb, Nppc, Nptn, Nqo1, Nr0b1, Nr0b2, Nr1d1, Nr1d2, Nr1h2, Nr1h3, Nr1h4, Nr1h5, Nr1i2, Nr1i3, Nr2c1, Nr2c2, Nr2e1, Nr2e3, Nr2f1, Nr2f2, Nr2f6, Nr3c1, Nr3c2, Nr4a1, Nr4a2, Nr4a3, Nr5a1, Nr5a2, Nr6a1, Nrarp, Nras, Nrbf2, Nrde2, Nrf1, Nrg1, Nrip1, Nrip2, Nrl, Nron, Nrxn1, Nsa2, Nscme3l, Nsd1, Nsd2, Nsd3, Nsmce3, Nsrp1, Nsun2, Nsun3, Nsun4, Nsun5, Nsun6, Ntf3, Ntn3, Ntrk1, Ntrk2, Ntrk3, Nts, Ntsr1, Nucks1, Nudc, Nudcd2, Nudcd3, Nudt12, Nudt16, Nudt16l2, Nudt21, Nufip1, Nuggc, Nup107, Nup133, Nup155, Nup160, Nup214, Nup62, Nup85, Nup88, Nup93, Nup98, Nupr1, Nupr2, Nutf2, Nutf2-ps1, Nvl, Nwd1, Nxf1, Nxf2, Nxf3, Nxf7, Nxt1, Nxt2, Oas1a, Oas1b, Oas1c, Oas1d, Oas1e, Oas1f, Oas1g, Oas1h, Oas2, Oas3, Obi1, Obox1, Obox2, Obox3, Obox4, Obox5, Obox6, Obox7, Obox8, Ocln, Odam, Ogfod1, Ogg1, Ogt, Olfm1, Olig1, Olig2, Olig3, Olr1, Oma1, Onecut1, Onecut2, Onecut3, Oog1, Oog2, Oog3, Opa1, Oprd1, Optn, Oscar, Osgep, Osgepl1, Osm, Osr1, Osr2, Otp, Otud5, Otud6b, Otud7b, Otulin, Otx1, Otx2, Ovol1, Ovol2, Ovol3, P2rx2, P2rx7, P2ry1, P2ry2, P3h1, P4hb, Pa2g4, Pabpc1, Pabpc1l, Pabpc2, Pabpc4, Pabpn1, Pabpn1l, Padi2, Padi6, Paf1, Pagr1a, Paip1, Paip2, Paip2b, Pak1, Pak1ip1, Pals1, Pam, Pan2, Pan3, Pantr1, Pantr2, Panx1, Panx2, Panx3, Papola, Papolb, Papolg, Park7, Parl, Parn, Parp1, Parp10, Parp14, Parp16, Parp3, Parp9, Pars2, Pasd1, Pask, Patl1, Patl2, Patz1, Paupar, Pawr, Pax1, Pax1dt, Pax2, Pax3, Pax4, Pax5, Pax6, Pax7, Pax8, Pax9, Paxbp1, Paxip1, Pbrm1, Pbx1, Pbx2, Pbx3, Pbx4, Pbxip1, Pcbd1, Pcbd2, Pcbp1, Pcbp2, Pcbp3, Pcbp4, Pcdha9, Pcf11, Pcgf1, Pcgf2, Pcgf3, Pcgf5, Pcgf6, Pcid2, Pcif1, Pck1, Pcna, Pcsk1, Pcsk1n, Pcsk2, Pcsk4, Pcsk5, Pcsk6, Pcsk7, Pcsk9, Pcx, Pcyt1a, Pdcd10, Pdcd11, Pdcd1lg2, Pdcd4, Pdcd5, Pdcd5-ps, Pdcd7, Pdcl, Pdcl2, Pdcl3, Pde12, Pde2a, Pde4b, Pde4d, Pdf, Pdgfb, Pdgfra, Pdia2, Pdia3, Pdia4, Pdia5, Pdilt, Pdlim1, Pdrg1, Pdx1, Pdxp, Peg3, Peli1, Peli3, Pelo, Pelp1, Per1, Per2, Per3, Perm1, Pes1, Pex14, Pex19, Pf4, Pfdn1, Pfdn2, Pfdn4, Pfdn5, Pfdn6, Pfkm, Pfn1, Pgam5, Pgap1, Pgap2, Pgap3, Pgap4, Pgc, Pgf, Pgk1, Pglyrp1, Pglyrp2, Pglyrp3, Pglyrp4, Pgr, Phactr1, Phax, Phb1, Phb2, Phc1, Phc2, Phc3, Phex, Phf1, Phf10, Phf12, Phf14, Phf19, Phf2, Phf20, Phf20l1, Phf21a, Phf3, Phf5a, Phf6, Phf8, Phgdh, Phip, Phlda2, Phlpp1, Phlpp2, Phox2a, Phox2b, Phrf1, Pianp, Pias1, Pias2, Pias3, Pias4, Pibf1, Picalm, Pick1, Pid1, Pidd1, Pierce1, Piga, Pigb, Pigc, Pigf, Pigg, Pigh, Pigk, Pigl, Pigm, Pign, Pigo, Pigp, Pigq, Pigs, Pigt, Pigu, Pigv, Pigw, Pigx, Pigyl, Pigz, Pih1d1, Pih1d2, Pik3c3, Pik3ca, Pik3cb, Pik3cd, Pik3r1, Pik3r2, Pik3r3, Pim1, Pim2, Pin1, Pin1rt1, Pin4, Pink1, Pip, Pisd, Pithd1, Pitrm1, Pitx1, Pitx2, Pitx3, Piwil1, Piwil2, Piwil4, Pkd1, Pkd2, Pkhd1, Pkia, Pkig, Pkm, Pkn1, Pknox1, Pknox2, Pkp1, Pkp3, Pla2g10, Pla2g3, Pla2r1, Plac8, Plag1, Plagl1, Plagl2, Plat, Platr14, Platr25, Plau, Plaur, Plcb1, Plcg2, Pld1, Pld3, Pld4, Pld6, Plec, Plekhn1, Plg, Plgrkt, Plk1, Plk3, Plp1, Plpp3, Plrg1, Plscr1, Plxnb2, Pmf1, Pmfbp1, Pml, Pmp22, Pmpca, Pmpcb, Pms2, Pnldc1, Pnn, Pnp, Pnp2, Pnpt1, Pnrc1, Pnrc2, Pofut2, Pogk, Pogz, Pola1, Polb, Poldip3, Pole3, Polm, Polq, Polr1a, Polr1b, Polr1c, Polr1d, Polr1e, Polr1f, Polr1g, Polr1h, Polr2a, Polr2b, Polr2c, Polr2d, Polr2e, Polr2f, Polr2g, Polr2h, Polr2i, Polr2j, Polr2k, Polr2l, Polr2m, Polr3a, Polr3b, Polr3c, Polr3d, Polr3e, Polr3f, Polr3g, Polr3gl, Polr3h, Polr3k, Polrmt, Pomc, Pomgnt1, Pop1, Pop4, Pop5, Pop7, Postn, Pou1f1, Pou2af1, Pou2af2, Pou2af3, Pou2f1, Pou2f2, Pou2f3, Pou3f1, Pou3f2, Pou3f3, Pou3f4, Pou4f1, Pou4f2, Pou4f3, Pou5f1, Pou5f2, Pou6f1, Pou6f2, Ppan, Ppara, Ppard, Pparg, Ppargc1a, Ppargc1b, Ppef1, Ppef2, Pphln1, Ppia, Ppib, Ppic, Ppid, Ppie, Ppif, Ppig, Ppih, Ppil1, Ppil2, Ppil3, Ppil4, Ppl, Ppm1a, Ppm1b, Ppm1d, Ppm1e, Ppm1f, Ppm1g, Ppm1h, Ppm1j, Ppm1k, Ppm1l, Ppm1m, Ppm1n, Ppme1, Ppp1ca, Ppp1cb, Ppp1cc, Ppp1r11, Ppp1r12a, Ppp1r13l, Ppp1r15a, Ppp1r15b, Ppp1r1b, Ppp1r8, Ppp2ca, Ppp2cb, Ppp2r5b, Ppp2r5d, Ppp3ca, Ppp3cb, Ppp3cc, Ppp3r1, Ppp4c, Ppp4r2, Ppp5c, Ppp6c, Pprc1, Pptc7, Ppwd1, Pqbp1, Pramel1, Pramel7, Prcp, Prdm1, Prdm10, Prdm11, Prdm12, Prdm13, Prdm14, Prdm15, Prdm16, Prdm2, Prdm4, Prdm5, Prdm6, Prdm8, Prdm9, Prdx2, Prdx3, Prdx5, Prdx6, Prdx6b, Preb, Prep, Prg2, Prg3, Prg4, Prickle1, Prkaa1, Prkaa2, Prkab1, Prkaca, Prkacb, Prkag1, Prkar1a, Prkca, Prkcb, Prkcd, Prkch, Prkci, Prkcq, Prkcz, Prkd1, Prkd2, Prkdc, Prkg2, Prkn, Prkra, Prkrip1, Prl, Prl2c2, Prmt1, Prmt2, Prmt3, Prmt5, Prmt6, Prmt7, Prmt8, Prmt9, Prnp, Prop1, Prorp, Prox1, Prox2, Prpf18, Prpf19, Prpf3, Prpf31, Prpf38a, Prpf38b, Prpf39, Prpf4, Prpf40a, Prpf40b, Prpf4b, Prpf6, Prpf8, Prph2, Prr16, Prr5l, Prr7, Prrx1, Prrx2, Prss12, Prss37, Prss3b, Prss51, Prss57, Prss58, Prss59, Prx, Psap, Psen1, Psen2, Psenen, Psg18, Psg22, Psg23, Psip1, Psma6, Psmc3ip, Psmc5, Psmc6, Psmd10, Psmd9, Pspc1, Psrc1, Pstk, Ptafr, Ptbp1, Ptbp2, Ptbp3, Ptcd1, Ptcd2, Ptcd3, Ptch1, Pten, Ptf1a, Ptgds, Ptger2, Ptger3, Ptger4, Ptges2, Ptges3, Ptges3-ps, Ptges3l, Ptgfr, Ptgis, Ptgs2, Ptgs2os, Ptgs2os2, Pth, Pthlh, Ptk2b, Ptma, Ptms, Ptov1, Ptp4a3, Ptpa, Ptpmt1, Ptpn11, Ptpn2, Ptpn22, Ptpn6, Ptprc, Ptprj, Ptprk, Ptprn, Ptprs, Ptrh1, Ptrh2, Puf60, Pum1, Pum2, Pum3, Pura, Purb, Purg, Pus1, Pus10, Pus3, Pus7, Pus7l, Pusl1, Pvalb, Pwp1, Pwp2, Pwwp2a, Pwwp2b, Pycard, Pygo1, Pym1, Pyurf, Qars1, Qki, Qng1, Qrich1, Qrsl1, Qsox1, Qsox2, Qtrt1, Qtrt2, Rab1a, Rab27a, Rab2b, Rab3gap1, Rab7b, Rabgef1, Rac1, Rack1, Rad21, Rad54l2, Raet1b, Raf1, Rag1, Rag2, Rai1, Ralgapa1, Raly, Ramac, Ramp2, Ramp3, Ranbp2, Rap1gds1, Rap2c, Rapgef3, Rara, Rarb, Rarg, Rars1, Rars2, Rasal2, Rasd1, Rasgrp1, Rasl11a, Rax, Rb1, Rbak, Rbbp4, Rbbp5, Rbbp6, Rbbp7, Rbbp8, Rbbp9, Rbck1, Rbfa, Rbfox1, Rbfox2, Rbfox3, Rbl1, Rbl2, Rbm10, Rbm11, Rbm12, Rbm12b1, Rbm12b2, Rbm14, Rbm15, Rbm15b, Rbm17, Rbm20, Rbm22, Rbm24, Rbm25, Rbm28, Rbm3, Rbm31y, Rbm33, Rbm34, Rbm38, Rbm39, Rbm4, Rbm41, Rbm42, Rbm44, Rbm46, Rbm47, Rbm48, Rbm4b, Rbm5, Rbm6, Rbm7, Rbm8a, Rbm8a2, Rbms3, Rbmx, Rbmx2, Rbmxl1, Rbmxl2, Rbmy, Rbmyf1, Rbmyf3, Rbmyf6, Rbmyf9, Rbp4, Rbpj, Rbpjl, Rbpms, Rbpms2, Rbx1, Rbx1-ps, Rc3h1, Rc3h2, Rcc1l, Rce1, Rchy1, Rcl1, Rcor1, Rcor2, Rcor3, Rdx, Recql5, Reg1, Rel, Rela, Relb, Reln, Ren1, Ren2, Reno1, Repin1, Rere, Resf1, Rest, Ret, Rex2, Rexo1, Rexo4, Rexo5, Rfc1, Rfpl4, Rftn1, Rfx1, Rfx2, Rfx3, Rfx4, Rfx5, Rfx6, Rfx7, Rfx8, Rfxank, Rfxap, Rgcc, Rgma, Rgmb, Rgs2, Rhbdd1, Rhebl1, Rho, Rhoa, Rhog, Rhoq, Rhox1, Rhox10, Rhox11, Rhox12, Rhox13, Rhox2a, Rhox2b, Rhox2c, Rhox2d, Rhox2f, Rhox2g, Rhox2h, Rhox3a, Rhox3c, Rhox3f, Rhox3g, Rhox3h, Rhox4a, Rhox4b, Rhox4c, Rhox4d, Rhox4e, Rhox4f, Rhox4g, Rhox5, Rhox6, Rhox7a, Rhox7b, Rhox8, Rhox9, Ric3, Ric8a, Ric8b, Rictor, Rida, Rif1, Rigi, Rims1, Rims2, Ring1, Riok1, Riok2, Riok3, Riox1, Riox2, Ripk1, Ripk2, Ripk3, Ripk4, Ripply1, Ripply2, Ripply3, Rit2, Rlf, Rlim, Rmnd1, Rnaseh2b, Rnasel, Rnf10, Rnf113a1, Rnf113a2, Rnf123, Rnf125, Rnf128, Rnf135, Rnf139, Rnf14, Rnf141, Rnf168, Rnf170, Rnf187, Rnf19b, Rnf2, Rnf20, Rnf207, Rnf216, Rnf220, Rnf25, Rnf26, Rnf26rt, Rnf31, Rnf4, Rnf40, Rnf6, Rnf8, Rngtt, Rnmt, Rnpc3, Rnpep, Rnps1, Rnu11, Rnu12, Rnu2-10, Rnu7, Ro60, Robo1, Rock1, Rock2, Rogdi, Rom1, Ror1, Ror2, Rora, Rorb, Rorc, Ros1, Rp9, Rpap1, Rpap2, Rpf1, Rpf2, Rpl10, Rpl10-ps3, Rpl10a, Rpl10l, Rpl11, Rpl12, Rpl13, Rpl13a, Rpl14, Rpl15, Rpl17, Rpl18, Rpl18a, Rpl19, Rpl21, Rpl22, Rpl22l1, Rpl23, Rpl23a, Rpl24, Rpl26, Rpl27, Rpl27a, Rpl27rt, Rpl28, Rpl29, Rpl3, Rpl30, Rpl31, Rpl32, Rpl32l, Rpl34, Rpl35, Rpl35a, Rpl36, Rpl36-ps12, Rpl36a, Rpl37, Rpl37a, Rpl38, Rpl39, Rpl39l, Rpl3l, Rpl4, Rpl41, Rpl5, Rpl6, Rpl6l, Rpl7, Rpl7a, Rpl7l1, Rpl8, Rpl9, Rpl9-ps6, Rplp0, Rplp1, Rplp1rt, Rplp2, Rpp14, Rpp21, Rpp25, Rpp25l, Rpp30, Rpp38, Rpp40, Rprd1a, Rprd1b, Rprd2, Rps10, Rps11, Rps12, Rps13, Rps14, Rps15, Rps15a, Rps16, Rps17, Rps18, Rps19, Rps2, Rps20, Rps21, Rps23, Rps24, Rps25, Rps26, Rps27, Rps27a, Rps27l, Rps27rt, Rps28, Rps29, Rps3, Rps3a1, Rps4x, Rps5, Rps6, Rps6-ps4, Rps6ka1, Rps6ka2, Rps6ka3, Rps6ka4, Rps6ka5, Rps6kb1, Rps6kb2, Rps7, Rps8, Rps9, Rpsa, Rptor, Rpusd1, Rpusd2, Rpusd3, Rpusd4, Rreb1, Rrn3, Rrp1, Rrp15, Rrp1b, Rrp36, Rrp7a, Rrp8, Rrp9, Rrs1, Rsad2, Rsf1, Rsl1, Rsl24d1, Rslcan18, Rspo1, Rsrc1, Rsrp1, Rtca, Rtcb, Rtf1, Rtkn2, Rtl1, Rtn2, Rtn4, Rtraf, Runx1, Runx1t1, Runx2, Runx3, Ruvbl1, Ruvbl2, Rwdd1, Rwdd3, Rxra, Rxrb, Rxrg, Rybp, Rybp-ps, S100a1, S100a10, S100a13, S100a7a, S100a9, S100b, S1pr1, S1pr3, Safb, Safb2, Sall1, Sall2, Sall3, Sall4, Samd1, Samd11, Samd4, Samd4b, Samd7, Samhd1, Sanbr, Sap130, Sap18, Sap18b, Sap25, Sap30, Sap30bp, Sap30l, Sarnp, Sars1, Sars2, Sart1, Sart3, Sash3, Satb1, Satb2, Sav1, Saysd1, Sbds, Sbno1, Sbno2, Scaf1, Scaf11, Scaf4, Scaf8, Scai, Scamp5, Scand1, Scart2, Scg5, Scgb1a1, Scimp, Scmh1, Scml2, Scml4, Scn2b, Scnm1, Scnn1b, Sco1, Scrib, Scrt1, Scrt2, Scx, Sdcbp, Sde2, Sdf2, Sdf2l1, Sdr16c5, Sec11a, Sec11c, Sec16b, Secisbp2, Seh1l, Selenof, Selenok, Selenos, Sem1, Sema4d, Sema7a, Senp1, Senp2, Sepsecs, Serbp1, Serp1, Serpinb1a, Serpinb1b, Serpinb1c, Serpinb7, Serpine1, Serpine2, Serpinf1, Serpinf2, Serpinh1, Sertad1, Sertad2, Sertad3, Sesn2, Setbp1, Setd1a, Setd2, Setd3, Setd4, Setd5, Setd6, Setd7, Setdb1, Setdb2, Setmar, Setx, Sf1, Sf3a1, Sf3a2, Sf3a3, Sf3b1, Sf3b2, Sf3b3, Sf3b4, Sf3b5, Sf3b6, Sfmbt1, Sfmbt2, Sfn, Sfpq, Sfr1, Sfrp1, Sfrp2, Sfrp4, Sfrp5, Sfswap, Sftpd, Sgcb, Sgcg, Sgf29, Sgms1, Sgms1os1, Sgsm1, Sgta, Sh2d1b1, Sh3bgrl, Sh3gl2, Sh3glb1, Sh3pxd2b, Shank3, Shc1, Shc4, Shfl, Shh, Shld1, Shld2, Shld3, Shmt1, Shmt2, Shox2, Sigirr, Siglec1, Siglecg, Sik1, Sik2, Sim1, Sim2, Sin3a, Sin3b, Sinhcaf, Sirpa, Sirt1, Sirt2, Sirt3, Sirt4, Sirt6, Sirt7, Siva1, Six1, Six2, Six3, Six4, Six5, Six6, Skap1, Ski, Skic2, Skic3, Skic8, Skil, Skint1, Skint10, Skint11, Skint2, Skint3, Skint4, Skint5, Skint6, Skint7, Skint8, Skint9, Skor1, Skor2, Sla2, Slamf1, Slamf6, Slamf9, Slbp, Slc11a1, Slc15a4, Slc1a1, Slc22a2, Slc24a3, Slc24a4, Slc25a33, Slc26a9, Slc2a10, Slc30a5, Slc30a8, Slc30a9, Slc34a1, Slc35a4, Slc35c2, Slc37a4, Slc38a2, Slc38a3, Slc39a5, Slc39a8, Slc3a1, Slc40a1, Slc4a5, Slc6a4, Slc7a5, Slc8a1, Slc8a2, Slc9a1, Slco3a1, Slfn1, Slfn14, Slfn2, Slirp, Slit2, Slit3, Slitrk1, Sltm, Slu7, Slx, Slx9, Slxl1, Sly, Smad1, Smad2, Smad3, Smad4, Smad5, Smad6, Smad7, Smad9, Smarca1, Smarca2, Smarca4, Smarca5, Smarcad1, Smarcal1, Smarcb1, Smarcc1, Smarcc2, Smarcd1, Smarcd2, Smarcd3, Smarce1, Smchd1, Smcr8, Smg1, Smg5, Smg6, Smg7, Smg8, Smg9, Smn1, Smndc1, Smo, Smtnl1, Smu1, Smyd1, Smyd2, Smyd3, Smyd5, Snai1, Snai2, Snai3, Snapc1, Snapc2, Snapc3, Snapc4, Snapc5, Snapin, Snd1, Snf8, Snhg17, Snhg20, Snip1, Snrnp200, Snrnp25, Snrnp27, Snrnp35, Snrnp40, Snrnp48, Snrnp70, Snrpa, Snrpa1, Snrpb, Snrpb2, Snrpc, Snrpd1, Snrpd2, Snrpd3, Snrpe, Snrpert, Snrpf, Snrpg, Snrpn, Snu13, Snw1, Snx12, Snx5, Snx6, Socs1, Socs5, Sod1, Sod2, Sohlh1, Sohlh2, Son, Sorbs3, Sorl1, Sort1, Sos1, Sost, Sox1, Sox10, Sox11, Sox12, Sox13, Sox14, Sox15, Sox17, Sox18, Sox2, Sox21, Sox3, Sox30, Sox4, Sox5, Sox6, Sox7, Sox8, Sox9, Sp1, Sp100, Sp110, Sp140, Sp140l1, Sp140l2, Sp2, Sp3, Sp4, Sp5, Sp6, Sp7, Sp8, Sp9, Spag11a, Spag8, Spcs1, Spcs2, Spcs3, Spdef, Spen, Spg21, Spg7, Sphk1, Sphk2, Spi1, Spib, Spic, Spin1, Spin2c, Spin2d, Spin2e, Spin2g, Spin2h, Spin4, Spindoc, Spink7, Spn, Spocd1, Spon1, Spon2, Spop, Spout1, Spp1, Sppl3, Sprtn, Spry2, Sptbn1, Spty2d1, Spx, Spz1, Sqstm1, Sra1, Srbd1, Src, Srebf1, Srebf2, Srek1, Srek1ip1, Srf, Srfbp1, Srgn, Srp9, Srpk1, Srpk2, Srpk3, Srrm1, Srrm2, Srrm4, Srrt, Srsf1, Srsf10, Srsf12, Srsf19, Srsf2, Srsf3, Srsf4, Srsf5, Srsf6, Srsf7, Srsf9, Sry, Ss18, Ss18l1, Ssb, Ssbp2, Ssbp3, Ssbp4, Ssc5d, Ssh1, Ssh2, Ssh3, Ssty1, Ssty2, Ssu72, Ssxa1, St13, St18, Stap1, Star, Stard7, Stat1, Stat2, Stat3, Stat4, Stat5a, Stat5b, Stat6, Stc2, Sting1, Stk16, Stk3, Stk36, Stk40, Stmp1, Stoml2, Stox1, Stox2, Stpg4, Stra8, Strap, Strm, Strn3, Stub1, Stx1b, Stx3, Stx4a, Sub1, Sucnr1, Suds3, Sufu, Sugp1, Sugp2, Sulf1, Sulf2, Sumo1, Sumo2, Supt16, Supt20, Supt3, Supt4a, Supt4b, Supt5, Supt6, Supt7l, Supv3l1, Suv39h1, Suv39h2, Suz12, Svep1, Swap70, Syf2, Syk, Sympk, Syncrip, Syt11, T, Tacc1, Taco1, Tada1, Tada2a, Tada2b, Tada3, Taf1, Taf10, Taf11, Taf12, Taf13, Taf15, Taf1a, Taf1b, Taf1c, Taf1d, Taf2, Taf3, Taf4, Taf4b, Taf5, Taf5l, Taf6, Taf6l, Taf7, Taf7l, Taf8, Taf9, Taf9b, Tagln3, Tal1, Tal2, Tank, Tapbp, Tarbp1, Tarbp2, Tardbp, Tarm1, Tars1, Tars2, Tars3, Tasor, Tasor2, Tasp1, Tax1bp1, Tbc1d23, Tbca, Tbcb, Tbcc, Tbcd, Tbce, Tbcel, Tbk1, Tbl1x, Tbl1xr1, Tbl3, Tbp, Tbpl1, Tbpl2, Tbr1, Tbrg4, Tbx1, Tbx10, Tbx15, Tbx18, Tbx19, Tbx2, Tbx20, Tbx21, Tbx22, Tbx3, Tbx4, Tbx5, Tbx6, Tcea1, Tcea2, Tcea3, Tceal7, Tceanc, Tceanc2, Tcerg1, Tcf12, Tcf15, Tcf19, Tcf20, Tcf21, Tcf23, Tcf24, Tcf25, Tcf3, Tcf4, Tcf7, Tcf7l1, Tcf7l2, Tcfl5, Tcirg1, Tcl1, Tcof1, Tcp1, Tcp10a, Tcp10b, Tcp10c, Tdg, Tdrd1, Tdrd12, Tdrd3, Tdrd5, Tdrd6, Tdrd7, Tdrd9, Tdrkh, Tead1, Tead2, Tead3, Tead4, Tef, Tefm, Tek, Telo2, Tenm1, Tenm2, Tent2, Tent4a, Tent4b, Tent5a, Tent5b, Tent5c, Tent5d, Terf2, Terf2ip, Tert, Tesc, Tescl, Tesk1, Tesmin, Tet1, Tet2, Tet3, Tex15, Tex19.1, Tex19.2, Tex24, Tfam, Tfap2a, Tfap2b, Tfap2c, Tfap2d, Tfap2e, Tfap4, Tfb1m, Tfb2m, Tfcp2, Tfcp2l1, Tfdp1, Tfdp2, Tfe3, Tfeb, Tfec, Tfip11, Tfpt, Tfr2, Tfrc, Tgfb1, Tgfb1i1, Tgfb2, Tgfb3, Tgfbr1, Tgfbr2, Tgfbr3, Tgfbrap1, Tgif1, Tgif2, Tgm2, Tgs1, Thada, Thap1, Thap11, Thap3, Thap7, Thbs1, Thg1l, Thoc1, Thoc2, Thoc2l, Thoc3, Thoc5, Thoc6, Thoc7, Thra, Thrap3, Thrb, Thumpd1, Thumpd2, Thumpd3, Tia1, Tial1, Ticam1, Ticam2, Tifab, Tigit, Timeless, Timm17a, Timm23, Tiparp, Tirap, Tle1, Tle2, Tle3, Tle4, Tle5, Tle6, Tll1, Tll2, Tlr1, Tlr2, Tlr3, Tlr4, Tlr5, Tlr6, Tlr7, Tlr8, Tlr9, Tlx1, Tlx2, Tlx3, Tmbim6, Tmed10, Tmed10-ps, Tmed2, Tmem106a, Tmem107, Tmem119, Tmem135, Tmem208, Tmem260, Tmem98, Tmf1, Tmigd3, Tmpo, Tmprss12, Tmprss2, Tmprss4, Tmprss6, Tmprss9, Tmsb4x, Tmt1a, Tmt1a2, Tmt1a3, Tmtc1, Tmtc3, Tnc, Tnf, Tnfaip3, Tnfaip8, Tnfrsf11a, Tnfrsf13c, Tnfrsf14, Tnfrsf1a, Tnfrsf1b, Tnfrsf21, Tnfrsf4, Tnfrsf8, Tnfsf11, Tnfsf13, Tnfsf13b, Tnfsf15, Tnfsf18, Tnfsf4, Tnfsf8, Tnfsf9, Tnip1, Tnip2, Tnip3, Tnks, Tnni2, Tnp1, Tnp2, Tnrc6a, Tnrc6b, Tnrc6c, Tob1, Tob2, Toe1, Tomm70a, Top1, Top2a, Topaz1, Topors, Tor1a, Tor1b, Tor2a, Tox, Tox2, Tox3, Tox4, Tpr, Tprkb, Tra2a, Tra2b, Tradd, Traf1, Traf2, Traf3, Traf3ip1, Traf3ip2, Traf3ip3, Traf5, Traf6, Traf7, Traip, Trak2, Trap1, Trappc2, Trappc9, Trdmt1, Trem1, Trem2, Trem3, Trerf1, Trex1, Trf, Triap1, Trib1, Trib2, Trib3, Tril, Trim11, Trim12a, Trim12c, Trim13, Trim14, Trim15, Trim17, Trim21, Trim24, Trim25, Trim26, Trim27, Trim28, Trim29, Trim30a, Trim30b, Trim30c, Trim30d, Trim31, Trim32, Trim33, Trim34a, Trim34b, Trim37, Trim38, Trim39, Trim40, Trim43a, Trim43b, Trim43c, Trim44, Trim5, Trim52, Trim55, Trim56, Trim58, Trim6, Trim60, Trim61, Trim62, Trim63, Trim65, Trim66, Trim68, Trim71, Trim75, Trim8, Trip12, Trip4, Trit1, Trmo, Trmt1, Trmt10a, Trmt10b, Trmt10c, Trmt11, Trmt112, Trmt12, Trmt13, Trmt1l, Trmt2a, Trmt2b, Trmt44, Trmt5, Trmt6, Trmt61a, Trmt9b, Trmu, Trnau1ap, Trnt1, Tro, Trp53, Trp53bp1, Trp53cor1, Trp53inp1, Trp53inp2, Trp53rkb, Trp63, Trp73, Trpc2, Trpm4, Trps1, Trpt1, Trpv1, Trpv4, Trrap, Trub1, Trub2, Tsc1, Tsc2, Tsc22d1, Tsc22d2, Tsc22d3, Tsc22d4, Tsen15, Tsen2, Tsen34, Tsen54, Tsfm, Tsg101, Tshz1, Tshz2, Tshz3, Tsix, Tsku, Tslp, Tsn, Tsnax, Tspan10, Tspan14, Tspan15, Tspan17, Tspan33, Tspan5, Tspan8, Tspo, Tsr1, Tsr2, Tsr3, Tssc4, Tssk4, Ttbk1, Ttc21b, Ttc39aos1, Ttc4, Ttc5, Ttf1, Ttf2, Ttn, Ttyh1, Tuba1a, Tufm, Tug1, Tunar, Tusc2, Tut1, Tut4, Tut7, Twist1, Twist2, Twnk, Twsg1, Txk, Txn1, Txndc5, Txnip, Txnl4a, Txnl4b, Tyk2, Tyms, Tyrobp, Tysnd1, Tyw1, Tyw3, Tyw5, U2af1, U2af1l4, U2af2, U2surp, Uaca, Uap1, Uba3, Uba5, Uba52, Ubac1, Ubash3a, Ube2e1, Ube2i, Ube2j1, Ube2l3, Ube2n, Ube3a, Ube4b, Ubl5, Ubl5b, Ublcp1, Ubp1, Ubr2, Ubr5, Ubtf, Ubtfl1, Ubxn2a, Uchl1os, Uchl5, Ucn, Ucn2, Ucp1, Ufc1, Ufd1, Ufl1, Ufsp1, Ufsp2, Uhmk1, Uhrf1, Uhrf2, Uimc1, Ulbp1, Ulk1, Ulk4, Umod, Umodl1, Unc45a, Unc45b, Unc93b1, Uncx, Ung, Unk, Upf1, Upf2, Upf3a, Upf3b, Upk3b, Uqcc2, Urb1, Uri1, Urm1, Usb1, Usf1, Usf2, Usf3, Usp10, Usp13, Usp15, Usp16, Usp17le, Usp2, Usp21, Usp22, Usp25, Usp3, Usp36, Usp39, Usp4, Usp47, Usp49, Usp50, Usp7, Uspl1, Utf1, Utp11, Utp14a, Utp14b, Utp15, Utp18, Utp20, Utp23, Utp25, Utp3, Utp4, Utp6, Uty, Uxt, Vars1, Vars2, Vash1, Vax1, Vax2, Vbp1, Vdr, Vegfa, Vegfb, Vegfd, Vezf1, Vgll1, Vgll2, Vgll3, Vgll4, Vhl, Vim, Vip, Virma, Vpreb1a, Vpreb3, Vps13a, Vps35, Vps54, Vps72, Vrtn, Vsig4, Vsir, Vstm2a, Vsx1, Vsx2, Vtcn1, Wac, Wars1, Wars2, Was, Wasl, Wbp11, Wbp2, Wbp2nl, Wbp4, Wdhd1, Wdr12, Wdr18, Wdr3, Wdr33, Wdr35, Wdr36, Wdr4, Wdr43, Wdr46, Wdr5, Wdr55, Wdr6, Wdr72, Wdr74, Wdr75, Wdr77, Wdr82, Wdr83, Wdr83os, Wdtc1, Wfs1, Whrn, Wincr1, Wiz, Wnk1, Wnk4, Wnt1, Wnt10a, Wnt10b, Wnt11, Wnt16, Wnt2, Wnt3, Wnt3a, Wnt4, Wnt5a, Wnt6, Wnt7a, Wnt7b, Wnt8b, Wt1, Wtap, Wtip, Wwc1, Wwc2, Wwox, Wwp1, Wwp2, Wwtr1, Xab2, Xaf1, Xbp1, Xcl1, Xdh, Xiap, Xist, Xpa, Xpc, Xpnpep3, Xpo1, Xpo5, Xrcc4, Xrcc5, Xrcc6, Xrn1, Xrn2, Yaf2, Yap1, Yars1, Yars2, Ybey, Ybx1, Ybx2, Ybx3, Yeats2, Yeats4, Yes1, Yipf5, Yju2, Yju2b, Ylpm1, Yme1l1, Yrdc, Ythdc1, Ythdf1, Ythdf2, Ythdf3, Ywhab, Ywhah, Ywhaq, Ywhaq-ps3, Ywhaz, Yy1, Yy2, Zar1, Zar1l, Zbed3, Zbed4, Zbed6, Zbtb1, Zbtb10, Zbtb11, Zbtb12, Zbtb14, Zbtb16, Zbtb17, Zbtb18, Zbtb2, Zbtb20, Zbtb21, Zbtb22, Zbtb24, Zbtb25, Zbtb26, Zbtb3, Zbtb32, Zbtb33, Zbtb34, Zbtb37, Zbtb38, Zbtb39, Zbtb4, Zbtb40, Zbtb41, Zbtb42, Zbtb43, Zbtb45, Zbtb46, Zbtb47, Zbtb48, Zbtb49, Zbtb5, Zbtb6, Zbtb7a, Zbtb7b, Zbtb7c, Zbtb8a, Zbtb8b, Zbtb8os, Zbtb9, Zc3h10, Zc3h11a, Zc3h12a, Zc3h12d, Zc3h13, Zc3h14, Zc3h15, Zc3h18, Zc3h3, Zc3h4, Zc3h6, Zc3h7a, Zc3h7b, Zc3h8, Zc3hav1, Zc4h2, Zcchc12, Zcchc13, Zcchc17, Zcchc3, Zcchc4, Zcchc7, Zcchc8, Zcrb1, Zdbf2, Zeb1, Zeb2, Zfa-ps, Zfat, Zfhx2, Zfhx3, Zfhx4, Zfp1, Zfp1004, Zfp1005, Zfp1006, Zfp1007, Zfp101, Zfp1010, Zfp105, Zfp11, Zfp110, Zfp111, Zfp112, Zfp113, Zfp119a, Zfp119b, Zfp12, Zfp120, Zfp125, Zfp128, Zfp13, Zfp131, Zfp14, Zfp141, Zfp142, Zfp143, Zfp146, Zfp148, Zfp157, Zfp160, Zfp169, Zfp174, Zfp175, Zfp180, Zfp182, Zfp184, Zfp189, Zfp2, Zfp202, Zfp212, Zfp213, Zfp217, Zfp219, Zfp229, Zfp236, Zfp239, Zfp24, Zfp248, Zfp251, Zfp26, Zfp260, Zfp263, Zfp266, Zfp267, Zfp268, Zfp27, Zfp273, Zfp275, Zfp276, Zfp28, Zfp280b, Zfp280c, Zfp280d, Zfp281, Zfp286, Zfp287, Zfp292, Zfp296, Zfp3, Zfp30, Zfp316, Zfp317, Zfp318, Zfp319, Zfp322a, Zfp324, Zfp326, Zfp329, Zfp334, Zfp335, Zfp341, Zfp345, Zfp35, Zfp352, Zfp354a, Zfp354b, Zfp354c, Zfp358, Zfp36, Zfp362, Zfp366, Zfp367, Zfp369, Zfp36l1, Zfp36l2, Zfp36l3, Zfp37, Zfp382, Zfp383, Zfp384, Zfp385a, Zfp386, Zfp39, Zfp395, Zfp397, Zfp398, Zfp40, Zfp407, Zfp408, Zfp41, Zfp410, Zfp418, Zfp42, Zfp420, Zfp422, Zfp423, Zfp426, Zfp429, Zfp433, Zfp438, Zfp442, Zfp444, Zfp445, Zfp446, Zfp449, Zfp451, Zfp454, Zfp455, Zfp456, Zfp457, Zfp458, Zfp459, Zfp46, Zfp462, Zfp467, Zfp469, Zfp472, Zfp473, Zfp488, Zfp493, Zfp503, Zfp507, Zfp51, Zfp512b, Zfp513, Zfp516, Zfp518a, Zfp518b, Zfp52, Zfp521, Zfp523, Zfp524, Zfp53, Zfp534, Zfp536, Zfp54, Zfp541, Zfp551, Zfp553, Zfp558, Zfp560, Zfp563, Zfp566, Zfp568, Zfp57, Zfp574, Zfp575, Zfp579, Zfp58, Zfp580, Zfp582, Zfp583, Zfp59, Zfp593, Zfp595, Zfp597, Zfp598, Zfp599, Zfp60, Zfp600, Zfp605, Zfp606, Zfp607a, Zfp607b, Zfp608, Zfp609, Zfp612, Zfp616, Zfp617, Zfp619, Zfp62, Zfp623, Zfp626, Zfp628, Zfp629, Zfp637, Zfp638, Zfp639, Zfp64, Zfp641, Zfp644, Zfp646, Zfp647, Zfp648, Zfp65, Zfp652, Zfp653, Zfp654, Zfp655, Zfp658, Zfp661, Zfp663, Zfp664, Zfp667, Zfp668, Zfp672, Zfp677, Zfp68, Zfp683, Zfp689, Zfp69, Zfp691, Zfp692, Zfp696, Zfp697, Zfp7, Zfp703, Zfp704, Zfp706, Zfp707, Zfp708, Zfp709, Zfp710, Zfp711, Zfp712, Zfp715, Zfp719, Zfp72, Zfp729a, Zfp729b, Zfp735, Zfp738, Zfp74, Zfp740, Zfp746, Zfp747, Zfp747l1, Zfp748, Zfp750, Zfp758, Zfp759, Zfp760, Zfp763, Zfp764, Zfp764l1, Zfp768, Zfp770, Zfp771, Zfp772, Zfp773, Zfp775, Zfp777, Zfp78, Zfp780b, Zfp784, Zfp786, Zfp787, Zfp788, Zfp790, Zfp791, Zfp799, Zfp804a, Zfp808, Zfp809, Zfp81, Zfp810, Zfp811, Zfp819, Zfp82, Zfp820, Zfp821, Zfp825, Zfp827, Zfp830, Zfp84, Zfp846, Zfp85, Zfp850, Zfp853, Zfp865, Zfp866, Zfp867, Zfp868, Zfp869, Zfp87, Zfp870, Zfp871, Zfp872, Zfp873, Zfp874a, Zfp874b, Zfp879, Zfp882, Zfp9, Zfp90, Zfp91, Zfp92, Zfp93, Zfp930, Zfp931, Zfp932, Zfp933, Zfp934, Zfp935, Zfp936, Zfp937, Zfp938, Zfp940, Zfp941, Zfp942, Zfp943, Zfp944, Zfp945, Zfp946, Zfp947, Zfp948, Zfp949, Zfp950, Zfp951, Zfp952, Zfp954, Zfp955a, Zfp955b, Zfp956, Zfp958, Zfp959, Zfp960, Zfp961, Zfp963, Zfp964, Zfp966, Zfp97, Zfp970, Zfp971, Zfp973, Zfp974, Zfp975, Zfp976, Zfp977, Zfp979, Zfp980, Zfp981, Zfp982, Zfp983, Zfp984, Zfp985, Zfp987, Zfp988, Zfp989, Zfp990, Zfp991, Zfp992, Zfp994, Zfp995, Zfp998, Zfpm1, Zfpm2, Zfta, Zfx, Zfy1, Zfy2, Zg16, Zglp1, Zgpat, Zgrf1, Zhx1, Zhx2, Zhx3, Zic1, Zic2, Zic3, Zic4, Zic5, Zik1, Zim1, Zkscan1, Zkscan14, Zkscan16, Zkscan17, Zkscan2, Zkscan3, Zkscan4, Zkscan5, Zkscan6, Zkscan7, Zkscan8, Zmat2, Zmat5, Zmiz1, Zmiz2, Zmpste24, Zmym2, Zmym5, Zmynd10, Zmynd11, Zmynd15, Zmynd8, Znfx1, Zng1, Znhit1, Znhit3, Znhit6, Zp3, Zpbp2, Zpr1, Zranb2, Zrsr2, Zrsr2-ps1, Zscan10, Zscan12, Zscan2, Zscan20, Zscan21, Zscan22, Zscan25, Zscan26, Zscan29, Zscan4-ps1, Zscan4-ps2, Zscan4-ps3, Zscan4b, Zscan4c, Zscan4d, Zscan4e, Zscan4f, Zscan5b, Zswim8, Zxdb, Zxdc, Zzz3
GO:0048518	positive regulation of biological process	6714	145	97.8	9.9e-08	4.6332e-5	2410137M14Rik, 2510002D24Rik, 3425401B19Rik, 4930402K13Rik, 4930453N24Rik, 4930480E11Rik, 4931414P19Rik, 6030468B19Rik, a, A1cf, A2m, Aacs, Aadac, Aak1, Aamdc, Aars1, Aars2, Aatf, Abat, Abca1, Abca12, Abca13, Abca2, Abca3, Abca5, Abca7, Abca8a, Abca8b, Abcb10, Abcb11, Abcb1a, Abcb1b, Abcb4, Abcb7, Abcc1, Abcc4, Abcc8, Abcd1, Abcd2, Abcf1, Abcg1, Abcg4, Abhd14b, Abhd17a, Abhd17b, Abhd17c, Abhd5, Abhd6, Abi1, Abi2, Abi3, Abi3bp, Abl1, Abl2, Ablim1, Ablim2, Ablim3, Abr, Abra, Abraxas1, Acacb, Acadl, Acat2, Acd, Ace, Ace2, Acer2, Acer3, Ache, Acin1, Ackr3, Acod1, Acp3, Acp5, Acsl1, Acsl3, Acsl4, Acsl5, Acsl6, Acss2, Acta1, Acta2, Actb, Actc1, Actg1, Actg2, Actl6a, Actl6b, Actn1, Actn2, Actn3, Actn4, Actr2, Actr3, Actr5, Actr6, Actr8, Acvr1, Acvr1b, Acvr1c, Acvr2a, Acvr2b, Acvrl1, Ada, Adam10, Adam12, Adam17, Adam19, Adam2, Adam22, Adam3, Adam7, Adam8, Adam9, Adamts1, Adamts20, Adamts3, Adamts9, Adamtsl4, Adar, Adarb1, Adck1, Adcy1, Adcy10, Adcy8, Adcyap1, Adcyap1r1, Add1, Add3, Adgra2, Adgrb1, Adgrb2, Adgrb3, Adgre5, Adgrf5, Adgrg1, Adgrl1, Adgrl2, Adgrl3, Adgrl4, Adgrv1, Adig, Adipoq, Adipor1, Adipor2, Adissp, Adk, Adm, Adm2, Adnp, Adora1, Adora2a, Adora2b, Adora3, Adra1a, Adra1b, Adra1d, Adra2a, Adra2b, Adra2c, Adrb1, Adrb2, Adrb3, Adrm1, Adtrp, Afap1l2, Afdn, Aff1, Agap2, Agbl4, Ager, Aggf1, Ago1, Ago2, Ago3, Agpat1, Agpat2, Agr2, Agrn, Agrp, Agt, Agtpbp1, Agtr1a, Agtr1b, Agtr2, Agxt2, Ahcyl1, Ahi1, Ahr, Ahrr, Ahsg, Aicda, Aif1, Aifm1, Aifm2, Aim2, Aimp1, Aimp2, Aire, Ajuba, Ak1, Akap11, Akap12, Akap13, Akap5, Akap6, Akap7, Akap8l, Akap9, Akirin1, Akirin2, Akna, Akr1b1, Akr1c18, Akt1, Akt2, Akt3, Aktip, Alb, Aldh1a1, Aldh1a2, Aldh1a3, Aldh3a1, Aldoa, Alk, Alkal1, Alkal2, Alkbh1, Alkbh4, Alkbh5, Alms1, Alox12, Alox12b, Alox15, Alox5, Alox5ap, Alox8, Alpk1, Alpl, Als2, Alx1, Alx4, Ambra1, Amer1, Amh, Amigo1, Amigo2, Amigo3, Amot, Amotl1, Amotl2, Amph, Amtn, Anapc11, Anapc2, Anapc5, Anapc7, Ang, Ang2, Ang3, Ang4, Ang5, Ang6, Angel2, Angpt1, Angpt2, Angpt4, Angptl3, Angptl4, Angptl8, Ank1, Ank2, Ank3, Ankfy1, Ankrd1, Ankrd17, Ankrd23, Ankrd27, Ankrd31, Ankrd42, Ankrd49, Ankrd53, Ankrd54, Ankrd6, Ankrd66, Anln, Ano1, Ano6, Anp32b, Antxr1, Anxa1, Anxa2, Anxa3, Anxa5, Anxa7, Aoc3, Ap1g1, Ap2a1, Ap2b1, Ap2m1, Ap3b1, Ap3d1, Apaf1, Apbb1, Apbb1ip, Apbb2, Apbb3, Apc, Apela, Apex1, Aph1a, Aph1b, Aph1c, Apln, Aplnr, Apoa1, Apoa2, Apoa4, Apoa5, Apob, Apobec1, Apobec2, Apoc2, Apoc2l, Apoc3, Apoc4, Apoe, Apoh, App, Appl1, Appl2, Aqp1, Aqp11, Aqp2, Aqp3, Ar, Araf, Arap1, Arc, Areg, Arf1, Arf4, Arf6, Arfgef1, Arfgef2, Arg1, Arg2, Arglu1, Arhgap32, Arhgap35, Arhgap5, Arhgap8, Arhgef10, Arhgef10l, Arhgef11, Arhgef15, Arhgef16, Arhgef2, Arhgef3, Arhgef39, Arhgef5, Arhgef7, Arid1a, Arid1b, Arid2, Arid3a, Arid3b, Arid3c, Arid4a, Arid4b, Arid5a, Arid5b, Ark2c, Arl2, Arl2bp, Arl6ip1, Arl6ip5, Armc10, Armc12, Armc9, Armcx3, Arnt, Arnt2, Arpc2, Arpp19, Arrb1, Arrb2, Arrdc3, Arrdc4, Arsb, Artn, Arx, Asap1, Asb11, Asb15, Asb3, Asb4, Asb5, Asb9, Ascl1, Ascl2, Ascl3, Ascl5, Ash1l, Ash2l, Asic2, Asl, Asns, Aspa, Asph, Aspm, Aspscr1, Ass1, Astl, Asxl1, Asxl2, Asxl3, Atad1, Atad2, Atad2b, Atad5, Atat1, Atf1, Atf1-ps, Atf2, Atf3, Atf4, Atf5, Atf6, Atf6b, Atf7, Atf7ip, Atg10, Atg101, Atg12, Atg13, Atg14, Atg16l1, Atg2a, Atg4b, Atg5, Atg7, Atl3, Atm, Atmin, Atn1, Atoh1, Atoh7, Atoh8, Atp10a, Atp11a, Atp11c, Atp13a2, Atp1a1, Atp1b1, Atp1b2, Atp1b3, Atp2a1, Atp2a2, Atp2b1, Atp2b2, Atp2b4, Atp2c1, Atp2c2, Atp5f1a, Atp5f1b, Atp5if1, Atp5pf, Atp6ap2, Atp6v0c, Atp6v1c2, Atp7a, Atp8a1, Atp8a2, Atpsckmt, Atr, Atraid, Atrx, Atxn1, Atxn1l, Atxn3, Atxn7, Atxn7l3, Aurka, Aurkaip1, Aurkb, Auts2, Avil, Avp, Avpi1, Avpr1a, Avpr1b, Avpr2, Axin1, Axin2, Axl, AY036118, Aym1, Azgp1, Azin1, Azin2, B2m, B3gat3, B4galt1, B4galt5, Babam1, Babam2, Bace1, Bach1, Bad, Bag1, Bag2, Bag3, Bag4, Bag6, Baiap2, Baiap2l1, Baiap2l2, Baiap3, Bak1, Bambi, Banf1, Bank1, Banp, Bard1, Barhl1, Barhl2, Barx2, Batf, Bax, Baz1a, Baz1b, Bbc3, Bbs2, Bbs4, Bbs7, BC004004, Bcap31, Bcar1, Bcar3, Bcas3, Bcdin3d, Bcl10, Bcl11a, Bcl11b, Bcl2, Bcl2a1a, Bcl2a1b, Bcl2a1c, Bcl2a1d, Bcl2l1, Bcl2l10, Bcl2l11, Bcl2l12, Bcl2l14, Bcl2l2, Bcl3, Bcl6, Bcl7a, Bcl7b, Bcl7c, Bcl9, Bcl9l, Bclaf1, Bclaf3, Bcr, Bdkrb1, Bdnf, Becn1, Bend3, Bend6, Bex1, Bex2, Bglap, Bglap2, Bhlha15, Bhlhb9, Bhlhe22, Bhlhe23, Bicd1, Bicra, Bicral, Bid, Bik, Bin1, Birc2, Birc3, Birc5, Birc6, Birc7, Blk, Blm, Blnk, Bloc1s2, Bloc1s3, Bloc1s5, Bloc1s6, Bmal1, Bmal2, Bmf, Bmi1, Bmp1, Bmp10, Bmp15, Bmp2, Bmp2k, Bmp3, Bmp4, Bmp5, Bmp6, Bmp7, Bmper, Bmpr1a, Bmpr1b, Bmpr2, Bmx, Bmyc, Bnc1, Bnip2, Bnip3, Bnip3l, Bnip3l-ps, Boc, Bok, Boll, Borcs5, Bpifb1, Bptf, Braf, Brat1, Brca1, Brca2, Brcc3, Brcc3dc, Brd1, Brd2, Brd3, Brd4, Brd7, Brd8, Brd9, Brdt, Brf1, Brinp1, Brinp2, Brinp3, Brk1, Brms1, Brms1l, Brpf1, Brpf3, Bscl2, Bsg, Bst1, Bsx, Btbd10, Btbd18, Btc, Btg1, Btg2, Btk, Btn1a1, Btn2a2, Btnl1, Btnl10, Btnl12, Btnl2, Btnl4, Btnl6, Btnl9, Btrc, Bub1, Bud23, Bud31, C1qa, C1qb, C1qbp, C1qc, C1qtnf1, C1qtnf12, C1qtnf2, C1qtnf3, C1qtnf4, C1qtnf9, C1ra, C1rb, C1rl, C1s1, C1s2, C2, C2cd2l, C2cd4a, C2cd4b, C2cd5, C3, C3ar1, C4a, C4b, C4bp, C5ar1, C5ar2, C6, C7, C8a, C8b, C8g, C9, C9orf72, Cab39, Cacna1b, Cacna1c, Cacna1d, Cacna1g, Cacna1h, Cacna1i, Cacna1s, Cacna2d2, Cacnb1, Cacnb2, Cacnb3, Cacnb4, Cacng1, Cacng2, Cacng3, Cacng4, Cacng5, Cacng7, Cacng8, Cactin, Cacul1, Cacybp, Cadm1, Cadps, Cadps2, Calb1, Calb2, Calca, Calcoco1, Calcoco2, Calcr, Calcrl, Calhm2, Calm1, Calm2, Calm3, Calr, Caly, Camk1, Camk1d, Camk2a, Camk2b, Camk2d, Camk2n1, Camk4, Camkk2, Camp, Camta1, Camta2, Cand1, Capn1, Capn10, Capn2, Capn3, Capn7, Caprin1, Caprin2, Car2, Car7, Car8, Card10, Card11, Card14, Card9, Carf, Carm1, Carmil1, Carmil2, Cartpt, Cask, Casp1, Casp12, Casp14, Casp2, Casp3, Casp4, Casp6, Casp7, Casp8, Casp9, Casq1, Casq2, Casr, Cass4, Castor1, Casz1, Cat, Cav1, Cav2, Cav3, Cavin1, Cavin2, Cavin3, Cavin4, Cbfa2t2, Cbfa2t3, Cbfb, Cbl, Cblb, Cbll1, Cbln1, Cbln2, Cbr1, Cbr1b, Cbx7, Cbx8, Ccar1, Ccar2, Ccbe1, Ccdc117, Ccdc22, Ccdc25, Ccdc3, Ccdc57, Ccdc62, Ccdc80, Ccdc87, Ccdc88a, Ccdc88b, Ccdc88c, Cck, Cckar, Cckbr, Ccl1, Ccl11, Ccl12, Ccl19, Ccl19-ps1, Ccl19-ps3, Ccl19-ps4, Ccl19-ps5, Ccl19-ps6, Ccl2, Ccl20, Ccl21a, Ccl21b, Ccl21d, Ccl21e, Ccl21f, Ccl22, Ccl24, Ccl25, Ccl26, Ccl28, Ccl3, Ccl4, Ccl5, Ccl6, Ccl7, Ccl8, Ccl9, Ccm2l, Ccn1, Ccn2, Ccn3, Ccn4, Ccn5, Ccn6, Ccna2, Ccnb1, Ccnb1-ps, Ccnc, Ccnd1, Ccnd2, Ccnd3, Ccne1, Ccne2, Ccnk, Ccnq, Ccnt1, Ccnt2, Ccny, Ccp110, Ccpg1, Ccr1, Ccr1l1, Ccr2, Ccr3, Ccr4, Ccr5, Ccr6, Ccr7, Cct2, Cct3, Cct4, Cct5, Cct6a, Cct7, Cct8, Cd101, Cd14, Cd151, Cd160, Cd177, Cd180, Cd19, Cd1d1, Cd1d2, Cd2, Cd200, Cd209b, Cd209c, Cd209d, Cd209e, Cd22, Cd226, Cd244a, Cd247, Cd248, Cd24a, Cd27, Cd274, Cd276, Cd28, Cd2ap, Cd300a, Cd300c2, Cd300lb, Cd300ld, Cd300ld2, Cd300ld3, Cd300ld4, Cd300lf, Cd320, Cd34, Cd36, Cd37, Cd38, Cd3e, Cd4, Cd40, Cd40lg, Cd44, Cd46, Cd47, Cd5, Cd53, Cd55, Cd55b, Cd59a, Cd59b, Cd5l, Cd6, Cd63, Cd74, Cd79a, Cd79b, Cd80, Cd81, Cd83, Cd84, Cd86, Cd8a, Cd8b1, Cd99, Cd99l2, Cdc14a, Cdc14b, Cdc16, Cdc20, Cdc20b, Cdc23, Cdc25a, Cdc25b, Cdc25c, Cdc34, Cdc34b, Cdc37, Cdc42, Cdc42ep1, Cdc42ep2, Cdc42ep3, Cdc42ep4, Cdc42ep5, Cdc5l, Cdc5lrt1, Cdc5lrt10, Cdc5lrt4, Cdc5lrt5, Cdc5lrt6, Cdc5lrt7, Cdc5lrt8, Cdc5lrt9, Cdc6, Cdc7, Cdc73, Cdca5, Cdca7l, Cdca8, Cdh1, Cdh13, Cdh17, Cdh2, Cdh3, Cdh4, Cdh5, Cdk1, Cdk10, Cdk12, Cdk13, Cdk16, Cdk18, Cdk19, Cdk2, Cdk2ap1, Cdk2ap1rt, Cdk4, Cdk5, Cdk5r1, Cdk5r2, Cdk5rap1, Cdk5rap2, Cdk5rap3, Cdk6, Cdk7, Cdk8, Cdk9, Cdkl3, Cdkl5, Cdkn1a, Cdkn1b, Cdkn1c, Cdkn2a, Cdkn2aip, Cdkn2b, Cdon, Cds1, Cdt1, Cdx1, Cdx2, Cdx4, Ceacam1, Ceacam2, Ceacam20, Cebpa, Cebpb, Cebpd, Cebpe, Cebpg, Cebpz, Cela1, Celf1, Celf3, Celf4, Cemip, Cenpe, Cenpk, Cenpq, Cenpv, Cep120, Cep131, Cep135, Cep250, Cep290, Cep295, Cep43, Cers1, Cers6, Ces1a, Ces1b, Ces1c, Ces1d, Ces1e, Ces1f, Ces1g, Ces1h, Cfap20, Cfap69, Cfb, Cfd, Cfh, Cfhr1, Cfhr2, Cfhr4, Cfi, Cfl1, Cfl2, Cflar, Cfp, Cftr, Cga, Cgas, Chchd10, Chchd2, Chchd2-ps, Chchd4, Chd4, Chd5, Chd6, Chd7, Chd8, Chek1, Chek2, Cherp, Chfr, Chga, Chi3l1, Chia1, Chil3, Chil4, Chil5, Chil6, Chmp2a, Chmp3, Chodl, Chp1, Chp2, Chrd, Chrm1, Chrm3, Chrna3, Chrna7, Chrnb2, Chrnb4, Chst2, Chst4, Chsy1, Chtf18, Chtf8, Chuk, Churc1, Cib1, Cibar1, Cidea, Cideb, Ciita, Cimap3, Cip2a, Cir1, Cirbp, Cit, Cited1, Cited2, Cited4, Ciz1, Ckap2, Ckap5, Clasp1, Clasp2, Clcf1, Clcn2, Clcn3, Cldn1, Cldn13, Cldn16, Cldn19, Cldn3, Cldn4, Cldn5, Cldn7, Clec11a, Clec12a, Clec16a, Clec2i, Clec3b, Clec4b1, Clec4b2, Clec4d, Clec4e, Clec4g, Clec4n, Clec5a, Clec7a, Clec9a, Clic1, Clic3, Clip1, Clip3, Cln3, Cln6, Clnk, Clns1a, Clock, Clpb, Clrn1, Clspn, Clstn1, Clstn2, Clstn3, Cltrn, Clu, Clybl, Cma1, Cmklr1, Cmtm3, Cnbp, Cnep1r1, Cnksr3, Cnmd, Cnn2, Cnot1, Cnot2, Cnot3, Cnot6, Cnot6l, Cnot7, Cnot8, Cnot9, Cnpy4, Cnr1, Cnst, Cntf, Cntfr, Cntn1, Cntn2, Cntn6, Cntnap2, Coa3, Coa8, Cobl, Col16a1, Col18a1, Col1a1, Col26a1, Col3a1, Col8a1, Colec10, Colec11, Colec12, Colgalt1, Commd1, Commd5, Comp, Comt, Cop1, Cops5, Cops8, Cops9, Coq7, Coro1a, Coro1b, Coro1c, Coro2b, Coro7, Cox17, Cpap, Cpb2, Cpeb1, Cpeb3, Cpne1, Cpne3, Cpne5, Cpne6, Cpne9, Cpsf3, Cpsf6, Cpt1a, Cpt2, Cptp, Cr1l, Cr2, Crabp2, Cracd, Cracr2a, Cradd, Crb2, Crb3, Crbn, Creb1, Creb3, Creb3l1, Creb3l2, Creb3l3, Creb3l4, Creb5, Crebbp, Crebl2, Crebrf, Crebzf, Crem, Crh, Crhr1, Crhr2, Crip2, Cripto, Crk, Crkl, Crlf1, Crlf2, Crlf3, Crnde, Crnn, Crocc, Crp, Crtam, Crtc1, Crtc2, Crtc3, Crx, Crxos, Cry1, Cryaa, Cryba1, Csde1, Csf1, Csf1r, Csf2, Csf2ra, Csf2rb, Csf2rb2, Csf3, Csk, Csnk1a1, Csnk1d, Csnk1e, Csnk1g1, Csnk1g2, Csnk1g3, Csnk2a1, Csnk2b, Cspg4, Cspg5, Cspp1, Csrnp1, Csrnp2, Csrnp3, Csrp3, Cst3, Cst7, Ctbp2, Ctc1, Ctcf, Ctcfl, Ctdnep1, Ctdspl2, Ctf1, Ctf2, Cth, Cthrc1, Ctla4, Ctnna1, Ctnnb1, Ctnnbip1, Ctnnbl1, Ctnnd1, Ctns, Ctr9, Ctrb1, Ctsc, Ctsd, Ctsg, Ctsh, Ctss, Cttn, Cul1, Cul3, Cul4a, Cul4b, Cul7, Cux1, Cux2, Cx3cl1, Cx3cr1, Cxadr, Cxcl1, Cxcl10, Cxcl11, Cxcl12, Cxcl13, Cxcl14, Cxcl16, Cxcl17, Cxcl5, Cxcl9, Cxcr2, Cxcr3, Cxcr4, Cxcr5, Cxxc1, Cyb5d2, Cyba, Cybb, Cyct, Cyfip1, Cyfip2, Cyld, Cyp17a1, Cyp19a1, Cyp1a1, Cyp1b1, Cyp26b1, Cyp27b1, Cyp2j5, Cyp2j6, Cyp3a13, Cyp46a1, Cyp4a10, Cyp4a31, Cyp4a32, Cyp51, Cyp7a1, Cyp7b1, Cyp8b1, Cyren, Cyrib, Cys1, Cysltr1, Cysltr2, Cyth3, Cytl1, D130043K22Rik, D16Ertd472e, D1Pas1, Daam2, Dab1, Dab2, Dab2ip, Dact1, Dag1, Daglb, Dapk1, Dapk2, Dapk3, Daxx, Dazap1, Dazl, Dbf4, Dbh, Dbi, Dbn1, Dbnl, Dbp, Dcaf1, Dcaf6, Dcc, Dcn, Dcp1a, Dcp1b, Dcp2, Dcps, Dcstamp, Dct, Dctn1, Dcun1d1, Dcun1d2, Dcun1d3, Dcun1d4, Dcun1d5, Dcx, Dcxr, Dda1, Ddah1, Ddb1, Ddhd1, Ddhd2, Ddit3, Ddn, Ddr1, Ddr2, Ddrgk1, Ddt, Ddx1, Ddx11, Ddx17, Ddx19a, Ddx20, Ddx21, Ddx39b, Ddx3x, Ddx41, Ddx49, Ddx5, Ddx56, Ddx60, Deaf1, Decr1, Dedd2, Def8, Defb1, Defb25, Defb37, Degs1, Dek, Dele1, Dennd1b, Dennd2b, Dennd5b, Dennd6a, Depdc1b, Depdc5, Deptor, Derl1, Derl2, Det1, Dffa, Dgat1, Dgat2, Dgcr8, Dgkd, Dgki, Dgkq, Dgkz, Dhh, Dhodh, Dhps, Dhrsx, Dhx15, Dhx29, Dhx33, Dhx34, Dhx36, Dhx37, Dhx58, Dhx9, Diablo, Diaph1, Dicer1, Dimt1, Dio2, Dio3, Dip2a, Dip2b, Dis3l2, Disc1, Disp3, Dixdc1, Dkc1, Dkk1, Dkk2, Dkkl1, Dlc1, Dlg1, Dlg4, Dlg5, Dlk1, Dll1, Dll3, Dll4, Dlx1, Dlx2, Dlx3, Dlx5, Dlx6, Dlx6os1, Dmap1, Dmbt1, Dmd, Dmp1, Dmrt1, Dmrt2, Dmrta2, Dmtf1, Dmtn, Dna2, Dnai3, Dnaja1, Dnaja3, Dnaja4, Dnajb2, Dnajb9, Dnajc2, Dnajc27, Dnajc3, Dnd1, Dnm1, Dnm1l, Dnm2, Dnm3, Dnmt1, Dnmt3a, Dnmt3b, Dnmt3l, Dnph1, Doc2a, Doc2b, Doc2g, Dock1, Dock11, Dock2, Dock4, Dock5, Dock7, Dock8, Dok4, Dok5, Dok7, Dot1l, Dpf1, Dpf2, Dpf3, Dpp10, Dpp4, Dpp6, Dppa1, Dppa2, Dpy30, Dpysl2, Dpysl3, Drd1, Drd2, Drd3, Drd4, Drd5, Drg1, Drosha, Dsc2, Dscam, Dscc1, Dsg3, Dspp, Dstn, Dstyk, Dtl, Dtnbp1, Dtx3l, Dubr, Duox1, Duox2, Duoxa1, Duoxa2, Dusp1, Dusp10, Dusp15, Dusp19, Dusp22, Dusp26, Dusp3, Dusp5, Dusp6, Dvl1, Dvl2, Dvl3, Dxo, Dynap, Dynapl1, Dync1h1, Dync1li1, Dync2h1, Dynll1, Dynlt1a, Dynlt1b, Dynlt1c, Dynlt1f, Dynlt3, Dyrk1a, Dyrk1b, Dyrk2, Dyrk3, Dysf, Dzip1, E2f1, E2f2, E2f3, E2f4, E2f5, E2f7, E2f8, E330034G19Rik, E4f1, Eaf1, Eaf2, Eapp, Ebf1, Ebf2, Ebf3, Ebf4, Ecd, Ece1, Echdc3, Ecm1, Ecm2, Ecrg4, Ecscr, Ecsit, Ect2, Eda, Eda2r, Edar, Edaradd, Edem1, Edem2, Edf1, Edil3, Edn1, Edn2, Edn3, Ednra, Ednrb, Edrf1, Eed, Eef1a2, Eef1d, Eef1e1, Eef2, Eef2k, Eeig1, Eepd1, Efcab7, Efemp1, Efemp2, Efhc1, Efna1, Efna3, Efna5, Efnb1, Efnb2, Efnb3, Egf, Egfl6, Egfl7, Egflam, Egfr, Egln1, Egln2, Egr1, Egr2, Egr3, Egr4, Ehd1, Ehd2, Ehd3, Ehd4, Ehf, Ehmt1, Ei24, Eif1, Eif2a, Eif2ak1, Eif2ak2, Eif2ak3, Eif2ak4, Eif2b1, Eif2b2, Eif2b3, Eif2b4, Eif2b5, Eif2s1, Eif3d, Eif3e, Eif4a1, Eif4a3, Eif4a3l1, Eif4a3l2, Eif4e, Eif4ebp1, Eif4enif1, Eif4g1, Eif4g2, Eif4g3, Eif5a, Eif5a2, Eif6, Eipr1, Elane, Elapor1, Elapor2, Elavl1, Elavl4, Elf1, Elf2, Elf3, Elf4, Elf5, Elk1, Elk3, Elk4, Ell, Ell2, Ell3, Elob, Eloc, Elovl3, Elovl5, Elovl6, Elp3, Elp5, Elp6, Emc10, Emd, Emilin1, Emilin2, Emp2, En1, En2, Enam, Enc1, Endog, Eng, Enho, Eno1, Eno1b, Enpp1, Enpp2, Enpp3, Enpp4, Enpp7, Entr1, Eny2, Eomes, Ep300, Ep400, Epas1, Epb41, Epb41l2, Epb41l4b, Epb41l5, Epc1, Epc2, Epcam, Epg5, Epgn, Epha1, Epha2, Epha3, Epha4, Epha7, Epha8, Ephb1, Ephb2, Ephb3, Ephb4, Ephb6, Ephx2, Epm2a, Epm2aip1, Epn1, Epn2, Epo, Epor, Eppk1, Eps15, Eps8, Eps8l1, Eps8l2, Eps8l3, Epx, Erap1, Erbb2, Erbb3, Erbb4, Erbin, Erc1, Erc2, Ercc1, Ercc2, Ercc3, Ercc6, Ercc8, Ereg, Erfe, Erg, Ergic3, Ermap, Ern1, Ern2, Erp29, Esm1, Espn, Esr1, Esr2, Esrp1, Esrp2, Esrra, Esrrb, Esrrg, Etaa1, Ets1, Ets2, Etv1, Etv2, Etv4, Etv5, Etv6, Evc, Evi2, Evi2b, Evl, Evx1, Exoc2, Exoc4, Exoc7, Exosc10, Exosc2, Exosc3, Exosc4, Exosc6, Exosc9, Exph5, Extl3, Eya1, Eya2, Eya3, Eya4, Ezh1, Ezh2, Ezr, F10, F11, F11r, F12, F2, F2r, F2rl1, F2rl2, F2rl3, F3, F7, Faah, Fabp1, Fabp3, Fabp4, Fabp5, Fadd, Fads2, Faf1, Faim, Fam107a, Fam110c, Fam161a, Fam162a, Fam168a, Fam170a, Fam170b, Fam20a, Fam20c, Fam210b, Fam3d, Fam47c, Fam47e, Fam53b, Fam72a, Fam76b, Fam83b, Fam83d, Fam83h, Fam89b, Fam98a, Fam98b, Fancb, Fanci, Fancm, Fank1, Fap, Farp1, Fas, Fasl, Fastkd2, Fastkd3, Fat1, Faxdc2, Fbh1, Fbln1, Fbln2, Fbln5, Fbn1, Fbn2, Fbrs, Fbxl15, Fbxl2, Fbxl5, Fbxo11, Fbxo22, Fbxo31, Fbxo32, Fbxo33, Fbxo38, Fbxo4, Fbxo5, Fbxo7, Fbxw11, Fbxw4, Fbxw7, Fbxw8, Fcer1a, Fcer1g, Fcer2a, Fcgr1, Fcgr2b, Fcgr3, Fcgr4, Fcho1, Fchsd1, Fchsd2, Fcmr, Fcna, Fcnb, Fcrl5, Fdcsp, Fdps, Fem1a, Fen1, Fer, Fermt1, Fermt2, Fermt3, Fes, Fev, Fez1, Fezf1, Fezf2, Ffar1, Ffar2, Ffar3, Ffar4, Fga, Fgb, Fgd2, Fgd4, Fgf1, Fgf10, Fgf12, Fgf13, Fgf14, Fgf15, Fgf16, Fgf17, Fgf18, Fgf2, Fgf20, Fgf21, Fgf22, Fgf23, Fgf3, Fgf4, Fgf5, Fgf6, Fgf7, Fgf8, Fgf9, Fgfbp1, Fgfbp3, Fgfr1, Fgfr2, Fgfr3, Fgfr4, Fgg, Fgr, Fh1, Fhl1, Fhl5, Fhod1, Fig4, Figla, Fis1, Fitm1, Fitm2, Fiz1, Fkbp1b, Fkbp6, Fkbp8, Flcn, Fli1, Flna, Flot1, Flot2, Flrt1, Flrt2, Flrt3, Flt1, Flt3, Flt3l, Flt4, Fmn1, Fmn2, Fmr1, Fn1, Fnbp1l, Fndc1, Fndc3b, Fndc5, Fnip1, Fnip2, Fnta, Fntb, Folh1, Folr2, Fos, Fosb, Fosl1, Fosl2, Foxa1, Foxa2, Foxa3, Foxc1, Foxc2, Foxd1, Foxd2, Foxd3, Foxe1, Foxe3, Foxf1, Foxf2, Foxg1, Foxh1, Foxi1, Foxj1, Foxj2, Foxj3, Foxk1, Foxk2, Foxl2, Foxm1, Foxn1, Foxn4, Foxo1, Foxo3, Foxo4, Foxo6, Foxp1, Foxp2, Foxp3, Foxr1, Foxs1, Fpr-rs3, Fpr-rs4, Fpr-rs6, Fpr-rs7, Fpr1, Fpr2, Fpr3, Frat1, Frmd4a, Frmd5, Frmd6, Frmd7, Frmd8, Frmpd4, Frs2, Frzb, Fscn1, Fshb, Fshr, Fst, Fstl3, Ftmt, Fto, Ftx, Fubp1, Fubp3, Furin, Fus, Fut1, Fut4, Fut7, Fut9, Fuz, Fxn, Fxr1, Fxr2, Fxyd1, Fxyd2, Fxyd3, Fxyd4, Fxyd5, Fxyd6, Fxyd7, Fyb1, Fyb2, Fyco1, Fyn, Fzd1, Fzd10, Fzd2, Fzd3, Fzd4, Fzd5, Fzd7, Fzd8, Fzd9, Fzr1, G0s2, G3bp1, G3bp2, G6pd2, G6pdx, Gab1, Gab2, Gabarap, Gabbr1, Gabpa, Gabpb1, Gabpb2, Gadd45a, Gadd45b, Gadd45g, Gak, Gal, Galr1, Galr2, Galr3, Gapdh, Gapdh-ps15, Gapdhrt, Gapdhrt2, Gapdhs, Garem1, Garin5a, Gas1, Gas2l2, Gas6, Gas8, Gata1, Gata2, Gata3, Gata4, Gata5, Gata6, Gatad2a, Gatad2b, Gatm, Gba1, Gbp2, Gbp2b, Gbp3, Gbp5, Gbp7, Gbx2, Gcg, Gcgr, Gch1, Gck, Gclc, Gcm1, Gcm2, Gcnt1, Gcnt2, Gcsam, Gda, Gdf10, Gdf11, Gdf15, Gdf2, Gdf3, Gdf5, Gdf6, Gdf7, Gdf9, Gdi1, Gdnf, Gdpd2, Gdpd5, Gen1, Gfap, Gfer, Gfi1, Gfi1b, Gfra1, Gfral, Gfus, Gga1, Gga3, Gh, Ghr, Ghrh, Ghrhr, Ghrl, Ghsr, Gid8, Gigyf2, Gimap3, Gimap5, Gip, Gipc1, Gipr, Git1, Gja1, Gja5, Gjc2, Gkap1, Gkn1, Gkn2, Glce, Gli1, Gli2, Gli3, Glipr2, Glis1, Glis2, Glis3, Glmn, Glmp, Glp1r, Glra1, Glud1, Glul, Glyr1, Gm12250, Gm14137, Gm15441, Gm7324, Gmeb1, Gmeb2, Gna11, Gnai1, Gnai2, Gnai3, Gnaq, Gnas, Gng5, Gnl3, Gnl3l, Golga2, Golga4, Golph3, Golph3l, Gorab, Got1, Gp1ba, Gp1bb, Gp5, Gp9, Gpam, Gpatch3, Gpbar1, Gpbp1, Gpbp1l1, Gpc1, Gpc2, Gpc3, Gpc5, Gpd1, Gpd1l, Gper1, Gpi1, Gpihbp1, Gpld1, Gpm6a, Gpm6b, Gpnmb, Gpr101, Gpr108, Gpr137, Gpr137b, Gpr137c, Gpr155, Gpr158, Gpr183, Gpr21, Gpr27, Gpr3, Gpr31b, Gpr33, Gpr37, Gpr37l1, Gpr39, Gpr4, Gpr55, Gpr62, Gpr65, Gpr68, Gprc5b, Gprc6a, Gps2, Gpsm1, Gpsm2, Gpsm3, Gpt, Gpx1, Gramd4, Grb10, Grb2, Grb7, Grem1, Grhl1, Grhl2, Grhl3, Gria1, Gria2, Gria3, Gria4, Grid2, Grik1, Grik2, Grik5, Grin1, Grin2a, Grin2b, Grin2c, Grin2d, Grip1, Grip2, Grk1, Grk2, Grk3, Grk5, Grm1, Grm2, Grm4, Grm5, Grm6, Grn, Grp, Grpr, Grsf1, Gsap, Gsdma3, Gsdmd, Gsdme, Gsk3a, Gsk3b, Gskip, Gsn, Gstm7, Gsto1, Gstp1, Gsx1, Gsx2, Gtf2a1, Gtf2a2, Gtf2f1, Gtf2f2, Gtf2h1, Gtf2i, Gtpbp1, Gtsf1, Guca1a, Gucy1a1, Gucy1a2, Gucy2d, Guf1, Gzma, H1f1, H2-Aa, H2-Ab1, H2-Bl, H2-D1, H2-DMa, H2-DMb1, H2-DMb2, H2-Ea, H2-Eb1, H2-Eb2, H2-K1, H2-L, H2-M1, H2-M10.1, H2-M10.2, H2-M10.3, H2-M10.4, H2-M10.5, H2-M10.6, H2-M11, H2-M2, H2-M3, H2-M5, H2-M9, H2-Oa, H2-Ob, H2-Q1, H2-Q10, H2-Q2, H2-Q4, H2-Q6, H2-Q7, H2-Q8, H2-Q9, H2-T22, H2-T23, H2-T24, H2-T26, H2-T27, H2-T3, H2az1, H3f5, H60a, H60b, H60c, Habp4, Hacd1, Hacd3, Hadh, Hamp, Hamp2, Hand1, Hand2, Hand2os1, Hap1, Has2, Has3, Havcr1, Havcr2, Hax1, Hbb-b2, Hbegf, Hbp1, Hc, Hcar2, Hcfc1, Hcfc2, Hck, Hcls1, Hcn1, Hcrt, Hcrtr1, Hcst, Hdac1, Hdac10, Hdac2, Hdac3, Hdac4, Hdac5, Hdac6, Hdac7, Hdac9, Hdgf, Hdgfl2, Heatr1, Heg1, Helq, Helt, Helz2, Heph, Herpud1, Hes1, Hes3, Hes5, Hexb, Hexim1, Hey1, Hey2, Heyl, Hfe, Hgf, Hgs, Hhex, Hic1, Hif1a, Hif1an, Hif3a, Higd1a, Hilpda, Hinfp, Hint1, Hip1, Hip1r, Hipk1, Hipk2, Hivep1, Hivep2, Hivep3, Hjv, Hk1, Hk2, Hlf, Hltf, Hlx, Hmbox1, Hmces, Hmg20b, Hmga1, Hmga1b, Hmga2, Hmgb1, Hmgb2, Hmgcr, Hmgn3, Hmgn5, Hmox1, Hmx2, Hnf1a, Hnf1b, Hnf4a, Hnf4g, Hnrnpa0, Hnrnpa1, Hnrnpa2b1, Hnrnpab, Hnrnpc, Hnrnpd, Hnrnpk, Hnrnpll, Hnrnpm, Hnrnpr, Hnrnpu, Homer1, Hopx, Hoxa1, Hoxa10, Hoxa11, Hoxa13, Hoxa2, Hoxa3, Hoxa4, Hoxa5, Hoxa7, Hoxa9, Hoxb1, Hoxb2, Hoxb3, Hoxb4, Hoxb5, Hoxb7, Hoxb9, Hoxc10, Hoxc11, Hoxc13, Hoxc4, Hoxd10, Hoxd11, Hoxd13, Hoxd3, Hoxd4, Hoxd8, Hoxd9, Hpca, Hpgd, Hpn, Hprt1, Hps1, Hpse, Hpse2, Hpx, Hras, Hrc, Hrg, Hrh1, Hrh2, Hrh3, Hrk, Hsd17b12, Hsd17b13, Hsf1, Hsf2, Hsf3, Hsf5, Hsp90aa1, Hsp90ab1, Hspa1a, Hspa1b, Hspa1l, Hspa2, Hspa5, Hspa8, Hspa9, Hspb1, Hspb6, Hspb8, Hspbp1, Hspd1, Hspg2, Hsph1, Htatip2, Htr1a, Htr1b, Htr2a, Htr2b, Htr2c, Htr6, Htr7, Htra1, Htra2, Htra4, Htt, Huwe1, Hvcn1, Hyal1, Hyal2, Hyal3, Iapp, Ibsp, Icam1, Ice1, Ice2, Icmt, Icos, Icosl, Id1, Id2, Id3, Id4, Ide, Ido1, Idua, Ier2, Ier3, Ier3ip1, Ier5, Ifi203, Ifi203-ps, Ifi204, Ifi205, Ifi206, Ifi207, Ifi208, Ifi209, Ifi211, Ifi213, Ifi214, Ifi35, Ifih1, Ifit2, Ifitm1, Ifna, Ifnar1, Ifnb1, Ifng, Ifngr1, Ifnl2, Ifnl3, Ifnlr1, Ifrd1, Ift172, Ift20, Ift74, Ift88, Igbp1, Igf1, Igf1r, Igf2, Igf2bp1, Igf2bp2, Igf2bp3, Igf2r, Igfbp1, Igfbp2, Igfbp3, Igfbp4, Igfbp5, Igfbp6, Igh-7, Igh-8, Igha, Ighd, Ighe, Ighg, Ighg1, Ighg2a, Ighg2b, Ighg2c, Ighg3, Ighm, Igsf11, Igsf9b, Igtp, Ihh, Ikbkb, Ikbke, Ikbkg, Ikzf1, Ikzf2, Ikzf3, Ikzf4, Il10, Il10ra, Il10rb, Il11, Il11ra1, Il11ra2, Il12a, Il12b, Il12rb1, Il12rb2, Il13, Il13ra1, Il13ra2, Il15, Il15ra, Il16, Il17a, Il17b, Il17c, Il17d, Il17f, Il17ra, Il17rb, Il17rc, Il18, Il18r1, Il18rap, Il19, Il1a, Il1b, Il1r1, Il1rap, Il1rapl1, Il1rl1, Il1rl2, Il2, Il20, Il20ra, Il20rb, Il21, Il22, Il23a, Il23r, Il24, Il25, Il27, Il27ra, Il2ra, Il2rb, Il2rg, Il3, Il31ra, Il33, Il34, Il36a, Il36b, Il36g, Il4, Il4i1, Il4i1b, Il4ra, Il5, Il5ra, Il6, Il6ra, Il6st, Il7, Il7r, Il9, Il9r, Ildr1, Ilf2, Ilf3, Ilk, Impact, Inava, Inca1, Incenp, Ing1, Ing2, Ing3, Ing4, Ing5, Inhba, Inhbb, Ino80, Ino80b, Ino80c, Ino80d, Ino80e, Inpp5d, Inpp5f, Inpp5k, Ins1, Ins2, Insl3, Insl5, Insm1, Insr, Intu, Ip6k2, Ipo5, Ipo7, Ippk, Iqce, Iqcf1, Iqgap1, Iqgap3, Iqschfp, Iqsec1, Iqsec2, Irak1, Irak1bp1, Irak2, Irak3, Irak4, Irf1, Irf2, Irf2bpl, Irf3, Irf4, Irf5, Irf6, Irf7, Irf8, Irf9, Irgc, Irgm1, Irgm2, Irs1, Irs2, Irs3, Irx1, Irx3, Irx4, Irx6, Iscu, Isg15, Isl1, Isl2, Islr2, Ist1, Itch, Itga1, Itga2, Itga2b, Itga3, Itga4, Itga5, Itga6, Itga8, Itgal, Itgam, Itgav, Itgax, Itgb1, Itgb1bp1, Itgb2, Itgb2l, Itgb3, Itgb3bp, Itgb8, Itk, Itln1, Itlnb, Itm2c, Itpka, Itpkb, Itpr1, Itpr3, Itsn1, Itsn2, Jade1, Jade2, Jag1, Jag2, Jak1, Jak2, Jak3, Jam2, Jam3, Jaml, Jcad, Jchain, Jmjd4, Jmjd6, Jmjd8, Jmy, Jph2, Jpx, Jrk, Jtb, Jun, Junb, Jund, Jup, Kalrn, Kank1, Kansl1, Kansl2, Kansl3, Kars1, Kat2a, Kat2b, Kat5, Kat6a, Kat6b, Kat7, Kat8, Katnb1, Katnbl1, Kcna5, Kcnb1, Kcnc1, Kcnc2, Kcne1, Kcne2, Kcne5, Kcnh2, Kcnip1, Kcnip2, Kcnj11, Kcnj2, Kcnj8, Kcnk13, Kcnk2, Kcnma1, Kcnmb1, Kcnn2, Kcnn4, Kcnq1, Kcp, Kctd11, Kctd13, Kctd17, Kctd20, Kctd7, Kdf1, Kdm1a, Kdm1b, Kdm2a, Kdm2b, Kdm3a, Kdm4a, Kdm4c, Kdm4d, Kdm5a, Kdm5b, Kdm6a, Kdm6b, Kdm7a, Kdm8, Kdr, Khdc3, Khdrbs1, Khdrbs3, Khsrp, Kidins220, Kif14, Kif1b, Kif20b, Kif23, Kif26b, Kif3a, Kif3b, Kif3c, Kif5b, Kif7, Kifap3, Kirrel1, Kiss1, Kiss1r, Kit, Kitl, Kl, Klb, Klf1, Klf10, Klf11, Klf12, Klf13, Klf14, Klf15, Klf2, Klf4, Klf5, Klf6, Klf7, Klf9, Klhdc10, Klhl18, Klhl22, Klhl25, Klhl40, Klhl6, Klk14, Klk1b4, Klk5, Klk6, Klk7, Klkb1, Klrb1c, Klrc1, Klrc2, Klrc3, Klrd1, Klre1, Klrh1, Klri1, Klri2, Klrk1, Kmo, Kmt2a, Kmt2b, Kmt2c, Kmt2d, Kmt2e, Kmt5b, Kmt5c, Kndc1, Knl1, Kpna2, Kpna2rt, Kpna6, Kpna7, Kras, Krt1, Krt10, Krt17, Krt2, Ksr1, Ksr2, L1cam, L3mbtl3, Lacc1, Lag3, Lama1, Lama2, Lamb1, Lamb2, Lamc1, Lamc2, Lamp1, Lamp2, Lamp3, Lamtor1, Lamtor2, Lamtor3, Lamtor4, Lamtor5, Lancl2, Laptm5, Large1, Larp1, Larp4, Larp4b, Larp6, Larp7, Larp7-ps, Lars1, Lat, Lat2, Lats1, Lats2, Lax1, Lbh, Lbp, Lbx2, Lck, Lcn2, Lcor, Lcp1, Lcp2, Ldb1, Ldb2, Ldc1, Ldha, Ldlr, Ldlrap1, Lef1, Leo1, Lep, Lepr, Letmd1, Lfng, Lgals1, Lgals2, Lgals3, Lgals8, Lgals9, Lgi1, Lgmn, Lgr4, Lgr5, Lgr6, Lhcgr, Lhfpl2, Lhx1, Lhx2, Lhx3, Lhx4, Lhx5, Lif, Lifr, Lig4, Lilra5, Lilrb4a, Lilrb4b, Limch1, Lime1, Limk1, Limk2, Lims1, Lims2, Lin28a, Lin28b, Lingo2, Lingo4, Lipa, Lipg, Lipt2, Litaf, Llph, Lman1, Lman2, Lmcd1, Lmna, Lmnb1, Lmntd2, Lmo1, Lmo2, Lmo3, Lmo4, Lmo7, Lmod1, Lmod2, Lmod3, Lmx1a, Lmx1b, Lnpk, Loxl2, Loxl3, Lpar1, Lpar2, Lpar3, Lpcat1, Lpcat3, Lpgat1, Lpin1, Lpin2, Lpin3, Lpl, Lpxn, Lrat, Lrch4, Lrg1, Lrig2, Lrp1, Lrp2, Lrp3, Lrp4, Lrp5, Lrp6, Lrp8, Lrrc14, Lrrc15, Lrrc19, Lrrc24, Lrrc26, Lrrc32, Lrrc38, Lrrc4b, Lrrc52, Lrrc55, Lrrc7, Lrrc8a, Lrrfip2, Lrrk1, Lrrk2, Lrrn1, Lrrn3, Lrrtm1, Lrrtm2, Lrrtm3, Lrrtm4, Lrsam1, Lrtm1, Lrtm2, Lsm1, Lsm10, Lsm11, Lsm14a, Lta, Ltb, Ltbp1, Ltbp3, Ltbr, Ltf, Ltk, Lum, Lurap1, Lurap1l, Ly86, Ly9, Ly96, Lyar, Lyl1, Lyn, Lypd10, Lypd11, Lypd6, Lyplal1, Lyst, Lyve1, Lzts2, Mab21l1, Mab21l2, Macc1, Macf1, Macroh2a1, Macroh2a2, Mad1l1, Mad2l1, Mad2l1bp, Mad2l2, Madcam1, Madd, Maf, Mafa, Mafb, Maff, Mafg, Mag, Maged1, Magel2, Magi1, Magi2, Magi3, Mak, Mal, Malat1, Malrd1, Malt1, Maml1, Maml2, Maml3, Mamstr, Man2a1, Maoa, Maob, Map10, Map1a, Map1b, Map1lc3b, Map2, Map2k1, Map2k2, Map2k3, Map2k4, Map2k5, Map2k6, Map2k7, Map3k1, Map3k10, Map3k11, Map3k12, Map3k13, Map3k20, Map3k3, Map3k4, Map3k5, Map3k7, Map3k8, Map3k9, Map4k1, Map4k2, Map4k4, Map6, Mapk1, Mapk11, Mapk13, Mapk14, Mapk15, Mapk3, Mapk6, Mapk7, Mapk8, Mapk8ip1, Mapk8ip2, Mapk8ip3, Mapk9, Mapkap1, Mapkapk2, Mapkapk3, Mapkapk5, Mapkbp1, Mapre1, Mapre2, Mapre3, Mapt, Marchf2, Marchf5, Marchf7, Marcks, Marcksl1, Marco, Mark1, Mark2, Mark4, Mars1, Mas1, Masp1, Masp2, Mastl, Mat2a, Matr3, Mavs, Max, Maz, Mbd2, Mbd3, Mbd5, Mbip, Mbl1, Mbl2, Mblac1, Mbp, Mbtd1, Mbtps2, Mc1r, Mc4r, Mcam, Mcf2l, Mchr1, Mcidas, Mcl1, Mcoln1, Mcoln2, Mcrs1, Mcu, Mcub, Mdfic, Mdk, Mdm2, Mdm4, Meaf6, Meak7, Mecom, Mecp2, Med1, Med10, Med11, Med12, Med12l, Med13, Med14, Med15, Med16, Med17, Med18, Med19, Med20, Med21, Med22, Med23, Med24, Med25, Med26, Med27, Med28, Med29, Med30, Med31, Med4, Med6, Med7, Med8, Med9, Medag, Mef2a, Mef2b, Mef2c, Mef2d, Mefv, Megf10, Megf8, Meioc, Meiosin, Meis1, Meis2, Meis3, Melk, Meltf, Men1, Meox1, Meox2, Mepce, Mertk, Mesd, Mesp1, Mesp2, Met, Metrn, Metrnl, Mettl14, Mettl16, Mettl23, Mettl3, Mettl5, Mettl8, Mex3b, Mex3d, Mfap2, Mff, Mfhas1, Mfn1, Mfn2, Mfng, Mfsd2a, Mfsd2b, Mga, Mgat3, Mgat5, Mgll, Mgmt, Mia3, Mib1, Mical2, Micu1, Micu3, Mid1, Mid1ip1, Mid2, Mief1, Mief2, Mien1, Mif, Mink1, Mios, Mip, Mir100, Mir101a, Mir101b, Mir103-1, Mir103-2, Mir106a, Mir106b, Mir124-2hg, Mir124a-1, Mir124a-1hg, Mir124a-2, Mir124a-3, Mir125a, Mir125b-1, Mir125b-2, Mir126a, Mir127, Mir128-1, Mir128-2, Mir129, Mir129-1, Mir129-2, Mir130a, Mir132, Mir133a-1, Mir133b, Mir134, Mir135a-2, Mir137, Mir138-1, Mir138-2, Mir143, Mir144, Mir145a, Mir148b, Mir149, Mir150, Mir151, Mir153, Mir155, Mir15a, Mir17, Mir18, Mir181a-1, Mir181a-2, Mir181b-1, Mir181b-2, Mir181c, Mir181d, Mir184, Mir187, Mir191, Mir195a, Mir196a-1, Mir196a-2, Mir196b, Mir1983, Mir19a, Mir19b-1, Mir19b-2, Mir204, Mir205, Mir20a, Mir210, Mir211, Mir214, Mir218, Mir218-1, Mir218-2, Mir219a-1, Mir219a-2, Mir21a, Mir22, Mir221, Mir222, Mir223, Mir23a, Mir23b, Mir24-1, Mir24-2, Mir25, Mir26a-1, Mir26a-2, Mir26b, Mir27a, Mir27b, Mir28a, Mir29a, Mir29b-1, Mir29b-2, Mir300, Mir301, Mir301b, Mir30a, Mir30b, Mir30c-1, Mir30c-2, Mir30d, Mir30e, Mir320, Mir324, Mir326, Mir328, Mir330, Mir337, Mir338, Mir342, Mir345, Mir34a, Mir369, Mir374b, Mir378a, Mir379, Mir381, Mir382, Mir383, Mir384, Mir3960, Mir410, Mir411, Mir421, Mir425, Mir433, Mir434, Mir451a, Mir451b, Mir452, Mir466d, Mir466l, Mir467a-1, Mir467a-10, Mir467a-2, Mir467a-3, Mir467a-4, Mir467a-5, Mir467a-6, Mir467a-7, Mir467a-8, Mir467a-9, Mir467b, Mir484, Mir486, Mir487b, Mir494, Mir500, Mir501, Mir505, Mir539, Mir540, Mir541, Mir551b, Mir652, Mir667, Mir672, Mir673, Mir674, Mir675, Mir7-1, Mir7-2, Mir702, Mir744, Mir7578, Mir760, Mir770, Mir7b, Mir872, Mir875, Mir9-1, Mir9-2, Mir9-3, Mir92-1, Mir92-2, Mir92b, Mir93, Mir9718, Mir98, Mir99a, Mirlet7a-1, Mirlet7a-2, Mirlet7c-1, Mirlet7c-2, Mirlet7d, Mirlet7e, Mirlet7f-1, Mirlet7f-2, Mirlet7i, Mitf, Mixl1, Mkks, Mkrn2, Mkx, Mlc1, Mlh1, Mllt1, Mllt10, Mllt11, Mllt3, Mllt6, Mlst8, Mlx, Mlxip, Mlxipl, Mlycd, Mmd, Mmd2, Mme, Mmp12, Mmp13, Mmp14, Mmp1a, Mmp1b, Mmp2, Mmp3, Mmp7, Mmp8, Mmp9, Mmrn1, Mmrn2, Mms19, Mn1, Mnat1, Mndal, Mns1, Moap1, Mob2, Mog, Morc3, Morf4l1, Morf4l2, Mos, Mospd1, Mospd2, Mov10, Mpc2, Mpl, Mpp2, Mpp7, Mprip, Mpv17l2, Mr1, Mrap, Mrap2, Mre11a, Mrgbp, Mrgprb1, Mrnip, Mrpl12, Mrps27, Mrtfa, Mrtfb, Ms4a1, Ms4a2, Msantd1, Msgn1, Msh2, Msl1, Msl2, Msl3, Msn, Msr1, Mst1, Mst1r, Mstn, Msx1, Msx2, Mt3, Mta1, Mta2, Mta3, Mtbp, Mtch1, Mtch2, Mtcl1, Mtdh, Mtf1, Mtln, Mtm1, Mtmr2, Mtmr9, Mtnap1, Mtnr1b, Mtor, Mtpn, Mtss1, Mturn, Muc1, Muc2, Muc20, Mul1, Mup1, Mup11, Mup2, Mup20, Mup3, Mup4, Mup5, Musk, Mustn1, Mvd, Myadm, Myb, Mybbp1a, Mybl1, Mybl2, Myc, Mycbp, Mycbp2, Mycn, Mycs, Myd88, Mydgf, Myf5, Myf6, Myh10, Myh9, Mylip, Mylk, Mylk2, Mylk3, Mymk, Myo10, Myo18a, Myo1c, Myo1f, Myo1g, Myo3a, Myo3b, Myo5a, Myo5b, Myoc, Myocd, Myod1, Myog, Myom1, Myorg, Myrf, Myrfl, Myrip, Mysm1, Myt1, Myt1l, Mzb1, Mzf1, N4bp2l2, N6amt1, Naa15, Nabp2, Nacc1, Nacc2, Nadk, Naf1, Nagk, Naglu, Naip1, Naip2, Naip5, Naip6, Naip7, Nalcn, Nampt, Nanog, Nanos1, Nanos2, Nanos3, Nap1l1, Nap1l2, Napepld, Nat10, Nat8, Nat8b-ps, Nat8f1, Nat8f7, Nat8l, Nav3, Nbas, Nbl1, Nbn, Ncam1, Ncapd2, Ncapd3, Ncapg, Ncapg2, Ncaph, Ncaph2, Ncbp1, Ncbp2, Nccrp1, Ncf2, Nck1, Nck2, Nckap1, Nckap1l, Nckipsd, Ncl, Ncmap, Ncoa1, Ncoa2, Ncoa3, Ncoa6, Ncoa7, Ncor1, Ncor2, Ncr3-ps, Ncs1, Ncstn, Ndc80, Ndel1, Ndfip1, Ndfip2, Ndn, Ndnf, Ndp, Ndrg4, Ndst1, Ndufa13, Ndufa4, Ndufaf4, Ndufc2, Ndufs4, Necab2, Nectin2, Nedd4, Nedd4l, Nedd9, Nefl, Negr1, Nek10, Nek2, Nek4, Nek5, Nek7, Nelfa, Nelfe, Nell1, Nell2, Nenf, Neo1, Nepro, Nes, Net1, Neto1, Neu1, Neu2, Neu3, Neurl1a, Neurod1, Neurod2, Neurod4, Neurod6, Neurog1, Neurog2, Neurog3, Nf1, Nf2, Nfam1, Nfat5, Nfatc1, Nfatc2, Nfatc2ip, Nfatc3, Nfatc4, Nfe2, Nfe2l1, Nfe2l2, Nfia, Nfib, Nfic, Nfil3, Nfix, Nfkb1, Nfkb2, Nfkbia, Nfkbid, Nfkbil1, Nfkbiz, Nfrkb, Nfya, Nfyb, Nfyc, Ngf, Ngfr, Ngly1, Ngrn, Nherf1, Nherf2, Nhlh1, Nhlh2, Nhlrc1, Niban1, Niban2, Nicol1, Nid1, Nif3l1, Nin, Ninj1, Nipbl, Nipsnap2, Nkap, Nkd1, Nkd2, Nkg7, Nkrf, Nkx2-1, Nkx2-2, Nkx2-2os, Nkx2-3, Nkx2-5, Nkx2-6, Nkx2-9, Nkx3-1, Nkx6-1, Nkx6-2, Nkx6-3, Nle1, Nlgn1, Nlgn2, Nlgn3, Nlk, Nlrc3, Nlrc4, Nlrc5, Nlrp10, Nlrp12, Nlrp1a, Nlrp1b, Nlrp3, Nlrp4f, Nlrp5, Nlrp6, Nlrp9b, Nlrx1, Nmb, Nmbr, Nmd3, Nme1, Nme2, Nmi, Nmnat1, Nmu, Nmur1, Nnat, Nnmt, Nnt, Nobox, Noct, Nod1, Nod2, Nodal, Nog, Nol11, Nolc1, Nono, Nop53, Nos1, Nos2, Nos3, Notch1, Notch2, Notch3, Notch4, Nox1, Nox4, Npas2, Npas3, Npas4, Npat, Nphp1, Nphp4, Nphs1, Nploc4, Npm1, Npm2, Npnt, Nppa, Nppb, Nppc, Npr1, Npr2, Npr3, Nprl2, Nprl3, Nps, Npsr1, Nptn, Npy, Npy1r, Npy2r, Npy5r, Nqo1, Nqo2, Nr0b2, Nr1d1, Nr1d2, Nr1h2, Nr1h3, Nr1h4, Nr1h5, Nr1i2, Nr1i3, Nr2c1, Nr2c2, Nr2e1, Nr2e3, Nr2f1, Nr2f2, Nr3c1, Nr3c2, Nr4a1, Nr4a2, Nr4a3, Nr5a1, Nr5a2, Nr6a1, Nrarp, Nras, Nrbf2, Nrdc, Nrde2, Nrf1, Nrg1, Nrgn, Nrip1, Nrk, Nrl, Nrp1, Nrxn1, Nscme3l, Nsd1, Nsd2, Nsd3, Nsf, Nsfl1c, Nsg1, Nsmaf, Nsmce2, Nsmce3, Nsmf, Nsun4, Nsun5, Ntf3, Ntn1, Ntrk1, Ntrk2, Ntrk3, Nts, Ntsr1, Ntsr2, Nub1, Nucb2, Nucks1, Nudt16, Nudt21, Nufip1, Numa1, Numb, Numbl, Nup62, Nup85, Nup93, Nup98, Nupr1, Nus1, Nusap1, Nutf2, Nutf2-ps1, Nvl, Nwd1, Oas1a, Oas1b, Oas1c, Oas1d, Oas1e, Oas1f, Oas1g, Oas1h, Oas2, Oas3, Oasl1, Oaz1, Oaz2, Oaz3, Obi1, Obp2a, Obsl1, Ocln, Ocstamp, Odam, Odaph, Odc1, Oga, Ogg1, Ogt, Olfm1, Olfm2, Olfm4, Olig1, Olig2, Olig3, Oma1, Onecut1, Onecut2, Onecut3, Ooep, Oog1, Oog2, Oog3, Opa1, Opn3, Oprd1, Oprk1, Oprm1, Optn, Or2at4, Or4m1, Or51e2, Orai1, Orc1, Ormdl3, Osbp, Osbpl11, Osbpl7, Osbpl8, Oscar, Osm, Osmr, Osr1, Osr2, Otp, Otub1, Otud4, Otud5, Otud6b, Otud7b, Otulin, Otx1, Otx2, Ovol1, Ovol2, Oxct1, Oxsr1, Oxt, Oxtr, P2rx1, P2rx2, P2rx4, P2rx5, P2rx7, P2ry1, P2ry12, P2ry2, P2ry6, P3h1, P4hb, Pa2g4, Pabir1, Pabpc1, Pabpc1l, Pabpn1l, Pacsin1, Pacsin3, Padi2, Paf1, Pafah1b1, Pafah1b2, Pagr1a, Paip1, Paip2, Pak1, Pak2, Pak3, Pak4, Palm, Pan2, Pan3, Panx1, Panx2, Panx3, Paox, Paqr3, Pard3, Pard6a, Parg, Park7, Parn, Parp1, Parp14, Parp2, Parp3, Parp6, Parp9, Patl1, Patl2, Patz1, Pawr, Pax1, Pax2, Pax3, Pax4, Pax5, Pax6, Pax7, Pax8, Pax9, Paxbp1, Paxip1, Pbrm1, Pbx1, Pbx2, Pbx3, Pbx4, Pbxip1, Pcbd1, Pcbd2, Pcbp1, Pcbp2, Pcgf5, Pcid2, Pcif1, Pck1, Pck2, Pclo, Pcm1, Pcna, Pcnt, Pcp4, Pcsk1, Pcsk5, Pcsk9, Pcx, Pdcd1, Pdcd10, Pdcd1lg2, Pdcd2, Pdcd4, Pdcd5, Pdcd5-ps, Pdcd6, Pdcd6ip, Pdcd7, Pdcl, Pdcl3, Pde12, Pde2a, Pde3a, Pde4b, Pde4d, Pde4dip, Pde5a, Pde6g, Pde6h, Pde8a, Pde8b, Pde9a, Pdf, Pdgfa, Pdgfb, Pdgfc, Pdgfd, Pdgfra, Pdgfrb, Pdia3, Pdia4, Pdlim1, Pdlim4, Pdlim7, Pdpk1, Pdpn, Pdx1, Pdxp, Pdzk1, Pea15a, Pear1, Pebp1, Pecam1, Pef1, Peg12, Peg3, Peli1, Peli2, Peli3, Pelo, Pelp1, Pemt, Penk, Per1, Per2, Perp, Pex5, Pex5l, Pf4, Pfdn2, Pfkfb1, Pfkfb2, Pfkm, Pfn1, Pfn2, Pfn3, Pgam5, Pgap1, Pgc, Pgf, Pggt1b, Pgr, Pgrmc1, Phactr1, Phb1, Phb2, Phf10, Phf2, Phf20, Phf23, Phf5a, Phf8, Phip, Phka1, Phkb, Phkg1, Phkg2, Phlda1, Phlda2, Phlda3, Phldb1, Phldb2, Phlpp1, Phox2a, Phox2b, Phpt1, Pias1, Pias2, Pias3, Pias4, Pibf1, Picalm, Pick1, Pid1, Pidd1, Piezo1, Pih1d1, Pik3ap1, Pik3c2a, Pik3c3, Pik3ca, Pik3cb, Pik3cd, Pik3cg, Pik3r1, Pik3r2, Pik3r3, Pik3r5, Pik3r6, Pim1, Pim2, Pin1, Pin1rt1, Pink1, Pinx1, Pip, Pip4k2a, Pip4k2b, Pip4k2c, Pip4p1, Pip5kl1, Pirb, Pirt, Pithd1, Pitx1, Pitx2, Pitx3, Piwil1, Piwil2, Piwil4, Pja2, Pkd1, Pkd2, Pkdcc, Pkhd1, Pkib, Pkm, Pkn1, Pkn2, Pknox1, Pkp1, Pkp2, Pkp3, Pkp4, Pla2g10, Pla2g1b, Pla2g2a, Pla2g3, Pla2g4a, Pla2g4e, Pla2g5, Pla2g6, Pla2g7, Pla2r1, Plaa, Plac8, Plag1, Plagl1, Plagl2, Plat, Plau, Plaur, Plb1, Plcb1, Plcd1, Plce1, Plcg1, Plcg2, Plcl2, Pld1, Pld2, Pld6, Plek, Plek2, Plekha1, Plekha2, Plekha4, Plekhf1, Plekhm1, Plekhn1, Plet1, Plg, Plgrkt, Plin2, Plin3, Plin5, Plk1, Plk2, Plk3, Plk4, Plk5, Plp1, Plpp3, Plpp6, Plppr5, Plrg1, Pls1, Plscr1, Plscr2, Pltp, Plvap, Plxna3, Plxnb1, Plxnb2, Plxnb3, Plxnc1, Plxnd1, Pmaip1, Pmch, Pmel, Pmf1, Pml, Pmp22, Pms2, Pnkp, Pnldc1, Pnp, Pnp2, Pnpla2, Pnpt1, Poc1a, Podxl, Pofut2, Poglut1, Pogz, Pold4, Poldip2, Poldip3, Polg2, Polr2a, Polr2g, Polr3a, Polr3b, Polr3c, Polr3d, Polr3f, Polr3g, Pomc, Pomt1, Pomt2, Pon1, Popdc1, Por, Postn, Pot1a, Pot1b, Potefam3a, Potefam3b, Pou1f1, Pou2af1, Pou2af2, Pou2af3, Pou2f1, Pou2f2, Pou2f3, Pou3f1, Pou3f2, Pou3f3, Pou4f1, Pou4f2, Pou4f3, Pou5f1, Ppara, Ppard, Pparg, Ppargc1a, Ppargc1b, Ppbp, Ppia, Ppib, Ppid, Ppie, Ppih, Ppihl, Ppm1a, Ppm1b, Ppm1e, Ppm1f, Ppm1n, Ppp1ca, Ppp1cc, Ppp1r10, Ppp1r12a, Ppp1r13l, Ppp1r15a, Ppp1r16b, Ppp1r35, Ppp1r3b, Ppp1r3e, Ppp1r3g, Ppp1r9a, Ppp1r9b, Ppp2ca, Ppp2r1a, Ppp2r1b, Ppp2r2b, Ppp2r3a, Ppp2r3c, Ppp2r5b, Ppp2r5d, Ppp3ca, Ppp3cb, Ppp3cc, Ppp3r1, Ppp3r2, Ppp4r3a, Ppp4r3b, Ppp5c, Ppp6c, Pprc1, Ppt1, Pqbp1, Prag1, Pram1, Pramel1, Pramel7, Prap1, Prc1, Prdm1, Prdm10, Prdm11, Prdm14, Prdm15, Prdm16, Prdm2, Prdm4, Prdm5, Prdm9, Prdx2, Prdx3, Prdx5, Prdx6, Prdx6b, Preb, Prelid1, Prex1, Prf1, Prg2, Prg3, Prickle1, Prkaa1, Prkaa2, Prkab1, Prkab2, Prkaca, Prkag1, Prkag2, Prkag3, Prkar1a, Prkar1b, Prkca, Prkcb, Prkcd, Prkce, Prkcg, Prkch, Prkci, Prkcq, Prkcz, Prkd1, Prkd2, Prkdc, Prkg1, Prkg2, Prkn, Prkra, Prl, Prl2a1, Prl2b1, Prl2c1, Prl2c2, Prl2c3, Prl2c5, Prl3a1, Prl3b1, Prl3c1, Prl3d1, Prl3d2, Prl3d3, Prl4a1, Prl5a1, Prl6a1, Prl7a1, Prl7a2, Prl7b1, Prl7c1, Prl7d1, Prl8a1, Prl8a2, Prl8a6, Prl8a8, Prl8a9, Prlr, Prmt1, Prmt2, Prmt5, Prnp, Proc, Prok1, Prok2, Prom1, Prom2, Prop1, Pros1, Prox1, Prpf19, Prpf4b, Prpf6, Prr16, Prr5, Prr5l, Prr7, Prrt1, Prrt2, Prrx1, Prrx2, Prss22, Prss37, Prss8, Prxl2c, Psap, Psen1, Psen2, Psenen, Psg18, Psg22, Psg23, Psip1, Psmc3ip, Psmc5, Psmc6, Psmd10, Psmd9, Pspc1, Psrc1, Ptafr, Ptbp1, Ptch1, Ptch2, Pten, Ptf1a, Ptgdr2, Ptger2, Ptger3, Ptger4, Ptges, Ptges2, Ptges3, Ptges3-ps, Ptgfr, Ptgis, Ptgs1, Ptgs2, Ptgs2os, Pth, Pth1r, Pth2r, Pthlh, Ptk2, Ptk2b, Ptk6, Ptk7, Ptma, Ptms, Ptn, Ptov1, Ptp4a1, Ptp4a3, Ptpa, Ptpn1, Ptpn11, Ptpn2, Ptpn22, Ptpn23, Ptpn5, Ptpn6, Ptpn9, Ptpra, Ptprc, Ptprd, Ptprf, Ptprj, Ptprn, Ptprs, Ptpru, Ptprz1, Ptrh2, Pttg1ip, Ptx3, Pum1, Pum2, Pura, Purb, Pus1, Pvr, Pvrig, Pwp1, Pwwp2a, Pwwp2b, Pxn, Pxt1, Pxylp1, Pycard, Pygo1, Pym1, Qki, Qrich1, Rab11a, Rab11fip2, Rab11fip3, Rab12, Rab15, Rab1a, Rab1b, Rab21, Rab25, Rab27a, Rab27b, Rab29, Rab2b, Rab31, Rab34, Rab38, Rab3a, Rab3b, Rab3d, Rab3gap1, Rab3gap2, Rab3ip, Rab5a, Rab7, Rab7b, Rab8b, Rab9, Rabgef1, Rac1, Rac2, Rac3, Racgap1, Rack1, Rad18, Rad21, Rad23a, Rad50, Rad51ap1, Rad51b, Rad51c, Rad54l2, Rad9a, Raet1a, Raet1b, Raet1c, Raet1d, Raet1e, Raf1, Rag1, Rag2, Rai1, Rala, Ralb, Ralbp1, Ramp1, Ramp2, Ramp3, Ran, Ranbp1, Ranbp3l, Ranbp9, Rangrf, Rap1a, Rap1b, Rap1gap, Rap2a, Rap2b, Rap2c, Rapgef1, Rapgef2, Rapgef3, Rapgef4, Rapsn, Rara, Rarb, Rarg, Rarres2, Rasa1, Rasal1, Rasal3, Rasd2, Rasgef1a, Rasgrf1, Rasgrf2, Rasgrp1, Rasgrp4, Rasip1, Rasl10b, Rasl11a, Rassf1, Rassf10, Rassf2, Rassf5, Rassf6, Rax, Rb1, Rb1cc1, Rbbp4, Rbbp5, Rbbp7, Rbbp9, Rbck1, Rbfox2, Rbm10, Rbm14, Rbm15, Rbm19, Rbm20, Rbm22, Rbm24, Rbm3, Rbm38, Rbm39, Rbm4, Rbm46, Rbm47, Rbm4b, Rbm5, Rbms3, Rbmx, Rbmxl1, Rbmxl2, Rbmy, Rbmyf1, Rbmyf3, Rbmyf6, Rbmyf9, Rbp4, Rbpj, Rbpjl, Rbpms, Rbpms2, Rbx1, Rbx1-ps, Rc3h1, Rc3h2, Rcc1l, Rcc2, Rchy1, Rcn3, Rcor1, Rdh1, Rdh10, Rdh16, Rdh16f2, Rdh19, Rdh9, Rdx, Reck, Recql4, Reg1, Reg2, Reg3a, Reg3b, Reg3d, Reg3g, Rel, Rela, Relb, Rell1, Rell2, Reln, Reno1, Repin1, Rer1, Rere, Rest, Ret, Retn, Retreg3, Rfc1, Rfc2, Rfc3, Rfc4, Rfc5, Rfng, Rftn1, Rfx2, Rfx3, Rfx4, Rfx5, Rfx6, Rfx7, Rfxank, Rfxap, Rgcc, Rgl2, Rgma, Rgmb, Rgn, Rgs14, Rgs2, Rgs4, Rgs6, Rgs7, Rhbdd1, Rhbdd3, Rheb, Rhno1, Rhoa, Rhob, Rhoc, Rhod, Rhog, Rhoh, Rhoj, Rhoq, Rhox13, Rhox5, Ric3, Rictor, Rida, Rif1, Rigi, Rilp, Rimbp2, Rims1, Rims2, Rin2, Riok1, Riok2, Riok3, Ripk1, Ripk2, Ripk3, Ripor1, Ripor2, Rit2, Rlf, Rmnd1, Rnase10, Rnase9, Rnaseh2b, Rnasel, Rnd2, Rnf10, Rnf111, Rnf112, Rnf115, Rnf122, Rnf125, Rnf126, Rnf13, Rnf135, Rnf139, Rnf14, Rnf144a, Rnf146, Rnf152, Rnf157, Rnf167, Rnf168, Rnf170, Rnf180, Rnf183, Rnf185, Rnf187, Rnf20, Rnf207, Rnf220, Rnf31, Rnf34, Rnf4, Rnf40, Rnf41, Rnf6, Rnf8, Rnft1, Rnft2, Rnps1, Robo1, Robo2, Robo3, Rock1, Rock2, Rogdi, Romo1, Ror1, Ror2, Rora, Rorb, Rorc, Rp1, Rpa1, Rph3a, Rph3al, Rpl11, Rpl17, Rpl23, Rpl26, Rpl37, Rpl37rt, Rpl4, Rpl5, Rprd1b, Rps12, Rps15, Rps15a, Rps19, Rps2, Rps20, Rps23rg1, Rps27l, Rps3, Rps4x, Rps6, Rps6-ps4, Rps6ka1, Rps6ka2, Rps6ka3, Rps6ka4, Rps6ka5, Rps6kb1, Rps6kb2, Rps7, Rps9, Rptor, Rpusd3, Rpusd4, Rraga, Rragb, Rragc, Rragd, Rras, Rras2, Rreb1, Rrm1, Rrm2, Rrm2b, Rrn3, Rrp1b, Rsad2, Rsf1, Rspo1, Rspo2, Rspo3, Rspo4, Rsu1, Rtel1, Rtkn2, Rtn4, Rtn4r, Rtraf, Rufy3, Rufy4, Rundc3a, Runx1, Runx2, Runx3, Ruvbl1, Ruvbl2, Rwdd3, Rxfp2, Rxfp3, Rxfp4, Rxra, Rxrb, Rxrg, Rybp, Rybp-ps, Ryk, Ryr2, S100a1, S100a10, S100a11, S100a11-ps, S100a13, S100a14, S100a4, S100a7l2, S100a8, S100a9, S100b, S1pr1, S1pr2, Saal1, Sae1, Safb, Sall1, Sall2, Sall4, Samd1, Samd4, Samd4b, Samtor, Sap130, Sap18, Sap18b, Sap30, Sap30l, Sapcd2, Sarm1, Sart1, Sash1, Sash3, Sass6, Satb2, Sav1, Saxo1, Sbno2, Scaf8, Scamp5, Scand1, Scap, Scarb1, Scarb2, Scarf1, Scd1, Scel, Scg2, Scgb3a1, Scgn, Schip1, Scimp, Scin, Scn1b, Scn2b, Scn3b, Scn4b, Scn5a, Scoc, Scp2, Scrib, Sct, Sctr, Scube1, Scube2, Scube3, Scx, Sdc1, Sdc4, Sdcbp, Sec1, Sec13, Sec14l1, Sec14l2, Sec16b, Sec22b, Sec24a, Secisbp2, Seh1l, Sele, Selenok, Selenon, Selenot, Sell, Selp, Selplg, Sema3a, Sema3b, Sema3c, Sema3d, Sema3e, Sema3f, Sema3g, Sema4a, Sema4b, Sema4c, Sema4d, Sema4f, Sema4g, Sema5a, Sema5b, Sema6a, Sema6b, Sema6c, Sema6d, Sema7a, Senp1, Senp2, Septin4, Septin5, Septin9, Serinc3, Serp1, Serpina12, Serpinb7, Serpine1, Serpine2, Serpinf1, Serpinf2, Serping1, Serpini1, Sertad1, Sertad2, Sertad3, Sesn1, Sesn2, Sesn3, Setd1a, Setd2, Setd3, Setd4, Setd7, Setmar, Setx, Sez6, Sez6l, Sez6l2, Sf3a2, Sf3b1, Sf3b3, Sf3b5, Sfn, Sfpq, Sfr1, Sfrp1, Sfrp2, Sfrp4, Sftpa1, Sftpd, Sfxn5, Sgf29, Sgip1, Sgk1, Sgms1, Sgms1os1, Sgo2a, Sgsm1, Sgsm3, Sgta, Sh2b1, Sh2b2, Sh2d1a, Sh2d1b1, Sh2d1b2, Sh3bgrl, Sh3bp4, Sh3d19, Sh3gl1, Sh3gl2, Sh3gl3, Sh3glb1, Sh3kbp1, Sh3pxd2b, Sh3rf1, Sh3rf2, Sh3rf3, Shank1, Shank2, Shank3, Sharpin, Shb, Shc1, Shc4, Shcbp1l, Shh, Shisa7, Shkbp1, Shld1, Shld2, Shld3, Shmt2, Shoc2, Shox2, Shq1, Shtn1, Siah1a, Siah1b, Siglec1, Sik1, Sik3, Sin3a, Sinhcaf, Sirpa, Sirpb1a, Sirt1, Sirt2, Sirt3, Sirt4, Sirt6, Sirt7, Siva1, Six1, Six2, Six3, Six4, Six5, Ska1, Ska3, Skap1, Ski, Skil, Skint1, Skint10, Skint11, Skint2, Skint3, Skint4, Skint5, Skint6, Skint7, Skint8, Skint9, Skor2, Skp1, Skp2, Sla2, Slain1, Slain2, Slamf1, Slamf6, Slc11a1, Slc12a2, Slc15a2, Slc15a3, Slc15a4, Slc17a8, Slc18a1, Slc18a3, Slc19a1, Slc1a1, Slc1a2, Slc1a3, Slc20a2, Slc22a13, Slc22a2, Slc22a21, Slc22a5, Slc23a2, Slc24a1, Slc24a2, Slc24a3, Slc24a4, Slc25a12, Slc25a27, Slc25a33, Slc25a37, Slc25a4, Slc25a5, Slc26a5, Slc26a6, Slc26a9, Slc27a1, Slc27a4, Slc2a10, Slc2a13, Slc2a2, Slc2a4, Slc30a1, Slc30a10, Slc30a3, Slc30a8, Slc30a9, Slc34a1, Slc35a4, Slc35c2, Slc35d3, Slc35f6, Slc36a2, Slc38a1, Slc38a2, Slc38a3, Slc38a9, Slc39a10, Slc39a12, Slc39a14, Slc39a5, Slc39a6, Slc40a1, Slc44a4, Slc45a3, Slc46a2, Slc4a1, Slc4a2, Slc4a4, Slc4a8, Slc51b, Slc5a3, Slc6a1, Slc6a3, Slc6a4, Slc6a6, Slc6a9, Slc7a1, Slc7a10, Slc7a5, Slc8a1, Slc8a2, Slc8a3, Slc9a1, Slc9b2, Slco1c1, Slco3a1, Slf1, Slf2, Slirp, Slit2, Slitrk1, Slitrk2, Slitrk3, Slitrk4, Slitrk5, Slitrk6, Slk, Sln, Slx1b, Slx4, Smad1, Smad2, Smad3, Smad4, Smad5, Smad6, Smad7, Smad9, Smap1, Smarca1, Smarca2, Smarca4, Smarca5, Smarcad1, Smarcb1, Smarcc1, Smarcc2, Smarcd1, Smarcd2, Smarcd3, Smarce1, Smc2, Smc4, Smc5, Smc6, Smchd1, Smcr8, Smim22, Smim43, Smn1, Smo, Smoc1, Smoc2, Smpd1, Smpd2, Smpd3, Smpdl3a, Smpdl3b, Smtn, Smtnl1, Smurf1, Smurf2, Smyd1, Smyd3, Smyd5, Snai1, Snai2, Snap25, Snap47, Snap91, Snca, Snf8, Snhg15, Snrnp70, Snw1, Snx1, Snx18, Snx27, Snx3, Snx30, Snx33, Snx4, Snx5, Snx7, Snx9, Soat1, Socs1, Socs2, Socs3, Socs4, Socs5, Sod1, Sod2, Sohlh1, Sohlh2, Sorbs1, Sorbs3, Sorl1, Sort1, Sos1, Sos2, Sost, Sox1, Sox10, Sox11, Sox12, Sox13, Sox14, Sox15, Sox17, Sox18, Sox2, Sox21, Sox3, Sox30, Sox4, Sox5, Sox6, Sox7, Sox8, Sox9, Sp1, Sp100, Sp110, Sp3, Sp7, Spag5, Spag8, Spag9, Sparc, Spast, Spata18, Spatc1l, Spdef, Spdya, Spdye4a, Specc1l, Spen, Sphk1, Sphk2, Spi1, Spib, Spic, Spidr, Spin1, Spin4, Spink2, Spinkl, Spint1, Spire1, Spire2, Spn, Spock2, Spon1, Spon2, Spop, Spp1, Sppl3, Spred1, Spred2, Spring1, Sprtn, Spry1, Spry2, Spsb3, Spsb4, Spta1, Sptbn1, Sptbn4, Sptlc1, Sptlc2, Spx, Spz1, Sqstm1, Sra1, Srarp, Src, Srcin1, Srebf1, Srebf2, Srf, Sri, Srms, Srpk1, Srpk2, Srpx, Srpx2, Srrt, Srsf1, Srsf5, Srsf6, Sry, Ss18, Ss18l1, Ssb, Ssbp1, Ssbp2, Ssbp3, Ssbp4, Ssh1, Ssh2, Sstr4, Sstr5, St18, St3gal4, St6gal1, St8sia1, St8sia2, Stac, Stac2, Stac3, Stam, Stambpl1, Stap1, Star, Stard10, Stard4, Stat1, Stat2, Stat3, Stat4, Stat5a, Stat5b, Stat6, Stau1, Stau2, Stc1, Steap3, Stil, Stim1, Stim2, Stimate, Sting1, Stk11, Stk16, Stk17b, Stk19, Stk24, Stk25, Stk3, Stk36, Stk39, Stk4, Stmn2, Stmp1, Stn1, Stom, Stoml2, Stox1, Stpg1, Stra6, Stra8, Strada, Stradb, Strit1, Strn3, Sts, Stub1, Stx18, Stx1a, Stx1b, Stx3, Stx4a, Stx5a, Stx7, Stxbp1, Stxbp2, Stxbp4, Stxbp5, Styxl1, Sub1, Sucnr1, Suco, Suds3, Sufu, Sulf1, Sulf2, Sult1e1, Sult2b1, Sumo1, Sumo2, Sumo3, Sun2, Supt20, Supt4a, Supt4b, Supt5, Supt6, Supt7l, Supv3l1, Surf4, Susd4, Suz12, Svep1, Svil, Svip, Swap70, Syap1, Sybu, Syce3, Syde1, Syf2, Syk, Syncrip, Syndig1, Syne2, Syngr3, Synj1, Synj2bp, Synpo, Synpo2, Synpo2l, Syt1, Syt10, Syt11, Syt12, Syt13, Syt17, Syt2, Syt3, Syt4, Syt5, Syt7, Syt8, Syt9, Sytl2, Sytl4, T, Taar1, Tab1, Tab2, Tab3, Tac1, Tac2, Tac4, Tacc1, Tacr1, Tacr2, Tacr3, Tacstd2, Tada1, Tada2a, Tada3, Taf1, Taf10, Taf11, Taf12, Taf13, Taf15, Taf2, Taf3, Taf4, Taf4b, Taf5, Taf5l, Taf6, Taf6l, Taf7, Taf8, Taf9, Taf9b, Tafa3, Tal1, Tank, Taok1, Taok2, Taok3, Tap2, Tapt1, Tarbp2, Tardbp, Tarm1, Tas1r2, Tas2r102, Tas2r121, Tas2r124, Tasl, Tasp1, Tax1bp1, Tbc1d10a, Tbc1d20, Tbc1d23, Tbc1d24, Tbc1d5, Tbc1d7, Tbk1, Tbl1x, Tbl1xr1, Tbp, Tbr1, Tbx1, Tbx10, Tbx15, Tbx18, Tbx19, Tbx2, Tbx20, Tbx21, Tbx22, Tbx3, Tbx4, Tbx5, Tbx6, Tbxa2r, Tbxas1, Tcaf1, Tcea1, Tcea2, Tcerg1, Tcf12, Tcf15, Tcf20, Tcf21, Tcf23, Tcf3, Tcf4, Tcf7l1, Tcf7l2, Tcim, Tcl1, Tcp1, Tcrb, Tctn3, Tdrd3, Tead1, Tead2, Tead3, Tead4, Tec, Tedc1, Tedc2, Tef, Tek, Tenm1, Tenm2, Tenm3, Tenm4, Tent2, Tent4a, Tent4b, Tent5a, Tent5b, Tent5c, Tent5d, Terc, Terf1, Terf2, Terf2ip, Tert, Tes3-ps, Tesc, Tescl, Tesk1, Tespa1, Tet1, Tet2, Tet3, Tex24, Tex261, Tfam, Tfap2a, Tfap2b, Tfap2c, Tfap2d, Tfap2e, Tfap4, Tfcp2, Tfcp2l1, Tfdp1, Tfdp2, Tfe3, Tfeb, Tfec, Tff2, Tfpt, Tfr2, Tfrc, Tgfa, Tgfb1, Tgfb1i1, Tgfb2, Tgfb3, Tgfbr1, Tgfbr2, Tgfbr3, Tgif1, Tgif2, Tgm1, Tgm2, Thap11, Thap3, Thbs1, Thbs2, Thbs4, Themis, Themis2, Themis3, Thpo, Thra, Thrap3, Thrb, Thy1, Tia1, Tial1, Tiam1, Tiam2, Ticam1, Ticam2, Tie1, Tifa, Tifab, Tigar, Tigit, Timd2, Timd5, Timd6, Timeless, Timm17a, Timm23, Timp1, Timp2, Tinf2, Tiparp, Tipin, Tirap, Tjp1, Tkfc, Tle1, Tle5, Tle6, Tlr1, Tlr11, Tlr12, Tlr13, Tlr2, Tlr3, Tlr4, Tlr5, Tlr6, Tlr7, Tlr8, Tlr9, Tlx1, Tlx2, Tm7sf3, Tm9sf4, Tm9sf5, Tmbim1, Tmc8, Tmed10, Tmed10-ps, Tmed2, Tmed9, Tmem100, Tmem102, Tmem106a, Tmem106b, Tmem108, Tmem119, Tmem126a, Tmem132a, Tmem135, Tmem161a, Tmem164, Tmem196, Tmem198, Tmem198b, Tmem250, Tmem259, Tmem30a, Tmem30b, Tmem33, Tmem35a, Tmem39a, Tmem59, Tmem64, Tmem67, Tmem79, Tmem9, Tmem97, Tmf1, Tmigd3, Tmod2, Tmod3, Tmprss12, Tmprss2, Tmprss4, Tmprss6, Tmsb4x, Tmtc3, Tmx1, Tnc, Tnf, Tnfaip1, Tnfaip3, Tnfaip6, Tnfaip8, Tnfaip8l3, Tnfrsf10b, Tnfrsf11a, Tnfrsf12a, Tnfrsf13c, Tnfrsf14, Tnfrsf18, Tnfrsf19, Tnfrsf1a, Tnfrsf1b, Tnfrsf21, Tnfrsf22, Tnfrsf4, Tnfrsf8, Tnfsf10, Tnfsf11, Tnfsf12, Tnfsf13, Tnfsf13b, Tnfsf14, Tnfsf15, Tnfsf18, Tnfsf4, Tnfsf8, Tnfsf9, Tnik, Tnip1, Tnip2, Tnip3, Tnk2, Tnks, Tnks1bp1, Tnks2, Tnn, Tnni2, Tnp1, Tnp2, Tnr, Tnrc6a, Tnrc6b, Tnrc6c, Tns3, Tnxb, Tob1, Tob2, Togaram1, Tollip, Tom1, Tom1l1, Tomm22, Tomm40, Tomm7, Tomm70a, Tomt, Top2a, Top2b, Topors, Tor1a, Tox, Tox2, Tox3, Tpbg, Tpcn1, Tpd52, Tpd52l1, Tph1, Tpm1, Tppp, Tppp2, Tppp3, Tpr, Tpx2, Tra2a, Tra2b, Trabd2b, Tradd, Traf2, Traf3, Traf3ip2, Traf3ip3, Traf4, Traf5, Traf6, Traf7, Trak1, Trappc12, Trappc2, Trat1, Trav7-2, Trdn, Trem1, Trem2, Trem3, Treml4, Trerf1, Trex1, Trf, Trh, Trhr, Triap1, Trib1, Trib2, Trib3, Tril, Trim11, Trim12a, Trim12c, Trim13, Trim14, Trim15, Trim21, Trim23, Trim24, Trim25, Trim26, Trim27, Trim28, Trim3, Trim30a, Trim30b, Trim30c, Trim30d, Trim31, Trim32, Trim35, Trim37, Trim38, Trim39, Trim41, Trim44, Trim46, Trim5, Trim52, Trim55, Trim56, Trim58, Trim6, Trim62, Trim65, Trim67, Trim71, Trim8, Triobp, Trip10, Trip4, Trip6, Trmt10c, Trmt112, Trp53, Trp53bp1, Trp53bp2, Trp53inp1, Trp53inp2, Trp63, Trp73, Trpa1, Trpc1, Trpc3, Trpc4, Trpc5, Trpc6, Trpm2, Trpm4, Trpm5, Trpm7, Trpm8, Trps1, Trpv1, Trpv2, Trpv3, Trpv4, Trrap, Trub1, Trub2, Tsacc, Tsc1, Tsc2, Tsc22d1, Tsg101, Tshr, Tshz3, Tsix, Tsku, Tslp, Tspan14, Tspan5, Tspan6, Tspan9, Tspo, Tspyl5, Ttbk1, Ttbk2, Ttc21b, Ttc23, Ttc5, Tti1, Ttl, Ttll6, Ttn, Ttpa, Tub, Tubb2b, Tubd1, Tug1, Tulp1, Tunar, Tusc2, Tut4, Tut7, Twf1, Twf2, Twist1, Twist2, Twsg1, Txk, Txn1, Txndc15, Txnip, Txnl4b, Txnrd1, Tyk2, Tyro3, Tyrobp, Tyrp1, U2af2, Uaca, Uap1, Uba2, Ubap2l, Ubash3a, Ubb, Ubd, Ube2a, Ube2b, Ube2c, Ube2d1, Ube2e1, Ube2e2, Ube2i, Ube2k, Ube2l3, Ube2m, Ube2n, Ube2o, Ube2s, Ube2srt, Ube2v1, Ube2v2, Ube2z, Ube3a, Ubp1, Ubqln1, Ubqln2, Ubr2, Ubr3, Ubr4, Ubr5, Ubtf, Ubtfl1, Ubxn2a, Ubxn2b, Uchl1, Uchl3, Uchl5, Ucn, Ucn3, Ucp1, Ucp2, Ufd1, Ufl1, Uhmk1, Uhrf1, Uimc1, Ulbp1, Ulk1, Ulk3, Unc119, Unc13a, Unc13b, Unc13d, Unc5b, Unc5c, Unc5cl, Unc93b1, Upf1, Upf3a, Upf3b, Uqcc2, Usf1, Usf2, Usf3, Usp1, Usp12, Usp13, Usp15, Usp16, Usp17le, Usp19, Usp2, Usp20, Usp21, Usp22, Usp27x, Usp29, Usp32, Usp34, Usp4, Usp46, Usp47, Usp5, Usp50, Usp7, Usp8, Usp9x, Utf1, Utp11, Utp15, Utp25, Utrn, Uts2, Uts2r, Vamp2, Vamp3, Vamp7, Vamp8, Vangl2, Vapb, Vash1, Vash2, Vasp, Vav1, Vav2, Vav3, Vcam1, Vcp, Vdac1, Vdr, Vegfa, Vegfb, Vegfc, Vegfd, Vezf1, Vgll2, Vgll4, Vhl, Vil1, Vim, Vip, Vit, Vkorc1, Vldlr, Vmp1, Vnn1, Vps11, Vps13d, Vps28, Vps35, Vps37b, Vps4a, Vps4b, Vps72, Vrk1, Vsig4, Vsir, Vsnl1, Vstm2a, Vstm5, Vsx2, Vtcn1, Vtn, Vwc2, Vwc2l, Vwf, Wac, Wars1, Wars2, Was, Wasf1, Wasf2, Wasf3, Washc1, Washc4, Washc5, Wasl, Wbp1l, Wbp2, Wbp2nl, Wdfy1, Wdfy2, Wdr1, Wdr24, Wdr35, Wdr43, Wdr45, Wdr48, Wdr5, Wdr59, Wdr62, Wdr75, Wdr77, Wee2, Wfs1, Whamm, Whrn, Wif1, Wipf1, Wipi1, Wiz, Wls, Wmp, Wnk1, Wnk2, Wnk3, Wnk4, Wnt1, Wnt10a, Wnt10b, Wnt11, Wnt16, Wnt2, Wnt2b, Wnt3, Wnt3a, Wnt4, Wnt5a, Wnt5b, Wnt6, Wnt7a, Wnt7b, Wnt8b, Wnt9a, Wrap53, Wrap73, Wrn, Wt1, Wwc1, Wwox, Wwp2, Wwtr1, Xbp1, Xcl1, Xdh, Xiap, Xirp2, Xkr8, Xlr3b, Xpa, Xpc, Xpo4, Xrcc1, Xrcc2, Xrcc3, Xrcc4, Xrcc5, Xrcc6, Yaf2, Yap1, Ybx1, Ybx2, Ybx3, Yeats4, Yes1, Yme1l1, Ypel3, Ythdc2, Ythdf1, Ythdf2, Ythdf3, Ywhae, Ywhag, Ywhah, Yy1, Yy2, Zap70, Zar1, Zbed3, Zbed4, Zbp1, Zbtb1, Zbtb16, Zbtb17, Zbtb18, Zbtb20, Zbtb38, Zbtb46, Zbtb48, Zbtb49, Zbtb7b, Zbtb7c, Zc3h10, Zc3h12a, Zc3h12d, Zc3h18, Zc3h3, Zc3h8, Zc3hav1, Zc4h2, Zcchc12, Zcchc13, Zcchc3, Zcchc4, Zcwpw1, Zdhhc1, Zdhhc12, Zdhhc15, Zdhhc18, Zdhhc19, Zdhhc2, Zdhhc3, Zdhhc4, Zdhhc5, Zdhhc6, Zdhhc8, Zdhhc9, Zeb1, Zeb2, Zer1, Zfand1, Zfand2a, Zfas1, Zfat, Zfhx3, Zfp13, Zfp131, Zfp142, Zfp143, Zfp148, Zfp175, Zfp212, Zfp219, Zfp24, Zfp263, Zfp281, Zfp287, Zfp292, Zfp318, Zfp322a, Zfp326, Zfp335, Zfp346, Zfp36, Zfp365, Zfp36l1, Zfp36l2, Zfp36l3, Zfp384, Zfp385a, Zfp395, Zfp407, Zfp410, Zfp42, Zfp423, Zfp462, Zfp488, Zfp516, Zfp521, Zfp523, Zfp541, Zfp580, Zfp593, Zfp609, Zfp622, Zfp639, Zfp64, Zfp640, Zfp646, Zfp677, Zfp683, Zfp703, Zfp711, Zfp715, Zfp750, Zfp758, Zfp804a, Zfp819, Zfp827, Zfp90, Zfp91, Zfpm1, Zfpm2, Zfx, Zfyve27, Zglp1, Zhx3, Zic1, Zic2, Zic3, Zkscan17, Zkscan3, Zmat3, Zmiz1, Zmiz2, Zmpste24, Zmynd10, Zmynd8, Znfx1, Znhit1, Znrf1, Znrf2, Znrf4, Zp3, Zp3r, Zpr1, Zranb1, Zscan21, Zswim2, Zswim8, Zxdb, Zxdc, Zyg11b
GO:0051234	establishment of localization	4827	111	70.32	3.1e-07	1.408129411764706e-4	1700009N14Rik, 1700017N19Rik, 2700049A03Rik, 4930550C14Rik, 4933434E20Rik, 5730455P16Rik, a, A1cf, Aaas, Aacs, Aagab, Aak1, Abat, Abca1, Abca12, Abca13, Abca14, Abca15, Abca16, Abca17, Abca2, Abca3, Abca4, Abca5, Abca6, Abca7, Abca8a, Abca8b, Abca9, Abcb10, Abcb11, Abcb1a, Abcb1b, Abcb4, Abcb5, Abcb6, Abcb7, Abcb8, Abcb9, Abcc1, Abcc10, Abcc12, Abcc2, Abcc3, Abcc4, Abcc5, Abcc6, Abcc8, Abcc9, Abcd1, Abcd2, Abcd3, Abcd4, Abcg1, Abcg2, Abcg3, Abcg4, Abcg5, Abcg8, Abl1, Abl2, Abr, Abra, Abraxas1, Abraxas2, Acaa2, Acacb, Acap2, Acd, Ace, Ace2, Ache, Ackr2, Ackr3, Ackr4, Acsl1, Acsl3, Acsl4, Acsl5, Acsl6, Actb, Actg1, Actn2, Actn4, Actr10, Actr2, Actr3, Acvr1c, Acvr2a, Acvr2b, Ada, Adam10, Adam11, Adam17, Adam8, Adam9, Adar, Adcy10, Adcy5, Adcy8, Adcyap1, Adcyap1r1, Add1, Add2, Adgrb1, Adgrv1, Adipoq, Adipor2, Adm, Adora1, Adora2a, Adora2b, Adora3, Adra1a, Adra2a, Adrb1, Adrb2, Adtrp, Afdn, Afg2b, Afg3l2, Afm, Aftph, Agap1, Agap2, Agap3, Agbl4, Ager, Agk, Agr2, Agrn, Agt, Agtpbp1, Agtr1a, Agtr2, Agxt, Ahctf1, Ahcyl1, Ahi1, Ahnak, Ahr, Ahsg, Aif1, Aifm1, Aimp1, Aip, Ak1, Ak7, Akap1, Akap13, Akap3, Akap4, Akap5, Akap6, Akap7, Akap8, Akap8l, Akap9, Akirin2, Akt1, Akt2, Akt3, Aktip, Alg10b, Alkbh5, Alkbh7, Alms1, Alox12b, Alox15, Alox5, Als2, Als2cl, Alyref, Alyref2, Alyreffm1, Alyreffm10, Alyreffm11, Alyreffm14, Alyreffm2, Alyreffm3, Alyreffm4, Alyreffm5, Alyreffm6, Alyreffm7, Alyreffm8, Alyreffm9, Amigo1, Amn, Amn1, Amph, Ang, Ang2, Ang3, Ang4, Ang5, Ang6, Angpt1, Ank, Ank1, Ank2, Ank3, Ankfn1, Ankfy1, Ankle1, Ankrd1, Ankrd10, Ankrd13a, Ankrd13b, Ankrd13d, Ankrd27, Ankrd50, Ankrd53, Ankrd54, Ankrd6, Ano1, Ano10, Ano2, Ano3, Ano4, Ano5, Ano6, Ano7, Ano8, Ano9, Anp32-ps, Anp32a, Anp32b, Anxa1, Anxa11, Anxa2, Anxa3, Anxa5, Anxa6, Anxa7, Anxa8, Aoc3, Ap1ar, Ap1b1, Ap1g1, Ap1g2, Ap1m1, Ap1m2, Ap1s1, Ap1s2, Ap1s3, Ap2a1, Ap2a2, Ap2b1, Ap2m1, Ap2s1, Ap3b1, Ap3b2, Ap3d1, Ap3m1, Ap3m2, Ap3s1, Ap3s2, Ap4b1, Ap4e1, Ap4m1, Ap4s1, Ap5b1, Ap5m1, Ap5s1, Ap5z1, Apba1, Apba2, Apba3, Apbb1, Apbb3, Apc, Apela, Apln, Aplnr, Aplp1, Apoa1, Apoa2, Apoa4, Apoa5, Apob, Apobec1, Apobr, Apoc1, Apoc2, Apoc2l, Apoc3, Apoc4, Apod, Apoe, Apof, Apoh, Apol11a, Apom, App, Appbp2, Appl1, Appl2, Aprt, Aqp1, Aqp11, Aqp12, Aqp2, Aqp3, Aqp4, Aqp5, Aqp6, Aqp7, Aqp8, Aqp9, Arc, Arcn1, Arf1, Arf2, Arf3, Arf4, Arf5, Arf6, Arfgap1, Arfgap2, Arfgap3, Arfgef1, Arfgef2, Arfip1, Arfip2, Arfrp1, Arg1, Arg2, Arhgap1, Arhgap12, Arhgap17, Arhgap21, Arhgap25, Arhgap27, Arhgap33, Arhgap33os, Arhgap44, Arhgap8, Arhgdia, Arhgef11, Arhgef2, Arhgef5, Arhgef7, Arl1, Arl11, Arl14, Arl2, Arl3, Arl4a, Arl4c, Arl4d, Arl5a, Arl5b, Arl5c, Arl6, Arl6ip1, Arl6ip5, Arl8a, Arl8b, Arln, Armcx3, Arpc2, Arpc3, Arr3, Arrb1, Arrb2, Arrdc1, Arrdc2, Arrdc3, Arrdc4, Arrdc5, Arv1, Arxes1, Arxes2, Asb15, Asb3, Asgr1, Asgr2, Asic1, Asic2, Asic3, Asic4, Asic5, Asph, Aspscr1, Astn2, Atad1, Atf2, Atf4, Atg10, Atg14, Atg16l1, Atg16l2, Atg2a, Atg2b, Atg3, Atg4a, Atg4b, Atg4c, Atg4d, Atg5, Atg7, Atg9a, Atg9b, Atm, Atox1, Atp10a, Atp10b, Atp10d, Atp11a, Atp11b, Atp11c, Atp12a, Atp13a1, Atp13a2, Atp13a3, Atp13a4, Atp13a5, Atp1a1, Atp1a2, Atp1a3, Atp1a4, Atp1b1, Atp1b2, Atp1b3, Atp1b4, Atp2a1, Atp2a2, Atp2a3, Atp2b1, Atp2b2, Atp2b3, Atp2b4, Atp2c1, Atp2c2, Atp4a, Atp4b, Atp5f1a, Atp5f1b, Atp5f1c, Atp5f1d, Atp5f1e, Atp5if1, Atp5mc1, Atp5mc2, Atp5mc3, Atp5me, Atp5mf, Atp5mg, Atp5pb, Atp5pd, Atp5pf, Atp5po, Atp6ap1, Atp6ap2, Atp6v0a1, Atp6v0a2, Atp6v0a4, Atp6v0b, Atp6v0c, Atp6v0d1, Atp6v0d2, Atp6v0e, Atp6v0e2, Atp6v1a, Atp6v1b1, Atp6v1b2, Atp6v1c1, Atp6v1c2, Atp6v1d, Atp6v1e1, Atp6v1e2, Atp6v1f, Atp6v1g1, Atp6v1g2, Atp6v1g3, Atp6v1h, Atp7a, Atp7b, Atp8a1, Atp8a2, Atp8b1, Atp8b2, Atp8b3, Atp8b4, Atp8b5, Atp9a, Atp9b, Atpsckmt, Atr, Atraid, Atxn1, Atxn2, AU015836, AU018091, AU040320, Aup1, Aurkb, Avp, Avpr1a, Avpr1b, Axin1, Axl, Azin1, Azin2, B2m, B3gat3, B3glct, B4galnt2, Bach2, Bad, Bag3, Bag4, Bag6, Baiap3, Bak1, Bard1, Bax, Bbc3, Bbs1, Bbs12, Bbs2, Bbs4, Bbs5, Bbs7, Bbs9, BC048507, Bcap29, Bcap31, Bccip, Bcl2, Bcl2l1, Bcl2l11, Bcl2l2, Bcl3, Bcr, Bcs1l, Bdkrb1, Bdkrb2, Bdnf, Becn1, Becn2, Best1, Best2, Best3, Bet1, Bet1l, Bglap, Bglap2, Bhlha15, Bicd1, Bicd2, Bicdl1, Bicdl2, Bid, Bin1, Bin2, Bin3, Birc5, Blk, Bloc1s1, Bloc1s2, Bloc1s3, Bloc1s4, Bloc1s5, Bloc1s6, Bltp1, Bltp3b, Blzf1, Bmal1, Bmp2, Bmp2k, Bmp4, Bmp6, Bnip1, Bnip3, Bnip3l, Bok, Borcs5, Borcs6, Borcs7, Borcs8, Bpgm, Bpifa1, Bpifa5, Braf, Brca1, Brca2, Brsk1, Brsk2, Bsg, Bsn, Bsnd, Bspry, Btbd8, Btbd9, Btf3, Btk, Bub3, C1qtnf1, C1qtnf12, C1qtnf2, C1qtnf3, C1qtnf5, C2, C2cd2l, C2cd5, C2cd6, C3, C4bp, C9orf72, Cabp1, Cacfd1, Cachd1, Cacna1a, Cacna1b, Cacna1c, Cacna1d, Cacna1e, Cacna1f, Cacna1g, Cacna1h, Cacna1i, Cacna1s, Cacna2d1, Cacna2d2, Cacna2d3, Cacna2d4, Cacnb1, Cacnb2, Cacnb3, Cacnb4, Cacng1, Cacng2, Cacng3, Cacng4, Cacng5, Cacng6, Cacng7, Cacng8, Cad, Cadps, Cadps2, Calcrl, Calhm1, Calhm2, Calhm3, Calhm4, Calhm5, Calhm6, Calm1, Calm2, Calm3, Calr, Caly, Camk1, Camk1d, Camk2a, Camk2b, Camk2d, Camk2g, Camk2n1, Camk4, Caml, Camsap3, Canx, Cap1, Capn10, Capn2, Capn3, Car12, Car14, Car2, Car4, Car7, Car9, Carmil1, Carmil2, Cartpt, Casc3, Cask, Casp3, Casq1, Casq2, Casr, Catsper1, Catsper2, Catsper3, Catsper4, Cav1, Cav2, Cav3, Cavin1, Cbarp, Cbl, Cblb, Cblif, Cbll1, Cbln1, Cbln4, Ccdc103, Ccdc186, Ccdc22, Ccdc32, Ccdc38, Ccdc39, Ccdc40, Ccdc47, Ccdc51, Ccdc85c, Ccdc88a, Ccdc88b, Ccdc88c, Ccdc91, Ccdc93, Cchcr1, Cck, Cckar, Cckbr, Ccl12, Ccl19, Ccl19-ps1, Ccl19-ps3, Ccl19-ps4, Ccl19-ps5, Ccl19-ps6, Ccl2, Ccl21a, Ccl21b, Ccl21d, Ccl21e, Ccl21f, Ccl3, Ccl5, Ccl8, Ccn2, Ccn3, Ccnb1, Ccnb1-ps, Ccnd1, Ccr1, Ccr1l1, Ccr2, Ccr5, Ccr7, Cct2, Cct3, Cct4, Cct5, Cct6a, Cct7, Cct8, Ccz1, Cd14, Cd151, Cd160, Cd163, Cd177, Cd19, Cd200, Cd209a, Cd209b, Cd209d, Cd209e, Cd22, Cd24a, Cd2ap, Cd300a, Cd300lf, Cd300lg, Cd302, Cd320, Cd36, Cd38, Cd3g, Cd4, Cd44, Cd47, Cd63, Cd68, Cd74, Cd81, Cd84, Cd9, Cdan1, Cdc23, Cdc42, Cdc42bpa, Cdc42se1, Cdc42se2, Cdca5, Cdca8, Cdh1, Cdh13, Cdh17, Cdh2, Cdh23, Cdh3, Cdk1, Cdk16, Cdk2, Cdk5, Cdk5r1, Cdk5r2, Cdk5rap2, Cdkn1a, Cdkn1b, Cdkn2a, Cdo1, Cdt1, Cdx2, Ceacam1, Ceacam2, Cebpb, Cebpe, Cel, Cela2a, Celsr2, Cemip, Cenpa, Cenpc1, Cenpe, Cenpf, Cenpq, Cep120, Cep131, Cep135, Cep19, Cep192, Cep290, Cep295, Cep41, Cep55, Cep63, Cep83, Cers1, Cert1, Ces1a, Ces1b, Ces1c, Ces1d, Ces1e, Ces1f, Ces1g, Ces1h, Cetn2, Cetn3, Cfap221, Cfap43, Cfap45, Cfap53, Cfap54, Cfl1, Cfp, Cftr, Cga, Champ1, Chchd10, Chchd4, Chd7, Cherp, Chga, Chic2, Chm, Chml, Chmp1a, Chmp1b, Chmp1b2, Chmp2a, Chmp2b, Chmp3, Chmp4b, Chmp4c, Chmp5, Chmp6, Chmp7, Chp1, Chp2, Chrd, Chrm1, Chrm3, Chrm5, Chrna1, Chrna10, Chrna2, Chrna3, Chrna4, Chrna5, Chrna6, Chrna7, Chrna9, Chrnb1, Chrnb2, Chrnb3, Chrnb4, Chrnd, Chrne, Chrng, Chtop, Chuk, Cib1, Cidea, Cideb, Cidec, Cilk1, Cited1, Ckap5, Cklf, Clasp1, Clasp2, Clba1, Clca1, Clca2, Clca3a1, Clca3a2, Clca4a, Clcc1, Clcf1, Clcn1, Clcn2, Clcn3, Clcn4, Clcn5, Clcn6, Clcn7, Clcnka, Clcnkb, Cldn1, Cldn10, Cldn15, Cldn16, Cldn17, Cldn18, Cldn19, Cldn2, Cldn3, Cldn4, Clec16a, Clec4b1, Clec4f, Clec7a, Clec9a, Clic1, Clic3, Clic4, Clic5, Clic6, Clint1, Clip1, Clip3, Clmn, Cln3, Cln5, Cln8, Clnk, Clns1a, Clock, Clptm1l, Clstn1, Clstn3, Clta, Cltb, Cltc, Cltrn, Clu, Cluap1, Cmtm6, Cnga1, Cnga2, Cnga3, Cnga4, Cngb1, Cngb3, Cnih1, Cnih2, Cnih3, Cnih4, Cnksr3, Cnn2, Cnnm1, Cnnm2, Cnnm3, Cnnm4, Cnp, Cnr1, Cnst, Cntf, Cntn1, Cntn2, Coa8, Cog1, Cog2, Cog3, Cog4, Cog5, Cog6, Cog7, Cog8, Col1a1, Col6a1, Colec10, Colec11, Colec12, Colq, Commd1, Commd3, Commd9, Comp, Comt, Copa, Copb1, Copb2, Cope, Copg1, Copg2, Cops5, Copz1, Copz2, Corin, Coro1a, Coro1c, Coro2b, Coro7, Cox17, Cox18, Cox4i2, Cox7a1, Cp, Cpap, Cpb2, Cpe, Cpeb1, Cplane2, Cplx1, Cplx2, Cplx3, Cplx4, Cpn2, Cpox, Cpsf6, Cpt1a, Cpt1b, Cptp, Crabp1, Crabp2, Cracr2a, Cracr2b, Crbn, Creb1, Creb3, Creb3l1, Creb3l2, Crebl2, Creg1, Crh, Crhbp, Crhr1, Crhr2, Cript, Crocc, Crot, Cry1, Cry2, Cryaa, Cryab, Cryba1, Crym, Cse1l, Csf2, Csk, Csn2, Csn3, Csnk1d, Csnk1e, Csnk1g1, Csnk1g2, Csnk1g3, Cspg5, Ctbp1, Ctbp2, Ctcfl, Ctdspl2, Ctnnb1, Ctns, Ctsd, Ctss, Cttn, Cttnbp2nl, Cubn, Cul3, Cux1, Cwh43, Cx3cl1, Cxadr, Cxcl1, Cxcl10, Cxcl11, Cxcl12, Cxcl16, Cxcl9, Cxcr1, Cxcr2, Cxcr3, Cxcr4, Cyb561a3, Cyb561d1, Cyb561d2, Cyb5r4, Cyba, Cybb, Cybrd1, Cyc1, Cyfip1, Cygb, Cyp19a1, Cyp27b1, Cyp2j5, Cyp4a10, Cyp4a31, Cyp4a32, Cyp51, Cyp7a1, Cysltr1, Cyth3, D6Wsu163e, Dab2, Dag1, Dapk1, Daw1, Dbi, Dbn1, Dbnl, Dctn1, Dctn2, Dcx, Ddc, Ddit3, Ddr1, Ddx19a, Ddx19b, Ddx25, Ddx39a, Ddx39b, Ddx5, Def6, Dennd10, Dennd1a, Dennd1b, Dennd1c, Dennd2a, Dennd3, Dennd4c, Dennd5a, Dennd5b, Derl1, Derl2, Derl3, Desi1, Dgat1, Dgkd, Dgki, Dgkq, Dhrs7c, Dhx9, Diaph1, Diaph3, Dio2, Dipk2a, Disp1, Dkc1, Dkk1, Dlg1, Dlg2, Dlg4, Dll1, Dmac2l, Dmap1, Dmbt1, Dmd, Dmpk, Dmtn, Dnaaf11, Dnaaf2, Dnaaf4, Dnah1, Dnah11, Dnah5, Dnah9, Dnai1, Dnaja1, Dnajb13, Dnajc1, Dnajc13, Dnajc14, Dnajc15, Dnajc19, Dnajc27, Dnajc5, Dnajc6, Dnlz, Dnm1, Dnm1l, Dnm2, Dnm3, Doc2a, Doc2b, Doc2g, Dock1, Dock2, Dock7, Dop1a, Dop1b, Dpcd, Dph3, Dpp10, Dpp6, Dppa1, Dpy30, Dpysl2, Drd1, Drd2, Drd3, Drd4, Dsn1, Dspp, Dst, Dtnbp1, Dtx3l, Duoxa1, Duoxa2, Dusp18, Dusp21, Dvl1, Dydc1, Dync1h1, Dync1i1, Dync1i2, Dync1li1, Dync2h1, Dync2i1, Dync2i2, Dync2li1, Dynll1, Dynlt1a, Dynlt1b, Dynlt1c, Dynlt1f, Dynlt2b, Dyrk1a, Dysf, Dzip1, E2f3, Ecrg4, Ect2, Edem1, Edem2, Edn1, Edn2, Edn3, Ednra, Ednrb, Eea1, Eef2k, Eepd1, Efcab7, Efhb, Efna5, Efnb2, Efr3a, Egf, Egfr, Egr2, Ehbp1, Ehd1, Ehd2, Ehd3, Ehd4, Ei24, Eif2ak1, Eif2ak3, Eif3e, Eif4a3, Eif4e, Eif4enif1, Eif6, Eipr1, Elane, Elavl1, Elfn1, Elfn2, Elmo1, Elmo2, Elmo3, Elmod1, Elmod3, Emb, Emc1, Emc10, Emc2, Emc3, Emc4, Emc6, Emc7, Emc8, Emc9, Emd, Eml3, Eml4, Emp2, Endou, Eng, Enkd1, Enpp1, Enpp2, Ensa, Enthd1, Entpd1, Entr1, Entrep1, Eny2, Ep300, Epb41, Epb41l1, Epb41l5, Epcip, Epg5, Epha3, Epha5, Ephb2, Epm2a, Epn1, Epn2, Epn3, Epo, Eppin, Eprs1, Eps15, Eps15l1, Eqtn, Erbb2, Erbb3, Erbb4, Erbin, Erc1, Erc2, Erfe, Ergic1, Ergic2, Ergic3, Erlec1, Erln, Ero1a, Ero1b, Erp29, Esr1, Esyt1, Esyt2, Esyt3, Etnppl, Evi5, Exoc1, Exoc2, Exoc3, Exoc3l, Exoc3l2, Exoc3l4, Exoc4, Exoc5, Exoc6, Exoc6b, Exoc7, Exoc8, Exph5, Ext1, Ext2, Eya2, Ezr, F2, F2r, F2rl1, F2rl2, F2rl3, F8a, Fabp1, Fabp12, Fabp2, Fabp3, Fabp4, Fabp5, Fabp6, Fabp7, Fabp9, Faf2, Fam3a, Fam3b, Fam3d, Fam53a, Fam53b, Fam53c, Fam76b, Fam83d, Fam91a1, Fasl, Fbln5, Fbn1, Fbxl20, Fbxo11, Fbxo22, Fbxo45, Fbxo7, Fbxw11, Fbxw7, Fcer1a, Fcer1g, Fcer2a, Fcgr1, Fcgr2b, Fcgr3, Fcgr4, Fcho1, Fcho2, Fchsd1, Fchsd2, Fcmr, Fcnb, Fcrl5, Fermt1, Fes, Fev, Fez1, Ffar1, Ffar2, Ffar3, Ffar4, Fga, Fgb, Fgf10, Fgf11, Fgf12, Fgf13, Fgf14, Fgf15, Fgf2, Fgf21, Fgf23, Fgf7, Fgf9, Fgfr1, Fgfr2, Fgfr4, Fgg, Fgr, Fhip1b, Fhl1, Fhod1, Filip1l, Fis1, Fkbp15, Fkbp1a, Fkbp1b, Fkbp4, Fkrp, Flna, Flot1, Flot2, Flvcr1, Flvcr2, Fmn2, Fmr1, Fnbp1, Fnbp1l, Fndc1, Folr1, Folr2, Fosl2, Foxa2, Foxb1, Foxd1, Foxf1, Foxl2, Foxo1, Fpr-rs3, Fpr-rs4, Fpr-rs6, Fpr-rs7, Fpr2, Fras1, Frat1, Frat2, Frmd4a, Frmpd1, Fshr, Fsip1, Fth1, Fthl17e, Ftl1, Ftl2-ps, Ftmt, Fto, Furin, Fuz, Fxn, Fxr1, Fxr2, Fxyd1, Fxyd2, Fxyd3, Fxyd4, Fxyd5, Fxyd6, Fxyd7, Fyco1, Fyn, Fyttd1, Fzd4, Fzd9, G3bp2, G6pc1, G6pc2, G6pc3, G6pd2, G6pdx, Gab2, Gabarap, Gabarapl1, Gabarapl2, Gabbr1, Gabra1, Gabra2, Gabra3, Gabra4, Gabra5, Gabra6, Gabrb1, Gabrb2, Gabrb3, Gabrd, Gabre, Gabrg1, Gabrg2, Gabrg3, Gabrp, Gabrq, Gabrr1, Gabrr2, Gabrr3, Gak, Gal, Galr1, Galr2, Gapvd1, Gas1, Gas6, Gas7, Gas8, Gata1, Gata2, Gata3, Gbf1, Gbp2, Gbp4, Gbp5, Gc, Gcc2, Gcg, Gcgr, Gck, Gckr, Gclc, Gdap1, Gdf9, Gdi1, Gdi2, Gdnf, Gem, Get1, Get3, Get4, Gfap, Gga1, Gga2, Gga3, Gh, Ghitm, Ghr, Ghrh, Ghrhr, Ghrl, Ghsr, Gimap3, Gimap5, Gip, Gipc1, Gipr, Git1, Git2, Gja1, Gja10, Gja3, Gja4, Gja5, Gja8, Gjb1, Gjb2, Gjb4, Gjb6, Gjc1, Gjc2, Gjc3, Gjd3, Gle1, Gli3, Glp1r, Glra1, Glra2, Glra3, Glra4, Glrb, Gltp, Gltpd2, Glud1, Glul, Gm13629, Gm14461, Gm2a, Gm44504, Gm5134, Gmnc, Gna11, Gnai2, Gnai3, Gnao1, Gnaq, Gnas, Gnat1, Gnat2, Gnaz, Gnb2, Gnb5, Gnptab, Golga2, Golga4, Golga5, Golga7, Golga7b, Golph3, Golph3l, Golt1a, Golt1b, Gopc, Gorasp1, Gorasp2, Gosr1, Gosr2, Got2, Gp1ba, Gp1bb, Gp2, Gp5, Gp9, Gpat4, Gpc3, Gpd1l, Gper1, Gphn, Gpihbp1, Gpld1, Gpm6a, Gpm6b, Gpr107, Gpr119, Gpr143, Gpr151, Gpr155, Gpr158, Gpr15lg, Gpr27, Gpr35, Gpr39, Gpr68, Gpr89, Gprasp1, Gprc6a, Gps2, Gpsm1, Gpsm2, Gramd1a, Gramd1b, Gramd1c, Gramd2a, Grb10, Grb2, Grem1, Gria1, Gria2, Gria3, Gria4, Grid1, Grid2, Grik1, Grik2, Grik3, Grik4, Grik5, Grin1, Grin2a, Grin2b, Grin2c, Grin2d, Grin3a, Grin3b, Grip1, Grip2, Gripap1, Grk2, Grk3, Grk4, Grm1, Grm2, Grm6, Grm7, Grm8, Grn, Grp, Grpel1, Grpel2, Gsdma, Gsdma2, Gsdma3, Gsdmc2, Gsdmd, Gsdme, Gsg1l, Gsk3a, Gsk3b, Gsn, Gstm7, Gsto1, Guca2b, Guk1, Gulp1, H13, H1f1, H1f5, H2-DMa, Hacl1, Hadh, Hamp, Hamp2, Hap1, Has2, Havcr1, Hba-a1, Hba-x, Hbb-b1, Hbb-b2, Hbb-bh0, Hbb-bh1, Hbb-y, Hbp1, Hcar2, Hcfc1, Hck, Hcls1, Hcn1, Hcn2, Hcn3, Hcn4, Hcrt, Hdac3, Hdac6, Hdlbp, Heatr3, Heatr5a, Heatr5b, Heph, Hephl1, Herpud1, Hes1, Hfe, Hgs, Hgsnat, Hhex, Hif1a, Hikeshi, Hinfp, Hip1, Hip1r, Hk1, Hk2, Hm629797, Hmga1, Hmga2, Hmgb1, Hmgcr, Hmgn3, Hmmr, Hmox1, Hnf1a, Hnf1b, Hnf4a, Hnrnpa1, Hnrnpa2b1, Hnrnpa3, Hnrnpk, Hnrnpm, Hnrnpu, Homer1, Homer2, Homer3, Hook1, Hook2, Hook3, Hpca, Hpn, Hps1, Hps3, Hps4, Hps5, Hps6, Hpse, Hpx, Hras, Hrc, Hrh1, Hrh2, Hrh3, Hsbp1, Hsd3b2, Hsd3b3, Hsd3b6, Hsf1, Hsp90aa1, Hsp90ab1, Hsp90b1, Hspa1a, Hspa1l, Hspa2, Hspa4, Hspa5, Hspa8, Hspa9, Hspb1, Hspd1, Hspg2, Htatip2, Htr1a, Htr1b, Htr1d, Htr2a, Htr2b, Htr2c, Htr3a, Htr3b, Htr4, Htr6, Htr7, Htt, Hvcn1, Hyal2, Hyal3, Hyou1, Ibtk, Ica1, Ica1l, Icam1, Icam5, Ice1, Idh2, Idua, Ier3, Ier3ip1, Ifi27, Ifitm3, Ifnb1, Ifng, Ift122, Ift140, Ift172, Ift20, Ift22, Ift25, Ift27, Ift43, Ift46, Ift52, Ift56, Ift57, Ift70a1, Ift70a2, Ift70b, Ift74, Ift80, Ift81, Ift88, Igf1, Igf1r, Igf2bp1, Igf2bp2, Igf2bp3, Igf2r, Igfbp3, Igh-7, Igh-8, Ighe, Ighg1, Ighg2a, Ighg2b, Ighm, Igtp, Ikbkb, Ikbkg, Ikzf1, Il10ra, Il11, Il12a, Il12b, Il13, Il13ra2, Il15, Il15ra, Il16, Il1a, Il1b, Il1rapl1, Il1rn, Il2rb, Il2rg, Il33, Il4, Il4ra, Il6, Ildr1, Ildr2, Immp1l, Immp2l, Incenp, Ing1, Inha, Inhba, Inhbb, Inhca, Inpp4b, Inpp5f, Inpp5k, Inppl1, Ins1, Ins2, Insc, Insig1, Insr, Intu, Invs, Ip6k2, Ipo11, Ipo13, Ipo4, Ipo5, Ipo7, Ipo8, Ipo9, Iqsec1, Iqub, Irak1, Irf8, Irgm1, Irgm2, Irs1, Irs2, Iscu, Isl1, Ist1, Itch, Itga2, Itga4, Itga8, Itgal, Itgam, Itgav, Itgb1, Itgb1bp1, Itgb2, Itgb2l, Itgb3, Itln1, Itlnb, Itpr1, Itpr2, Itpr3, Itsn1, Itsn2, Iws1, Jagn1, Jak2, Jak3, Jakmip1, Jhy, Jmjd6, Jph2, Jph3, Jph4, Jsrp1, Jup, Kalrn, Kash5, Kat2b, Kat5, Katnip, Kcna1, Kcna10, Kcna2, Kcna3, Kcna4, Kcna5, Kcna6, Kcna7, Kcnab1, Kcnab2, Kcnab3, Kcnb1, Kcnb2, Kcnc1, Kcnc2, Kcnc3, Kcnc4, Kcnd1, Kcnd2, Kcnd3, Kcne1, Kcne2, Kcne3, Kcne4, Kcne5, Kcnf1, Kcng1, Kcng2, Kcng3, Kcng4, Kcnh1, Kcnh2, Kcnh3, Kcnh4, Kcnh5, Kcnh6, Kcnh7, Kcnh8, Kcnip1, Kcnip2, Kcnip3, Kcnip4, Kcnj1, Kcnj10, Kcnj11, Kcnj12, Kcnj13, Kcnj14, Kcnj15, Kcnj16, Kcnj2, Kcnj3, Kcnj4, Kcnj5, Kcnj6, Kcnj8, Kcnj9, Kcnk1, Kcnk10, Kcnk12, Kcnk13, Kcnk15, Kcnk16, Kcnk18, Kcnk2, Kcnk3, Kcnk4, Kcnk5, Kcnk6, Kcnk7, Kcnk9, Kcnma1, Kcnmb1, Kcnmb2, Kcnmb3, Kcnmb4, Kcnn1, Kcnn2, Kcnn3, Kcnn4, Kcnq1, Kcnq2, Kcnq3, Kcnq4, Kcnq5, Kcnrg, Kcns1, Kcns2, Kcns3, Kcnt1, Kcnt2, Kcnu1, Kcnv1, Kcnv2, Kctd7, Kdelr1, Kdelr2, Kdelr3, Kdm5b, Kel, Khdc3, Khdrbs1, Khsrp, Kif13a, Kif14, Kif16b, Kif17, Kif18a, Kif1a, Kif1b, Kif1c, Kif20a, Kif20b, Kif21a, Kif21b, Kif22, Kif27, Kif28, Kif2a, Kif2b, Kif2c, Kif3a, Kif3b, Kif5a, Kif5b, Kif5c, Kifap3, Kifbp, Kifc1, Kifc2, Kifc5b, Kiss1, Kiss1r, Kit, Klc1, Klc2, Klc3, Klf15, Klf7, Klhl12, Klhl20, Klhl3, Klrh1, Kmo, Knl1, Knstrn, Kpna1, Kpna2, Kpna2rt, Kpna3, Kpna4, Kpna6, Kpna7, Kpnb1, Krt18, Krt20, Ktn1, Kxd1, Lamp1, Lamp2, Lamp3, Lamp5, Lamtor1, Laptm4b, Laptm5, Large1, Lasp1, Lat, Lat2, Lbp, Lca5, Lca5l, Lcat, Lck, Lcn2, Lcp1, Ldc1, Ldlr, Ldlrad3, Ldlrap1, Lep, Lepr, Leprot, Leprotl1, Letm1, Letm2, Letmd1, Lgals3, Lgals3bp, Lgals9, Lgi3, Lhcgr, Lhfpl5, Lif, Lilra5, Lilrb4a, Lilrb4b, Lime1, Limk2, Lims1, Lin7a, Lin7b, Lin7c, Lipa, Lipc, Lipg, Llgl1, Llgl2, Lman1, Lman1l, Lman2, Lman2l, Lmbr1l, Lmbrd1, Lmf1, Lmna, Lmnb1, Lmnb2, Lmtk2, Lmx1b, Lonp2, Lpar1, Lpar3, Lpcat3, Lrat, Lrba, Lrp1, Lrp10, Lrp11, Lrp12, Lrp1b, Lrp2, Lrp4, Lrp5, Lrp6, Lrp8, Lrpap1, Lrpprc, Lrrc26, Lrrc32, Lrrc38, Lrrc52, Lrrc55, Lrrc7, Lrrc8a, Lrrc8b, Lrrc8c, Lrrc8d, Lrrc8e, Lrrk2, Lrrtm1, Lrrtm2, Lrsam1, Lrwd1, Lsg1, Lsr, Ltbp1, Ltbp4, Ltf, Ltv1, Ly6e, Ly75, Lyar, Lyn, Lypd10, Lypd11, Lypla1, Lyplal1, Lyset, Lyst, Lyve1, Lzts2, M6pr, Macf1, Macir, Macroh2a1, Macroh2a2, Mad1l1, Mad2l1, Madd, Mafa, Maged2, Magel2, Magi2, Magoh, Magohb, Magt1, Maip1, Majin, Mak, Mal, Malrd1, Malt1, Mamdc4, Man1a, Maob, Map1a, Map1b, Map1lc3b, Map1s, Map2, Map2k1, Map2k2, Map2k6, Map3k8, Map4, Map4k2, Map4k4, Map6, Map6d1, Mapk1, Mapk10, Mapk14, Mapk15, Mapk3, Mapk8, Mapk8ip1, Mapk8ip2, Mapk8ip3, Mapk9, Mapkapk2, Mapkapk3, Mapre1, Mapt, Marchf2, Marchf3, Marcks, Marco, Mark1, Mavs, Mb, Mbl1, Mbl2, Mbtps1, Mc4r, Mcc, Mcfd2, Mchr1, Mcm3ap, Mcoln1, Mcoln2, Mcoln3, Mcph1, Mctp1, Mctp2, Mcu, Mcub, Mcur1, Mdfic, Mdm2, Mdn1, Mecp2, Med1, Mef2a, Mef2c, Megf10, Megf11, Megf6, Mei1, Meioc, Meltf, Mertk, Mesd, Met, Mettl21c, Mex3b, Mexis, Mff, Mfge8, Mfn2, Mfsd1, Mfsd10, Mfsd12, Mfsd14a, Mfsd14b, Mfsd2a, Mfsd2b, Mfsd3, Mfsd4a, Mfsd4b1, Mfsd5, Mfsd8, Mfsd9, Mgarp, Mgrn1, Mgst1, Mia2, Mia3, Mib1, Mical1, Mical3, Micall1, Micall2, Micu1, Micu2, Micu3, Midn, Mief1, Mief2, Mif, Milr1, Mink1, Mip, Mipep, Mir130a, Mir200a, Mir208b, Mir410, Mis12, Misp, Mkks, Mkln1, Mlc1, Mlh1, Mllt6, Mlph, Mlx, Mlxip, Mmgt1, Mmgt2, Mmp12, Mmp13, Mmp7, Mmp9, Moap1, Mon1a, Mon1b, Mon2, Mos, Mpc1, Mpc2, Mpdz, Mpeg1, Mppe1, Mpv17, Mpv17l, Mrc1, Mrc2, Mreg, Mrgprb1, Mrgprx2, Mrln, Mrpl18, Mrs2, Ms4a1, Ms4a2, Msn, Msr1, Mst1r, mt-Atp6, mt-Atp8, mt-Co1, mt-Co2, mt-Co3, mt-Cytb, mt-Nd1, mt-Nd2, mt-Nd3, mt-Nd4, mt-Nd4l, mt-Nd5, mt-Nd6, Mt3, Mtch1, Mtch2, Mtcl1, Mterf4, Mtm1, Mtmr2, Mtmr4, Mtmr6, Mtmr9, Mtnr1a, Mtnr1b, Mtor, Mttp, Mtx1, Mtx2, Muc2, Mul1, Mup1, Mup11, Mup2, Mup3, Mup4, Mup5, Mvb12a, Mvb12b, Mx2, Myb, Myc, Myd88, Myh10, Myh9, Mylk, Mylk2, Myo10, Myo15a, Myo18a, Myo19, Myo1a, Myo1b, Myo1c, Myo1d, Myo1e, Myo1f, Myo1g, Myo1h, Myo5a, Myo5b, Myo5c, Myo6, Myo7a, Myo7b, Myom1, Myrip, Myt1, Nabp2, Naca, Nacad, Nadk, Naglu, Nagpa, Naif1, Nalcn, Nalf1, Nalf2, Napa, Napb, Napg, Nasp, Nat3, Nat8l, Naxe, Nbas, Nbea, Ncam1, Ncbp1, Ncbp2, Ncbp3, Ncdn, Ncf1, Ncf2, Ncf4, Nckap1l, Nckipsd, Ncl, Ncln, Ncoa1, Ncoa4, Ncoa6, Ncs1, Ndc1, Ndc80, Nde1, Ndel1, Ndfip1, Ndfip2, Ndp, Ndrg4, Ndufa10, Ndufa13, Ndufa2, Ndufa4, Ndufaf2, Ndufb7, Ndufs1, Ndufs2, Ndufs3, Ndufs4, Ndufs7, Ndufs8, Ndufv1, Ndufv2, Necab2, Necap1, Necap2, Nectin1, Nectin2, Nectin3, Nedd1, Nedd4, Nedd4l, Nefh, Nefl, Nefm, Negr1, Nek10, Nek2, Nell2, Nemf, Neo1, Neto1, Neu3, Neurl1a, Neurl1b, Neurl3, Neurod1, Neurog1, Nf1, Nf2, Nfatc1, Nfatc3, Nfe2l1, Nfe2l2, Nfix, Nfkbia, Nfkbie, Ngb, Ngf, Ngfr, Nherf1, Nherf2, Niban2, Nipa1, Nipa2, Nipal1, Nipal2, Nipal3, Nipal4, Nipbl, Nipsnap2, Nisch, Nkain1, Nkain2, Nkain3, Nkain4, Nkd2, Nkg7, Nkx2-3, Nkx2-5, Nkx3-1, Nkx6-1, Nlgn1, Nlgn2, Nlgn3, Nlrp4f, Nlrp5, Nlrp6, Nmb, Nmd3, Nme1, Nme4, Nme5, Nme7, Nmu, Nmur1, Nmur2, Nnat, Nnt, Nod2, Nol3, Nol6, Nolc1, Nomo1, Nop9, Nos1, Nos2, Nos3, Nostrin, Notch1, Npc1, Npc1l1, Npc2, Npff, Nploc4, Npm1, Npnt, Nppa, Nppc, Npr3, Npsr1, Nptx1, Npvf, Npy, Npy1r, Npy2r, Npy5r, Nr0b2, Nr1d1, Nr1h2, Nr1h3, Nr1h4, Nr1i2, Nr3c1, Nr3c2, Nr4a1, Nr4a3, Nrarp, Nrbp1, Nrde2, Nrg1, Nrxn1, Nrxn2, Nrxn3, Nsd2, Nsf, Nsfl1c, Nsg1, Nsg2, Nsl1, Nsun2, Ntf3, Ntn1, Ntrk2, Ntsr1, Nucb1, Nucb2, Nudc, Nuf2, Numa1, Numb, Nup107, Nup133, Nup153, Nup155, Nup160, Nup188, Nup210, Nup214, Nup35, Nup37, Nup42, Nup43, Nup50, Nup50l, Nup54, Nup58, Nup62, Nup62cl, Nup85, Nup88, Nup93, Nup98, Nus1, Nusap1, Nutf2, Nutf2-ps1, Nutf2-ps2, Nxf1, Nxf2, Nxf3, Nxf7, Nxt1, Nxt2, Oas2, Oaz1, Oaz2, Oaz3, Oc90, Oca2, Ocln, Odad3, Odad4, Ofd1, Oga, Ogt, Olfm2, Olr1, Ooep, Opa1, Ophn1, Opn3, Oprd1, Oprk1, Oprm1, Optn, Or51e2, Orai1, Orai2, Orai3, Os9, Osbp, Osbp2, Osbpl10, Osbpl11, Osbpl1a, Osbpl2, Osbpl3, Osbpl5, Osbpl6, Osbpl8, Osbpl9, Oscp1, Osm, Osr1, Ostm1, Ostn, Otof, Otop1, Otop2, Otop3, Oxa1l, Oxct1, Oxsr1, Oxt, Oxtr, P2rx1, P2rx2, P2rx3, P2rx4, P2rx5, P2rx6, P2rx7, P2ry1, P2ry12, P2ry2, P2ry4, P2ry6, P3h1, P4hb, Pabpn1, Pacc1, Pacsin1, Pacsin2, Pacsin3, Pafah1b1, Pak1, Pam16, Pan3, Panx1, Panx2, Panx3, Pard3, Pard3b, Pard6a, Park7, Parl, Parp11, Pask, Pawr, Pax6, Pax8, Pcdh17, Pcdhga3, Pcid2, Pck2, Pclo, Pcm1, Pcnt, Pcp4, Pcsk1, Pcsk6, Pcsk9, Pctp, Pcyox1, Pdcd10, Pdcd5, Pdcd5-ps, Pdcd6, Pdcd6ip, Pde1c, Pde3b, Pde4c, Pde4d, Pde8b, Pdgfb, Pdgfrb, Pdpk1, Pdx1, Pdzd11, Pdzd7, Pdzd8, Pdzk1, Pea15a, Pear1, Pecam1, Pef1, Peg10, Peg12, Per1, Per2, Pex1, Pex10, Pex12, Pex13, Pex14, Pex16, Pex19, Pex2, Pex26, Pex3, Pex5, Pex5l, Pex6, Pex7, Pfkfb2, Pfkl, Pfkm, Pfn2, Pgap1, Pgrmc1, Pgrmc2, Phaf1, Phax, Phb2, Pheta1, Pheta2, Phip, Phldb2, Pi4k2a, Pianp, Pibf1, Picalm, Pick1, Pid1, Piezo1, Piezo2, Pigr, Pik3c2a, Pik3c3, Pik3ca, Pik3cb, Pik3cg, Pik3r1, Pik3r2, Pik3r4, Pikfyve, Pim1, Pim3, Pink1, Pinx1, Pip4k2a, Pip4k2b, Pip4p2, Pip5k1c, Pirt, Pitpna, Pitpnb, Pitpnc1, Pitpnm1, Pitpnm2, Pitpnm3, Piwil4, Pkd1, Pkd1l1, Pkd1l3, Pkd2, Pkd2l1, Pkd2l2, Pkdcc, Pkhd1, Pkia, Pkig, Pkp1, Pla2g10, Pla2g12a, Pla2g12b, Pla2g1b, Pla2g2a, Pla2g2c, Pla2g2d, Pla2g2e, Pla2g2f, Pla2g3, Pla2g4a, Pla2g4e, Pla2g4f, Pla2g5, Pla2g6, Pla2r1, Plaa, Plcb1, Plcb2, Plcb3, Plcb4, Plcd1, Plce1, Plcg1, Plcg2, Plch1, Plch2, Plcl1, Plcl2, Plcz1, Pld1, Pld2, Pld4, Plek, Plekha1, Plekha3, Plekha8, Plekhf1, Plekhf2, Plekhj1, Plekhm1, Plekhm2, Plin2, Plk1, Plk2, Plk3, Pllp, Pln, Plp1, Plpp3, Plpp4, Plppr4, Pls3, Plscr1, Plscr1l1, Plscr2, Plscr3, Plscr4, Plscr5, Pltp, Pmaip1, Pmf1, Pml, Pmp2, Pmpca, Pmpcb, Pnkd, Pnpla8, Pnpt1, Pofut2, Pola2, Poldip3, Pom121, Pom121l2, Pomc, Pon1, Pon3, Popdc1, Porcn, Pot1a, Pot1b, Pou2f2, Pou3f3, Pou4f2, Pou5f1, Ppard, Pparg, Ppfia2, Ppfia3, Ppia, Ppid, Ppif, Ppm1a, Ppm1f, Ppm1k, Ppp1cc, Ppp1r12a, Ppp1r3c, Ppp1r9a, Ppp2r2b, Ppp3ca, Ppp3cb, Ppp3cc, Ppp3r1, Ppp3r2, Ppt1, Praf2, Pram1, Prap1, Preb, Prelid1, Prelid2, Prelid3a, Prelid3b, Prepl, Prf1, Prg4, Prickle1, Prima1, Prkaa1, Prkaca, Prkag1, Prkar1a, Prkar1b, Prkca, Prkcb, Prkcd, Prkce, Prkcg, Prkci, Prkcq, Prkcz, Prkd1, Prkg1, Prkg2, Prkn, Prl, Prl2a1, Prl2b1, Prl2c1, Prl2c2, Prl2c3, Prl2c5, Prl3a1, Prl3b1, Prl3c1, Prl3d1, Prl3d2, Prl3d3, Prl4a1, Prl5a1, Prl6a1, Prl7a1, Prl7a2, Prl7b1, Prl7c1, Prl7d1, Prl8a1, Prl8a2, Prl8a6, Prl8a8, Prl8a9, Prlr, Prnp, Proca1, Prom2, Pros1, Prpf4b, Prr5l, Prrt1, Prrt2, Prss12, Prss30, Prss8, Prtn3, Psap, Psen1, Psen2, Psg22, Psmd9, Psrc1, Pstpip1, Ptafr, Ptbp1, Ptch1, Pten, Ptgdr, Ptgds, Ptger3, Ptger4, Ptges, Ptges2, Ptgs1, Ptgs2, Pth, Ptk2, Ptk2b, Ptp4a3, Ptpmt1, Ptpn1, Ptpn11, Ptpn14, Ptpn22, Ptpn23, Ptpn3, Ptpn5, Ptpn6, Ptprc, Ptprj, Ptprn, Ptprn2, Ptprv, Pttg1ip, Pttg1ip2, Ptx3, Pura, Pxk, Pycard, Qki, Rab10, Rab11a, Rab11b, Rab11fip1, Rab11fip2, Rab11fip3, Rab11fip4, Rab11fip5, Rab12, Rab13, Rab14, Rab15, Rab17, Rab18, Rab19, Rab1a, Rab1b, Rab20, Rab21, Rab22a, Rab23, Rab24, Rab25, Rab26, Rab27a, Rab27b, Rab28, Rab29, Rab2a, Rab2b, Rab30, Rab31, Rab32, Rab33b, Rab34, Rab35, Rab36, Rab37, Rab38, Rab39, Rab39b, Rab3a, Rab3b, Rab3c, Rab3d, Rab3gap1, Rab3gap2, Rab3il1, Rab3ip, Rab40b, Rab40c, Rab42, Rab43, Rab44, Rab4a, Rab4b, Rab5a, Rab5b, Rab5c, Rab5if, Rab6a, Rab6b, Rab7, Rab7b, Rab8a, Rab8b, Rab9, Rab9b, Rabep1, Rabep2, Rabgap1l, Rabgef1, Rabggta, Rabggtb, Rabif, Rabl2, Rabl3, Rac1, Rac2, Racgap1, Rack1, Rad21l, Rae1, Raf1, Rala, Ralb, Ralbp1, Ramp1, Ramp2, Ramp3, Ran, Ranbp1, Ranbp17, Ranbp2, Ranbp3, Ranbp3l, Ranbp6, Rangap1, Rangrf, Rap1a, Rap1b, Rap1gap, Rap1gds1, Rap2a, Rapgef1, Rapgef3, Rapgef4, Rapsn, Rara, Rasa1, Rasef, Rasgrf1, Rasgrf2, Rasgrp1, Rasl10b, Rasl2-9, Rassf9, Rb1, Rbm10, Rbm15b, Rbm22, Rbm33, Rbm4, Rbm8a, Rbp1, Rbp2, Rbp4, Rbp7, Rbsn, Rcc2, Rcn3, Rcsd1, Rcvrn, Rd3, Rdx, Reep1, Reep2, Reep6, Relch, Reln, Rem1, Ren1, Rep15, Repin1, Reps1, Reps2, Rer1, Rest, Retn, Rffl, Rft1, Rftn1, Rftn2, Rfx3, Rfx6, Rgcc, Rgp1, Rgs14, Rgs2, Rgs4, Rgs7, Rgs9, Rhag, Rhbdd1, Rhbdd3, Rhbdf1, Rhbdf2, Rhbg, Rhcg, Rhd, Rhoa, Rhob, Rhobtb3, Rhod, Rhoj, Rhoq, Rhot1, Rhot2, Rhou, Rhov, Ric1, Rilp, Rilpl1, Rilpl2, Rimbp2, Rims1, Rims2, Rims3, Rims4, Rin1, Rin2, Rin3, Rinl, Rint1, Riok2, Ripk1, Ripor1, Ripor2, Rit2, Rita1, Rnasek, Rnasel, Rnf126, Rnf139, Rnf207, Rnf216, Rnf220, Rock1, Romo1, Ropn1l, Ros1, Rp2, Rpain, Rpgr, Rph3a, Rph3al, Rpl11, Rplp0, Rps15, Rps6kb1, Rptor, Rrbp1, Rrs1, Rsad2, Rsc1a1, Rsph1, Rsph14, Rsph3b, Rsph4a, Rsph9, Rspo1, Rsrc1, Rtn2, Rtn3, Rtn4, Rtp1, Rtp2, Rtp3, Rtp4, Rubcn, Rubcnl, Rufy1, Rufy3, Runx1, Ruvbl2, Ryr1, Ryr2, Ryr3, S100a10, S100a13, S100a6, S100a8, S100a9, Sacm1l, Sag, Samd9l, Samm50, Sapcd2, Sar1a, Sar1b, Saraf, Sarnp, Scamp1, Scamp2, Scamp3, Scamp4, Scamp5, Scap, Scara5, Scarb1, Scarb2, Scarf1, Scarf2, Scfd1, Scfd2, Scg5, Scn10a, Scn11a, Scn1a, Scn1b, Scn2a, Scn2b, Scn3a, Scn3b, Scn4a, Scn4b, Scn5a, Scn7a, Scn8a, Scn9a, Scnn1a, Scnn1b, Scnn1g, Sco1, Scp2, Scrib, Scrn1, Sct, Sctr, Scyl1, Scyl2, Sdad1, Sdc1, Sdc4, Sdcbp, Sdf4, Sdhd, Sec13, Sec14l1, Sec16a, Sec16b, Sec22a, Sec22b, Sec22c, Sec23a, Sec23b, Sec24a, Sec24b, Sec24c, Sec24d, Sec31a, Sec31b, Sec61a1, Sec61a2, Sec61b, Sec61bl, Sec61g, Sec62, Sec63, Seh1l, Sel1l, Sele, Selenbp1, Selenbp2, Selenok, Selenom, Selenon, Selenos, Selenot, Sem1, Senp2, Septin1, Septin2, Septin4, Septin5, Septin7, Septin8, Serac1, Sergef, Serp1, Serpina7, Serpine1, Serpine2, Sesn2, Sestd1, Setd2, Sfn, Sfpq, Sfrp1, Sfrp4, Sft2d1, Sft2d2, Sft2d3, Sftpa1, Sftpd, Sfxn1, Sfxn2, Sfxn3, Sfxn4, Sfxn5, Sgcb, Sgip1, Sgk1, Sgo1, Sgpp1, Sgsm2, Sgsm3, Sgta, Sgtb, Sh2b2, Sh3bp1, Sh3bp4, Sh3gl1, Sh3gl2, Sh3gl3, Sh3glb1, Sh3glb2, Sh3kbp1, Sh3tc2, Shank1, Shh, Shisa9, Shoc2, Shroom2, Siah3, Sidt1, Sidt2, Siglec1, Siglece, Siglecf, Siglech, Sigmar1, Sik1, Sil1, Sirpa, Sirpb1a, Sirt1, Sirt2, Sirt3, Sirt4, Sirt6, Sirt7, Siva1, Six2, Six3, Ska1, Ska2, Ska3, Slamf1, Slbp, Slc10a1, Slc10a2, Slc10a3, Slc10a4, Slc10a4-ps, Slc10a5, Slc10a6, Slc10a7, Slc11a1, Slc11a2, Slc12a1, Slc12a2, Slc12a3, Slc12a4, Slc12a5, Slc12a6, Slc12a7, Slc12a8, Slc12a9, Slc13a1, Slc13a2, Slc13a3, Slc13a4, Slc13a5, Slc14a1, Slc14a2, Slc15a1, Slc15a2, Slc15a3, Slc15a4, Slc15a5, Slc16a1, Slc16a10, Slc16a11, Slc16a12, Slc16a13, Slc16a14, Slc16a2, Slc16a3, Slc16a4, Slc16a5, Slc16a6, Slc16a7, Slc16a8, Slc16a9, Slc17a1, Slc17a2, Slc17a3, Slc17a4, Slc17a5, Slc17a6, Slc17a7, Slc17a8, Slc17a9, Slc18a1, Slc18a2, Slc18a3, Slc18b1, Slc19a1, Slc19a2, Slc19a3, Slc1a1, Slc1a2, Slc1a3, Slc1a4, Slc1a5, Slc1a6, Slc1a7, Slc20a1, Slc20a2, Slc22a1, Slc22a12, Slc22a13, Slc22a14, Slc22a15, Slc22a16, Slc22a17, Slc22a18, Slc22a19, Slc22a2, Slc22a20, Slc22a21, Slc22a22, Slc22a23, Slc22a26, Slc22a27, Slc22a28, Slc22a29, Slc22a3, Slc22a30, Slc22a4, Slc22a5, Slc22a6, Slc22a7, Slc22a8, Slc23a1, Slc23a2, Slc23a3, Slc24a1, Slc24a2, Slc24a3, Slc24a4, Slc24a5, Slc25a1, Slc25a10, Slc25a11, Slc25a12, Slc25a13, Slc25a14, Slc25a15, Slc25a16, Slc25a17, Slc25a18, Slc25a19, Slc25a2, Slc25a20, Slc25a21, Slc25a22, Slc25a23, Slc25a24, Slc25a25, Slc25a26, Slc25a27, Slc25a28, Slc25a29, Slc25a3, Slc25a30, Slc25a31, Slc25a32, Slc25a33, Slc25a36, Slc25a37, Slc25a38, Slc25a39, Slc25a4, Slc25a40, Slc25a41, Slc25a42, Slc25a43, Slc25a44, Slc25a45, Slc25a46, Slc25a47, Slc25a5, Slc25a51, Slc25a54, Slc26a1, Slc26a10, Slc26a11, Slc26a2, Slc26a3, Slc26a4, Slc26a5, Slc26a6, Slc26a7, Slc26a8, Slc26a9, Slc27a1, Slc27a2, Slc27a3, Slc27a4, Slc27a5, Slc27a6, Slc28a1, Slc28a2, Slc28a2b, Slc28a3, Slc29a1, Slc29a2, Slc29a3, Slc29a4, Slc2a1, Slc2a10, Slc2a12, Slc2a13, Slc2a2, Slc2a3, Slc2a4, Slc2a5, Slc2a6, Slc2a7, Slc2a8, Slc2a9, Slc30a1, Slc30a10, Slc30a2, Slc30a3, Slc30a4, Slc30a5, Slc30a6, Slc30a7, Slc30a8, Slc30a9, Slc31a1, Slc31a2, Slc32a1, Slc33a1, Slc34a1, Slc34a2, Slc34a3, Slc35a1, Slc35a2, Slc35a3, Slc35a4, Slc35a5, Slc35b1, Slc35b2, Slc35b3, Slc35b4, Slc35c1, Slc35c2, Slc35d1, Slc35d2, Slc35d3, Slc35e1, Slc35e2, Slc35e3, Slc35e4, Slc35f1, Slc35f2, Slc35f3, Slc35f6, Slc35g1, Slc36a1, Slc36a2, Slc36a3, Slc36a4, Slc37a1, Slc37a2, Slc37a3, Slc37a4, Slc38a1, Slc38a10, Slc38a11, Slc38a2, Slc38a3, Slc38a4, Slc38a5, Slc38a6, Slc38a7, Slc38a8, Slc38a9, Slc39a1, Slc39a10, Slc39a11, Slc39a12, Slc39a13, Slc39a14, Slc39a2, Slc39a3, Slc39a4, Slc39a5, Slc39a6, Slc39a7, Slc39a8, Slc39a9, Slc3a1, Slc3a2, Slc40a1, Slc41a1, Slc41a2, Slc41a3, Slc43a1, Slc43a2, Slc43a3, Slc44a1, Slc44a2, Slc44a3, Slc44a4, Slc44a5, Slc45a1, Slc45a2, Slc45a3, Slc45a4, Slc46a1, Slc46a2, Slc46a3, Slc47a1, Slc47a2, Slc48a1, Slc49a3, Slc49a4, Slc4a1, Slc4a10, Slc4a11, Slc4a2, Slc4a3, Slc4a4, Slc4a5, Slc4a7, Slc4a8, Slc4a9, Slc50a1, Slc51a, Slc51b, Slc52a2, Slc52a3, Slc5a1, Slc5a10, Slc5a11, Slc5a12, Slc5a2, Slc5a3, Slc5a4a, Slc5a4b, Slc5a5, Slc5a6, Slc5a7, Slc5a8, Slc5a9, Slc66a1, Slc66a2, Slc6a1, Slc6a11, Slc6a12, Slc6a13, Slc6a14, Slc6a15, Slc6a16, Slc6a17, Slc6a18, Slc6a19, Slc6a2, Slc6a20a, Slc6a20b, Slc6a21, Slc6a3, Slc6a4, Slc6a5, Slc6a6, Slc6a7, Slc6a8, Slc6a9, Slc7a1, Slc7a10, Slc7a11, Slc7a12, Slc7a13, Slc7a14, Slc7a15, Slc7a2, Slc7a3, Slc7a4, Slc7a5, Slc7a6, Slc7a6os, Slc7a7, Slc7a8, Slc7a9, Slc8a1, Slc8a2, Slc8a3, Slc8b1, Slc9a1, Slc9a2, Slc9a3, Slc9a4, Slc9a5, Slc9a6, Slc9a7, Slc9a8, Slc9a9, Slc9b1, Slc9b2, Slc9c1, Slco1a1, Slco1a4, Slco1a5, Slco1a6, Slco1a7, Slco1a8, Slco1b2, Slco1c1, Slco2a1, Slco2b1, Slco3a1, Slco4a1, Slco4c1, Slco5a1, Slco6b1, Slco6c1, Slco6d1, Slit1, Slitrk1, Slmap, Sln, Slu7, Smad2, Smad4, Smap1, Smcr8, Smdt1, Smim43, Smo, Smpd1, Smpd3, Smurf1, Smyd3, Snap23, Snap25, Snap29, Snap47, Snap91, Snapin, Snca, Sncaip, Sncb, Sncg, Snf8, Snhg15, Snord32a, Snord33, Snord34, Snord35a, Snord60, Snph, Snta1, Snupn, Snx1, Snx10, Snx11, Snx12, Snx13, Snx14, Snx15, Snx16, Snx17, Snx18, Snx19, Snx2, Snx20, Snx21, Snx24, Snx25, Snx27, Snx3, Snx30, Snx31, Snx32, Snx33, Snx4, Snx5, Snx6, Snx7, Snx8, Snx9, Soat1, Soat2, Socs2, Sod1, Sorbs1, Sorcs1, Sorcs2, Sorl1, Sort1, Sox11, Sox30, Sox4, Sp100, Spag16, Spag17, Spag5, Spag6, Spag6l, Spag9, Spart, Spast, Spc24, Spc25, Spcs1, Spcs2, Spcs3, Spdl1, Spdya, Spef2, Spg11, Spg7, Sphk1, Sphk2, Spi1, Spice1, Spidr, Spink1, Spire1, Spire2, Spns1, Spns2, Spns3, Spo11, Spon2, Spp1, Sprn, Spry1, Spry2, Sptbn1, Sptbn2, Sptbn4, Sptbn5, Spx, Sqstm1, Src, Srcin1, Srebf1, Srebf2, Sri, Srl, Srp14, Srp19, Srp54a, Srp54b, Srp54c, Srp68, Srp72, Srp9, Srpra, Srprb, Srpx, Srsf1, Srsf10, Srsf3, Srsf7, Ssb, Ssc5d, Ssna1, Ssr3, Sstr4, Sstr5, Ssx2ip, Stab1, Stab2, Stac, Stac2, Stac3, Stam, Stam2, Stap1, Star, Stard10, Stard3, Stard3nl, Stard4, Stard5, Stard6, Stard7, Stat3, Stat5a, Stat5b, Stau1, Stau2, Stbd1, Stc1, Stc2, Steap2, Steap3, Steap4, Steep1, Stim1, Stim2, Stimate, Sting1, Stk11, Stk25, Stk3, Stk36, Stk39, Stk4, Stom, Stoml1, Ston1, Ston2, Stpg1, Stra6, Stra6l, Strada, Stradb, Strit1, Stx11, Stx12, Stx16, Stx17, Stx18, Stx19, Stx1a, Stx1b, Stx2, Stx3, Stx4a, Stx5a, Stx6, Stx7, Stx8, Stxbp1, Stxbp2, Stxbp3, Stxbp4, Stxbp5, Stxbp5l, Stxbp6, Sucnr1, Sumo1, Sun1, Sun2, Supt6, Surf1, Surf4, Susd4, Sv2a, Sv2b, Sv2c, Svbp, Svip, Svop, Svopl, Sybu, Sycn, Syde1, Syk, Syn1, Syn2, Syn3, Syndig1, Syne1, Syne2, Syne3, Syngr1, Syngr2, Syngr3, Synj1, Synj2, Synj2bp, Synrg, Syp, Sys1, Syt1, Syt10, Syt11, Syt12, Syt13, Syt15, Syt17, Syt2, Syt3, Syt4, Syt5, Syt6, Syt7, Syt8, Syt9, Sytl1, Sytl2, Sytl3, Sytl4, Sytl5, Syvn1, Tac1, Tac4, Tacc1, Tacc2, Tacc3, Taco1, Tacr1, Tacr2, Tafa4, Tamalin, Tanc2, Tango2, Tango6, Tap1, Tap2, Tardbp, Tbc1d1, Tbc1d10a, Tbc1d10b, Tbc1d10c, Tbc1d13, Tbc1d14, Tbc1d17, Tbc1d20, Tbc1d21, Tbc1d23, Tbc1d24, Tbc1d2b, Tbc1d4, Tbc1d5, Tbc1d8b, Tbx3, Tcaf1, Tcf7l2, Tcirg1, Tcn2, Tcp1, Tcp11, Tecpr2, Tek, Tenm1, Tent2, Terb1, Terb2, Terf1, Terf2, Tert, Tesc, Tescl, Tesk1, Tex14, Tex2, Tex261, Tfap2b, Tff2, Tfg, Tfr2, Tfrc, Tg, Tgfb1, Tgfb2, Tgfb3, Tgfbr2, Tgfbrap1, Tgm2, Th, Thbs1, Them4, Thoc1, Thoc2, Thoc2l, Thoc3, Thoc5, Thoc6, Thoc7, Thy1, Tiam1, Ticam2, Tifab, Timd2, Timd4, Timd5, Timd6, Timm10, Timm10b, Timm13, Timm17a, Timm17b, Timm21, Timm22, Timm23, Timm29, Timm44, Timm50, Timm8a1, Timm8a2, Timm8b, Timm9, Tle6, Tlk1, Tlr2, Tlr4, Tlr9, Tm7sf3, Tm9sf4, Tmbim6, Tmc1, Tmc2, Tmc4, Tmcc1, Tmco1, Tmco3, Tmco6, Tmed1, Tmed10, Tmed10-ps, Tmed11, Tmed2, Tmed3, Tmed4, Tmed5, Tmed6, Tmed7, Tmed9, Tmem102, Tmem106b, Tmem108, Tmem109, Tmem115, Tmem120a, Tmem126a, Tmem129, Tmem132a, Tmem144, Tmem147, Tmem14a, Tmem14c, Tmem150c, Tmem163, Tmem165, Tmem167, Tmem167b, Tmem168, Tmem175, Tmem184a, Tmem201, Tmem230, Tmem241, Tmem258, Tmem266, Tmem30a, Tmem30b, Tmem30c, Tmem37, Tmem38a, Tmem38b, Tmem41b, Tmem50a, Tmem50b, Tmem53, Tmem63a, Tmem63b, Tmem63c, Tmem74, Tmem79, Tmem87a, Tmem87b, Tmem9, Tmem94, Tmem97, Tmf1, Tmx1, Tnf, Tnfaip2, Tnfaip3, Tnfaip8l3, Tnfrsf11a, Tnfrsf1a, Tnfrsf1b, Tnfsf11, Tnk2, Tnks, Tnnc1, Tnnt2, Tnpo1, Tnpo2, Tnpo3, Tom1, Tom1l1, Tom1l2, Tomm20, Tomm20l, Tomm22, Tomm34, Tomm40, Tomm40l, Tomm5, Tomm6, Tomm7, Tomm70a, Tomt, Tor1a, Tpcn1, Tpcn2, Tph1, Tpr, Tprg1l, Traf3ip1, Traf3ip2, Trak1, Trak2, Tram1, Tram1l1, Tram2, Trappc1, Trappc10, Trappc11, Trappc12, Trappc13, Trappc2, Trappc2b, Trappc2l, Trappc3, Trappc3l, Trappc4, Trappc5, Trappc6a, Trappc6b, Trappc9, Trarg1, Trat1, Trdn, Trem2, Treml4, Trex1, Trf, Trh, Triap1, Trib3, Trim23, Trim27, Trim28, Trim3, Trim37, Trim46, Trim50, Trim58, Trim72, Trim9, Trip10, Trip11, Trmt10b, Trp53, Trp73, Trpa1, Trpc1, Trpc2, Trpc3, Trpc4, Trpc5, Trpc6, Trpc7, Trpm1, Trpm2, Trpm3, Trpm4, Trpm5, Trpm6, Trpm7, Trpm8, Trpv1, Trpv2, Trpv3, Trpv4, Trpv5, Trpv6, Tsc1, Tsc2, Tsg101, Tsku, Tspan10, Tspan13, Tspan17, Tspan18, Tspan4, Tspan7, Tspan9, Tspo, Tspo2, Tspoap1, Tst, Ttc21a, Ttc21b, Ttc39b, Ttc39d, Ttc8, Ttk, Ttl, Ttll1, Ttn, Ttpa, Ttyh1, Ttyh2, Ttyh3, Tub, Tuba1a, Tubb1, Tulp1, Tunar, Tusc2, Tusc3, Tvp23a, Tvp23b, Txlna, Txn1, Txnip, Tyro3, Tyrobp, Uaca, Ubac2, Ubap1, Ubash3b, Ubb, Ube2b, Ube2g2, Ube2i, Ube2j1, Ube2o, Ube2q1, Ube3a, Ubl4a, Ubqln1, Ubqln2, Ubr3, Ubr5, Ubxn2b, Ubxn6, Uchl1, Ucn, Ucn2, Ucn3, Ucp1, Ucp2, Ucp3, Uevld, Ufd1, Ufm1, Uhmk1, Ulk1, Ulk4, Umod, Umps, Unc119, Unc119b, Unc13a, Unc13b, Unc13c, Unc13d, Unc93b1, Upk3a, Upk3b, Uprt, Uqcc2, Uqcrfs1, Uqcrh, Use1, Usf2, Ush1g, Ush2a, Uso1, Usp17le, Usp2, Usp20, Usp33, Usp46, Usp6nl, Usp7, Usp9x, Uts2, Uty, Uvrag, Vac14, Vamp1, Vamp2, Vamp3, Vamp4, Vamp5, Vamp7, Vamp8, Vamp9, Vangl1, Vapa, Vapb, Vav1, Vav3, Vcp, Vdac1, Vdac2, Vdac3, Vdr, Vegfa, Vegfc, Vgf, Vhl, Vip, Vipas39, Vldlr, Vmp1, Vps11, Vps13a, Vps13b, Vps13c, Vps13d, Vps16, Vps18, Vps25, Vps26a, Vps26b, Vps26c, Vps28, Vps29, Vps33a, Vps33b, Vps35, Vps35l, Vps36, Vps37a, Vps37b, Vps37c, Vps37d, Vps39, Vps41, Vps45, Vps4a, Vps4b, Vps50, Vps51, Vps52, Vps53, Vps54, Vps8, Vps9d1, Vsnl1, Vta1, Vti1a, Vti1b, Vtn, Was, Wasf1, Wasf2, Washc1, Washc2, Washc3, Washc4, Washc5, Wasl, Wbp2, Wdpcp, Wdr11, Wdr19, Wdr35, Wdr41, Wdr44, Wdr54, Wdr72, Wdr81, Wdr83os, Wdr91, Wfdc6a, Wfs1, Whamm, Whrn, Wipf1, Wipf3, Wipi1, Wls, Wnk1, Wnk2, Wnk3, Wnk4, Wnt3a, Wnt5a, Wnt7a, Wrap53, Wwp2, Xbp1, Xcl1, Xcr1, Xdh, Xk, Xkr4, Xkr6, Xkr7, Xkr8, Xkr9, Xlr4a, Xlr4b, Xpo1, Xpo4, Xpo5, Xpo6, Xpo7, Xpot, Xpr1, Xrcc4, Ybx1, Yes1, Yif1a, Yif1b, Yipf1, Yipf2, Yipf4, Yipf5, Yipf6, Yipf7, Yjefn3, Ykt6, Yod1, Yrdc, Ythdc1, Ywhab, Ywhae, Ywhag, Ywhah, Ywhaq, Ywhaz, Zbed3, Zbed6, Zbtb7b, Zc3h11a, Zc3h12a, Zc3h3, Zdhhc1, Zdhhc11, Zdhhc12, Zdhhc13, Zdhhc14, Zdhhc15, Zdhhc17, Zdhhc18, Zdhhc19, Zdhhc2, Zdhhc20, Zdhhc21, Zdhhc22, Zdhhc23, Zdhhc24, Zdhhc25, Zdhhc3, Zdhhc4, Zdhhc5, Zdhhc6, Zdhhc7, Zdhhc8, Zdhhc9, Zfand1, Zfand2a, Zfand2b, Zfand6, Zfas1, Zfp13, Zfp207, Zfp36, Zfp36l1, Zfp384, Zfp469, Zfp827, Zfpl1, Zfyve16, Zfyve27, Zfyve9, Zg16, Zic1, Zmat3, Zmpste24, Znrf1, Znrf2, Zp3, Zp3r, Zpr1, Zw10, Zwint
GO:0051641	cellular localization	3641	89	53.04	5.4e-07	2.3827885714285715e-4	1700009N14Rik, 1700017N19Rik, 2700049A03Rik, 4930550C14Rik, 4933427D14Rik, 5730455P16Rik, a, A1cf, Aaas, Aacs, Aagab, Aak1, Abat, Abca1, Abca12, Abca13, Abca2, Abca7, Abcb1a, Abcb9, Abcc8, Abcd1, Abcd2, Abcd3, Abcd4, Abcg1, Abhd17a, Abhd17b, Abhd17c, Abi3, Abl1, Abl2, Abr, Abra, Abraxas1, Abraxas2, Acap2, Acd, Acsl3, Acsl4, Actb, Actg1, Actn2, Actn4, Actr10, Actr2, Actr3, Acvr1c, Acvr2b, Adam10, Adam11, Adam22, Adam9, Adar, Adcy10, Adcy5, Adcy6, Adcy8, Adcyap1, Adcyap1r1, Adgrv1, Adipoq, Adora1, Adora2a, Adora2b, Adora3, Adra2a, Adrb1, Adtrp, Afdn, Afg2b, Afm, Aftph, Agap1, Agap2, Agap3, Agbl4, Ager, Agk, Agr2, Agrn, Agt, Agtpbp1, Agtr1a, Agtr2, Ahctf1, Ahcyl1, Ahi1, Ahr, Aifm1, Aip, Airn, Ajuba, Ak7, Akain1, Akap1, Akap10, Akap11, Akap13, Akap3, Akap4, Akap5, Akap6, Akap7, Akap8, Akap8l, Akap9, Akirin2, Akt1, Akt2, Aktip, Alkbh5, Alms1, Alox5, Als2, Als2cl, Alyref, Alyref2, Alyreffm1, Alyreffm10, Alyreffm11, Alyreffm14, Alyreffm2, Alyreffm3, Alyreffm4, Alyreffm5, Alyreffm6, Alyreffm7, Alyreffm8, Alyreffm9, Amn, Amot, Amotl2, Amph, Ang, Ang2, Ang3, Ang4, Ang5, Ang6, Angpt1, Ank1, Ank2, Ank3, Ankfn1, Ankfy1, Ankle1, Ankrd1, Ankrd10, Ankrd13a, Ankrd13c, Ankrd27, Ankrd50, Ankrd53, Ankrd54, Ankrd6, Ankrd66, Anks4b, Ano1, Ano2, Ano3, Ano4, Ano6, Ano7, Ano9, Anp32-ps, Anp32a, Anp32b, Anxa1, Anxa2, Anxa3, Anxa5, Anxa6, Anxa7, Anxa8, Ap1ar, Ap1b1, Ap1g1, Ap1g2, Ap1m1, Ap1m2, Ap1s1, Ap1s2, Ap1s3, Ap2a1, Ap2a2, Ap2b1, Ap2m1, Ap2s1, Ap3b1, Ap3b2, Ap3d1, Ap3m1, Ap3m2, Ap3s1, Ap3s2, Ap4b1, Ap4e1, Ap4m1, Ap4s1, Ap5b1, Ap5m1, Ap5s1, Ap5z1, Apba1, Apba2, Apba3, Apbb1, Apbb3, Apc, Aplf, Aplnr, Apob, Apobec1, Apoc2, Apoc2l, Apoc3, Apod, Apoe, App, Appbp2, Appl1, Appl2, Aqp1, Aqp11, Aqp3, Aqp4, Ar, Arc, Arcn1, Arf1, Arf2, Arf3, Arf4, Arf5, Arf6, Arfgap1, Arfgap2, Arfgap3, Arfgef1, Arfgef2, Arfip1, Arfip2, Arfrp1, Arhgap1, Arhgap21, Arhgap33, Arhgap33os, Arhgap44, Arhgap8, Arhgdia, Arhgdig, Arhgef16, Arhgef18, Arhgef2, Arhgef5, Arhgef9, Arl1, Arl11, Arl13a, Arl13b, Arl14, Arl2, Arl2bp, Arl3, Arl4a, Arl4c, Arl4d, Arl5a, Arl5b, Arl5c, Arl6, Arl6ip1, Arl6ip5, Arl8a, Arl8b, Armcx3, Arpc2, Arpc3, Arrb1, Arrb2, Arrdc1, Arrdc2, Arrdc3, Arrdc4, Arrdc5, Arv1, Arxes1, Arxes2, Asap1, Asb15, Asb3, Asic1, Asic2, Asic3, Asph, Aspm, Aspscr1, Astn2, Atad1, Atcay, Atf2, Atg10, Atg13, Atg14, Atg16l1, Atg16l2, Atg3, Atg4a, Atg4b, Atg4c, Atg4d, Atg5, Atg7, Atg9a, Atg9b, Atm, Atp13a1, Atp13a2, Atp1a4, Atp1b1, Atp1b3, Atp2a1, Atp2a2, Atp2a3, Atp2b2, Atp2b4, Atp2c1, Atp2c2, Atp5if1, Atp6ap1, Atp6ap2, Atp6v0a1, Atp6v0a4, Atp6v0c, Atp6v0d1, Atp6v0d2, Atp6v0e2, Atp6v1a, Atp6v1b1, Atp6v1b2, Atp6v1c1, Atp6v1d, Atp6v1e1, Atp6v1f, Atp6v1g1, Atp6v1g2, Atp6v1g3, Atp6v1h, Atp7a, Atp7b, Atp8a1, Atp8b1, Atp8b3, Atp9a, Atr, Atrx, Atxn1, Atxn3, AU015836, Aup1, Aurka, Aurkb, Axin1, Axin2, Axl, B3gat3, B3glct, B4galnt2, B9d1, Bach2, Bad, Bag1, Bag3, Bag4, Bag6, Baiap2, Baiap3, Bak1, Banp, Bard1, Bax, Bbc3, Bbip1, Bbs1, Bbs10, Bbs12, Bbs2, Bbs4, Bbs5, Bbs7, Bbs9, BC034090, BC048507, Bcap29, Bcap31, Bccip, Bcl2, Bcl2l1, Bcl3, Bcl6, Bcr, Bcs1l, Bdkrb1, Becn1, Becn2, Best1, Bet1, Bet1l, Bglap, Bglap2, Bhlha15, Bicd1, Bicd2, Bicdl1, Bicdl2, Bid, Bin1, Bin3, Birc5, Blk, Bloc1s1, Bloc1s2, Bloc1s3, Bloc1s4, Bloc1s5, Bloc1s6, Bltp1, Bltp3b, Blzf1, Bmal1, Bmp4, Bmper, Bnip1, Bnip3l, Bora, Borcs5, Borcs6, Borcs7, Borcs8, Braf, Brca1, Brca2, Brd2, Brd3, Brme1, Brsk1, Brsk2, Bscl2, Bsg, Bsn, Btbd8, Btbd9, Btf3, Btk, Bub1b, Bub3, C1ql2, C1ql3, C1qtnf12, C1qtnf3, C1qtnf5, C2cd2l, C2cd3, C2cd5, C2cd6, C9orf72, Cabp1, Cacna1a, Cacna1b, Cacna1c, Cacna1d, Cacna1e, Cacna1s, Cacna2d2, Cacnb1, Cacnb2, Cacnb3, Cacnb4, Cacng1, Cacng2, Cacng3, Cacng4, Cacng5, Cacng7, Cacng8, Cadm3, Cadps, Cadps2, Calcrl, Calm1, Calm2, Calm3, Calr, Caly, Camk1, Camk2a, Camk2b, Camk2d, Camk2g, Camk2n1, Camk4, Caml, Camsap3, Canx, Capn10, Capn2, Capn3, Caprin1, Card10, Carm1, Carmil2, Cartpt, Casc3, Cask, Casp3, Casq1, Casq2, Casr, Catsper3, Catsper4, Cav1, Cav2, Cav3, Cavin1, Cbl, Cblb, Cbln1, Cbln4, Cby1, Cc2d2a, Cc2d2b, Ccdc120, Ccdc14, Ccdc186, Ccdc22, Ccdc38, Ccdc39, Ccdc40, Ccdc47, Ccdc66, Ccdc68, Ccdc85c, Ccdc88a, Ccdc88b, Ccdc88c, Ccdc91, Ccdc93, Cchcr1, Cckar, Ccl19, Ccl19-ps1, Ccl19-ps3, Ccl19-ps4, Ccl19-ps5, Ccl19-ps6, Ccl2, Ccl21a, Ccl21b, Ccl21d, Ccl21e, Ccl21f, Ccl3, Ccl5, Ccn3, Ccnb1, Ccnb1-ps, Ccne1, Ccne2, Ccr2, Ccr5, Cct2, Cct3, Cct4, Cct5, Cct6a, Cct7, Cct8, Cd160, Cd177, Cd19, Cd200, Cd247, Cd24a, Cd2ap, Cd300a, Cd36, Cd38, Cd3g, Cd4, Cd53, Cd63, Cd68, Cd74, Cd81, Cd84, Cdan1, Cdc23, Cdc42, Cdc42bpa, Cdca5, Cdca8, Cdh1, Cdh13, Cdh2, Cdh3, Cdh5, Cdk1, Cdk16, Cdk20, Cdk5, Cdk5r1, Cdk5rap2, Cdk5rap3, Cdk9, Cdkl5, Cdkn1a, Cdkn1b, Cdkn2a, Cdt1, Cdx2, Ceacam1, Cela2a, Celsr1, Celsr2, Celsr3, Cemip, Cenpa, Cenpc1, Cenpe, Cenpf, Cenpq, Cep120, Cep128, Cep131, Cep135, Cep19, Cep192, Cep250, Cep290, Cep295, Cep350, Cep41, Cep55, Cep63, Cep68, Cep72, Cep78, Cep83, Cer1, Cert1, Cetn2, Cetn3, Cfap221, Cfap43, Cfap53, Cfap54, Cfap58, Cfap70, Cfl1, Cftr, Cgnl1, Champ1, Chchd4, Chd7, Cherp, Chga, Chic2, Chm, Chml, Chmp1a, Chmp1b, Chmp1b2, Chmp2a, Chmp2b, Chmp3, Chmp4b, Chmp4c, Chmp5, Chmp6, Chmp7, Chp1, Chp2, Chrd, Chrdl1, Chrm1, Chrm3, Chrna3, Chrna7, Chrnb2, Chtop, Cib1, Cideb, Cilk1, Cit, Cited1, Ciz1, Ckap5, Clasp1, Clasp2, Clba1, Clcn3, Cldn18, Clec16a, Clec2i, Clec4b1, Clic5, Clip1, Clip3, Clmn, Cln3, Cln5, Cln8, Clnk, Clock, Clstn1, Clstn3, Clta, Cltb, Cltc, Cltrn, Clu, Cluap1, Cmtm6, Cnep1r1, Cngb1, Cnih2, Cnih3, Cnih4, Cnn2, Cnpy4, Cnr1, Cnst, Cntln, Cntn2, Cntnap1, Cntnap2, Cog1, Cog2, Cog3, Cog4, Cog5, Cog6, Cog7, Cog8, Col1a1, Colq, Commd1, Comp, Comt, Copa, Copb1, Copb2, Cope, Copg1, Copg2, Cops5, Copz1, Copz2, Coro1a, Coro1b, Coro1c, Coro2b, Coro7, Cox18, Cpap, Cpe, Cplane1, Cplane2, Cplx1, Cplx2, Cplx3, Cplx4, Cpsf6, Cpt1a, Cracr2a, Crb1, Crb3, Creb3l2, Crebbp, Crh, Crhr1, Crhr2, Cript, Crk, Crkl, Crocc, Cry2, Cryaa, Cryab, Cse1l, Csk, Csnk1d, Csnk1e, Csnk2a1, Cspg5, Csrp3, Ctbp1, Ctbp2, Ctcf, Ctcfl, Ctdnep1, Ctdspl2, Ctnna1, Ctnnb1, Ctnnd1, Ctns, Ctsd, Cttn, Cttnbp2nl, Cubn, Cul3, Cuta, Cwh43, Cx3cl1, Cxadr, Cxcl10, Cxcl11, Cxcl9, Cxcr3, Cyb5r4, Cyba, Cyfip1, Cyld, Cyp46a1, Cyp51, Cyren, Cysltr1, D1Pas1, D6Wsu163e, Dab2, Dag1, Dand5, Daw1, Daxx, Dbi, Dbn1, Dchs1, Dclk1, Dclk2, Dclk3, Dcp1a, Dcp1b, Dctn1, Dctn2, Ddc, Ddit3, Ddrgk1, Ddx1, Ddx19a, Ddx19b, Ddx25, Ddx39a, Ddx39b, Ddx3x, Ddx4, Ddx42, Ddx5, Def6, Dennd10, Dennd1a, Dennd1b, Dennd1c, Dennd2a, Dennd3, Dennd4c, Dennd5a, Derl1, Derl2, Derl3, Desi1, Dgat1, Dgkd, Dgki, Dgkq, Dhcr24, Dhrs7c, Dhx36, Dhx9, Diaph1, Diaph2, Diaph3, Dipk2a, Disc1, Dkc1, Dlg1, Dlg2, Dlg3, Dlg4, Dlg5, Dlgap1, Dmap1, Dmbt1, Dmd, Dmtn, Dnaaf11, Dnaaf2, Dnaaf4, Dnah5, Dnah9, Dnaja1, Dnaja3, Dnajb2, Dnajb6, Dnajc1, Dnajc13, Dnajc14, Dnajc15, Dnajc19, Dnajc27, Dnajc5, Dnajc6, Dnlz, Dnm1, Dnm1l, Dnm2, Dnm3, Doc2a, Doc2b, Doc2g, Dock2, Dock7, Dok7, Dop1a, Dop1b, Dpcd, Dph3, Dpp10, Dpp6, Dpy30, Dpysl2, Drd1, Drd2, Drd3, Drd4, Dsg3, Dsn1, Dsp, Dst, Dtnbp1, Dtx3l, Duoxa1, Duoxa2, Dusp18, Dusp21, Dvl1, Dvl2, Dvl3, Dync1h1, Dync1i1, Dync1i2, Dync1li1, Dync2h1, Dync2i1, Dync2i2, Dync2li1, Dynll1, Dynlt1a, Dynlt1b, Dynlt1c, Dynlt1f, Dynlt2b, Dyrk1a, Dzip1, Dzip1l, E230001N04Rik, E2f3, Ect2, Edem1, Edem2, Edn1, Edn3, Ednra, Ednrb, Efcab7, Efna5, Efnb2, Efr3a, Efr3b, Egf, Egfr, Egr2, Ehbp1, Ehd1, Ehd2, Ehd3, Ehd4, Ei24, Eif2ak1, Eif2ak3, Eif3e, Eif4a3, Eif4e, Eif4enif1, Eif4g1, Eif6, Eipr1, Elavl1, Elfn1, Elfn2, Elmod1, Elmod3, Emc1, Emc10, Emc2, Emc3, Emc4, Emc6, Emc7, Emc8, Emc9, Emd, Eml3, Eml4, Emp2, Enkd1, Enpp1, Ensa, Entr1, Eny2, Ep300, Epb41, Epb41l1, Epb41l2, Epb41l3, Epb41l5, Epg5, Epha2, Epha3, Epha5, Ephb2, Epm2a, Epo, Eps15, Eps15l1, Epsti1, Eqtn, Erbb2, Erbb4, Erbin, Erc1, Erc2, Ercc3, Erfe, Ergic1, Ergic2, Ergic3, Erlec1, Ero1a, Ero1b, Erp29, Errfi1, Esam, Esco2, Esr1, Etv5, Evi5, Exoc1, Exoc2, Exoc3, Exoc4, Exoc5, Exoc6, Exoc6b, Exoc7, Exoc8, Exph5, Ezh2, Ezr, F11r, F2, F2r, F2rl1, F2rl2, F2rl3, F8a, Fabp3, Faf2, Fam149b, Fam3a, Fam3b, Fam3d, Fam53a, Fam53b, Fam53c, Fam76b, Fam83d, Fam83h, Fam91a1, Farp1, Fasl, Fbln5, Fbn1, Fbn2, Fbxl20, Fbxo22, Fbxo4, Fbxo45, Fbxo7, Fbxw11, Fbxw7, Fcer1a, Fcer1g, Fcgr2b, Fcgr4, Fcho2, Fchsd1, Fchsd2, Fcnb, Fcrl5, Fermt1, Fermt2, Fes, Fev, Fez1, Ffar1, Ffar2, Ffar3, Fga, Fgb, Fgf10, Fgf13, Fgf14, Fgf2, Fgf7, Fgf9, Fgfr2, Fgg, Fgr, Fhip1a, Fhip1b, Fhod1, Filip1, Filip1l, Fis1, Fkbp1a, Fkbp1b, Fkbp8, Fkrp, Flna, Flot1, Flot2, Fmn2, Fmr1, Fnbp1l, Fndc1, Fnta, Folr1, Folr2, Foxa2, Foxf1, Foxj1, Foxo1, Fras1, Frat1, Frat2, Frey1, Frmd4a, Frmd6, Frmd8, Frmpd1, Frrs1l, Fsip2, Fto, Fubp3, Fuz, Fxr1, Fyb1, Fyb2, Fyco1, Fyn, Fyttd1, Fzd9, G6pc2, Gaa, Gab2, Gabarap, Gabarapl1, Gabarapl2, Gak, Gapvd1, Gas1, Gas2l1, Gas2l2, Gas6, Gas8, Gata1, Gata2, Gbf1, Gbp2, Gbp4, Gbp5, Gcc2, Gcg, Gck, Gckr, Gdap1, Gdi1, Gdi2, Gdnf, Gem, Get1, Get3, Get4, Gfap, Gfy, Gga1, Gga2, Gga3, Ggn, Ghitm, Ghrh, Ghrhr, Ghrl, Ghsr, Gimap3, Gimap5, Gip, Gipc1, Gipr, Git1, Git2, Gja1, Gja5, Gle1, Gli3, Glipr1l1, Glis2, Glmp, Glp1r, Glrb, Glud1, Glul, Gm14461, Gm2a, Gm44504, Gna11, Gnai1, Gnao1, Gnaq, Gnas, Gnat2, Gnaz, Gngt1, Gnl3, Gnl3l, Gnptab, Golga2, Golga4, Golga7, Golga7b, Golph3, Golph3l, Golt1a, Golt1b, Gopc, Gorasp1, Gorasp2, Gosr1, Gosr2, Gp1ba, Gp1bb, Gp2, Gp5, Gp9, Gpc1, Gpc2, Gpc3, Gpc4, Gpc5, Gpc6, Gpd1l, Gper1, Gphn, Gpihbp1, Gpld1, Gpm6b, Gpr119, Gpr137b, Gpr143, Gpr151, Gpr158, Gpr15lg, Gpr179, Gpr27, Gpr39, Gpr68, Gpr89, Gprasp1, Gprc6a, Gpsm1, Gpsm2, Gramd1a, Gramd1b, Gramd1c, Gria2, Grid2, Grik1, Grik2, Grik5, Grin1, Grin2a, Grin2b, Grin2c, Grin3b, Grip1, Grip2, Gripap1, Grk2, Grk3, Grm8, Grn, Grp, Grpel1, Grpel2, Grxcr2, Gsdmd, Gsg1l, Gsk3a, Gsk3b, Gsn, Gstm7, Gsto1, Guk1, H13, H1f5, H2-DMa, H2ac4, H2ax, Hacl1, Hadh, Hamp, Hap1, Haspin, Hcar2, Hcfc1, Hcls1, Hcn1, Hcrt, Hdac3, Hdac6, Hdgf, Heatr3, Heatr5a, Heatr5b, Hectd1, Heg1, Hepacam, Herpud1, Hexa, Hexb, Hfe, Hgs, Hgsnat, Hhex, Hif1a, Hikeshi, Hinfp, Hip1, Hk1, Hk2, Hm629797, Hmga1, Hmgcr, Hmgn3, Hmox1, Hnf1a, Hnf1b, Hnf4a, Hnrnpa1, Hnrnpa2b1, Hnrnpab, Hnrnpk, Hnrnpm, Hnrnpu, Homer1, Hook1, Hook2, Hook3, Hpca, Hps1, Hps3, Hps4, Hps5, Hps6, Hpse, Hras, Hrc, Hsbp1, Hsp90aa1, Hsp90ab1, Hsp90b1, Hspa1a, Hspa1l, Hspa4, Hspa5, Hspa8, Hspa9, Hspb1, Hspd1, Hspg2, Htatip2, Htatsf1, Htr1a, Htr1b, Htr1d, Htr2a, Htr2b, Htr2c, Htr6, Htt, Hyal2, Hycc1, Hycc2, Hyou1, Ibtk, Ica1, Ice1, Icmt, Id4, Idh2, Idua, Ier3, Ier3ip1, Iffo1, Ifi27, Ifnb1, Ifng, Ift122, Ift140, Ift172, Ift20, Ift22, Ift25, Ift27, Ift43, Ift46, Ift52, Ift56, Ift57, Ift70a1, Ift70a2, Ift70b, Ift74, Ift80, Ift81, Ift88, Igf1, Igf2r, Igh-7, Ighe, Ighg2a, Ighm, Igsf11, Igtp, Ik, Ikbkb, Ikbkg, Ikzf1, Il10ra, Il12a, Il12b, Il13, Il13ra2, Il1a, Il1b, Il1rn, Il33, Il4, Il4ra, Il6, Ildr1, Ildr2, Ilk, Ilrun, Immp1l, Immp2l, Impg2, Incenp, Ing1, Inhbb, Inpp4b, Inpp5e, Inpp5f, Inpp5k, Inppl1, Ins1, Ins2, Insc, Insig1, Insig2, Ints13, Intu, Invs, Ipo11, Ipo13, Ipo4, Ipo5, Ipo7, Ipo8, Ipo9, Iqce, Iqgap1, Iqsec1, Iqsec2, Irgm1, Irgm2, Irs1, Irs2, Iscu, Isg15, Isl1, Ist1, Itga3, Itga4, Itga8, Itgal, Itgam, Itgav, Itgb1, Itgb1bp1, Itgb2, Itgb2l, Itgb3, Itgb7, Itpr1, Itpr2, Itpr3, Itsn1, Itsn2, Iws1, Jagn1, Jak1, Jak2, Jakmip1, Jam3, Jarid2, Jhy, Jph2, Jph3, Jsrp1, Jup, Kalrn, Kash5, Kat2b, Kat5, Katna1, Kcna1, Kcnab2, Kcnb1, Kcnb2, Kcnc3, Kcnc4, Kcne1, Kcne2, Kcnh1, Kcnip3, Kcnip4, Kcnj10, Kcnj11, Kcnj6, Kcnj8, Kcnn4, Kcnq1, Kcnq2, Kcnq3, Kcnu1, Kdelr1, Kdelr2, Kdelr3, Kdm1a, Kel, Khdc3, Khdrbs1, Kics2, Kif13a, Kif14, Kif16b, Kif17, Kif18a, Kif1a, Kif1b, Kif1c, Kif20a, Kif20b, Kif21a, Kif21b, Kif22, Kif27, Kif28, Kif2a, Kif2b, Kif2c, Kif3a, Kif3b, Kif5a, Kif5b, Kif5c, Kifap3, Kifbp, Kifc1, Kifc2, Kifc5b, Kit, Klc1, Klc2, Klc3, Klf5, Klf7, Klhl12, Klhl20, Klhl21, Kmo, Knl1, Knstrn, Kntc1, Kpna1, Kpna2, Kpna2rt, Kpna3, Kpna4, Kpna6, Kpna7, Kpnb1, Kptn, Krt18, Krt20, Krt5, Ktn1, Kxd1, L1cam, Lama5, Lamp1, Lamp2, Lamp3, Lamp5, Lamtor1, Lamtor2, Lamtor3, Lamtor4, Lamtor5, Laptm4b, Laptm5, Large1, Larp7, Larp7-ps, Lat, Lat2, Lats1, Lats2, Lca5, Lca5l, Lck, Lcn2, Lcp1, Ldlr, Ldlrap1, Lef1, Lemd2, Lep, Lepr, Leprot, Leprotl1, Letm1, Lgals3, Lgals9, Lgi1, Lhcgr, Lhfpl4, Lilrb4a, Lilrb4b, Lime1, Limk2, Lims1, Lin7a, Lin7b, Lin7c, Lipa, Llgl1, Llgl2, Lman1, Lman1l, Lman2, Lman2l, Lmbrd1, Lmf1, Lmna, Lmnb1, Lmnb2, Lmtk2, Lmx1b, Lonp2, Lpar1, Lrat, Lrba, Lrig2, Lrit3, Lrp1, Lrp2, Lrp4, Lrp5, Lrp6, Lrrc15, Lrrc32, Lrrc4, Lrrc52, Lrrc7, Lrrc8a, Lrrk2, Lrrtm1, Lrrtm4, Lrsam1, Lrwd1, Lsg1, Lsr, Ltbp1, Ltv1, Luzp1, Lyn, Lypd1, Lypd10, Lypd11, Lypla1, Lyplal1, Lyset, Lyst, Lztfl1, Lzts2, M6pr, Macf1, Macir, Macroh2a1, Macroh2a2, Mad1l1, Mad2l1, Madcam1, Madd, Mafa, Maged1, Magel2, Magi2, Magoh, Magohb, Maip1, Majin, Mak, Mal, Malrd1, Malt1, Mamdc4, Man1a, Map1a, Map1b, Map1lc3b, Map1s, Map2, Map2k1, Map2k2, Map4, Map4k2, Map4k4, Map6, Map6d1, Map7, Mapk1, Mapk10, Mapk14, Mapk15, Mapk3, Mapk8, Mapk8ip3, Mapk9, Mapre1, Mapre2, Mapre3, Mapt, Marchf5, Marcks, Mark3, Mark4, Marveld3, Mavs, Mc4r, Mcc, Mcfd2, Mcm3ap, Mcm8, Mcm9, Mcoln1, Mcoln2, Mcph1, Mcrs1, Mctp1, Mctp2, Mcu, Mdc1, Mdfic, Mdm2, Mdn1, Meak7, Mecp2, Med1, Mef2c, Mei1, Meig1, Meioc, Mepce, Mertk, Mesd, Met, Mettl21c, Mex3b, Mexis, Mff, Mfhas1, Mfn2, Mfsd1, Mgarp, Mgat3, Mgrn1, Mia2, Mia3, Micall1, Micall2, Micu3, Mid1, Mid2, Midn, Mief1, Mief2, Milr1, Mipep, Mir130a, Mir200a, Mir208b, Mir410, Mis12, Mis18a, Misp, Mkks, Mlc1, Mlh1, Mlh3, Mlph, Mlx, Mlxip, Mmd, Mmd2, Mmgt1, Mmp12, Mmp13, Mmp14, Mms22l, Moap1, Mon1a, Mon1b, Mon2, Morc3, Mos, Mosmo, Mpc2, Mpdz, Mpp4, Mpp7, Mppe1, Mprip, Mrap, Mrap2, Mreg, Mrgprb1, Mrgprx2, Mrln, Mrnip, Ms4a2, Msh2, Msn, Msr1, Msx1, Mtbp, Mtch1, Mtch2, Mtcl1, Mterf4, Mtln, Mtm1, Mtmr2, Mtmr4, Mtnr1a, Mtnr1b, Mtor, Mttp, Mtx1, Mtx2, Mup1, Mup11, Mup2, Mup3, Mup4, Mup5, Musk, Mvb12a, Mvb12b, Mx2, Myadm, Mycbp2, Myh10, Myh9, Myl12a, Mylk, Mylk2, Myo10, Myo18a, Myo19, Myo1a, Myo1b, Myo1c, Myo1d, Myo1f, Myo1g, Myo5a, Myo5b, Myo5c, Myo6, Myo7a, Myom1, Myrip, Myt1, Nabp2, Naca, Nacad, Nadk, Naglu, Nagpa, Napa, Napb, Napg, Nasp, Nat8l, Naxe, Nbea, Nbeal1, Nbeal2, Nbl1, Nbn, Ncbp1, Ncbp2, Ncbp3, Ncdn, Ncf1, Nckap1, Nckap1l, Ncln, Ncoa4, Ncoa6, Ncs1, Ndc1, Ndc80, Nde1, Ndel1, Ndfip1, Ndfip2, Ndp, Ndrg4, Ndufa13, Ndufaf2, Necab2, Necap1, Necap2, Nectin1, Nectin2, Nectin3, Nedd1, Nedd4, Nedd4l, Nedd8, Nedd9, Nefh, Nefl, Nefm, Negr1, Nek2, Nemf, Neo1, Neto1, Neto2, Neurl1b, Neurl3, Neurod1, Nf1, Nf2, Nfasc, Nfatc3, Nfkbia, Ngdn, Ngf, Ngfr, Nherf1, Nherf2, Nherf4, Nhlrc1, Nin, Nipbl, Nkd2, Nkg7, Nkx3-1, Nkx6-1, Nlgn1, Nlgn2, Nlgn3, Nlrp5, Nmd3, Nme5, Nme7, Nmt1, Nmt2, Nmu, Nnat, Nod2, Nol3, Nol6, Nol8, Nolc1, Nomo1, Nop53, Nop9, Nos1, Nos2, Nos3, Notch1, Notch4, Npc1, Npc2, Npff, Nphp1, Nphp4, Nphs1, Nploc4, Npm1, Npnt, Nppa, Nppc, Npsr1, Nptn, Nptx1, Nptx2, Nptxr, Npy, Npy1r, Nr0b1, Nr0b2, Nr1d1, Nr1h2, Nr1h3, Nr1h4, Nr4a1, Nr4a3, Nr5a1, Nrarp, Nrbp1, Nrcam, Nrde2, Nrg1, Nrp1, Nrros, Nrxn1, Nrxn2, Nrxn3, Nsd2, Nsf, Nsfl1c, Nsg1, Nsg2, Nsl1, Nsun2, Ntn1, Ntrk2, Ntsr1, Nuak2, Nubp1, Nucb1, Nudc, Nudcd3, Nuf2, Numa1, Numb, Nup107, Nup133, Nup153, Nup155, Nup160, Nup188, Nup210, Nup214, Nup35, Nup37, Nup42, Nup43, Nup50, Nup50l, Nup54, Nup58, Nup62, Nup62cl, Nup85, Nup88, Nup93, Nup98, Nus1, Nusap1, Nutf2, Nutf2-ps1, Nutf2-ps2, Nvl, Nxf1, Nxf2, Nxf3, Nxf7, Nxt1, Nxt2, Oaz1, Oaz2, Oaz3, Obsl1, Odad4, Odr4, Oga, Ogt, Olfm2, Ooep, Ophn1, Oprm1, Optn, Or51e2, Orai1, Ormdl3, Os9, Osbp, Osbpl2, Osbpl8, Otof, Otog, Otogl, Otud7b, Oxa1l, Oxct1, P2rx1, P2rx2, P2rx3, P2rx4, P2rx7, P2ry1, P2ry12, P2ry2, P2ry4, P3h1, P4hb, Pabpn1, Pacrg, Pacs1, Pacs2, Pacsin1, Pacsin2, Padi6, Paf1, Pafah1b1, Pak1, Pak2, Pakap, Palm, Pals1, Pam16, Pan3, Paqr3, Pard3, Pard3b, Pard6a, Pard6b, Pard6g, Park7, Parl, Parp1, Parp11, Parp3, Parp9, Pax6, Pcare, Pcdh17, Pcdhga3, Pcid2, Pck2, Pclo, Pcm1, Pcnt, Pcsk1, Pcsk9, Pdcd10, Pdcd5, Pdcd5-ps, Pdcd6, Pdcd6ip, Pde1c, Pde3b, Pde4c, Pde4d, Pde8b, Pdpk1, Pdx1, Pdzd11, Pdzd7, Pdzk1, Pecam1, Pef1, Peg12, Per2, Pes1, Pex1, Pex10, Pex12, Pex13, Pex14, Pex16, Pex19, Pex2, Pex26, Pex3, Pex5, Pex5l, Pex6, Pex7, Pfkfb2, Pfkl, Pfkm, Pfn2, Pgap1, Pgap2, Pgr, Pgrmc1, Phaf1, Phax, Phb2, Pheta1, Pheta2, Phip, Phldb2, Phyhip, Pi4k2a, Pias1, Pias4, Pibf1, Picalm, Pick1, Pid1, Pigr, Pigw, Pik3c3, Pik3ca, Pik3r1, Pik3r2, Pik3r4, Pikfyve, Pim3, Pin1, Pin1rt1, Pink1, Pinx1, Pip4k2a, Pip5k1a, Pip5k1c, Pitpnm1, Piwil4, Pkd1, Pkd2, Pkdcc, Pkhd1, Pkia, Pkig, Pkp1, Pkp2, Pkp3, Pla2g3, Pla2g4a, Pla2g4e, Pla2g6, Plaa, Plcb1, Plcb2, Plcb3, Plcb4, Plce1, Plcg1, Plcg2, Plch1, Plch2, Plcl1, Plcl2, Pld1, Pld2, Pld4, Plec, Plek, Plekha1, Plekha3, Plekha8, Plekhf1, Plekhf2, Plekhj1, Plekhm1, Plekhm2, Plk1, Plk2, Plk3, Pln, Plod3, Plrg1, Pls1, Pls3, Pmaip1, Pmf1, Pmfbp1, Pml, Pmp22, Pmpca, Pmpcb, Pnkd, Pola2, Poldip3, Polr1a, Polr2m, Pom121, Pom121l2, Pon3, Popdc1, Porcn, Pot1a, Pot1b, Potefam3a, Potefam3b, Ppard, Pparg, Ppfia1, Ppfia2, Ppfia3, Pphln1, Ppia, Ppid, Ppil2, Ppm1a, Ppm1f, Ppp1cc, Ppp1r12a, Ppp1r15a, Ppp1r3c, Ppp1r9a, Ppp1r9b, Ppp2r2b, Ppp2r5a, Ppp3ca, Ppp3cb, Ppp3cc, Ppp3r1, Ppt1, Praf2, Pram1, Preb, Prepl, Prf1, Prickle1, Prima1, Prkaa1, Prkaa2, Prkaca, Prkag1, Prkar1a, Prkar1b, Prkca, Prkcb, Prkcd, Prkce, Prkcg, Prkci, Prkcq, Prkcz, Prkd1, Prkg2, Prkn, Prnp, Prpf19, Prpf31, Prpf4b, Prph2, Prr5l, Prrt1, Prrt2, Psap, Psen1, Psen2, Psmd9, Psrc1, Ptafr, Ptbp1, Ptch1, Pten, Ptgdr, Ptgds, Ptger3, Ptger4, Ptgs2, Ptk2, Ptk2b, Ptn, Ptp4a3, Ptpmt1, Ptpn1, Ptpn11, Ptpn14, Ptpn22, Ptpn23, Ptpn5, Ptpn6, Ptpn9, Ptprc, Ptprk, Ptprn, Ptprn2, Ptpru, Ptprv, Pttg1ip, Pttg1ip2, Pum2, Pura, Pygo1, Qki, Rab10, Rab11a, Rab11b, Rab11fip1, Rab11fip2, Rab11fip3, Rab11fip4, Rab11fip5, Rab12, Rab13, Rab14, Rab15, Rab17, Rab18, Rab19, Rab1a, Rab1b, Rab20, Rab21, Rab22a, Rab23, Rab24, Rab25, Rab26, Rab27a, Rab27b, Rab28, Rab29, Rab2a, Rab2b, Rab31, Rab32, Rab33b, Rab34, Rab35, Rab36, Rab37, Rab38, Rab39, Rab39b, Rab3a, Rab3b, Rab3c, Rab3d, Rab3gap1, Rab3gap2, Rab3il1, Rab3ip, Rab43, Rab44, Rab4a, Rab4b, Rab5a, Rab5b, Rab5c, Rab5if, Rab6a, Rab6b, Rab7, Rab7b, Rab8a, Rab8b, Rab9, Rab9b, Rabep1, Rabep2, Rabgap1l, Rabgef1, Rabggta, Rabggtb, Rabif, Rabl2, Rabl3, Rac1, Rac2, Racgap1, Rack1, Rad17, Rad21, Rad21l, Rae1, Raf1, Rala, Ralgapa2, Ralgapb, Ramp1, Ramp2, Ramp3, Ran, Ranbp1, Ranbp17, Ranbp2, Ranbp3, Ranbp3l, Ranbp6, Rangap1, Rangrf, Rap1a, Rap1b, Rap1gap, Rap1gds1, Rap2a, Rapgef2, Rapgef3, Rapgef4, Rapgef6, Rapsn, Rasgrp1, Rasl2-9, Rassf5, Rassf9, Rb1, Rbm10, Rbm15b, Rbm22, Rbm33, Rbm4, Rbm8a, Rbp1, Rbp4, Rbsn, Rcc2, Rcn3, Rcsd1, Rd3, Rdx, Reep1, Reep2, Reep6, Relch, Reln, Rep15, Reps1, Reps2, Rer1, Rest, Rffl, Rftn1, Rfx3, Rfx6, Rgp1, Rgs14, Rhbdd1, Rhbdd3, Rhbdf1, Rhbdf2, Rhno1, Rhob, Rhobtb3, Rhod, Rhog, Rhoq, Rhot1, Rhot2, Ric1, Ric3, Rilp, Rilpl1, Rilpl2, Rimbp2, Rims1, Rims2, Rims3, Rims4, Rinl, Rint1, Riok2, Ripor1, Ripor2, Rit2, Rita1, Rnf126, Rnf139, Rnf168, Rnf186, Rnf216, Rnf220, Rnf26, Rnf26rt, Rnf4, Rock1, Rock2, Rom1, Romo1, Ropn1, Rp2, Rpa1, Rpa2, Rpain, Rpf2, Rpgr, Rph3a, Rph3al, Rpl11, Rps15, Rptor, Rraga, Rragb, Rragc, Rrbp1, Rrp7a, Rrs1, Rsad2, Rsc1a1, Rsl1d1, Rsph4a, Rsrc1, Rtn2, Rtn4, Rtp1, Rtp2, Rtp3, Rtp4, Rufy1, Rufy3, Ruvbl2, Ryr1, Ryr2, Ryr3, S100a10, S100a13, Sacm1l, Samm50, Sapcd2, Sar1a, Sar1b, Sarm1, Sarnp, Scamp1, Scamp2, Scamp3, Scamp4, Scamp5, Scap, Scarb2, Scfd1, Scfd2, Scg3, Scg5, Scml2, Scn10a, Scn11a, Scn1a, Scn3b, Scn4b, Sco1, Scp2, Scrib, Scrn1, Scyl1, Scyl2, Scyl3, Sdad1, Sdc1, Sdc4, Sdcbp, Sec13, Sec16a, Sec16b, Sec22a, Sec22b, Sec22c, Sec23a, Sec23b, Sec24a, Sec24b, Sec24c, Sec24d, Sec31a, Sec31b, Sec61a1, Sec61a2, Sec61b, Sec61bl, Sec61g, Sec62, Sec63, Seh1l, Sel1l, Selenbp1, Selenbp2, Selenok, Selenon, Selenos, Selenot, Sem1, Senp2, Septin1, Septin10, Septin11, Septin12, Septin14, Septin2, Septin3, Septin4, Septin5, Septin6, Septin7, Septin8, Septin9, Serac1, Sergef, Serp1, Sesn2, Setd2, Sfn, Sfpq, Sfrp1, Sft2d1, Sft2d2, Sft2d3, Sgip1, Sgk1, Sgo1, Sgo2a, Sgpp1, Sgsm2, Sgta, Sgtb, Sh2b2, Sh3bp4, Sh3gl1, Sh3gl2, Sh3gl3, Sh3glb1, Sh3glb2, Sh3kbp1, Sh3pxd2b, Sh3tc2, Shank1, Shank3, Shh, Shisa6, Shisa7, Shroom2, Shroom3, Siah3, Sidt2, Siglech, Sik3, Sil1, Sin3a, Sirpb1a, Sirt1, Sirt2, Sirt3, Sirt4, Sirt6, Sirt7, Six1, Six2, Six3, Six4, Ska1, Ska2, Ska3, Skap1, Skp1, Slc10a4, Slc10a7, Slc11a1, Slc11a2, Slc12a1, Slc12a2, Slc12a5, Slc14a1, Slc15a1, Slc15a2, Slc15a3, Slc15a4, Slc15a5, Slc16a1, Slc17a5, Slc17a6, Slc17a7, Slc17a8, Slc17a9, Slc18a1, Slc18a2, Slc18a3, Slc18b1, Slc1a1, Slc1a2, Slc1a6, Slc22a1, Slc22a2, Slc22a3, Slc22a5, Slc24a2, Slc25a22, Slc25a23, Slc25a46, Slc26a4, Slc26a6, Slc27a4, Slc27a5, Slc28a2, Slc28a2b, Slc29a4, Slc2a2, Slc2a4, Slc30a1, Slc30a2, Slc30a3, Slc30a4, Slc30a6, Slc30a8, Slc31a1, Slc32a1, Slc35d3, Slc38a2, Slc39a14, Slc39a8, Slc40a1, Slc48a1, Slc4a1, Slc4a4, Slc4a8, Slc51b, Slc5a3, Slc66a2, Slc6a1, Slc6a2, Slc6a4, Slc6a5, Slc6a9, Slc7a11, Slc7a2, Slc7a6os, Slc8a1, Slc8b1, Slc9a2, Slc9a6, Slc9b2, Slf1, Slf2, Slit1, Slitrk3, Slmap, Slu7, Smad2, Smc5, Smo, Smpd3, Smurf1, Smyd3, Snap23, Snap25, Snap29, Snap47, Snap91, Snapin, Snca, Sncaip, Sncb, Sncg, Snf8, Snhg15, Snord32a, Snord33, Snord34, Snord35a, Snord60, Snupn, Snx1, Snx10, Snx11, Snx12, Snx13, Snx14, Snx15, Snx16, Snx17, Snx18, Snx19, Snx2, Snx20, Snx21, Snx24, Snx25, Snx27, Snx3, Snx30, Snx31, Snx32, Snx33, Snx4, Snx5, Snx6, Snx7, Snx8, Snx9, Sod1, Sorbs1, Sorbs2, Sorcs2, Sorl1, Sort1, Sox4, Sox9, Sp100, Spag17, Spag5, Spag6l, Spag9, Spast, Spata33, Spata7, Spc24, Spc25, Spcs1, Spcs2, Spcs3, Spdl1, Spdya, Spef2, Spg11, Spg7, Sphk1, Sphk2, Spi1, Spice1, Spidr, Spin1, Spire1, Spire2, Spo11, Spout1, Sprn, Spry1, Spry2, Sptbn1, Sptbn2, Sptbn4, Sptbn5, Sptssa, Sqstm1, Src, Srcin1, Srebf1, Srgn, Sri, Srp14, Srp19, Srp54a, Srp54b, Srp54c, Srp68, Srp72, Srp9, Srpra, Srprb, Srsf1, Srsf10, Srsf3, Ssb, Ssh1, Ssna1, Ssr3, Sstr5, Ssx2ip, Stac, Stac2, Stac3, Stag3, Stam, Stam2, Star, Stard3, Stard3nl, Stard4, Stat3, Stau1, Stau2, Stbd1, Steap2, Steap3, Steap4, Steep1, Stil, Stim1, Sting1, Stk11, Stk11ip, Stk25, Stk3, Stk4, Stom, Ston1, Ston2, Stra6, Stra6l, Strada, Stradb, Strc, Strit1, Stx11, Stx12, Stx16, Stx17, Stx18, Stx19, Stx1a, Stx1b, Stx2, Stx3, Stx4a, Stx5a, Stx6, Stx7, Stx8, Stxbp1, Stxbp2, Stxbp3, Stxbp4, Stxbp5, Stxbp5l, Sucnr1, Sumo1, Sumo2, Sumo3, Sun1, Sun2, Sun5, Supt6, Supt7l, Surf4, Susd4, Sv2a, Sv2b, Sv2c, Svbp, Svip, Swap70, Sybu, Sycp1, Syde1, Syk, Syn1, Syn2, Syn3, Syndig1, Syne1, Syne2, Syne3, Syngap1, Syngr1, Syngr2, Syngr3, Synj1, Synj2, Synj2bp, Synrg, Syp, Sys1, Syt1, Syt10, Syt11, Syt12, Syt13, Syt17, Syt2, Syt4, Syt5, Syt6, Syt7, Syt8, Syt9, Sytl1, Sytl2, Sytl3, Sytl4, Sytl5, Syvn1, Szt2, Tac4, Tacc1, Tacc2, Tacc3, Tacr2, Taf3, Taf8, Tamalin, Tanc2, Tango2, Tango6, Tap1, Tap2, Tardbp, Tasor, Tax1bp1, Tax1bp3, Tbc1d1, Tbc1d10a, Tbc1d10b, Tbc1d10c, Tbc1d13, Tbc1d14, Tbc1d17, Tbc1d20, Tbc1d23, Tbc1d24, Tbc1d32, Tbc1d5, Tbccd1, Tbrg1, Tcaf1, Tcf7l2, Tcirg1, Tcp1, Tctn1, Tctn2, Tecpr2, Tek, Tenm1, Tent2, Terb1, Terb2, Terf1, Terf2, Terf2ip, Tert, Tesc, Tescl, Tesk1, Tespa1, Tex14, Tex15, Tex261, Tfap2b, Tff2, Tfg, Tfr2, Tfrc, Tgfb1, Tgfb2, Tgfb3, Tgfbrap1, Th, Thoc1, Thoc2, Thoc2l, Thoc3, Thoc5, Thoc6, Thoc7, Thy1, Tia1, Tiam1, Timm10, Timm10b, Timm13, Timm17a, Timm17b, Timm21, Timm22, Timm23, Timm29, Timm44, Timm50, Timm8a1, Timm8a2, Timm8b, Timm9, Tinf2, Tjp1, Tjp2, Tjp3, Tle6, Tlk1, Tlr2, Tlr4, Tm7sf3, Tm9sf1, Tm9sf2, Tm9sf3, Tm9sf4, Tm9sf5, Tmbim1, Tmbim6, Tmcc1, Tmco1, Tmco6, Tmed1, Tmed10, Tmed10-ps, Tmed11, Tmed2, Tmed3, Tmed4, Tmed5, Tmed6, Tmed7, Tmed9, Tmem106b, Tmem107, Tmem108, Tmem126a, Tmem129, Tmem132a, Tmem147, Tmem150a, Tmem167, Tmem184a, Tmem201, Tmem230, Tmem231, Tmem258, Tmem30a, Tmem30b, Tmem35a, Tmem38a, Tmem38b, Tmem41b, Tmem50a, Tmem50b, Tmem53, Tmem59, Tmem87a, Tmem87b, Tmem88, Tmem9, Tmem94, Tmem97, Tmem98, Tmigd1, Tnf, Tnfaip3, Tnfaip6, Tnfrsf1a, Tnik, Tnks, Tnks2, Tnnc1, Tnnt2, Tnpo1, Tnpo2, Tnpo3, Tnrc6a, Tns4, Tollip, Tom1, Tom1l1, Tom1l2, Tomm20, Tomm20l, Tomm22, Tomm34, Tomm40, Tomm40l, Tomm5, Tomm6, Tomm7, Tomm70a, Tomt, Tonsl, Topbp1, Topors, Tor1a, Tor1aip1, Tor1aip2, Tor1b, Tpbg, Tpcn2, Tph1, Tpp1, Tpr, Tprg1l, Traf3ip1, Traf3ip2, Traf6, Traf7, Trak1, Trak2, Tram1, Tram1l1, Tram2, Trappc1, Trappc10, Trappc11, Trappc12, Trappc13, Trappc2, Trappc2b, Trappc2l, Trappc3, Trappc3l, Trappc4, Trappc5, Trappc6a, Trappc6b, Trappc9, Trarg1, Trdn, Trem2, Treml4, Trex1, Trh, Trim12a, Trim12c, Trim17, Trim23, Trim25, Trim27, Trim28, Trim29, Trim3, Trim30a, Trim30b, Trim30c, Trim30d, Trim37, Trim40, Trim46, Trim5, Trim50, Trim58, Trim69, Trim8, Trim9, Trip11, Trmt10b, Trp53, Trp53bp1, Trp53inp2, Trpa1, Trpc1, Trpc3, Trpm1, Trpm2, Trpm4, Trpm5, Tsc1, Tsc2, Tsg101, Tspan10, Tspan14, Tspan15, Tspan17, Tspan18, Tspan33, Tspan5, Tspan7, Tspan9, Tspo, Tspo2, Tspoap1, Ttbk2, Ttc21a, Ttc21b, Ttc7, Ttc7b, Ttc8, Ttk, Ttl, Ttn, Tub, Tuba1a, Tulp1, Tulp2, Tulp3, Tunar, Tvp23a, Tvp23b, Txn1, Txnip, Tyk2, Tyro3, Tyrobp, Uaca, Ubac2, Ubap1, Ubash3b, Ubb, Ube2b, Ube2g2, Ube2i, Ube2j1, Ube2o, Ube2q1, Ubl4a, Ubr5, Ubxn2b, Ubxn6, Uchl1, Ucn3, Ucp2, Uevld, Ufd1, Ufl1, Ufm1, Ugt8a, Uhmk1, Ulk1, Ulk2, Ulk4, Umod, Unc119, Unc119b, Unc13a, Unc13b, Unc13c, Unc13d, Unc50, Unc93b1, Uqcc2, Use1, Ush1c, Ush2a, Uso1, Usp17le, Usp4, Usp46, Usp7, Usp8, Usp9x, Utp25, Uts2, Uty, Uvrag, Vac14, Vamp1, Vamp2, Vamp3, Vamp4, Vamp5, Vamp7, Vamp8, Vangl2, Vapa, Vapb, Vcl, Vcp, Vcpip1, Vegfa, Vegfc, Vgf, Vhl, Vil1, Vip, Vipas39, Vldlr, Vmp1, Vps11, Vps13a, Vps13b, Vps13c, Vps13d, Vps16, Vps18, Vps25, Vps26a, Vps26b, Vps26c, Vps28, Vps29, Vps33a, Vps33b, Vps35, Vps35l, Vps36, Vps37a, Vps37b, Vps37c, Vps37d, Vps39, Vps41, Vps45, Vps4a, Vps4b, Vps50, Vps51, Vps52, Vps53, Vps54, Vps8, Vrk1, Vsnl1, Vta1, Vti1a, Vti1b, Vwc2, Wapl, Was, Wasf1, Washc1, Washc2, Washc3, Washc4, Washc5, Wasl, Wbp2, Wdpcp, Wdr11, Wdr19, Wdr24, Wdr35, Wdr45, Wdr45b, Wdr59, Wdr72, Wdr81, Wdr83os, Wdr91, Whamm, Whrn, Wipf1, Wipf3, Wipi1, Wipi2, Wls, Wnk1, Wnk3, Wnk4, Wnt11, Wnt3a, Wnt5a, Wnt7a, Wnt8a, Wrap53, Wrn, Wwp2, Wwtr1, Xbp1, Xcl1, Xcr1, Xirp1, Xirp2, Xkr8, Xpa, Xpo1, Xpo4, Xpo5, Xpo6, Xpo7, Xpot, Xrcc4, Xrcc5, Yap1, Ybx1, Yif1a, Yif1b, Yipf4, Yipf5, Yipf6, Yipf7, Yjefn3, Ykt6, Yod1, Ypel4, Ythdc1, Ywhab, Ywhae, Ywhag, Ywhah, Ywhaq, Ywhaz, Zbed3, Zbed6, Zbtb16, Zbtb7a, Zc3h11a, Zc3h12a, Zdhhc1, Zdhhc11, Zdhhc12, Zdhhc14, Zdhhc15, Zdhhc17, Zdhhc18, Zdhhc19, Zdhhc2, Zdhhc20, Zdhhc21, Zdhhc22, Zdhhc23, Zdhhc24, Zdhhc25, Zdhhc3, Zdhhc4, Zdhhc5, Zdhhc6, Zdhhc7, Zdhhc9, Zfand1, Zfand2a, Zfand2b, Zfand6, Zfp207, Zfp36, Zfp36l1, Zfp384, Zfp385a, Zfp423, Zfp469, Zfp827, Zfyve16, Zfyve27, Zfyve9, Zg16, Zic1, Zmat3, Zmpste24, Zmynd10, Zmynd8, Zpr1, Zw10, Zwilch, Zwint
GO:0007154	cell communication	7386	152	107.59	9.0e-07	3.861e-4	1700109H08Rik, 1810024B03Rik, 2210016L21Rik, 2510002D24Rik, 2610005L07Rik, 2610042L04Rik, 2700049A03Rik, 2810408A11Rik, 3425401B19Rik, 4930544G11Rik, 6030468B19Rik, a, A1bg, Aacs, Aak1, Aars1, Aars2, Aatf, Abat, Abca1, Abca12, Abca7, Abcc4, Abcc8, Abcc9, Abcg1, Abhd17a, Abhd2, Abhd6, Abi1, Abi2, Abl1, Abl2, Abr, Abra, Abraxas1, Abtb3, Acaa2, Acap1, Acbd7, Ace, Ace2, Acer2, Ache, Ackr1, Ackr2, Ackr3, Ackr4, Acod1, Acot11, Acp3, Acp4, Acsl1, Acsl4, Acsl5, Acta2, Actn2, Actn3, Actn4, Actrt1, Acvr1, Acvr1b, Acvr1c, Acvr2a, Acvr2b, Acvrl1, Ada, Adam10, Adam15, Adam17, Adam8, Adam9, Adamts12, Adamts20, Adamts3, Adamtsl2, Adar, Adarb1, Adcy1, Adcy10, Adcy2, Adcy3, Adcy4, Adcy5, Adcy6, Adcy7, Adcy8, Adcy9, Adcyap1, Adcyap1r1, Adgra1, Adgra2, Adgra3, Adgrb1, Adgrb2, Adgrb3, Adgrd1, Adgre1, Adgre4, Adgre5, Adgrf1, Adgrf2, Adgrf3, Adgrf4, Adgrf5, Adgrg1, Adgrg2, Adgrg3, Adgrg4, Adgrg5, Adgrg6, Adgrg7, Adgrl1, Adgrl2, Adgrl3, Adgrl4, Adgrv1, Adipoq, Adipor1, Adipor2, Adissp, Adm, Adm2, Adnp, Adora1, Adora2a, Adora2b, Adora3, Adra1a, Adra1b, Adra1d, Adra2a, Adra2b, Adra2c, Adrb1, Adrb2, Adrb3, Adrm1, Aen, Afap1, Afap1l2, Afdn, Agap2, Ager, Ago1, Ago3, Agr2, Agrn, Agrp, Agt, Agtr1a, Agtr1b, Agtr2, Agtrap, Agxt, Ahcyl1, Ahi1, Ahr, Ahsg, Aida, Aif1, Aifm1, Aim2, Aimp1, Aip, Aipl1, Ajuba, Akap12, Akap13, Akap3, Akap4, Akap5, Akap6, Akap7, Akap9, Akip1, Akr1b1, Akr1c18, Akt1, Akt1s1, Akt2, Akt3, Aldh1a2, Aldh1a3, Aldh2, Aldh5a1, Alg13, Alk, Alkal1, Alkal2, Alms1, Alox12b, Alox15, Alox5, Alox8, Aloxe3, Alpk1, Alpk2, Als2, Ambn, Ambra1, Amelx, Amer1, Amer2, Amer3, Amfr, Amh, Amhr2, Amot, Amotl1, Amotl2, Anapc15, Anapc15-ps, Anapc2, Ang2, Angpt1, Angpt2, Angpt4, Angptl1, Angptl3, Angptl8, Ank1, Ank2, Ank3, Ankdd1b, Ankrd1, Ankrd11, Ankrd13c, Ankrd17, Ankrd2, Ankrd26, Ankrd54, Ankrd6, Ankrd66, Anks1, Anks1b, Ano1, Ano6, Anxa1, Anxa4, Anxa5, Anxa6, Anxa7, Anxa9, Ap3b1, Apaf1, Apba1, Apba2, Apba3, Apbb1ip, Apc, Apc2, Apcdd1, Apela, Aph1a, Aph1b, Aph1c, Apip, Apln, Aplnr, Aplp1, Aplp2, Apoa1, Apoa2, Apob, Apoc3, Apod, Apoe, App, Appl1, Appl2, Aqp1, Ar, Araf, Arap1, Arap2, Arap3, Arc, Areg, Arf1, Arf4, Arf6, Arfgap1, Arfgef1, Arfgef2, Arfgef3, Arg1, Arhgap1, Arhgap10, Arhgap11a, Arhgap12, Arhgap15, Arhgap17, Arhgap18, Arhgap19, Arhgap20, Arhgap21, Arhgap22, Arhgap23, Arhgap24, Arhgap25, Arhgap26, Arhgap27, Arhgap28, Arhgap29, Arhgap30, Arhgap31, Arhgap32, Arhgap33, Arhgap33os, Arhgap35, Arhgap36, Arhgap39, Arhgap40, Arhgap42, Arhgap44, Arhgap45, Arhgap5, Arhgap6, Arhgap8, Arhgap9, Arhgdia, Arhgdib, Arhgdig, Arhgef1, Arhgef10l, Arhgef11, Arhgef12, Arhgef18, Arhgef2, Arhgef28, Arhgef3, Arhgef4, Arhgef5, Arhgef6, Arhgef7, Arhgef9, Arid1a, Arid1b, Arid4a, Arid4b, Arid5b, Ark2c, Arl13b, Arl2bp, Arl3, Arl6, Arl6ip5, Armc10, Armc9, Armh4, Arnt, Arnt2, Arpc2, Arr3, Arrb1, Arrb2, Arrdc1, Arrdc3, Artn, Asah2, Asb1, Asb10, Asb11, Asb13, Asb14, Asb15, Asb16, Asb17, Asb18, Asb2, Asb3, Asb4, Asb5, Asb6, Asb7, Asb8, Asb9, Ascl1, Ash1l, Asic1, Asic2, Aspm, Aspn, Asxl1, Asxl2, Atad1, Atad3a, Atad5, Atat1, Atf1, Atf2, Atf3, Atf4, Atf6, Atf6b, Atf7, Atg10, Atg14, Atg5, Atg7, Atm, Atoh1, Atoh8, Atp1a1, Atp1a2, Atp1a3, Atp1b1, Atp2a1, Atp2a2, Atp2a3, Atp2b2, Atp2b4, Atp2c1, Atp5if1, Atp5pf, Atp6ap2, Atp6v0c, Atp6v1c2, Atp7a, Atr, Atrip, Atrnl1, Atrx, Atxn1, Atxn3, Atxn7, Aurka, Aurkb, Auts2, Avp, Avpi1, Avpr1a, Avpr1b, Avpr2, Axin1, Axin2, Axl, AY074887, Azi2, B9d1, Babam1, Babam2, Bace1, Bad, Bag3, Bag4, Bag5, Bag6, Baiap2, Baiap3, Bak1, Bambi, Banf1, Bank1, Bard1, Barx1, Batf, Bax, Bbc3, Bbip1, Bbln, Bbs10, Bbs2, Bbs4, Bbs7, BC028528, Bcap31, Bcar1, Bcar3, Bcas3, Bche, Bcl10, Bcl2, Bcl2a1a, Bcl2a1b, Bcl2a1c, Bcl2a1d, Bcl2l1, Bcl2l10, Bcl2l11, Bcl2l12, Bcl2l14, Bcl2l2, Bcl3, Bcl6, Bcl7b, Bcl9, Bcl9l, Bclaf1, Bcr, Bdkrb1, Bdkrb2, Bdnf, Becn1, Becn2, Begain, Bend6, Best1, Bex1, Bex2, Bex3, Bfar, Bglap, Bglap2, Bhlha15, Bicc1, Bicd1, Bid, Bik, Birc2, Birc3, Birc5, Birc6, Birc7, Blk, Blm, Blnk, Bloc1s2, Blvrb, Bmal1, Bmf, Bmi1, Bmncr, Bmp1, Bmp10, Bmp15, Bmp2, Bmp2k, Bmp3, Bmp4, Bmp5, Bmp6, Bmp7, Bmp8a, Bmp8b, Bmper, Bmpr1a, Bmpr1b, Bmpr2, Bmx, Bmyc, Bnip1, Bnip2, Bnip3, Bnip3l, Boc, Bok, Bop1, Bpi, Bpifb1, Braf, Brap, Brca1, Brca2, Brcc3, Brcc3dc, Brd4, Brd7, Brk1, Brms1, Brms1l, Brs3, Brsk1, Brsk2, Bsn, Bst1, Btbd10, Btbd9, Btc, Btk, Btla, Btn1a1, Btn2a2, Btnl1, Btnl10, Btnl12, Btnl2, Btnl4, Btnl6, Btnl9, Btrc, Bub1, Bub1b, Bub3, Bud31, C1qbp, C1ql4, C1qtnf1, C1qtnf12, C1qtnf2, C1qtnf3, C1qtnf4, C1qtnf9, C2cd2l, C2cd3, C2cd5, C3, C3ar1, C5ar1, C5ar2, C9orf72, Cab39, Cab39l, Cabin1, Cabp1, Cabp4, Cabyr, Cacna1a, Cacna1b, Cacna1c, Cacna1d, Cacna1e, Cacna1g, Cacna1i, Cacna2d1, Cacna2d2, Cacnb1, Cacnb2, Cacnb3, Cacnb4, Cacng2, Cacng3, Cacng4, Cacng5, Cacng7, Cacng8, Cactin, Cadm1, Cadm4, Cadps, Cadps2, Calb1, Calb2, Calca, Calcb, Calcoco1, Calcr, Calcrl, Calhm2, Calm1, Calm2, Calm3, Calr, Camk1, Camk1d, Camk1g, Camk2a, Camk2b, Camk2d, Camk2g, Camk2n1, Camk4, Camkk1, Camkk2, Camkv, Caml, Camta1, Cap1, Cap2, Capn1, Capn10, Capn3, Caprin2, Car2, Car7, Car8, Card10, Card11, Card14, Card6, Card9, Carm1, Carmil2, Cartpt, Cask, Caskin1, Casp1, Casp12, Casp2, Casp3, Casp4, Casp6, Casp8, Casp8ap2, Casp9, Casq1, Casq2, Casr, Cass4, Castor1, Castor2, Cat, Cav1, Cav2, Cav3, Cavin3, Cavin4, Cbfa2t2, Cbl, Cblb, Cblc, Cbln1, Cbln2, Cbln4, Cbs, Cby1, Cc2d2a, Ccar2, Ccbe1, Ccdc125, Ccdc186, Ccdc22, Ccdc3, Ccdc47, Ccdc85c, Ccdc88a, Ccdc88c, Cck, Cckar, Cckbr, Ccl1, Ccl11, Ccl12, Ccl17, Ccl19, Ccl19-ps1, Ccl19-ps3, Ccl19-ps4, Ccl19-ps5, Ccl19-ps6, Ccl2, Ccl20, Ccl21a, Ccl21b, Ccl21d, Ccl21e, Ccl21f, Ccl22, Ccl24, Ccl25, Ccl26, Ccl27a, Ccl28, Ccl3, Ccl4, Ccl5, Ccl6, Ccl7, Ccl8, Ccl9, Ccn1, Ccn2, Ccn3, Ccn4, Ccn5, Ccn6, Ccna2, Ccnb1, Ccnb1-ps, Ccnc, Ccnd1, Ccnd3, Ccne1, Ccng1, Ccnk, Ccnq, Ccny, Ccnyl1, Ccr1, Ccr10, Ccr1l1, Ccr2, Ccr3, Ccr4, Ccr5, Ccr6, Ccr7, Ccr8, Ccr9, Ccrl2, Cd109, Cd14, Cd160, Cd177, Cd180, Cd19, Cd22, Cd226, Cd247, Cd24a, Cd27, Cd274, Cd276, Cd28, Cd2ap, Cd300a, Cd300c, Cd300c2, Cd300e, Cd300lb, Cd300ld, Cd300ld2, Cd300ld3, Cd300ld4, Cd300lf, Cd300lg, Cd320, Cd34, Cd36, Cd38, Cd3d, Cd3e, Cd3g, Cd4, Cd40, Cd40lg, Cd44, Cd46, Cd47, Cd48, Cd5, Cd55, Cd55b, Cd59a, Cd6, Cd63, Cd68, Cd70, Cd74, Cd79a, Cd79b, Cd80, Cd81, Cd84, Cd86, Cd8a, Cd8b1, Cdc14b, Cdc20, Cdc34, Cdc34b, Cdc37, Cdc42, Cdc42bpa, Cdc42ep1, Cdc42ep2, Cdc42ep3, Cdc42ep4, Cdc42ep5, Cdc42se1, Cdc42se2, Cdc5l, Cdc5lrt1, Cdc5lrt10, Cdc5lrt4, Cdc5lrt5, Cdc5lrt6, Cdc5lrt7, Cdc5lrt8, Cdc5lrt9, Cdc6, Cdc7, Cdc73, Cdca8, Cdh1, Cdh11, Cdh13, Cdh17, Cdh2, Cdh3, Cdh5, Cdh6, Cdh8, Cdip1, Cdk1, Cdk10, Cdk11b, Cdk13, Cdk14, Cdk16, Cdk2, Cdk20, Cdk3, Cdk4, Cdk5, Cdk5r1, Cdk5rap2, Cdk5rap3, Cdk6, Cdkl5, Cdkn1a, Cdkn1b, Cdkn1c, Cdkn2a, Cdkn2aip, Cdkn2b, Cdkn2d, Cdnf, Cdon, Cds2, Cdt1, Ceacam1, Ceacam10, Ceacam2, Ceacam20, Cebpa, Cebpb, Cela1, Cela2a, Celf4, Celf6, Celsr1, Celsr2, Celsr3, Cenpe, Cep192, Cep55, Cep57, Cep63, Cep89, Cer1, Cert1, Cfap410, Cfap58, Cfc1, Cfd, Cfl1, Cflar, Cftr, Cga, Cgas, Cgnl1, Chac1, Chat, Chchd10, Chd5, Chd7, Chd8, Chek1, Chek2, Cherp, Chfr, Chga, Chi3l1, Chlsn, Chm, Chml, Chmp2b, Chmp4c, Chmp6, Chn1, Chn2, Chp1, Chp2, Chrd, Chrdl1, Chrdl2, Chrm1, Chrm2, Chrm3, Chrm4, Chrm5, Chrna1, Chrna10, Chrna2, Chrna3, Chrna4, Chrna5, Chrna6, Chrna7, Chrna9, Chrnb1, Chrnb2, Chrnb3, Chrnb4, Chrnd, Chrne, Chrng, Chst11, Chsy1, Chuk, Churc1, Cib1, Cibar1, Cidea, Cilk1, Cilp, Cish, Cit, Cited1, Cited2, Ckap5, Cklf, Clasp2, Clca3a2, Clcf1, Clcn1, Clcn3, Cldn18, Cldn19, Cldn5, Clec11a, Clec12a, Clec12b, Clec14a, Clec16a, Clec1a, Clec1b, Clec2i, Clec4d, Clec4e, Clec4n, Clec7a, Clmp, Cln3, Clnk, Clock, Clpb, Clspn, Clstn1, Clstn2, Clstn3, Cltrn, Clu, Cluap1, Clxn, Cmah, Cmklr1, Cmklr2, Cmtm2a, Cmtm2b, Cmtm3, Cmtm5, Cmtm7, Cmtm8, Cmya5, Cngb1, Cnih2, Cnih3, Cnksr1, Cnksr2, Cnksr3, Cnmd, Cnot1, Cnot2, Cnot3, Cnot7, Cnot9, Cnr1, Cnr2, Cnrip1, Cntf, Cntfr, Cntn1, Cntn2, Cntn6, Cntnap1, Cntnap2, Cntnap4, Coa8, Col1a1, Col1a2, Col2a1, Col3a1, Col4a1, Col4a2, Col4a3, Col4a5, Col4a6, Col6a1, Col6a2, Col6a3, Colec12, Commd1, Commd4, Commd6, Commd7, Commd8, Comp, Comt, Copa, Cops5, Cops8, Coro1a, Coro1b, Coro7, Cort, Cpap, Cpe, Cpeb1, Cpeb2, Cpeb3, Cpeb4, Cplane2, Cplx1, Cplx2, Cplx3, Cplx4, Cpne1, Cpne3, Cpt1a, Cptp, Cpz, Cr2, Cracr2a, Cradd, Crb2, Crbn, Crcp, Creb1, Creb3, Creb3l1, Crebbp, Crebrf, Crh, Crhbp, Crhr1, Crhr2, Crim1, Crip1, Cripto, Crk, Crkl, Crlf1, Crlf2, Crlf3, Crmp1, Crnn, Crtc1, Crtc3, Cry1, Cry2, Cryab, Cryba1, Csf1, Csf1r, Csf2, Csf2ra, Csf2rb, Csf2rb2, Csf3, Csf3r, Csk, Csnk1a1, Csnk1d, Csnk1e, Csnk1g1, Csnk1g2, Csnk1g3, Csnk2a1, Csnk2a2, Csnk2b, Cspg4, Cspg5, Csrnp1, Csrp3, Cst11, Ctbp1, Ctbp2, Ctdnep1, Ctdspl2, Ctf1, Ctf2, Cth, Cthrc1, Ctla4, Ctnna1, Ctnna3, Ctnnal1, Ctnnb1, Ctnnbip1, Ctnnd1, Ctnnd2, Ctns, Ctr9, Ctsc, Ctsd, Ctsg, Ctsh, Cttn, Cul1, Cul3, Cul4a, Cul5, Cux2, Cuzd1, Cwh43, Cx3cl1, Cx3cr1, Cxadr, Cxcl1, Cxcl10, Cxcl11, Cxcl12, Cxcl13, Cxcl14, Cxcl15, Cxcl16, Cxcl17, Cxcl2, Cxcl3, Cxcl5, Cxcl9, Cxcr1, Cxcr2, Cxcr3, Cxcr4, Cxcr5, Cxcr6, Cxxc4, Cyb5r4, Cyba, Cybb, Cycs, Cyct, Cyfip1, Cyfip2, Cyld, Cyp19a1, Cyp1b1, Cyp26a1, Cyp26b1, Cyp27b1, Cyp2j5, Cyp2j6, Cyp46a1, Cyp7b1, Cyrib, Cysltr1, Cysltr2, Cyth1, Cyth2, Cyth3, Cyth4, D130043K22Rik, D1Pas1, D7Ertd443e, Daam1, Daam2, Dab1, Dab2, Dab2ip, Dact1, Dact2, Dact3, Dag1, Dagla, Dand5, Dap, Dapk1, Dapk2, Dapk3, Dapl1, Daxx, Dbh, Dbi, Dbn1, Dbndd1, Dbndd2, Dbnl, Dbx2, Dcc, Dcdc2a, Dcdc2c, Dchs1, Dclk1, Dclk2, Dclk3, Dcn, Dcp1a, Dcst1, Dcx, Ddb1, Ddias, Ddit3, Ddit4, Ddit4l, Ddo, Ddr1, Ddr2, Ddrgk1, Ddx1, Ddx17, Ddx21, Ddx3x, Ddx47, Ddx5, Ddx60, Dedd, Dedd2, Defb1, Defb21, Defb25, Defb37, Dele1, Dennd1a, Dennd1b, Dennd2b, Dennd3, Dennd4a, Dennd4b, Dennd4c, Depdc1a, Depdc1b, Depdc5, Depdc7, Deptor, Derl1, Derl2, Derl3, Dgat1, Dgka, Dgkb, Dgkd, Dgke, Dgkg, Dgkh, Dgki, Dgkk, Dgkq, Dgkz, Dhcr24, Dhh, Dhrs3, Dhx15, Dhx33, Dhx36, Dhx58, Diablo, Diaph1, Diaph2, Diaph3, Dicer1, Dido1, Dio2, Dipk2a, Diras1, Diras2, Disc1, Disp1, Disp2, Dixdc1, Dkk1, Dkk2, Dkk3, Dkk4, Dkkl1, Dlc1, Dlg1, Dlg2, Dlg3, Dlg4, Dlg5, Dlgap1, Dlgap2, Dlgap3, Dlgap4, Dlk1, Dlk2, Dll1, Dll3, Dll4, Dlx1, Dlx2, Dlx3, Dlx5, Dmd, Dmpk, Dmrt1, Dmrt3, Dmxl2, Dna2, Dnaaf4, Dnai1, Dnaja1, Dnaja3, Dnajb9, Dnajc10, Dnajc27, Dnajc3, Dner, Dnm1, Dnm1l, Dnm2, Dnmbp, Doc2a, Doc2b, Doc2g, Dock1, Dock10, Dock11, Dock2, Dock3, Dock4, Dock5, Dock6, Dock7, Dock8, Dock9, Dok1, Dok2, Dok3, Dok4, Dok5, Dok6, Dok7, Donson, Dot1l, Dpp6, Draxin, Drd1, Drd2, Drd3, Drd4, Drd5, Drp2, Dsc2, Dscam, Dsg2, Dsg3, Dsg4, Dsp, Dstyk, Dtl, Dtna, Dtnb, Dtnbp1, Dtx1, Dtx2, Dtx3, Dtx3l, Dtx4, Duox1, Duox2, Dusp1, Dusp10, Dusp13b, Dusp15, Dusp16, Dusp19, Dusp2, Dusp22, Dusp26, Dusp29, Dusp3, Dusp4, Dusp5, Dusp6, Dusp7, Dusp8, Dusp9, Dvl1, Dvl2, Dvl3, Dync1li1, Dync2h1, Dynll1, Dynlt1a, Dynlt1b, Dynlt1c, Dynlt1f, Dyrk1a, Dyrk2, Dyrk3, Dytn, Dzip1, Dzip1l, E130311K13Rik, E2f1, E2f2, Eaf2, Ebi3, Ece1, Ecel1, Ecm1, Ecrg4, Ecsit, Ect2, Eda, Eda2r, Edar, Edaradd, Edem2, Edem3, Edn1, Edn2, Edn3, Ednra, Ednrb, Eea1, Eed, Eef1e1, Efcab7, Efemp1, Efhb, Efna1, Efna2, Efna3, Efna4, Efna5, Efnb1, Efnb2, Efnb3, Efr3a, Efr3b, Efs, Egf, Egfl7, Egfr, Egln1, Egr1, Egr2, Egr3, Ei24, Eid2, Eif2a, Eif2ak1, Eif2ak2, Eif2ak3, Eif2ak4, Eif2b1, Eif2b2, Eif2b3, Eif2b4, Eif2b5, Eif2s1, Eif3a, Eif4a3, Eif4a3l1, Eif4a3l2, Eif4e, Eif4e2, Eif4ebp1, Eif4ebp2, Eipr1, Elapor2, Elf1, Elfn1, Elfn2, Ell3, Elmo1, Elp2, Elp6, Emd, Eme1, Eme2, Emilin1, Emp2, Endog, Eng, Enho, Eno1, Eno1b, Enpp1, Enpp5, Ensa, Entpd1, Entpd2, Entrep1, Eny2, Ep300, Epcam, Epg5, Epgn, Epha1, Epha10, Epha2, Epha3, Epha4, Epha5, Epha6, Epha7, Epha8, Ephb1, Ephb2, Ephb3, Ephb4, Ephb6, Epm2a, Epn1, Epn2, Epo, Epor, Eps8, Eps8l1, Eps8l2, Eps8l3, Eras, Erbb2, Erbb3, Erbb4, Erbin, Erc1, Erc2, Ercc1, Ercc2, Ercc6, Ereg, Erfe, Erlec1, Erlin1, Erlin2, Ermap, Ermp1, Ern1, Ern2, Ero1a, Erp29, Errfi1, Esm1, Esp1, Esp22, Esp6, Esr1, Esr2, Esrra, Esrrb, Esrrg, Etaa1, Etv2, Etv5, Eva1a, Evc, Evc2, Exoc3l, Exoc4, Ext1, Extl3, Eya1, Eya2, Eya3, Eya4, Ezh2, Ezr, F10, F11r, F2, F2r, F2rl1, F2rl2, F2rl3, F3, F7, Faah, Fabp5, Fadd, Faf1, Faim, Faim2, Faiml, Fam107a, Fam110c, Fam114a1, Fam120b, Fam13b, Fam162a, Fam20c, Fam220a, Fam3a, Fam3b, Fam3c, Fam3d, Fam53b, Fam83a, Fam83b, Fam83c, Fam83d, Fam83e, Fam83f, Fam83g, Fam83h, Fam89b, Fanca, Fancd2, Farp1, Farp2, Fas, Fasl, Fat4, Fbh1, Fbln1, Fbn1, Fbn2, Fbp1, Fbrs, Fbxl15, Fbxl17, Fbxl2, Fbxl20, Fbxo2, Fbxo21, Fbxo31, Fbxo4, Fbxo41, Fbxo45, Fbxo7, Fbxo8, Fbxo9, Fbxw11, Fbxw4, Fbxw7, Fbxw7as1, Fcamr, Fcer1a, Fcer1g, Fcer2a, Fcgr1, Fcgr2b, Fcgr3, Fcgr4, Fcho1, Fchsd1, Fchsd2, Fcmr, Fcna, Fcnb, Fcrl2, Fcrl5, Fcrl6, Fcrla, Fcrlb, Fem1a, Fem1b, Fer, Fermt1, Fermt2, Fermt3, Ffar1, Ffar2, Ffar3, Ffar4, Fga, Fgb, Fgd2, Fgd4, Fgf1, Fgf10, Fgf11, Fgf12, Fgf13, Fgf14, Fgf15, Fgf16, Fgf17, Fgf18, Fgf2, Fgf20, Fgf21, Fgf22, Fgf23, Fgf3, Fgf4, Fgf5, Fgf6, Fgf7, Fgf8, Fgf9, Fgfbp1, Fgfbp3, Fgfr1, Fgfr2, Fgfr3, Fgfr4, Fgfrl1, Fgg, Fgr, Fhit, Fhl2, Ficd, Fignl1, Fis1, Fjx1, Fkbp1a, Fkbp1b, Fkbp4, Fkbp8, Fkrp, Fktn, Flcn, Flna, Flot1, Flot2, Flrt1, Flrt2, Flrt3, Flt1, Flt3, Flt3l, Flt4, Fmr1, Fn1, Fnbp1, Fnbp1l, Fndc5, Fnip1, Fnip2, Fnta, Folr1, Fos, Fosl1, Fosl2, Foxa1, Foxa2, Foxb1, Foxc1, Foxc2, Foxd1, Foxf1, Foxh1, Foxl1, Foxl2, Foxm1, Foxn3, Foxo1, Foxo3, Foxo4, Foxp1, Foxp3, Fpr-rs3, Fpr-rs4, Fpr-rs6, Fpr-rs7, Fpr1, Fpr2, Fpr3, Fras1, Frat1, Frat2, Frem1, Frem2, Frem3, Frk, Frmd6, Frmd7, Frmd8, Frmpd1, Frrs1l, Frs2, Frs3, Frzb, Fshb, Fshr, Fst, Fstl1, Fstl3, Fstl4, Fstl5, Fto, Furin, Fut7, Fut8, Fuz, Fxn, Fxr1, Fxr2, Fyb1, Fyb2, Fyn, Fzd1, Fzd10, Fzd2, Fzd3, Fzd4, Fzd5, Fzd6, Fzd7, Fzd8, Fzd9, Fzr1, G0s2, G2e3, G3bp1, G3bp2, G6pc2, Gab1, Gab2, Gab3, Gabarap, Gabbr1, Gabbr2, Gabra1, Gabra2, Gabra3, Gabra4, Gabra5, Gabra6, Gabrb1, Gabrb2, Gabrb3, Gabrd, Gabre, Gabrg1, Gabrg2, Gabrg3, Gabrq, Gabrr1, Gabrr2, Gadd45a, Gadd45b, Gadd45g, Gal, Galnt11, Galp, Galr1, Galr2, Galr3, Gapdh, Gapdh-ps15, Gapdhrt, Gapdhrt2, Garem1, Garnl3, Garre1, Gas1, Gas2, Gas2l2, Gas6, Gas8, Gast, Gata1, Gata2, Gata3, Gata4, Gata5, Gata6, Gba1, Gbf1, Gbp2, Gbp5, Gbp7, Gcg, Gcgr, Gck, Gclc, Gclm, Gcn1, Gcnt2, Gcsam, Gde1, Gdf1, Gdf10, Gdf11, Gdf15, Gdf2, Gdf3, Gdf5, Gdf6, Gdf7, Gdf9, Gdi1, Gdi2, Gdnf, Gdpd5, Gen1, Gfap, Gfer, Gfi1, Gfra1, Gfra2, Gfra3, Gfra4, Gfral, Ggct, Ggnbp2, Gh, Ghitm, Ghr, Ghrh, Ghrhr, Ghrl, Ghsr, Gid8, Gigyf1, Gigyf2, Gip, Gipc1, Gipr, Git1, Git2, Gja1, Gja10, Gja3, Gja4, Gja5, Gja6, Gja8, Gjb1, Gjb2, Gjb3, Gjb4, Gjb5, Gjb6, Gjc1, Gjc2, Gjc3, Gjd2, Gjd3, Gjd4, Gje1, Gkap1, Gkn1, Gkn2, Glce, Gldn, Glg1, Gli1, Gli2, Gli3, Glipr2, Glis2, Glmn, Glp1r, Glp2r, Glra1, Glra2, Glra3, Glra4, Glrb, Gls, Glud1, Glul, Gm10662, Gm10668, Gm11690, Gm12250, Gm13271, Gm13272, Gm13275, Gm13276, Gm13277, Gm13283, Gm14137, Gm15441, Gm266, Gm4513, Gm5127, Gm5157, Gm527, Gm5849, Gm5890, Gm6176, Gm6882, Gmds, Gmfb, Gmfg, Gmip, Gna11, Gna12, Gna13, Gna14, Gna15, Gnai1, Gnai2, Gnai3, Gnal, Gnao1, Gnaq, Gnas, Gnat1, Gnat2, Gnat3, Gnaz, Gnb1, Gnb1l, Gnb2, Gnb3, Gnb4, Gnb5, Gng10, Gng11, Gng12, Gng13, Gng14, Gng2, Gng3, Gng4, Gng5, Gng5c, Gng7, Gng8, Gngt1, Gngt2, Gnrh1, Gnrhr, Golph3, Gorab, Got1, Gp6, Gpat3, Gpatch3, Gpbar1, Gpc1, Gpc2, Gpc3, Gpc4, Gpc5, Gpc6, Gpd1l, Gper1, Gpha2, Gphb5, Gpi1, Gpld1, Gpnmb, Gpr101, Gpr108, Gpr119, Gpr12, Gpr132, Gpr135, Gpr137, Gpr137b, Gpr137c, Gpr139, Gpr141, Gpr142, Gpr143, Gpr146, Gpr149, Gpr15, Gpr150, Gpr151, Gpr152, Gpr153, Gpr155, Gpr156, Gpr157, Gpr158, Gpr15lg, Gpr160, Gpr161, Gpr162, Gpr165, Gpr17, Gpr171, Gpr173, Gpr174, Gpr176, Gpr179, Gpr18, Gpr180, Gpr182, Gpr183, Gpr19, Gpr20, Gpr21, Gpr22, Gpr25, Gpr26, Gpr27, Gpr3, Gpr31b, Gpr33, Gpr34, Gpr35, Gpr37, Gpr37l1, Gpr39, Gpr4, Gpr45, Gpr50, Gpr52, Gpr55, Gpr6, Gpr61, Gpr62, Gpr63, Gpr65, Gpr68, Gpr75, Gpr82, Gpr83, Gpr84, Gpr85, Gpr87, Gpr88, Gprasp1, Gprc5a, Gprc5b, Gprc5c, Gprc5d, Gprc6a, Gps2, Gpsm1, Gpx1, Gramd4, Grap, Grap2, Grb10, Grb14, Grb2, Grb7, Grem1, Grem2, Gria1, Gria2, Gria3, Gria4, Grid1, Grid2, Grid2ip, Grik1, Grik2, Grik3, Grik4, Grik5, Grin1, Grin2a, Grin2b, Grin2c, Grin2d, Grin3a, Grin3b, Grina, Grip1, Grip2, Grk1, Grk2, Grk3, Grk4, Grk5, Grk6, Grm1, Grm2, Grm3, Grm4, Grm5, Grm6, Grm7, Grm8, Grn, Grp, Grpr, Gsc, Gsdma3, Gsdme, Gsg1l, Gsk3a, Gsk3b, Gskip, Gsn, Gstp-ps, Gstp1, Gstp2, Gstp3, Gsx2, Guca1a, Guca1b, Guca2b, Gucy1a1, Gucy1a2, Gucy1b1, Gucy1b2, Gucy2c, Gucy2d, Gucy2e, Gucy2f, Gucy2g, Gzma, Gzmb, Gzmc, Gzmk, Gzmn, H2-M3, H2ax, H2bc21, Hacd3, Hadh, Hamp, Hamp2, Hand2, Hap1, Hapln4, Hapstr1, Haspin, Havcr2, Hax1, Hbegf, Hbp1, Hcar1, Hcar2, Hcfc1, Hcfc2, Hck, Hcls1, Hcn1, Hcn4, Hcrt, Hcrtr1, Hcrtr2, Hcst, Hdac1, Hdac2, Hdac3, Hdac4, Hdac6, Hdac7, Hdgf, Hdgfl3, Heg1, Hells, Herc2, Herc4, Herpud1, Herpud2, Hes1, Hes5, Hes7, Hesx1, Hexim1, Hey1, Hey2, Heyl, Hfe, Hgf, Hgs, Hhat, Hhex, Hhip, Hic1, Hif1a, Hif1an, Higd1a, Hilpda, Hinfp, Hint1, Hip1, Hip1r, Hipk1, Hipk2, Hipk3, Hipk4, Hivep1, Hivep2, Hjv, Hm629797, Hmga1, Hmga2, Hmgb1, Hmgb2, Hmgcr, Hmgn3, Hmox1, Hnf1a, Hnf1b, Hnf4a, Hnrnpk, Homer1, Homer2, Homer3, Hormad1, Hoxa13, Hoxa5, Hoxb3os, Hoxd3, Hp, Hpca, Hpcal1, Hpcal4, Hpgd, Hpse, Hpx, Hras, Hrc, Hrg, Hrh1, Hrh2, Hrh3, Hrh4, Hrk, Hs1bp3, Hsf1, Hsh2d, Hsp90ab1, Hspa1b, Hspa5, Hspa8, Hspb1, Hspd1, Hspg2, Htr1a, Htr1b, Htr1d, Htr1e, Htr1f, Htr2a, Htr2b, Htr2c, Htr3a, Htr3b, Htr4, Htr5a, Htr5b, Htr6, Htr7, Htra1, Htra2, Htra3, Htt, Hunk, Hus1, Hus1b, Huwe1, Hyal2, Hyou1, Iapp, Ica1, Icam1, Icmt, Icosl, Id1, Ide, Ier3, Ierepo2, Ifi203, Ifi203-ps, Ifi204, Ifi206, Ifi207, Ifi208, Ifi209, Ifi213, Ifi214, Ifi27, Ifi27l2a, Ifi27l2b, Ifi35, Ifih1, Ifitm1, Ifitm2, Ifitm3, Ifitm6, Ifitm7, Ifna1, Ifna11, Ifna12, Ifna13, Ifna14, Ifna15, Ifna16, Ifna2, Ifna4, Ifna5, Ifna6, Ifna7, Ifna9, Ifnab, Ifnar1, Ifnar2, Ifnb1, Ifne, Ifng, Ifngr1, Ifngr2, Ifnk, Ifnl2, Ifnl3, Ifnlr1, Ifnz, Ift122, Ift140, Ift172, Ift20, Ift25, Ift27, Ift46, Ift52, Ift56, Ift57, Ift74, Ift80, Ift81, Ift88, Igbp1, Igbp1b, Igf1, Igf1r, Igf2, Igf2r, Igfbp1, Igfbp2, Igfbp3, Igfbp4, Igfbp5, Igfbp6, Igfbp7, Igfbpl1, Igh-7, Ighe, Ighm, Igsf1, Igsf11, Igsf21, Igsf8, Igsf9b, Igtp, Ihh, Iigp1, Ik, Ikbkb, Ikbke, Ikbkg, Il10, Il10ra, Il10rb, Il11, Il11ra1, Il11ra2, Il11ra3, Il12a, Il12b, Il12rb1, Il12rb2, Il13, Il13ra1, Il13ra2, Il15, Il15ra, Il16, Il17a, Il17b, Il17c, Il17f, Il17ra, Il17rb, Il17rc, Il17rd, Il17re, Il18, Il18r1, Il18rap, Il19, Il1a, Il1b, Il1f10, Il1r1, Il1r2, Il1rap, Il1rapl1, Il1rapl2, Il1rl1, Il1rl2, Il1rn, Il2, Il20, Il20ra, Il20rb, Il21, Il21r, Il22, Il22b, Il22ra1, Il22ra2, Il23a, Il23r, Il24, Il25, Il27, Il27ra, Il2ra, Il2rb, Il2rg, Il3, Il31, Il31ra, Il33, Il34, Il36a, Il36b, Il36g, Il36rn, Il3ra, Il4, Il4ra, Il5, Il5ra, Il6, Il6ra, Il6st, Il7, Il7r, Il9, Il9r, Ildr1, Ildr2, Ilk, Ilkap, Impa1, Impa2, Impact, Ina, Inava, Inca1, Incenp, Ing1, Ing2, Ing5, Inha, Inhba, Inhbb, Inhbc, Inhbe, Inip, Inpp4b, Inpp5a, Inpp5b, Inpp5d, Inpp5e, Inpp5f, Inpp5k, Inppl1, Ins1, Ins2, Insig1, Insig2, Insl3, Insl5, Insl6, Insr, Insrr, Insyn1, Insyn2a, Ints3, Ints7, Ints9, Intu, Invs, Ipo5, Iqce, Iqgap1, Iqgap2, Iqgap3, Iqschfp, Iqsec1, Iqsec2, Iqsec3, Iqub, Irag1, Irak1, Irak1bp1, Irak2, Irak3, Irak4, Irf1, Irf2, Irf3, Irf4, Irf5, Irf7, Irgm1, Irgm2, Irs1, Irs2, Irs3, Irs4, Irx3, Isg15, Isl1, Itch, Itfg2, Itga1, Itga10, Itga11, Itga2, Itga2b, Itga3, Itga4, Itga5, Itga6, Itga7, Itga8, Itga9, Itgad, Itgae, Itgal, Itgam, Itgav, Itgax, Itgb1, Itgb1bp1, Itgb2, Itgb2l, Itgb3, Itgb4, Itgb5, Itgb6, Itgb7, Itgb8, Itgbl1, Itk, Itm2c, Itpka, Itpkb, Itpr1, Itpr2, Itpr3, Itprip, Itsn1, Itsn2, Ivns1abp, Jade1, Jag1, Jag2, Jagn1, Jak1, Jak2, Jak3, Jam3, Jcad, Jmjd6, Jmjd8, Jmy, Jph3, Jph4, Jpt2, Jrk, Jun, Jund, Jup, Kalrn, Kank1, Kank2, Kars1, Kat2a, Kat7, Kazald1, Kbtbd2, Kbtbd6, Kbtbd7, Kcmf1, Kcna1, Kcna2, Kcna5, Kcnb1, Kcnc2, Kcnc3, Kcnc4, Kcnd2, Kcnd3, Kcne5, Kcnh1, Kcnip1, Kcnip2, Kcnip3, Kcnip4, Kcnj10, Kcnj11, Kcnj5, Kcnj6, Kcnj8, Kcnk13, Kcnk2, Kcnk4, Kcnk9, Kcnma1, Kcnmb2, Kcnmb3, Kcnmb4, Kcnn2, Kcnn4, Kcnq1, Kcnq2, Kcnq3, Kcnq4, Kcp, Kctd10, Kctd11, Kctd12, Kctd12b, Kctd13, Kctd16, Kctd20, Kctd21, Kctd6, Kctd8, Kctd9, Kdm1a, Kdm3a, Kdm4c, Kdm5b, Kdm5d, Kdm6a, Kdm8, Kdr, Khdc3, Khdrbs1, Kics2, Kidins220, Kif14, Kif16b, Kif1b, Kif26a, Kif3a, Kif5b, Kif7, Kir3dl1, Kir3dl2, Kiss1, Kiss1r, Kit, Kitl, Kl, Klb, Klf14, Klf15, Klf16, Klf2, Klf4, Klf5, Klf6, Klf7, Klf9, Klhdc10, Klhl12, Klhl22, Klhl31, Klhl6, Klk14, Klk1b3, Klk1b4, Klk5, Klk6, Klrc1, Klrc2, Klrc3, Klrd1, Klre1, Klrg1, Klrh1, Klri1, Klri2, Klrk1, Kmo, Kmt2a, Kmt2d, Kmt2e, Kmt5a, Kndc1, Knl1, Kntc1, Kpna1, Kpna2, Kpna4, Kptn, Kras, Kremen1, Kremen2, Krt18, Krt19, Krt6a, Krt8, Krtap21-1, Ksr1, Ksr2, L1cam, Lacc1, Lag3, Lair1, Lama1, Lama2, Lama5, Lamb1, Lamb2, Lamc1, Lamp1, Lamp2, Lamp5, Lamtor1, Lamtor2, Lamtor3, Lamtor4, Lamtor5, Lancl2, Laptm5, Large1, Larp1, Lars1, Lat, Lat2, Lats1, Lats2, Lax1, Lbh, Lbp, Lbx2, Lck, Lcmt1, Lcn2, Lcp1, Lcp2, Ldb1, Ldlrad4, Ldoc1, Lect2, Lef1, Lefty1, Lefty2, Lemd2, Lemd3, Leo1, Lep, Lepr, Leprot, Leprotl1, Lfng, Lgals1, Lgals12, Lgals3, Lgals9, Lgi1, Lgmn, Lgr4, Lgr5, Lgr6, Lhb, Lhcgr, Lhx1, Lhx5, Lichi, Lif, Lifr, Lilra5, Lilra6, Lilrb4a, Lilrb4b, Limd1, Lime1, Lims1, Lims2, Lin28a, Lin7a, Lin7b, Lin7c, Lingo1, Lipa, Litaf, Llgl1, Llgl2, Lmbr1, Lmbr1l, Lmbrd2, Lmcd1, Lmna, Lmnb1, Lmo3, Lmtk2, Lmx1a, Lnpep, Lonp1, Lox, Loxl3, Lpar1, Lpar2, Lpar3, Lpar4, Lpar5, Lpar6, Lpl, Lpxn, Lrba, Lrch4, Lrfn2, Lrg1, Lrig2, Lrit3, Lrp1, Lrp2, Lrp4, Lrp5, Lrp6, Lrp8, Lrpap1, Lrr1, Lrrc10b, Lrrc14, Lrrc19, Lrrc2, Lrrc30, Lrrc32, Lrrc39, Lrrc4, Lrrc40, Lrrc4c, Lrrc55os, Lrrc58, Lrrc63, Lrrc69, Lrrc8a, Lrrc8b, Lrrc8c, Lrrc8d, Lrrc8e, Lrrd1, Lrrfip2, Lrriq4, Lrrk1, Lrrk2, Lrrtm1, Lrrtm2, Lsm14a, Lsp1, Lta, Ltb, Ltb4r1, Ltb4r2, Ltbp1, Ltbp3, Ltbp4, Ltbr, Ltf, Ltk, Lurap1, Lurap1l, Ly6a, Ly6c1, Ly6c2, Ly6e, Ly6f, Ly6g, Ly6g2, Ly6g6d, Ly6g6e, Ly6g6g, Ly6h, Ly6i, Ly6m, Ly86, Ly96, Lyn, Lynx1, Lypd1, Lypd10, Lypd11, Lypd6, Lyplal1, Lztr1, Lzts1, Lzts2, Macf1, Maco1, Mad1l1, Mad2l1, Mad2l1bp, Mad2l2, Madcam1, Madd, Mael, Mafa, Mag, Maged1, Magi1, Magi2, Magi3, Mak, Mal, Malt1, Maml1, Maml2, Maml3, Manf, Maoa, Maob, Map1a, Map1b, Map1lc3a, Map2k1, Map2k2, Map2k3, Map2k4, Map2k5, Map2k6, Map2k7, Map3k1, Map3k10, Map3k11, Map3k12, Map3k13, Map3k14, Map3k15, Map3k19, Map3k2, Map3k20, Map3k21, Map3k3, Map3k4, Map3k5, Map3k6, Map3k7, Map3k8, Map3k9, Map4k1, Map4k2, Map4k3, Map4k4, Map4k5, Mapk1, Mapk10, Mapk11, Mapk12, Mapk13, Mapk14, Mapk15, Mapk3, Mapk4, Mapk6, Mapk7, Mapk8, Mapk8ip1, Mapk8ip2, Mapk8ip3, Mapk9, Mapkap1, Mapkapk2, Mapkapk3, Mapkapk5, Mapkbp1, Mapre2, Mapt, Marchf7, Marcks, Marco, Mark1, Mark2, Mark3, Mark4, Marveld3, Mas1, Mast1, Mast2, Mast3, Mast4, Mastl, Mat2a, Mavs, Maz, Mbd2, Mbd4, Mbd5, Mbip, Mbl2, Mbp, Mbtps1, Mbtps2, Mc1r, Mc2r, Mc3r, Mc4r, Mc5r, Mcc, Mcf2l, Mchr1, Mcl1, Mcoln1, Mctp1, Mctp2, Mcu, Mdc1, Mdfi, Mdfic, Mdfic2, Mdk, Mdm2, Mdm4, Meak7, Mecom, Mecp2, Med1, Med12, Mef2a, Mef2c, Mefv, Megf8, Meis3, Melk, Men1, Mertk, Mesd, Mesp1, Mesp2, Met, Metrnl, Mettl21c, Mettl3, Mff, Mfhas1, Mfn2, Mfng, Mfsd2b, Mfsd8, Mgat5, Mgll, Mgrn1, Mia, Mib1, Mib2, Micu3, Mid1, Mid2, Midn, Mif, Minar1, Mink1, Mios, Mip, Mir100, Mir101a, Mir101b, Mir106a, Mir106b, Mir122, Mir124-2hg, Mir124a-1hg, Mir125a, Mir125b-1, Mir125b-2, Mir126a, Mir127, Mir128-1, Mir128-2, Mir129, Mir129-1, Mir129-2, Mir130a, Mir132, Mir134, Mir135a-1, Mir135a-2, Mir135b, Mir137, Mir138-1, Mir138-2, Mir143, Mir145a, Mir145b, Mir147, Mir148b, Mir149, Mir150, Mir151, Mir153, Mir154, Mir15a, Mir16-1, Mir17, Mir181a-1, Mir181a-2, Mir181b-1, Mir181b-2, Mir181c, Mir181d, Mir182, Mir185, Mir187, Mir191, Mir195a, Mir196a-1, Mir196a-2, Mir1983, Mir19a, Mir19b-1, Mir19b-2, Mir1a-1, Mir1a-2, Mir200a, Mir200b, Mir204, Mir205, Mir20a, Mir210, Mir211, Mir218, Mir218-1, Mir218-2, Mir22, Mir221, Mir222, Mir224, Mir23a, Mir23b, Mir24-1, Mir24-2, Mir25, Mir26a-1, Mir26a-2, Mir26b, Mir27a, Mir27b, Mir28a, Mir290a, Mir29a, Mir29b-1, Mir29b-2, Mir300, Mir301, Mir301b, Mir30a, Mir30b, Mir30c-1, Mir30c-2, Mir30d, Mir30e, Mir32, Mir320, Mir324, Mir328, Mir329, Mir330, Mir337, Mir338, Mir342, Mir345, Mir369, Mir374b, Mir378a, Mir379, Mir381, Mir382, Mir383, Mir384, Mir410, Mir411, Mir421, Mir423, Mir425, Mir433, Mir434, Mir467a-1, Mir467a-10, Mir467a-2, Mir467a-3, Mir467a-4, Mir467a-5, Mir467a-6, Mir467a-7, Mir467a-8, Mir467a-9, Mir467b, Mir484, Mir486, Mir487b, Mir494, Mir500, Mir501, Mir504, Mir539, Mir540, Mir541, Mir551b, Mir652, Mir667, Mir672, Mir673, Mir674, Mir675, Mir7-1, Mir7-2, Mir744, Mir760, Mir770, Mir7b, Mir872, Mir875, Mir9-1, Mir9-2, Mir9-3, Mir92-1, Mir92-2, Mir92b, Mir93, Mir98, Mir99a, Mirlet7a-1, Mirlet7b, Mirlet7c-1, Mirlet7c-2, Mirlet7d, Mirlet7e, Mirlet7f-1, Mirlet7f-2, Mirlet7i, Mitf, Mkks, Mknk1, Mknk2, Mkrn2, Mks1, Mlf1, Mlh1, Mlkl, Mllt11, Mllt3, Mlst8, Mlxipl, Mmd2, Mme, Mmp12, Mmp14, Mmp2, Mmp3, Mmp8, Mmp9, Mmrn1, Mmrn2, Mn1, Mndal, Mnt, Moap1, Mob1a, Mob1b, Mob2, Mob3a, Mob3b, Mob3c, Mob4, Mog, Mok, Morn3, Mos, Mosmo, Mpc2, Mpig6b, Mpl, Mpp2, Mpv17l, Mrap, Mrap2, Mras, Mre11a, Mrgpra1, Mrgpra2a, Mrgpra2b, Mrgpra3, Mrgpra4, Mrgpra5, Mrgpra6, Mrgpra7, Mrgpra8, Mrgpra9, Mrgprb1, Mrgprb2, Mrgprb3, Mrgprb4, Mrgprb5, Mrgprb8, Mrgprd, Mrgpre, Mrgprf, Mrgprg, Mrgprh, Mrgprx1, Mrgprx2, Mrnip, Mroh2b, Mrtfa, Ms4a1, Ms4a10, Ms4a12, Ms4a13, Ms4a14, Ms4a15, Ms4a18, Ms4a19, Ms4a2, Ms4a5, Ms4a6b, Ms4a6c, Ms4a6d, Ms4a7, Ms4a8a, Msh2, Msh6, Msmp, Mst1, Mst1r, Mstn, Msx1, Msx2, Mt1, Mt2, Mt3, Mtbp, Mtch2, Mtcl2, Mtcp1, Mtdh, Mtm1, Mtmr2, Mtmr4, Mtnr1a, Mtnr1b, Mtor, Mturn, Muc1, Muc19, Muc20, Mul1, Mup1, Mup11, Mup2, Mup20, Mup3, Mup4, Mup5, Mus81, Musk, Mvb12a, Mvb12b, Mvp, Myadm, Myb, Mybbp1a, Myc, Mycbpap, Myd88, Mydgf, Myh14, Myh7b, Myh9, Mylk2, Mylk3, Mylk4, Myo16, Myo18a, Myo1c, Myo1e, Myo1g, Myo5a, Myo5b, Myo6, Myo9a, Myo9b, Myoc, Myocd, Myof, Myom1, Myorg, Myoz1, Myoz2, Myrip, Myt1, Myzap, Mzb1, n-TIaat17, n-TRtct5, Nabp1, Nabp2, Nacc2, Nadk, Nae1, Nagk, Naglu, Naip1, Naip2, Naip5, Naip6, Naip7, Nalcn, Nampt, Nanog, Nanos3, Napa, Napb, Nat8l, Nbl1, Nbn, Nbr1, Ncald, Ncam1, Ncan, Ncdn, Nck1, Nck2, Nckap1, Nckap1l, Ncl, Ncln, Ncoa1, Ncoa2, Ncoa3, Ncoa5, Ncoa6, Ncor1, Ncor2, Ncr1, Ncr3-ps, Ncs1, Ncstn, Ndc80, Ndel1, Ndn, Ndnf, Ndp, Ndrg1, Ndrg2, Ndrg3, Ndrg4, Ndst1, Ndufa13, Ndufaf2, Ndufc2, Ndufs3, Ndufs6, Necab2, Nectin2, Nedd4, Nedd9, Nefh, Nefl, Negr1, Nek1, Nek10, Nek11, Nek7, Nek8, Nelfe, Nell2, Nenf, Neo1, Nepn, Nepro, Net1, Neto1, Neu3, Neurl1a, Neurl1b, Neurl2, Neurod1, Neurod2, Neurod4, Nf1, Nf2, Nfam1, Nfasc, Nfat5, Nfatc1, Nfatc2, Nfatc3, Nfatc4, Nfe2, Nfe2l2, Nfia, Nfix, Nfkb1, Nfkb2, Nfkbia, Nfkbib, Nfkbid, Nfkbil1, Nfkbiz, Ngdn, Ngef, Ngf, Ngfr, Ngly1, Nherf1, Nherf2, Nherf4, Niban2, Nid1, Nim1k, Ninj1, Nisch, Nkap, Nkd1, Nkd2, Nkg7, Nkiras1, Nkiras2, Nkx2-1, Nkx2-2, Nkx2-5, Nkx3-1, Nkx6-1, Nle1, Nlgn1, Nlgn2, Nlgn3, Nlgn4l, Nlk, Nlrc3, Nlrc5, Nlrp12, Nlrp1a, Nlrp1b, Nlrp3, Nlrp6, Nlrx1, Nmb, Nmbr, Nme2, Nme5, Nmi, Nmnat1, Nms, Nmu, Nmur1, Nmur2, Nnat, Noc2l, Nod1, Nod2, Nodal, Nog, Nol3, Nono, Nop2, Nop53, Nos1, Nos2, Nos3, Nostrin, Notch1, Notch2, Notch3, Notch4, Notum, Nox1, Nox4, Npas4, Npb, Npbwr1, Npc1, Npff, Npffr1, Npffr2, Nphp3, Nphp4, Nphs1, Nploc4, Npm1, Npnt, Nppa, Nppb, Nppc, Npr1, Npr2, Npr3, Nprl2, Nprl3, Nps, Npsr1, Nptn, Npvf, Npw, Npy, Npy1r, Npy2r, Npy4r, Npy5r, Npy6r, Nqo2, Nr0b1, Nr0b2, Nr1d1, Nr1d2, Nr1h2, Nr1h3, Nr1h4, Nr1h5, Nr1i2, Nr1i3, Nr2c1, Nr2c2, Nr2e1, Nr2f2, Nr3c1, Nr3c2, Nr4a1, Nr4a2, Nr4a3, Nr5a1, Nr5a2, Nradd, Nrarp, Nras, Nrbp1, Nrbp2, Nrcam, Nrep, Nrg1, Nrg2, Nrg3, Nrg4, Nrgn, Nrip2, Nrk, Nrn1, Nron, Nrp1, Nrp2, Nrros, Nrtn, Nrxn1, Nrxn2, Nrxn3, Nsdhl, Nsg1, Nsmaf, Nsmf, Nsun2, Ntf3, Ntf5, Ntn1, Ntn4, Ntng1, Ntng2, Ntrk1, Ntrk2, Ntrk3, Nts, Ntsr1, Ntsr2, Nuak2, Nucb1, Nucb2, Nucks1, Nuf2, Numa1, Numbl, Nup155, Nup62, Nup85, Nup93, Nupr1, Nus1, Nxn, Nxph1, Nxph4, Nyap1, Nyap2, Oas1a, Oas1b, Oas1c, Oas1d, Oas1e, Oas1f, Oas1g, Oas1h, Oas2, Oas3, Oasl1, Oasl2, Obox4, Obp2a, Obscn, Ocrl, Ofd1, Oga, Ogn, Ogt, Olfm1, Olfm2, Olfm3, Olfm4, Olfm5, Olfml2a, Olfml2b, Olfml3, Olfr100, Olfr1060-ps1, Olfr197, Olfr255, Olfr256, Olfr363-ps, Olfr908, Oma1, Omp, Onecut1, Onecut2, Opa1, Ophn1, Opn1mw, Opn1sw, Opn3, Opn4, Opn5, Oprd1, Oprk1, Oprl1, Oprm1, Optn, Or10a2, Or10a3, Or10a3b, Or10a3m, Or10a3n, Or10a4, Or10a48, Or10a49, Or10a5, Or10aa1, Or10aa3, Or10ab4, Or10ab5, Or10ad1, Or10ad1b, Or10ad1c, Or10ag2, Or10ag52, Or10ag53, Or10ag56, Or10ag57, Or10ag58, Or10ag59, Or10ag60, Or10ak11, Or10ak13, Or10ak14, Or10ak16, Or10ak7, Or10ak8, Or10ak9, Or10al2, Or10al3, Or10al4, Or10al5, Or10al6, Or10al7, Or10am5, Or10b1, Or10c1, Or10d1, Or10d1b, Or10d1c, Or10d3, Or10d4, Or10d4b, Or10d4c, Or10d5, Or10d5j, Or10g1, Or10g1b, Or10g3, Or10g3b, Or10g6, Or10g7, Or10g9, Or10g9b, Or10h1, Or10h1b, Or10h28, Or10j27, Or10j3, Or10j3b, Or10j5, Or10j7, Or10k2, Or10n1, Or10p1, Or10p21, Or10p22, Or10q1, Or10q12, Or10q1b, Or10q3, Or10s1, Or10u3, Or10u4, Or10v1, Or10v5, Or10v9, Or10w1, Or10x1, Or10x4, Or10z1, Or11a4, Or11g1, Or11g2, Or11g24, Or11g25, Or11g26, Or11g27, Or11g7, Or11h23, Or11h4, Or11h4b, Or11h6, Or11h7, Or11i1, Or11j4, Or11l3, Or11m3, Or11n2, Or11q2, Or12d12, Or12d13, Or12d17, Or12d2, Or12e1, Or12e10, Or12e13, Or12e7, Or12e8, Or12e9, Or12j2, Or12j3, Or12j4, Or12j5, Or12k5, Or12k7, Or12k8, Or13a1, Or13a17, Or13a18, Or13a19, Or13a20, Or13a21, Or13a22, Or13a24, Or13a25, Or13a26, Or13a27, Or13a28, Or13ae2, Or13c25, Or13c3, Or13c7, Or13c7b, Or13c7c, Or13c7d, Or13d1, Or13e8, Or13f5, Or13g1, Or13j1, Or13l2, Or13n4, Or13p10, Or13p3, Or13p4, Or13p5, Or13p8, Or14a256, Or14a257, Or14a258, Or14a259, Or14a260, Or14c39, Or14c40, Or14c41, Or14c43, Or14c44, Or14c45, Or14c46, Or14j1, Or14j10, Or14j2, Or14j3, Or14j4, Or14j5, Or14j6, Or14j7, Or14j8, Or14j9, Or1a1, Or1a1b, Or1aa2, Or1ab2, Or1ad1, Or1ad6, Or1ad8, Or1af1, Or1ak2, Or1b1, Or1d2, Or1e1, Or1e16, Or1e17, Or1e19, Or1e1c, Or1e1f, Or1e21, Or1e22, Or1e23, Or1e25, Or1e26, Or1e29, Or1e30, Or1e31, Or1e32, Or1e33, Or1e34, Or1e35, Or1f12, Or1f19, Or1i2, Or1j1, Or1j10, Or1j11, Or1j12, Or1j13, Or1j14, Or1j15, Or1j16, Or1j17, Or1j18, Or1j19, Or1j20, Or1j21, Or1j4, Or1j8, Or1l4, Or1l4b, Or1l8, Or1m1, Or1n1, Or1n1b, Or1n2, Or1o1, Or1o11, Or1o2, Or1o3, Or1o4, Or1p1, Or1p1c, Or1q1, Or1r1, Or1s2, Or1x2, Or1x6, Or2a12, Or2a20, Or2a25, Or2a5, Or2a51, Or2a52, Or2a54, Or2a56, Or2a57, Or2a7, Or2aa1, Or2ab1, Or2ad1, Or2ag1, Or2ag12, Or2ag13, Or2ag15, Or2ag16, Or2ag17, Or2ag18, Or2ag19, Or2ag1b, Or2ag2, Or2ag20, Or2ag2b, Or2ah1, Or2aj4, Or2aj5, Or2aj6, Or2ak4, Or2ak5, Or2ak6, Or2ak7, Or2at1, Or2at4, Or2av9, Or2b11, Or2b2, Or2b28, Or2b2b, Or2b4, Or2b6, Or2b7, Or2bd2, Or2c1, Or2d2, Or2d3, Or2d36, Or2d4, Or2f1, Or2f1b, Or2f2, Or2g1, Or2g25, Or2g7, Or2h1, Or2h15, Or2h1b, Or2h2, Or2h2c, Or2i1, Or2j3, Or2j6, Or2k2, Or2l13, Or2l13b, Or2l5, Or2m12, Or2m13, Or2n1, Or2n1b, Or2n1c, Or2n1d, Or2n1e, Or2o1, Or2p2, Or2q1, Or2r11, Or2r2, Or2r3, Or2t1, Or2t26, Or2t29, Or2t43, Or2t44, Or2t45, Or2t46, Or2t47, Or2t48, Or2t49, Or2t6, Or2v1, Or2v2, Or2w2, Or2w25, Or2w3, Or2w3b, Or2w4, Or2w6, Or2y1, Or2y10, Or2y11, Or2y12, Or2y13, Or2y14, Or2y15, Or2y16, Or2y17, Or2y1b, Or2y1c, Or2y1d, Or2y1e, Or2y1f, Or2y1g, Or2y3, Or2y6, Or2y8, Or2z2, Or2z8, Or2z9, Or3a1, Or3a10, Or3a1b, Or3a1c, Or3a1d, Or3a4, Or4a15, Or4a2, Or4a27, Or4a39, Or4a47, Or4a66, Or4a67, Or4a68, Or4a69, Or4a70, Or4a71, Or4a72, Or4a73, Or4a74, Or4a75, Or4a76, Or4a77, Or4a78, Or4a79, Or4a81, Or4b1, Or4b12, Or4b13, Or4b1b, Or4b1c, Or4b1d, Or4c1, Or4c10, Or4c100, Or4c101, Or4c102, Or4c103, Or4c104, Or4c105, Or4c106, Or4c107, Or4c108, Or4c109, Or4c10b, Or4c11, Or4c110, Or4c111, Or4c112, Or4c113, Or4c114, Or4c115, Or4c116, Or4c117, Or4c118, Or4c11b, Or4c11c, Or4c12, Or4c120, Or4c121, Or4c122, Or4c123, Or4c124, Or4c125, Or4c126, Or4c127, Or4c12b, Or4c15, Or4c15b, Or4c29, Or4c3, Or4c31, Or4c35, Or4c3d, Or4c52, Or4c58, Or4d1, Or4d10, Or4d10b, Or4d10c, Or4d11, Or4d2, Or4d2b, Or4d5, Or4d6, Or4e1, Or4e2, Or4e5, Or4f14, Or4f14b, Or4f14d, Or4f15, Or4f17, Or4f47, Or4f4b, Or4f52, Or4f53, Or4f54, Or4f56, Or4f57, Or4f58, Or4f59, Or4f6, Or4f60, Or4f61, Or4f62, Or4f7, Or4g16, Or4g17, Or4g7, Or4k1, Or4k15, Or4k15b, Or4k15c, Or4k2, Or4k35, Or4k36, Or4k37, Or4k38, Or4k39, Or4k40, Or4k41, Or4k42, Or4k44, Or4k45, Or4k47, Or4k48, Or4k49, Or4k5, Or4k51, Or4k52, Or4k6, Or4k77, Or4l1, Or4l15, Or4m1, Or4n4, Or4n4b, Or4n5, Or4p18, Or4p19, Or4p20, Or4p22, Or4p23, Or4p7, Or4p8, Or4q3, Or4s2b, Or4x11, Or4x13, Or4x15, Or4x6, Or4z4, Or51a10, Or51a24, Or51a25, Or51a39, Or51a42, Or51a43, Or51a5, Or51a6, Or51a7, Or51a8, Or51aa2, Or51aa5, Or51ab3, Or51ac3, Or51af1, Or51ag1, Or51ah3, Or51ai2, Or51b17, Or51b4, Or51b6, Or51b6b, Or51d1, Or51e1, Or51e2, Or51f1, Or51f1d, Or51f1e, Or51f2, Or51f23, Or51f23b, Or51f5, Or51g1, Or51g2, Or51h1, Or51h5, Or51i1, Or51i2, Or51k1, Or51k2, Or51l14, Or51l4, Or51m1, Or51q1, Or51q1c, Or51r1, Or51s1, Or51t4, Or51v14, Or51v8, Or52a20, Or52a24, Or52a33, Or52a5, Or52a5b, Or52ab2, Or52ab4, Or52ab7, Or52ac1, Or52ad1, Or52ae7, Or52ae9, Or52b1, Or52b2, Or52b3, Or52b4, Or52d1, Or52d13, Or52d3, Or52e15, Or52e18, Or52e19b, Or52e2, Or52e3, Or52e4, Or52e5, Or52e7, Or52e8, Or52e8b, Or52h1, Or52h2, Or52h7, Or52h9, Or52i2, Or52j3, Or52k2, Or52l1, Or52m1, Or52m2, Or52n1, Or52n2, Or52n20, Or52n2b, Or52n2c, Or52n3, Or52n4, Or52n4b, Or52n5, Or52p1, Or52p2, Or52r1, Or52r1b, Or52r1c, Or52s1, Or52s19, Or52s1b, Or52s6, Or52u1, Or52w1, Or52x1, Or52z1, Or52z12, Or52z13, Or52z14, Or55b10, Or55b3, Or55b4, Or56a3, Or56a3b, Or56a4, Or56a5, Or56b1, Or56b1b, Or56b2, Or56b2j, Or56b34, Or56b35, Or56b6, Or5a1, Or5a3, Or5ac15, Or5ac16, Or5ac17, Or5ac19, Or5ac20, Or5ac21, Or5ac22, Or5ac23, Or5ac24, Or5ac25, Or5ae1, Or5ae2, Or5af1, Or5af2, Or5ak20, Or5ak22, Or5ak23, Or5ak24, Or5ak25, Or5ak4, Or5al1, Or5al5, Or5al6, Or5al7, Or5an1, Or5an10, Or5an11, Or5an1b, Or5an1c, Or5an6, Or5an9, Or5ap2, Or5aq1, Or5aq1b, Or5aq6, Or5aq7, Or5ar1, Or5as1, Or5au1, Or5b101, Or5b102, Or5b104, Or5b105, Or5b106, Or5b107, Or5b108, Or5b109, Or5b111, Or5b112, Or5b113, Or5b116, Or5b117, Or5b118, Or5b119, Or5b12, Or5b120, Or5b121, Or5b122, Or5b123, Or5b124, Or5b12b, Or5b21, Or5b24, Or5b3, Or5b94, Or5b95, Or5b96, Or5b97, Or5b98, Or5b99, Or5bb10, Or5be3, Or5bh3, Or5bw2, Or5c1, Or5d14, Or5d16, Or5d18, Or5d20, Or5d3, Or5d35, Or5d36, Or5d37, Or5d38, Or5d39, Or5d40, Or5d41, Or5d43, Or5d44, Or5d45, Or5d46, Or5d47, Or5e1, Or5g23, Or5g25, Or5g26, Or5g27, Or5g29, Or5g9, Or5h17, Or5h18, Or5h19, Or5h22, Or5h23, Or5h24-ps1, Or5h25, Or5h26, Or5i1, Or5j1, Or5j3, Or5k1, Or5k14, Or5k15, Or5k16, Or5k17, Or5k1b, Or5k3, Or5l13, Or5l14, Or5m10, Or5m10b, Or5m11b, Or5m12, Or5m13, Or5m13b, Or5m3, Or5m3b, Or5m5, Or5m8, Or5m9, Or5m9b, Or5o1, Or5p1, Or5p4, Or5p5, Or5p50, Or5p51, Or5p52, Or5p53, Or5p54, Or5p55, Or5p56, Or5p57, Or5p58, Or5p59, Or5p5c-ps1, Or5p6, Or5p60, Or5p61, Or5p62, Or5p63, Or5p64, Or5p66, Or5p67, Or5p68, Or5p69, Or5p70, Or5p72, Or5p73, Or5p76, Or5p78, Or5p79, Or5p80, Or5p81, Or5t15, Or5t16, Or5t17, Or5t18, Or5t5, Or5t7, Or5t9, Or5v1, Or5v1b, Or5w1, Or5w10, Or5w11, Or5w12, Or5w13, Or5w14, Or5w15, Or5w16, Or5w17, Or5w18, Or5w19, Or5w1b, Or5w20, Or5w22, Or5w8, Or6a2, Or6aa1, Or6ae1, Or6b1, Or6b13, Or6b2, Or6b2b, Or6b3, Or6b6, Or6b9, Or6c1, Or6c1b, Or6c2, Or6c200-ps1, Or6c201, Or6c202, Or6c203, Or6c205, Or6c206, Or6c207, Or6c208, Or6c209, Or6c210, Or6c211, Or6c212, Or6c213, Or6c214, Or6c215, Or6c216, Or6c217, Or6c219, Or6c2b, Or6c3, Or6c33, Or6c35, Or6c38, Or6c3b, Or6c5, Or6c5c, Or6c6, Or6c63-ps1, Or6c65, Or6c66, Or6c66b, Or6c68, Or6c69, Or6c69b, Or6c69c, Or6c6b, Or6c6c, Or6c70, Or6c74, Or6c75, Or6c76, Or6c76b, Or6c8, Or6c88, Or6c8b, Or6d12, Or6d13, Or6d14, Or6d15, Or6e1, Or6f1, Or6f2, Or6k14, Or6k2, Or6k4, Or6k6, Or6k8, Or6n1, Or6n2, Or6p1, Or6s1, Or6x1, Or6y1, Or6z1, Or6z3, Or6z5, Or6z6, Or6z7, Or7a35, Or7a36, Or7a37, Or7a38, Or7a39, Or7a40, Or7a41, Or7a42, Or7c19, Or7c70, Or7d10, Or7d11, Or7d9, Or7e165, Or7e166, Or7e168, Or7e169, Or7e170, Or7e173, Or7e174, Or7e175, Or7e176, Or7e177, Or7e178, Or7g12, Or7g16, Or7g17, Or7g18, Or7g19, Or7g20, Or7g21, Or7g22, Or7g23, Or7g25, Or7g26, Or7g27, Or7g28, Or7g29, Or7g30, Or7g31, Or7g32, Or7g33, Or7g34, Or7g35, Or7h8, Or8a1, Or8a1b, Or8b1, Or8b101, Or8b12, Or8b12b, Or8b12c, Or8b12i, Or8b1b, Or8b1c, Or8b1d, Or8b3, Or8b35, Or8b36, Or8b37, Or8b38, Or8b39, Or8b3b, Or8b4, Or8b40, Or8b41, Or8b42, Or8b43, Or8b44, Or8b46, Or8b47, Or8b48, Or8b49, Or8b50, Or8b51, Or8b52, Or8b53, Or8b54, Or8b55, Or8b56, Or8b57, Or8b8, Or8b9, Or8c10, Or8c11, Or8c13, Or8c15, Or8c16, Or8c17, Or8c18, Or8c20, Or8c8, Or8c9, Or8d1, Or8d1b, Or8d2, Or8d23, Or8d2b, Or8d4, Or8d6, Or8g17, Or8g18, Or8g19, Or8g2, Or8g20, Or8g21, Or8g22, Or8g23, Or8g24, Or8g26, Or8g27, Or8g28, Or8g2b, Or8g30, Or8g32, Or8g33, Or8g34, Or8g35, Or8g36, Or8g37, Or8g4, Or8g50, Or8g51, Or8g52, Or8g53, Or8g54, Or8g55, Or8h10, Or8h6, Or8h7, Or8h8, Or8h9, Or8i2, Or8j3, Or8j3b, Or8j3c, Or8k1, Or8k16, Or8k17, Or8k18, Or8k20, Or8k22, Or8k23, Or8k24, Or8k25, Or8k27, Or8k28, Or8k3, Or8k30, Or8k32, Or8k33, Or8k35, Or8k37, Or8k38, Or8k39, Or8k3b, Or8k40, Or8k41, Or8k53, Or8s10, Or8s16, Or8s2, Or8s5, Or8s8, Or8u10, Or8u3, Or8u8, Or8u9, Or8w1, Or9a2, Or9a4, Or9a7, Or9e1, Or9g10, Or9g19, Or9g20, Or9g3, Or9g4, Or9g4b, Or9g8, Or9i1, Or9i14, Or9i16, Or9i1b, Or9i2, Or9k2, Or9k2b, Or9k7, Or9m1, Or9m1b, Or9m2, Or9q1, Or9q2, Or9r3, Or9r7, Or9s13, Or9s14, Or9s15, Or9s18, Or9s23, Or9s27, Orai1, Orc1, Os9, Osbp, Osbpl2, Osbpl8, Oscar, Osgin1, Osm, Osmr, Ostf1, Ostn, Otoa, Otof, Otop1, Otub1, Otud3, Otud4, Otud5, Otud7b, Otulin, Ovol2, Oxct1, Oxgr1, Oxsr1, Oxt, Oxtr, P2rx1, P2rx2, P2rx3, P2rx4, P2rx5, P2rx6, P2rx7, P2ry1, P2ry10, P2ry10b, P2ry12, P2ry13, P2ry14, P2ry2, P2ry4, P2ry6, P3r3urf, P4hb, Pabir1, Pabpn1, Pacsin1, Pacsin2, Padi2, Paf1, Pafah1b1, Pag1, Pagr1a, Paip2, Pak1, Pak1ip1, Pak2, Pak3, Pak4, Pak5, Pak6, Pakap, Palm, Palm3, Pals1, Pam16, Panx1, Panx2, Panx3, Pappa, Pappa2, Paqr3, Park7, Parl, Parp1, Parp14, Parp16, Parp2, Parp6, Parp8, Parp9, Pask, Pate4, Pate6, Pawr, Pax6, Pax8, Paxip1, Pbk, Pbld1, Pbld2, Pbp2, Pbxip1, Pcbp2, Pcdh17, Pcdh8, Pcgf2, Pcid2, Pck2, Pclo, Pcnt, Pcp2, Pcp4, Pcsk1n, Pcsk5, Pcsk9, Pdap1, Pdc, Pdcd10, Pdcd1lg2, Pdcd4, Pdcd5, Pdcd5-ps, Pdcd6, Pdcd7, Pdcl, Pde10a, Pde11a, Pde1a, Pde1b, Pde1c, Pde2a, Pde3a, Pde3b, Pde4a, Pde4b, Pde4c, Pde4d, Pde5a, Pde6a, Pde6b, Pde6c, Pde6d, Pde6g, Pde6h, Pde7a, Pde7b, Pde8a, Pde8b, Pde9a, Pdgfa, Pdgfb, Pdgfc, Pdgfd, Pdgfra, Pdgfrb, Pdia3, Pdia6, Pdk1, Pdk2, Pdk3, Pdk4, Pdlim4, Pdp1, Pdp2, Pdpk1, Pdpn, Pdx1, Pdyn, Pdzd11, Pea15a, Pea15b-ps, Pear1, Pebp1, Pecam1, Peg10, Peg12, Peli1, Peli2, Peli3, Pelo, Penk, Per1, Per2, Perp, Pex11a, Pex11b, Pex5l, Pf4, Pfdn5, Pfkfb2, Pfkl, Pfkm, Pfn1, Pfn2, Pgam2, Pgf, Pglyrp1, Pgr, Pgr15l, Phactr4, Phb1, Phb2, Phf14, Phf24, Phip, Phkg1, Phkg2, Phlda2, Phlda3, Phlpp1, Phlpp2, Phpt1, Pi4ka, Pi4kb, Pianp, Pias1, Pias2, Pias3, Pias4, Pibf1, Picalm, Pick1, Pid1, Pidd1, Pigbos1, Pigr, Pigu, Pih1d1, Pik3ap1, Pik3c2a, Pik3c2b, Pik3c2g, Pik3c3, Pik3ca, Pik3cb, Pik3cd, Pik3cg, Pik3ip1, Pik3r1, Pik3r2, Pik3r3, Pik3r4, Pik3r5, Pik3r6, Pikfyve, Pilra, Pim1, Pim2, Pim3, Pin1, Pin1rt1, Pink1, Pip4k2a, Pip4k2b, Pip4k2c, Pip4p1, Pira12, Pira13, Pira2, Pirb, Pitpnc1, Pitx2, Piwil4, Pja2, Pkd1, Pkd2, Pkd2l1, Pkhd1, Pkia, Pkn1, Pkn2, Pkn3, Pkp2, Pla2g10, Pla2g2a, Pla2g3, Pla2g4a, Pla2g5, Pla2g6, Pla2r1, Plaat1, Plagl2, Plat, Plau, Plaur, Plcb1, Plcb2, Plcb3, Plcb4, Plcd1, Plcd3, Plcd4, Plce1, Plcg1, Plcg2, Plch1, Plch2, Plcl1, Plcl2, Plcxd2, Plcxd3, Plcz1, Pld1, Pld2, Plec, Plek, Plek2, Plekha1, Plekha4, Plekhf1, Plekhg5, Plg, Plin5, Plk1, Plk2, Plk3, Pln, Plp1, Plpp1, Plpp2, Plpp3, Plppr1, Plppr2, Plppr3, Plppr4, Plppr5, Plscr1, Plscr2, Plscr3, Plvap, Plxna1, Plxna2, Plxna3, Plxna4, Plxnb1, Plxnb2, Plxnb3, Plxnc1, Plxnd1, Pmaip1, Pmch, Pmepa1, Pml, Pmp22, Pnck, Pnkd, Pnoc, Pnp, Pnpla2, Pnpla8, Pofut1, Poglut1, Polb, Pomc, Por, Porcn, Postn, Potefam3a, Potefam3b, Pou1f1, Pou4f1, Pou4f2, Pp2d1, Ppara, Ppard, Pparg, Ppargc1b, Ppdpf, Ppef2, Ppfia2, Ppfia3, Ppia, Ppif, Ppm1a, Ppm1b, Ppm1d, Ppm1e, Ppm1f, Ppm1g, Ppm1h, Ppm1j, Ppm1k, Ppm1l, Ppm1m, Ppm1n, Ppp1ca, Ppp1r10, Ppp1r12a, Ppp1r12b, Ppp1r12c, Ppp1r13b, Ppp1r14c, Ppp1r15a, Ppp1r15b, Ppp1r16b, Ppp1r1a, Ppp1r1b, Ppp1r1c, Ppp1r2, Ppp1r9a, Ppp1r9b, Ppp2ca, Ppp2cb, Ppp2r1a, Ppp2r1b, Ppp2r3a, Ppp2r5a, Ppp2r5b, Ppp2r5c, Ppp2r5d, Ppp2r5e, Ppp3ca, Ppp3cb, Ppp3cc, Ppp3r1, Ppp3r2, Ppp5c, Ppp6c, Ppp6r1, Ppp6r2, Ppp6r3, Ppt1, Ppy, Prag1, Pram1, Pramel7, Prap1, Prcp, Prdm11, Prdm14, Prdm15, Prdm16, Prdx1, Prdx2, Prelid1, Prepl, Prex1, Prex2, Prf1, Prickle1, Prkaa1, Prkaa2, Prkab1, Prkab2, Prkaca, Prkacb, Prkag2, Prkar1a, Prkar1b, Prkar2a, Prkar2b, Prkca, Prkcb, Prkcd, Prkce, Prkcg, Prkch, Prkci, Prkcq, Prkcz, Prkd1, Prkd2, Prkd3, Prkdc, Prkg1, Prkg2, Prkn, Prkra, Prkx, Prl, Prl2a1, Prl2b1, Prl2c1, Prl2c2, Prl2c3, Prl2c5, Prl3a1, Prl3b1, Prl3c1, Prl3d1, Prl3d2, Prl3d3, Prl4a1, Prl5a1, Prl6a1, Prl7a1, Prl7a2, Prl7b1, Prl7c1, Prl7d1, Prl8a1, Prl8a2, Prl8a6, Prl8a8, Prl8a9, Prlh, Prlhr, Prlr, Prmt1, Prmt2, Prmt5, Prmt6, Prnp, Prodh, Prok1, Prok2, Prokr1, Prokr2, Pros1, Prox1, Prpf19, Prpf4b, Prr5, Prr5l, Prr7, Prrt1, Prrt2, Prrx1, Prrx2, Prss33, Prx, Prxl2c, Psap, Psapl1, Psca, Psd, Psd2, Psd3, Psd4, Psen1, Psen2, Psenen, Psg18, Psg22, Psg29, Psmc5, Psmd10, Psmd9, Psme3, Psmg2, Pspn, Ptafr, Ptbp1, Ptch1, Ptch2, Ptchd1, Pten, Ptf1a, Ptgdr, Ptgdr2, Ptger1, Ptger2, Ptger3, Ptger4, Ptges, Ptges3, Ptgfr, Ptgir, Ptgis, Ptgs1, Ptgs2, Ptgs2os, Pth, Pth1r, Pth2, Pth2r, Pthlh, Ptk2, Ptk2b, Ptk6, Ptk7, Ptn, Ptp4a3, Ptpdc1, Ptpmt1, Ptpn1, Ptpn11, Ptpn12, Ptpn13, Ptpn2, Ptpn22, Ptpn23, Ptpn5, Ptpn6, Ptpn7, Ptpn9, Ptpra, Ptprc, Ptprd, Ptpre, Ptprf, Ptprg, Ptprh, Ptprj, Ptprk, Ptprm, Ptprn, Ptprn2, Ptpro, Ptprr, Ptprs, Ptprt, Ptpru, Ptprv, Ptprz1, Pttg1, Pttg1ip, Pum1, Pum2, Pvalb, Pvrig, Pxk, Pxn, Pycard, Pycr1, Pygo1, Pygo2, Pyy, Qars1, Qrfp, Qrfpr, Qrfprl, Qrich1, Rab11a, Rab11b, Rab11fip1, Rab11fip2, Rab11fip3, Rab11fip5, Rab12, Rab13, Rab14, Rab15, Rab1a, Rab21, Rab23, Rab29, Rab30, Rab33a, Rab33b, Rab34, Rab35, Rab39, Rab39b, Rab3a, Rab3b, Rab3gap1, Rab3gap2, Rab40b, Rab40c, Rab44, Rab4a, Rab4b, Rab5a, Rab7, Rab7b, Rab8a, Rab8b, Rab9, Rab9b, Rabep1, Rabep2, Rabgef1, Rabif, Rabl3, Rac1, Rac2, Rac3, Racgap1, Rack1, Rad1, Rad17, Rad50, Rad51, Rad9a, Rad9b, Radil, Raf1, Rala, Ralb, Ralbp1, Ralgapa1, Ralgapa2, Ralgapb, Ralgds, Ralgps1, Ralgps2, Ramp1, Ramp2, Ramp3, Ranbp9, Rangap1, Rangrf, Rap1a, Rap1b, Rap1gap, Rap1gap2, Rap1gds1, Rap2a, Rap2b, Rap2c, Rapgef1, Rapgef2, Rapgef3, Rapgef4, Rapgef5, Rapgef6, Rapgefl1, Rapsn, Rara, Rarb, Rarg, Rarres2, Rasa1, Rasa2, Rasa3, Rasa4, Rasal1, Rasal3, Rasd1, Rasd2, Rasgef1a, Rasgef1b, Rasgef1c, Rasgrf1, Rasgrf2, Rasgrp1, Rasgrp2, Rasgrp3, Rasgrp4, Rasip1, Rasl10b, Rasl11b, Rassf1, Rassf10, Rassf2, Rassf3, Rassf4, Rassf5, Rassf6, Rassf7, Rassf8, Rassf9, Rb1, Rb1cc1, Rbbp4, Rbbp7, Rbbp8, Rbck1, Rbfox2, Rbm15, Rbm4, Rbm47, Rbms3, Rbp4, Rbpj, Rbpms, Rbpms2, Rbx1, Rbx1-ps, Rc3h1, Rc3h2, Rcan1, Rcan2, Rcan3, Rcc2, Rcn3, Rcvrn, Rdx, Reck, Reg1, Reg3g, Rel, Rela, Relb, Rell1, Rell2, Reln, Rem1, Ren1, Ren2, Rest, Ret, Retn, Retnla, Retnlb, Retnlg, Rffl, Rfng, Rftn1, Rfwd3, Rfx3, Rfx4, Rfx6, Rfxank, Rgl1, Rgl2, Rgl3, Rgma, Rgmb, Rgn, Rgr, Rgs1, Rgs10, Rgs11, Rgs12, Rgs13, Rgs14, Rgs16, Rgs17, Rgs18, Rgs19, Rgs2, Rgs20, Rgs21, Rgs22, Rgs3, Rgs4, Rgs5, Rgs6, Rgs7, Rgs7bp, Rgs8, Rgs9, Rgs9bp, Rhbdd3, Rhbdf1, Rhbdf2, Rheb, Rhebl1, Rhno1, Rho, Rhoa, Rhob, Rhobtb1, Rhobtb2, Rhoc, Rhod, Rhof, Rhog, Rhoh, Rhoj, Rhoq, Rhot1, Rhot2, Rhou, Rhov, Rhpn1, Rhpn2, Rian, Ric3, Ric8a, Ric8b, Rictor, Rigi, Rilpl1, Rimbp2, Rims1, Rims2, Rims3, Rims4, Rin1, Rin2, Rin3, Rint1, Riok3, Ripk1, Ripk2, Ripk3, Ripor1, Ripor2, Ripply1, Ripply2, Rit1, Rit2, Rita1, Rln1, Rln3, Rnaseh2b, Rnd1, Rnd2, Rnd3, Rnf10, Rnf111, Rnf113a1, Rnf113a2, Rnf115, Rnf125, Rnf126, Rnf13, Rnf135, Rnf138, Rnf14, Rnf144a, Rnf146, Rnf149, Rnf152, Rnf167, Rnf170, Rnf183, Rnf185, Rnf186, Rnf19a, Rnf213, Rnf216, Rnf220, Rnf31, Rnf34, Rnf41, Rnf43, Rnf6, Rnf7, Rnf8, Ro60, Robo1, Robo2, Rock1, Rock2, Ror1, Ror2, Rora, Rorb, Rorc, Ros1, Rp1, Rp1l1, Rpa2, Rpap2, Rpf2, Rpgrip1l, Rph3a, Rph3al, Rpl11, Rpl23, Rpl24, Rpl26, Rpl37, Rpl37rt, Rpl5, Rps12, Rps15, Rps19, Rps20, Rps23rg1, Rps27l, Rps3, Rps6, Rps6-ps4, Rps6ka1, Rps6ka2, Rps6ka3, Rps6ka4, Rps6ka5, Rps6ka6, Rps6kb1, Rps6kb2, Rps7, Rptor, Rraga, Rragb, Rragc, Rragd, Rras, Rras2, Rrbp1, Rrh, Rrm2b, Rrn3, Rrp8, Rrs1, Rsad2, Rspo1, Rspo2, Rspo3, Rspo4, Rsu1, Rtf1, Rtkn, Rtkn2, Rtn4, Rtn4r, Rtn4rl2, Rubcn, Rufy1, Rundc3a, Runx1, Runx2, Runx3, Ruvbl1, Ruvbl2, Rwdd1, Rwdd3, Rxfp1, Rxfp2, Rxfp3, Rxfp4, Rxra, Rxrb, Rxrg, Ryk, Ryr1, Ryr2, Ryr3, S100a13, S100a14, S100a4, S100a7l2, S100a8, S100a9, S100b, S1pr1, S1pr2, S1pr3, S1pr4, S1pr5, S2bpcox16, Saa3, Sac3d1, Safb, Safb2, Sag, Sall1, Sall3, Samd10, Samd12, Samd14, Samd15, Samd5, Samhd1, Samsn1, Samtor, Sap130, Sap30, Sap30l, Sar1a, Sar1b, Sarm1, Sash1, Sash3, Sav1, Sbk2, Scai, Scap, Scarb1, Scel, Scg2, Scg5, Scgb1a1, Scgb2a2, Scgb3a1, Scgn, Schip1, Scimp, Scn10a, Scn11a, Scn1a, Scn1b, Scn2a, Scn3a, Scn3b, Scn4a, Scn4b, Scn5a, Scn7a, Scn8a, Scn9a, Sco1, Scrib, Sct, Sctr, Scube1, Scube2, Scube3, Scx, Scyl2, Sdc1, Sdcbp, Sde2, Sdhaf2, Sec13, Sec14l1, Sectm1a, Sectm1b, Seh1l, Sel1l, Sele, Selenok, Selenom, Selenon, Selenos, Selenot, Selp, Sema3a, Sema3b, Sema3c, Sema3d, Sema3e, Sema3f, Sema3g, Sema4a, Sema4b, Sema4c, Sema4d, Sema4f, Sema4g, Sema5a, Sema5b, Sema6a, Sema6b, Sema6c, Sema6d, Sema7a, Senp1, Senp2, Septin2, Septin4, Septin5, Serinc3, Serp1, Serp2, Serpina12, Serpine1, Serpine2, Serpinf2, Sesn1, Sesn2, Sesn3, Setmar, Sez6, Sez6l, Sez6l2, Sfn, Sfpq, Sfrp1, Sfrp2, Sfrp4, Sfrp5, Sgcd, Sgk1, Sgk2, Sgk3, Sgpl1, Sgpp1, Sgsm3, Sh2b1, Sh2b2, Sh2b3, Sh2d1a, Sh2d1b1, Sh2d3c, Sh2d6, Sh3bp1, Sh3bp2, Sh3bp4, Sh3bp5, Sh3bp5l, Sh3gl1, Sh3glb1, Sh3rf1, Sh3rf2, Sh3rf3, Sh3tc2, Shank1, Shank2, Shank3, Sharpin, Shb, Shc1, Shc2, Shc3, Shc4, Shcbp1, Shh, Shisa2, Shisa3, Shisa5, Shisa6, Shisa7, Shisa8, Shisa9, Shkbp1, Shoc2, Shox2, Shq1, Shtn1, Siah1a, Siah1b, Siah2, Sidt2, Sigirr, Siglec1, Siglecg, Sigmar1, Sik1, Sik2, Sik3, Sike1, Sin3a, Sinhcaf, Sipa1, Sipa1l1, Sipa1l2, Sipa1l3, Sirpa, Sirpb1a, Sirt1, Sirt2, Sirt3, Sirt4, Sirt6, Sirt7, Sit1, Siva1, Six1, Six3, Ska1, Ska3, Skap1, Ski, Skic8, Skil, Skint1, Skint10, Skint11, Skint2, Skint3, Skint4, Skint5, Skint6, Skint7, Skint8, Skint9, Skor1, Skor2, Skp2, Sla, Sla2, Slamf1, Slc12a2, Slc12a3, Slc12a4, Slc12a5, Slc12a6, Slc12a7, Slc15a2, Slc15a3, Slc15a4, Slc16a1, Slc16a10, Slc16a2, Slc17a6, Slc17a7, Slc17a8, Slc18a1, Slc18a2, Slc18a3, Slc19a1, Slc1a1, Slc1a3, Slc1a7, Slc22a22, Slc24a1, Slc24a2, Slc24a4, Slc25a22, Slc25a31, Slc25a33, Slc25a4, Slc25a5, Slc26a6, Slc27a1, Slc27a4, Slc29a1, Slc2a10, Slc2a2, Slc2a4, Slc2a8, Slc30a1, Slc30a10, Slc30a8, Slc31a1, Slc35c1, Slc35c2, Slc35f6, Slc38a1, Slc38a2, Slc38a9, Slc39a10, Slc39a12, Slc39a14, Slc39a5, Slc39a6, Slc39a8, Slc39a9, Slc44a4, Slc46a2, Slc4a10, Slc4a8, Slc5a7, Slc6a1, Slc6a2, Slc6a4, Slc6a5, Slc6a6, Slc6a9, Slc7a1, Slc7a10, Slc7a11, Slc7a3, Slc8a1, Slc8a2, Slc8a3, Slc8b1, Slc9a1, Slc9a6, Slc9b2, Slit2, Slit3, Slitrk3, Slitrk5, Slk, Slmap, Slurp1, Slurp2, Smad1, Smad2, Smad3, Smad4, Smad5, Smad6, Smad7, Smad9, Smarca4, Smarcb1, Smarcc1, Smcr8, Smim30, Smo, Smoc2, Smok3a, Smpd1, Smpd2, Smpd3, Smpdl3a, Smpdl3b, Smurf1, Smurf2, Smyd2, Snai1, Snai2, Snap23, Snap25, Snap29, Snap47, Snap91, Snapin, Snca, Sncaip, Sncb, Sncg, Snhg20, Snip1, Snord32a, Snord33, Snord34, Snord35a, Snw1, Snx1, Snx13, Snx14, Snx17, Snx19, Snx25, Snx27, Snx3, Snx4, Snx5, Snx6, Socs1, Socs2, Socs3, Socs4, Socs5, Socs6, Socs7, Sod1, Sod2, Sorbs1, Sorbs2, Sorbs3, Sorcs2, Sorcs3, Sorl1, Sort1, Sos1, Sos2, Sost, Sostdc1, Sox10, Sox11, Sox13, Sox17, Sox2, Sox30, Sox4, Sox7, Sox8, Sox9, Sp100, Spaar, Spag9, Sparcl1, Spart, Spata13, Spata2, Spatc1l, Spc24, Spc25, Spdl1, Specc1l, Spef1, Spen, Spg11, Spg21, Sphk1, Sphk2, Spi1, Spin1, Spin4, Spink1, Spn, Spns2, Spop, Spp1, Sppl3, Spred1, Spred2, Spred3, Spring1, Spry1, Spry2, Spry3, Spry4, Spsb2, Spsb3, Spsb4, Sptbn1, Sptbn2, Sptbn4, Spx, Sqstm1, Srarp, Src, Srebf1, Srebf2, Srf, Srgap1, Srgap2, Srgap3, Srgn, Sri, Srms, Srpk1, Srpk2, Srpk3, Srpx, Srsf1, Srsf3, Ss18, Ssh1, Sst, Sstr1, Sstr2, Sstr3, Sstr4, Sstr5, Ssx2ip, St18, Stab1, Stac3, Stam2, Stambp, Stambpl1, Stap1, Star, Stard10, Stard13, Stard8, Stat1, Stat2, Stat3, Stat4, Stat5a, Stat5b, Stat6, Stau1, Stau2, Stc1, Stc2, Steap3, Stil, Stim1, Sting1, Stk10, Stk11, Stk17b, Stk19, Stk24, Stk25, Stk26, Stk3, Stk32a, Stk32b, Stk32c, Stk33, Stk36, Stk38, Stk38l, Stk39, Stk4, Stk40, Stmn1, Stmn3, Stmp1, Stoml2, Stoml3, Ston1, Ston2, Stox1, Stra6, Stradb, Strap, Strip1, Strn, Strn3, Strn4, Stub1, Stx11, Stx19, Stx1a, Stx1b, Stx2, Stx3, Stx4a, Stxbp1, Stxbp2, Stxbp3, Stxbp4, Stxbp5, Stxbp5l, Styx, Styx-ps, Styxl1, Styxl2, Sucnr1, Suds3, Sufu, Sulf1, Sulf2, Susd5, Suz12, Sv2a, Sv2b, Sv2c, Svep1, Syap1, Sybu, Syde1, Syde2, Syf2, Syk, Syn1, Syn2, Syn3, Syngap1, Syngr1, Syngr3, Synj1, Synj2bp, Synpo, Synpo2l, Synpr, Syp, Syt1, Syt10, Syt11, Syt12, Syt13, Syt2, Syt3, Syt4, Syt5, Syt6, Syt7, Syt8, Syt9, Sytl4, Syvn1, Szt2, T, Taar1, Taar2, Taar3, Taar4, Taar5, Taar6, Taar7a, Taar7b, Taar7d, Taar7e, Taar7f, Taar8a, Taar8b, Taar8c, Taar9, Tab1, Tab2, Tab3, Tac1, Tac2, Tac4, Tacr1, Tacr2, Tacr3, Taf6, Taf7, Tafa1, Tafa4, Tafa5, Tagap, Tamalin, Tank, Taok1, Taok2, Taok3, Tarbp2, Tardbp, Tarm1, Tas1r1, Tas1r2, Tas1r3, Tas2r102, Tas2r103, Tas2r104, Tas2r105, Tas2r106, Tas2r107, Tas2r108, Tas2r109, Tas2r110, Tas2r113, Tas2r114, Tas2r116, Tas2r117, Tas2r118, Tas2r119, Tas2r120, Tas2r121, Tas2r123, Tas2r124, Tas2r125, Tas2r126, Tas2r129, Tas2r130, Tas2r131, Tas2r134, Tas2r135, Tas2r136, Tas2r137, Tas2r138, Tas2r139, Tas2r140, Tas2r143, Tas2r144, Tasl, Tax1bp1, Tax1bp3, Tbc1d1, Tbc1d10c, Tbc1d24, Tbc1d32, Tbc1d7, Tbck, Tbk1, Tbl1x, Tbl1xr1, Tbl2, Tbx1, Tbx18, Tbx2, Tbx20, Tbx3, Tbx5, Tbx6, Tbxa2r, Tcf21, Tcf4, Tcf7, Tcf7l1, Tcf7l2, Tcim, Tcirg1, Tcl1, Tcl1b1, Tcl1b2, Tcl1b3, Tcl1b4, Tcl1b5, Tcp11, Tcp11l1, Tcp11l2, Tcp11x2, Tcrb, Tctn1, Tctn2, Tctn3, Tead1, Tead2, Tead3, Tead4, Tec, Tedc1, Tedc2, Tek, Tenm1, Tenm2, Tenm3, Tenm4, Tent2, Terf2ip, Tert, Tespa1, Tet1, Tex14, Tfap2a, Tfap2b, Tff1, Tff2, Tfpt, Tfr2, Tfrc, Tg, Tgfa, Tgfb1, Tgfb1i1, Tgfb2, Tgfb3, Tgfbr1, Tgfbr2, Tgfbr3, Tgfbr3l, Tgfbrap1, Tgif1, Tgif2, Tgm2, Th, Thap11, Thbs1, Thbs4, Them4, Themis, Themis2, Themis3, Thoc1, Thop1, Thpo, Thra, Thrb, Thy1, Tial1, Tiam1, Tiam2, Ticam1, Ticam2, Ticrr, Tie1, Tifa, Tifab, Timeless, Timm50, Timp1, Timp2, Timp4, Tiparp, Tipin, Tiprl, Tirap, Tjp2, Tkfc, Tle1, Tle2, Tle3, Tle4, Tle5, Tle6, Tle7, Tlk1, Tlk2, Tln1, Tlr1, Tlr11, Tlr12, Tlr13, Tlr2, Tlr3, Tlr4, Tlr5, Tlr6, Tlr7, Tlr8, Tlr9, Tm2d1, Tm2d3, Tm7sf3, Tm9sf5, Tmbim1, Tmbim4, Tmbim6, Tmc8, Tmco1, Tmed2, Tmem100, Tmem102, Tmem106a, Tmem108, Tmem109, Tmem116, Tmem117, Tmem126a, Tmem127, Tmem131l, Tmem132a, Tmem145, Tmem14a, Tmem161a, Tmem17, Tmem170b, Tmem198, Tmem198b, Tmem204, Tmem231, Tmem237, Tmem238l, Tmem25, Tmem33, Tmem38a, Tmem38b, Tmem53, Tmem64, Tmem67, Tmem88, Tmem88b, Tmem9, Tmem98, Tmf1, Tmigd3, Tmod2, Tmprss6, Tmsb4x, Tmtc4, Tnc, Tnf, Tnfaip1, Tnfaip3, Tnfaip6, Tnfaip8l1, Tnfaip8l3, Tnfrsf10b, Tnfrsf11a, Tnfrsf11b, Tnfrsf12a, Tnfrsf13c, Tnfrsf17, Tnfrsf18, Tnfrsf19, Tnfrsf1a, Tnfrsf1b, Tnfrsf21, Tnfrsf22, Tnfrsf23, Tnfrsf4, Tnfrsf8, Tnfsf10, Tnfsf11, Tnfsf12, Tnfsf13, Tnfsf13b, Tnfsf14, Tnfsf15, Tnfsf18, Tnfsf4, Tnfsf8, Tnfsf9, Tnik, Tnip1, Tnip2, Tnip3, Tnk1, Tnk2, Tnks, Tnks2, Tnn, Tnni3, Tnni3k, Tnr, Tnrc6c, Tns2, Tns3, Tnxb, Tob1, Tollip, Tom1, Tom1l1, Tom1l2, Topbp1, Topors, Tor1a, Tox3, Tpbg, Tpbgl, Tpbpa, Tpcn1, Tpcn2, Tpd52l1, Tpgs1, Tpr, Tpra1, Tprg1l, Tpt1, Trabd2b, Tradd, Traf1, Traf2, Traf3, Traf3ip1, Traf3ip2, Traf3ip3, Traf4, Traf5, Traf6, Traf7, Traip, Trap1, Trat1, Trav7-2, Trbv12-1, Trbv12-2, Trbv13-1, Trbv13-2, Trbv13-3, Trbv14, Trbv15, Trbv16, Trbv17, Trbv19, Trbv2, Trbv20, Trbv21, Trbv23, Trbv26, Trbv29, Trbv3, Trbv30, Trbv4, Trbv5, Trem2, Treml1, Treml4, Trerf1, Trex1, Trf, Trh, Trhr, Trhr2, Triap1, Trib1, Trib3, Tril, Trim11, Trim12a, Trim12c, Trim13, Trim15, Trim24, Trim25, Trim26, Trim3, Trim30a, Trim30b, Trim30c, Trim30d, Trim31, Trim32, Trim33, Trim38, Trim39, Trim41, Trim44, Trim5, Trim52, Trim55, Trim56, Trim59, Trim6, Trim60, Trim62, Trim65, Trim67, Trim68, Trim71, Trim72, Trim8, Trim9, Trio, Trip10, Trip13, Trip4, Trip6, Trp53, Trp53bp1, Trp53bp2, Trp63, Trp73, Trpa1, Trpc1, Trpm1, Trpm2, Trpm4, Trpm5, Trps1, Trpv1, Trpv3, Trpv4, Trpv6, Trrap, Tsc1, Tsc2, Tsc22d1, Tsg101, Tshb, Tshr, Tshz3, Tsku, Tslp, Tspan12, Tspan14, Tspan15, Tspan32, Tspan5, Tspan6, Tspan9, Tspear, Tspo, Tspoap1, Tspyl5, Tssk3, Ttbk1, Ttbk2, Ttc21b, Ttc23, Tti1, Ttk, Ttll12, Ttn, Ttr, Ttyh1, Tub, Tuba1a, Tubb2b, Tubb3, Tubd1, Tulp3, Tunar, Tut4, Twf2, Twist1, Twsg1, Txk, Txn1, Txndc12, Txndc15, Txndc17, Txnip, Tyk2, Tymp, Tyro3, Tyrobp, Uaca, Uba5, Ubac2, Ubash3a, Ubash3b, Ubb, Ubd, Ube2b, Ube2d1, Ube2i, Ube2k, Ube2n, Ube2o, Ube2q1, Ube2v1, Ube2w, Ube3a, Ube4b, Ubqln1, Ubqln2, Ubr1, Ubr2, Ubr5, Uchl1, Uchl5, Ucma, Ucn, Ucn2, Ucn3, Ucp2, Ufd1, Ufl1, Ufm1, Ufsp2, Ugcg, Uimc1, Ulk1, Ulk2, Ulk3, Ulk4, Umod, Unc13a, Unc13b, Unc13c, Unc5a, Unc5b, Unc5c, Unc5cl, Unc5d, Unc93b1, Uqcc2, Uri1, Usf1, Usf2, Uso1, Usp1, Usp10, Usp12, Usp14, Usp15, Usp17le, Usp18, Usp20, Usp25, Usp26, Usp27x, Usp28, Usp29, Usp32, Usp33, Usp34, Usp4, Usp44, Usp46, Usp47, Usp49, Usp50, Usp7, Usp8, Usp9x, Utrn, Uts2, Uts2b, Uts2r, V1ra8, Vamp1, Vamp2, Vamp7, Vamp8, Vangl2, Vapb, Vasn, Vav1, Vav2, Vav3, Vax2, Vcp, Vdac1, Vdac2, Vdac3, Vdr, Vegfa, Vegfb, Vegfc, Vegfd, Veph1, Vgf, Vgll4, Vhl, Vil1, Vip, Vipr1, Vipr2, Vldlr, Vmn1r40, Vmn1r41, Vmn1r42, Vmn1r43, Vmn1r44, Vmn1r45, Vmn1r46, Vmn1r47, Vmn1r48, Vmn1r49, Vmn1r50, Vmn1r51, Vmn1r52, Vmn1r53, Vmn1r54, Vmn2r1, Vmn2r116, Vmn2r26, Vmn2r81, Vnn1, Vps11, Vps13a, Vps18, Vps25, Vps35, Vps4a, Vps4b, Vps54, Vrk1, Vrk2, Vrk3, Vsir, Vsnl1, Vtcn1, Vwa2, Vwc2, Vwc2l, Vwf, Wac, Was, Wasf1, Wasf2, Washc4, Wbp1l, Wbp2, Wdfy1, Wdpcp, Wdr11, Wdr12, Wdr19, Wdr24, Wdr35, Wdr48, Wdr54, Wdr59, Wdr72, Wdr76, Wdr83, Wdr91, Wfikkn1, Wfikkn2, Wfs1, Wif1, Wls, Wnk1, Wnk2, Wnk3, Wnk4, Wnt1, Wnt10a, Wnt10b, Wnt11, Wnt16, Wnt2, Wnt2b, Wnt3, Wnt3a, Wnt4, Wnt5a, Wnt5b, Wnt6, Wnt7a, Wnt7b, Wnt8a, Wnt8b, Wnt9a, Wnt9b, Wsb1, Wsb2, Wtip, Wwc1, Wwc2, Wwox, Wwtr1, Xbp1, Xcl1, Xcr1, Xdh, Xiap, Xirp1, Xlr4a, Xlr4b, Xpa, Xpc, Xrcc3, Yap1, Ybx3, Yes1, Yjefn3, Yju2, Yod1, Ythdf1, Ythdf2, Ythdf3, Ywhab, Ywhae, Ywhag, Ywhah, Ywhaq, Ywhaz, Zap70, Zbed3, Zbed6, Zbp1, Zbtb33, Zbtb7a, Zbtb7b, Zc3h12a, Zc3h15, Zc3h3, Zc3hav1, Zcchc12, Zcchc3, Zdhhc1, Zdhhc12, Zdhhc16, Zdhhc17, Zdhhc18, Zdhhc2, Zdhhc21, Zdhhc25, Zdhhc3, Zdhhc5, Zdhhc7, Zdhhc9, Zeb1, Zeb2, Zfand2b, Zfand5, Zfand6, Zfas1, Zfp106, Zfp110, Zfp128, Zfp13, Zfp207, Zfp36, Zfp366, Zfp36l1, Zfp36l2, Zfp385a, Zfp385b, Zfp423, Zfp451, Zfp536, Zfp568, Zfp592, Zfp622, Zfp640, Zfp653, Zfp683, Zfp703, Zfp830, Zfp91, Zfp950, Zfy2, Zfyve19, Zfyve27, Zfyve28, Zfyve9, Zgpat, Zic1, Zic2, Zic3, Zmiz1, Zmpste24, Zmynd11, Zmynd8, Znrf1, Znrf3, Znrf4, Zp3, Zranb1, Zswim2, Zw10, Zwilch, Zwint, Zyx, Zzef1
GO:0006357	regulation of transcription by RNA polymerase II	2642	69	38.49	1.4e-06	5.843675675675675e-4	2010315B03Rik, 2610008E11Rik, 2610021A01Rik, 2810021J22Rik, 4930522L14Rik, 5730507C01Rik, A430033K04Rik, A630001G21Rik, Aamdc, Abcc9, Abhd14b, Ablim1, Ablim2, Ablim3, Abra, Abt1, Actb, Actl6a, Actl6b, Actn4, Actr2, Actr3, Acvr1, Acvr1b, Acvr2a, Acvr2b, Acvrl1, Adcyap1, Adnp, Adrb2, Aebp1, Aebp2, Agap2, Ago1, Ago2, Agrn, Ahi1, Ahr, Ahrr, AI854703, AI987944, Aire, Ajuba, Akap8l, Akirin1, Akirin2, Akna, Akt1, Akt2, Alx1, Alx3, Alx4, Ambra1, Amot, Amotl2, Ankrd1, Ankrd2, Ankrd23, Anxa2, Anxa4, Ap3b1, Ap3d1, Apbb1, Apbb2, Apbb3, Apex1, App, Ar, Arf4, Arhgef2, Arid1a, Arid1b, Arid2, Arid3a, Arid3b, Arid3c, Arid4a, Arid4b, Arid5a, Arid5b, Armcx3, Arnt, Arnt2, Arrb1, Arx, Ascl1, Ascl2, Ascl3, Ascl4, Ascl5, Ash1l, Ash2l, Asxl1, Asxl2, Asxl3, Atf1, Atf1-ps, Atf2, Atf3, Atf4, Atf5, Atf6, Atf6b, Atf7, Atf7ip, Atm, Atmin, Atn1, Atoh1, Atoh7, Atoh8, Atp2b4, Atrx, Atxn1, Atxn1l, Atxn7, Atxn7l3, AU041133, Aurkb, Auts2, AW146154, Aym1, B020011L13Rik, Bach1, Bach2, Barhl1, Barhl2, Barx1, Barx2, Batf, Batf2, Batf3, Baz1b, Bbs7, Bbx, BC024063, Bcas3, Bcl11a, Bcl11b, Bcl2l12, Bcl3, Bcl6, Bcl6b, Bcl7a, Bcl7b, Bcl7c, Bcl9, Bcl9l, Bclaf1, Bclaf3, Bcor, Bcorl1, Bend3, Bex2, Bhlha15, Bhlha9, Bhlhe22, Bhlhe23, Bhlhe40, Bhlhe41, Bicra, Bicral, Bin1, Bloc1s2, Bmal1, Bmal2, Bmi1, Bmp2, Bmp3, Bmp4, Bmp5, Bmp6, Bmp7, Bmpr1a, Bmpr1b, Bmpr2, Bmyc, Bnc1, Bptf, Brca1, Brd1, Brd2, Brd3, Brd4, Brd7, Brd8, Brd9, Brip1, Brms1, Brms1l, Brpf1, Brpf3, Brwd1, Brwd3, Bsx, Btbd18, Btg2, Bud31, C1qbp, Calcoco1, Calr, Camk1, Camta1, Camta2, Cand1, Caprin2, Carf, Carm1, Cask, Casz1, Cav1, Cavin2, Cavin4, Cbfa2t2, Cbfa2t3, Cbfb, Cbx2, Cbx4, Cbx5, Cbx6, Cbx7, Cbx8, Cc2d1a, Cc2d1b, Ccdc62, Ccl3, Ccn1, Ccnc, Ccnd1, Ccnd3, Ccne1, Ccnh, Ccnk, Ccnl1, Ccnl2, Ccnq, Ccnt1, Ccnt2, Ccpg1, Cd28, Cd36, Cd40, Cd81, Cdc14a, Cdc14b, Cdc5l, Cdc5lrt1, Cdc5lrt10, Cdc5lrt4, Cdc5lrt5, Cdc5lrt6, Cdc5lrt7, Cdc5lrt8, Cdc5lrt9, Cdc73, Cdh13, Cdk1, Cdk12, Cdk13, Cdk2, Cdk2ap1, Cdk2ap1rt, Cdk5rap3, Cdk6, Cdk7, Cdk8, Cdk9, Cdkn1c, Cdkn2a, Cdkn3, Cdon, Cdx1, Cdx2, Cdx4, Cebpa, Cebpb, Cebpd, Cebpe, Cebpg, Cebpz, Cela1, Cenpk, Ces1d, Cggbp1, Chchd2, Chchd2-ps, Chd3, Chd4, Chd5, Chd6, Chd7, Chd8, Chp2, Chuk, Churc1, Ciao1, Cic, Ciita, Cir1, Cited1, Cited2, Ckap2, Cks2, Clock, Cnbp, Cnot1, Cnot2, Cnot7, Cops2, Cops5, Coq7, Cpeb3, Cphx1, Cpped1, Creb1, Creb3, Creb3l1, Creb3l2, Creb3l3, Creb3l4, Creb5, Crebbp, Crebrf, Crebzf, Crem, Cripto, Crlf3, Crtc1, Crtc2, Crtc3, Crx, Crxos, Cry1, Cry2, Crym, Csf3, Csrnp1, Csrnp2, Csrnp3, Csrp3, Ctbp1, Ctbp2, Ctcf, Ctcfl, Ctdnep1, Ctdp1, Ctdsp1, Ctdsp2, Ctdspl, Ctdspl2, Ctnnb1, Ctnnbip1, Ctr9, Cul3, Cux1, Cux2, Cx3cl1, Cxcr3, Cxxc5, Cys1, Cytl1, D1Pas1, Dab2, Dab2ip, Dach1, Dach2, Dact1, Daxx, Dbp, Dbx1, Dbx2, Dcaf1, Dcaf6, Dcn, Ddit3, Ddn, Ddrgk1, Ddx17, Ddx20, Ddx21, Ddx3x, Ddx41, Ddx5, Deaf1, Dek, Dgkq, Dhx36, Dhx9, Dicer1, Dido1, Dkk1, Dlg1, Dll1, Dll4, Dlx1, Dlx2, Dlx3, Dlx4, Dlx5, Dlx6, Dlx6os1, Dmap1, Dmbx1, Dmrt1, Dmrt2, Dmrt3, Dmrta1, Dmrta2, Dmrtb1, Dmtf1, Dmtf1l, Dnaja3, Dnajb1, Dnajb4, Dnajb5, Dnajc17, Dnmt1, Dnmt3a, Dnmt3b, Dot1l, Dpf1, Dpf2, Dpf3, Dr1, Drap1, Drd2, Drd3, Drgx, Dubr, Dusp1, Dusp10, Dusp12, Dusp13a, Dusp13b, Dusp14, Dusp15, Dusp18, Dusp19, Dusp2, Dusp21, Dusp22, Dusp23, Dusp26, Dusp28, Dusp29, Dusp3, Dusp4, Dusp6, Dusp7, Dusp8, Duxbl1, Duxf3, Duxf4, Dvl1, Dvl2, Dvl3, Dyrk1a, E230001N04Rik, E2f1, E2f2, E2f3, E2f4, E2f5, E2f6, E2f7, E2f8, E4f1, Eaf1, Eaf2, Eapp, Ebf1, Ebf2, Ebf3, Ebf4, Ecd, Ecm1, Ecsit, Edn1, Ednrb, Eed, Eef1d, Efcab7, Efna1, Egfr, Egln1, Egr1, Egr2, Egr3, Egr4, Ehf, Ehmt1, Ehmt2, Eid1, Eid2, Eif4a1, Eif4a3, Elane, Elf1, Elf2, Elf3, Elf4, Elf5, Elk1, Elk3, Elk4, Ell, Ell2, Ell3, Eloa, Elp3, Elp4, Emx1, Emx2, En1, En2, Eng, Eno1, Eno1b, Eny2, Eomes, Ep300, Epas1, Epc1, Epc2, Epcam, Epm2a, Epo, Epop, Ercc1, Ercc2, Ercc6, Erf, Erfl, Erg, Esr1, Esr2, Esrra, Esrrb, Esrrg, Esx1, Ets1, Ets2, Etv1, Etv2, Etv3, Etv3l, Etv4, Etv5, Etv6, Evx1, Evx2, Exosc9, Eya1, Ezh1, Ezh2, Ezr, F2rl1, Fadd, Fam220a, Fasl, Fbln5, Fbp1, Fbxl19, Ferd3l, Fev, Fezf1, Fezf2, Fgf1, Fgf10, Fgf2, Fgf4, Fgf9, Fgfr1, Fgfr2, Fgfr3, Fhl2, Fhl5, Fhod1, Figla, Fiz1, Fkbp10, Fkbp11, Fkbp14, Fkbp1a, Fkbp1b, Fkbp2, Fkbp3, Fkbp4, Fkbp5, Fkbp7, Fkbp8, Fkbp9, Flcn, Fli1, Flt3l, Flywch1, Fnip1, Fnip2, Fos, Fosb, Fosl1, Fosl2, Foxa1, Foxa2, Foxa3, Foxb1, Foxb2, Foxc1, Foxc2, Foxd1, Foxd2, Foxd3, Foxd4, Foxe1, Foxe3, Foxf1, Foxf2, Foxg1, Foxh1, Foxi1, Foxi2, Foxi3, Foxj1, Foxj2, Foxj3, Foxk1, Foxk2, Foxl1, Foxl2, Foxl3, Foxm1, Foxn1, Foxn4, Foxo1, Foxo3, Foxo4, Foxo6, Foxp1, Foxp2, Foxp3, Foxp4, Foxq1, Foxr1, Foxs1, Frk, Fst, Fstl3, Fubp1, Fubp3, Fus, Fzd5, Gabpa, Gabpb1, Gabpb2, Gadd45a, Gal, Galr1, Galr2, Galr3, Gata1, Gata2, Gata3, Gata4, Gata5, Gata6, Gatad2a, Gatad2b, Gbp4, Gbx1, Gbx2, Gcm1, Gcm2, Gdf2, Gdnf, Gfi1, Gfi1b, Gli1, Gli2, Gli3, Glis1, Glis2, Glis3, Glmp, Glo1, Glp1r, Glrp1, Gm10033, Gm12258, Gm14295, Gm14322, Gm14325, Gm14391, Gm14399, Gm14401, Gm14403, Gm14412, Gm14418, Gm14434, Gm14443, Gm14444, Gm15446, Gm17067, Gm17655, Gm2381, Gm35315, Gm3604, Gm4275, Gm45871, Gm4767, Gm4924, Gm5141, Gm6871, Gm7072, Gmeb1, Gmeb2, Gnas, Gpbp1, Gper1, Gps2, Grem1, Grhl1, Grhl2, Grhl3, Grin1, Gsc, Gsc2, Gsk3a, Gsk3b, Gsx1, Gsx2, Gtf2a1, Gtf2a2, Gtf2f1, Gtf2f2, Gtf2h2, Gtf2i, Gtf2ird1, Gzf1, H1f2, H1f3, H1f4, H1f5, H2az1, H3c14, Halr1, Hamp, Hand1, Hand2, Havcr2, Hax1, Hba-x, Hbb-bh1, Hbb-y, Hbp1, Hcfc1, Hcfc2, Hcls1, Hdac1, Hdac10, Hdac2, Hdac3, Hdac4, Hdac5, Hdac7, Hdac9, Hdgf, Hdx, Helt, Helz2, Hes1, Hes2, Hes3, Hes5, Hes6, Hes7, Hesx1, Hexb, Hexim1, Hexim2, Hey1, Hey2, Heyl, Hhex, Hic1, Hic2, Hif1a, Hif3a, Hinfp, Hipk1, Hipk2, Hipk3, Hivep1, Hivep2, Hivep3, Hjv, Hlf, Hltf, Hlx, Hmbox1, Hmg20a, Hmga1, Hmga2, Hmgb1, Hmgb2, Hmgb4, Hmgn1, Hmgn2, Hmgn3, Hmgn5, Hmox1, Hmx1, Hmx2, Hmx3, Hnf1a, Hnf1b, Hnf4a, Hnf4g, Hnrnpa2b1, Hnrnpab, Hnrnpd, Hnrnpk, Hnrnpu, Homez, Hopx, Hoxa1, Hoxa10, Hoxa11, Hoxa11os, Hoxa13, Hoxa2, Hoxa3, Hoxa4, Hoxa5, Hoxa6, Hoxa7, Hoxa9, Hoxb1, Hoxb13, Hoxb2, Hoxb3, Hoxb4, Hoxb5, Hoxb6, Hoxb7, Hoxb8, Hoxb9, Hoxc10, Hoxc11, Hoxc12, Hoxc13, Hoxc4, Hoxc5, Hoxc6, Hoxc8, Hoxc9, Hoxd1, Hoxd10, Hoxd11, Hoxd12, Hoxd13, Hoxd3, Hoxd4, Hoxd8, Hoxd9, Hr, Hras, Hsf1, Hsf2, Hsf3, Hsf4, Hspa1a, Htatip2, Hyal2, Id1, Id2, Id3, Id4, Ier2, Ier5, Ifi203, Ifi203-ps, Ifi204, Ifi206, Ifi207, Ifi208, Ifi209, Ifi213, Ifi214, Ifi27, Ifnar2, Ifnb1, Ifng, Ifrd1, Ift172, Ift74, Igbp1, Igf1, Igf2, Ighmbp2, Ihh, Ikbkb, Ikbkg, Ikzf1, Ikzf2, Ikzf3, Ikzf4, Ikzf5, Il10, Il11, Il13, Il17a, Il17f, Il18, Il1a, Il1b, Il2, Il22, Il23a, Il25, Il33, Il4, Il4i1, Il4i1b, Il6, Ilkap, Impact, Ing1, Ing2, Inhba, Ino80, Ins2, Insm1, Insm2, Iqce, Irf1, Irf2, Irf2bp1, Irf2bp2, Irf2bpl, Irf3, Irf4, Irf5, Irf6, Irf7, Irf8, Irf9, Irx1, Irx2, Irx3, Irx4, Irx5, Irx6, Isl1, Isl2, Isx, Itga6, Itga8, Itgb1bp1, Jade1, Jade2, Jade3, Jag1, Jak2, Jak3, Jarid2, Jazf1, Jdp2, Jmjd1c, Jmjd6, Jmy, Jph2, Jpx, Jun, Junb, Jund, Jup, Kank2, Kansl3, Kat14, Kat2a, Kat2b, Kat5, Kat6a, Kat6b, Kat7, Kat8, Kcnip3, Kdm1a, Kdm2a, Kdm2b, Kdm3a, Kdm3b, Kdm4c, Kdm5a, Kdm5c, Kdm6a, Kdm6b, Kdm7a, Keap1, Khdrbs1, Khsrp, Klf1, Klf10, Klf11, Klf12, Klf13, Klf14, Klf15, Klf16, Klf17, Klf2, Klf3, Klf4, Klf5, Klf6, Klf7, Klf8, Klf9, Kmt2a, Kmt2c, Kmt2d, Kmt5a, Kpna6, L3mbtl1, Larp7, Larp7-ps, Lbx1, Lbx2, Lcor, Lcorl, Ldb1, Ldb2, Lef1, Lefty1, Leo1, Lep, Lhx1, Lhx2, Lhx3, Lhx4, Lhx5, Lhx6, Lhx8, Lhx9, Lif, Lime1, Lin37, Lin9, Litaf, Lmcd1, Lmo1, Lmo2, Lmo3, Lmo4, Lmo7, Lmx1a, Lmx1b, Loxl2, Lpin1, Lpin2, Lpin3, Lrp5, Lrp6, Lrrfip1, Lum, Lyar, Lyl1, Macc1, Macroh2a1, Macroh2a2, Mad2l2, Mael, Maf, Mafa, Mafb, Maff, Mafg, Mafk, Magea1, Magea10, Magea13, Magea14, Magea2, Magea3, Magea4, Magea5, Magea6, Magea8, Magea9, Mageb11, Mageb16, Mageb18, Mageb2, Mageb3, Mageb4, Mageb5, Mageb5b, Mageb6b1, Magec2, Maged1, Maged2, Magee1, Magee2, Mageh1, Magel2, Maml1, Maml2, Maml3, Mamld1, Mamstr, Map2k1, Map2k5, Map3k1, Mapk1, Mapk10, Mapk14, Mapk15, Mapk3, Mapk7, Mapkapk5, Mavs, Max, Maz, Mbd1, Mbd2, Mbd3, Mbd3l1, Mbd3l2, Mbip, Mbtps2, Mc1r, Mcf2l, Mcidas, Mcph1, Mcrs1, Mdfi, Mdm2, Mdm4, Mecom, Mecp2, Med1, Med10, Med11, Med12, Med12l, Med13, Med13l, Med14, Med15, Med16, Med17, Med18, Med19, Med20, Med21, Med22, Med23, Med24, Med25, Med26, Med27, Med28, Med29, Med30, Med31, Med4, Med6, Med7, Med8, Med9, Mef2a, Mef2b, Mef2c, Mef2d, Meiosin, Meis1, Meis2, Meis3, Men1, Meox1, Meox2, Mepce, Mesp1, Mesp2, Met, Mettl13, Mettl23, Mga, Mical2, Mideas, Mier1, Mier2, Mier3, Mir103-1, Mir103-2, Mir143, Mir466d, Mir466l, Mir7-1, Mir744, Mitf, Mixl1, Mkrn2, Mkx, Mlip, Mllt10, Mllt6, Mlx, Mlxip, Mlxipl, Mmp12, Mnat1, Mndal, Mnt, Mnx1, Morc3, Morf4l2, Mospd1, Mrgbp, Mrtfa, Mrtfb, Msc, Msgn1, Msx1, Msx2, Msx3, Mta1, Mta2, Mta3, Mtdh, Mtf1, Muc1, Mxd1, Mxd3, Mxd4, Mxi1, Myb, Mybbp1a, Mybl1, Mybl2, Myc, Mycl, Mycn, Mycs, Myd88, Mydgf, Myef2, Myf5, Myf6, Mynn, Myo1c, Myocd, Myod1, Myog, Myoz1, Myoz2, Mypop, Myrf, Mysm1, Myt1, Myt1l, Mzf1, N4bp2l2, Nacc1, Nacc2, Nampt, Nanog, Ncbp1, Ncbp2, Nck1, Nck2, Ncl, Ncoa1, Ncoa2, Ncoa3, Ncoa6, Ncoa7, Ncor1, Ncor2, Ndn, Nedd4, Nedd8, Nelfa, Nelfe, Nepn, Neurod1, Neurod2, Neurod4, Neurod6, Neurog1, Neurog2, Neurog3, Nfat5, Nfatc1, Nfatc2, Nfatc2ip, Nfatc3, Nfatc4, Nfe2, Nfe2l1, Nfe2l2, Nfe2l3, Nfia, Nfib, Nfic, Nfil3, Nfix, Nfkb1, Nfkb2, Nfkbia, Nfkbiz, Nfx1, Nfya, Nfyb, Nfyc, Nhlh1, Nhlh2, Nif3l1, Nipbl, Nkap, Nkrf, Nktr, Nkx1-1, Nkx1-2, Nkx2-1, Nkx2-2, Nkx2-3, Nkx2-4, Nkx2-5, Nkx2-6, Nkx2-9, Nkx3-1, Nkx3-2, Nkx6-1, Nkx6-2, Nkx6-3, Nlrc5, Nlrp3, Nme2, Nobox, Noc2l, Nod2, Nodal, Nog, Nop53, Nos1, Notch1, Notch2, Notch3, Notch4, Noto, Npas1, Npas2, Npas3, Npas4, Npat, Npm1, Npnt, Nr0b1, Nr0b2, Nr1d1, Nr1d2, Nr1h2, Nr1h3, Nr1h4, Nr1h5, Nr1i2, Nr1i3, Nr2c1, Nr2c2, Nr2e1, Nr2e3, Nr2f1, Nr2f2, Nr2f6, Nr3c1, Nr3c2, Nr4a1, Nr4a2, Nr4a3, Nr5a1, Nr5a2, Nr6a1, Nrarp, Nrbf2, Nrf1, Nrip1, Nrip2, Nrl, Nscme3l, Nsd1, Nsd2, Nsmce3, Ntf3, Nucks1, Nufip1, Nupr2, Obox1, Obox2, Obox3, Obox4, Obox5, Obox6, Obox7, Obox8, Ogg1, Ogt, Olig1, Olig2, Olig3, Onecut1, Onecut2, Onecut3, Osm, Osr1, Osr2, Otp, Otud7b, Otx1, Otx2, Ovol1, Ovol2, Ovol3, P2rx2, P2ry1, Paf1, Pagr1a, Pam, Park7, Parp1, Parp9, Pasd1, Patz1, Pawr, Pax1, Pax2, Pax3, Pax4, Pax5, Pax6, Pax7, Pax8, Pax9, Paxbp1, Paxip1, Pbrm1, Pbx1, Pbx2, Pbx3, Pbx4, Pcbp1, Pcbp2, Pcbp3, Pcbp4, Pcgf1, Pcgf2, Pcgf3, Pcgf5, Pcgf6, Pcid2, Pck1, Pcna, Pde2a, Pdlim1, Pdx1, Pdxp, Peg3, Pelp1, Per1, Per2, Per3, Pf4, Pfkm, Pfn1, Pgam5, Pgr, Phb1, Phf10, Phf12, Phf14, Phf19, Phf2, Phf20, Phf20l1, Phf21a, Phf3, Phf6, Phf8, Phip, Phlpp1, Phlpp2, Phox2a, Phox2b, Pias1, Pias2, Pias3, Pias4, Pid1, Pik3r1, Pik3r2, Pin1, Pin1rt1, Pin4, Pink1, Pitx1, Pitx2, Pitx3, Pkd1, Pkd2, Pkia, Pkig, Pkm, Pkn1, Pknox1, Pknox2, Pkp1, Plac8, Plag1, Plagl1, Plagl2, Platr25, Plk1, Plk3, Plscr1, Pogz, Pole3, Pomc, Pou1f1, Pou2af1, Pou2f1, Pou2f2, Pou2f3, Pou3f1, Pou3f2, Pou3f3, Pou3f4, Pou4f1, Pou4f2, Pou4f3, Pou5f1, Pou5f2, Pou6f1, Pou6f2, Ppara, Ppard, Pparg, Ppargc1a, Ppargc1b, Ppef1, Ppef2, Ppia, Ppib, Ppic, Ppid, Ppie, Ppif, Ppig, Ppih, Ppil1, Ppil3, Ppil4, Ppm1a, Ppm1b, Ppm1d, Ppm1e, Ppm1f, Ppm1g, Ppm1h, Ppm1j, Ppm1k, Ppm1l, Ppm1m, Ppm1n, Ppp1ca, Ppp1cb, Ppp1cc, Ppp1r12a, Ppp1r13l, Ppp1r15a, Ppp2ca, Ppp2cb, Ppp2r5b, Ppp2r5d, Ppp3ca, Ppp3cb, Ppp3cc, Ppp3r1, Ppp4c, Ppp5c, Ppp6c, Pprc1, Pptc7, Ppwd1, Prdm1, Prdm10, Prdm11, Prdm12, Prdm13, Prdm14, Prdm15, Prdm16, Prdm2, Prdm4, Prdm5, Prdm6, Prdm9, Preb, Prkaca, Prkcb, Prkd1, Prkd2, Prkdc, Prkn, Prl2c2, Prmt5, Prmt6, Prop1, Prox1, Prox2, Prpf6, Prrx1, Prrx2, Psen1, Psen2, Psip1, Psmc3ip, Psmc5, Psmc6, Psmd10, Psmd9, Ptafr, Ptbp1, Ptch1, Pten, Ptf1a, Ptgs2os, Pth, Ptma, Ptms, Ptov1, Ptpa, Ptpmt1, Ptpn2, Ptprc, Ptprn, Pura, Purb, Purg, Pus1, Pwwp2a, Pwwp2b, Pygo1, Rad21, Rad54l2, Raf1, Rai1, Ralgapa1, Raly, Rapgef3, Rara, Rarb, Rarg, Rax, Rb1, Rbak, Rbbp4, Rbbp7, Rbck1, Rbl1, Rbl2, Rbm10, Rbm14, Rbm15, Rbmx, Rbmxl1, Rbpj, Rbpjl, Rcor1, Rcor2, Rcor3, Rel, Rela, Relb, Reno1, Repin1, Rest, Rex2, Rfc1, Rfx1, Rfx2, Rfx3, Rfx4, Rfx5, Rfx6, Rfx7, Rfx8, Rfxank, Rfxap, Rgcc, Rgma, Rhoa, Rhoq, Rhox1, Rhox10, Rhox11, Rhox12, Rhox13, Rhox2a, Rhox2b, Rhox2c, Rhox2d, Rhox2f, Rhox2g, Rhox2h, Rhox3a, Rhox3c, Rhox3f, Rhox3g, Rhox3h, Rhox4a, Rhox4b, Rhox4c, Rhox4d, Rhox4e, Rhox4f, Rhox4g, Rhox5, Rhox6, Rhox7a, Rhox7b, Rhox8, Rhox9, Rif1, Rigi, Ripk1, Ripply1, Ripply2, Ripply3, Rit2, Rlf, Rlim, Rnasel, Rnf10, Rnf2, Rnf20, Rnf4, Rnf40, Rora, Rorb, Rorc, Rpap2, Rpf2, Rpl10, Rpl10-ps3, Rpl23, Rprd1b, Rps14, Rps6ka1, Rps6ka3, Rps6ka4, Rps6ka5, Rreb1, Rrp1b, Rsl1, Rslcan18, Rtf1, Rtraf, Runx1, Runx2, Runx3, Ruvbl1, Ruvbl2, Rwdd1, Rxra, Rxrb, Rxrg, Rybp, S100a1, S100a10, S1pr1, Safb, Safb2, Sall1, Sall2, Sall3, Sall4, Samd1, Samd11, Samd7, Sap130, Sap30, Sap30l, Sarnp, Sars1, Satb1, Satb2, Sbno2, Scaf4, Scaf8, Scgb1a1, Scrt1, Scrt2, Scx, Sdcbp, Sdr16c5, Sema4d, Senp1, Senp2, Serpinf2, Sertad1, Setd3, Setd4, Setdb1, Setx, Sf3b1, Sfn, Sfpq, Sfrp2, Sfrp5, Sgf29, Sgsm1, Shh, Shox2, Sik1, Sik2, Sim1, Sim2, Sin3a, Sin3b, Sinhcaf, Sirt1, Sirt2, Sirt6, Sirt7, Six1, Six2, Six3, Six4, Six5, Six6, Skap1, Ski, Skil, Skor1, Skor2, Sla2, Slc11a1, Slc30a9, Slc38a3, Slc40a1, Slc9a1, Slfn1, Sltm, Smad1, Smad2, Smad3, Smad4, Smad5, Smad6, Smad7, Smad9, Smarca1, Smarca2, Smarca4, Smarca5, Smarcad1, Smarcal1, Smarcb1, Smarcc1, Smarcc2, Smarcd1, Smarcd2, Smarcd3, Smarce1, Smo, Smyd2, Smyd3, Snai1, Snai2, Snai3, Snf8, Snw1, Sod2, Sohlh1, Sohlh2, Sorbs3, Sos1, Sox1, Sox10, Sox11, Sox12, Sox13, Sox14, Sox15, Sox17, Sox18, Sox2, Sox21, Sox3, Sox30, Sox4, Sox5, Sox6, Sox7, Sox8, Sox9, Sp1, Sp100, Sp110, Sp140, Sp140l1, Sp140l2, Sp2, Sp3, Sp4, Sp5, Sp6, Sp7, Sp8, Sp9, Spag8, Spdef, Spen, Spi1, Spib, Spic, Spocd1, Spop, Spx, Spz1, Sqstm1, Sra1, Src, Srebf1, Srebf2, Srf, Sry, Ss18, Ss18l1, Ssbp2, Ssbp3, Ssbp4, Ssh1, Ssh2, Ssh3, Ssu72, St18, Stat1, Stat2, Stat3, Stat4, Stat5a, Stat5b, Stat6, Sting1, Stk16, Stox1, Stox2, Stra8, Strap, Strn3, Sub1, Suds3, Sufu, Sumo2, Supt20, Supt3, Supt4a, Supt4b, Supt5, Supt6, Suv39h1, Suv39h2, Suz12, T, Tada1, Tada2a, Tada2b, Tada3, Taf1, Taf10, Taf11, Taf12, Taf13, Taf2, Taf3, Taf4, Taf4b, Taf5, Taf5l, Taf6, Taf7, Taf8, Taf9, Taf9b, Tagln3, Tal1, Tal2, Tbk1, Tbl1x, Tbl1xr1, Tbp, Tbr1, Tbx1, Tbx10, Tbx15, Tbx18, Tbx19, Tbx2, Tbx20, Tbx21, Tbx22, Tbx3, Tbx4, Tbx5, Tbx6, Tcea1, Tcea2, Tcea3, Tceanc, Tceanc2, Tcerg1, Tcf12, Tcf15, Tcf20, Tcf21, Tcf23, Tcf24, Tcf25, Tcf3, Tcf4, Tcf7, Tcf7l1, Tcf7l2, Tcfl5, Tcp10a, Tcp10b, Tcp10c, Tdg, Tead1, Tead2, Tead3, Tead4, Tef, Tenm2, Tet1, Tet2, Tet3, Tex24, Tfam, Tfap2a, Tfap2b, Tfap2c, Tfap2d, Tfap2e, Tfap4, Tfcp2, Tfcp2l1, Tfdp1, Tfdp2, Tfe3, Tfeb, Tfec, Tfr2, Tgfb1, Tgfb3, Tgif1, Tgif2, Thap1, Thap11, Thap3, Thap7, Thra, Thrap3, Thrb, Timeless, Tle1, Tle4, Tle5, Tle6, Tlr2, Tlr3, Tlr4, Tlr7, Tlr9, Tlx1, Tlx2, Tlx3, Tmf1, Tmprss6, Tnf, Tnfrsf1a, Tnfsf11, Tnfsf8, Tnip1, Tnip2, Tnip3, Tnks, Top2a, Tox, Tox2, Tox3, Tox4, Tpr, Traf3ip1, Traf6, Traf7, Trak2, Trerf1, Triap1, Trib3, Trim27, Trim28, Trim29, Trim37, Tro, Trp53, Trp53bp1, Trp63, Trp73, Trps1, Trpv1, Trpv4, Trrap, Tsc2, Tsc22d1, Tsc22d2, Tsc22d3, Tsc22d4, Tsg101, Tshz1, Tshz2, Tshz3, Tsix, Ttc21b, Ttc5, Tunar, Twist1, Twist2, Txk, Txn1, Txnip, Ube2e1, Ube2i, Ube3a, Ublcp1, Ubp1, Ucn, Ucp1, Uhrf1, Uncx, Uri1, Usf1, Usf2, Usf3, Usp16, Usp2, Usp22, Usp3, Utf1, Uxt, Vax1, Vax2, Vdr, Vegfa, Vezf1, Vgll1, Vgll2, Vgll3, Vhl, Vrtn, Vsx1, Vsx2, Was, Wasl, Wbp2, Wdr5, Wdr77, Wdtc1, Wfs1, Wiz, Wnt1, Wnt10b, Wnt2, Wnt3a, Wnt5a, Wnt7a, Wt1, Wwc1, Wwc2, Wwox, Wwp2, Wwtr1, Xbp1, Xpa, Xpo1, Xrcc6, Yap1, Ybx1, Ybx3, Yeats2, Yeats4, Yes1, Ylpm1, Ywhaz, Yy1, Yy2, Zbed3, Zbed4, Zbed6, Zbtb1, Zbtb10, Zbtb12, Zbtb14, Zbtb16, Zbtb17, Zbtb18, Zbtb2, Zbtb20, Zbtb21, Zbtb22, Zbtb24, Zbtb25, Zbtb26, Zbtb3, Zbtb32, Zbtb33, Zbtb34, Zbtb37, Zbtb38, Zbtb39, Zbtb4, Zbtb40, Zbtb41, Zbtb42, Zbtb43, Zbtb45, Zbtb46, Zbtb47, Zbtb48, Zbtb49, Zbtb5, Zbtb6, Zbtb7a, Zbtb7b, Zbtb7c, Zbtb8a, Zbtb8b, Zbtb9, Zc3h12a, Zc3h8, Zcchc12, Zeb1, Zeb2, Zfa-ps, Zfat, Zfhx2, Zfhx3, Zfhx4, Zfp1, Zfp1004, Zfp1005, Zfp1006, Zfp1007, Zfp101, Zfp1010, Zfp105, Zfp11, Zfp110, Zfp112, Zfp113, Zfp119a, Zfp119b, Zfp12, Zfp120, Zfp128, Zfp13, Zfp131, Zfp14, Zfp141, Zfp142, Zfp143, Zfp146, Zfp148, Zfp157, Zfp160, Zfp169, Zfp174, Zfp175, Zfp180, Zfp182, Zfp184, Zfp189, Zfp2, Zfp202, Zfp212, Zfp213, Zfp217, Zfp219, Zfp229, Zfp236, Zfp239, Zfp24, Zfp248, Zfp251, Zfp26, Zfp260, Zfp263, Zfp266, Zfp267, Zfp268, Zfp27, Zfp273, Zfp275, Zfp276, Zfp28, Zfp281, Zfp286, Zfp287, Zfp292, Zfp296, Zfp3, Zfp30, Zfp316, Zfp317, Zfp319, Zfp322a, Zfp324, Zfp329, Zfp334, Zfp335, Zfp345, Zfp35, Zfp352, Zfp354a, Zfp354b, Zfp354c, Zfp358, Zfp36, Zfp362, Zfp366, Zfp367, Zfp369, Zfp37, Zfp382, Zfp383, Zfp384, Zfp386, Zfp39, Zfp395, Zfp397, Zfp398, Zfp40, Zfp407, Zfp408, Zfp41, Zfp410, Zfp418, Zfp42, Zfp420, Zfp423, Zfp426, Zfp429, Zfp433, Zfp438, Zfp442, Zfp444, Zfp445, Zfp446, Zfp449, Zfp451, Zfp454, Zfp455, Zfp456, Zfp457, Zfp458, Zfp459, Zfp46, Zfp462, Zfp467, Zfp469, Zfp472, Zfp473, Zfp493, Zfp51, Zfp518a, Zfp518b, Zfp52, Zfp521, Zfp523, Zfp524, Zfp53, Zfp534, Zfp536, Zfp54, Zfp541, Zfp551, Zfp553, Zfp558, Zfp560, Zfp563, Zfp566, Zfp568, Zfp57, Zfp574, Zfp575, Zfp579, Zfp58, Zfp580, Zfp582, Zfp583, Zfp59, Zfp593, Zfp595, Zfp597, Zfp599, Zfp60, Zfp600, Zfp605, Zfp606, Zfp607a, Zfp607b, Zfp608, Zfp609, Zfp612, Zfp616, Zfp617, Zfp619, Zfp62, Zfp623, Zfp626, Zfp628, Zfp629, Zfp637, Zfp639, Zfp64, Zfp641, Zfp644, Zfp646, Zfp647, Zfp648, Zfp65, Zfp652, Zfp653, Zfp654, Zfp655, Zfp663, Zfp667, Zfp668, Zfp672, Zfp677, Zfp68, Zfp683, Zfp689, Zfp69, Zfp691, Zfp692, Zfp696, Zfp697, Zfp7, Zfp704, Zfp707, Zfp708, Zfp709, Zfp710, Zfp711, Zfp712, Zfp715, Zfp72, Zfp729a, Zfp729b, Zfp735, Zfp738, Zfp74, Zfp740, Zfp746, Zfp747, Zfp747l1, Zfp748, Zfp750, Zfp758, Zfp759, Zfp760, Zfp763, Zfp764, Zfp764l1, Zfp770, Zfp771, Zfp772, Zfp775, Zfp777, Zfp78, Zfp780b, Zfp784, Zfp786, Zfp787, Zfp788, Zfp790, Zfp791, Zfp799, Zfp808, Zfp809, Zfp81, Zfp810, Zfp811, Zfp819, Zfp82, Zfp820, Zfp821, Zfp825, Zfp827, Zfp84, Zfp846, Zfp85, Zfp850, Zfp853, Zfp865, Zfp866, Zfp867, Zfp868, Zfp869, Zfp87, Zfp870, Zfp871, Zfp872, Zfp873, Zfp874a, Zfp874b, Zfp879, Zfp882, Zfp9, Zfp90, Zfp91, Zfp92, Zfp930, Zfp931, Zfp932, Zfp933, Zfp934, Zfp935, Zfp937, Zfp938, Zfp940, Zfp941, Zfp942, Zfp943, Zfp944, Zfp945, Zfp946, Zfp947, Zfp948, Zfp949, Zfp950, Zfp951, Zfp952, Zfp954, Zfp955a, Zfp955b, Zfp956, Zfp958, Zfp959, Zfp960, Zfp961, Zfp963, Zfp964, Zfp966, Zfp97, Zfp970, Zfp971, Zfp973, Zfp974, Zfp975, Zfp976, Zfp979, Zfp980, Zfp981, Zfp982, Zfp983, Zfp984, Zfp985, Zfp987, Zfp988, Zfp989, Zfp990, Zfp991, Zfp992, Zfp994, Zfp995, Zfp998, Zfpm1, Zfpm2, Zfx, Zfy1, Zglp1, Zgpat, Zhx1, Zhx2, Zhx3, Zic1, Zic2, Zic3, Zic4, Zic5, Zik1, Zim1, Zkscan1, Zkscan14, Zkscan16, Zkscan17, Zkscan2, Zkscan3, Zkscan4, Zkscan5, Zkscan6, Zkscan7, Zkscan8, Zmiz1, Zmiz2, Zmym5, Zmynd8, Znhit1, Zscan10, Zscan12, Zscan2, Zscan20, Zscan21, Zscan22, Zscan25, Zscan26, Zscan29, Zscan4-ps1, Zscan4-ps2, Zscan4-ps3, Zscan4b, Zscan4c, Zscan4d, Zscan4e, Zscan4f, Zscan5b, Zxdb, Zxdc, Zzz3
GO:0065008	regulation of biological quality	3406	83	49.62	1.6e-06	6.502736842105263e-4	2510002D24Rik, 2610005L07Rik, 2610042L04Rik, A1cf, Aacs, Aak1, Aanat, Aars1, Aarsd1, Abat, Abca1, Abca12, Abca2, Abca3, Abca4, Abca7, Abcb1a, Abcb1b, Abcb4, Abcb5, Abcb8, Abcc1, Abcc2, Abcc8, Abcc9, Abcd1, Abcg1, Abhd17a, Abhd17b, Abhd17c, Abhd6, Abi2, Abi3, Abi3bp, Abitram, Abl1, Abl2, Abr, Abtb3, Acaa2, Ace, Ace2, Ace3, Ackr2, Ackr3, Ackr4, Acp4, Acsl4, Acta2, Actn2, Actr2, Actr3, Acvr1c, Acvr2a, Acvr2b, Acvrl1, Ada, Adam10, Adam22, Adamts13, Adamts16, Adamts18, Adcy1, Adcy10, Adcy5, Adcy6, Adcy8, Adcyap1, Adcyap1r1, Add1, Add2, Add3, Adgrb1, Adgrb2, Adgrb3, Adgre5, Adgrl1, Adgrl2, Adgrl3, Adgrl4, Adgrv1, Adh1, Adh4, Adh5, Adh6a, Adh6b, Adh7, Adipoq, Adm, Adm2, Adnp, Adora1, Adora2a, Adora2b, Adora3, Adra1a, Adra1b, Adra1d, Adra2a, Adra2b, Adra2c, Adrb1, Adrb2, Adrb3, Adtrp, Afdn, Afm, Afp, Ager, Ago1, Ago2, Ago3, Agr2, Agrn, Agt, Agtr1a, Agtr1b, Agtr2, Agtrap, Ahr, Ahsp, Aimp1, Akap11, Akap12, Akap5, Akap6, Akap7, Akap9, Akr1b1, Akr1c12, Akr1c13, Akr1c14, Akr1c18, Akr1c19, Akr1c20, Akr1c21, Akr1c6, Akr1cl, Akr1d1, Akt1, Akt1s1, Akt2, Akt3, Alb, Aldh1a1, Aldh1a2, Aldh1a3, Aldh8a1, Aldoa, Alg13, Alkbh5, Alkbh7, Alox12, Alox12b, Alox15, Alox5, Als2, Amigo1, Amigo2, Amigo3, Amot, Anapc2, Ang, Angel2, Angpt1, Angpt2, Angpt4, Angptl1, Angptl2, Angptl4, Angptl6, Angptl7, Ank2, Ank3, Ano1, Ano3, Ano4, Ano6, Ano7, Ano9, Anpep, Anxa1, Anxa2, Anxa5, Anxa7, Anxa8, Aoc3, Ap2a1, Ap2a2, Ap2b1, Ap2m1, Ap2s1, Ap3b1, Ap3m1, Apbb1, Apbb2, Apela, Apex1, Apln, Aplnr, Apoa1, Apoa2, Apobec1, Apoe, Apoh, App, Aprt, Aptx, Aqp1, Aqp11, Aqp2, Aqp3, Aqp4, Aqp5, Aqp6, Aqp7, Ar, Arap1, Arc, Arf1, Arf4, Arf6, Arfgef1, Arhgap15, Arhgap18, Arhgap22, Arhgap28, Arhgap32, Arhgap33, Arhgap35, Arhgap4, Arhgap40, Arhgap42, Arhgap44, Arhgap5, Arhgdia, Arhgef12, Arhgef15, Arhgef18, Arhgef7, Arid5a, Arl6ip5, Arnt, Arpc2, Arpc3, Arpc5, Arpc5l, Arrb1, Arv1, Asap1, Asgr2, Asic1, Asic2, Asmt, Asph, Asxl1, Atad1, Atf2, Atf4, Atf7ip, Atg5, Atg7, Atg9a, Atg9b, Atp10a, Atp10b, Atp10d, Atp11a, Atp11b, Atp11c, Atp13a2, Atp1a1, Atp1a2, Atp1a3, Atp1a4, Atp1b1, Atp1b2, Atp1b3, Atp2a2, Atp2b1, Atp2b2, Atp2b4, Atp5f1b, Atp5if1, Atp5pf, Atp6ap2, Atp6v0a1, Atp6v0a2, Atp6v0a4, Atp6v0c, Atp6v0d1, Atp6v0d2, Atp6v1b1, Atp6v1b2, Atp7a, Atp7b, Atp8a1, Atp8a2, Atp8b1, Atp8b2, Atp8b3, Atp8b4, Atp8b5, Atp9a, Atp9b, Atxn1, Aurka, Avil, Avp, Avpr1a, Avpr1b, Avpr2, Awat2, Axin2, Axl, B2m, B4galt1, B4galt5, Bace1, Bad, Bag1, Bag2, Bag3, Bag4, Bag5, Bag6, Baiap2, Baiap2l1, Baiap2l2, Baiap3, Bak1, Bambi, Barhl2, Bax, Bbof1, Bbs1, Bbs10, Bbs2, Bbs4, Bcat2, Bcl11a, Bcl2, Bcl2l1, Bcl2l11, Bcl2l2, Bco1, Bco2, Bcr, Bdkrb1, Bdkrb2, Bdnf, Begain, Best1, Best2, Bglap2, Bhlhb9, Bid, Bin1, Birc5, Blk, Bloc1s1, Bloc1s2, Bloc1s3, Bloc1s4, Bloc1s6, Bmal1, Bmp2, Bmp4, Bmp5, Bmp6, Bmpr1b, Bmpr2, Bnip3, Bnip3l, Bok, Boll, Borcs5, Borcs6, Borcs7, Borcs8, Bpifa1, Bpifa5, Braf, Brf1, Brinp1, Brk1, Brsk1, Brsk2, Brwd1, Brwd3, Btc, Btg2, Btk, Btrc, C1galt1c1, C1ql1, C1ql2, C1ql3, C1qtnf1, C1qtnf12, C1qtnf3, C1qtnf9, C2cd2l, C2cd4a, C2cd4b, C3ar1, C5ar1, C5ar2, Cacna1a, Cacna1b, Cacna1c, Cacna1d, Cacna1e, Cacna1g, Cacna1h, Cacna1i, Cacna2d1, Cacna2d2, Cacna2d3, Cacnb2, Cacnb3, Cacnb4, Cacng2, Cacng3, Cacng4, Cacng5, Cacng7, Cacng8, Cad, Calb1, Calb2, Calca, Calcr, Calhm2, Calm1, Calm2, Calm3, Calr, Caly, Camk1, Camk2a, Camk2b, Camk2d, Camk2g, Camk2n1, Camkv, Caml, Cap2, Capg, Capn1, Capn10, Capn3, Caprin1, Caprin2, Capza1, Capza1b, Capza2, Capza3, Capzb, Car2, Car7, Carhsp1, Carmil1, Carmil2, Carmil3, Cartpt, Cask, Caskin1, Casp1, Casp3, Casq2, Casr, Catsper1, Cav1, Cav3, Cblb, Cblc, Cbln1, Cbln2, Cbs, Cc2d1a, Ccar2, Ccdc115, Ccdc186, Ccdc51, Ccdc88c, Cck, Cckar, Cckbr, Ccl1, Ccl11, Ccl12, Ccl21a, Ccl21b, Ccl21d, Ccl21e, Ccl21f, Ccl24, Ccl26, Ccl28, Ccl3, Ccl4, Ccl5, Ccl7, Ccn3, Ccn6, Ccnd1, Ccnh, Ccr1, Ccr10, Ccr1l1, Ccr2, Ccr3, Ccr4, Ccr5, Ccr6, Ccr7, Ccr8, Ccr9, Ccrl2, Cct2, Cct3, Cct4, Cct5, Cct6a, Cct7, Cct8, Cd24a, Cd2ap, Cd36, Cd38, Cd4, Cd40lg, Cd47, Cd52, Cd55, Cd55b, Cd74, Cd81, Cd9, Cdc20, Cdc37, Cdc37l1, Cdc42, Cdc42ep1, Cdc42ep2, Cdc42ep3, Cdc42ep4, Cdc42ep5, Cdc42se1, Cdc42se2, Cdc73, Cdh1, Cdh2, Cdh4, Cdh5, Cdh8, Cdhr2, Cdhr5, Cdk16, Cdk4, Cdk5, Cdk5r1, Cdk5rap1, Cdk7, Cdkl3, Cdkl5, Cdkn2a, Cdkn2aip, Cdo1, Ceacam1, Cel, Cela2a, Celf1, Celf4, Celsr2, Cenpe, Cep63, Ces1d, Ces1e, Ces1f, Ces2a, Ces2c, Ces2e, Cfap20, Cfap410, Cfap45, Cfdp1, Cfh, Cfl1, Cfl2, Cftr, Cga, Chchd10, Chd4, Chd7, Chek2, Chfr, Chga, Chmp2b, Chmp3, Chp1, Chrd, Chrdl1, Chrm1, Chrm3, Chrm5, Chrna1, Chrna10, Chrna2, Chrna3, Chrna4, Chrna5, Chrna6, Chrna7, Chrna9, Chrnb1, Chrnb2, Chrnb3, Chrnb4, Chrnd, Chrne, Chrng, Chst10, Chst8, Chuk, Cib2, Cirbp, Cit, Ckap5, Clasp2, Clcf1, Clcn1, Clcn2, Clcn3, Clcnka, Clcnkb, Cldn19, Cldn3, Cldn5, Clec16a, Clec2i, Clic1, Clic4, Cln3, Cln5, Cln6, Cln8, Clns1a, Clock, Clptm1, Clptm1l, Clstn1, Clstn2, Clstn3, Cltrn, Clu, Cmklr1, Cmtm6, Cnga1, Cnga2, Cnih2, Cnih3, Cnot1, Cnot2, Cnot3, Cnot6, Cnot6l, Cnot7, Cnot8, Cnp, Cnr1, Cnr2, Cntf, Cntn2, Cntnap1, Cntnap2, Cntnap4, Coa8, Coch, Cog3, Cog7, Col1a2, Col6a1, Colq, Commd1, Comp, Comt, Copa, Corin, Coro1a, Coro2b, Cotl1, Cpa3, Cpa4, Cpb2, Cpe, Cpeb1, Cpeb3, Cplx1, Cplx2, Cplx3, Cpq, Cps1, Cpt1a, Cpt1c, Crabp2, Cracd, Creb1, Crebbp, Crebl2, Creg1, Crh, Crhbp, Crhr1, Crhr2, Cript, Crk, Crmp1, Crp, Crtac1, Crtap, Crtc1, Cry1, Cry2, Cryaa, Cryab, Crym, Csdc2, Csde1, Csf1r, Csf3, Csn2, Csn3, Csrp3, Cstpp1, Ctnna2, Ctnna3, Ctnnb1, Ctnnbip1, Ctnnd1, Ctnnd2, Ctns, Ctsa, Ctsb, Ctsg, Ctsh, Ctsk, Ctsl, Cttn, Cttnbp2, Cul3, Cux2, Cx3cl1, Cx3cr1, Cxadr, Cxcl1, Cxcl12, Cxcl13, Cxcl17, Cxcl2, Cxcl3, Cxcr1, Cxcr2, Cxcr3, Cxcr4, Cxcr5, Cxcr6, Cyb5r4, Cyba, Cyfip1, Cyfip2, Cyp11a1, Cyp11b1, Cyp11b2, Cyp17a1, Cyp19a1, Cyp1a1, Cyp1a2, Cyp1b1, Cyp21a1, Cyp26a1, Cyp26b1, Cyp26c1, Cyp27a1, Cyp27b1, Cyp2c55, Cyp2d22, Cyp2j5, Cyp2s1, Cyp2w1, Cyp3a11, Cyp3a16, Cyp3a41a, Cyp3a41b, Cyp3a44, Cyp46a1, Cyria, Cyrib, Cysltr1, D130043K22Rik, D7Ertd443e, Daam2, Dab1, Dab2, Dab2ip, Dact1, Dad1, Dag1, Dapk3, Dazap2, Dazl, Dbh, Dbi, Dbn1, Dbnl, Dcaf11, Dcdc2a, Dclk1, Dcn, Dcp1a, Dcp1b, Dcp2, Dcps, Dctn1, Dcx, Ddah1, Ddb1, Ddi1, Ddi2, Ddias, Ddo, Ddost, Ddr1, Ddrgk1, Ddx49, Deptor, Derl1, Dgat1, Dgat2, Dgkb, Dgki, Dgkq, Dhrs11, Dhrs3, Dhrs4, Dhrs7, Dhrs9, Dhx36, Dhx9, Diaph1, Dicer1, Dio1, Dio2, Dio3, Dip2a, Dip2b, Dis3l2, Disc1, Disp1, Dkc1, Dkk1, Dkk3, Dlc1, Dld, Dlg1, Dlg2, Dlg3, Dlg4, Dlg5, Dlgap4, Dll1, Dmd, Dmpk, Dmtn, Dmxl1, Dmxl2, Dnaja3, Dnajc16, Dnajc2, Dnd1, Dnlz, Dnm1, Dnm1l, Dnm2, Dnm3, Dnmbp, Doc2b, Dock1, Dock10, Dock4, Dock5, Dpm2, Dpm3, Dpp6, Draxin, Drd1, Drd2, Drd3, Drd4, Drd5, Dsc2, Dsc3, Dscam, Dsg1a, Dsg1b, Dsg1c, Dsg2, Dsg3, Dsp, Dstn, Dtd1, Dtd2, Dtnbp1, Dubr, Duox2, Duoxa1, Duoxa2, Dusp5, Dvl1, Dvl3, Dxo, Dynll1, Dynlt1a, Dynlt1b, Dynlt1c, Dynlt1f, E2f1, E2f4, Ece1, Ece2, Ecrg4, Ecsit, Edn1, Edn2, Edn3, Ednra, Ednrb, Eef1ece2, Eef2k, Efna1, Efna5, Efnb2, Efnb3, Egfbp2, Egfr, Egln1, Egr1, Egr2, Ehd3, Eif2ak3, Eif2ak4, Eif2b2, Eif4a3, Eif4a3l1, Eif4a3l2, Eif4ebp2, Eif4enif1, Eif4g1, Eif4g2, Eif5a, Eipr1, Elavl1, Elavl2, Elavl4, Elmo1, Eln, Emilin1, Emilin2, Emp2, Eng, Enpep, Enpp1, Enpp4, Ensa, Entpd1, Entpd2, Eny2, Ep300, Epas1, Epb41, Epb41l1, Epb41l2, Epb41l3, Epb42, Epha4, Epha5, Epha7, Ephb1, Ephb2, Ephb3, Ephx2, Epo, Epor, Eps15, Eps8, Erbb2, Erbb3, Erbb4, Erbin, Ermn, Ero1b, Esam, Esp1, Esr1, Esr2, Etv5, Evl, Exoc3l, Ext1, Ext2, Eya2, Ezr, F10, F11, F11r, F12, F13a1, F13b, F2, F2r, F2rl1, F2rl2, F2rl3, F3, F5, F7, F8, F9, Faah, Fam107a, Fam171a1, Fam3a, Fam3b, Fam3d, Fam76b, Farp1, Fasl, Fastk, Fastkd1, Fastkd2, Fastkd3, Fastkd5, Fblim1, Fbln1, Fbn1, Fbxl3, Fbxo4, Fbxo7, Fbxw11, Fbxw7, Fcer1g, Fcgr2b, Fchsd1, Fchsd2, Fdx1, Fer, Fermt2, Fermt3, Fes, Ffar1, Ffar2, Ffar3, Ffar4, Fga, Fgb, Fgd1, Fgd4, Fgf10, Fgf12, Fgf13, Fgf14, Fgf22, Fgf23, Fgf7, Fgfbp3, Fgfr1, Fgfr4, Fgg, Fgl1, Fgl2, Fgr, Fhl1, Fhod3, Fkbp1b, Flii, Flna, Flot1, Flot2, Flrt1, Flrt2, Flrt3, Fmn1, Fmnl1, Fmnl2, Fmnl3, Fmr1, Fn1, Fosl2, Foxa1, Foxa2, Foxb1, Foxc1, Foxc2, Foxd1, Foxe1, Foxl2, Foxo1, Foxp1, Fpr-rs3, Fpr-rs4, Fpr-rs6, Fpr-rs7, Fpr1, Fpr2, Fpr3, Frey1, Frmpd4, Frrs1l, Fshr, Fstl4, Fto, Fundc2, Furin, Fus, Fxn, Fxr1, Fxr2, Fxyd1, Fyn, Fzd1, Fzd2, Fzd4, Fzd6, Fzd9, G6pc2, G6pdx, Gaa, Gabarap, Gabbr1, Gabra1, Gabra2, Gabra3, Gabra4, Gabra5, Gabra6, Gabrb1, Gabrb2, Gabrb3, Gabrd, Gabre, Gabrg1, Gabrg2, Gabrg3, Gabrr1, Gabrr2, Gal, Galp, Galr1, Galr2, Gapdh, Gapdhrt, Gapdhrt2, Gas2, Gas2l2, Gas6, Gas7, Gata1, Gata2, Gata3, Gatc, Gba1, Gba2, Gcg, Gch1, Gck, Gclc, Gclm, Gcnt4, Gdf15, Gdf9, Gdi1, Gdnf, Get1, Get4, Gfap, Gfi1, Gfral, Gga3, Gh, Ghr, Ghrh, Ghrhr, Ghrl, Ghsr, Gigyf2, Gimap3, Gimap5, Gip, Gipc1, Gipr, Git1, Gja1, Gja5, Gjd2, Gjd3, Gla, Glmp, Glp1r, Glra1, Glra2, Glra3, Glra4, Glrb, Glrx, Glrx3, Glud1, Glul, Gm14137, Gm2044, Gm44504, Gm715, Gna11, Gna12, Gna13, Gna14, Gna15, Gnai2, Gnal, Gnao1, Gnaq, Gnas, Gnat2, Gnaz, Gnb1, Gnb3, Gng3, Gnl3l, Golga4, Golga7, Got1, Gp1ba, Gp1bb, Gp5, Gp6, Gp9, Gpat4, Gpc4, Gpc6, Gpd1l, Gper1, Gphn, Gpihbp1, Gpld1, Gpm6a, Gpr119, Gpr158, Gpr27, Gpr33, Gpr35, Gpr37l1, Gpr39, Gpr4, Gpr6, Gpr68, Gpr88, Gpr89, Gprc5b, Gprc6a, Gpsm2, Gpx1, Grb2, Gria1, Gria2, Gria3, Gria4, Grid1, Grid2, Grid2ip, Grik1, Grik2, Grik3, Grik4, Grik5, Grin1, Grin2a, Grin2b, Grin2c, Grin2d, Grin3a, Grin3b, Grip1, Grip2, Gripap1, Grk2, Grm1, Grm2, Grm5, Grn, Grp, Gsg1l, Gsk3a, Gsk3b, Gsn, Gtf2i, Gtpbp4, Gtsf1, Guca2b, Gucy1a1, H1f5, H6pd, Hacd3, Hadh, Hap1, Has2, Hax1, Hcar2, Hcfc1, Hck, Hcls1, Hcn1, Hcn2, Hcn3, Hcn4, Hcrt, Hdac3, Hdac6, Hdac8, Heg1, Hexb, Hey2, Hfe, Hgfac, Hif1a, Hip1, Hip1r, Hk2, Hmga1, Hmga2, Hmgb1, Hmgcr, Hmgn3, Hmox1, Hnf1a, Hnf1b, Hnf4a, Hnrnpa0, Hnrnpa1, Hnrnpc, Hnrnpd, Hnrnpk, Hnrnpm, Hnrnpr, Hnrnpu, Homer1, Hp1bp3, Hpca, Hpn, Hps1, Hps4, Hps5, Hps6, Hpse, Hras, Hrc, Hrg, Hrh1, Hrh2, Hrh3, Hrh4, Hsd11b1, Hsd11b2, Hsd17b1, Hsd17b10, Hsd17b11, Hsd17b12, Hsd17b2, Hsd17b3, Hsd17b4, Hsd17b6, Hsd17b7, Hsd17b8, Hsd3b1, Hsd3b2, Hsd3b3, Hsd3b4, Hsd3b5, Hsd3b6, Hsd3b8, Hsd3b9, Hsh2d, Hsp90aa1, Hsp90ab1, Hsp90b1, Hspa1b, Hspa8, Hspd1, Htr1a, Htr1b, Htr1d, Htr2a, Htr2b, Htr2c, Htr3a, Htr3b, Htr4, Htr6, Htr7, Htt, Hvcn1, Hyal2, Hypk, Iapp, Iars1, Iars2, Icam1, Icam5, Id1, Id2, Ide, Ier3, Ifi30, Ifnb1, Ifng, Ifrd1, Ift46, Ift80, Igf1, Igf1r, Igf2, Igf2bp1, Igf2bp2, Igf2bp3, Igfbp3, Igh-7, Igsf11, Igsf9, Igsf9b, Igtp, Ikbke, Il10, Il10ra, Il11, Il18, Il1b, Il1rap, Il1rapl1, Il1rapl2, Il1rn, Il2, Il4i1, Il4i1b, Il6, Il6ra, Il6st, Il7r, Ildr1, Ildr2, Ilk, Inf2, Inha, Inhba, Inhbb, Inpp4a, Inpp5k, Ins1, Ins2, Insc, Insyn1, Insyn2a, Ip6k2, Ipo9, Iqgap1, Iqgap3, Iqsec1, Iqsec2, Irag1, Irgm1, Irgm2, Irs1, Irs2, Irx5, Isl1, Islr2, Isoc2a, Isoc2b, Ist1, Itga1, Itga4, Itga7, Itga9, Itgav, Itgb1, Itgb1bp1, Itgb3, Itpka, Itpr1, Itpr3, Itsn1, Iyd, Jagn1, Jak2, Jak3, Jam3, Jph2, Jph3, Jph4, Jun, Jup, Kalrn, Kank1, Kank2, Kank3, Kank4, Kat2a, Kat2b, Kcna1, Kcna10, Kcna2, Kcna3, Kcna4, Kcna5, Kcna6, Kcna7, Kcnb1, Kcnb2, Kcnc1, Kcnc2, Kcnc3, Kcnc4, Kcnd1, Kcnd2, Kcnd3, Kcne1, Kcne2, Kcne3, Kcne4, Kcne5, Kcnf1, Kcng1, Kcng2, Kcng3, Kcng4, Kcnh1, Kcnh2, Kcnh3, Kcnh4, Kcnh5, Kcnh6, Kcnh7, Kcnh8, Kcnip1, Kcnip2, Kcnj10, Kcnj11, Kcnj2, Kcnj3, Kcnj5, Kcnj6, Kcnj8, Kcnj9, Kcnk1, Kcnk13, Kcnk2, Kcnk3, Kcnk4, Kcnk6, Kcnk9, Kcnma1, Kcnmb1, Kcnmb2, Kcnmb3, Kcnmb4, Kcnn2, Kcnn4, Kcnq1, Kcnq2, Kcnq3, Kcns1, Kcns2, Kcns3, Kcnt1, Kcnu1, Kcnv1, Kcnv2, Kctd12, Kctd16, Kctd7, Kctd8, Kdm1a, Kdm5b, Kdm6a, Kdm8, Kdr, Kel, Khsrp, Kif1a, Kif21b, Kif2c, Kif3a, Kif5b, Kirrel1, Kiss1, Kiss1r, Kit, Kl, Klf2, Klf7, Klk1, Klk1b1, Klk1b11, Klk1b16, Klk1b21, Klk1b22, Klk1b24, Klk1b26, Klk1b27, Klk1b3, Klk1b4, Klk1b5, Klk1b8, Klk1b9, Klk8, Klkb1, Kmt2a, Kng1, Kng2, Kras, Kxd1, L1cam, Lamp1, Lamp2, Lamtor4, Lamtor5, Laptm4b, Laptm5, Large1, Larp1, Larp4b, Lars1, Lars2, Lats1, Lbp, Lcn5, Lep, Lepr, Lgi1, Lgmn, Lhcgr, Lhfpl4, Lichi, Lif, Lilrb4a, Lima1, Limd1, Limk1, Lin28b, Lin7a, Lin7b, Lin7c, Lingo2, Lingo4, Lipa, Lipe, Lmna, Lmod1, Lmod2, Lmod3, Lnpep, Lnpk, Lpar1, Lpar3, Lrat, Lrfn1, Lrfn2, Lrfn3, Lrfn4, Lrfn5, Lrp1, Lrp4, Lrp5, Lrp6, Lrp8, Lrrc24, Lrrc4b, Lrrc7, Lrrc8a, Lrrc8e, Lrrk2, Lrrn1, Lrrn3, Lrrtm1, Lrrtm2, Lrrtm3, Lrrtm4, Lrtm1, Lrtm2, Lsm1, Lss, Lst1, Ltbp4, Ltf, Luzp1, Lyn, Lyst, Lzts1, Lzts3, Macf1, Madd, Mafa, Mag, Magi2, Malat1, Manf, Map1a, Map1b, Map1lc3b, Map2, Map2k1, Map3k1, Map3k13, Map3k7, Map4k4, Mapk1, Mapk10, Mapk14, Mapk8ip2, Mapk8ip3, Mapkapk2, Mapt, Marchf7, Marcks, Mark1, Mark2, Mas1, Mc3r, Mc4r, Mchr1, Mcm8, Mcpt4, Mcu, Mdga1, Mdga2, Mdm2, Mdm4, Mecp2, Med1, Mef2c, Megf8, Meioc, Mep1a, Mertk, Met, Mettl1, Mettl14, Mettl16, Mettl3, Mex3d, Mfn1, Mfn2, Mfsd1, Mfsd2a, Mfsd2b, Mfsd8, Mgll, Midn, Mir100, Mir101a, Mir101b, Mir106a, Mir106b, Mir124-2hg, Mir124a-1hg, Mir125a, Mir125b-1, Mir125b-2, Mir126a, Mir127, Mir128-1, Mir128-2, Mir129, Mir129-1, Mir129-2, Mir130a, Mir132, Mir134, Mir137, Mir138-1, Mir138-2, Mir144, Mir145a, Mir148b, Mir149, Mir150, Mir151, Mir153, Mir15a, Mir17, Mir181a-1, Mir181a-2, Mir181b-1, Mir181b-2, Mir181c, Mir181d, Mir187, Mir191, Mir1954, Mir195a, Mir196a-1, Mir196a-2, Mir196b, Mir1983, Mir19a, Mir19b-1, Mir19b-2, Mir200a, Mir204, Mir205, Mir205hg, Mir20a, Mir211, Mir218, Mir218-1, Mir218-2, Mir22, Mir221, Mir222, Mir23a, Mir23b, Mir24-1, Mir24-2, Mir25, Mir26a-1, Mir26a-2, Mir26b, Mir28a, Mir29a, Mir29b-1, Mir29b-2, Mir300, Mir301b, Mir30a, Mir30b, Mir30c-1, Mir30c-2, Mir30d, Mir30e, Mir320, Mir324, Mir328, Mir330, Mir337, Mir338, Mir342, Mir345, Mir369, Mir374b, Mir378a, Mir379, Mir381, Mir382, Mir383, Mir384, Mir410, Mir411, Mir421, Mir425, Mir433, Mir434, Mir451a, Mir451b, Mir466l, Mir467a-1, Mir467a-10, Mir467a-2, Mir467a-3, Mir467a-4, Mir467a-5, Mir467a-6, Mir467a-7, Mir467a-8, Mir467a-9, Mir467b, Mir484, Mir486, Mir487b, Mir500, Mir501, Mir539, Mir540, Mir541, Mir551b, Mir652, Mir667, Mir672, Mir673, Mir674, Mir7-1, Mir7-2, Mir744, Mir760, Mir770, Mir7b, Mir872, Mir874, Mir9-1, Mir9-2, Mir9-3, Mir92-1, Mir92-2, Mir92b, Mir93, Mir98, Mir99a, Mirlet7c-1, Mirlet7c-2, Mirlet7d, Mirlet7e, Mirlet7f-1, Mirlet7f-2, Mirlet7i, Mkks, Mkln1, Mlh1, Mllt11, Mllt6, Mlst8, Mme, Mmp13, Mmp2, Mmp9, Mmrn1, Morc3, Mosmo, Mov10, Mpc2, Mpig6b, Mpp2, Mpv17l, Mrgprd, Msn, Msx1, mt-Co2, Mt3, Mtch2, Mtln, Mtmr2, Mtmr9, Mtnr1a, Mtnr1b, Mtor, Mtpn, Mtrr, Muc2, Mul1, Mup1, Mup11, Mup2, Mup3, Mup4, Mup5, Musk, Myadm, Myb, Mybpc3, Myc, Mycbp2, Myd88, Myh10, Myh14, Myh6, Myh7, Myh9, Myl12a, Myl12b, Myl2, Myl3, Myl4, Mylip, Mylk, Mylk2, Mylk3, Myo10, Myo1c, Myo3a, Myo3b, Myo5a, Myo5b, Myo6, Myoc, Myrip, Myt1, Naa15, Naa16, Naa30, Naa80, Nadk, Nae1, Naf1, Naglu, Naif1, Nalcn, Nampt, Nanos1, Nanos2, Nanos3, Nav2, Nbea, Nbeal2, Ncald, Ncan, Ncdn, Ncf2, Nck1, Nck2, Nckap1, Nckap1l, Nckipsd, Ncln, Ncoa1, Ncoa2, Ncoa6, Ncor1, Ncor2, Ncstn, Ndc80, Ndel1, Ndp, Ndst2, Ndufaf2, Ndufc2, Ndufs1, Ndufs4, Ndufs6, Neb, Nectin1, Nectin3, Nedd4, Nedd4l, Nedd8, Nedd9, Nefl, Nefm, Negr1, Nell2, Nenf, Neto1, Neto2, Neurl1a, Neurod1, Neurod2, Neurog1, Nf1, Nf2, Nfat5, Nfatc4, Nfe2l2, Nfkb1, Ngef, Ngf, Ngfr, Nherf1, Niban2, Nicol1, Nisch, Nkx2-1, Nkx2-3, Nkx3-1, Nkx6-1, Nlgn1, Nlgn2, Nlgn3, Nlgn4l, Nlk, Nlrp5, Nlrp6, Nmb, Nme1, Nmu, Nnat, Nnt, Noct, Nod2, Nog, Nol3, Nop53, Nos1, Nos1ap, Nos2, Nos3, Nox1, Npas4, Npff, Nphs1, Npm1, Nppa, Nppb, Nppc, Npr1, Npr2, Npr3, Nps, Nptn, Nptx1, Nptx2, Nptxr, Npvf, Npy, Npy1r, Npy2r, Nr0b2, Nr1d1, Nr1h2, Nr1h3, Nr1h4, Nr2e1, Nr2f2, Nr3c1, Nr3c2, Nr5a1, Nrcam, Nrde2, Nrg1, Nrg2, Nrgn, Nrn1, Nrp1, Nrp2, Nrxn1, Nrxn2, Nrxn3, Nsg1, Nsg2, Nsmf, Nsun2, Ntn1, Ntng2, Ntrk1, Ntrk2, Ntrk3, Nts, Ntsr1, Ntsr2, Nucb2, Numb, Numbl, Nup155, Oas2, Oca2, Ocln, Oga, Ogt, Olfm1, Olfm2, Omg, Opa1, Ophn1, Oprd1, Oprk1, Oprl1, Oprm1, Or4m1, Or51e2, Orai1, Osbp, Osm, Otud3, Otud5, Oxct1, Oxsr1, Oxt, Oxtr, P2rx1, P2rx2, P2rx3, P2rx4, P2rx6, P2rx7, P2ry1, P2ry12, P2ry2, P3h1, P4hb, Pabpc1, Pabpc4, Pabpn1l, Pacsin1, Pafah1b1, Paip1, Paip2, Pak1, Pak3, Pakap, Palm, Palm3, Palmd, Pan2, Pan3, Pank2, Papss2, Paqr4, Park7, Parn, Parp1, Parva, Parvb, Parvg, Pask, Patl1, Patl2, Pawr, Pax2, Pax8, Pcbp4, Pcdh8, Pcid2, Pck2, Pclo, Pcm1, Pcsk1, Pcsk1n, Pcsk2, Pcsk4, Pcsk5, Pcsk6, Pdcd10, Pdcd6ip, Pdcl3, Pde12, Pde1c, Pde2a, Pde3a, Pde3b, Pde4c, Pde4d, Pde5a, Pde8b, Pde9a, Pdgfa, Pdgfb, Pdgfra, Pdia2, Pdia3, Pdia4, Pdia6, Pdlim5, Pdpn, Pdss2, Pdx1, Pdxp, Pdzd11, Pear1, Pebp1, Pecam1, Penk, Per2, Per3, Pex11a, Pex11b, Pex11g, Pex19, Pex2, Pex5l, Pex6, Pf4, Pfkfb2, Pfkl, Pfkm, Pfn1, Pfn2, Pfn3, Pgf, Pgrmc1, Phax, Phb1, Phb2, Phip, Phox2b, Pias3, Pias4, Picalm, Pick1, Pid1, Piezo1, Piezo2, Pik3ca, Pik3cb, Pik3cg, Pik3r1, Pik3r2, Pim1, Pim2, Pim3, Pin1, Pin1rt1, Pink1, Pinx1, Pip5k1c, Pip5kl1, Pirb, Piwil1, Piwil2, Piwil4, Pkd1, Pkd2, Pkp2, Pla2g3, Pla2g4a, Pla2g6, Plat, Plau, Plaur, Plb1, Plcb1, Plcb3, Plcg2, Plcz1, Plec, Plek, Plekha1, Plekha7, Plekhg2, Plekhh2, Plekhn1, Plekho1, Plg, Plk1, Plk2, Pln, Plod3, Plpp3, Plppr4, Pls1, Plscr1, Plscr1l1, Plscr2, Plscr3, Plscr4, Plscr5, Plvap, Plxna3, Plxna4, Plxnb1, Plxnb2, Plxnb3, Plxnc1, Plxnd1, Pmaip1, Pmch, Pml, Pmp22, Pnldc1, Pnlip, Pnpla2, Pnpt1, Podxl, Polr2g, Pomc, Popdc1, Popdc2, Popdc3, Por, Porcn, Postn, Pou4f2, Ppa2, Ppara, Ppard, Pparg, Ppargc1a, Ppfia1, Ppfia2, Ppfia3, Ppia, Ppib, Ppif, Ppm1k, Ppp1r15a, Ppp1r1b, Ppp1r9a, Ppp1r9b, Ppp2r3c, Ppp3ca, Ppp3cb, Ppp3r1, Ppt1, Prag1, Prcp, Prdx2, Prdx3, Prelid1, Prep, Prex1, Prickle1, Prickle2, Prkaca, Prkar1a, Prkar1b, Prkca, Prkcb, Prkcd, Prkce, Prkcg, Prkci, Prkcq, Prkcz, Prkd1, Prkdc, Prkg1, Prkg2, Prkn, Prkra, Prl, Prl2a1, Prl2b1, Prl2c1, Prl2c2, Prl2c3, Prl2c5, Prl3a1, Prl3b1, Prl3c1, Prl3d1, Prl3d2, Prl3d3, Prl4a1, Prl5a1, Prl6a1, Prl7a1, Prl7a2, Prl7b1, Prl7c1, Prl7d1, Prl8a1, Prl8a2, Prl8a6, Prl8a8, Prl8a9, Prlhr, Prlr, Prmt3, Prmt8, Prnp, Proc, Procr, Prorsd1, Pros1, Proz, Prpf40a, Prr16, Prrg1, Prrg2, Prrg3, Prrg4, Prrt1, Prrt2, Prss56, Psd, Psen1, Psen2, Psg18, Psg23, Psmd9, Ptafr, Ptbp1, Pten, Pter, Ptgdr, Ptger1, Ptger2, Ptger3, Ptger4, Ptges3, Ptges3-ps, Ptgfr, Ptgir, Ptgs1, Ptgs2, Pth1r, Ptk2, Ptk2b, Ptn, Ptp4a3, Ptpmt1, Ptpn1, Ptpn11, Ptpn13, Ptpn3, Ptpn5, Ptpn6, Ptprd, Ptprf, Ptprj, Ptprm, Ptprn, Ptprn2, Ptpro, Ptprs, Ptprt, Ptprv, Pum1, Pum2, Pxn, Pycard, Pycr1, Pyurf, Qki, Qrfp, Qrsl1, Rab11a, Rab11b, Rab11fip1, Rab11fip2, Rab11fip3, Rab11fip5, Rab14, Rab17, Rab1a, Rab20, Rab21, Rab22a, Rab27a, Rab38, Rab39, Rab3a, Rab3b, Rab3gap1, Rab44, Rab5a, Rab7, Rab8a, Rab8b, Rabep1, Rabl3, Rac1, Rac2, Rac3, Rack1, Rad23a, Raf1, Rala, Ramp2, Rangrf, Rap1a, Rap1gds1, Rap2a, Rap2b, Rapgef2, Rapgef3, Rapgef4, Rapsn, Rara, Rarres2, Rasa1, Rasa3, Rasgrf1, Rasgrf2, Rasip1, Rasl10b, Rassf1, Rassf2, Rb1cc1, Rbfox2, Rbm10, Rbm24, Rbm33, Rbm38, Rbm4, Rbm46, Rbm47, Rbmx, Rbp1, Rbp4, Rc3h1, Rc3h2, Rdh1, Rdh10, Rdh11, Rdh12, Rdh13, Rdh14, Rdh16, Rdh16f2, Rdh19, Rdh5, Rdh7, Rdh8, Rdh9, Rdx, Reln, Ren1, Ren2, Rest, Ret, Retn, Retsat, Rft1, Rfx3, Rfx6, Rgma, Rgs14, Rgs2, Rgs4, Rgs7, Rgs7bp, Rheb, Rhoa, Rhob, Rhobtb1, Rhobtb2, Rhog, Rhoj, Rhoq, Rhot1, Rhot2, Rhou, Ric3, Rictor, Rida, Rimbp2, Rims1, Rims2, Rims3, Rims4, Rin1, Rin3, Rnasek, Rnasel, Rnd2, Rnf122, Rnf128, Rnf139, Rnf149, Rnf207, Rnf216, Rnf220, Rnf5, Rnf6, Rnls, Rnpep, Robo1, Rock1, Rock2, Ror2, Rpe65, Rph3al, Rpl11, Rpl23, Rpl4, Rpl5, Rplp0, Rps5, Rps6ka2, Rps6ka5, Rps7, Rptor, Rtf2, Rtn4, Rtn4r, Rufy3, Runx1, Ryk, Ryr2, Ryr3, S100a13, S100a9, S100b, S1pr2, Sacm1l, Safb, Samd4, Samd4b, Sarm1, Sav1, Saxo1, Scarb1, Scg5, Scgb1a1, Scgn, Schip1, Scin, Scn10a, Scn11a, Scn1a, Scn1b, Scn2a, Scn2b, Scn3a, Scn3b, Scn4a, Scn4b, Scn5a, Scn8a, Scn9a, Scnn1a, Scnn1b, Scnn1g, Scoc, Scp2, Scpep1, Scrib, Sct, Sctr, Sdr16c5, Sdr9c7, Sec16a, Secisbp2, Selenom, Selenot, Selp, Sema3a, Sema3e, Sema3f, Sema3g, Sema4a, Sema4c, Sema4d, Sema4f, Sema5a, Sema6c, Sema6d, Sema7a, Senp1, Senp2, Septin11, Septin7, Septin8, Serf1, Serf2, Serp1, Serpina10, Serpina7, Serpinc1, Serpind1, Serpine1, Serpine2, Serpinf2, Serping1, Setd5, Sez6, Sfrp1, Sgms1os1, Sgpl1, Sh2b3, Sh3bp1, Sh3gl1, Sh3gl2, Sh3glb2, Sh3kbp1, Shank1, Shank2, Shank3, Shc1, Shh, Shisa6, Shisa7, Shisa8, Shisa9, Shox2, Shroom2, Shroom3, Shroom4, Shtn1, Siah1a, Siah1b, Siah3, Sidt2, Sigmar1, Sin3a, Sipa1l1, Sirt1, Sirt2, Sirt3, Sirt4, Sirt6, Siva1, Six1, Six4, Slamf8, Slc11a1, Slc12a1, Slc12a2, Slc12a3, Slc12a4, Slc12a5, Slc12a6, Slc12a7, Slc12a8, Slc12a9, Slc16a1, Slc16a10, Slc16a2, Slc17a4, Slc17a6, Slc17a7, Slc17a8, Slc18a2, Slc18a3, Slc1a1, Slc1a6, Slc1a7, Slc22a3, Slc24a1, Slc24a2, Slc24a4, Slc25a22, Slc25a27, Slc25a31, Slc25a33, Slc25a36, Slc25a4, Slc25a5, Slc26a3, Slc26a5, Slc26a6, Slc26a7, Slc29a1, Slc2a2, Slc2a5, Slc30a1, Slc30a5, Slc30a8, Slc34a1, Slc35f6, Slc38a1, Slc39a14, Slc39a8, Slc3a2, Slc45a2, Slc4a1, Slc4a10, Slc4a11, Slc4a2, Slc4a3, Slc4a4, Slc4a5, Slc4a7, Slc4a8, Slc4a9, Slc51b, Slc5a2, Slc5a5, Slc66a2, Slc6a12, Slc6a3, Slc6a4, Slc7a11, Slc7a5, Slc7a8, Slc8a1, Slc8a2, Slc8a3, Slc8b1, Slc9a1, Slc9a2, Slc9a3, Slc9a4, Slc9a5, Slc9a6, Slc9a7, Slc9a8, Slc9a9, Slc9b1, Slc9b2, Slc9c1, Slco1c1, Slco4a1, Slfn2, Slit1, Slit2, Slitrk1, Slitrk2, Slitrk3, Slitrk4, Slitrk5, Slitrk6, Slmap, Smad2, Smad3, Smad4, Smad6, Smad7, Smo, Smpd3, Smtn, Smtnl1, Smurf1, Snap23, Snap25, Snap47, Snap91, Snapin, Snca, Snf8, Snord32a, Snord33, Snord34, Snord35a, Snta1, Snx19, Snx27, Snx4, Snx5, Snx6, Snx9, Socs2, Sod1, Sod2, Sod3, Sorcs2, Sorcs3, Sox11, Sox17, Sox4, Sox8, Sparc, Sparcl1, Spart, Specc1l, Spg11, Spg7, Spns1, Spp1, Sppl2c, Sppl3, Sprr1b, Sprr2a1, Spta1, Sptan1, Sptb, Sptbn1, Sptbn4, Spx, Sqstm1, Src, Srcin1, Srd5a1, Srd5a2, Srebf1, Srf, Srgap2, Srgap3, Sri, Srpx2, Srsf1, Ssh1, Ssh2, Ssh3, Sst, Sstr5, St3gal4, St8sia2, Star, Stard3, Stat1, Stat3, Stat5a, Stat5b, Stau1, Stau2, Stc2, Stim1, Stk3, Stk39, Stk4, Stox1, Stpg1, Strip2, Strn4, Stub1, Stx12, Stx1a, Stx1b, Stx3, Stx4a, Stxbp1, Stxbp3, Stxbp4, Stxbp5l, Sucnr1, Sugt1, Sult1a1, Sult1b1, Sult1e1, Sult2a1, Sult2a2, Sult2a3, Sult2a4, Sult2a5, Sult2a6, Sult2a7, Sult2a8, Sumo1, Susd4, Svep1, Svil, Swap70, Swsap1, Syap1, Sybu, Syk, Syn1, Syncrip, Syndig1, Syne3, Syngap1, Syngr1, Synj1, Synpo, Syp, Syt12, Syt17, Syt3, Syt4, Syt7, Syt9, Sytl2, Sytl4, Syvn1, Tac1, Tac2, Tac4, Tacr1, Tacr2, Tacr3, Tada2a, Tada3, Taf15, Taf9, Taf9b, Tafa4, Tamalin, Tanc1, Tanc2, Taok2, Tapbp, Tardbp, Tars2, Tasl, Tbc1d1, Tbc1d20, Tbc1d24, Tbccd1, Tbl1x, Tbrg1, Tbrg4, Tbx18, Tbx3, Tbx5, Tbxa2r, Tbxas1, Tcf3, Tcf7l2, Tcirg1, Tcp1, Tec, Telo2, Tenm1, Tent4a, Tent4b, Tent5a, Tent5b, Tent5c, Tent5d, Tert, Tesc, Tescl, Tfap2b, Tfpi, Tfpi2, Tfr2, Tfrc, Tg, Tgfb1, Tgfbr3, Thbd, Thbs1, Thbs2, Them4, Thra, Thrap3, Thrb, Tiam1, Tifab, Tiparp, Tirap, Tjp1, Tjp2, Tjp3, Tlcd1, Tlcd2, Tlr2, Tlr4, Tm7sf3, Tm9sf4, Tmbim6, Tmc6, Tmc8, Tmem102, Tmem106b, Tmem108, Tmem135, Tmem14a, Tmem161b, Tmem165, Tmem175, Tmem183a, Tmem199, Tmem25, Tmem30a, Tmem30b, Tmem30c, Tmem41b, Tmem88, Tmem9, Tmf1, Tmigd1, Tmod1, Tmod2, Tmod3, Tmod4, Tmprss6, Tmsb15b2, Tmsb15l, Tmx1, Tnf, Tnfrsf12a, Tnfrsf1b, Tnfsf11, Tnik, Tnip2, Tnnc1, Tnni3, Tnni3k, Tnnt2, Tnr, Tnrc6a, Tnrc6b, Tnrc6c, Tob1, Tomm7, Tpbg, Tpcn2, Tph1, Tpm1, Tpo, Tpsab1, Traf2, Traf3ip2, Traf5, Traf6, Trappc11, Trdmt1, Trdn, Trem2, Treml1, Trex1, Trh, Trhr, Triap1, Trim21, Trim24, Trim37, Trim39, Trim44, Trim46, Trim47, Trim71, Trp53, Trp73, Trpa1, Trpc1, Trpc2, Trpc3, Trpc4, Trpc5, Trpc6, Trpm2, Trpm4, Trpm5, Trpv1, Trpv2, Trpv4, Trpv5, Trpv6, Tsc1, Tsc2, Tshz3, Tspan1, Tspan18, Tspan32, Tspan4, Tspan7, Tspan8, Tspan9, Tspo, Ttc3, Ttl, Ttll6, Ttpa, Ttr, Tuba1a, Tubb1, Tubb5, Tunar, Tusc2, Tut4, Tut7, Twf1, Twf2, Tyro3, Tyrobp, Ubash3b, Ubb, Ube2b, Ube2m, Ube2q1, Ube2v2, Ube3a, Ube3b, Ubl4a, Ubr4, Ubr5, Ucn, Ucn2, Ucn3, Ucp2, Ufl1, Ugt1a1, Ugt1a7c, Ugt2b1, Ugt2b35, Ugt2b36, Ugt2b5, Ulk1, Ulk2, Umod, Umps, Unc13a, Unc13b, Unc13c, Upf1, Uprt, Uqcc2, Usf2, Ush1c, Usp1, Usp10, Usp12, Usp13, Usp17la, Usp17lb, Usp17lc, Usp17ld, Usp17le, Usp18, Usp19, Usp2, Usp24, Usp25, Usp26, Usp27x, Usp28, Usp29, Usp30, Usp33, Usp34, Usp35, Usp36, Usp37, Usp38, Usp4, Usp40, Usp42, Usp46, Usp47, Usp48, Usp5, Usp53, Usp7, Usp8, Usp9x, Usp9y, Utp25, Uts2, Uts2b, Uts2r, Vac14, Vamp2, Vamp7, Vamp8, Vangl2, Vapb, Vars1, Vars2, Vasp, Vav1, Vav2, Vav3, Vcp, Vdac2, Vdr, Vegfa, Vegfc, Vgf, Vhl, Vil1, Vill, Vim, Vip, Vkorc1, Vldlr, Vmn2r116, Vmp1, Vpreb1a, Vpreb1b, Vps13a, Vps26b, Vps33a, Vps33b, Vps35, Vsnl1, Vstm4, Vstm5, Vtn, Vwc2, Vwf, Was, Wasf3, Washc1, Washc4, Washc5, Wasl, Wdpcp, Wdr1, Wdr35, Wdr36, Wdr81, Wdtc1, Wfs1, Wiz, Wnk1, Wnk3, Wnk4, Wnt10b, Wnt3, Wnt3a, Wnt4, Wnt5a, Wnt7a, Wnt7b, Wnt9b, Wwp2, Xbp1, Xcr1, Xdh, Xirp1, Xk, Xkr4, Xkr6, Xkr7, Xkr8, Xkr9, Xlr3b, Xrcc4, Ybx1, Ybx2, Yipf5, Ypel4, Yrdc, Ythdf1, Ythdf2, Ythdf3, Ywhae, Ywhag, Ywhah, Ywhaz, Zar1, Zbed3, Zbed6, Zbtb7b, Zc3h12a, Zc3h12d, Zc3h14, Zc3h18, Zcchc17, Zdhhc15, Zdhhc17, Zdhhc2, Zdhhc21, Zdhhc5, Zdhhc8, Zeb2, Zfp13, Zfp207, Zfp36, Zfp36l1, Zfp36l2, Zfp36l3, Zfp385a, Zfp804a, Zfyve27, Zmpste24, Zmynd8, Zswim7, Zzef1
GO:0023052	signaling	7351	150	107.08	1.9e-06	7.3359e-4	1700109H08Rik, 1810024B03Rik, 2210016L21Rik, 2510002D24Rik, 2610005L07Rik, 2610042L04Rik, 2700049A03Rik, 2810408A11Rik, 3425401B19Rik, 4930544G11Rik, 6030468B19Rik, a, A1bg, Aacs, Aak1, Aars1, Aars2, Aatf, Abat, Abca1, Abca12, Abca7, Abcc4, Abcc8, Abcc9, Abcg1, Abhd17a, Abhd2, Abhd6, Abi1, Abi2, Abl1, Abl2, Abr, Abra, Abraxas1, Abtb3, Acaa2, Acap1, Acbd7, Ace, Ace2, Acer2, Ache, Ackr1, Ackr2, Ackr3, Ackr4, Acod1, Acot11, Acp3, Acp4, Acsl1, Acsl4, Acsl5, Acta2, Actn2, Actn3, Actn4, Actrt1, Acvr1, Acvr1b, Acvr1c, Acvr2a, Acvr2b, Acvrl1, Ada, Adam10, Adam15, Adam17, Adam8, Adam9, Adamts12, Adamts20, Adamts3, Adamtsl2, Adar, Adarb1, Adcy1, Adcy10, Adcy2, Adcy3, Adcy4, Adcy5, Adcy6, Adcy7, Adcy8, Adcy9, Adcyap1, Adcyap1r1, Adgra1, Adgra2, Adgra3, Adgrb1, Adgrb2, Adgrb3, Adgrd1, Adgre1, Adgre4, Adgre5, Adgrf1, Adgrf2, Adgrf3, Adgrf4, Adgrf5, Adgrg1, Adgrg2, Adgrg3, Adgrg4, Adgrg5, Adgrg6, Adgrg7, Adgrl1, Adgrl2, Adgrl3, Adgrl4, Adgrv1, Adipoq, Adipor1, Adipor2, Adissp, Adm, Adm2, Adnp, Adora1, Adora2a, Adora2b, Adora3, Adra1a, Adra1b, Adra1d, Adra2a, Adra2b, Adra2c, Adrb1, Adrb2, Adrb3, Adrm1, Aen, Afap1, Afap1l2, Afdn, Agap2, Ager, Ago1, Ago3, Agr2, Agrn, Agrp, Agt, Agtr1a, Agtr1b, Agtr2, Agtrap, Agxt, Ahcyl1, Ahi1, Ahr, Ahsg, Aida, Aif1, Aifm1, Aim2, Aimp1, Aip, Aipl1, Ajuba, Akap12, Akap13, Akap3, Akap4, Akap5, Akap6, Akap7, Akap9, Akip1, Akr1b1, Akr1c18, Akt1, Akt1s1, Akt2, Akt3, Aldh1a2, Aldh1a3, Aldh2, Aldh5a1, Alg13, Alk, Alkal1, Alkal2, Alms1, Alox12b, Alox15, Alox5, Alox8, Aloxe3, Alpk1, Alpk2, Als2, Ambn, Ambra1, Amelx, Amer1, Amer2, Amer3, Amfr, Amh, Amhr2, Amot, Amotl1, Amotl2, Anapc15, Anapc15-ps, Anapc2, Ang, Ang2, Angpt1, Angpt2, Angpt4, Angptl1, Angptl3, Angptl8, Ank1, Ank2, Ank3, Ankdd1b, Ankrd1, Ankrd11, Ankrd13c, Ankrd17, Ankrd2, Ankrd26, Ankrd54, Ankrd6, Ankrd66, Anks1, Anks1b, Ano1, Ano6, Anxa1, Anxa2, Anxa4, Anxa5, Anxa6, Anxa7, Anxa9, Ap1ar, Ap3b1, Apaf1, Apba1, Apba2, Apba3, Apbb1ip, Apc, Apc2, Apcdd1, Apela, Aph1a, Aph1b, Aph1c, Apip, Apln, Aplnr, Aplp1, Aplp2, Apoa1, Apoa2, Apob, Apoc3, Apod, Apoe, App, Appl1, Appl2, Aqp1, Ar, Araf, Arap1, Arap2, Arap3, Arc, Areg, Arf1, Arf4, Arf6, Arfgap1, Arfgef1, Arfgef2, Arfgef3, Arg1, Arhgap1, Arhgap10, Arhgap11a, Arhgap12, Arhgap15, Arhgap17, Arhgap18, Arhgap19, Arhgap20, Arhgap21, Arhgap22, Arhgap23, Arhgap24, Arhgap25, Arhgap26, Arhgap27, Arhgap28, Arhgap29, Arhgap30, Arhgap31, Arhgap32, Arhgap33, Arhgap33os, Arhgap35, Arhgap36, Arhgap39, Arhgap40, Arhgap42, Arhgap44, Arhgap45, Arhgap5, Arhgap6, Arhgap8, Arhgap9, Arhgdia, Arhgdib, Arhgdig, Arhgef1, Arhgef10l, Arhgef11, Arhgef12, Arhgef18, Arhgef2, Arhgef28, Arhgef3, Arhgef4, Arhgef5, Arhgef6, Arhgef7, Arhgef9, Arid1a, Arid1b, Arid4a, Arid4b, Arid5b, Ark2c, Arl13b, Arl2bp, Arl3, Arl6, Arl6ip5, Armc10, Armc9, Armh4, Arnt, Arnt2, Arpc2, Arr3, Arrb1, Arrb2, Arrdc1, Arrdc3, Artn, Asah2, Asb1, Asb10, Asb11, Asb13, Asb14, Asb15, Asb16, Asb17, Asb18, Asb2, Asb3, Asb4, Asb5, Asb6, Asb7, Asb8, Asb9, Ascl1, Ash1l, Asic1, Asic2, Aspm, Aspn, Asxl1, Asxl2, Atad1, Atad3a, Atad5, Atat1, Atf1, Atf2, Atf3, Atf4, Atf6, Atf6b, Atf7, Atg10, Atg14, Atg5, Atg7, Atm, Atoh1, Atoh8, Atp1a1, Atp1a3, Atp1b1, Atp2a1, Atp2a2, Atp2a3, Atp2b2, Atp2b4, Atp2c1, Atp5if1, Atp5pf, Atp6ap2, Atp6v0c, Atp6v1c2, Atp7a, Atr, Atrip, Atrnl1, Atrx, Atxn1, Atxn3, Atxn7, Aurka, Aurkb, Auts2, Avp, Avpi1, Avpr1a, Avpr1b, Avpr2, Axin1, Axin2, Axl, AY074887, Azi2, B9d1, Babam1, Babam2, Bace1, Bad, Bag3, Bag4, Bag5, Bag6, Baiap2, Baiap3, Bak1, Bambi, Banf1, Bank1, Bard1, Barx1, Batf, Bax, Bbc3, Bbip1, Bbln, Bbs2, Bbs4, Bbs7, BC028528, Bcap31, Bcar1, Bcar3, Bcas3, Bche, Bcl10, Bcl2, Bcl2a1a, Bcl2a1b, Bcl2a1c, Bcl2a1d, Bcl2l1, Bcl2l10, Bcl2l11, Bcl2l12, Bcl2l14, Bcl2l2, Bcl3, Bcl6, Bcl7b, Bcl9, Bcl9l, Bclaf1, Bcr, Bdkrb1, Bdkrb2, Bdnf, Becn1, Becn2, Begain, Bend6, Best1, Bex1, Bex2, Bex3, Bfar, Bglap, Bglap2, Bhlha15, Bicc1, Bicd1, Bid, Bik, Birc2, Birc3, Birc5, Birc6, Birc7, Blk, Blm, Blnk, Bloc1s2, Blvrb, Bmal1, Bmf, Bmi1, Bmncr, Bmp1, Bmp10, Bmp15, Bmp2, Bmp2k, Bmp3, Bmp4, Bmp5, Bmp6, Bmp7, Bmp8a, Bmp8b, Bmper, Bmpr1a, Bmpr1b, Bmpr2, Bmx, Bmyc, Bnip1, Bnip2, Bnip3, Bnip3l, Boc, Bok, Bop1, Bpi, Bpifb1, Braf, Brap, Brca1, Brca2, Brcc3, Brcc3dc, Brd4, Brd7, Brk1, Brms1, Brms1l, Brs3, Brsk1, Brsk2, Bsn, Bst1, Btbd10, Btbd9, Btc, Btk, Btla, Btn1a1, Btn2a2, Btnl1, Btnl10, Btnl12, Btnl2, Btnl4, Btnl6, Btnl9, Btrc, Bub1, Bub1b, Bub3, Bud31, C1qbp, C1ql4, C1qtnf1, C1qtnf12, C1qtnf2, C1qtnf3, C1qtnf4, C1qtnf9, C2cd2l, C2cd3, C2cd5, C3, C3ar1, C5ar1, C5ar2, C9orf72, Cab39, Cab39l, Cabin1, Cabp1, Cabp4, Cabyr, Cacna1a, Cacna1b, Cacna1c, Cacna1d, Cacna1e, Cacna1g, Cacna2d1, Cacna2d2, Cacnb1, Cacnb2, Cacnb3, Cacnb4, Cacng2, Cacng3, Cacng4, Cacng5, Cacng7, Cacng8, Cactin, Cadm1, Cadm4, Cadps, Cadps2, Calb1, Calb2, Calca, Calcb, Calcoco1, Calcr, Calcrl, Calhm2, Calm1, Calm2, Calm3, Calr, Camk1, Camk1d, Camk1g, Camk2a, Camk2b, Camk2d, Camk2g, Camk2n1, Camk4, Camkk1, Camkk2, Camkv, Caml, Camta1, Cap1, Cap2, Capn1, Capn10, Capn3, Caprin2, Car2, Car7, Car8, Card10, Card11, Card14, Card6, Card9, Carm1, Carmil2, Cartpt, Cask, Caskin1, Casp1, Casp12, Casp2, Casp3, Casp4, Casp6, Casp8, Casp8ap2, Casp9, Casq1, Casq2, Casr, Cass4, Castor1, Castor2, Cat, Cav1, Cav2, Cav3, Cavin3, Cavin4, Cbfa2t2, Cbl, Cblb, Cblc, Cbln1, Cbln2, Cbln4, Cbs, Cby1, Cc2d2a, Ccar2, Ccbe1, Ccdc125, Ccdc186, Ccdc22, Ccdc3, Ccdc47, Ccdc85c, Ccdc88a, Ccdc88c, Cck, Cckar, Cckbr, Ccl1, Ccl11, Ccl12, Ccl17, Ccl19, Ccl19-ps1, Ccl19-ps3, Ccl19-ps4, Ccl19-ps5, Ccl19-ps6, Ccl2, Ccl20, Ccl21a, Ccl21b, Ccl21d, Ccl21e, Ccl21f, Ccl22, Ccl24, Ccl25, Ccl26, Ccl27a, Ccl28, Ccl3, Ccl4, Ccl5, Ccl6, Ccl7, Ccl8, Ccl9, Ccn1, Ccn2, Ccn3, Ccn4, Ccn5, Ccn6, Ccna2, Ccnb1, Ccnb1-ps, Ccnc, Ccnd1, Ccnd3, Ccne1, Ccng1, Ccnk, Ccnq, Ccny, Ccnyl1, Ccr1, Ccr10, Ccr1l1, Ccr2, Ccr3, Ccr4, Ccr5, Ccr6, Ccr7, Ccr8, Ccr9, Ccrl2, Cd109, Cd14, Cd160, Cd177, Cd180, Cd19, Cd22, Cd226, Cd247, Cd24a, Cd27, Cd274, Cd276, Cd28, Cd2ap, Cd300a, Cd300c, Cd300c2, Cd300e, Cd300lb, Cd300ld, Cd300ld2, Cd300ld3, Cd300ld4, Cd300lf, Cd300lg, Cd320, Cd34, Cd36, Cd38, Cd3d, Cd3e, Cd3g, Cd4, Cd40, Cd40lg, Cd44, Cd46, Cd47, Cd48, Cd5, Cd55, Cd55b, Cd59a, Cd6, Cd63, Cd68, Cd70, Cd74, Cd79a, Cd79b, Cd80, Cd81, Cd84, Cd86, Cd8a, Cd8b1, Cdc14b, Cdc20, Cdc34, Cdc34b, Cdc37, Cdc42, Cdc42bpa, Cdc42ep1, Cdc42ep2, Cdc42ep3, Cdc42ep4, Cdc42ep5, Cdc42se1, Cdc42se2, Cdc5l, Cdc5lrt1, Cdc5lrt10, Cdc5lrt4, Cdc5lrt5, Cdc5lrt6, Cdc5lrt7, Cdc5lrt8, Cdc5lrt9, Cdc6, Cdc7, Cdc73, Cdca8, Cdh1, Cdh11, Cdh13, Cdh17, Cdh2, Cdh3, Cdh5, Cdh6, Cdh8, Cdip1, Cdk1, Cdk10, Cdk11b, Cdk13, Cdk14, Cdk16, Cdk2, Cdk20, Cdk3, Cdk4, Cdk5, Cdk5r1, Cdk5rap2, Cdk5rap3, Cdk6, Cdkl5, Cdkn1a, Cdkn1b, Cdkn1c, Cdkn2a, Cdkn2aip, Cdkn2b, Cdkn2d, Cdnf, Cdon, Cds2, Cdt1, Ceacam1, Ceacam10, Ceacam2, Ceacam20, Cebpa, Cebpb, Cela1, Cela2a, Celf4, Celf6, Celsr1, Celsr2, Celsr3, Cenpe, Cep192, Cep55, Cep57, Cep63, Cep89, Cer1, Cert1, Cfap410, Cfap58, Cfc1, Cfd, Cfl1, Cflar, Cftr, Cga, Cgas, Cgnl1, Chac1, Chat, Chchd10, Chd5, Chd7, Chd8, Chek1, Chek2, Cherp, Chfr, Chga, Chi3l1, Chlsn, Chm, Chml, Chmp2b, Chmp4c, Chmp5, Chmp6, Chn1, Chn2, Chp1, Chp2, Chrd, Chrdl1, Chrdl2, Chrm1, Chrm2, Chrm3, Chrm4, Chrm5, Chrna1, Chrna10, Chrna2, Chrna3, Chrna4, Chrna5, Chrna6, Chrna7, Chrna9, Chrnb1, Chrnb2, Chrnb3, Chrnb4, Chrnd, Chrne, Chrng, Chst11, Chsy1, Chuk, Churc1, Cib1, Cibar1, Cidea, Cilk1, Cilp, Cish, Cit, Cited1, Cited2, Ckap5, Cklf, Clasp2, Clca3a2, Clcf1, Clcn3, Cldn18, Cldn5, Clec11a, Clec12a, Clec12b, Clec14a, Clec16a, Clec1a, Clec1b, Clec2i, Clec4d, Clec4e, Clec4n, Clec7a, Clmp, Cln3, Clnk, Clock, Clpb, Clspn, Clstn1, Clstn2, Clstn3, Cltrn, Clu, Cluap1, Clxn, Cmah, Cmklr1, Cmklr2, Cmtm2a, Cmtm2b, Cmtm3, Cmtm5, Cmtm7, Cmtm8, Cmya5, Cngb1, Cnih2, Cnih3, Cnksr1, Cnksr2, Cnksr3, Cnmd, Cnot1, Cnot2, Cnot3, Cnot7, Cnot9, Cnr1, Cnr2, Cnrip1, Cntf, Cntfr, Cntn1, Cntn2, Cntn6, Cntnap2, Cntnap4, Coa8, Col1a1, Col1a2, Col2a1, Col3a1, Col4a1, Col4a2, Col4a3, Col4a5, Col4a6, Col6a1, Col6a2, Col6a3, Colec12, Commd1, Commd4, Commd6, Commd7, Commd8, Comp, Comt, Copa, Cops5, Cops8, Coro1a, Coro1b, Coro7, Cort, Cpap, Cpe, Cpeb1, Cpeb2, Cpeb3, Cpeb4, Cplane2, Cplx1, Cplx2, Cplx3, Cplx4, Cpne1, Cpne3, Cpt1a, Cptp, Cpz, Cr2, Cracr2a, Cradd, Crb2, Crbn, Crcp, Creb1, Creb3, Creb3l1, Crebbp, Crebrf, Crh, Crhbp, Crhr1, Crhr2, Crim1, Crip1, Cripto, Crk, Crkl, Crlf1, Crlf2, Crlf3, Crmp1, Crnn, Crtc1, Crtc3, Cry1, Cry2, Cryab, Cryba1, Csf1, Csf1r, Csf2, Csf2ra, Csf2rb, Csf2rb2, Csf3, Csf3r, Csk, Csnk1a1, Csnk1d, Csnk1e, Csnk1g1, Csnk1g2, Csnk1g3, Csnk2a1, Csnk2a2, Csnk2b, Cspg4, Cspg5, Csrnp1, Csrp3, Cst11, Ctbp1, Ctbp2, Ctdnep1, Ctdspl2, Ctf1, Ctf2, Cth, Cthrc1, Ctla4, Ctnna1, Ctnnal1, Ctnnb1, Ctnnbip1, Ctnnd1, Ctnnd2, Ctns, Ctr9, Ctsc, Ctsd, Ctsg, Ctsh, Cttn, Cul1, Cul3, Cul4a, Cul5, Cux2, Cuzd1, Cwh43, Cx3cl1, Cx3cr1, Cxadr, Cxcl1, Cxcl10, Cxcl11, Cxcl12, Cxcl13, Cxcl14, Cxcl15, Cxcl16, Cxcl17, Cxcl2, Cxcl3, Cxcl5, Cxcl9, Cxcr1, Cxcr2, Cxcr3, Cxcr4, Cxcr5, Cxcr6, Cxxc4, Cyb5r4, Cyba, Cybb, Cycs, Cyct, Cyfip1, Cyfip2, Cyld, Cyp19a1, Cyp1b1, Cyp26a1, Cyp26b1, Cyp27b1, Cyp2j5, Cyp2j6, Cyp46a1, Cyp7b1, Cyrib, Cysltr1, Cysltr2, Cyth1, Cyth2, Cyth3, Cyth4, D130043K22Rik, D1Pas1, D7Ertd443e, Daam1, Daam2, Dab1, Dab2, Dab2ip, Dact1, Dact2, Dact3, Dag1, Dagla, Dand5, Dap, Dapk1, Dapk2, Dapk3, Dapl1, Daxx, Dbh, Dbi, Dbn1, Dbndd1, Dbndd2, Dbnl, Dbx2, Dcc, Dcdc2a, Dcdc2c, Dchs1, Dclk1, Dclk2, Dclk3, Dcn, Dcp1a, Dcst1, Dcx, Ddb1, Ddias, Ddit3, Ddit4, Ddit4l, Ddr1, Ddr2, Ddrgk1, Ddx1, Ddx17, Ddx21, Ddx3x, Ddx47, Ddx5, Ddx60, Dedd, Dedd2, Defb1, Defb21, Defb25, Defb37, Dele1, Dennd1a, Dennd1b, Dennd2b, Dennd3, Dennd4a, Dennd4b, Dennd4c, Depdc1a, Depdc1b, Depdc5, Depdc7, Deptor, Derl1, Derl2, Derl3, Dgat1, Dgka, Dgkb, Dgkd, Dgke, Dgkg, Dgkh, Dgki, Dgkk, Dgkq, Dgkz, Dhcr24, Dhh, Dhrs3, Dhx15, Dhx33, Dhx36, Dhx58, Diablo, Diaph1, Diaph2, Diaph3, Dicer1, Dido1, Dio2, Dipk2a, Diras1, Diras2, Disc1, Disp1, Disp2, Dixdc1, Dkk1, Dkk2, Dkk3, Dkk4, Dkkl1, Dlc1, Dlg1, Dlg2, Dlg3, Dlg4, Dlg5, Dlgap1, Dlgap2, Dlgap3, Dlgap4, Dlgap5, Dlk1, Dlk2, Dll1, Dll3, Dll4, Dlx1, Dlx2, Dlx3, Dlx5, Dmd, Dmpk, Dmrt1, Dmxl2, Dna2, Dnaaf4, Dnai1, Dnaja1, Dnaja3, Dnajb9, Dnajc10, Dnajc27, Dnajc3, Dner, Dnm1, Dnm1l, Dnm2, Dnmbp, Doc2a, Doc2b, Doc2g, Dock1, Dock10, Dock11, Dock2, Dock3, Dock4, Dock5, Dock6, Dock7, Dock8, Dock9, Dok1, Dok2, Dok3, Dok4, Dok5, Dok6, Dok7, Donson, Dot1l, Draxin, Drd1, Drd2, Drd3, Drd4, Drd5, Drp2, Dsc2, Dscam, Dsg3, Dsg4, Dstyk, Dtl, Dtna, Dtnb, Dtnbp1, Dtx1, Dtx2, Dtx3, Dtx3l, Dtx4, Duox1, Duox2, Dusp1, Dusp10, Dusp13b, Dusp15, Dusp16, Dusp19, Dusp2, Dusp22, Dusp26, Dusp29, Dusp3, Dusp4, Dusp5, Dusp6, Dusp7, Dusp8, Dusp9, Dvl1, Dvl2, Dvl3, Dync1li1, Dync2h1, Dynll1, Dynlt1a, Dynlt1b, Dynlt1c, Dynlt1f, Dyrk1a, Dyrk2, Dyrk3, Dytn, Dzip1, Dzip1l, E130311K13Rik, E2f1, E2f2, Eaf2, Ebi3, Ece1, Ecel1, Ecm1, Ecrg4, Ecsit, Ect2, Eda, Eda2r, Edar, Edaradd, Edem2, Edem3, Edn1, Edn2, Edn3, Ednra, Ednrb, Eea1, Eed, Eef1e1, Efcab7, Efemp1, Efhb, Efna1, Efna2, Efna3, Efna4, Efna5, Efnb1, Efnb2, Efnb3, Efr3a, Efs, Egf, Egfl7, Egfr, Egln1, Egr1, Egr2, Egr3, Ei24, Eid2, Eif2a, Eif2ak1, Eif2ak2, Eif2ak3, Eif2ak4, Eif2b1, Eif2b2, Eif2b3, Eif2b4, Eif2b5, Eif2s1, Eif3a, Eif4a3, Eif4a3l1, Eif4a3l2, Eif4e, Eif4e2, Eif4ebp1, Eif4ebp2, Eipr1, Elapor2, Elf1, Elfn1, Elfn2, Ell3, Elmo1, Elp2, Elp6, Emd, Eme1, Eme2, Emilin1, Emp2, Endog, Eng, Enho, Eno1, Eno1b, Enpp1, Ensa, Entpd1, Entpd2, Entrep1, Eny2, Ep300, Epcam, Epg5, Epgn, Epha1, Epha10, Epha2, Epha3, Epha4, Epha5, Epha6, Epha7, Epha8, Ephb1, Ephb2, Ephb3, Ephb4, Ephb6, Epm2a, Epn1, Epn2, Epo, Epor, Eps15, Eps8, Eps8l1, Eps8l2, Eps8l3, Eras, Erbb2, Erbb3, Erbb4, Erbin, Erc1, Erc2, Ercc1, Ercc2, Ercc6, Ereg, Erfe, Erlec1, Erlin1, Erlin2, Ermap, Ermp1, Ern1, Ern2, Ero1a, Erp29, Errfi1, Esm1, Esp1, Esp22, Esp6, Esr1, Esr2, Esrra, Esrrb, Esrrg, Etaa1, Etv2, Etv5, Eva1a, Evc, Evc2, Exoc3l, Exoc4, Ext1, Extl3, Eya1, Eya2, Eya3, Eya4, Ezh2, Ezr, F10, F11r, F2, F2r, F2rl1, F2rl2, F2rl3, F3, F7, Faah, Fabp5, Fadd, Faf1, Faim, Faim2, Faiml, Fam107a, Fam110c, Fam114a1, Fam120b, Fam13b, Fam162a, Fam20c, Fam220a, Fam3a, Fam3b, Fam3c, Fam3d, Fam53b, Fam83a, Fam83b, Fam83c, Fam83d, Fam83e, Fam83f, Fam83g, Fam83h, Fam89b, Fanca, Fancd2, Farp1, Farp2, Fas, Fasl, Fat4, Fbh1, Fbln1, Fbn1, Fbn2, Fbp1, Fbrs, Fbxl15, Fbxl17, Fbxl2, Fbxl20, Fbxo2, Fbxo21, Fbxo31, Fbxo4, Fbxo41, Fbxo45, Fbxo7, Fbxo8, Fbxo9, Fbxw11, Fbxw4, Fbxw7, Fbxw7as1, Fcamr, Fcer1a, Fcer1g, Fcer2a, Fcgr1, Fcgr2b, Fcgr3, Fcgr4, Fcho1, Fchsd1, Fchsd2, Fcmr, Fcna, Fcnb, Fcrl2, Fcrl5, Fcrl6, Fcrla, Fcrlb, Fem1a, Fem1b, Fer, Fermt1, Fermt2, Fermt3, Ffar1, Ffar2, Ffar3, Ffar4, Fga, Fgb, Fgd2, Fgd4, Fgf1, Fgf10, Fgf11, Fgf12, Fgf13, Fgf14, Fgf15, Fgf16, Fgf17, Fgf18, Fgf2, Fgf20, Fgf21, Fgf22, Fgf23, Fgf3, Fgf4, Fgf5, Fgf6, Fgf7, Fgf8, Fgf9, Fgfbp1, Fgfbp3, Fgfr1, Fgfr2, Fgfr3, Fgfr4, Fgfrl1, Fgg, Fgr, Fhit, Fhl2, Ficd, Fignl1, Fis1, Fjx1, Fkbp1a, Fkbp1b, Fkbp4, Fkbp8, Fkrp, Fktn, Flcn, Flna, Flot1, Flot2, Flrt1, Flrt2, Flrt3, Flt1, Flt3, Flt3l, Flt4, Fmr1, Fn1, Fnbp1, Fnbp1l, Fndc5, Fnip1, Fnip2, Fnta, Folr1, Fos, Fosl1, Fosl2, Foxa1, Foxa2, Foxc1, Foxc2, Foxd1, Foxf1, Foxh1, Foxl1, Foxl2, Foxm1, Foxn3, Foxo1, Foxo3, Foxo4, Foxp1, Foxp3, Fpr-rs3, Fpr-rs4, Fpr-rs6, Fpr-rs7, Fpr1, Fpr2, Fpr3, Frat1, Frat2, Frk, Frmd6, Frmd7, Frmd8, Frmpd1, Frrs1l, Frs2, Frs3, Frzb, Fshb, Fshr, Fst, Fstl1, Fstl3, Fstl4, Fstl5, Fto, Furin, Fut7, Fut8, Fuz, Fxn, Fxr1, Fxr2, Fyb1, Fyb2, Fyn, Fzd1, Fzd10, Fzd2, Fzd3, Fzd4, Fzd5, Fzd6, Fzd7, Fzd8, Fzd9, Fzr1, G0s2, G2e3, G3bp1, G3bp2, G6pc2, Gab1, Gab2, Gab3, Gabarap, Gabbr1, Gabbr2, Gabra1, Gabra2, Gabra3, Gabra4, Gabra5, Gabra6, Gabrb1, Gabrb2, Gabrb3, Gabrd, Gabre, Gabrg1, Gabrg2, Gabrg3, Gabrq, Gabrr1, Gabrr2, Gadd45a, Gadd45b, Gadd45g, Gal, Galnt11, Galp, Galr1, Galr2, Galr3, Gapdh, Gapdh-ps15, Gapdhrt, Gapdhrt2, Garem1, Garnl3, Garre1, Gas1, Gas2, Gas2l2, Gas6, Gas8, Gast, Gata1, Gata2, Gata3, Gata4, Gata5, Gata6, Gba1, Gbf1, Gbp2, Gbp5, Gbp7, Gcg, Gcgr, Gck, Gclc, Gclm, Gcn1, Gcnt2, Gcsam, Gde1, Gdf1, Gdf10, Gdf11, Gdf15, Gdf2, Gdf3, Gdf5, Gdf6, Gdf7, Gdf9, Gdi1, Gdi2, Gdnf, Gdpd5, Gen1, Gfap, Gfer, Gfi1, Gfra1, Gfra2, Gfra3, Gfra4, Gfral, Ggct, Ggnbp2, Gh, Ghitm, Ghr, Ghrh, Ghrhr, Ghrl, Ghsr, Gid8, Gigyf1, Gigyf2, Gip, Gipc1, Gipr, Git1, Git2, Gja1, Gja10, Gja3, Gja4, Gja5, Gja6, Gja8, Gjb1, Gjb2, Gjb3, Gjb4, Gjb5, Gjb6, Gjc1, Gjc2, Gjc3, Gjd2, Gjd3, Gjd4, Gje1, Gkap1, Gkn1, Gkn2, Glce, Gldn, Glg1, Gli1, Gli2, Gli3, Glipr2, Glis2, Glmn, Glp1r, Glp2r, Glra1, Glra2, Glra3, Glra4, Glrb, Gls, Glud1, Glul, Gm10662, Gm10668, Gm11690, Gm12250, Gm13271, Gm13272, Gm13275, Gm13276, Gm13277, Gm13283, Gm14137, Gm15441, Gm266, Gm4513, Gm5127, Gm5157, Gm527, Gm5849, Gm5890, Gm6176, Gm6882, Gmds, Gmfb, Gmfg, Gmip, Gna11, Gna12, Gna13, Gna14, Gna15, Gnai1, Gnai2, Gnai3, Gnal, Gnao1, Gnaq, Gnas, Gnat1, Gnat2, Gnat3, Gnaz, Gnb1, Gnb1l, Gnb2, Gnb3, Gnb4, Gnb5, Gng10, Gng11, Gng12, Gng13, Gng14, Gng2, Gng3, Gng4, Gng5, Gng5c, Gng7, Gng8, Gngt1, Gngt2, Gnrh1, Gnrhr, Golph3, Gorab, Got1, Gp6, Gpat3, Gpatch3, Gpbar1, Gpc1, Gpc2, Gpc3, Gpc4, Gpc5, Gpc6, Gpd1l, Gper1, Gpha2, Gphb5, Gpi1, Gpld1, Gpnmb, Gpr101, Gpr108, Gpr119, Gpr12, Gpr132, Gpr135, Gpr137, Gpr137b, Gpr137c, Gpr139, Gpr141, Gpr142, Gpr143, Gpr146, Gpr149, Gpr15, Gpr150, Gpr151, Gpr152, Gpr153, Gpr155, Gpr156, Gpr157, Gpr158, Gpr15lg, Gpr160, Gpr161, Gpr162, Gpr165, Gpr17, Gpr171, Gpr173, Gpr174, Gpr176, Gpr179, Gpr18, Gpr180, Gpr182, Gpr183, Gpr19, Gpr20, Gpr21, Gpr22, Gpr25, Gpr26, Gpr27, Gpr3, Gpr31b, Gpr33, Gpr34, Gpr35, Gpr37, Gpr37l1, Gpr39, Gpr4, Gpr45, Gpr50, Gpr52, Gpr55, Gpr6, Gpr61, Gpr62, Gpr63, Gpr65, Gpr68, Gpr75, Gpr82, Gpr83, Gpr84, Gpr85, Gpr87, Gpr88, Gprasp1, Gprc5a, Gprc5b, Gprc5c, Gprc5d, Gprc6a, Gps2, Gpsm1, Gpx1, Gramd4, Grap, Grap2, Grb10, Grb14, Grb2, Grb7, Grem1, Grem2, Gria1, Gria2, Gria3, Gria4, Grid1, Grid2, Grid2ip, Grik1, Grik2, Grik3, Grik4, Grik5, Grin1, Grin2a, Grin2b, Grin2c, Grin2d, Grin3a, Grin3b, Grina, Grip1, Grip2, Grk1, Grk2, Grk3, Grk4, Grk5, Grk6, Grm1, Grm2, Grm3, Grm4, Grm5, Grm6, Grm7, Grm8, Grn, Grp, Grpr, Gsc, Gsdma3, Gsdme, Gsg1l, Gsk3a, Gsk3b, Gskip, Gsn, Gstp-ps, Gstp1, Gstp2, Gstp3, Gsx2, Guca1a, Guca1b, Guca2b, Gucy1a1, Gucy1a2, Gucy1b1, Gucy1b2, Gucy2c, Gucy2d, Gucy2e, Gucy2f, Gucy2g, Gzma, Gzmb, Gzmc, Gzmk, Gzmn, H2-M3, H2ax, H2bc21, Hacd3, Hadh, Hamp, Hamp2, Hand2, Hap1, Hapln4, Hapstr1, Haspin, Havcr2, Hax1, Hbegf, Hbp1, Hcar1, Hcar2, Hcfc1, Hcfc2, Hck, Hcls1, Hcn4, Hcrt, Hcrtr1, Hcrtr2, Hcst, Hdac1, Hdac2, Hdac3, Hdac4, Hdac6, Hdac7, Hdgf, Hdgfl3, Heg1, Hells, Herc2, Herc4, Herpud1, Herpud2, Hes1, Hes5, Hes7, Hesx1, Hexim1, Hey1, Hey2, Heyl, Hfe, Hgf, Hgs, Hhat, Hhex, Hhip, Hic1, Hif1a, Hif1an, Higd1a, Hilpda, Hinfp, Hint1, Hip1, Hip1r, Hipk1, Hipk2, Hipk3, Hipk4, Hivep1, Hivep2, Hjv, Hm629797, Hmga1, Hmga2, Hmgb1, Hmgb2, Hmgcr, Hmgn3, Hmox1, Hnf1a, Hnf1b, Hnf4a, Hnrnpk, Homer1, Homer2, Homer3, Hormad1, Hoxa13, Hoxa5, Hoxb3os, Hoxd3, Hp, Hpca, Hpcal1, Hpcal4, Hpgd, Hpse, Hpx, Hras, Hrg, Hrh1, Hrh2, Hrh3, Hrh4, Hrk, Hs1bp3, Hsf1, Hsh2d, Hsp90ab1, Hspa1b, Hspa5, Hspa8, Hspb1, Hspd1, Hspg2, Htr1a, Htr1b, Htr1d, Htr1e, Htr1f, Htr2a, Htr2b, Htr2c, Htr3a, Htr3b, Htr4, Htr5a, Htr5b, Htr6, Htr7, Htra1, Htra2, Htra3, Htt, Hunk, Hus1, Hus1b, Huwe1, Hyal2, Hyou1, Iapp, Ica1, Icam1, Icmt, Icosl, Id1, Ide, Ier3, Ierepo2, Ifi203, Ifi203-ps, Ifi204, Ifi206, Ifi207, Ifi208, Ifi209, Ifi213, Ifi214, Ifi27, Ifi27l2a, Ifi27l2b, Ifi35, Ifih1, Ifitm1, Ifitm2, Ifitm3, Ifitm6, Ifitm7, Ifna1, Ifna11, Ifna12, Ifna13, Ifna14, Ifna15, Ifna16, Ifna2, Ifna4, Ifna5, Ifna6, Ifna7, Ifna9, Ifnab, Ifnar1, Ifnar2, Ifnb1, Ifne, Ifng, Ifngr1, Ifngr2, Ifnk, Ifnl2, Ifnl3, Ifnlr1, Ifnz, Ift122, Ift140, Ift172, Ift20, Ift25, Ift27, Ift46, Ift52, Ift56, Ift57, Ift74, Ift80, Ift81, Ift88, Igbp1, Igbp1b, Igf1, Igf1r, Igf2, Igf2r, Igfbp1, Igfbp2, Igfbp3, Igfbp4, Igfbp5, Igfbp6, Igfbp7, Igfbpl1, Igh-7, Ighe, Ighm, Igsf1, Igsf11, Igsf21, Igsf8, Igsf9b, Igtp, Ihh, Iigp1, Ik, Ikbkb, Ikbke, Ikbkg, Il10, Il10ra, Il10rb, Il11, Il11ra1, Il11ra2, Il11ra3, Il12a, Il12b, Il12rb1, Il12rb2, Il13, Il13ra1, Il13ra2, Il15, Il15ra, Il16, Il17a, Il17b, Il17c, Il17f, Il17ra, Il17rb, Il17rc, Il17rd, Il17re, Il18, Il18r1, Il18rap, Il19, Il1a, Il1b, Il1f10, Il1r1, Il1r2, Il1rap, Il1rapl1, Il1rapl2, Il1rl1, Il1rl2, Il1rn, Il2, Il20, Il20ra, Il20rb, Il21, Il21r, Il22, Il22b, Il22ra1, Il22ra2, Il23a, Il23r, Il24, Il25, Il27, Il27ra, Il2ra, Il2rb, Il2rg, Il3, Il31, Il31ra, Il33, Il34, Il36a, Il36b, Il36g, Il36rn, Il3ra, Il4, Il4ra, Il5, Il5ra, Il6, Il6ra, Il6st, Il7, Il7r, Il9, Il9r, Ildr1, Ildr2, Ilk, Ilkap, Impa1, Impa2, Impact, Ina, Inava, Inca1, Incenp, Ing1, Ing2, Ing5, Inha, Inhba, Inhbb, Inhbc, Inhbe, Inip, Inpp4b, Inpp5a, Inpp5b, Inpp5d, Inpp5e, Inpp5f, Inpp5k, Inppl1, Ins1, Ins2, Insig1, Insig2, Insl3, Insl5, Insl6, Insr, Insrr, Insyn1, Insyn2a, Ints3, Ints7, Ints9, Intu, Invs, Ipo5, Iqce, Iqgap1, Iqgap2, Iqgap3, Iqschfp, Iqsec1, Iqsec2, Iqsec3, Iqub, Irag1, Irak1, Irak1bp1, Irak2, Irak3, Irak4, Irf1, Irf2, Irf3, Irf4, Irf5, Irf7, Irgm1, Irgm2, Irs1, Irs2, Irs3, Irs4, Isg15, Isl1, Itch, Itfg2, Itga1, Itga10, Itga11, Itga2, Itga2b, Itga3, Itga4, Itga5, Itga6, Itga7, Itga8, Itga9, Itgad, Itgae, Itgal, Itgam, Itgav, Itgax, Itgb1, Itgb1bp1, Itgb2, Itgb2l, Itgb3, Itgb4, Itgb5, Itgb6, Itgb7, Itgb8, Itgbl1, Itk, Itm2c, Itpka, Itpkb, Itpr1, Itpr2, Itpr3, Itprip, Itsn1, Itsn2, Ivns1abp, Jade1, Jag1, Jag2, Jagn1, Jak1, Jak2, Jak3, Jcad, Jmjd6, Jmjd8, Jmy, Jph3, Jph4, Jpt2, Jrk, Jun, Jund, Jup, Kalrn, Kank1, Kank2, Kars1, Kat2a, Kat7, Kazald1, Kbtbd2, Kbtbd6, Kbtbd7, Kcmf1, Kcna1, Kcna2, Kcna5, Kcnb1, Kcnc2, Kcnc3, Kcnc4, Kcnd3, Kcne5, Kcnh1, Kcnip1, Kcnip2, Kcnip3, Kcnip4, Kcnj10, Kcnj11, Kcnj5, Kcnj6, Kcnj8, Kcnk13, Kcnk2, Kcnk9, Kcnma1, Kcnn2, Kcnn4, Kcnq1, Kcnq2, Kcnq3, Kcnq4, Kcp, Kctd10, Kctd11, Kctd12, Kctd12b, Kctd13, Kctd16, Kctd20, Kctd21, Kctd6, Kctd8, Kctd9, Kdm1a, Kdm3a, Kdm4c, Kdm5b, Kdm5d, Kdm6a, Kdm8, Kdr, Khdc3, Khdrbs1, Kics2, Kidins220, Kif14, Kif16b, Kif1b, Kif26a, Kif3a, Kif5b, Kif7, Kir3dl1, Kir3dl2, Kiss1, Kiss1r, Kit, Kitl, Kl, Klb, Klf14, Klf15, Klf16, Klf2, Klf4, Klf5, Klf6, Klf7, Klf9, Klhdc10, Klhl12, Klhl22, Klhl31, Klhl6, Klk14, Klk1b3, Klk1b4, Klk5, Klk6, Klrc1, Klrc2, Klrc3, Klrd1, Klre1, Klrg1, Klrh1, Klri1, Klri2, Klrk1, Kmo, Kmt2a, Kmt2d, Kmt2e, Kmt5a, Kndc1, Knl1, Kntc1, Kpna1, Kpna2, Kpna4, Kptn, Kras, Kremen1, Kremen2, Krt18, Krt19, Krt6a, Krt8, Krtap21-1, Ksr1, Ksr2, L1cam, Lacc1, Lag3, Lair1, Lama1, Lama2, Lama5, Lamb1, Lamb2, Lamc1, Lamp1, Lamp2, Lamp5, Lamtor1, Lamtor2, Lamtor3, Lamtor4, Lamtor5, Lancl2, Laptm5, Large1, Larp1, Lars1, Lat, Lat2, Lats1, Lats2, Lax1, Lbh, Lbp, Lbx2, Lck, Lcmt1, Lcn2, Lcp1, Lcp2, Ldb1, Ldlr, Ldlrad4, Ldoc1, Lect2, Lef1, Lefty1, Lefty2, Lemd2, Lemd3, Leo1, Lep, Lepr, Leprot, Leprotl1, Lfng, Lgals1, Lgals12, Lgals3, Lgals9, Lgi1, Lgmn, Lgr4, Lgr5, Lgr6, Lhb, Lhcgr, Lhx1, Lhx5, Lif, Lifr, Lilra5, Lilra6, Lilrb4a, Lilrb4b, Limd1, Lime1, Lims1, Lims2, Lin28a, Lin7a, Lin7b, Lin7c, Lingo1, Lipa, Litaf, Llgl1, Llgl2, Lmbr1, Lmbr1l, Lmbrd2, Lmcd1, Lmna, Lmnb1, Lmo3, Lmtk2, Lmx1a, Lnpep, Lonp1, Lox, Loxl3, Lpar1, Lpar2, Lpar3, Lpar4, Lpar5, Lpar6, Lpl, Lpxn, Lrba, Lrch4, Lrfn2, Lrg1, Lrig2, Lrit3, Lrp1, Lrp2, Lrp4, Lrp5, Lrp6, Lrp8, Lrpap1, Lrr1, Lrrc10b, Lrrc14, Lrrc19, Lrrc2, Lrrc30, Lrrc32, Lrrc39, Lrrc4, Lrrc40, Lrrc4c, Lrrc55os, Lrrc58, Lrrc63, Lrrc69, Lrrc8a, Lrrc8b, Lrrc8c, Lrrc8d, Lrrc8e, Lrrd1, Lrrfip2, Lrriq4, Lrrk1, Lrrk2, Lrrtm1, Lrrtm2, Lsm14a, Lsp1, Lta, Ltb, Ltb4r1, Ltb4r2, Ltbp1, Ltbp3, Ltbp4, Ltbr, Ltf, Ltk, Lurap1, Lurap1l, Ly6a, Ly6c1, Ly6c2, Ly6e, Ly6f, Ly6g, Ly6g2, Ly6g6d, Ly6g6e, Ly6g6g, Ly6h, Ly6i, Ly6m, Ly86, Ly96, Lyn, Lynx1, Lypd1, Lypd10, Lypd11, Lypd6, Lyplal1, Lztr1, Lzts1, Lzts2, Macf1, Maco1, Mad1l1, Mad2l1, Mad2l1bp, Mad2l2, Madcam1, Madd, Mael, Mafa, Maged1, Magi1, Magi2, Magi3, Mak, Mal, Malt1, Maml1, Maml2, Maml3, Manf, Maoa, Maob, Map1a, Map1b, Map1lc3a, Map2k1, Map2k2, Map2k3, Map2k4, Map2k5, Map2k6, Map2k7, Map3k1, Map3k10, Map3k11, Map3k12, Map3k13, Map3k14, Map3k15, Map3k19, Map3k2, Map3k20, Map3k21, Map3k3, Map3k4, Map3k5, Map3k6, Map3k7, Map3k8, Map3k9, Map4k1, Map4k2, Map4k3, Map4k4, Map4k5, Mapk1, Mapk10, Mapk11, Mapk12, Mapk13, Mapk14, Mapk15, Mapk3, Mapk4, Mapk6, Mapk7, Mapk8, Mapk8ip1, Mapk8ip2, Mapk8ip3, Mapk9, Mapkap1, Mapkapk2, Mapkapk3, Mapkapk5, Mapkbp1, Mapre2, Mapt, Marchf7, Marcks, Marco, Mark1, Mark2, Mark3, Mark4, Marveld3, Mas1, Mast1, Mast2, Mast3, Mast4, Mastl, Mat2a, Mavs, Maz, Mbd2, Mbd4, Mbd5, Mbip, Mbl2, Mbp, Mbtps1, Mbtps2, Mc1r, Mc2r, Mc3r, Mc4r, Mc5r, Mcc, Mcf2l, Mchr1, Mcl1, Mcoln1, Mctp1, Mctp2, Mcu, Mdc1, Mdfi, Mdfic, Mdfic2, Mdk, Mdm2, Mdm4, Meak7, Mecom, Mecp2, Med1, Med12, Mef2a, Mef2c, Mefv, Megf8, Meis3, Melk, Men1, Mertk, Mesd, Mesp1, Mesp2, Met, Metrnl, Mettl21c, Mettl3, Mff, Mfhas1, Mfn2, Mfng, Mfsd2b, Mfsd8, Mgat5, Mgll, Mgrn1, Mia, Mib1, Mib2, Micu3, Mid1, Mid2, Midn, Mif, Minar1, Mink1, Mios, Mir100, Mir101a, Mir101b, Mir106a, Mir106b, Mir122, Mir124-2hg, Mir124a-1hg, Mir125a, Mir125b-1, Mir125b-2, Mir126a, Mir127, Mir128-1, Mir128-2, Mir129, Mir129-1, Mir129-2, Mir130a, Mir132, Mir134, Mir135a-1, Mir135a-2, Mir135b, Mir137, Mir138-1, Mir138-2, Mir143, Mir145a, Mir145b, Mir147, Mir148b, Mir149, Mir150, Mir151, Mir153, Mir154, Mir15a, Mir16-1, Mir17, Mir181a-1, Mir181a-2, Mir181b-1, Mir181b-2, Mir181c, Mir181d, Mir182, Mir185, Mir187, Mir191, Mir195a, Mir196a-1, Mir196a-2, Mir1983, Mir19a, Mir19b-1, Mir19b-2, Mir1a-1, Mir1a-2, Mir200a, Mir200b, Mir204, Mir205, Mir20a, Mir210, Mir211, Mir218, Mir218-1, Mir218-2, Mir22, Mir221, Mir222, Mir224, Mir23a, Mir23b, Mir24-1, Mir24-2, Mir25, Mir26a-1, Mir26a-2, Mir26b, Mir27a, Mir27b, Mir28a, Mir290a, Mir29a, Mir29b-1, Mir29b-2, Mir300, Mir301, Mir301b, Mir30a, Mir30b, Mir30c-1, Mir30c-2, Mir30d, Mir30e, Mir32, Mir320, Mir324, Mir328, Mir329, Mir330, Mir337, Mir338, Mir342, Mir345, Mir369, Mir374b, Mir378a, Mir379, Mir381, Mir382, Mir383, Mir384, Mir410, Mir411, Mir421, Mir423, Mir425, Mir433, Mir434, Mir467a-1, Mir467a-10, Mir467a-2, Mir467a-3, Mir467a-4, Mir467a-5, Mir467a-6, Mir467a-7, Mir467a-8, Mir467a-9, Mir467b, Mir484, Mir486, Mir487b, Mir494, Mir500, Mir501, Mir504, Mir539, Mir540, Mir541, Mir551b, Mir652, Mir667, Mir672, Mir673, Mir674, Mir675, Mir7-1, Mir7-2, Mir744, Mir760, Mir770, Mir7b, Mir872, Mir875, Mir9-1, Mir9-2, Mir9-3, Mir92-1, Mir92-2, Mir92b, Mir93, Mir98, Mir99a, Mirlet7a-1, Mirlet7b, Mirlet7c-1, Mirlet7c-2, Mirlet7d, Mirlet7e, Mirlet7f-1, Mirlet7f-2, Mirlet7i, Mitf, Mkks, Mknk1, Mknk2, Mkrn2, Mks1, Mlf1, Mlh1, Mlkl, Mllt11, Mllt3, Mlst8, Mlxipl, Mmd2, Mme, Mmp12, Mmp14, Mmp2, Mmp3, Mmp8, Mmp9, Mmrn1, Mmrn2, Mn1, Mndal, Mnt, Moap1, Mob1a, Mob1b, Mob2, Mob3a, Mob3b, Mob3c, Mob4, Mog, Mok, Morn3, Mos, Mosmo, Mpc2, Mpig6b, Mpl, Mpp2, Mpv17l, Mrap, Mrap2, Mras, Mre11a, Mrgpra1, Mrgpra2a, Mrgpra2b, Mrgpra3, Mrgpra4, Mrgpra5, Mrgpra6, Mrgpra7, Mrgpra8, Mrgpra9, Mrgprb1, Mrgprb2, Mrgprb3, Mrgprb4, Mrgprb5, Mrgprb8, Mrgprd, Mrgpre, Mrgprf, Mrgprg, Mrgprh, Mrgprx1, Mrgprx2, Mrnip, Mroh2b, Mrtfa, Ms4a1, Ms4a10, Ms4a12, Ms4a13, Ms4a14, Ms4a15, Ms4a18, Ms4a19, Ms4a2, Ms4a5, Ms4a6b, Ms4a6c, Ms4a6d, Ms4a7, Ms4a8a, Msh2, Msh6, Msmp, Mst1, Mst1r, Mstn, Msx1, Msx2, Mt1, Mt2, Mt3, Mtbp, Mtch2, Mtcl2, Mtcp1, Mtdh, Mtm1, Mtmr2, Mtmr4, Mtnr1a, Mtnr1b, Mtor, Mturn, Muc1, Muc19, Muc20, Mul1, Mup1, Mup11, Mup2, Mup20, Mup3, Mup4, Mup5, Mus81, Musk, Mvb12a, Mvb12b, Mvp, Myadm, Myb, Mybbp1a, Myc, Mycbpap, Myd88, Mydgf, Myh7b, Myh9, Mylk2, Mylk3, Mylk4, Myo16, Myo18a, Myo1c, Myo1e, Myo1g, Myo5a, Myo5b, Myo6, Myo9a, Myo9b, Myoc, Myocd, Myof, Myom1, Myorg, Myoz1, Myoz2, Myrip, Myt1, Myzap, Mzb1, n-TIaat17, n-TRtct5, Nabp1, Nabp2, Nacc2, Nadk, Nae1, Nagk, Naglu, Naip1, Naip2, Naip5, Naip6, Naip7, Nalcn, Nampt, Nanog, Nanos3, Napa, Napb, Nat8l, Nbl1, Nbn, Nbr1, Ncald, Ncam1, Ncan, Ncdn, Nck1, Nck2, Nckap1, Nckap1l, Ncl, Ncln, Ncoa1, Ncoa2, Ncoa3, Ncoa5, Ncoa6, Ncor1, Ncor2, Ncr1, Ncr3-ps, Ncs1, Ncstn, Ndc80, Ndel1, Ndn, Ndnf, Ndp, Ndrg1, Ndrg2, Ndrg3, Ndrg4, Ndst1, Ndufa13, Ndufaf2, Ndufc2, Ndufs3, Ndufs6, Necab2, Nectin2, Nedd4, Nedd9, Nefh, Nefl, Negr1, Nek1, Nek10, Nek11, Nek7, Nek8, Nelfe, Nell2, Nenf, Neo1, Nepn, Nepro, Net1, Neto1, Neu3, Neurl1a, Neurl1b, Neurl2, Neurod1, Neurod2, Neurod4, Nf1, Nf2, Nfam1, Nfat5, Nfatc1, Nfatc2, Nfatc3, Nfatc4, Nfe2, Nfe2l2, Nfia, Nfix, Nfkb1, Nfkb2, Nfkbia, Nfkbib, Nfkbid, Nfkbil1, Nfkbiz, Ngdn, Ngef, Ngf, Ngfr, Ngly1, Nherf1, Nherf2, Nherf4, Niban2, Nid1, Nim1k, Ninj1, Nisch, Nkap, Nkd1, Nkd2, Nkg7, Nkiras1, Nkiras2, Nkx2-1, Nkx2-2, Nkx2-5, Nkx3-1, Nkx6-1, Nle1, Nlgn1, Nlgn2, Nlgn3, Nlgn4l, Nlk, Nlrc3, Nlrc5, Nlrp12, Nlrp1a, Nlrp1b, Nlrp3, Nlrp6, Nlrx1, Nmb, Nmbr, Nme2, Nme5, Nmi, Nmnat1, Nms, Nmu, Nmur1, Nmur2, Nnat, Noc2l, Nod1, Nod2, Nodal, Nog, Nol3, Nono, Nop2, Nop53, Nos1, Nos2, Nos3, Nostrin, Notch1, Notch2, Notch3, Notch4, Notum, Nox1, Nox4, Npas4, Npb, Npbwr1, Npc1, Npff, Npffr1, Npffr2, Nphp3, Nphp4, Nphs1, Nploc4, Npm1, Npnt, Nppa, Nppb, Nppc, Npr1, Npr2, Npr3, Nprl2, Nprl3, Nps, Npsr1, Nptn, Npvf, Npw, Npy, Npy1r, Npy2r, Npy4r, Npy5r, Npy6r, Nqo2, Nr0b1, Nr0b2, Nr1d1, Nr1d2, Nr1h2, Nr1h3, Nr1h4, Nr1h5, Nr1i2, Nr1i3, Nr2c1, Nr2c2, Nr2e1, Nr2f2, Nr3c1, Nr3c2, Nr4a1, Nr4a2, Nr4a3, Nr5a1, Nr5a2, Nradd, Nrarp, Nras, Nrbp1, Nrbp2, Nrep, Nrg1, Nrg2, Nrg3, Nrg4, Nrgn, Nrip2, Nrk, Nrn1, Nron, Nrp1, Nrp2, Nrros, Nrtn, Nrxn1, Nrxn2, Nrxn3, Nsdhl, Nsf, Nsg1, Nsmaf, Nsmf, Nsun2, Ntf3, Ntf5, Ntn1, Ntn4, Ntng1, Ntng2, Ntrk1, Ntrk2, Ntrk3, Nts, Ntsr1, Ntsr2, Nuak2, Nucb1, Nucb2, Nucks1, Nuf2, Numa1, Numbl, Nup155, Nup62, Nup85, Nup93, Nupr1, Nus1, Nxn, Nxph1, Nxph4, Nyap1, Nyap2, Oas1a, Oas1b, Oas1c, Oas1d, Oas1e, Oas1f, Oas1g, Oas1h, Oas2, Oas3, Oasl1, Oasl2, Obox4, Obp2a, Obscn, Ocrl, Ofd1, Oga, Ogn, Ogt, Olfm1, Olfm2, Olfm3, Olfm4, Olfm5, Olfml2a, Olfml2b, Olfml3, Olfr100, Olfr1060-ps1, Olfr197, Olfr255, Olfr256, Olfr363-ps, Olfr908, Oma1, Omp, Onecut1, Onecut2, Opa1, Ophn1, Opn1mw, Opn1sw, Opn3, Opn4, Opn5, Oprd1, Oprk1, Oprl1, Oprm1, Optn, Or10a2, Or10a3, Or10a3b, Or10a3m, Or10a3n, Or10a4, Or10a48, Or10a49, Or10a5, Or10aa1, Or10aa3, Or10ab4, Or10ab5, Or10ad1, Or10ad1b, Or10ad1c, Or10ag2, Or10ag52, Or10ag53, Or10ag56, Or10ag57, Or10ag58, Or10ag59, Or10ag60, Or10ak11, Or10ak13, Or10ak14, Or10ak16, Or10ak7, Or10ak8, Or10ak9, Or10al2, Or10al3, Or10al4, Or10al5, Or10al6, Or10al7, Or10am5, Or10b1, Or10c1, Or10d1, Or10d1b, Or10d1c, Or10d3, Or10d4, Or10d4b, Or10d4c, Or10d5, Or10d5j, Or10g1, Or10g1b, Or10g3, Or10g3b, Or10g6, Or10g7, Or10g9, Or10g9b, Or10h1, Or10h1b, Or10h28, Or10j27, Or10j3, Or10j3b, Or10j5, Or10j7, Or10k2, Or10n1, Or10p1, Or10p21, Or10p22, Or10q1, Or10q12, Or10q1b, Or10q3, Or10s1, Or10u3, Or10u4, Or10v1, Or10v5, Or10v9, Or10w1, Or10x1, Or10x4, Or10z1, Or11a4, Or11g1, Or11g2, Or11g24, Or11g25, Or11g26, Or11g27, Or11g7, Or11h23, Or11h4, Or11h4b, Or11h6, Or11h7, Or11i1, Or11j4, Or11l3, Or11m3, Or11n2, Or11q2, Or12d12, Or12d13, Or12d17, Or12d2, Or12e1, Or12e10, Or12e13, Or12e7, Or12e8, Or12e9, Or12j2, Or12j3, Or12j4, Or12j5, Or12k5, Or12k7, Or12k8, Or13a1, Or13a17, Or13a18, Or13a19, Or13a20, Or13a21, Or13a22, Or13a24, Or13a25, Or13a26, Or13a27, Or13a28, Or13ae2, Or13c25, Or13c3, Or13c7, Or13c7b, Or13c7c, Or13c7d, Or13d1, Or13e8, Or13f5, Or13g1, Or13j1, Or13l2, Or13n4, Or13p10, Or13p3, Or13p4, Or13p5, Or13p8, Or14a256, Or14a257, Or14a258, Or14a259, Or14a260, Or14c39, Or14c40, Or14c41, Or14c43, Or14c44, Or14c45, Or14c46, Or14j1, Or14j10, Or14j2, Or14j3, Or14j4, Or14j5, Or14j6, Or14j7, Or14j8, Or14j9, Or1a1, Or1a1b, Or1aa2, Or1ab2, Or1ad1, Or1ad6, Or1ad8, Or1af1, Or1ak2, Or1b1, Or1d2, Or1e1, Or1e16, Or1e17, Or1e19, Or1e1c, Or1e1f, Or1e21, Or1e22, Or1e23, Or1e25, Or1e26, Or1e29, Or1e30, Or1e31, Or1e32, Or1e33, Or1e34, Or1e35, Or1f12, Or1f19, Or1i2, Or1j1, Or1j10, Or1j11, Or1j12, Or1j13, Or1j14, Or1j15, Or1j16, Or1j17, Or1j18, Or1j19, Or1j20, Or1j21, Or1j4, Or1j8, Or1l4, Or1l4b, Or1l8, Or1m1, Or1n1, Or1n1b, Or1n2, Or1o1, Or1o11, Or1o2, Or1o3, Or1o4, Or1p1, Or1p1c, Or1q1, Or1r1, Or1s2, Or1x2, Or1x6, Or2a12, Or2a20, Or2a25, Or2a5, Or2a51, Or2a52, Or2a54, Or2a56, Or2a57, Or2a7, Or2aa1, Or2ab1, Or2ad1, Or2ag1, Or2ag12, Or2ag13, Or2ag15, Or2ag16, Or2ag17, Or2ag18, Or2ag19, Or2ag1b, Or2ag2, Or2ag20, Or2ag2b, Or2ah1, Or2aj4, Or2aj5, Or2aj6, Or2ak4, Or2ak5, Or2ak6, Or2ak7, Or2at1, Or2at4, Or2av9, Or2b11, Or2b2, Or2b28, Or2b2b, Or2b4, Or2b6, Or2b7, Or2bd2, Or2c1, Or2d2, Or2d3, Or2d36, Or2d4, Or2f1, Or2f1b, Or2f2, Or2g1, Or2g25, Or2g7, Or2h1, Or2h15, Or2h1b, Or2h2, Or2h2c, Or2i1, Or2j3, Or2j6, Or2k2, Or2l13, Or2l13b, Or2l5, Or2m12, Or2m13, Or2n1, Or2n1b, Or2n1c, Or2n1d, Or2n1e, Or2o1, Or2p2, Or2q1, Or2r11, Or2r2, Or2r3, Or2t1, Or2t26, Or2t29, Or2t43, Or2t44, Or2t45, Or2t46, Or2t47, Or2t48, Or2t49, Or2t6, Or2v1, Or2v2, Or2w2, Or2w25, Or2w3, Or2w3b, Or2w4, Or2w6, Or2y1, Or2y10, Or2y11, Or2y12, Or2y13, Or2y14, Or2y15, Or2y16, Or2y17, Or2y1b, Or2y1c, Or2y1d, Or2y1e, Or2y1f, Or2y1g, Or2y3, Or2y6, Or2y8, Or2z2, Or2z8, Or2z9, Or3a1, Or3a10, Or3a1b, Or3a1c, Or3a1d, Or3a4, Or4a15, Or4a2, Or4a27, Or4a39, Or4a47, Or4a66, Or4a67, Or4a68, Or4a69, Or4a70, Or4a71, Or4a72, Or4a73, Or4a74, Or4a75, Or4a76, Or4a77, Or4a78, Or4a79, Or4a81, Or4b1, Or4b12, Or4b13, Or4b1b, Or4b1c, Or4b1d, Or4c1, Or4c10, Or4c100, Or4c101, Or4c102, Or4c103, Or4c104, Or4c105, Or4c106, Or4c107, Or4c108, Or4c109, Or4c10b, Or4c11, Or4c110, Or4c111, Or4c112, Or4c113, Or4c114, Or4c115, Or4c116, Or4c117, Or4c118, Or4c11b, Or4c11c, Or4c12, Or4c120, Or4c121, Or4c122, Or4c123, Or4c124, Or4c125, Or4c126, Or4c127, Or4c12b, Or4c15, Or4c15b, Or4c29, Or4c3, Or4c31, Or4c35, Or4c3d, Or4c52, Or4c58, Or4d1, Or4d10, Or4d10b, Or4d10c, Or4d11, Or4d2, Or4d2b, Or4d5, Or4d6, Or4e1, Or4e2, Or4e5, Or4f14, Or4f14b, Or4f14d, Or4f15, Or4f17, Or4f47, Or4f4b, Or4f52, Or4f53, Or4f54, Or4f56, Or4f57, Or4f58, Or4f59, Or4f6, Or4f60, Or4f61, Or4f62, Or4f7, Or4g16, Or4g17, Or4g7, Or4k1, Or4k15, Or4k15b, Or4k15c, Or4k2, Or4k35, Or4k36, Or4k37, Or4k38, Or4k39, Or4k40, Or4k41, Or4k42, Or4k44, Or4k45, Or4k47, Or4k48, Or4k49, Or4k5, Or4k51, Or4k52, Or4k6, Or4k77, Or4l1, Or4l15, Or4m1, Or4n4, Or4n4b, Or4n5, Or4p18, Or4p19, Or4p20, Or4p22, Or4p23, Or4p7, Or4p8, Or4q3, Or4s2b, Or4x11, Or4x13, Or4x15, Or4x6, Or4z4, Or51a10, Or51a24, Or51a25, Or51a39, Or51a42, Or51a43, Or51a5, Or51a6, Or51a7, Or51a8, Or51aa2, Or51aa5, Or51ab3, Or51ac3, Or51af1, Or51ag1, Or51ah3, Or51ai2, Or51b17, Or51b4, Or51b6, Or51b6b, Or51d1, Or51e1, Or51e2, Or51f1, Or51f1d, Or51f1e, Or51f2, Or51f23, Or51f23b, Or51f5, Or51g1, Or51g2, Or51h1, Or51h5, Or51i1, Or51i2, Or51k1, Or51k2, Or51l14, Or51l4, Or51m1, Or51q1, Or51q1c, Or51r1, Or51s1, Or51t4, Or51v14, Or51v8, Or52a20, Or52a24, Or52a33, Or52a5, Or52a5b, Or52ab2, Or52ab4, Or52ab7, Or52ac1, Or52ad1, Or52ae7, Or52ae9, Or52b1, Or52b2, Or52b3, Or52b4, Or52d1, Or52d13, Or52d3, Or52e15, Or52e18, Or52e19b, Or52e2, Or52e3, Or52e4, Or52e5, Or52e7, Or52e8, Or52e8b, Or52h1, Or52h2, Or52h7, Or52h9, Or52i2, Or52j3, Or52k2, Or52l1, Or52m1, Or52m2, Or52n1, Or52n2, Or52n20, Or52n2b, Or52n2c, Or52n3, Or52n4, Or52n4b, Or52n5, Or52p1, Or52p2, Or52r1, Or52r1b, Or52r1c, Or52s1, Or52s19, Or52s1b, Or52s6, Or52u1, Or52w1, Or52x1, Or52z1, Or52z12, Or52z13, Or52z14, Or55b10, Or55b3, Or55b4, Or56a3, Or56a3b, Or56a4, Or56a5, Or56b1, Or56b1b, Or56b2, Or56b2j, Or56b34, Or56b35, Or56b6, Or5a1, Or5a3, Or5ac15, Or5ac16, Or5ac17, Or5ac19, Or5ac20, Or5ac21, Or5ac22, Or5ac23, Or5ac24, Or5ac25, Or5ae1, Or5ae2, Or5af1, Or5af2, Or5ak20, Or5ak22, Or5ak23, Or5ak24, Or5ak25, Or5ak4, Or5al1, Or5al5, Or5al6, Or5al7, Or5an1, Or5an10, Or5an11, Or5an1b, Or5an1c, Or5an6, Or5an9, Or5ap2, Or5aq1, Or5aq1b, Or5aq6, Or5aq7, Or5ar1, Or5as1, Or5au1, Or5b101, Or5b102, Or5b104, Or5b105, Or5b106, Or5b107, Or5b108, Or5b109, Or5b111, Or5b112, Or5b113, Or5b116, Or5b117, Or5b118, Or5b119, Or5b12, Or5b120, Or5b121, Or5b122, Or5b123, Or5b124, Or5b12b, Or5b21, Or5b24, Or5b3, Or5b94, Or5b95, Or5b96, Or5b97, Or5b98, Or5b99, Or5bb10, Or5be3, Or5bh3, Or5bw2, Or5c1, Or5d14, Or5d16, Or5d18, Or5d20, Or5d3, Or5d35, Or5d36, Or5d37, Or5d38, Or5d39, Or5d40, Or5d41, Or5d43, Or5d44, Or5d45, Or5d46, Or5d47, Or5e1, Or5g23, Or5g25, Or5g26, Or5g27, Or5g29, Or5g9, Or5h17, Or5h18, Or5h19, Or5h22, Or5h23, Or5h24-ps1, Or5h25, Or5h26, Or5i1, Or5j1, Or5j3, Or5k1, Or5k14, Or5k15, Or5k16, Or5k17, Or5k1b, Or5k3, Or5l13, Or5l14, Or5m10, Or5m10b, Or5m11b, Or5m12, Or5m13, Or5m13b, Or5m3, Or5m3b, Or5m5, Or5m8, Or5m9, Or5m9b, Or5o1, Or5p1, Or5p4, Or5p5, Or5p50, Or5p51, Or5p52, Or5p53, Or5p54, Or5p55, Or5p56, Or5p57, Or5p58, Or5p59, Or5p5c-ps1, Or5p6, Or5p60, Or5p61, Or5p62, Or5p63, Or5p64, Or5p66, Or5p67, Or5p68, Or5p69, Or5p70, Or5p72, Or5p73, Or5p76, Or5p78, Or5p79, Or5p80, Or5p81, Or5t15, Or5t16, Or5t17, Or5t18, Or5t5, Or5t7, Or5t9, Or5v1, Or5v1b, Or5w1, Or5w10, Or5w11, Or5w12, Or5w13, Or5w14, Or5w15, Or5w16, Or5w17, Or5w18, Or5w19, Or5w1b, Or5w20, Or5w22, Or5w8, Or6a2, Or6aa1, Or6ae1, Or6b1, Or6b13, Or6b2, Or6b2b, Or6b3, Or6b6, Or6b9, Or6c1, Or6c1b, Or6c2, Or6c200-ps1, Or6c201, Or6c202, Or6c203, Or6c205, Or6c206, Or6c207, Or6c208, Or6c209, Or6c210, Or6c211, Or6c212, Or6c213, Or6c214, Or6c215, Or6c216, Or6c217, Or6c219, Or6c2b, Or6c3, Or6c33, Or6c35, Or6c38, Or6c3b, Or6c5, Or6c5c, Or6c6, Or6c63-ps1, Or6c65, Or6c66, Or6c66b, Or6c68, Or6c69, Or6c69b, Or6c69c, Or6c6b, Or6c6c, Or6c70, Or6c74, Or6c75, Or6c76, Or6c76b, Or6c8, Or6c88, Or6c8b, Or6d12, Or6d13, Or6d14, Or6d15, Or6e1, Or6f1, Or6f2, Or6k14, Or6k2, Or6k4, Or6k6, Or6k8, Or6n1, Or6n2, Or6p1, Or6s1, Or6x1, Or6y1, Or6z1, Or6z3, Or6z5, Or6z6, Or6z7, Or7a35, Or7a36, Or7a37, Or7a38, Or7a39, Or7a40, Or7a41, Or7a42, Or7c19, Or7c70, Or7d10, Or7d11, Or7d9, Or7e165, Or7e166, Or7e168, Or7e169, Or7e170, Or7e173, Or7e174, Or7e175, Or7e176, Or7e177, Or7e178, Or7g12, Or7g16, Or7g17, Or7g18, Or7g19, Or7g20, Or7g21, Or7g22, Or7g23, Or7g25, Or7g26, Or7g27, Or7g28, Or7g29, Or7g30, Or7g31, Or7g32, Or7g33, Or7g34, Or7g35, Or7h8, Or8a1, Or8a1b, Or8b1, Or8b101, Or8b12, Or8b12b, Or8b12c, Or8b12i, Or8b1b, Or8b1c, Or8b1d, Or8b3, Or8b35, Or8b36, Or8b37, Or8b38, Or8b39, Or8b3b, Or8b4, Or8b40, Or8b41, Or8b42, Or8b43, Or8b44, Or8b46, Or8b47, Or8b48, Or8b49, Or8b50, Or8b51, Or8b52, Or8b53, Or8b54, Or8b55, Or8b56, Or8b57, Or8b8, Or8b9, Or8c10, Or8c11, Or8c13, Or8c15, Or8c16, Or8c17, Or8c18, Or8c20, Or8c8, Or8c9, Or8d1, Or8d1b, Or8d2, Or8d23, Or8d2b, Or8d4, Or8d6, Or8g17, Or8g18, Or8g19, Or8g2, Or8g20, Or8g21, Or8g22, Or8g23, Or8g24, Or8g26, Or8g27, Or8g28, Or8g2b, Or8g30, Or8g32, Or8g33, Or8g34, Or8g35, Or8g36, Or8g37, Or8g4, Or8g50, Or8g51, Or8g52, Or8g53, Or8g54, Or8g55, Or8h10, Or8h6, Or8h7, Or8h8, Or8h9, Or8i2, Or8j3, Or8j3b, Or8j3c, Or8k1, Or8k16, Or8k17, Or8k18, Or8k20, Or8k22, Or8k23, Or8k24, Or8k25, Or8k27, Or8k28, Or8k3, Or8k30, Or8k32, Or8k33, Or8k35, Or8k37, Or8k38, Or8k39, Or8k3b, Or8k40, Or8k41, Or8k53, Or8s10, Or8s16, Or8s2, Or8s5, Or8s8, Or8u10, Or8u3, Or8u8, Or8u9, Or8w1, Or9a2, Or9a4, Or9a7, Or9e1, Or9g10, Or9g19, Or9g20, Or9g3, Or9g4, Or9g4b, Or9g8, Or9i1, Or9i14, Or9i16, Or9i1b, Or9i2, Or9k2, Or9k2b, Or9k7, Or9m1, Or9m1b, Or9m2, Or9q1, Or9q2, Or9r3, Or9r7, Or9s13, Or9s14, Or9s15, Or9s18, Or9s23, Or9s27, Orai1, Orc1, Os9, Osbp, Osbpl2, Osbpl8, Oscar, Osgin1, Osm, Osmr, Ostf1, Ostn, Otof, Otop1, Otub1, Otud3, Otud4, Otud5, Otud7b, Otulin, Ovol2, Oxct1, Oxgr1, Oxsr1, Oxt, Oxtr, P2rx1, P2rx2, P2rx3, P2rx4, P2rx5, P2rx6, P2rx7, P2ry1, P2ry10, P2ry10b, P2ry12, P2ry13, P2ry14, P2ry2, P2ry4, P2ry6, P3r3urf, P4hb, Pabir1, Pabpn1, Pacsin1, Pacsin2, Padi2, Paf1, Pafah1b1, Pag1, Pagr1a, Paip2, Pak1, Pak1ip1, Pak2, Pak3, Pak4, Pak5, Pak6, Pakap, Palm, Palm3, Pals1, Pam16, Panx1, Panx2, Panx3, Pappa, Pappa2, Paqr3, Park7, Parl, Parp1, Parp14, Parp16, Parp2, Parp6, Parp8, Parp9, Pask, Pate4, Pate6, Pawr, Pax6, Pax8, Paxip1, Pbk, Pbld1, Pbld2, Pbp2, Pbxip1, Pcbp2, Pcdh17, Pcdh8, Pcgf2, Pcid2, Pck2, Pclo, Pcnt, Pcp2, Pcp4, Pcsk1n, Pcsk5, Pcsk9, Pdap1, Pdc, Pdcd10, Pdcd1lg2, Pdcd4, Pdcd5, Pdcd5-ps, Pdcd6, Pdcd7, Pdcl, Pde10a, Pde11a, Pde1a, Pde1b, Pde1c, Pde2a, Pde3a, Pde3b, Pde4a, Pde4b, Pde4c, Pde4d, Pde5a, Pde6a, Pde6b, Pde6c, Pde6d, Pde6g, Pde6h, Pde7a, Pde7b, Pde8a, Pde8b, Pde9a, Pdgfa, Pdgfb, Pdgfc, Pdgfd, Pdgfra, Pdgfrb, Pdia3, Pdia6, Pdk1, Pdk2, Pdk3, Pdk4, Pdlim4, Pdp1, Pdp2, Pdpk1, Pdpn, Pdx1, Pdyn, Pdzd11, Pea15a, Pea15b-ps, Pear1, Pebp1, Pecam1, Peg10, Peg12, Peli1, Peli2, Peli3, Pelo, Penk, Per1, Per2, Perp, Pex11a, Pex11b, Pex5l, Pf4, Pfdn5, Pfkfb2, Pfkl, Pfkm, Pfn1, Pfn2, Pgam2, Pgf, Pglyrp1, Pgr, Pgr15l, Phactr4, Phb1, Phb2, Phf14, Phf24, Phip, Phkg1, Phkg2, Phlda2, Phlda3, Phlpp1, Phlpp2, Phpt1, Pi4ka, Pi4kb, Pianp, Pias1, Pias2, Pias3, Pias4, Pibf1, Picalm, Pick1, Pid1, Pidd1, Pigbos1, Pigr, Pigu, Pih1d1, Pik3ap1, Pik3c2a, Pik3c2b, Pik3c2g, Pik3c3, Pik3ca, Pik3cb, Pik3cd, Pik3cg, Pik3ip1, Pik3r1, Pik3r2, Pik3r3, Pik3r4, Pik3r5, Pik3r6, Pikfyve, Pilra, Pim1, Pim2, Pim3, Pin1, Pin1rt1, Pink1, Pip4k2a, Pip4k2b, Pip4k2c, Pip4p1, Pira12, Pira13, Pira2, Pirb, Pitpnc1, Pitx2, Piwil4, Pja2, Pkd1, Pkd2, Pkd2l1, Pkhd1, Pkia, Pkn1, Pkn2, Pkn3, Pkp2, Pla2g10, Pla2g2a, Pla2g3, Pla2g4a, Pla2g5, Pla2g6, Pla2r1, Plaat1, Plagl2, Plat, Plau, Plaur, Plcb1, Plcb2, Plcb3, Plcb4, Plcd1, Plcd3, Plcd4, Plce1, Plcg1, Plcg2, Plch1, Plch2, Plcl1, Plcl2, Plcxd2, Plcxd3, Plcz1, Pld1, Pld2, Plek, Plek2, Plekha1, Plekha4, Plekhf1, Plekhg5, Plg, Plin5, Plk1, Plk2, Plk3, Pln, Plp1, Plpp1, Plpp2, Plpp3, Plppr1, Plppr2, Plppr3, Plppr4, Plppr5, Plscr1, Plscr2, Plscr3, Plvap, Plxna1, Plxna2, Plxna3, Plxna4, Plxnb1, Plxnb2, Plxnb3, Plxnc1, Plxnd1, Pmaip1, Pmch, Pmepa1, Pml, Pmp22, Pnck, Pnkd, Pnoc, Pnp, Pnpla2, Pnpla8, Pofut1, Poglut1, Polb, Pomc, Popdc1, Por, Porcn, Postn, Potefam3a, Potefam3b, Pou1f1, Pou4f1, Pou4f2, Pp2d1, Ppara, Ppard, Pparg, Ppargc1b, Ppdpf, Ppef2, Ppfia2, Ppfia3, Ppia, Ppif, Ppm1a, Ppm1b, Ppm1d, Ppm1e, Ppm1f, Ppm1g, Ppm1h, Ppm1j, Ppm1k, Ppm1l, Ppm1m, Ppm1n, Ppp1ca, Ppp1r10, Ppp1r12a, Ppp1r12b, Ppp1r12c, Ppp1r13b, Ppp1r14c, Ppp1r15a, Ppp1r15b, Ppp1r16b, Ppp1r1a, Ppp1r1b, Ppp1r1c, Ppp1r2, Ppp1r9a, Ppp1r9b, Ppp2ca, Ppp2cb, Ppp2r1a, Ppp2r1b, Ppp2r3a, Ppp2r5a, Ppp2r5b, Ppp2r5c, Ppp2r5d, Ppp2r5e, Ppp3ca, Ppp3cb, Ppp3cc, Ppp3r1, Ppp3r2, Ppp5c, Ppp6c, Ppp6r1, Ppp6r2, Ppp6r3, Ppt1, Ppy, Prag1, Pram1, Pramel7, Prap1, Prcp, Prdm11, Prdm14, Prdm15, Prdm16, Prdx1, Prdx2, Prelid1, Prepl, Prex1, Prex2, Prf1, Prickle1, Prkaa1, Prkaa2, Prkab1, Prkab2, Prkaca, Prkacb, Prkag2, Prkar1a, Prkar1b, Prkar2a, Prkar2b, Prkca, Prkcb, Prkcd, Prkce, Prkcg, Prkch, Prkci, Prkcq, Prkcz, Prkd1, Prkd2, Prkd3, Prkdc, Prkg1, Prkg2, Prkn, Prkra, Prkx, Prl, Prl2a1, Prl2b1, Prl2c1, Prl2c2, Prl2c3, Prl2c5, Prl3a1, Prl3b1, Prl3c1, Prl3d1, Prl3d2, Prl3d3, Prl4a1, Prl5a1, Prl6a1, Prl7a1, Prl7a2, Prl7b1, Prl7c1, Prl7d1, Prl8a1, Prl8a2, Prl8a6, Prl8a8, Prl8a9, Prlh, Prlhr, Prlr, Prmt1, Prmt2, Prmt5, Prmt6, Prnp, Prodh, Prok1, Prok2, Prokr1, Prokr2, Pros1, Prox1, Prpf19, Prpf4b, Prr5, Prr5l, Prr7, Prrt1, Prrt2, Prrx1, Prrx2, Prss33, Prxl2c, Psap, Psapl1, Psca, Psd, Psd2, Psd3, Psd4, Psen1, Psen2, Psenen, Psg18, Psg22, Psg29, Psmc5, Psmd10, Psmd9, Psme3, Psmg2, Pspn, Ptafr, Ptbp1, Ptch1, Ptch2, Ptchd1, Pten, Ptf1a, Ptgdr, Ptgdr2, Ptger1, Ptger2, Ptger3, Ptger4, Ptges, Ptges3, Ptgfr, Ptgir, Ptgis, Ptgs1, Ptgs2, Ptgs2os, Pth, Pth1r, Pth2, Pth2r, Pthlh, Ptk2, Ptk2b, Ptk6, Ptk7, Ptn, Ptp4a3, Ptpdc1, Ptpmt1, Ptpn1, Ptpn11, Ptpn12, Ptpn13, Ptpn2, Ptpn22, Ptpn23, Ptpn5, Ptpn6, Ptpn7, Ptpn9, Ptpra, Ptprc, Ptprd, Ptpre, Ptprf, Ptprg, Ptprh, Ptprj, Ptprk, Ptprm, Ptprn, Ptprn2, Ptpro, Ptprr, Ptprs, Ptprt, Ptpru, Ptprv, Ptprz1, Pttg1, Pttg1ip, Pum1, Pum2, Pvalb, Pvrig, Pxk, Pxn, Pycard, Pycr1, Pygo1, Pygo2, Pyy, Qars1, Qrfp, Qrfpr, Qrfprl, Qrich1, Rab11a, Rab11b, Rab11fip1, Rab11fip2, Rab11fip3, Rab11fip5, Rab12, Rab13, Rab14, Rab15, Rab1a, Rab21, Rab23, Rab29, Rab30, Rab33a, Rab33b, Rab34, Rab35, Rab39, Rab39b, Rab3a, Rab3b, Rab3gap1, Rab3gap2, Rab40b, Rab40c, Rab44, Rab4a, Rab4b, Rab5a, Rab7, Rab7b, Rab8a, Rab8b, Rab9, Rab9b, Rabep1, Rabep2, Rabgef1, Rabif, Rabl3, Rac1, Rac2, Rac3, Racgap1, Rack1, Rad1, Rad17, Rad50, Rad51, Rad9a, Rad9b, Radil, Raf1, Rala, Ralb, Ralbp1, Ralgapa1, Ralgapa2, Ralgapb, Ralgds, Ralgps1, Ralgps2, Ramp1, Ramp2, Ramp3, Ranbp9, Rangap1, Rangrf, Rap1a, Rap1b, Rap1gap, Rap1gap2, Rap1gds1, Rap2a, Rap2b, Rap2c, Rapgef1, Rapgef2, Rapgef3, Rapgef4, Rapgef5, Rapgef6, Rapgefl1, Rapsn, Rara, Rarb, Rarg, Rarres2, Rasa1, Rasa2, Rasa3, Rasa4, Rasal1, Rasal3, Rasd1, Rasd2, Rasgef1a, Rasgef1b, Rasgef1c, Rasgrf1, Rasgrf2, Rasgrp1, Rasgrp2, Rasgrp3, Rasgrp4, Rasip1, Rasl10b, Rasl11b, Rassf1, Rassf10, Rassf2, Rassf3, Rassf4, Rassf5, Rassf6, Rassf7, Rassf8, Rassf9, Rb1, Rb1cc1, Rbbp4, Rbbp7, Rbbp8, Rbck1, Rbfox2, Rbm15, Rbm4, Rbm47, Rbms3, Rbp4, Rbpj, Rbpms, Rbpms2, Rbx1, Rbx1-ps, Rc3h1, Rc3h2, Rcan1, Rcan2, Rcan3, Rcc2, Rcn3, Rcvrn, Rdx, Reck, Reg1, Reg3g, Rel, Rela, Relb, Rell1, Rell2, Reln, Rem1, Ren1, Ren2, Rest, Ret, Retn, Retnla, Retnlb, Retnlg, Rffl, Rfng, Rftn1, Rfwd3, Rfx3, Rfx4, Rfx6, Rfxank, Rgl1, Rgl2, Rgl3, Rgma, Rgmb, Rgn, Rgr, Rgs1, Rgs10, Rgs11, Rgs12, Rgs13, Rgs14, Rgs16, Rgs17, Rgs18, Rgs19, Rgs2, Rgs20, Rgs22, Rgs3, Rgs4, Rgs5, Rgs6, Rgs7, Rgs7bp, Rgs8, Rgs9, Rgs9bp, Rhbdd3, Rhbdf1, Rhbdf2, Rheb, Rhebl1, Rhno1, Rho, Rhoa, Rhob, Rhobtb1, Rhobtb2, Rhoc, Rhod, Rhof, Rhog, Rhoh, Rhoj, Rhoq, Rhot1, Rhot2, Rhou, Rhov, Rhpn1, Rhpn2, Rian, Ric3, Ric8a, Ric8b, Rictor, Rigi, Rilpl1, Rimbp2, Rims1, Rims2, Rims3, Rims4, Rin1, Rin2, Rin3, Rint1, Riok3, Ripk1, Ripk2, Ripk3, Ripor1, Ripor2, Ripply1, Ripply2, Rit1, Rit2, Rita1, Rln1, Rln3, Rnaseh2b, Rnd1, Rnd2, Rnd3, Rnf10, Rnf111, Rnf113a1, Rnf113a2, Rnf115, Rnf125, Rnf126, Rnf13, Rnf135, Rnf138, Rnf14, Rnf144a, Rnf146, Rnf149, Rnf152, Rnf167, Rnf170, Rnf183, Rnf185, Rnf186, Rnf19a, Rnf213, Rnf216, Rnf220, Rnf31, Rnf34, Rnf41, Rnf43, Rnf6, Rnf7, Rnf8, Ro60, Robo1, Robo2, Rock1, Rock2, Ror1, Ror2, Rora, Rorb, Rorc, Ros1, Rp1, Rp1l1, Rpa2, Rpap2, Rpf2, Rpgrip1l, Rph3a, Rph3al, Rpl11, Rpl23, Rpl24, Rpl26, Rpl37, Rpl37rt, Rpl5, Rps12, Rps15, Rps19, Rps20, Rps23rg1, Rps27l, Rps3, Rps6, Rps6-ps4, Rps6ka1, Rps6ka2, Rps6ka3, Rps6ka4, Rps6ka5, Rps6ka6, Rps6kb1, Rps6kb2, Rps7, Rptor, Rraga, Rragb, Rragc, Rragd, Rras, Rras2, Rrbp1, Rrh, Rrm2b, Rrn3, Rrp8, Rrs1, Rsad2, Rspo1, Rspo2, Rspo3, Rspo4, Rsu1, Rtf1, Rtkn, Rtkn2, Rtn4, Rtn4r, Rtn4rl2, Rubcn, Rufy1, Rundc3a, Runx1, Runx2, Runx3, Ruvbl1, Ruvbl2, Rwdd1, Rwdd3, Rxfp1, Rxfp2, Rxfp3, Rxfp4, Rxra, Rxrb, Rxrg, Ryk, Ryr1, Ryr2, Ryr3, S100a13, S100a14, S100a4, S100a7l2, S100a8, S100a9, S100b, S1pr1, S1pr2, S1pr3, S1pr4, S1pr5, S2bpcox16, Saa3, Sac3d1, Safb, Safb2, Sag, Sall1, Sall3, Samd10, Samd12, Samd14, Samd15, Samd5, Samhd1, Samsn1, Samtor, Sap130, Sap30, Sap30l, Sar1a, Sar1b, Sarm1, Sash1, Sash3, Sav1, Sbk2, Scai, Scap, Scarb1, Scel, Scg2, Scg5, Scgb1a1, Scgb2a2, Scgb3a1, Scgn, Schip1, Scimp, Scn10a, Scn11a, Scn1b, Scn2a, Scn3b, Scn4b, Scn5a, Scn7a, Sco1, Scrib, Sct, Sctr, Scube1, Scube2, Scube3, Scx, Scyl2, Sdc1, Sdcbp, Sde2, Sdhaf2, Sec13, Sec14l1, Sectm1a, Sectm1b, Seh1l, Sel1l, Sele, Selenok, Selenom, Selenon, Selenos, Selenot, Selp, Sema3a, Sema3b, Sema3c, Sema3d, Sema3e, Sema3f, Sema3g, Sema4a, Sema4b, Sema4c, Sema4d, Sema4f, Sema4g, Sema5a, Sema5b, Sema6a, Sema6b, Sema6c, Sema6d, Sema7a, Senp1, Senp2, Septin2, Septin4, Septin5, Serinc3, Serp1, Serp2, Serpina12, Serpine1, Serpine2, Serpinf2, Sesn1, Sesn2, Sesn3, Setmar, Sez6, Sez6l, Sez6l2, Sfn, Sfpq, Sfrp1, Sfrp2, Sfrp4, Sfrp5, Sgcd, Sgk1, Sgk2, Sgk3, Sgpl1, Sgpp1, Sgsm3, Sh2b1, Sh2b2, Sh2b3, Sh2d1a, Sh2d1b1, Sh2d3c, Sh2d6, Sh3bp1, Sh3bp2, Sh3bp4, Sh3bp5, Sh3bp5l, Sh3gl1, Sh3glb1, Sh3rf1, Sh3rf2, Sh3rf3, Sh3tc2, Shank1, Shank2, Shank3, Sharpin, Shb, Shc1, Shc2, Shc3, Shc4, Shcbp1, Shh, Shisa2, Shisa3, Shisa5, Shisa6, Shisa7, Shisa8, Shisa9, Shkbp1, Shoc2, Shox2, Shq1, Shtn1, Siah1a, Siah1b, Siah2, Sidt2, Sigirr, Siglec1, Siglecg, Sigmar1, Sik1, Sik2, Sik3, Sike1, Sin3a, Sinhcaf, Sipa1, Sipa1l1, Sipa1l2, Sipa1l3, Sirpa, Sirpb1a, Sirt1, Sirt2, Sirt3, Sirt4, Sirt6, Sirt7, Sit1, Siva1, Six1, Six3, Ska1, Ska3, Skap1, Ski, Skic8, Skil, Skint1, Skint10, Skint11, Skint2, Skint3, Skint4, Skint5, Skint6, Skint7, Skint8, Skint9, Skor1, Skor2, Skp2, Sla, Sla2, Slamf1, Slc12a2, Slc12a3, Slc12a4, Slc12a5, Slc12a6, Slc12a7, Slc15a2, Slc15a3, Slc15a4, Slc16a1, Slc16a10, Slc16a2, Slc17a6, Slc17a7, Slc17a8, Slc18a1, Slc18a2, Slc18a3, Slc19a1, Slc1a1, Slc1a3, Slc1a7, Slc22a22, Slc24a1, Slc24a2, Slc24a4, Slc25a22, Slc25a31, Slc25a33, Slc25a4, Slc25a5, Slc26a6, Slc27a1, Slc27a4, Slc29a1, Slc2a10, Slc2a2, Slc2a4, Slc2a8, Slc30a1, Slc30a10, Slc30a8, Slc31a1, Slc35c1, Slc35c2, Slc35f6, Slc38a1, Slc38a2, Slc38a9, Slc39a10, Slc39a12, Slc39a14, Slc39a5, Slc39a6, Slc39a8, Slc39a9, Slc44a4, Slc46a2, Slc4a10, Slc4a8, Slc5a7, Slc6a1, Slc6a2, Slc6a4, Slc6a5, Slc6a6, Slc6a9, Slc7a1, Slc7a10, Slc7a11, Slc7a3, Slc8a1, Slc8a2, Slc8a3, Slc8b1, Slc9a1, Slc9a6, Slc9b2, Slit2, Slit3, Slitrk3, Slitrk5, Slk, Slmap, Slurp1, Slurp2, Smad1, Smad2, Smad3, Smad4, Smad5, Smad6, Smad7, Smad9, Smarca4, Smarcb1, Smarcc1, Smcr8, Smim30, Smo, Smoc2, Smok3a, Smpd1, Smpd2, Smpd3, Smpdl3a, Smpdl3b, Smurf1, Smurf2, Smyd2, Snai1, Snai2, Snap23, Snap25, Snap29, Snap47, Snap91, Snapin, Snca, Sncaip, Sncb, Sncg, Snhg20, Snip1, Snord32a, Snord33, Snord34, Snord35a, Snw1, Snx1, Snx13, Snx14, Snx17, Snx19, Snx25, Snx27, Snx3, Snx4, Snx5, Snx6, Socs1, Socs2, Socs3, Socs4, Socs5, Socs6, Socs7, Sod1, Sod2, Sorbs1, Sorbs2, Sorbs3, Sorcs2, Sorcs3, Sorl1, Sort1, Sos1, Sos2, Sost, Sostdc1, Sox10, Sox11, Sox13, Sox17, Sox2, Sox30, Sox4, Sox7, Sox8, Sox9, Sp100, Spaar, Spag9, Sparcl1, Spart, Spata13, Spata2, Spatc1l, Spc24, Spc25, Spdl1, Specc1l, Spef1, Spen, Spg11, Spg21, Sphk1, Sphk2, Spi1, Spin1, Spin4, Spink1, Spn, Spns2, Spop, Spp1, Sppl3, Spred1, Spred2, Spred3, Spring1, Spry1, Spry2, Spry3, Spry4, Spsb2, Spsb3, Spsb4, Sptbn1, Sptbn2, Spx, Sqstm1, Srarp, Src, Srebf1, Srebf2, Srf, Srgap1, Srgap2, Srgap3, Srgn, Sri, Srms, Srpk1, Srpk2, Srpk3, Srpx, Srsf1, Srsf3, Ss18, Ssh1, Sst, Sstr1, Sstr2, Sstr3, Sstr4, Sstr5, Ssx2ip, St18, Stab1, Stac3, Stam2, Stambp, Stambpl1, Stap1, Star, Stard10, Stard13, Stard8, Stat1, Stat2, Stat3, Stat4, Stat5a, Stat5b, Stat6, Stau1, Stau2, Stc1, Stc2, Steap3, Stil, Stim1, Sting1, Stk10, Stk11, Stk17b, Stk19, Stk24, Stk25, Stk26, Stk3, Stk32a, Stk32b, Stk32c, Stk33, Stk36, Stk38, Stk38l, Stk39, Stk4, Stk40, Stmn1, Stmn3, Stmp1, Stoml2, Stoml3, Ston1, Ston2, Stox1, Stra6, Stradb, Strap, Strip1, Strn, Strn3, Strn4, Stub1, Stx11, Stx19, Stx1a, Stx1b, Stx2, Stx3, Stx4a, Stxbp1, Stxbp2, Stxbp3, Stxbp4, Stxbp5, Stxbp5l, Styx, Styx-ps, Styxl1, Styxl2, Sucnr1, Suds3, Sufu, Sulf1, Sulf2, Susd5, Suz12, Sv2a, Sv2b, Sv2c, Svep1, Syap1, Sybu, Syde1, Syde2, Syf2, Syk, Syn1, Syn2, Syn3, Syngap1, Syngr1, Syngr3, Synj1, Synj2bp, Synpo, Synpo2l, Synpr, Syp, Syt1, Syt10, Syt11, Syt12, Syt13, Syt2, Syt3, Syt4, Syt5, Syt6, Syt7, Syt8, Syt9, Sytl4, Syvn1, Szt2, T, Taar1, Taar2, Taar3, Taar4, Taar5, Taar6, Taar7a, Taar7b, Taar7d, Taar7e, Taar7f, Taar8a, Taar8b, Taar8c, Taar9, Tab1, Tab2, Tab3, Tac1, Tac2, Tac4, Tacr1, Tacr2, Tacr3, Taf6, Taf7, Tafa1, Tafa4, Tafa5, Tagap, Tamalin, Tank, Taok1, Taok2, Taok3, Tarbp2, Tardbp, Tarm1, Tas1r1, Tas1r2, Tas1r3, Tas2r102, Tas2r103, Tas2r104, Tas2r105, Tas2r106, Tas2r107, Tas2r108, Tas2r109, Tas2r110, Tas2r113, Tas2r114, Tas2r116, Tas2r117, Tas2r118, Tas2r119, Tas2r120, Tas2r121, Tas2r123, Tas2r124, Tas2r125, Tas2r126, Tas2r129, Tas2r130, Tas2r131, Tas2r134, Tas2r135, Tas2r136, Tas2r137, Tas2r138, Tas2r139, Tas2r140, Tas2r143, Tas2r144, Tasl, Tax1bp1, Tax1bp3, Tbc1d1, Tbc1d10c, Tbc1d16, Tbc1d24, Tbc1d32, Tbc1d7, Tbck, Tbk1, Tbl1x, Tbl1xr1, Tbl2, Tbx1, Tbx18, Tbx2, Tbx20, Tbx3, Tbx5, Tbx6, Tbxa2r, Tcf21, Tcf4, Tcf7, Tcf7l1, Tcf7l2, Tcim, Tcirg1, Tcl1, Tcl1b1, Tcl1b2, Tcl1b3, Tcl1b4, Tcl1b5, Tcp11, Tcp11l1, Tcp11l2, Tcp11x2, Tcrb, Tctn1, Tctn2, Tctn3, Tead1, Tead2, Tead3, Tead4, Tec, Tedc1, Tedc2, Tek, Tenm1, Tenm2, Tenm3, Tenm4, Tent2, Terf2ip, Tert, Tespa1, Tet1, Tex14, Tfap2a, Tfap2b, Tff1, Tff2, Tfpt, Tfr2, Tfrc, Tg, Tgfa, Tgfb1, Tgfb1i1, Tgfb2, Tgfb3, Tgfbr1, Tgfbr2, Tgfbr3, Tgfbr3l, Tgfbrap1, Tgif1, Tgif2, Tgm2, Th, Thap11, Thbs1, Thbs4, Them4, Themis, Themis2, Themis3, Thoc1, Thop1, Thpo, Thra, Thrb, Thy1, Tial1, Tiam1, Tiam2, Ticam1, Ticam2, Ticrr, Tie1, Tifa, Tifab, Timeless, Timm50, Timp1, Timp2, Timp4, Tiparp, Tipin, Tiprl, Tirap, Tjp2, Tkfc, Tle1, Tle2, Tle3, Tle4, Tle5, Tle6, Tle7, Tlk1, Tlk2, Tln1, Tlr1, Tlr11, Tlr12, Tlr13, Tlr2, Tlr3, Tlr4, Tlr5, Tlr6, Tlr7, Tlr8, Tlr9, Tm2d1, Tm2d3, Tm7sf3, Tm9sf5, Tmbim1, Tmbim4, Tmbim6, Tmc8, Tmco1, Tmed2, Tmem100, Tmem102, Tmem106a, Tmem108, Tmem109, Tmem116, Tmem117, Tmem126a, Tmem127, Tmem131l, Tmem132a, Tmem145, Tmem14a, Tmem161a, Tmem17, Tmem170b, Tmem198, Tmem198b, Tmem204, Tmem231, Tmem237, Tmem238l, Tmem25, Tmem33, Tmem38a, Tmem38b, Tmem53, Tmem64, Tmem67, Tmem88, Tmem88b, Tmem9, Tmem98, Tmf1, Tmigd3, Tmod2, Tmprss6, Tmsb4x, Tmtc4, Tnc, Tnf, Tnfaip1, Tnfaip3, Tnfaip6, Tnfaip8l1, Tnfaip8l3, Tnfrsf10b, Tnfrsf11a, Tnfrsf11b, Tnfrsf12a, Tnfrsf13c, Tnfrsf17, Tnfrsf18, Tnfrsf19, Tnfrsf1a, Tnfrsf1b, Tnfrsf21, Tnfrsf22, Tnfrsf23, Tnfrsf4, Tnfrsf8, Tnfsf10, Tnfsf11, Tnfsf12, Tnfsf13, Tnfsf13b, Tnfsf14, Tnfsf15, Tnfsf18, Tnfsf4, Tnfsf8, Tnfsf9, Tnik, Tnip1, Tnip2, Tnip3, Tnk1, Tnk2, Tnks, Tnks2, Tnn, Tnni3, Tnni3k, Tnr, Tnrc6c, Tns2, Tns3, Tnxb, Tob1, Tollip, Tom1, Tom1l1, Tom1l2, Topbp1, Topors, Tor1a, Tox3, Tpbg, Tpbgl, Tpbpa, Tpcn1, Tpcn2, Tpd52l1, Tpgs1, Tpr, Tpra1, Tprg1l, Tpt1, Trabd2b, Tradd, Traf1, Traf2, Traf3, Traf3ip1, Traf3ip2, Traf3ip3, Traf4, Traf5, Traf6, Traf7, Traip, Trap1, Trat1, Trav7-2, Trbv12-1, Trbv12-2, Trbv13-1, Trbv13-2, Trbv13-3, Trbv14, Trbv15, Trbv16, Trbv17, Trbv19, Trbv2, Trbv20, Trbv21, Trbv23, Trbv26, Trbv29, Trbv3, Trbv30, Trbv4, Trbv5, Trem2, Treml1, Treml4, Trerf1, Trex1, Trf, Trh, Trhr, Trhr2, Triap1, Trib1, Trib3, Tril, Trim11, Trim12a, Trim12c, Trim13, Trim15, Trim24, Trim25, Trim26, Trim3, Trim30a, Trim30b, Trim30c, Trim30d, Trim31, Trim32, Trim33, Trim38, Trim39, Trim41, Trim44, Trim5, Trim52, Trim55, Trim56, Trim59, Trim6, Trim60, Trim62, Trim65, Trim67, Trim68, Trim71, Trim72, Trim8, Trim9, Trio, Trip10, Trip13, Trip4, Trip6, Trp53, Trp53bp1, Trp53bp2, Trp63, Trp73, Trpa1, Trpc1, Trpm1, Trpm2, Trpm4, Trpm5, Trps1, Trpv1, Trpv3, Trpv4, Trpv6, Trrap, Tsc1, Tsc2, Tsc22d1, Tsg101, Tshb, Tshr, Tshz3, Tsku, Tslp, Tspan12, Tspan14, Tspan15, Tspan32, Tspan5, Tspan6, Tspan9, Tspear, Tspo, Tspoap1, Tspyl5, Tssk3, Ttbk1, Ttbk2, Ttc21b, Ttc23, Tti1, Ttk, Ttll12, Ttn, Ttr, Ttyh1, Tub, Tuba1a, Tubb2b, Tubb3, Tubd1, Tulp3, Tunar, Tut4, Twf2, Twist1, Twsg1, Txk, Txn1, Txndc12, Txndc15, Txndc17, Txnip, Tyk2, Tyro3, Tyrobp, Uaca, Uba5, Ubac2, Ubash3a, Ubash3b, Ubb, Ubd, Ube2b, Ube2d1, Ube2i, Ube2k, Ube2n, Ube2o, Ube2q1, Ube2v1, Ube2w, Ube3a, Ube4b, Ubqln1, Ubqln2, Ubr1, Ubr2, Ubr5, Uchl1, Uchl5, Ucma, Ucn, Ucn2, Ucn3, Ucp2, Ufd1, Ufl1, Ufm1, Ufsp2, Ugcg, Uimc1, Ulk1, Ulk2, Ulk3, Ulk4, Umod, Unc13a, Unc13b, Unc13c, Unc5a, Unc5b, Unc5c, Unc5cl, Unc5d, Unc93b1, Uqcc2, Uri1, Usf1, Usf2, Uso1, Usp1, Usp10, Usp12, Usp14, Usp15, Usp17le, Usp18, Usp20, Usp25, Usp26, Usp27x, Usp28, Usp29, Usp32, Usp33, Usp34, Usp4, Usp44, Usp46, Usp47, Usp49, Usp50, Usp7, Usp8, Usp9x, Utrn, Uts2, Uts2b, Uts2r, V1ra8, Vamp1, Vamp2, Vamp3, Vamp7, Vamp8, Vangl2, Vapb, Vasn, Vav1, Vav2, Vav3, Vax2, Vcp, Vdac1, Vdac2, Vdac3, Vdr, Vegfa, Vegfb, Vegfc, Vegfd, Veph1, Vgf, Vgll4, Vhl, Vil1, Vip, Vipr1, Vipr2, Vldlr, Vmn1r40, Vmn1r41, Vmn1r42, Vmn1r43, Vmn1r44, Vmn1r45, Vmn1r46, Vmn1r47, Vmn1r48, Vmn1r49, Vmn1r50, Vmn1r51, Vmn1r52, Vmn1r53, Vmn1r54, Vmn2r1, Vmn2r116, Vmn2r26, Vmn2r81, Vnn1, Vps11, Vps13a, Vps18, Vps25, Vps35, Vps4a, Vps4b, Vps54, Vrk1, Vrk2, Vrk3, Vsir, Vsnl1, Vtcn1, Vwa2, Vwc2, Vwc2l, Vwf, Wac, Was, Wasf1, Wasf2, Washc4, Wbp1l, Wbp2, Wdfy1, Wdpcp, Wdr11, Wdr12, Wdr19, Wdr24, Wdr35, Wdr48, Wdr54, Wdr59, Wdr72, Wdr76, Wdr83, Wdr91, Wfikkn1, Wfikkn2, Wfs1, Wif1, Wls, Wnk1, Wnk2, Wnk3, Wnk4, Wnt1, Wnt10a, Wnt10b, Wnt11, Wnt16, Wnt2, Wnt2b, Wnt3, Wnt3a, Wnt4, Wnt5a, Wnt5b, Wnt6, Wnt7a, Wnt7b, Wnt8a, Wnt8b, Wnt9a, Wnt9b, Wsb1, Wsb2, Wtip, Wwc1, Wwc2, Wwox, Wwtr1, Xbp1, Xcl1, Xcr1, Xdh, Xiap, Xirp1, Xlr4a, Xlr4b, Xpa, Xpc, Xrcc3, Yap1, Ybx3, Yes1, Yjefn3, Yju2, Yod1, Ythdf1, Ythdf2, Ythdf3, Ywhab, Ywhae, Ywhag, Ywhah, Ywhaq, Ywhaz, Zap70, Zbed3, Zbed6, Zbp1, Zbtb33, Zbtb7a, Zbtb7b, Zc3h12a, Zc3h15, Zc3h3, Zc3hav1, Zcchc12, Zcchc3, Zdhhc1, Zdhhc12, Zdhhc16, Zdhhc17, Zdhhc18, Zdhhc2, Zdhhc21, Zdhhc25, Zdhhc3, Zdhhc5, Zdhhc7, Zdhhc9, Zeb1, Zeb2, Zfand2b, Zfand5, Zfand6, Zfas1, Zfp106, Zfp110, Zfp128, Zfp13, Zfp207, Zfp36, Zfp366, Zfp36l1, Zfp36l2, Zfp385a, Zfp385b, Zfp423, Zfp451, Zfp536, Zfp592, Zfp622, Zfp640, Zfp653, Zfp683, Zfp703, Zfp830, Zfp91, Zfp950, Zfy2, Zfyve19, Zfyve27, Zfyve28, Zfyve9, Zgpat, Zic1, Zic2, Zic3, Zmiz1, Zmpste24, Zmynd11, Zmynd8, Znrf1, Znrf3, Znrf4, Zp3, Zranb1, Zswim2, Zw10, Zwilch, Zwint, Zyx, Zzef1
GO:0061157	mRNA destabilization	99	10	1.44	1.9e-06	7.3359e-4	Ago2, Ago3, Alkbh5, Btg2, Caprin1, Celf1, Cnot1, Cnot2, Cnot3, Cnot6, Cnot6l, Cnot7, Cnot8, Cpeb3, Csde1, Dcp1a, Dcp1b, Dcp2, Dcps, Dhx36, Dhx9, Dis3l2, Dnd1, Eif4enif1, Elavl1, Fto, Fxr1, Fxr2, Gigyf2, Gtsf1, Hnrnpd, Hnrnpr, Hnrnpu, Igf2bp1, Khsrp, Lsm1, Mettl14, Mettl16, Mettl3, Mex3d, Mir144, Mir196a-1, Mir196a-2, Mir196b, Mir451a, Mir451b, Mlh1, Mov10, Nanos1, Nanos2, Nanos3, Noct, Pabpc1, Pabpn1l, Paip1, Pan2, Pan3, Parn, Patl1, Patl2, Pde12, Piwil1, Piwil2, Piwil4, Plekhn1, Pnldc1, Pnpt1, Polr2g, Pum1, Rbm24, Rc3h1, Rc3h2, Rida, Rock1, Rock2, Samd4, Samd4b, Syncrip, Tardbp, Tent4a, Tent4b, Tnrc6a, Tnrc6b, Tnrc6c, Tob1, Trim71, Tut4, Tut7, Upf1, Ybx1, Ythdf1, Ythdf2, Ythdf3, Zc3h12a, Zc3h12d, Zfp36, Zfp36l1, Zfp36l2, Zfp36l3
GO:1903313	positive regulation of mRNA metabolic process	149	12	2.17	2.1e-06	7.910341463414634e-4	Adarb1, Ago2, Ago3, Alkbh5, Apobec1, Btg2, Caprin1, Ccnb1, Cdc73, Celf1, Celf3, Celf4, Cirbp, Clns1a, Cnot1, Cnot2, Cnot3, Cnot6, Cnot6l, Cnot7, Cnot8, Cpeb3, Csde1, Dazap1, Dcp1a, Dcp1b, Dcp2, Dcps, Dhx36, Dhx9, Dis3l2, Dnd1, Eif1, Eif4a3, Eif4enif1, Elavl1, Exosc10, Fto, Fxr1, Fxr2, Gigyf2, Gm7324, Gtpbp1, Gtsf1, Hmx2, Hnrnpd, Hnrnpr, Hnrnpu, Hspa8, Igf2bp1, Khsrp, Lmntd2, Lsm1, Mettl14, Mettl16, Mettl3, Mex3d, Mir144, Mir196a-1, Mir196a-2, Mir196b, Mir451a, Mir451b, Mir7578, Mlh1, Mov10, Nanos1, Nanos2, Nanos3, Ncbp1, Ncl, Noct, Nup98, Obi1, Pabpc1, Pabpn1l, Paip1, Pan2, Pan3, Parn, Patl1, Patl2, Pde12, Piwil1, Piwil2, Piwil4, Plekhn1, Pnldc1, Pnpt1, Polr2g, Prdx6, Prdx6b, Prmt5, Prpf19, Prr5l, Pum1, Qki, Rbm24, Rbm3, Rbmx, Rbmxl1, Rbmxl2, Rbmy, Rbmyf1, Rbmyf3, Rbmyf6, Rbmyf9, Rc3h1, Rc3h2, Rida, Rock1, Rock2, Samd4, Samd4b, Slc39a5, Slirp, Snrnp70, Snw1, Syncrip, Tardbp, Tent4a, Tent4b, Thrap3, Tnrc6a, Tnrc6b, Tnrc6c, Tob1, Tra2a, Tra2b, Trim71, Ttc5, Tut4, Tut7, Upf1, Upf3a, Upf3b, Wdr77, Ybx1, Ythdf1, Ythdf2, Ythdf3, Zc3h12a, Zc3h12d, Zc3hav1, Zfp36, Zfp36l1, Zfp36l2, Zfp36l3, Zfp64
GO:0019538	protein metabolic process	4746	106	69.14	2.5e-06	9.192857142857144e-4	1810009J06Rik, 2610042L04Rik, 4930486L24Rik, 4930568D16Rik, 6430550D23Rik, A4gnt, Aak1, Aanat, Aars1, Aars2, Aarsd1, Aasdhppt, Aatf, Aatk, Abca1, Abca2, Abca7, Abcb10, Abcb11, Abce1, Abcf1, Abcg1, Abhd10, Abhd12, Abhd13, Abhd17a, Abhd17b, Abhd17c, Abi1, Abi2, Abi3, Abl1, Abl2, Abo, Abraxas2, Abtb1, Acaca, Acan, Ace, Ace2, Ace3, Acer2, Aco1, Acot8, Acp4, Acr, Actmap, Acvr1, Acvr1b, Acvr2a, Adam10, Adam11, Adam12, Adam15, Adam17, Adam18, Adam19, Adam1a, Adam1b, Adam2, Adam20, Adam21, Adam22, Adam23, Adam24, Adam25, Adam26a, Adam26b, Adam28, Adam29, Adam3, Adam30, Adam32, Adam33, Adam34, Adam34l, Adam39, Adam4, Adam5, Adam6a, Adam6b, Adam7, Adam8, Adam9, Adamdec1, Adamts1, Adamts10, Adamts12, Adamts13, Adamts14, Adamts15, Adamts16, Adamts17, Adamts18, Adamts19, Adamts2, Adamts20, Adamts3, Adamts4, Adamts5, Adamts6, Adamts7, Adamts8, Adamts9, Adar, Adarb1, Adcy10, Adcy8, Adcyap1, Add1, Adgb, Adgrb1, Adgrv1, Adh5, Adipoq, Adipor2, Adm2, Adnp, Adprh, Adprhl1, Adprs, Adra2a, Adra2b, Adra2c, Adrb2, Adtrp, Aebp1, Afg1l, Afg2b, Afg3l1, Afg3l2, Aga, Agap2, Agap3, Agbl1, Agbl2, Agbl3, Agbl4, Agbl5, Ager, Ago1, Ago2, Ago3, Ago4, Agr2, Agrn, Agt, Agtpbp1, Agtr1a, Agtr1b, Ahrr, Ahsa1, Ahsa2, Ahsp, Aida, Aif1, Aimp1, Aimp2, Aipl1, Aire, Ajuba, Akap11, Akap5, Akap6, Akap9, Akirin2, Akt1, Akt1s1, Akt2, Akt3, Aktip, Alad, Alas1, Alas2, Alg1, Alg10b, Alg11, Alg12, Alg13, Alg14, Alg2, Alg3, Alg5, Alg6, Alg8, Alg9, Alk, Alkbh1, Alkbh3, Alkbh5, Alox12b, Als2, Ambp, Ambra1, Amer1, Amfr, Amn1, Amz1, Amz2, Anapc1, Anapc10, Anapc11, Anapc13, Anapc15, Anapc15-ps, Anapc16, Anapc2, Anapc4, Anapc5, Anapc7, Ang, Ang2, Ang3, Ang4, Ang5, Ang6, Angpt1, Angpt4, Angptl8, Ankib1, Ankrd11, Ankrd54, Ankrd9, Anks1, Ankzf1, Anpep, Antkmt, Antxr1, Anxa1, Anxa2, Anxa8, Aopep, Ap3b1, Ap5z1, Apc, Apc2, Apcs, Apeh, Aph1a, Aph1b, Aph1c, Aplnr, Aplp1, Aplp2, Apoa1, Apoa2, Apoa4, Apoa5, Apob, Apobec1, Apoc1, Apoc2, Apoc3, Apod, Apoe, Apoh, Apom, App, Appbp2, Aqp11, Araf, Areg, Arel1, Arfgef1, Arhgef2, Arhgef5, Arid5a, Arih1, Arih2, Ark2c, Ark2n, Arl2, Arl2bp, Armc8, Arnt, Arr3, Arrb1, Arrb2, Arrdc1, Arrdc3, Arrdc4, Arsb, Arxes1, Arxes2, Asb1, Asb10, Asb11, Asb12, Asb13, Asb14, Asb15, Asb16, Asb17, Asb18, Asb2, Asb3, Asb4, Asb5, Asb6, Asb7, Asb8, Asb9, Ascc2, Ascc3, Asgr2, Asph, Asprv1, Aspscr1, Asrgl1, Astl, Atat1, Ate1, Atf2, Atg10, Atg101, Atg13, Atg14, Atg16l1, Atg3, Atg4a, Atg4a-ps, Atg4b, Atg4c, Atg4d, Atg5, Atg7, Atm, Atp13a2, Atp23, Atp2b4, Atp4b, Atp5if1, Atp6ap2, Atp7a, Atpsckmt, Atr, Atraid, Atxn3, Aup1, Aurka, Aurkaip1, Aurkb, Aurkc, Avp, Axin1, Axin2, Azin1, Azin2, B2m, B3galnt1, B3galnt2, B3galt1, B3galt2, B3galt4, B3galt5, B3galt6, B3galt9, B3gat1, B3gat2, B3gat3, B3glct, B3gnt2, B3gnt3, B3gnt4, B3gnt5, B3gnt6, B3gnt7, B3gnt8, B3gnt9, B3gntl1, B4galnt2, B4galnt3, B4galnt4, B4galt1, B4galt2, B4galt3, B4galt4, B4galt5, B4galt6, B4galt7, B4gat1, Bace1, Bace2, Bad, Bag1, Bag2, Bag4, Bag5, Bag6, Bak1, Bank1, Banp, Bap1, Bard1, Barhl2, Bax, Baz1b, Bbs7, BC051665, Bc1, Bcap31, Bcar3, Bcas2, Bccip, Bcl10, Bcl11a, Bcl2, Bcl3, Bdkrb1, Bdkrb2, Bdnf, Bex1, Bex2, Bex3, Bex4, Bex6, Bfar, Bin1, Birc2, Birc3, Birc5, Birc6, Birc7, Blk, Blm, Blmh, Bloc1s1, Bmal1, Bmi1, Bmp1, Bmp2, Bmp4, Bmp6, Bmpr1b, Bmpr2, Bmx, Bnip3, Bnip3l, Bnip3l-ps, Bola3, Boll, Bpnt2, Braf, Brap, Brat1, Brca1, Brcc3, Brcc3dc, Brd4, Brinp1, Brms1, Brsk1, Brsk2, Bst1, Btbd1, Btbd35f1, Btg1, Btg2, Btk, Btrc, Bzw1, Bzw2, C1galt1, C1galt1c1, C1qbp, C1qtnf4, C1qtnf9, C1ra, C1rb, C1rl, C1s1, C1s2, C2, C2cd3, C3, C4bp, C9orf72, Cab39, Cactin, Cacul1, Cad, Cadm1, Cadm4, Calr, Calr3, Calr4, Camk1, Camk2a, Camk2b, Camk2d, Camk2g, Camk4, Camkk2, Camkmt, Caml, Camp, Cand1, Cand2, Cant1, Canx, Capn1, Capn10, Capn11, Capn12, Capn13, Capn15, Capn2, Capn3, Capn5, Capn6, Capn7, Capn8, Capn9, Capns1, Caprin1, Caprin2, Card10, Card14, Card9, Carm1, Cars1, Cars2, Cartpt, Casc3, Casp1, Casp12, Casp14, Casp2, Casp3, Casp4, Casp6, Casp7, Casp8, Casp9, Cass4, Cast, Cat, Cav1, Cav2, Cav3, Cbfa2t3, Cbfb, Cbl, Cblb, Cblc, Cbll1, Cbx4, Ccar2, Ccbe1, Ccdc115, Ccdc22, Ccdc47, Ccdc88a, Ccin, Cck, Ccl19, Ccl19-ps1, Ccl19-ps3, Ccl19-ps4, Ccl19-ps5, Ccl19-ps6, Ccl21a, Ccl3, Ccl5, Ccn1, Ccn2, Ccna2, Ccnb1, Ccnb1ip1, Ccnc, Ccnd1, Ccnd2, Ccnd3, Ccne1, Ccnf, Ccnt1, Ccny, Ccnyl1, Ccr7, Cct2, Cct3, Cct4, Cct5, Cct6a, Cct6b, Cct7, Cct8, Cct8l1, Cd109, Cd24a, Cd2ap, Cd300a, Cd300ld3, Cd36, Cd3e, Cd4, Cd40, Cd44, Cd46, Cd6, Cd74, Cd80, Cd81, Cd84, Cdc123, Cdc14b, Cdc16, Cdc20, Cdc20b, Cdc23, Cdc25b, Cdc26, Cdc27, Cdc34, Cdc34b, Cdc37, Cdc37l1, Cdc42, Cdc42bpa, Cdc42bpb, Cdc42bpg, Cdca3, Cdh1, Cdh5, Cdk1, Cdk10, Cdk12, Cdk2, Cdk20, Cdk2ap1, Cdk2ap1rt, Cdk4, Cdk5, Cdk5r1, Cdk5r2, Cdk5rap1, Cdk5rap3, Cdk6, Cdk8, Cdk9, Cdkal1, Cdkl5, Cdkn1a, Cdkn1b, Cdkn1c, Cdkn2a, Cdkn2b, Cdkn2c, Cdkn2d, Cdon, Cdsn, Cdyl, Ceacam1, Ceacam2, Cela1, Cela2a, Cela3a, Cela3b, Celsr3, Cemip, Cenatac, Cenpe, Cep295, Cep41, Cep43, Cep63, Cep78, Cep85, Ces2a, Cfap20, Cfb, Cfd, Cfh, Cfhr4, Cfi, Cfl1, Cflar, Chac1, Chchd1, Chchd4, Chek1, Chek2, Chfr, Chga, Chi3l1, Chm, Chml, Chmp1a, Chmp1b, Chmp1b2, Chmp2a, Chmp2b, Chmp3, Chmp4b, Chmp4c, Chmp5, Chmp6, Chmp7, Chordc1, Chp1, Chpf, Chpf2, Chrna3, Chrna7, Chst1, Chst10, Chst11, Chst12, Chst13, Chst14, Chst3, Chst4, Chst5, Chst7, Chst8, Chst9, Chsy1, Chsy3, Chuk, Cib1, Cilk1, Cirbp, Cirop, Cish, Ckap5, Clca1, Clca2, Clca3a1, Clca4a, Clcf1, Cldn13, Cldn19, Cldn3, Cldn4, Clec16a, Clec3b, Clec4n, Clec7a, Clgn, Clip3, Clk1, Clk2, Clk3, Clk4, Cln3, Cln5, Cln6, Cln8, Clock, Clpp, Clpx, Clspn, Clu, Cma1, Cma2, Cnbp, Cndp1, Cndp2, Cnksr3, Cnot1, Cnot10, Cnot11, Cnot2, Cnot3, Cnot4, Cnot6, Cnot6l, Cnot7, Cnot8, Cnot9, Cntf, Cntn1, Cntn2, Cntnap5a, Coa3, Cog3, Cog7, Col11a1, Col2a1, Col3a1, Col6a1, Colec10, Colec11, Commd1, Comp, Comt, Cop1, Cops2, Cops3, Cops4, Cops5, Cops6, Cops7a, Cops7b, Cops8, Cops9, Corin, Coro1c, Cox10, Cpa1, Cpa2, Cpa3, Cpa4, Cpa5, Cpa6, Cpb1, Cpb2, Cpd, Cpe, Cpeb1, Cpeb2, Cpeb3, Cpeb4, Cplane2, Cpm, Cpn1, Cpne1, Cpq, Cpvl, Cpz, Crb2, Crbn, Creb1, Crebbp, Crebl2, Crebrf, Crh, Cripto, Crkl, Crlf1, Crppa, Crtap, Cry1, Cryaa, Cryab, Csde1, Csf1, Csf1r, Csf2, Csf3, Csgalnact1, Csgalnact2, Csk, Csnk1a1, Csnk1d, Csnk1e, Csnk2a1, Csnk2a2, Csnk2b, Cspg4, Cst3, Cst7, Csta1, Csta2, Csta3, Cstb, Cstdc3, Cstdc4, Cstdc5, Cstdc6, Cstl1, Ctdnep1, Ctdp1, Ctdsp1, Ctdsp2, Ctdspl, Ctdspl2, Ctf1, Cth, Ctif, Ctla2a, Ctnnb1, Ctnnd1, Ctrb1, Ctrc, Ctrl, Cts3, Cts6, Cts7, Cts8, Ctsa, Ctsb, Ctsc, Ctsd, Ctse, Ctsf, Ctsg, Ctsh, Ctsj, Ctsk, Ctsl, Ctsll3, Ctsm, Ctso, Ctsq, Ctsr, Ctss, Ctsw, Ctsz, Cttnbp2nl, Ctu1, Ctu2, Cul1, Cul2, Cul3, Cul4a, Cul4b, Cul5, Cul7, Cul9, Cuzd1, Cwc27, Cwh43, Cx3cl1, Cx3cr1, Cxcr4, Cyfip1, Cyfip2, Cyld, Cym, Cyp1b1, Cyp51, Cytl1, D1Pas1, D2hgdh, D7Ertd443e, Dab1, Dab2, Dab2ip, Dact1, Dad1, Dag1, Dalrd3, Dap, Dap3, Dapk1, Dapk2, Dapk3, Dapl1, Dars1, Dars2, Daw1, Daxx, Dazl, Dbi, Dbndd2, Dcaf1, Dcaf10, Dcaf11, Dcaf12, Dcaf13, Dcaf15, Dcaf17, Dcaf5, Dcaf6, Dcaf7, Dcaf8, Dclk1, Dclk2, Dclk3, Dcst1, Dcun1d1, Dcun1d2, Dcun1d3, Dcun1d4, Dcun1d5, Dda1, Ddah1, Ddb1, Ddb2, Ddi1, Ddi2, Ddit3, Ddost, Ddr1, Ddr2, Ddrgk1, Ddx25, Ddx39b, Ddx3x, Ddx6, Dedd, Dennd3, Denr, Deptor, Derl1, Derl2, Derl3, Desi1, Desi2, Det1, Dffa, Dgat2, Dgkq, Dguok, Dhcr24, Dhdds, Dhh, Dhps, Dhx29, Dhx33, Dhx36, Dhx9, Dicer1, Dip2a, Dip2b, Disc1, Disp1, Dkk1, Dld, Dlg1, Dlgap1, Dmac2, Dmd, Dmpk, Dmtn, Dnaaf4, Dnah12, Dnaja1, Dnaja2, Dnaja3, Dnaja4, Dnajb1, Dnajb11, Dnajb12, Dnajb13, Dnajb14, Dnajb2, Dnajb3, Dnajb4, Dnajb5, Dnajb6, Dnajb7, Dnajb8, Dnajb9, Dnajc1, Dnajc10, Dnajc18, Dnajc2, Dnajc24, Dnajc25, Dnajc3, Dnajc5, Dnajc7, Dner, Dnlz, Dnpep, Dock7, Dohh, Dok7, Dolk, Dolpp1, Dpagt1, Dpep1, Dpep2, Dpep3, Dph1, Dph2, Dph3, Dph5, Dph6, Dph7, Dpm1, Dpm2, Dpm3, Dpp10, Dpp3, Dpp4, Dpp6, Dpp7, Dpp8, Dpp9, Dpy19l1, Dpy19l3, Dr1, Drd1, Drd2, Drd4, Drg1, Drg2, Dscc1, Dse, Dsel, Dsp, Dtl, Dtnbp1, Dtx1, Dtx2, Dtx3, Dtx3l, Dtx4, Dubr, Duoxa2, Dus3l, Dusp1, Dusp10, Dusp11, Dusp18, Dusp19, Dusp2, Dusp21, Dusp22, Dusp26, Dusp29, Dusp3, Dusp5, Dusp6, Dusp7, Dvl1, Dvl2, Dvl3, Dynap, Dynapl1, Dync2h1, Dyrk1a, Dyrk1b, Dyrk2, Dyrk3, Dysf, Dzip3, E330034G19Rik, E4f1, Ears2, Ece1, Ece2, Ecel1, Ecm1, Ecpas, Ecrg4, Ecscr, Ect2, Edem1, Edem2, Edem3, Edn1, Edn3, Ednra, Ednrb, Eef1a1, Eef1a2, Eef1akmt1, Eef1akmt2, Eef1akmt3, Eef1b2, Eef1d, Eef1e1, Eef1ece2, Eef1g, Eef2, Eef2k, Eef2kmt, Eefsec, Efemp1, Efl1, Efna1, Efna3, Efna5, Egf, Egfbp2, Egfr, Egln2, Egln3, Egr1, Egr2, Ehd4, Ehmt1, Ehmt2, Eif1, Eif1a, Eif1ad, Eif1ad11, Eif1ad12, Eif1ad13, Eif1ad14, Eif1ad15, Eif1ad16, Eif1ad17, Eif1ad18, Eif1ad19, Eif1ad2, Eif1ad3, Eif1ad4, Eif1ad7, Eif1ad8, Eif1ax, Eif1b, Eif2a, Eif2ak1, Eif2ak2, Eif2ak3, Eif2ak4, Eif2b1, Eif2b2, Eif2b3, Eif2b4, Eif2b5, Eif2d, Eif2s1, Eif2s2, Eif2s3x, Eif2s3y, Eif3a, Eif3b, Eif3c, Eif3d, Eif3e, Eif3f, Eif3g, Eif3h, Eif3i, Eif3j1, Eif3j2, Eif3k, Eif3l, Eif3m, Eif4a1, Eif4a2, Eif4a3, Eif4a3l1, Eif4a3l2, Eif4b, Eif4e, Eif4e1b, Eif4e2, Eif4e3, Eif4ebp1, Eif4ebp2, Eif4ebp3, Eif4enif1, Eif4g1, Eif4g2, Eif4g3, Eif4h, Eif5, Eif5a, Eif5a2, Eif5b, Eif6, Eipr1, Elac1, Elane, Elavl1, Elavl4, Elob, Eloc, Elp6, Emp2, Enc1, Endou, Eng, Engase, Eno1, Eno1b, Enpep, Enpp1, Enpp2, Entpd5, Eogt, Ep300, Epas1, Epb42, Epg5, Epha1, Epha3, Epha4, Epha7, Epha8, Ephb1, Ephb2, Ephb3, Ephb4, Epm2a, Epo, Eppin, Eprs1, Epsti1, Erap1, Erbb2, Erbb4, Erc1, Ercc6, Ercc8, Ereg, Erlec1, Erlin1, Erlin2, Ermp1, Ern1, Ern2, Ero1a, Ero1b, Erp27, Erp29, Erp44, Errfi1, Esco1, Esco2, Espl1, Etaa1, Etf1, Etfbkmt, Evpl, Ext1, Ext2, Extl1, Extl3, Eya1, Eya2, Eya3, Ezh2, Ezr, F10, F11, F12, F13a1, F13b, F2, F3, F7, F8, F8a, F9, Fabp4, Fadd, Faf1, Faf2, Fam107a, Fam111a, Fam161a, Fam20a, Fam20b, Fam20c, Fam220a, Fam3c, Fam83d, Fam98a, Fam98b, Fancf, Fanci, Fancl, Fancm, Fap, Fars2, Farsa, Farsb, Fas, Fastk, Fastkd2, Fastkd3, Fau, Faxdc2, Fbh1, Fbln1, Fbn1, Fbxl12, Fbxl13, Fbxl14, Fbxl15, Fbxl16, Fbxl17, Fbxl18, Fbxl19, Fbxl2, Fbxl20, Fbxl21, Fbxl22, Fbxl3, Fbxl4, Fbxl5, Fbxl6, Fbxl7, Fbxl9, Fbxo10, Fbxo11, Fbxo17, Fbxo2, Fbxo22, Fbxo24, Fbxo25, Fbxo27, Fbxo28, Fbxo3, Fbxo30, Fbxo31, Fbxo32, Fbxo33, Fbxo38, Fbxo39, Fbxo4, Fbxo43, Fbxo44, Fbxo45, Fbxo48, Fbxo5, Fbxo6, Fbxo7, Fbxo8, Fbxo9, Fbxw11, Fbxw15, Fbxw4, Fbxw5, Fbxw7, Fbxw8, Fcer1a, Fcnb, Fcor, Fech, Fem1a, Fem1al, Fem1b, Fem1c, Fer, Fes, Fetub, Fga, Fgb, Fgd2, Fgd4, Fgf1, Fgf10, Fgf15, Fgf18, Fgf2, Fgf4, Fgf7, Fgf8, Fgfr1, Fgfr2, Fgfr3, Fgfr4, Fgg, Fgr, Fhit, Ficd, Filip1l, Firrm, Fiz1, Fkbp10, Fkbp11, Fkbp2, Fkbp4, Fkbp5, Fkbp6, Fkbp8, Fkbp9, Fkrp, Fktn, Flcn, Flna, Flot1, Flot2, Flt1, Flt3, Flt3l, Flt4, Fmn2, Fmr1, Fn1, Fn3k, Fn3krp, Fndc1, Fnip1, Fnip2, Fnta, Fntb, Folh1, Fosl2, Foxf2, Foxl1, Foxo1, Foxo3, Foxred2, Frey1, Fry, Fscb, Fshr, Ftsj1, Furin, Fus, Fut1, Fut10, Fut11, Fut2, Fut4, Fut7, Fut8, Fut9, Fuz, Fxn, Fxr1, Fxr2, Fxyd1, Fyn, Fzd1, Fzd4, Fzd5, Fzd8, Fzr1, G2e3, G6pd2, G6pdx, Gab1, Gabarap, Gabarapl2, Gadd45a, Gadd45b, Gadd45g, Gadd45gip1, Gal3st2, Gal3st2c, Gal3st4, Galns, Galnt1, Galnt10, Galnt11, Galnt12, Galnt13, Galnt14, Galnt15, Galnt16, Galnt17, Galnt18, Galnt2, Galnt3, Galnt4, Galnt5, Galnt6, Galnt7, Galnt9, Galntl6, Gan, Ganab, Ganc, Gapdh, Gapdh-ps15, Gapdhrt, Gapdhrt2, Garem1, Gars1, Gas1, Gas6, Gata1, Gatb, Gatc, Gba1, Gbgt1, Gbp4, Gcg, Gclc, Gcn1, Gcnt1, Gcnt2, Gcnt3, Gcnt4, Gcnt7, Gcsh, Gdnf, Gemin5, Get4, Gfap, Gfm1, Gfm2, Gfpt1, Gfpt2, Gfra1, Gfra2, Gga1, Gga3, Ggcx, Ggnbp2, Ggt1, Ggt5, Ggta1, Ghrhr, Gid4, Gid8, Gigyf2, Gipc1, Gja1, Gja8, Gjc2, Glb1, Glce, Glg1, Gli3, Glmn, Glul, Glyctk, Gm10768, Gm11690, Gm12610, Gm13040, Gm15222, Gm15441, Gm2044, Gm2663, Gm36723, Gm44504, Gm4787, Gm6133, Gmppa, Gmppb, Gna12, Gnaq, Gnas, Gnl3, Gnl3l, Gnptab, Gns, Golga2, Golga7, Golph3, Gorasp1, Gp1ba, Gp1bb, Gp5, Gp6, Gp9, Gpaa1, Gpc1, Gpc3, Gpd1l, Gper1, Gphn, Gpld1, Gpnmb, Gpr39, Gprc5a, Gprc5b, Gps1, Gps2, Gpx1, Grb7, Grem1, Grin2a, Grin2c, Grk1, Grk2, Grk3, Grk5, Grn, Grpel1, Grpel2, Gsap, Gsk3a, Gsk3b, Gskip, Gsn, Gspt1, Gspt2, Gstp-ps, Gstp1, Gstp2, Gstp3, Gtdc1, Gtf2b, Gtpbp1, Gtpbp2, Gtpbp4, Guf1, Gusb, Gxylt1, Gxylt2, Gzma, Gzmb, Gzmc, Gzmd, Gzme, Gzmf, Gzmg, Gzmk, Gzmm, Gzmn, H13, H2-DMa, H2-DMb1, H2-DMb2, H2bc1, Habp2, Habp4, Hace1, Hamp, Hamp2, Hap1, Hars1, Hars2, Haspin, Hax1, Hbb-b1, Hbegf, Hbs1l, Hccs, Hck, Hcls1, Hcst, Hdac1, Hdac2, Hdac3, Hdac4, Hdac6, Hdac7, Hdac8, Hdac9, Hectd1, Hectd2, Hectd3, Hecw1, Hecw2, Heg1, Hemk1, Herc2, Herc3, Herc4, Herc6, Herpud1, Hes1, Hes5, Hexa, Hexb, Hexim2, Hfe, Hgf, Hgfac, Hgs, Hgsnat, Hhat, Hhatl, Hhex, Hif1a, Higd1a, Hint1, Hint2, Hipk1, Hipk2, Hipk3, Hipk4, Hjv, Hlcs, Hltf, Hmces, Hmg20a, Hmg20b, Hmga2, Hmgb1, Hmgcr, Hnf1a, Hnf4a, Hnrnpd, Hnrnpu, Hoxb3os, Hp, Hpn, Hpse, Hpx, Hras, Hrc, Hrg, Hs2st1, Hs3st1, Hs3st2, Hs3st3a1, Hs3st3b1, Hs3st4, Hs3st5, Hs3st6, Hs6st1, Hs6st2, Hs6st3, Hsf1, Hsp90aa1, Hsp90ab1, Hsp90b1, Hspa13, Hspa14, Hspa1a, Hspa1b, Hspa1l, Hspa2, Hspa4, Hspa4l, Hspa5, Hspa8, Hspa9, Hspb1, Hspb2, Hspb6, Hspbp1, Hspd1, Hspe1, Hspe1-rs1, Hspg2, Hsph1, Htatip2, Htr2a, Htr2b, Htra1, Htra2, Htra3, Htra4, Htt, Hunk, Hus1, Huwe1, Hyal1, Hyal2, Hyal4, Hyou1, Iapp, Iars1, Iars2, Ibtk, Icam1, Icmt, Ide, Ids, Idua, Ier3, Ifih1, Ifna, Ifnar1, Ifnb1, Ifng, Ifngr1, Ifnz, Ifrd2, Ift172, Ift52, Ift80, Ift88, Igf1, Igf1r, Igf2bp1, Igf2bp2, Igf2bp3, Igfbp3, Igfbp5, Igh-7, Ighg2a, Ighm, Ighmbp2, Igtp, Ihh, Ikbkb, Ikbke, Il10, Il11, Il12a, Il12b, Il12rb1, Il12rb2, Il13, Il15, Il17d, Il17f, Il17ra, Il18, Il1b, Il1r2, Il2, Il21, Il22, Il22ra2, Il23a, Il24, Il3, Il31ra, Il33, Il34, Il4, Il5, Il6, Il6ra, Il6st, Il7, Il9, Il9r, Ilf3, Ilk, Immp1l, Immp2l, Impact, Inava, Inca1, Ing4, Ing5, Inha, Inhba, Inhbb, Inpp5b, Inpp5e, Inpp5f, Inpp5j, Inpp5k, Ins1, Ins2, Insm1, Insr, Insrr, Invs, Ip6k2, Ip6k3, Ipp, Iqgap1, Iqgap3, Irak1, Irak3, Ireb2, Irf1, Irf2bp1, Irf2bpl, Irgm1, Irgm2, Isg15, Isl1, Israa, Ist1, Itch, Itga2, Itga5, Itgav, Itgb1, Itgb1bp1, Itgb2, Itgb2l, Itgb3, Itk, Itln1, Itlnb, Itm2a, Itm2b, Itm2c, Itpkb, Ivl, Ivns1abp, Jade2, Jak1, Jak2, Jak3, Jkamp, Jmjd4, Jmjd6, Jmjd7, Josd1, Josd2, Jtb, Jun, Kars1, Kat14, Kat2a, Kat2b, Kat5, Kat6a, Kat7, Kbtbd12, Kbtbd13, Kbtbd2, Kbtbd3, Kbtbd6, Kbtbd7, Kbtbd8, Kcmf1, Kcne2, Kcnq2, Kcnq3, Kctd10, Kctd11, Kctd13, Kctd17, Kctd2, Kctd21, Kctd5, Kctd6, Kctd9, Kdm1a, Kdm4d, Kdm5a, Kdm6a, Kdm8, Kdr, Keap1, Kel, Khdc3, Khdrbs1, Kif14, Kif3a, Kirrel1, Kirrel2, Kit, Kitl, Klf15, Klf2, Klf4, Klhdc1, Klhdc10, Klhdc2, Klhdc3, Klhl1, Klhl10, Klhl11, Klhl12, Klhl13, Klhl15, Klhl17, Klhl18, Klhl2, Klhl20, Klhl21, Klhl22, Klhl23, Klhl24, Klhl25, Klhl28, Klhl29, Klhl3, Klhl30, Klhl31, Klhl35, Klhl36, Klhl38, Klhl4, Klhl40, Klhl41, Klhl42, Klhl5, Klhl6, Klhl7, Klhl8, Klhl9, Klk1, Klk10, Klk11, Klk12, Klk13, Klk14, Klk15, Klk1b1, Klk1b11, Klk1b16, Klk1b21, Klk1b22, Klk1b24, Klk1b26, Klk1b27, Klk1b3, Klk1b4, Klk1b5, Klk1b8, Klk1b9, Klk4, Klk5, Klk6, Klk7, Klk8, Klk9, Klkb1, Kmt2a, Kmt5a, Kndc1, Kng1, Kng2, Kras, Krt1, Krt10, Krt13, Krt17, Krt2, Krtcap2, Ksr1, Ky, L1cam, L3mbtl3, Lactb, Lama1, Lamp2, Lamp3, Lap3, Laptm4b, Laptm5, Large1, Large2, Larp1, Larp4, Larp4b, Larp6, Lars1, Lars2, Lats1, Lats2, Lcat, Lck, Lcmt1, Lcmt2, Ldb1, Ldc1, Ldlr, Ldlrad3, Ldlrap1, Lep, Lepr, Lgmn, Lias, Liat1, Lif, Lilra5, Lilrb4a, Lilrb4b, Limch1, Limd1, Lime1, Limk1, Limk2, Lin28a, Lipa, Lipc, Lipg, Lipt1, Lipt2, Lmf1, Lmf2, Lmln, Lmtk2, Lnpep, Lnx1, Lonp1, Lonp2, Loricrin, Lox, Loxl2, Loxl3, Lpcat1, Lrig2, Lrp1, Lrp4, Lrp6, Lrp8, Lrpprc, Lrr1, Lrrc41, Lrrc47, Lrrc55os, Lrrc75a, Lrrk1, Lrrk2, Lrrn3, Lrrtm3, Lrsam1, Lsm14a, Lsm14b, Lta4h, Ltf, Ltk, Ltn1, LTO1, Lvrn, Lyn, Lypla1, Lypla2, Lyplal1, Lztr1, Macrod1, Macrod2, Macroh2a1, Mad2l1, Mad2l2, Maea, Mafb, Maged1, Magel2, Magi3, Magoh, Magt1, Mak, Malsu1, Malt1, Maml1, Man1a, Man1a2, Man1b1, Man1c1, Man2a1, Man2a2, Man2b1, Manba, Map1a, Map2k1, Map2k2, Map2k3, Map2k4, Map2k5, Map2k6, Map2k7, Map3k1, Map3k10, Map3k11, Map3k12, Map3k13, Map3k20, Map3k3, Map3k4, Map3k5, Map3k6, Map3k7, Map3k9, Map4k1, Map4k2, Map4k3, Map4k4, Map6d1, Mapk1, Mapk10, Mapk12, Mapk13, Mapk14, Mapk15, Mapk3, Mapk6, Mapk7, Mapk8, Mapk8ip1, Mapk8ip3, Mapk9, Mapkap1, Mapkapk2, Mapkapk3, Mapkapk5, Mapre3, Mapt, Marchf1, Marchf11, Marchf2, Marchf3, Marchf4, Marchf5, Marchf6, Marchf7, Marchf8, Marchf9, Mark1, Mark2, Mark3, Mark4, Mars1, Mars2, Mas1, Masp1, Masp2, Mast1, Mast2, Mastl, Matcap1, Matcap2, Mavs, Mbip, Mbl2, Mboat4, Mbp, Mbtps1, Mbtps2, Mcpt1, Mcpt2, Mcpt4, Mcpt8, Mcpt9, Mcptl, Mcts1, Mcts2, Mdm2, Mdm4, Med1, Med10, Med11, Med12, Med17, Med18, Med20, Med21, Med23, Med24, Med27, Med30, Med31, Med6, Med7, Med8, Megf8, Melk, Meltf, Men1, Mep1a, Mep1b, Mesd, Met, Metap1, Metap1d, Metap2, Mettl14, Mettl17, Mettl18, Mettl21a, Mettl21c, Mettl22, Mettl3, Mettl5, Mettl8, Mfsd8, Mgat1, Mgat2, Mgat3, Mgat4a, Mgat4b, Mgat4c, Mgat4d, Mgat4e, Mgat4f, Mgat5, Mgat5b, Mgrn1, Mib1, Mib2, Mical1, Mid2, Midn, Mif, Mif4gd, Minar1, Mindy1, Mindy2, Mindy3, Mindy4, Mink1, Mipep, Mir1247, Mir125a, Mir129, Mir135a-1, Mir143, Mir186, Mir1896, Mir1a-1, Mir1a-2, Mir26a-1, Mir26a-2, Mir26b, Mir301, Mir3960, Mir409, Mir423, Mir448, Mir466l, Mir7116, Mir7b, Mir875, Mir9-1, Mirlet7b, Mirlet7g, Mkks, Mknk1, Mknk2, Mkrn1, Mkrn2, Mkrn3, Mlec, Mllt1, Mlst8, Mlxipl, Mmd, Mmd2, Mme, Mmel1, Mmp10, Mmp11, Mmp12, Mmp13, Mmp14, Mmp15, Mmp16, Mmp17, Mmp19, Mmp1a, Mmp1b, Mmp2, Mmp20, Mmp21, Mmp23, Mmp24, Mmp25, Mmp3, Mmp7, Mmp8, Mmp9, Mob1b, Mob2, Mocos, Mocs1, Mocs2, Mocs3, Mogs, Morc3, Mos, Mpnd, Mppe1, Mprip, Mpv17l2, Mre11a, Mrnip, Mrpl1, Mrpl10, Mrpl11, Mrpl12, Mrpl13, Mrpl14, Mrpl15, Mrpl16, Mrpl17, Mrpl18, Mrpl19, Mrpl2, Mrpl20, Mrpl21, Mrpl22, Mrpl23, Mrpl24, Mrpl27, Mrpl28, Mrpl3, Mrpl30, Mrpl32, Mrpl33, Mrpl34, Mrpl35, Mrpl36, Mrpl37, Mrpl38, Mrpl39, Mrpl4, Mrpl40, Mrpl41, Mrpl42, Mrpl43, Mrpl44, Mrpl45, Mrpl46, Mrpl47, Mrpl48, Mrpl49, Mrpl50, Mrpl51, Mrpl52, Mrpl53, Mrpl54, Mrpl55, Mrpl57, Mrpl58, Mrpl9, Mrps10, Mrps11, Mrps12, Mrps14, Mrps15, Mrps16, Mrps17, Mrps18a, Mrps18b, Mrps18c, Mrps2, Mrps21, Mrps22, Mrps23, Mrps24, Mrps25, Mrps26, Mrps27, Mrps28, Mrps30, Mrps31, Mrps33, Mrps34, Mrps35, Mrps5, Mrps6, Mrps7, Mrps9, Mrrf, Msi1, Msi2, Msl2, Msn, Msrb1, Msrb2, Msrb3, Mst1, Mst1r, mt-Rnr1, mt-Rnr2, mt-Ta, mt-Tc, mt-Td, mt-Te, mt-Tf, mt-Tg, mt-Th, mt-Ti, mt-Tk, mt-Tl1, mt-Tl2, mt-Tm, mt-Tn, mt-Tp, mt-Tq, mt-Tr, mt-Ts1, mt-Ts2, mt-Tt, mt-Tv, mt-Tw, mt-Ty, Mt3, Mta1, Mtbp, Mtfmt, Mtg1, Mtg2, Mtif2, Mtif3, Mtm1, Mtmr3, Mtor, Mtpn, Mtres1, Mtrf1, Mtrf1l, Mtrfr, Mttp, Mul1, Musk, Mustn1, Mvk, Mvp, Myadm, Myc, Mycbp2, Mydgf, Myh9, Mylip, Mylk2, Mylk3, Myo3a, Myo3b, Myocd, Myrf, Myrfl, Mysm1, n-TCgca40, n-THgtg2, n-THgtg3, n-THgtg5, n-THgtg8, n-TRtct5, n-TUtca2, N4bp1, N6amt1, Naa10, Naa11, Naa12, Naa15, Naa16, Naa20, Naa50, Naa60, Naa80, Naalad2, Naaladl1, Nae1, Naglu, Nagpa, Nanos1, Nanos2, Nanos3, Napsa, Nars1, Nars2, Nat10, Nat8, Nat8b-ps, Nat8f1, Nat8f7, Nbn, Ncam1, Ncbp1, Ncbp2, Nccrp1, Nceh1, Nck1, Nck2, Ncl, Ncoa7, Ncor2, Ncstn, Ndfip1, Ndfip2, Ndn, Ndp, Ndst1, Ndst2, Ndst3, Ndst4, Ndufa13, Ndufab1, Ndufab1-ps, Ndufaf5, Ndufaf7, Ndufs4, Necab1, Necab2, Necab3, Nedd4, Nedd4l, Nedd8, Nedd9, Nek1, Nek10, Nek11, Nek2, Nek3, Nek4, Nek6, Nek7, Nelfa, Nelfe, Nell1, Nemf, Neu2, Neu4, Neurl1a, Neurl1b, Neurl2, Neurl3, Neurod2, Nf1, Nf2, Nfe2, Nfe2l1, Nfe2l2, Nfkbia, Nfs1, Nfx1, Ngdn, Ngf, Ngly1, Ngrn, Nherf1, Nhlrc1, Nhlrc3, Niban1, Nim1k, Nkd1, Nkd2, Nktr, Nkx3-1, Nlgn2, Nlk, Nln, Nlrc3, Nlrc4, Nlrp12, Nlrp1a, Nlrp1b, Nlrp3, Nmi, Nmnat2, Nmt1, Nmt2, Nnmt, Nnt, Nod2, Nolc1, Nop53, Nos1, Nos2, Nosip, Notch1, Notch2, Notch4, Notum, Nox4, Npc1, Npc1l1, Npepl1, Npepps, Nploc4, Npm1, Nppa, Nppb, Nppc, Nptn, Nqo1, Nr1d1, Nr1h2, Nr1h3, Nr2f2, Nras, Nrdc, Nrg1, Nrip2, Nrip3, Nrp1, Nrros, Nrxn1, Nscme3l, Nsd1, Nsf, Nsfl1c, Nsg1, Nsmce2, Nsmce3, Nsun3, Nsun4, Nsun5, Nt5c2, Ntan1, Ntaq1, Ntf3, Ntmt1, Ntmt2, Ntrk1, Ntrk2, Ntrk3, Nuak1, Nuak2, Nub1, Nucb2, Nudc, Nudcd2, Nudcd3, Nudt15, Numbl, Nup153, Nup62, Nup98, Nupr1, Nus1, Nxn, Oard1, Oaz1, Oaz2, Oaz3, Obi1, Obox4, Obscn, Ocln, Odam, Odc1, Oga, Ogfod1, Ogt, Olr1, Oma1, Ooep, Oog1, Oog2, Oog3, Oog4, Ophn1, Oprd1, Os9, Osbp, Osbpl7, Osm, Ost4, Ostc, Otub1, Otub2, Otud1, Otud3, Otud4, Otud5, Otud6a, Otud6b, Otud7a, Otud7b, Otulin, Ovch2, Oxa1l, Oxr1, Oxsr1, P2rx7, P2ry1, P3h1, P3h2, P3h3, P3h4, P4ha1, P4ha2, P4hb, Pa2g4, Pabir1, Pabpc1, Pabpn1l, Pacsin3, Padi4, Padi6, Paip1, Paip2, Paip2b, Pak1, Pak2, Pappa, Pappa2, Paqr3, Pard3, Pard6a, Park7, Parl, Parp1, Parp10, Parp11, Parp12, Parp14, Parp16, Parp2, Parp3, Parp4, Parp6, Parp8, Parp9, Pars2, Pask, Pate6, Patl1, Patl2, Pawr, Pax6, Paxip1, Pbk, Pcbp1, Pcbp2, Pcif1, Pck1, Pcmt1, Pcmtd1, Pcmtd2, Pcnp, Pcolce, Pcsk1, Pcsk1n, Pcsk2, Pcsk4, Pcsk5, Pcsk6, Pcsk7, Pcsk9, Pcyox1, Pcyox1l, Pdcd10, Pdcd4, Pdcd5, Pdcd5-ps, Pdcd6, Pdcd6ip, Pdcl, Pdcl2, Pdcl3, Pde4d, Pde5a, Pdf, Pdgfa, Pdgfb, Pdgfc, Pdgfd, Pdgfra, Pdgfrb, Pdia2, Pdia3, Pdia4, Pdia5, Pdilt, Pdk3, Pdlim2, Pdp1, Pdrg1, Pdxp, Pdzrn3, Peak1, Pebp1, Pecam1, Pef1, Peli1, Peli2, Peli3, Pelo, Pemt, Pepb, Pepc, Pepd, Per2, Perp, Pex10, Pex12, Pex19, Pex2, Pfdn1, Pfdn2, Pfdn4, Pfdn5, Pfdn6, Pfn2, Pga5, Pgap1, Pgap2, Pgap3, Pgap4, Pgc, Pggt1b, Pgk1, Pgm3, Pgpep1, Pgpep1l, Phb1, Phex, Phf2, Phf20l1, Phf23, Phip, Phlda1, Phlpp1, Phpt1, Pias1, Pias2, Pias3, Pias4, Pibf1, Picalm, Pick1, Pid1, Pidd1, Piga, Pigb, Pigc, Pigf, Pigg, Pigh, Pigk, Pigl, Pigm, Pign, Pigo, Pigp, Pigq, Pigs, Pigt, Pigu, Pigv, Pigw, Pigx, Pigyl, Pigz, Pih1d1, Pik3c3, Pik3ca, Pik3cg, Pik3r1, Pik3r3, Pik3r5, Pik3r6, Pikfyve, Pim1, Pim2, Pim3, Pin1, Pin1rt1, Pink1, Pinx1, Pip, Pip5kl1, Pirb, Pisd, Pithd1, Pitrm1, Piwil1, Piwil2, Piwil4, Pja1, Pja2, Pkd1, Pkdcc, Pkia, Pkib, Pkig, Pkm, Pkn1, Pkn2, Pkp1, Pla2g10, Pla2g6, Plaa, Plat, Plau, Plaur, Plcb1, Plcg2, Pld1, Plec, Plg, Plgrkt, Plk1, Plk2, Plk3, Plk4, Plod1, Plod2, Plod3, Plpp3, Plpp6, Plxnb2, Pm20d1, Pm20d2, Pmaip1, Pml, Pmm1, Pmm2, Pmp22, Pmpca, Pmpcb, Pnkp, Pofut1, Pofut2, Poglut1, Poglut2, Poglut3, Poldip3, Polr2g, Pomgnt1, Pomgnt2, Pomk, Pomt1, Pomt2, Porcn, Ppara, Ppard, Pparg, Ppargc1a, Ppef2, Ppia, Ppib, Ppic, Ppid, Ppie, Ppif, Ppig, Ppih, Ppihl, Ppil1, Ppil2, Ppil3, Ppm1a, Ppm1b, Ppm1d, Ppm1e, Ppm1f, Ppm1g, Ppm1j, Ppm1m, Ppme1, Ppp1ca, Ppp1cb, Ppp1cc, Ppp1r11, Ppp1r12a, Ppp1r15a, Ppp1r15b, Ppp1r9b, Ppp2ca, Ppp2cb, Ppp2r1a, Ppp2r2a, Ppp2r3a, Ppp2r3c, Ppp2r3d, Ppp2r5a, Ppp2r5b, Ppp2r5c, Ppp2r5d, Ppp3ca, Ppp3cb, Ppp3cc, Ppp3r1, Ppp4c, Ppp4r3a, Ppp4r3b, Ppp5c, Ppp6c, Ppt1, Pptc7, Ppwd1, Pramel1, Pramel11, Pramel12, Pramel13, Pramel14, Pramel15, Pramel16, Pramel17, Pramel18, Pramel19, Pramel20, Pramel21, Pramel22, Pramel23, Pramel24, Pramel25, Pramel26, Pramel27, Pramel28, Pramel29, Pramel30, Pramel31, Pramel32, Pramel33, Pramel35, Pramel36, Pramel37, Pramel38, Pramel40, Pramel41, Pramel42, Pramel43, Pramel44, Pramel45, Pramel46, Pramel47, Pramel48, Pramel5, Pramel51, Pramel53, Pramel55, Pramel6, Pramel60, Pramel7, Pramex1, Prcp, Prdm1, Prdm12, Prdx3, Prdx4, Prelid1, Prep, Prepl, Prex1, Prex2, Prg3, Prickle1, Prkaa1, Prkaa2, Prkab1, Prkaca, Prkacb, Prkag1, Prkag2, Prkar1a, Prkar1b, Prkca, Prkcb, Prkcd, Prkce, Prkcg, Prkch, Prkci, Prkcq, Prkcsh, Prkcz, Prkd1, Prkd2, Prkdc, Prkg1, Prkg2, Prkn, Prkra, Prkrip1, Prkx, Prlr, Prmt1, Prmt3, Prmt5, Prmt6, Prmt7, Prmt8, Prnp, Proc, Proca1, Prom2, Prox1, Proz, Prpf18, Prpf19, Prph2, Prr16, Prr5, Prr5l, Prrt1, Prss1, Prss12, Prss16, Prss1l, Prss2, Prss21, Prss22, Prss23, Prss27, Prss28, Prss29, Prss3, Prss30, Prss32, Prss33, Prss34, Prss36, Prss37, Prss38, Prss39, Prss3b, Prss3l, Prss40, Prss41, Prss42, Prss43, Prss44, Prss45, Prss46, Prss48, Prss50, Prss51, Prss52, Prss53, Prss54, Prss55, Prss56, Prss57, Prss58, Prss59, Prss8, Prtn3, Psap, Psen1, Psen2, Psenen, Pskh1, Psma1, Psma2, Psma3, Psma4, Psma5, Psma6, Psma7, Psma8, Psmb1, Psmb10, Psmb11, Psmb2, Psmb3, Psmb4, Psmb5, Psmb6, Psmb7, Psmb8, Psmb9, Psmc1, Psmc2, Psmc3, Psmc4, Psmc5, Psmc6, Psmd1, Psmd10, Psmd11, Psmd13, Psmd14, Psmd2, Psmd3, Psmd4, Psmd6, Psmd7, Psmd8, Psme1, Psme2, Psme3, Psme3ip1, Psme4, Psmf1, Psrc1, Pstk, Ptafr, Ptbp1, Ptcd1, Ptcd3, Ptch1, Pten, Ptger3, Ptger4, Ptges3, Ptges3-ps, Ptges3l, Ptgis, Ptgs2, Pthlh, Ptk2, Ptk2b, Ptk6, Ptpn1, Ptpn11, Ptpn12, Ptpn13, Ptpn2, Ptpn22, Ptpn23, Ptpn3, Ptpn4, Ptpn5, Ptpn6, Ptpn7, Ptpn9, Ptpra, Ptprb, Ptprc, Ptprf, Ptprh, Ptprj, Ptprk, Ptprm, Ptpro, Ptprr, Ptprs, Ptprt, Ptpru, Ptprv, Ptprz1, Ptrh1, Pttg1ip, Ptx3, Pum1, Pum2, Pum3, Pura, Pus7, Pxn, Pxylp1, Pycard, Pym1, Pyurf, Qars1, Qki, Qpct, Qpctl, Qrich2, Qrsl1, Qsox1, Qsox2, Rab12, Rab1a, Rab1b, Rab23, Rab3b, Rab3d, Rab3gap1, Rab3gap2, Rab40b, Rab40c, Rab6a, Rab7, Rabgef1, Rabggta, Rabggtb, Rabl3, Rac1, Rack1, Rad18, Rad23a, Rad23b, Rad50, Rad51, Raf1, Rag1, Ralb, Ralbp1, Ramp1, Ranbp2, Ranbp9, Rangap1, Rap1a, Rap1gds1, Rap2a, Rap2b, Rap2c, Rapgef2, Rapgef3, Rara, Rarres2, Rars1, Rars2, Rasa1, Rasal2, Rasd2, Rasgrp1, Rasip1, Rassf1, Rassf2, Rassf5, Rb1, Rb1cc1, Rbbp6, Rbck1, Rbm24, Rbm3, Rbm4, Rbm4b, Rbm8a, Rbms3, Rbmx, Rbmxl1, Rbp3, Rbx1, Rbx1-ps, Rc3h1, Rc3h2, Rcc1l, Rce1, Rchy1, Rcn3, Rdx, Reck, Reg1, Reg3b, Rela, Reln, Ren1, Ren2, Ret, Rffl, Rft1, Rfwd3, Rfx4, Rgcc, Rgma, Rgn, Rgp1, Rgs14, Rgs2, Rhbdd1, Rhbdd3, Rhbdf1, Rhbdf2, Rhbdl1, Rhbdl2, Rhbdl3, Rho, Rhoa, Rhobtb3, Ric1, Ric3, Ric8a, Ric8b, Rictor, Rida, Rigi, Rilp, Rimkla, Rimklb, Ring1, Riok2, Riox1, Ripk1, Ripk2, Ripk3, Rit2, Rlig1, Rlim, Rmnd1, Rmnd5a, Rmnd5b, Rnf10, Rnf103, Rnf11, Rnf111, Rnf112, Rnf113a1, Rnf113a2, Rnf114, Rnf115, Rnf121, Rnf122, Rnf123, Rnf125, Rnf126, Rnf128, Rnf13, Rnf130, Rnf133, Rnf135, Rnf138, Rnf138rt1, Rnf139, Rnf14, Rnf141, Rnf144a, Rnf144b, Rnf145, Rnf146, Rnf148, Rnf149, Rnf150, Rnf152, Rnf157, Rnf166, Rnf167, Rnf168, Rnf169, Rnf170, Rnf180, Rnf181, Rnf182, Rnf183, Rnf185, Rnf186, Rnf187, Rnf19a, Rnf19b, Rnf2, Rnf20, Rnf208, Rnf212, Rnf212b, Rnf213, Rnf215, Rnf216, Rnf217, Rnf220, Rnf223, Rnf225, Rnf227, Rnf25, Rnf26, Rnf26rt, Rnf31, Rnf34, Rnf38, Rnf4, Rnf40, Rnf41, Rnf43, Rnf44, Rnf5, Rnf6, Rnf7, Rnf7l, Rnf8, Rnft1, Rnft2, Rnpep, Rnpepl1, Robo1, Rock1, Rock2, Ropn1, Ropn1l, Rorc, Ros1, Rpgr, Rpl10, Rpl10-ps3, Rpl10a, Rpl10l, Rpl11, Rpl12, Rpl13, Rpl13a, Rpl14, Rpl15, Rpl17, Rpl18, Rpl18a, Rpl19, Rpl21, Rpl22, Rpl22l1, Rpl23, Rpl23a, Rpl24, Rpl26, Rpl27, Rpl27a, Rpl27rt, Rpl28, Rpl29, Rpl3, Rpl30, Rpl31, Rpl32, Rpl32l, Rpl34, Rpl35, Rpl35a, Rpl36, Rpl36-ps12, Rpl36a, Rpl37, Rpl37a, Rpl38, Rpl39, Rpl39l, Rpl3l, Rpl4, Rpl41, Rpl5, Rpl6, Rpl6l, Rpl7, Rpl7a, Rpl8, Rpl9, Rpl9-ps6, Rplp0, Rplp1, Rplp1rt, Rplp2, Rpn1, Rpn2, Rps10, Rps11, Rps12, Rps13, Rps14, Rps15, Rps15a, Rps16, Rps17, Rps18, Rps19, Rps2, Rps20, Rps21, Rps23, Rps23rg1, Rps24, Rps25, Rps26, Rps27, Rps27a, Rps27l, Rps28, Rps29, Rps3, Rps3a1, Rps4x, Rps5, Rps6, Rps6-ps4, Rps6ka1, Rps6ka2, Rps6ka4, Rps6ka5, Rps6kb1, Rps6kb2, Rps7, Rps8, Rps9, Rpsa, Rptor, Rpusd3, Rpusd4, Rsl24d1, Rspo1, Rspry1, Rsrc1, Rtn1, Rtn2, Rtn3, Rtn4, Rtraf, Runx3, Rusc1, Rwdd1, Rwdd3, Rxra, Rxylt1, Rybp, Rybp-ps, S100a10, S100a8, S100a9, S1pr2, Saa3, Sae1, Samd1, Samd4, Samd4b, Samd9l, Samsn1, Sarnp, Sars1, Sars2, Sash1, Saysd1, Scg5, Sco1, Scpep1, Scrib, Scrn1, Scrn2, Scrn3, Sde2, Sdf2, Sdf2l1, Sdhaf2, Sec1, Sec11a, Sec11c, Sec22b, Sec61b, Sec61bl, Secisbp2, Sel1l, Sel1l2, Selenof, Selenok, Selenoo, Selenos, Sema4d, Sema7a, Semp2l1, Semp2l2a, Semp2l2b, Senp1, Senp2, Senp3, Senp5, Senp6, Senp7, Senp8, Sepsecs, Septin3, Septin4, Serbp1, Serf1, Serp1, Serpina1a, Serpina1b, Serpina5, Serpinb10, Serpinb11, Serpinb12, Serpinb13, Serpinb1a, Serpinb1b, Serpinb1c, Serpinb2, Serpinb3a, Serpinb3b, Serpinb3c, Serpinb3d, Serpinb5, Serpinb6a, Serpinb6b, Serpinb6c, Serpinb6d, Serpinb6e, Serpinb7, Serpinb8, Serpinb9, Serpinb9b, Serpinb9c, Serpinb9d, Serpinb9e, Serpinb9f, Serpinb9g, Serpinb9h, Serpind1, Serpine1, Serpine2, Serpine3, Serpinf1, Serpinf2, Serping1, Serpinh1, Serpini1, Serpini2, Sesn2, Setd2, Setd3, Setd6, Setd7, Sez6, Sez6l, Sez6l2, Sf3b3, Sfn, Sfrp1, Sfrp2, Sfrp5, Sgf29, Sgk1, Sgsh, Sgsm3, Sgta, Sh2d1b1, Sh2d1b2, Sh3bgrl, Sh3bp5, Sh3d19, Sh3gl2, Sh3glb1, Sh3rf1, Sh3rf2, Sh3rf3, Sharpin, Shb, Shfl, Shh, Shmt1, Shmt2, Shprh, Siah1a, Siah1b, Siah2, Siah3, Sik1, Sik2, Sik3, Sirt1, Sirt2, Sirt3, Sirt4, Sirt5, Sirt6, Sirt7, Skic2, Skic3, Skic8, Skp1, Skp2, Slamf9, Slbp, Slc10a7, Slc11a1, Slc12a3, Slc17a9, Slc1a1, Slc25a37, Slc2a10, Slc2a13, Slc30a5, Slc30a8, Slc35a4, Slc35b2, Slc35b3, Slc35c1, Slc35c2, Slc35d1, Slc35d2, Slc39a8, Slc4a10, Slc51b, Slc6a17, Slc6a7, Slc6a8, Slc6a9, Slc8a1, Slc8a2, Slc8a3, Slco3a1, Slfn1, Slit2, Slk, Smad1, Smad2, Smad3, Smad4, Smad5, Smad7, Smad9, Smarcc1, Smc5, Smg1, Smg8, Smo, Smok1, Smok2b, Smpd1, Smpd3, Smtnl1, Smurf1, Smurf2, Smyd2, Smyd3, Smyd5, Snapin, Snca, Snf8, Snhg15, Snhg20, Snrk, Snrpb, Snrpd3, Snta1, Snx1, Snx12, Snx3, Snx33, Snx5, Snx9, Soat1, Socs1, Socs2, Socs3, Socs4, Socs5, Socs6, Socs7, Sod1, Sorl1, Sox17, Sox4, Sox9, Sp1, Spag9, Spata18, Spata2, Spatc1l, Spcs1, Spcs2, Spcs3, Spdya, Spdye4a, Spg11, Spg7, Sphk1, Spink1, Spink12, Spink2, Spink5, Spink6, Spn, Spock1, Spock3, Spon1, Spop, Spopfm2, Spopfm3, Spopl, Sppl2a, Sppl2b, Sppl2c, Sppl3, Spred1, Spred2, Sprr1a, Sprtn, Spry1, Spry2, Spry4, Spsb1, Spsb2, Spsb3, Spsb4, Sptbn4, Sqstm1, Srbd1, Src, Srcin1, Srd5a3, Srgn, Srms, Srp9, Srpk1, Srpk2, Srpk3, Ssb, Ssh1, Ssh2, St13, St14, St3gal1, St3gal2, St3gal3, St3gal4, St3gal5, St3gal6, St6gal1, St6gal2, St6galnac1, St6galnac2, St6galnac3, St6galnac4, St6galnac5, St6galnac6, St8sia1, St8sia2, St8sia3, St8sia4, St8sia5, St8sia6, Stam, Stambp, Stambpl1, Stat2, Stat3, Stat4, Stat5a, Stfa1, Stfa2, Stfa2l1, Stfa3, Stil, Stk10, Stk11, Stk16, Stk17b, Stk24, Stk25, Stk26, Stk3, Stk31, Stk33, Stk38, Stk38l, Stk39, Stk4, Stoml2, Stox1, Strada, Stradb, Stt3a, Stt3b, Stub1, Stx1a, Stx5a, Styx, Styx-ps, Sucnr1, Sufu, Sulf1, Sulf2, Sumf1, Sumf2, Sumo1, Sumo2, Sumo3, Suz12, Sva, Sval1, Sval2, Sval3, Svbp, Svip, Syap1, Syk, Syncrip, Synpo2, Syvn1, Tab1, Tab2, Taco1, Tada2a, Tada3, Taf7, Taf9, Tank, Taok1, Taok3, Tarbp2, Tardbp, Tars1, Tars2, Tars3, Tasp1, Tbc1d10a, Tbc1d24, Tbc1d7, Tbca, Tbcb, Tbcc, Tbcd, Tbce, Tbcel, Tbk1, Tbl1x, Tbl1xr1, Tbx1, Tbx21, Tcf25, Tcf7l2, Tcim, Tcirg1, Tcl1, Tcof1, Tcp1, Tcrb, Tdpoz1, Tdpoz2, Tdpoz3, Tdpoz4, Tdpoz5, Tdpoz8, Tdpoz9, Tead1, Tek, Telo2, Tenm1, Tent2, Tent5b, Terf2ip, Tes3-ps, Tesc, Tescl, Tesk1, Tesk2, Tet1, Tet2, Tet3, Tfap4, Tfr2, Tfrc, Tgfa, Tgfb1, Tgfb1i1, Tgfb2, Tgfbr1, Tgfbr2, Tgm1, Tgm2, Tgm3, Thbs1, Thbs4, Thop1, Thpo, Thy1, Tia1, Ticam1, Timm17a, Timm23, Timm50, Timp1, Timp2, Timp3, Timp4, Tinagl1, Tiparp, Tirap, Tlk1, Tlk2, Tll1, Tll2, Tlr1, Tlr2, Tlr3, Tlr4, Tlr6, Tlr7, Tlr8, Tlr9, Tm4sf20, Tm9sf2, Tm9sf5, Tmcc2, Tmed10, Tmed10-ps, Tmed2, Tmem102, Tmem106a, Tmem106b, Tmem119, Tmem126a, Tmem129, Tmem132a, Tmem165, Tmem168, Tmem199, Tmem208, Tmem258, Tmem259, Tmem260, Tmem59, Tmem67, Tmem9, Tmem98, Tmf1, Tmprss11a, Tmprss11b, Tmprss11c, Tmprss11d, Tmprss11e, Tmprss11f, Tmprss11g, Tmprss12, Tmprss13, Tmprss15, Tmprss2, Tmprss3, Tmprss4, Tmprss5, Tmprss6, Tmprss7, Tmprss9, Tmtc1, Tmtc2, Tmtc3, Tmtc4, Tmub1, Tmub2, Tmx1, Tnf, Tnfaip1, Tnfaip3, Tnfrsf11a, Tnfrsf14, Tnfrsf18, Tnfrsf1a, Tnfrsf1b, Tnfrsf4, Tnfsf11, Tnfsf12, Tnfsf18, Tnik, Tnip1, Tnk1, Tnk2, Tnks, Tnks1bp1, Tnks2, Tnp1, Tnp2, Tnrc6a, Tnrc6b, Tnrc6c, Tns2, Tob1, Tollip, Tom1l1, Top1, Topors, Toporsl, Tor1a, Tor1b, Tor2a, Tpd52l1, Tpgs1, Tpp1, Tpp2, Tppp, Tpr, Tpsab1, Tpsb2, Tpsg1, Tpst1, Tpst2, Tpx2, Trabd2b, Traf2, Traf3, Traf3ip1, Traf3ip2, Traf4, Traf6, Traf7, Traip, Trak2, Trap1, Trem2, Trex1, Trf, Trhde, Trib1, Trib2, Trib3, Trim11, Trim12a, Trim12c, Trim13, Trim17, Trim2, Trim21, Trim23, Trim24, Trim25, Trim26, Trim27, Trim28, Trim3, Trim30a, Trim30b, Trim30c, Trim30d, Trim31, Trim32, Trim33, Trim34a, Trim34b, Trim35, Trim37, Trim38, Trim39, Trim40, Trim41, Trim44, Trim45, Trim47, Trim5, Trim52, Trim55, Trim56, Trim58, Trim59, Trim6, Trim62, Trim63, Trim65, Trim67, Trim68, Trim69, Trim7, Trim71, Trim72, Trim8, Trim9, Triml1, Trip11, Trip12, Trip4, Trmt10c, Trmt112, Trnau1ap, Trnt1, Trp53, Trp53inp2, Trp53rka, Trp53rkb, Trpc4ap, Trpc5, Trpc6, Trpm4, Trpm7, Trpt1, Trub2, Try10, Try4, Try5, Tsacc, Tsc1, Tsc2, Tsfm, Tsg101, Tspan10, Tspan14, Tspan15, Tspan17, Tspan33, Tspan5, Tspan9, Tspo, Tspyl2, Tspyl5, Tssk1, Tssk2, Tssk3, Tssk4, Tssk5, Tssk6, Ttbk1, Ttbk2, Ttc3, Ttc36, Ttc4, Ttk, Ttl, Ttll1, Ttll10, Ttll11, Ttll12, Ttll13, Ttll2, Ttll3, Ttll4, Ttll5, Ttll6, Ttll7, Ttll8, Ttll9, Tufm, Tulp4, Tusc3, Txk, Txn1, Txndc5, Tyms, Tyro3, Tysnd1, U2af2, Uba1, Uba1y, Uba2, Uba3, Uba5, Uba52, Uba6, Uba7, Ubac1, Ubac2, Ubap1, Ubap1l, Ubash3b, Ubb, Ubc, Ubd, Ube2a, Ube2b, Ube2c, Ube2d1, Ube2d2a, Ube2d2b, Ube2d3, Ube2d4, Ube2dnl1, Ube2dnl2, Ube2e1, Ube2e2, Ube2e3, Ube2f, Ube2frt, Ube2g1, Ube2g2, Ube2h, Ube2i, Ube2j1, Ube2j2, Ube2k, Ube2l3, Ube2l6, Ube2m, Ube2n, Ube2o, Ube2q1, Ube2q2, Ube2q2l, Ube2ql1, Ube2r2, Ube2s, Ube2srt, Ube2t, Ube2u, Ube2v1, Ube2v2, Ube2w, Ube2z, Ube3a, Ube3b, Ube3c, Ube3d, Ube4a, Ube4b, Ubl4a, Ubl5, Ubl5b, Ubl7, Ubox5, Ubqln1, Ubqln2, Ubqln3, Ubqln4, Ubqln5, Ubqlnl, Ubr1, Ubr2, Ubr3, Ubr4, Ubr5, Ubr7, Ubxn1, Ubxn10, Ubxn11, Ubxn2a, Ubxn2b, Ubxn4, Ubxn6, Ubxn7, Ubxn8, Uchl1, Uchl1os, Uchl3, Uchl4, Uchl5, Ucn, Uevld, Ufc1, Ufd1, Ufl1, Ufm1, Ufsp1, Ufsp2, Ugcg, Ugdh, Uggt1, Uggt2, Uhmk1, Uhrf1, Uhrf2, Ulk1, Ulk2, Ulk3, Ulk4, Umod, Unc119, Unc13a, Unc45a, Unc45b, Unk, Unkl, Upf1, Upf3a, Upf3b, Uqcc2, Uqcrc2, Urm1, Usp1, Usp10, Usp11, Usp12, Usp13, Usp14, Usp15, Usp16, Usp17la, Usp17lb, Usp17lc, Usp17ld, Usp17le, Usp18, Usp19, Usp2, Usp20, Usp21, Usp22, Usp24, Usp25, Usp26, Usp27x, Usp28, Usp29, Usp3, Usp30, Usp32, Usp33, Usp34, Usp36, Usp37, Usp38, Usp39, Usp4, Usp40, Usp42, Usp43, Usp44, Usp45, Usp46, Usp47, Usp48, Usp49, Usp5, Usp50, Usp51, Usp54, Usp7, Usp8, Usp9x, Usp9y, Uspl1, Utp25, Uvrag, Uvssa, Vangl2, Vars1, Vars2, Vash1, Vash2, Vbp1, Vcp, Vcpip1, Vcpkmt, Vegfa, Vegfb, Vegfc, Vgll4, Vhl, Vip, Vipas39, Vkorc1, Vkorc1l1, Vldlr, Vps11, Vps13a, Vps18, Vps25, Vps28, Vps33b, Vps35, Vps36, Vps37a, Vps37b, Vps37c, Vps37d, Vps4a, Vps4b, Vrk1, Vrk2, Vsir, Vtn, Wac, Wars1, Wars2, Washc1, Wbp1l, Wdfy2, Wdr24, Wdr26, Wdr45, Wdr45b, Wdr48, Wdr5, Wdr59, Wdr77, Wdr81, Wdr83os, Wdr91, Wdsub1, Wdtc1, Wee1, Wee2, Wfdc6a, Wfikkn1, Wfs1, Wipi1, Wipi2, Wnk1, Wnk2, Wnk3, Wnk4, Wnt1, Wnt10b, Wnt11, Wnt3a, Wnt5a, Wnt7a, Wnt9b, Wsb1, Wsb2, Wt1, Wtip, Wwp1, Wwp2, Wwtr1, Xbp1, Xdh, Xiap, Xpnpep1, Xpnpep2, Xpnpep3, Xpo1, Xrcc5, Xrcc6, Xrn1, Xxylt1, Xylt1, Xylt2, Yars1, Yars2, Ybx1, Ybx2, Yeats2, Yes1, Yipf5, Yme1l1, Yod1, Ythdf1, Ythdf2, Ythdf3, Ywhaz, Zap70, Zar1, Zar1l, Zbed3, Zc3h12a, Zc3h15, Zc3hc1, Zc4h2, Zcchc13, Zcchc4, Zdhhc1, Zdhhc11, Zdhhc12, Zdhhc14, Zdhhc15, Zdhhc16, Zdhhc17, Zdhhc18, Zdhhc19, Zdhhc2, Zdhhc20, Zdhhc21, Zdhhc22, Zdhhc23, Zdhhc3, Zdhhc5, Zdhhc6, Zdhhc7, Zdhhc8, Zdhhc9, Zeb2, Zer1, Zfand2a, Zfand2b, Zfp36, Zfp36l1, Zfp385a, Zfp418, Zfp451, Zfp592, Zfp598, Zfp706, Zfp91, Zfyve28, Zgpat, Zmiz1, Zmiz2, Zmpste24, Zmynd10, Zng1, Znrf1, Znrf2, Znrf3, Znrf4, Zp3r, Zpr1, Zranb1, Zswim2, Zswim8, Zyg11b, Zzef1, Zzz3
GO:0006810	transport	4520	102	65.84	2.7e-06	9.697395348837209e-4	1700009N14Rik, 1700017N19Rik, 4933434E20Rik, 5730455P16Rik, a, A1cf, Aaas, Aacs, Aagab, Aak1, Abat, Abca1, Abca12, Abca13, Abca14, Abca15, Abca16, Abca17, Abca2, Abca3, Abca4, Abca5, Abca6, Abca7, Abca8a, Abca8b, Abca9, Abcb10, Abcb11, Abcb1a, Abcb1b, Abcb4, Abcb5, Abcb6, Abcb7, Abcb8, Abcb9, Abcc1, Abcc10, Abcc12, Abcc2, Abcc3, Abcc4, Abcc5, Abcc6, Abcc8, Abcc9, Abcd1, Abcd2, Abcd3, Abcd4, Abcg1, Abcg2, Abcg3, Abcg4, Abcg5, Abcg8, Abl1, Abl2, Abr, Abra, Acaa2, Acacb, Acap2, Acd, Ace, Ace2, Ache, Ackr2, Ackr3, Ackr4, Acsl1, Acsl3, Acsl4, Acsl5, Acsl6, Actb, Actg1, Actn2, Actn4, Actr10, Actr2, Acvr1c, Acvr2a, Acvr2b, Ada, Adam10, Adam17, Adam8, Adam9, Adar, Adcy10, Adcy5, Adcy8, Adcyap1, Adcyap1r1, Add1, Add2, Adgrb1, Adipoq, Adipor2, Adm, Adora1, Adora2a, Adora2b, Adora3, Adra1a, Adra2a, Adrb1, Adrb2, Adtrp, Afg2b, Afg3l2, Afm, Aftph, Agap1, Agap2, Agap3, Agbl4, Ager, Agk, Agr2, Agrn, Agt, Agtpbp1, Agtr1a, Agtr2, Agxt, Ahctf1, Ahcyl1, Ahi1, Ahnak, Ahr, Ahsg, Aif1, Aifm1, Aimp1, Ak1, Ak7, Akap1, Akap13, Akap5, Akap6, Akap7, Akap8, Akap8l, Akap9, Akirin2, Akt1, Akt2, Akt3, Aktip, Alg10b, Alkbh5, Alkbh7, Alms1, Alox12b, Alox15, Alox5, Als2, Als2cl, Alyref, Alyref2, Alyreffm1, Alyreffm10, Alyreffm11, Alyreffm14, Alyreffm2, Alyreffm3, Alyreffm4, Alyreffm5, Alyreffm6, Alyreffm7, Alyreffm8, Alyreffm9, Amigo1, Amn, Amn1, Amph, Ang, Ang2, Ang3, Ang4, Ang5, Ang6, Angpt1, Ank, Ank1, Ank2, Ank3, Ankfy1, Ankle1, Ankrd1, Ankrd13a, Ankrd13b, Ankrd13d, Ankrd27, Ankrd50, Ankrd54, Ano1, Ano10, Ano2, Ano3, Ano4, Ano5, Ano6, Ano7, Ano8, Ano9, Anp32-ps, Anp32a, Anp32b, Anxa1, Anxa11, Anxa2, Anxa3, Anxa5, Anxa6, Anxa7, Anxa8, Aoc3, Ap1ar, Ap1b1, Ap1g1, Ap1g2, Ap1m1, Ap1m2, Ap1s1, Ap1s2, Ap1s3, Ap2a1, Ap2a2, Ap2b1, Ap2m1, Ap2s1, Ap3b1, Ap3b2, Ap3d1, Ap3m1, Ap3m2, Ap3s1, Ap3s2, Ap4b1, Ap4e1, Ap4m1, Ap4s1, Ap5b1, Ap5m1, Ap5s1, Ap5z1, Apba1, Apba2, Apba3, Apbb1, Apbb3, Apela, Apln, Aplnr, Aplp1, Apoa1, Apoa2, Apoa4, Apoa5, Apob, Apobec1, Apobr, Apoc1, Apoc2, Apoc2l, Apoc3, Apoc4, Apod, Apoe, Apof, Apoh, Apol11a, Apom, App, Appbp2, Appl1, Appl2, Aprt, Aqp1, Aqp11, Aqp12, Aqp2, Aqp3, Aqp4, Aqp5, Aqp6, Aqp7, Aqp8, Aqp9, Arc, Arcn1, Arf1, Arf2, Arf3, Arf4, Arf5, Arf6, Arfgap1, Arfgap2, Arfgap3, Arfgef1, Arfgef2, Arfip1, Arfip2, Arfrp1, Arg1, Arg2, Arhgap1, Arhgap12, Arhgap17, Arhgap21, Arhgap25, Arhgap27, Arhgap33, Arhgap44, Arhgap8, Arhgdia, Arhgef11, Arhgef5, Arhgef7, Arl1, Arl11, Arl14, Arl2, Arl3, Arl4a, Arl4c, Arl4d, Arl5a, Arl5b, Arl5c, Arl6, Arl6ip1, Arl6ip5, Arl8a, Arl8b, Arln, Armcx3, Arpc3, Arr3, Arrb1, Arrb2, Arrdc1, Arrdc2, Arrdc3, Arrdc4, Arrdc5, Arv1, Asgr1, Asgr2, Asic1, Asic2, Asic3, Asic4, Asic5, Asph, Aspscr1, Astn2, Atad1, Atf2, Atf4, Atg10, Atg14, Atg16l1, Atg16l2, Atg2a, Atg2b, Atg3, Atg4a, Atg4b, Atg4c, Atg4d, Atg5, Atg7, Atg9a, Atg9b, Atox1, Atp10a, Atp10b, Atp10d, Atp11a, Atp11b, Atp11c, Atp12a, Atp13a1, Atp13a2, Atp13a3, Atp13a4, Atp13a5, Atp1a1, Atp1a2, Atp1a3, Atp1a4, Atp1b1, Atp1b2, Atp1b3, Atp1b4, Atp2a1, Atp2a2, Atp2a3, Atp2b1, Atp2b2, Atp2b3, Atp2b4, Atp2c1, Atp2c2, Atp4a, Atp4b, Atp5f1a, Atp5f1b, Atp5f1c, Atp5f1d, Atp5f1e, Atp5if1, Atp5mc1, Atp5mc2, Atp5mc3, Atp5me, Atp5mf, Atp5mg, Atp5pb, Atp5pd, Atp5pf, Atp5po, Atp6ap1, Atp6ap2, Atp6v0a1, Atp6v0a2, Atp6v0a4, Atp6v0b, Atp6v0c, Atp6v0d1, Atp6v0d2, Atp6v0e, Atp6v0e2, Atp6v1a, Atp6v1b1, Atp6v1b2, Atp6v1c1, Atp6v1c2, Atp6v1d, Atp6v1e1, Atp6v1e2, Atp6v1f, Atp6v1g1, Atp6v1g2, Atp6v1g3, Atp6v1h, Atp7a, Atp7b, Atp8a1, Atp8a2, Atp8b1, Atp8b2, Atp8b3, Atp8b4, Atp8b5, Atp9a, Atp9b, Atpsckmt, Atraid, Atxn1, Atxn2, AU015836, AU018091, AU040320, Aup1, Avp, Avpr1a, Avpr1b, Axin1, Axl, Azin1, Azin2, B2m, B3gat3, B3glct, B4galnt2, Bach2, Bad, Bag3, Baiap3, Bak1, Bard1, Bax, Bbs1, Bbs12, Bbs2, Bbs4, Bbs5, Bbs7, Bbs9, BC048507, Bcap29, Bcap31, Bcl2, Bcl2l1, Bcl2l11, Bcl2l2, Bcl3, Bcr, Bcs1l, Bdkrb1, Bdkrb2, Bdnf, Becn1, Becn2, Best1, Best2, Best3, Bet1, Bet1l, Bglap, Bglap2, Bhlha15, Bicd1, Bicd2, Bicdl1, Bicdl2, Bid, Bin1, Bin2, Bin3, Birc5, Blk, Bloc1s1, Bloc1s2, Bloc1s3, Bloc1s4, Bloc1s5, Bloc1s6, Bltp1, Bltp3b, Blzf1, Bmal1, Bmp2, Bmp2k, Bmp4, Bmp6, Bnip1, Bnip3, Bnip3l, Bok, Borcs5, Borcs6, Borcs7, Borcs8, Bpgm, Bpifa1, Bpifa5, Braf, Brca1, Brsk1, Brsk2, Bsg, Bsn, Bsnd, Bspry, Btbd8, Btbd9, Btf3, Btk, C1qtnf1, C1qtnf12, C1qtnf2, C1qtnf3, C1qtnf5, C2, C2cd2l, C2cd5, C2cd6, C3, C4bp, C9orf72, Cabp1, Cacfd1, Cachd1, Cacna1a, Cacna1b, Cacna1c, Cacna1d, Cacna1e, Cacna1f, Cacna1g, Cacna1h, Cacna1i, Cacna1s, Cacna2d1, Cacna2d2, Cacna2d3, Cacna2d4, Cacnb1, Cacnb2, Cacnb3, Cacnb4, Cacng1, Cacng2, Cacng3, Cacng4, Cacng5, Cacng6, Cacng7, Cacng8, Cad, Cadps, Cadps2, Calcrl, Calhm1, Calhm2, Calhm3, Calhm4, Calhm5, Calhm6, Calm1, Calm2, Calm3, Calr, Caly, Camk1, Camk1d, Camk2a, Camk2b, Camk2d, Camk2g, Camk2n1, Camk4, Caml, Camsap3, Canx, Cap1, Capn10, Capn2, Capn3, Car12, Car14, Car2, Car4, Car7, Car9, Carmil1, Cartpt, Casc3, Cask, Casp3, Casq1, Casq2, Casr, Catsper1, Catsper2, Catsper3, Catsper4, Cav1, Cav2, Cav3, Cavin1, Cbarp, Cbl, Cblb, Cblif, Cbll1, Cbln1, Cbln4, Ccdc103, Ccdc186, Ccdc22, Ccdc32, Ccdc38, Ccdc39, Ccdc40, Ccdc51, Ccdc88a, Ccdc88b, Ccdc88c, Ccdc91, Ccdc93, Cchcr1, Cck, Cckar, Cckbr, Ccl12, Ccl19, Ccl19-ps1, Ccl19-ps3, Ccl19-ps4, Ccl19-ps5, Ccl19-ps6, Ccl2, Ccl21a, Ccl21b, Ccl21d, Ccl21e, Ccl21f, Ccl3, Ccl5, Ccl8, Ccn2, Ccn3, Ccnd1, Ccr1, Ccr1l1, Ccr2, Ccr5, Ccr7, Ccz1, Cd14, Cd151, Cd160, Cd163, Cd177, Cd19, Cd200, Cd209a, Cd209b, Cd209d, Cd209e, Cd22, Cd24a, Cd2ap, Cd300a, Cd300lf, Cd300lg, Cd302, Cd320, Cd36, Cd38, Cd3g, Cd4, Cd44, Cd47, Cd63, Cd74, Cd81, Cd84, Cd9, Cdan1, Cdc42, Cdc42bpa, Cdc42se1, Cdc42se2, Cdh1, Cdh13, Cdh17, Cdh2, Cdh23, Cdh3, Cdk1, Cdk16, Cdk2, Cdk5, Cdk5r1, Cdk5r2, Cdkn1a, Cdkn1b, Cdkn2a, Cdo1, Cdx2, Ceacam1, Ceacam2, Cebpb, Cebpe, Cel, Cela2a, Celsr2, Cemip, Cenpf, Cep120, Cep131, Cep19, Cep290, Cep41, Cep83, Cers1, Cert1, Ces1a, Ces1b, Ces1c, Ces1d, Ces1e, Ces1f, Ces1g, Ces1h, Cetn2, Cetn3, Cfap221, Cfap43, Cfap45, Cfap53, Cfap54, Cfl1, Cfp, Cftr, Cga, Chchd10, Chchd4, Chd7, Cherp, Chga, Chic2, Chm, Chml, Chmp1a, Chmp1b, Chmp1b2, Chmp2a, Chmp2b, Chmp3, Chmp4b, Chmp4c, Chmp5, Chmp6, Chmp7, Chp1, Chp2, Chrd, Chrm1, Chrm3, Chrm5, Chrna1, Chrna10, Chrna2, Chrna3, Chrna4, Chrna5, Chrna6, Chrna7, Chrna9, Chrnb1, Chrnb2, Chrnb3, Chrnb4, Chrnd, Chrne, Chrng, Chtop, Chuk, Cidea, Cideb, Cidec, Cilk1, Cited1, Ckap5, Cklf, Clasp1, Clasp2, Clba1, Clca1, Clca2, Clca3a1, Clca3a2, Clca4a, Clcc1, Clcf1, Clcn1, Clcn2, Clcn3, Clcn4, Clcn5, Clcn6, Clcn7, Clcnka, Clcnkb, Cldn1, Cldn10, Cldn15, Cldn16, Cldn17, Cldn18, Cldn19, Cldn2, Cldn3, Cldn4, Clec16a, Clec4b1, Clec4f, Clec7a, Clec9a, Clic1, Clic3, Clic4, Clic5, Clic6, Clint1, Clip1, Clip3, Clmn, Cln3, Cln5, Cln8, Clnk, Clns1a, Clock, Clptm1l, Clstn1, Clstn3, Clta, Cltb, Cltc, Cltrn, Clu, Cluap1, Cmtm6, Cnga1, Cnga2, Cnga3, Cnga4, Cngb1, Cngb3, Cnih1, Cnih2, Cnih3, Cnih4, Cnksr3, Cnn2, Cnnm1, Cnnm2, Cnnm3, Cnnm4, Cnp, Cnr1, Cnst, Cntf, Cntn1, Cntn2, Coa8, Cog1, Cog2, Cog3, Cog4, Cog5, Cog6, Cog7, Cog8, Col1a1, Col6a1, Colec10, Colec11, Colec12, Commd1, Commd3, Commd9, Comp, Comt, Copa, Copb1, Copb2, Cope, Copg1, Copg2, Cops5, Copz1, Copz2, Corin, Coro1a, Coro1c, Coro7, Cox17, Cox4i2, Cox7a1, Cp, Cpb2, Cpe, Cpeb1, Cplane2, Cplx1, Cplx2, Cplx3, Cplx4, Cpn2, Cpox, Cpsf6, Cpt1a, Cpt1b, Cptp, Crabp1, Crabp2, Cracr2a, Cracr2b, Crbn, Creb1, Creb3, Creb3l1, Creb3l2, Crebl2, Creg1, Crh, Crhbp, Crhr1, Crhr2, Crot, Cry1, Cry2, Cryaa, Cryab, Cryba1, Crym, Cse1l, Csf2, Csk, Csn2, Csn3, Csnk1d, Csnk1e, Csnk1g1, Csnk1g2, Csnk1g3, Cspg5, Ctbp1, Ctbp2, Ctdspl2, Ctnnb1, Ctns, Ctss, Cttn, Cttnbp2nl, Cubn, Cul3, Cux1, Cwh43, Cx3cl1, Cxadr, Cxcl1, Cxcl10, Cxcl11, Cxcl12, Cxcl16, Cxcl9, Cxcr1, Cxcr2, Cxcr3, Cxcr4, Cyb561a3, Cyb561d1, Cyb561d2, Cyb5r4, Cyba, Cybb, Cybrd1, Cyc1, Cyfip1, Cygb, Cyp19a1, Cyp27b1, Cyp2j5, Cyp4a10, Cyp4a31, Cyp4a32, Cyp51, Cyp7a1, Cysltr1, Cyth3, D6Wsu163e, Dab2, Dag1, Dapk1, Daw1, Dbi, Dbn1, Dbnl, Dctn1, Dctn2, Dcx, Ddc, Ddit3, Ddr1, Ddx19a, Ddx19b, Ddx25, Ddx39a, Ddx39b, Ddx5, Def6, Dennd10, Dennd1a, Dennd1b, Dennd1c, Dennd2a, Dennd3, Dennd4c, Dennd5a, Dennd5b, Derl1, Derl2, Derl3, Desi1, Dgat1, Dgkd, Dgki, Dgkq, Dhrs7c, Dhx9, Diaph1, Diaph3, Dio2, Dipk2a, Disp1, Dkk1, Dlg1, Dlg2, Dlg4, Dll1, Dmac2l, Dmap1, Dmbt1, Dmd, Dmpk, Dnaaf11, Dnaaf2, Dnaaf4, Dnah1, Dnah11, Dnah5, Dnah9, Dnai1, Dnaja1, Dnajb13, Dnajc1, Dnajc13, Dnajc14, Dnajc15, Dnajc19, Dnajc27, Dnajc5, Dnajc6, Dnlz, Dnm1, Dnm1l, Dnm2, Dnm3, Doc2a, Doc2b, Doc2g, Dock1, Dock2, Dock7, Dop1a, Dop1b, Dpcd, Dph3, Dpp10, Dpp6, Dppa1, Dpy30, Dpysl2, Drd1, Drd2, Drd3, Drd4, Dspp, Dst, Dtnbp1, Dtx3l, Duoxa1, Duoxa2, Dvl1, Dydc1, Dync1h1, Dync1i1, Dync1i2, Dync1li1, Dync2h1, Dync2i1, Dync2i2, Dync2li1, Dynll1, Dynlt1a, Dynlt1b, Dynlt1c, Dynlt1f, Dynlt2b, Dyrk1a, Dysf, E2f3, Ecrg4, Ect2, Edem1, Edem2, Edn1, Edn2, Edn3, Ednra, Ednrb, Eea1, Eef2k, Eepd1, Efcab7, Efhb, Efna5, Efnb2, Efr3a, Egf, Egfr, Egr2, Ehbp1, Ehd1, Ehd2, Ehd3, Ehd4, Ei24, Eif2ak1, Eif2ak3, Eif3e, Eif4a3, Eif4e, Eif4enif1, Eif6, Eipr1, Elane, Elavl1, Elmo1, Elmo2, Elmo3, Elmod1, Elmod3, Emb, Emd, Emp2, Endou, Eng, Enpp1, Enpp2, Ensa, Enthd1, Entpd1, Entr1, Entrep1, Eny2, Ep300, Epb41, Epb41l1, Epcip, Epg5, Epha3, Epha5, Ephb2, Epm2a, Epn1, Epn2, Epn3, Epo, Eppin, Eprs1, Eps15, Eps15l1, Eqtn, Erbb3, Erbb4, Erc1, Erc2, Erfe, Ergic1, Ergic2, Ergic3, Erlec1, Erln, Ero1a, Ero1b, Erp29, Esr1, Esyt1, Esyt2, Esyt3, Etnppl, Evi5, Exoc1, Exoc2, Exoc3, Exoc3l, Exoc3l2, Exoc3l4, Exoc4, Exoc5, Exoc6, Exoc6b, Exoc7, Exoc8, Exph5, Ext1, Ext2, Eya2, Ezr, F2, F2r, F2rl1, F2rl2, F2rl3, F8a, Fabp1, Fabp12, Fabp2, Fabp3, Fabp4, Fabp5, Fabp6, Fabp7, Fabp9, Faf2, Fam3a, Fam3b, Fam3d, Fam53a, Fam53b, Fam53c, Fam76b, Fam91a1, Fasl, Fbln5, Fbn1, Fbxl20, Fbxo11, Fbxo22, Fbxo45, Fbxw11, Fcer1a, Fcer1g, Fcer2a, Fcgr1, Fcgr2b, Fcgr3, Fcgr4, Fcho1, Fcho2, Fchsd1, Fchsd2, Fcmr, Fcnb, Fcrl5, Fermt1, Fes, Fev, Fez1, Ffar1, Ffar2, Ffar3, Ffar4, Fga, Fgb, Fgf10, Fgf11, Fgf12, Fgf13, Fgf14, Fgf15, Fgf2, Fgf21, Fgf23, Fgf7, Fgf9, Fgfr1, Fgfr2, Fgfr4, Fgg, Fgr, Fhip1b, Fhl1, Fhod1, Filip1l, Fis1, Fkbp15, Fkbp1a, Fkbp1b, Fkbp4, Fkrp, Flna, Flot1, Flot2, Flvcr1, Flvcr2, Fmn2, Fmr1, Fnbp1, Fnbp1l, Fndc1, Folr1, Folr2, Fosl2, Foxa2, Foxb1, Foxd1, Foxf1, Foxl2, Foxo1, Fpr-rs3, Fpr-rs4, Fpr-rs6, Fpr-rs7, Fpr2, Fras1, Frat1, Frat2, Frmd4a, Frmpd1, Fshr, Fsip1, Fth1, Fthl17e, Ftl1, Ftl2-ps, Ftmt, Fto, Furin, Fuz, Fxn, Fxr1, Fxr2, Fxyd1, Fxyd2, Fxyd3, Fxyd4, Fxyd5, Fxyd6, Fxyd7, Fyco1, Fyn, Fyttd1, Fzd4, Fzd9, G3bp2, G6pc1, G6pc2, G6pc3, G6pd2, G6pdx, Gab2, Gabarap, Gabarapl2, Gabbr1, Gabra1, Gabra2, Gabra3, Gabra4, Gabra5, Gabra6, Gabrb1, Gabrb2, Gabrb3, Gabrd, Gabre, Gabrg1, Gabrg2, Gabrg3, Gabrp, Gabrq, Gabrr1, Gabrr2, Gabrr3, Gak, Gal, Galr1, Galr2, Gapvd1, Gas1, Gas6, Gas7, Gas8, Gata1, Gata2, Gata3, Gbf1, Gbp4, Gc, Gcc2, Gcg, Gcgr, Gck, Gckr, Gclc, Gdf9, Gdi1, Gdi2, Gdnf, Gfap, Gga1, Gga2, Gga3, Gh, Ghitm, Ghr, Ghrh, Ghrhr, Ghrl, Ghsr, Gimap3, Gimap5, Gip, Gipc1, Gipr, Git1, Git2, Gja1, Gja10, Gja3, Gja4, Gja5, Gja8, Gjb1, Gjb2, Gjb4, Gjb6, Gjc1, Gjc2, Gjc3, Gjd3, Gle1, Gli3, Glp1r, Glra1, Glra2, Glra3, Glra4, Glrb, Gltp, Gltpd2, Glud1, Glul, Gm13629, Gm14461, Gm2a, Gm5134, Gmnc, Gna11, Gnai2, Gnai3, Gnao1, Gnaq, Gnas, Gnat1, Gnat2, Gnaz, Gnb2, Gnb5, Gnptab, Golga2, Golga4, Golga5, Golga7, Golph3, Golph3l, Golt1a, Golt1b, Gopc, Gorasp1, Gosr1, Gosr2, Got2, Gp1ba, Gp1bb, Gp2, Gp5, Gp9, Gpat4, Gpc3, Gpd1l, Gper1, Gpihbp1, Gpld1, Gpm6a, Gpm6b, Gpr107, Gpr119, Gpr143, Gpr151, Gpr155, Gpr158, Gpr15lg, Gpr27, Gpr35, Gpr39, Gpr68, Gpr89, Gprasp1, Gprc6a, Gps2, Gramd1a, Gramd1b, Gramd1c, Gramd2a, Grb10, Grb2, Grem1, Gria1, Gria2, Gria3, Gria4, Grid1, Grid2, Grik1, Grik2, Grik3, Grik4, Grik5, Grin1, Grin2a, Grin2b, Grin2c, Grin2d, Grin3a, Grin3b, Grip1, Grip2, Gripap1, Grk2, Grk3, Grk4, Grm1, Grm2, Grm6, Grm7, Grm8, Grn, Grp, Grpel1, Grpel2, Gsdma, Gsdma2, Gsdma3, Gsdmc2, Gsdmd, Gsdme, Gsg1l, Gsk3a, Gsk3b, Gsn, Gstm7, Gsto1, Guca2b, Guk1, Gulp1, H13, H1f1, H2-DMa, Hadh, Hamp, Hamp2, Hap1, Has2, Havcr1, Hba-a1, Hba-x, Hbb-b1, Hbb-b2, Hbb-bh0, Hbb-bh1, Hbb-y, Hbp1, Hcar2, Hcfc1, Hck, Hcls1, Hcn1, Hcn2, Hcn3, Hcn4, Hcrt, Hdac3, Hdac6, Hdlbp, Heatr3, Heatr5a, Heatr5b, Heph, Hephl1, Herpud1, Hes1, Hfe, Hgs, Hgsnat, Hhex, Hif1a, Hikeshi, Hip1, Hip1r, Hk2, Hm629797, Hmga1, Hmga2, Hmgb1, Hmgcr, Hmgn3, Hmmr, Hmox1, Hnf1a, Hnf1b, Hnf4a, Hnrnpa1, Hnrnpa2b1, Hnrnpa3, Hnrnpk, Hnrnpm, Hnrnpu, Homer1, Homer2, Homer3, Hook1, Hook2, Hook3, Hpca, Hpn, Hps1, Hps3, Hps4, Hps5, Hps6, Hpse, Hpx, Hras, Hrc, Hrh1, Hrh2, Hrh3, Hsbp1, Hsd3b2, Hsd3b3, Hsd3b6, Hsf1, Hsp90aa1, Hsp90ab1, Hsp90b1, Hspa1a, Hspa2, Hspa4, Hspa5, Hspa8, Hspa9, Hspb1, Hspd1, Hspg2, Htatip2, Htr1a, Htr1b, Htr1d, Htr2a, Htr2b, Htr2c, Htr3a, Htr3b, Htr4, Htr6, Htr7, Htt, Hvcn1, Hyal2, Hyal3, Hyou1, Ibtk, Ica1, Ica1l, Icam1, Icam5, Ice1, Idh2, Idua, Ier3, Ier3ip1, Ifi27, Ifitm3, Ifnb1, Ifng, Ift122, Ift140, Ift172, Ift20, Ift22, Ift25, Ift27, Ift43, Ift46, Ift52, Ift56, Ift57, Ift70a1, Ift70a2, Ift70b, Ift74, Ift80, Ift81, Ift88, Igf1, Igf1r, Igf2bp1, Igf2bp2, Igf2bp3, Igf2r, Igfbp3, Igh-7, Igh-8, Ighe, Ighg1, Ighg2a, Ighg2b, Ighm, Igtp, Ikbkb, Il10ra, Il11, Il12a, Il12b, Il13, Il13ra2, Il15, Il15ra, Il16, Il1a, Il1b, Il1rapl1, Il1rn, Il2rb, Il2rg, Il33, Il4, Il4ra, Il6, Ildr1, Ildr2, Ing1, Inha, Inhba, Inhbb, Inhca, Inpp4b, Inpp5f, Inpp5k, Inppl1, Ins1, Ins2, Insig1, Insr, Intu, Invs, Ip6k2, Ipo11, Ipo13, Ipo4, Ipo5, Ipo7, Ipo8, Ipo9, Iqsec1, Iqub, Irak1, Irf8, Irgm1, Irgm2, Irs1, Irs2, Iscu, Isl1, Ist1, Itch, Itga2, Itga4, Itgal, Itgam, Itgav, Itgb1, Itgb2, Itgb2l, Itgb3, Itln1, Itlnb, Itpr1, Itpr2, Itpr3, Itsn1, Itsn2, Iws1, Jagn1, Jak2, Jak3, Jakmip1, Jhy, Jmjd6, Jph2, Jph3, Jph4, Jsrp1, Jup, Kalrn, Katnip, Kcna1, Kcna10, Kcna2, Kcna3, Kcna4, Kcna5, Kcna6, Kcna7, Kcnab1, Kcnab2, Kcnab3, Kcnb1, Kcnb2, Kcnc1, Kcnc2, Kcnc3, Kcnc4, Kcnd1, Kcnd2, Kcnd3, Kcne1, Kcne2, Kcne3, Kcne4, Kcne5, Kcnf1, Kcng1, Kcng2, Kcng3, Kcng4, Kcnh1, Kcnh2, Kcnh3, Kcnh4, Kcnh5, Kcnh6, Kcnh7, Kcnh8, Kcnip1, Kcnip2, Kcnip3, Kcnip4, Kcnj1, Kcnj10, Kcnj11, Kcnj12, Kcnj13, Kcnj14, Kcnj15, Kcnj16, Kcnj2, Kcnj3, Kcnj4, Kcnj5, Kcnj6, Kcnj8, Kcnj9, Kcnk1, Kcnk10, Kcnk12, Kcnk13, Kcnk15, Kcnk16, Kcnk18, Kcnk2, Kcnk3, Kcnk4, Kcnk5, Kcnk6, Kcnk7, Kcnk9, Kcnma1, Kcnmb1, Kcnmb2, Kcnmb3, Kcnmb4, Kcnn1, Kcnn2, Kcnn3, Kcnn4, Kcnq1, Kcnq2, Kcnq3, Kcnq4, Kcnq5, Kcnrg, Kcns1, Kcns2, Kcns3, Kcnt1, Kcnt2, Kcnu1, Kcnv1, Kcnv2, Kctd7, Kdelr1, Kdelr2, Kdelr3, Kdm5b, Kel, Khdrbs1, Khsrp, Kif13a, Kif16b, Kif17, Kif18a, Kif1a, Kif1b, Kif1c, Kif20a, Kif20b, Kif21a, Kif21b, Kif27, Kif28, Kif2a, Kif3a, Kif3b, Kif5a, Kif5b, Kif5c, Kifap3, Kifbp, Kifc1, Kifc2, Kiss1, Kiss1r, Kit, Klc1, Klc2, Klc3, Klf15, Klf7, Klhl12, Klhl20, Klhl3, Klrh1, Kmo, Kpna1, Kpna2, Kpna2rt, Kpna3, Kpna4, Kpna6, Kpna7, Kpnb1, Krt18, Krt20, Ktn1, Kxd1, Lamp1, Lamp2, Lamtor1, Laptm4b, Laptm5, Large1, Lasp1, Lat, Lat2, Lbp, Lca5, Lca5l, Lcat, Lck, Lcn2, Lcp1, Ldc1, Ldlr, Ldlrad3, Ldlrap1, Lep, Lepr, Leprot, Leprotl1, Letm1, Letm2, Letmd1, Lgals3, Lgals3bp, Lgals9, Lgi3, Lhcgr, Lhfpl5, Lif, Lilra5, Lilrb4a, Lilrb4b, Lime1, Lin7a, Lin7b, Lin7c, Lipa, Lipc, Lipg, Llgl1, Llgl2, Lman1, Lman1l, Lman2, Lman2l, Lmbr1l, Lmbrd1, Lmf1, Lmna, Lmnb1, Lmnb2, Lmtk2, Lmx1b, Lonp2, Lpar1, Lpar3, Lpcat3, Lrat, Lrba, Lrp1, Lrp10, Lrp11, Lrp12, Lrp1b, Lrp2, Lrp4, Lrp5, Lrp6, Lrp8, Lrpap1, Lrpprc, Lrrc26, Lrrc38, Lrrc52, Lrrc55, Lrrc7, Lrrc8a, Lrrc8b, Lrrc8c, Lrrc8d, Lrrc8e, Lrrk2, Lrrtm1, Lrrtm2, Lrsam1, Lsg1, Lsr, Ltbp4, Ltf, Ltv1, Ly6e, Ly75, Lyar, Lyn, Lypd10, Lypd11, Lypla1, Lyplal1, Lyset, Lyst, Lyve1, Lzts2, M6pr, Macf1, Macir, Madd, Mafa, Maged2, Magel2, Magi2, Magoh, Magohb, Magt1, Maip1, Mak, Malrd1, Malt1, Mamdc4, Maob, Map1a, Map1b, Map1lc3b, Map2, Map2k1, Map2k2, Map2k6, Map3k8, Map4k2, Map4k4, Map6, Map6d1, Mapk1, Mapk10, Mapk14, Mapk15, Mapk3, Mapk8, Mapk8ip1, Mapk8ip2, Mapk8ip3, Mapk9, Mapkapk2, Mapkapk3, Mapt, Marchf2, Marchf3, Marcks, Marco, Mavs, Mb, Mbl1, Mbl2, Mbtps1, Mc4r, Mcfd2, Mchr1, Mcm3ap, Mcoln1, Mcoln2, Mcoln3, Mctp1, Mctp2, Mcu, Mcub, Mcur1, Mdfic, Mdm2, Mdn1, Mecp2, Med1, Mef2a, Mef2c, Megf10, Megf11, Megf6, Meltf, Mertk, Mesd, Met, Mettl21c, Mex3b, Mexis, Mff, Mfge8, Mfn2, Mfsd1, Mfsd10, Mfsd12, Mfsd14a, Mfsd14b, Mfsd2a, Mfsd2b, Mfsd3, Mfsd4a, Mfsd4b1, Mfsd5, Mfsd8, Mfsd9, Mgarp, Mgrn1, Mgst1, Mia2, Mia3, Mib1, Mical1, Mical3, Micall1, Micall2, Micu1, Micu2, Micu3, Midn, Mif, Milr1, Mink1, Mip, Mir130a, Mir200a, Mir410, Mkks, Mkln1, Mlc1, Mllt6, Mlph, Mlx, Mlxip, Mmgt1, Mmgt2, Mmp12, Mmp13, Mmp7, Mmp9, Mon1a, Mon1b, Mon2, Mpc1, Mpc2, Mpdz, Mpeg1, Mppe1, Mpv17, Mpv17l, Mrc1, Mrc2, Mreg, Mrgprb1, Mrgprx2, Mrln, Mrpl18, Mrs2, Ms4a1, Ms4a2, Msn, Msr1, Mst1r, mt-Atp6, mt-Atp8, mt-Co1, mt-Co2, mt-Co3, mt-Cytb, mt-Nd1, mt-Nd2, mt-Nd3, mt-Nd4, mt-Nd4l, mt-Nd5, mt-Nd6, Mt3, Mtch1, Mtch2, Mtm1, Mtmr2, Mtmr4, Mtmr6, Mtmr9, Mtnr1a, Mtnr1b, Mtor, Mttp, Mtx1, Mtx2, Muc2, Mul1, Mup1, Mup11, Mup2, Mup3, Mup4, Mup5, Mvb12a, Mvb12b, Mx2, Myb, Myc, Myd88, Myh10, Myh9, Mylk, Mylk2, Myo10, Myo15a, Myo18a, Myo19, Myo1a, Myo1b, Myo1c, Myo1d, Myo1e, Myo1f, Myo1g, Myo1h, Myo5a, Myo5b, Myo5c, Myo6, Myo7a, Myo7b, Myom1, Myrip, Myt1, Nacad, Nadk, Naglu, Nagpa, Naif1, Nalcn, Nalf1, Nalf2, Napa, Napb, Napg, Nasp, Nat3, Nat8l, Naxe, Nbas, Nbea, Ncam1, Ncbp1, Ncbp2, Ncbp3, Ncdn, Ncf2, Ncf4, Nckap1l, Nckipsd, Ncl, Ncoa1, Ncoa4, Ncoa6, Ncs1, Ndc1, Nde1, Ndel1, Ndfip1, Ndfip2, Ndp, Ndrg4, Ndufa10, Ndufa13, Ndufa2, Ndufa4, Ndufaf2, Ndufb7, Ndufs1, Ndufs2, Ndufs3, Ndufs4, Ndufs7, Ndufs8, Ndufv1, Ndufv2, Necab2, Necap1, Necap2, Nectin1, Nedd4, Nedd4l, Nefh, Nefl, Nefm, Negr1, Nek10, Nell2, Nemf, Neo1, Neto1, Neu3, Neurl1a, Neurl1b, Neurl3, Neurod1, Neurog1, Nf1, Nf2, Nfatc1, Nfatc3, Nfe2l1, Nfe2l2, Nfix, Nfkbia, Nfkbie, Ngb, Ngf, Ngfr, Nherf1, Nherf2, Niban2, Nipa1, Nipa2, Nipal1, Nipal2, Nipal3, Nipal4, Nipsnap2, Nisch, Nkain1, Nkain2, Nkain3, Nkain4, Nkd2, Nkg7, Nkx2-3, Nkx2-5, Nkx3-1, Nkx6-1, Nlgn1, Nlgn2, Nlgn3, Nlrp5, Nlrp6, Nmb, Nmd3, Nme1, Nme4, Nme5, Nme7, Nmu, Nmur1, Nmur2, Nnat, Nnt, Nod2, Nol3, Nol6, Nolc1, Nop9, Nos1, Nos2, Nos3, Nostrin, Notch1, Npc1, Npc1l1, Npc2, Npff, Nploc4, Npm1, Nppa, Nppc, Npr3, Npsr1, Nptx1, Npvf, Npy, Npy1r, Npy2r, Npy5r, Nr0b2, Nr1d1, Nr1h2, Nr1h3, Nr1h4, Nr1i2, Nr3c1, Nr3c2, Nr4a1, Nr4a3, Nrbp1, Nrde2, Nrg1, Nrxn1, Nrxn2, Nrxn3, Nsf, Nsg1, Nsg2, Nsun2, Ntf3, Ntn1, Ntrk2, Ntsr1, Nucb2, Nudc, Numa1, Numb, Nup107, Nup133, Nup153, Nup155, Nup160, Nup188, Nup210, Nup214, Nup35, Nup37, Nup42, Nup43, Nup50, Nup50l, Nup54, Nup58, Nup62, Nup62cl, Nup85, Nup88, Nup93, Nup98, Nus1, Nutf2, Nutf2-ps1, Nutf2-ps2, Nxf1, Nxf2, Nxf3, Nxf7, Nxt1, Nxt2, Oas2, Oaz1, Oaz2, Oaz3, Oc90, Oca2, Ocln, Odad3, Odad4, Ofd1, Oga, Olfm2, Olr1, Opa1, Ophn1, Opn3, Oprd1, Oprk1, Oprm1, Optn, Or51e2, Orai1, Orai2, Orai3, Os9, Osbp, Osbp2, Osbpl10, Osbpl11, Osbpl1a, Osbpl2, Osbpl3, Osbpl5, Osbpl6, Osbpl8, Osbpl9, Oscp1, Osm, Osr1, Ostm1, Ostn, Otof, Otop1, Otop2, Otop3, Oxct1, Oxsr1, Oxt, Oxtr, P2rx1, P2rx2, P2rx3, P2rx4, P2rx5, P2rx6, P2rx7, P2ry1, P2ry12, P2ry2, P2ry4, P2ry6, P3h1, P4hb, Pabpn1, Pacc1, Pacsin1, Pacsin2, Pacsin3, Pafah1b1, Pak1, Pam16, Panx1, Panx2, Panx3, Pard3, Pard6a, Park7, Parp11, Pask, Pawr, Pax6, Pax8, Pcdh17, Pcdhga3, Pcid2, Pck2, Pclo, Pcm1, Pcnt, Pcp4, Pcsk1, Pcsk6, Pcsk9, Pctp, Pcyox1, Pdcd10, Pdcd5, Pdcd5-ps, Pdcd6, Pdcd6ip, Pde1c, Pde3b, Pde4c, Pde4d, Pde8b, Pdgfb, Pdgfrb, Pdpk1, Pdx1, Pdzd11, Pdzd8, Pdzk1, Pea15a, Pear1, Pecam1, Pef1, Peg10, Peg12, Per1, Per2, Pex1, Pex10, Pex12, Pex13, Pex14, Pex16, Pex19, Pex2, Pex26, Pex3, Pex5, Pex5l, Pex6, Pex7, Pfkfb2, Pfkl, Pfkm, Pfn2, Pgap1, Pgrmc1, Pgrmc2, Phaf1, Phax, Phb2, Pheta1, Pheta2, Phip, Pi4k2a, Pianp, Picalm, Pick1, Pid1, Piezo1, Piezo2, Pigr, Pik3c2a, Pik3c3, Pik3ca, Pik3cb, Pik3cg, Pik3r1, Pik3r2, Pik3r4, Pikfyve, Pim1, Pim3, Pink1, Pip4k2a, Pip4k2b, Pip4p2, Pip5k1c, Pirt, Pitpna, Pitpnb, Pitpnc1, Pitpnm1, Pitpnm2, Pitpnm3, Piwil4, Pkd1, Pkd1l1, Pkd1l3, Pkd2, Pkd2l1, Pkd2l2, Pkdcc, Pkia, Pkig, Pkp1, Pla2g10, Pla2g12a, Pla2g12b, Pla2g1b, Pla2g2a, Pla2g2c, Pla2g2d, Pla2g2e, Pla2g2f, Pla2g3, Pla2g4a, Pla2g4e, Pla2g4f, Pla2g5, Pla2g6, Pla2r1, Plaa, Plcb1, Plcb2, Plcb3, Plcb4, Plcd1, Plce1, Plcg1, Plcg2, Plch1, Plch2, Plcl1, Plcl2, Plcz1, Pld1, Pld2, Pld4, Plek, Plekha3, Plekha8, Plekhf1, Plekhf2, Plekhj1, Plekhm1, Plekhm2, Plin2, Plk2, Plk3, Pllp, Pln, Plp1, Plpp3, Plpp4, Plppr4, Pls3, Plscr1, Plscr1l1, Plscr2, Plscr3, Plscr4, Plscr5, Pltp, Pmaip1, Pml, Pmp2, Pnkd, Pnpla8, Pnpt1, Pofut2, Pola2, Poldip3, Pom121, Pom121l2, Pomc, Pon1, Pon3, Popdc1, Porcn, Pot1b, Pou2f2, Pou3f3, Pou4f2, Pou5f1, Ppard, Pparg, Ppfia2, Ppfia3, Ppia, Ppid, Ppif, Ppm1a, Ppm1f, Ppm1k, Ppp1cc, Ppp1r12a, Ppp1r9a, Ppp3ca, Ppp3cb, Ppp3cc, Ppp3r1, Ppp3r2, Ppt1, Praf2, Pram1, Prap1, Preb, Prelid1, Prelid2, Prelid3a, Prelid3b, Prepl, Prf1, Prg4, Prickle1, Prkaa1, Prkaca, Prkag1, Prkar1a, Prkar1b, Prkca, Prkcb, Prkcd, Prkce, Prkcg, Prkci, Prkcq, Prkcz, Prkd1, Prkg1, Prkg2, Prkn, Prl, Prl2a1, Prl2b1, Prl2c1, Prl2c2, Prl2c3, Prl2c5, Prl3a1, Prl3b1, Prl3c1, Prl3d1, Prl3d2, Prl3d3, Prl4a1, Prl5a1, Prl6a1, Prl7a1, Prl7a2, Prl7b1, Prl7c1, Prl7d1, Prl8a1, Prl8a2, Prl8a6, Prl8a8, Prl8a9, Prlr, Prnp, Proca1, Prom2, Pros1, Prpf4b, Prr5l, Prrt1, Prrt2, Prss12, Prss30, Prss8, Prtn3, Psap, Psen1, Psen2, Psg22, Psmd9, Pstpip1, Ptafr, Ptbp1, Ptch1, Pten, Ptgdr, Ptgds, Ptger3, Ptger4, Ptges, Ptges2, Ptgs1, Ptgs2, Pth, Ptk2, Ptk2b, Ptpmt1, Ptpn1, Ptpn11, Ptpn14, Ptpn22, Ptpn23, Ptpn3, Ptpn5, Ptpn6, Ptprc, Ptprj, Ptprn, Ptprn2, Ptprv, Pttg1ip, Pttg1ip2, Ptx3, Pura, Pxk, Pycard, Qki, Rab10, Rab11a, Rab11b, Rab11fip1, Rab11fip2, Rab11fip3, Rab11fip4, Rab11fip5, Rab12, Rab13, Rab14, Rab15, Rab17, Rab18, Rab19, Rab1a, Rab1b, Rab20, Rab21, Rab22a, Rab23, Rab24, Rab25, Rab26, Rab27a, Rab27b, Rab28, Rab29, Rab2a, Rab2b, Rab30, Rab31, Rab32, Rab33b, Rab34, Rab35, Rab36, Rab37, Rab38, Rab39, Rab39b, Rab3a, Rab3b, Rab3c, Rab3d, Rab3gap1, Rab3il1, Rab3ip, Rab40b, Rab40c, Rab42, Rab43, Rab44, Rab4a, Rab4b, Rab5a, Rab5b, Rab5c, Rab6a, Rab6b, Rab7, Rab7b, Rab8a, Rab8b, Rab9, Rab9b, Rabep1, Rabep2, Rabgap1l, Rabgef1, Rabggta, Rabggtb, Rabif, Rabl2, Rabl3, Rac1, Rac2, Racgap1, Rack1, Rae1, Raf1, Rala, Ralb, Ralbp1, Ramp1, Ramp2, Ramp3, Ran, Ranbp1, Ranbp17, Ranbp2, Ranbp3, Ranbp3l, Ranbp6, Rangap1, Rangrf, Rap1a, Rap1b, Rap1gap, Rap1gds1, Rapgef1, Rapgef3, Rapgef4, Rara, Rasa1, Rasef, Rasgrf1, Rasgrf2, Rasgrp1, Rasl10b, Rasl2-9, Rassf9, Rbm10, Rbm15b, Rbm22, Rbm33, Rbm4, Rbm8a, Rbp1, Rbp2, Rbp4, Rbp7, Rbsn, Rcn3, Rcsd1, Rcvrn, Rd3, Rdx, Reep1, Reep2, Reep6, Relch, Reln, Rem1, Ren1, Rep15, Repin1, Reps1, Reps2, Rer1, Rest, Retn, Rffl, Rft1, Rftn1, Rftn2, Rfx3, Rfx6, Rgcc, Rgp1, Rgs14, Rgs2, Rgs4, Rgs7, Rgs9, Rhag, Rhbdd1, Rhbdd3, Rhbdf1, Rhbdf2, Rhbg, Rhcg, Rhd, Rhoa, Rhob, Rhobtb3, Rhoj, Rhoq, Rhot1, Rhot2, Rhou, Rhov, Ric1, Rilp, Rilpl1, Rilpl2, Rimbp2, Rims1, Rims2, Rims3, Rims4, Rin1, Rin2, Rin3, Rinl, Rint1, Riok2, Ripk1, Ripor1, Rit2, Rita1, Rnasek, Rnasel, Rnf126, Rnf139, Rnf207, Rnf216, Rnf220, Rock1, Romo1, Ropn1l, Ros1, Rp2, Rpain, Rpgr, Rph3a, Rph3al, Rplp0, Rps15, Rps6kb1, Rptor, Rrbp1, Rsad2, Rsc1a1, Rsph1, Rsph14, Rsph3b, Rsph4a, Rsph9, Rspo1, Rsrc1, Rtn2, Rtn3, Rtn4, Rubcn, Rubcnl, Rufy1, Rufy3, Runx1, Ryr1, Ryr2, Ryr3, S100a10, S100a13, S100a6, S100a8, S100a9, Sacm1l, Sag, Samd9l, Samm50, Sar1a, Sar1b, Saraf, Sarnp, Scamp1, Scamp2, Scamp3, Scamp4, Scamp5, Scap, Scara5, Scarb1, Scarb2, Scarf1, Scarf2, Scfd1, Scfd2, Scg5, Scn10a, Scn11a, Scn1a, Scn1b, Scn2a, Scn2b, Scn3a, Scn3b, Scn4a, Scn4b, Scn5a, Scn7a, Scn8a, Scn9a, Scnn1a, Scnn1b, Scnn1g, Sco1, Scp2, Scrib, Scrn1, Sct, Sctr, Scyl1, Scyl2, Sdad1, Sdc1, Sdc4, Sdcbp, Sdf4, Sdhd, Sec13, Sec14l1, Sec16a, Sec16b, Sec22a, Sec22b, Sec22c, Sec23a, Sec23b, Sec24a, Sec24b, Sec24c, Sec24d, Sec31a, Sec31b, Sec61a1, Sec61a2, Sec61b, Sec61bl, Sec61g, Sec62, Sec63, Seh1l, Sel1l, Sele, Selenbp1, Selenbp2, Selenok, Selenom, Selenon, Selenos, Selenot, Sem1, Senp2, Septin1, Septin2, Septin4, Septin5, Septin7, Septin8, Serac1, Sergef, Serp1, Serpina7, Serpine1, Serpine2, Sesn2, Sestd1, Setd2, Sfn, Sfpq, Sfrp1, Sfrp4, Sft2d1, Sft2d2, Sft2d3, Sftpa1, Sftpd, Sfxn1, Sfxn2, Sfxn3, Sfxn4, Sfxn5, Sgcb, Sgip1, Sgk1, Sgpp1, Sgsm2, Sgsm3, Sh2b2, Sh3bp1, Sh3bp4, Sh3gl1, Sh3gl2, Sh3gl3, Sh3glb1, Sh3glb2, Sh3kbp1, Sh3tc2, Shank1, Shh, Shisa9, Shoc2, Sidt1, Sidt2, Siglec1, Siglece, Siglecf, Siglech, Sigmar1, Sik1, Sil1, Sirpa, Sirpb1a, Sirt1, Sirt2, Sirt3, Sirt4, Sirt6, Sirt7, Siva1, Six2, Six3, Slamf1, Slbp, Slc10a1, Slc10a2, Slc10a3, Slc10a4, Slc10a4-ps, Slc10a5, Slc10a6, Slc10a7, Slc11a1, Slc11a2, Slc12a1, Slc12a2, Slc12a3, Slc12a4, Slc12a5, Slc12a6, Slc12a7, Slc12a8, Slc12a9, Slc13a1, Slc13a2, Slc13a3, Slc13a4, Slc13a5, Slc14a1, Slc14a2, Slc15a1, Slc15a2, Slc15a3, Slc15a4, Slc15a5, Slc16a1, Slc16a10, Slc16a11, Slc16a12, Slc16a13, Slc16a14, Slc16a2, Slc16a3, Slc16a4, Slc16a5, Slc16a6, Slc16a7, Slc16a8, Slc16a9, Slc17a1, Slc17a2, Slc17a3, Slc17a4, Slc17a5, Slc17a6, Slc17a7, Slc17a8, Slc17a9, Slc18a1, Slc18a2, Slc18a3, Slc18b1, Slc19a1, Slc19a2, Slc19a3, Slc1a1, Slc1a2, Slc1a3, Slc1a4, Slc1a5, Slc1a6, Slc1a7, Slc20a1, Slc20a2, Slc22a1, Slc22a12, Slc22a13, Slc22a14, Slc22a15, Slc22a16, Slc22a17, Slc22a18, Slc22a19, Slc22a2, Slc22a20, Slc22a21, Slc22a22, Slc22a23, Slc22a26, Slc22a27, Slc22a28, Slc22a29, Slc22a3, Slc22a30, Slc22a4, Slc22a5, Slc22a6, Slc22a7, Slc22a8, Slc23a1, Slc23a2, Slc23a3, Slc24a1, Slc24a2, Slc24a3, Slc24a4, Slc24a5, Slc25a1, Slc25a10, Slc25a11, Slc25a12, Slc25a13, Slc25a14, Slc25a15, Slc25a16, Slc25a17, Slc25a18, Slc25a19, Slc25a2, Slc25a20, Slc25a21, Slc25a22, Slc25a23, Slc25a24, Slc25a25, Slc25a26, Slc25a27, Slc25a28, Slc25a29, Slc25a3, Slc25a30, Slc25a31, Slc25a32, Slc25a33, Slc25a36, Slc25a37, Slc25a38, Slc25a39, Slc25a4, Slc25a40, Slc25a41, Slc25a42, Slc25a43, Slc25a44, Slc25a45, Slc25a46, Slc25a47, Slc25a5, Slc25a51, Slc25a54, Slc26a1, Slc26a10, Slc26a11, Slc26a2, Slc26a3, Slc26a4, Slc26a5, Slc26a6, Slc26a7, Slc26a8, Slc26a9, Slc27a1, Slc27a2, Slc27a3, Slc27a4, Slc27a5, Slc27a6, Slc28a1, Slc28a2, Slc28a2b, Slc28a3, Slc29a1, Slc29a2, Slc29a3, Slc29a4, Slc2a1, Slc2a10, Slc2a12, Slc2a13, Slc2a2, Slc2a3, Slc2a4, Slc2a5, Slc2a6, Slc2a7, Slc2a8, Slc2a9, Slc30a1, Slc30a10, Slc30a2, Slc30a3, Slc30a4, Slc30a5, Slc30a6, Slc30a7, Slc30a8, Slc30a9, Slc31a1, Slc31a2, Slc32a1, Slc33a1, Slc34a1, Slc34a2, Slc34a3, Slc35a1, Slc35a2, Slc35a3, Slc35a4, Slc35a5, Slc35b1, Slc35b2, Slc35b3, Slc35b4, Slc35c1, Slc35c2, Slc35d1, Slc35d2, Slc35d3, Slc35e1, Slc35e2, Slc35e3, Slc35e4, Slc35f1, Slc35f2, Slc35f3, Slc35f6, Slc35g1, Slc36a1, Slc36a2, Slc36a3, Slc36a4, Slc37a1, Slc37a2, Slc37a3, Slc37a4, Slc38a1, Slc38a10, Slc38a11, Slc38a2, Slc38a3, Slc38a4, Slc38a5, Slc38a6, Slc38a7, Slc38a8, Slc38a9, Slc39a1, Slc39a10, Slc39a11, Slc39a12, Slc39a13, Slc39a14, Slc39a2, Slc39a3, Slc39a4, Slc39a5, Slc39a6, Slc39a7, Slc39a8, Slc39a9, Slc3a1, Slc3a2, Slc40a1, Slc41a1, Slc41a2, Slc41a3, Slc43a1, Slc43a2, Slc43a3, Slc44a1, Slc44a2, Slc44a3, Slc44a4, Slc44a5, Slc45a1, Slc45a2, Slc45a3, Slc45a4, Slc46a1, Slc46a2, Slc46a3, Slc47a1, Slc47a2, Slc48a1, Slc49a3, Slc49a4, Slc4a1, Slc4a10, Slc4a11, Slc4a2, Slc4a3, Slc4a4, Slc4a5, Slc4a7, Slc4a8, Slc4a9, Slc50a1, Slc51a, Slc51b, Slc52a2, Slc52a3, Slc5a1, Slc5a10, Slc5a11, Slc5a12, Slc5a2, Slc5a3, Slc5a4a, Slc5a4b, Slc5a5, Slc5a6, Slc5a7, Slc5a8, Slc5a9, Slc66a1, Slc66a2, Slc6a1, Slc6a11, Slc6a12, Slc6a13, Slc6a14, Slc6a15, Slc6a16, Slc6a17, Slc6a18, Slc6a19, Slc6a2, Slc6a20a, Slc6a20b, Slc6a21, Slc6a3, Slc6a4, Slc6a5, Slc6a6, Slc6a7, Slc6a8, Slc6a9, Slc7a1, Slc7a10, Slc7a11, Slc7a12, Slc7a13, Slc7a14, Slc7a15, Slc7a2, Slc7a3, Slc7a4, Slc7a5, Slc7a6, Slc7a6os, Slc7a7, Slc7a8, Slc7a9, Slc8a1, Slc8a2, Slc8a3, Slc8b1, Slc9a1, Slc9a2, Slc9a3, Slc9a4, Slc9a5, Slc9a6, Slc9a7, Slc9a8, Slc9a9, Slc9b1, Slc9b2, Slc9c1, Slco1a1, Slco1a4, Slco1a5, Slco1a6, Slco1a7, Slco1a8, Slco1b2, Slco1c1, Slco2a1, Slco2b1, Slco3a1, Slco4a1, Slco4c1, Slco5a1, Slco6b1, Slco6c1, Slco6d1, Slit1, Slitrk1, Slmap, Sln, Slu7, Smad2, Smad4, Smap1, Smcr8, Smdt1, Smim43, Smo, Smpd1, Smpd3, Smurf1, Snap23, Snap25, Snap29, Snap47, Snap91, Snapin, Snca, Sncaip, Sncb, Sncg, Snf8, Snord32a, Snord33, Snord34, Snord35a, Snord60, Snph, Snta1, Snupn, Snx1, Snx10, Snx11, Snx12, Snx13, Snx14, Snx15, Snx16, Snx17, Snx18, Snx19, Snx2, Snx20, Snx21, Snx24, Snx25, Snx27, Snx3, Snx30, Snx31, Snx32, Snx33, Snx4, Snx5, Snx6, Snx7, Snx8, Snx9, Soat1, Soat2, Socs2, Sod1, Sorbs1, Sorcs1, Sorcs2, Sorl1, Sort1, Sox11, Sox30, Sox4, Sp100, Spag16, Spag17, Spag5, Spag6, Spag6l, Spag9, Spart, Spast, Spef2, Spg11, Spg7, Sphk1, Sphk2, Spi1, Spink1, Spire1, Spire2, Spns1, Spns2, Spns3, Spon2, Spp1, Sprn, Sptbn1, Sptbn2, Sptbn4, Sptbn5, Spx, Sqstm1, Src, Srcin1, Srebf1, Srebf2, Sri, Srl, Srp54a, Srp54c, Srpra, Srpx, Srsf1, Srsf10, Srsf3, Srsf7, Ssb, Ssc5d, Ssna1, Sstr4, Sstr5, Ssx2ip, Stab1, Stab2, Stac, Stac2, Stac3, Stam, Stam2, Stap1, Star, Stard10, Stard3, Stard3nl, Stard4, Stard5, Stard6, Stard7, Stat3, Stat5a, Stat5b, Stau1, Stau2, Stbd1, Stc1, Stc2, Steap2, Steap3, Steap4, Steep1, Stim1, Stim2, Stimate, Sting1, Stk11, Stk3, Stk36, Stk39, Stk4, Stom, Stoml1, Ston1, Ston2, Stpg1, Stra6, Stra6l, Strada, Stradb, Strit1, Stx11, Stx12, Stx16, Stx17, Stx18, Stx19, Stx1a, Stx1b, Stx2, Stx3, Stx4a, Stx5a, Stx6, Stx7, Stx8, Stxbp1, Stxbp2, Stxbp3, Stxbp4, Stxbp5, Stxbp5l, Stxbp6, Sucnr1, Sumo1, Sun1, Sun2, Supt6, Surf1, Surf4, Susd4, Sv2a, Sv2b, Sv2c, Svbp, Svip, Svop, Svopl, Sybu, Sycn, Syde1, Syk, Syn1, Syn2, Syn3, Syndig1, Syne1, Syne2, Syne3, Syngr1, Syngr2, Syngr3, Synj1, Synj2, Synj2bp, Synrg, Syp, Sys1, Syt1, Syt10, Syt11, Syt12, Syt13, Syt15, Syt17, Syt2, Syt3, Syt4, Syt5, Syt6, Syt7, Syt8, Syt9, Sytl1, Sytl2, Sytl3, Sytl4, Sytl5, Syvn1, Tac1, Tac4, Tacc1, Tacc2, Tacc3, Taco1, Tacr1, Tacr2, Tafa4, Tamalin, Tanc2, Tango2, Tango6, Tap1, Tap2, Tardbp, Tbc1d1, Tbc1d10a, Tbc1d10b, Tbc1d10c, Tbc1d13, Tbc1d14, Tbc1d17, Tbc1d20, Tbc1d21, Tbc1d23, Tbc1d24, Tbc1d2b, Tbc1d4, Tbc1d5, Tbc1d8b, Tbx3, Tcaf1, Tcf7l2, Tcirg1, Tcn2, Tcp11, Tecpr2, Tek, Tenm1, Terf2, Tert, Tesc, Tescl, Tex2, Tex261, Tfap2b, Tff2, Tfg, Tfr2, Tfrc, Tg, Tgfb1, Tgfb2, Tgfb3, Tgfbr2, Tgfbrap1, Tgm2, Th, Thbs1, Them4, Thoc1, Thoc2, Thoc2l, Thoc3, Thoc5, Thoc6, Thoc7, Thy1, Tiam1, Ticam2, Tifab, Timd2, Timd4, Timd5, Timd6, Timm10, Timm10b, Timm13, Timm17a, Timm17b, Timm21, Timm22, Timm23, Timm29, Timm44, Timm50, Timm8a1, Timm8a2, Timm8b, Timm9, Tlk1, Tlr2, Tlr4, Tlr9, Tm7sf3, Tm9sf4, Tmbim6, Tmc1, Tmc2, Tmc4, Tmcc1, Tmco1, Tmco3, Tmco6, Tmed1, Tmed10, Tmed10-ps, Tmed11, Tmed2, Tmed3, Tmed4, Tmed5, Tmed6, Tmed7, Tmed9, Tmem102, Tmem106b, Tmem108, Tmem109, Tmem115, Tmem120a, Tmem129, Tmem132a, Tmem144, Tmem14a, Tmem14c, Tmem150c, Tmem163, Tmem165, Tmem167, Tmem167b, Tmem168, Tmem175, Tmem184a, Tmem201, Tmem230, Tmem241, Tmem258, Tmem266, Tmem30a, Tmem30b, Tmem30c, Tmem37, Tmem38a, Tmem38b, Tmem41b, Tmem50a, Tmem50b, Tmem53, Tmem63a, Tmem63b, Tmem63c, Tmem74, Tmem79, Tmem87a, Tmem87b, Tmem9, Tmem94, Tmem97, Tmf1, Tmx1, Tnf, Tnfaip2, Tnfaip8l3, Tnfrsf11a, Tnfrsf1a, Tnfrsf1b, Tnfsf11, Tnk2, Tnks, Tnnc1, Tnnt2, Tnpo1, Tnpo2, Tnpo3, Tom1, Tom1l1, Tom1l2, Tomm20, Tomm20l, Tomm22, Tomm40, Tomm40l, Tomm5, Tomm6, Tomm7, Tomm70a, Tomt, Tor1a, Tpcn1, Tpcn2, Tph1, Tpr, Tprg1l, Traf3ip1, Traf3ip2, Trak1, Trak2, Tram1, Tram1l1, Tram2, Trappc1, Trappc10, Trappc11, Trappc12, Trappc13, Trappc2, Trappc2b, Trappc2l, Trappc3, Trappc3l, Trappc4, Trappc5, Trappc6a, Trappc6b, Trappc9, Trarg1, Trat1, Trdn, Trem2, Treml4, Trex1, Trf, Trh, Triap1, Trib3, Trim23, Trim27, Trim28, Trim3, Trim37, Trim46, Trim58, Trim72, Trim9, Trip10, Trip11, Trmt10b, Trp53, Trp73, Trpa1, Trpc1, Trpc2, Trpc3, Trpc4, Trpc5, Trpc6, Trpc7, Trpm1, Trpm2, Trpm3, Trpm4, Trpm5, Trpm6, Trpm7, Trpm8, Trpv1, Trpv2, Trpv3, Trpv4, Trpv5, Trpv6, Tsc1, Tsc2, Tsg101, Tsku, Tspan13, Tspan18, Tspan4, Tspan7, Tspan9, Tspo, Tspo2, Tspoap1, Tst, Ttc21a, Ttc21b, Ttc39b, Ttc39d, Ttc8, Ttll1, Ttn, Ttpa, Ttyh1, Ttyh2, Ttyh3, Tub, Tuba1a, Tubb1, Tulp1, Tunar, Tusc2, Tusc3, Tvp23a, Tvp23b, Txlna, Txn1, Txnip, Tyro3, Tyrobp, Uaca, Ubac2, Ubap1, Ubash3b, Ubb, Ube2g2, Ube2i, Ube2j1, Ube2o, Ube2q1, Ube3a, Ubqln1, Ubqln2, Ubr3, Ubr5, Ubxn6, Uchl1, Ucn, Ucn2, Ucn3, Ucp1, Ucp2, Ucp3, Uevld, Ufd1, Ufm1, Uhmk1, Ulk1, Ulk4, Umod, Umps, Unc119, Unc119b, Unc13a, Unc13b, Unc13c, Unc13d, Unc93b1, Upk3a, Upk3b, Uprt, Uqcc2, Uqcrfs1, Uqcrh, Use1, Usf2, Ush1g, Uso1, Usp2, Usp20, Usp33, Usp46, Usp6nl, Usp7, Usp9x, Uts2, Uvrag, Vac14, Vamp1, Vamp2, Vamp3, Vamp4, Vamp5, Vamp7, Vamp8, Vamp9, Vangl1, Vapa, Vapb, Vav1, Vav3, Vcp, Vdac1, Vdac2, Vdac3, Vdr, Vegfa, Vegfc, Vgf, Vhl, Vip, Vipas39, Vldlr, Vmp1, Vps11, Vps13a, Vps13b, Vps13c, Vps13d, Vps16, Vps18, Vps25, Vps26a, Vps26b, Vps26c, Vps28, Vps29, Vps33a, Vps33b, Vps35, Vps35l, Vps36, Vps37a, Vps37b, Vps37c, Vps37d, Vps39, Vps41, Vps45, Vps4a, Vps4b, Vps50, Vps51, Vps52, Vps53, Vps54, Vps8, Vps9d1, Vsnl1, Vta1, Vti1a, Vti1b, Vtn, Was, Wasf1, Wasf2, Washc1, Washc2, Washc3, Washc4, Washc5, Wasl, Wdpcp, Wdr11, Wdr19, Wdr35, Wdr41, Wdr44, Wdr54, Wdr72, Wdr81, Wdr91, Wfdc6a, Wfs1, Whamm, Wipf1, Wipf3, Wipi1, Wls, Wnk1, Wnk2, Wnk3, Wnk4, Wnt3a, Wnt5a, Wnt7a, Wwp2, Xbp1, Xcl1, Xcr1, Xdh, Xk, Xkr4, Xkr6, Xkr7, Xkr8, Xkr9, Xlr4a, Xlr4b, Xpo1, Xpo4, Xpo5, Xpo6, Xpo7, Xpot, Xpr1, Xrcc4, Ybx1, Yes1, Yif1a, Yif1b, Yipf1, Yipf2, Yipf4, Yipf5, Yipf6, Yipf7, Yjefn3, Ykt6, Yod1, Yrdc, Ythdc1, Ywhae, Ywhah, Ywhaq, Ywhaz, Zbed6, Zbtb7b, Zc3h11a, Zc3h12a, Zc3h3, Zdhhc13, Zdhhc17, Zdhhc2, Zdhhc5, Zdhhc7, Zdhhc8, Zfand1, Zfand2b, Zfand6, Zfas1, Zfp13, Zfp36, Zfp36l1, Zfp384, Zfp469, Zfpl1, Zfyve16, Zfyve27, Zfyve9, Zg16, Zic1, Zmat3, Zmpste24, Znrf1, Znrf2, Zp3, Zp3r, Zpr1, Zw10
GO:0050779	RNA destabilization	104	10	1.51	3.0e-06	0.0010530000000000001	Ago2, Ago3, Alkbh5, Ang, Btg2, Caprin1, Celf1, Cnot1, Cnot2, Cnot3, Cnot6, Cnot6l, Cnot7, Cnot8, Cpeb3, Csde1, Dcp1a, Dcp1b, Dcp2, Dcps, Dhx36, Dhx9, Dis3l2, Dnd1, Dxo, Eif4enif1, Elavl1, Fto, Fxr1, Fxr2, Gigyf2, Gtsf1, Hnrnpd, Hnrnpr, Hnrnpu, Igf2bp1, Khsrp, Lin28b, Lsm1, Mettl14, Mettl16, Mettl3, Mex3d, Mir144, Mir196a-1, Mir196a-2, Mir196b, Mir451a, Mir451b, Mlh1, Mov10, Nanos1, Nanos2, Nanos3, Noct, Pabpc1, Pabpn1l, Paip1, Pan2, Pan3, Parn, Patl1, Patl2, Pde12, Piwil1, Piwil2, Piwil4, Plekhn1, Pnldc1, Pnpt1, Polr2g, Pum1, Rbm24, Rc3h1, Rc3h2, Rida, Rock1, Rock2, Samd4, Samd4b, Syncrip, Tardbp, Tent4a, Tent4b, Tnfrsf1b, Tnrc6a, Tnrc6b, Tnrc6c, Tob1, Trim71, Tut4, Tut7, Upf1, Ybx1, Ythdf1, Ythdf2, Ythdf3, Zc3h12a, Zc3h12d, Zc3h18, Zfp36, Zfp36l1, Zfp36l2, Zfp36l3
GO:0061014	positive regulation of mRNA catabolic process	105	10	1.53	3.3e-06	0.0011079391304347826	Ago2, Ago3, Alkbh5, Btg2, Caprin1, Celf1, Cnot1, Cnot2, Cnot3, Cnot6, Cnot6l, Cnot7, Cnot8, Cpeb3, Csde1, Dcp1a, Dcp1b, Dcp2, Dcps, Dhx36, Dhx9, Dis3l2, Dnd1, Eif4enif1, Elavl1, Fto, Fxr1, Fxr2, Gigyf2, Gtpbp1, Gtsf1, Hnrnpd, Hnrnpr, Hnrnpu, Igf2bp1, Khsrp, Lsm1, Mettl14, Mettl16, Mettl3, Mex3d, Mir144, Mir196a-1, Mir196a-2, Mir196b, Mir451a, Mir451b, Mir7578, Mlh1, Mov10, Nanos1, Nanos2, Nanos3, Noct, Pabpc1, Pabpn1l, Paip1, Pan2, Pan3, Parn, Patl1, Patl2, Pde12, Piwil1, Piwil2, Piwil4, Plekhn1, Pnldc1, Pnpt1, Polr2g, Prr5l, Pum1, Qki, Rbm24, Rc3h1, Rc3h2, Rida, Rock1, Rock2, Samd4, Samd4b, Syncrip, Tardbp, Tent4a, Tent4b, Tnrc6a, Tnrc6b, Tnrc6c, Tob1, Trim71, Ttc5, Tut4, Tut7, Upf1, Ybx1, Ythdf1, Ythdf2, Ythdf3, Zc3h12a, Zc3h12d, Zc3hav1, Zfp36, Zfp36l1, Zfp36l2, Zfp36l3
GO:0051716	cellular response to stimulus	8422	166	122.68	3.3e-06	0.0011079391304347826	1700109H08Rik, 1810024B03Rik, 2210016L21Rik, 2610005L07Rik, 2700049A03Rik, 2810408A11Rik, 3425401B19Rik, 4921509C19Rik, 4930447C04Rik, 4930544G11Rik, 4933438K21Rik, 6030468B19Rik, a, A1bg, A3galt2, Aacs, Aak1, Aanat, Aars1, Aars2, Aatf, Abat, Abca1, Abca12, Abca7, Abcb10, Abcb11, Abcb1a, Abcb4, Abcb6, Abcc1, Abcc2, Abcc8, Abcc9, Abcd1, Abcg1, Abcg4, Abhd17a, Abhd2, Abhd6, Abi1, Abi2, Abi3, Abl1, Abl2, Abr, Abra, Abraxas1, Abraxas2, Abtb2, Acaa1a, Acaa1b, Acaa2, Acaca, Acap1, Acbd7, Acd, Ace, Ace2, Acer1, Acer2, Ache, Ackr1, Ackr2, Ackr3, Ackr4, Acod1, Acot11, Acp3, Acp4, Acsl1, Acsl5, Acta1, Acta2, Actb, Actl6a, Actl6b, Actn2, Actn3, Actn4, Actr2, Actr5, Actr8, Actrt1, Acvr1, Acvr1b, Acvr1c, Acvr2a, Acvr2b, Acvrl1, Ada, Adam10, Adam15, Adam17, Adam8, Adam9, Adamts12, Adamts13, Adamts20, Adamts3, Adamtsl2, Adar, Adcy1, Adcy10, Adcy2, Adcy3, Adcy4, Adcy5, Adcy6, Adcy7, Adcy8, Adcy9, Adcyap1, Adcyap1r1, Add1, Adgra1, Adgra2, Adgra3, Adgrb1, Adgrb2, Adgrb3, Adgrd1, Adgre1, Adgre4, Adgre5, Adgrf1, Adgrf2, Adgrf3, Adgrf4, Adgrf5, Adgrg1, Adgrg2, Adgrg3, Adgrg4, Adgrg5, Adgrg6, Adgrg7, Adgrl1, Adgrl2, Adgrl3, Adgrl4, Adgrv1, Adh4, Adh5, Adipoq, Adipor1, Adipor2, Adissp, Adm, Adm2, Adnp, Ado, Adora1, Adora2a, Adora2b, Adora3, Adprs, Adra1a, Adra1b, Adra1d, Adra2a, Adra2b, Adra2c, Adrb1, Adrb2, Adrb3, Adrm1, Adss2, Adtrp, Aen, Afap1, Afap1l2, Afdn, Aff4, Afg2b, Afg3l1, Afg3l2, Agap2, Agap3, Ager, Ago1, Ago3, Agr2, Agrn, Agrp, Agt, Agtr1a, Agtr1b, Agtr2, Agtrap, Agxt, Ahcyl1, Ahi1, Ahr, Ahrr, Ahsg, Aicda, Aida, Aif1, Aifm1, Aifm2, Aim2, Aimp1, Aip, Aipl1, Ajuba, Ak4, Akap12, Akap13, Akap3, Akap4, Akap5, Akap6, Akap7, Akap8, Akap9, Akip1, Akirin1, Akirin2, Akr1a1, Akr1b1, Akr1c12, Akr1c13, Akr1c18, Akr1c19, Akt1, Akt1s1, Akt2, Akt3, Aktip, Alad, Alb, Aldh1a1, Aldh1a2, Aldh1a3, Aldh1a7, Aldh2, Aldh3b1, Alg13, Alk, Alkal1, Alkal2, Alkbh1, Alkbh2, Alkbh3, Alkbh7, Alkbh8, Alms1, Alox12, Alox12b, Alox15, Alox5, Alox5ap, Alox8, Aloxe3, Alpk1, Alpk2, Als2, Ambn, Ambp, Ambra1, Amelx, Amer1, Amer2, Amer3, Amfr, Amh, Amhr2, Amigo1, Amot, Amotl1, Amotl2, Anapc15, Anapc15-ps, Ang, Ang2, Ang4, Angpt1, Angpt2, Angpt4, Angptl1, Angptl3, Angptl4, Angptl8, Ank1, Ank2, Ank3, Ankdd1b, Ankk1, Ankle1, Ankrd1, Ankrd11, Ankrd13c, Ankrd17, Ankrd2, Ankrd26, Ankrd27, Ankrd54, Ankrd6, Ankrd66, Anks1, Anks1b, Anks4b, Ankzf1, Ano1, Ano6, Anxa1, Anxa2, Anxa4, Anxa5, Anxa6, Anxa7, Aox1, Aox2, Aox3, Aox4, Ap1g1, Ap1m1, Ap3b1, Ap3d1, Ap5s1, Ap5z1, Apaf1, Apbb1, Apbb1ip, Apc, Apc2, Apcdd1, Apela, Apex1, Apex2, Aph1a, Aph1b, Aph1c, Apip, Aplf, Apln, Aplnr, Aplp1, Aplp2, Apoa1, Apoa2, Apoa4, Apob, Apoc3, Apod, Apoe, Apom, App, Appl1, Appl2, Aptx, Aqp1, Aqp11, Aqp2, Aqp3, Aqp4, Aqp5, Aqp8, Ar, Araf, Arap1, Arap2, Arap3, Areg, Arf4, Arf6, Arfgap1, Arfgef1, Arfgef2, Arfgef3, Arg1, Arg2, Arhgap1, Arhgap10, Arhgap11a, Arhgap12, Arhgap15, Arhgap17, Arhgap18, Arhgap19, Arhgap20, Arhgap21, Arhgap22, Arhgap23, Arhgap24, Arhgap25, Arhgap26, Arhgap27, Arhgap28, Arhgap29, Arhgap30, Arhgap31, Arhgap32, Arhgap33, Arhgap33os, Arhgap35, Arhgap36, Arhgap39, Arhgap40, Arhgap42, Arhgap44, Arhgap45, Arhgap5, Arhgap6, Arhgap8, Arhgap9, Arhgdia, Arhgdib, Arhgdig, Arhgef1, Arhgef10l, Arhgef11, Arhgef12, Arhgef16, Arhgef18, Arhgef2, Arhgef28, Arhgef3, Arhgef4, Arhgef5, Arhgef6, Arhgef7, Arhgef9, Arid1a, Arid2, Arid4a, Arid4b, Arid5a, Arid5b, Ark2c, Arl13b, Arl2bp, Arl3, Arl6, Arl6ip5, Armc10, Armc9, Armh4, Armt1, Arnt, Arnt2, Arpc2, Arpp21, Arr3, Arrb1, Arrb2, Arrdc1, Arrdc3, Artn, As3mt, Asah2, Asb1, Asb10, Asb11, Asb13, Asb14, Asb15, Asb16, Asb17, Asb18, Asb2, Asb3, Asb4, Asb5, Asb6, Asb7, Asb8, Asb9, Ascc1, Ascc2, Ascc3, Ascl1, Asf1a, Asgr1, Ash1l, Ash2l, Asic1, Asic2, Asns, Asph, Aspm, Aspn, Ass1, Aste1, Asxl1, Asxl2, Atad3a, Atad5, Atat1, Atf1, Atf2, Atf3, Atf4, Atf6, Atf6b, Atf7, Atg10, Atg13, Atg14, Atg4b, Atg5, Atg7, Atm, Atmin, Atoh1, Atoh8, Atp13a2, Atp1a1, Atp1a2, Atp1a3, Atp1b1, Atp2a1, Atp2a2, Atp2a3, Atp2b1, Atp2b4, Atp2c1, Atp5f1a, Atp5if1, Atp6ap1, Atp6ap2, Atp6v0a2, Atp6v0c, Atp6v0d1, Atp6v1a, Atp6v1c2, Atp6v1g1, Atp7a, Atp7b, Atr, Atrip, Atrnl1, Atrx, Atxn1, Atxn3, Atxn7, Atxn7l3, Aunip, Aup1, Aurka, Aurkb, Auts2, Avp, Avpi1, Avpr1a, Avpr1b, Avpr2, Axin1, Axin2, Axl, AY074887, AY761185, Azi2, B2m, B3gat1, B9d1, Babam1, Babam2, Bace1, Bach1, Bad, Bag3, Bag4, Bag5, Bag6, Baiap2, Baiap3, Bak1, Bambi, Banf1, Bank1, Bard1, Barx1, Batf, Bax, Baz1b, Bbc3, Bbip1, Bbln, Bbs1, Bbs10, Bbs2, Bbs4, Bbs7, BC028528, Bcap31, Bcar1, Bcar3, Bcas3, Bccip, Bcl10, Bcl2, Bcl2a1a, Bcl2a1b, Bcl2a1c, Bcl2a1d, Bcl2l1, Bcl2l10, Bcl2l11, Bcl2l12, Bcl2l14, Bcl2l2, Bcl3, Bcl6, Bcl7a, Bcl7b, Bcl7c, Bcl9, Bcl9l, Bclaf1, Bcr, Bdkrb1, Bdkrb2, Bdnf, Becn1, Becn2, Begain, Bend2, Bend6, Bex1, Bex2, Bex3, Bfar, Bglap, Bglap2, Bglap3, Bhlha15, Bicc1, Bicd1, Bid, Bik, Bin2, Birc2, Birc3, Birc5, Birc6, Birc7, Blk, Blm, Blnk, Bloc1s2, Bloc1s3, Bloc1s5, Bloc1s6, Blvrb, Bmal1, Bmf, Bmi1, Bmncr, Bmp1, Bmp10, Bmp15, Bmp2, Bmp2k, Bmp3, Bmp4, Bmp5, Bmp6, Bmp7, Bmp8a, Bmp8b, Bmper, Bmpr1a, Bmpr1b, Bmpr2, Bmx, Bmyc, Bnip1, Bnip2, Bnip3, Bnip3l, Boc, Bod1l, Bok, Bop1, Bpgm, Bpi, Bpifb1, Braf, Brap, Brat1, Brca1, Brca2, Brcc3, Brcc3dc, Brd4, Brd7, Brd8, Brf2, Brinp1, Brinp2, Brinp3, Brip1, Brk1, Brme1, Brms1, Brms1l, Brs3, Brsk1, Brsk2, Bsg, Bst1, Btbd10, Btc, Btg2, Btk, Btla, Btn1a1, Btn2a2, Btnl1, Btnl10, Btnl12, Btnl2, Btnl4, Btnl6, Btnl9, Btrc, Bub1, Bub1b, Bub3, Bud31, C1qbp, C1ql4, C1qtnf1, C1qtnf12, C1qtnf2, C1qtnf3, C1qtnf4, C1qtnf9, C2cd2l, C2cd3, C2cd5, C3, C3ar1, C5ar1, C5ar2, C9orf72, Cab39, Cab39l, Cabin1, Cabp1, Cabp4, Cabyr, Cacna1a, Cacna1c, Cacna1d, Cacna1e, Cacna1s, Cacna2d1, Cacnb1, Cacnb3, Cacnb4, Cacng2, Cacng3, Cacng4, Cacng5, Cacng7, Cacng8, Cactin, Cad, Cadm1, Cadm4, Cadps2, Calca, Calcb, Calcoco1, Calcr, Calcrl, Calm1, Calm2, Calm3, Calr, Calr3, Calr4, Camk1, Camk1d, Camk1g, Camk2a, Camk2b, Camk2d, Camk2n1, Camk4, Camkk1, Camkk2, Camkv, Caml, Camp, Camta1, Canx, Cap1, Cap2, Capn1, Capn10, Capn2, Capn3, Caprin2, Car2, Car8, Card10, Card11, Card14, Card6, Card9, Carf, Carlr, Carm1, Carmil2, Cartpt, Caskin1, Casp1, Casp12, Casp2, Casp3, Casp4, Casp6, Casp7, Casp8, Casp8ap2, Casp9, Casq1, Casq2, Casr, Cass4, Castor1, Castor2, Cat, Cav1, Cav2, Cav3, Cavin3, Cavin4, Cbfa2t2, Cbl, Cblb, Cblc, Cbln1, Cbr1, Cbr1b, Cbs, Cbx1, Cbx3, Cbx5, Cbx8, Cby1, Cc2d2a, Ccar2, Ccbe1, Ccdc115, Ccdc117, Ccdc125, Ccdc13, Ccdc186, Ccdc22, Ccdc3, Ccdc47, Ccdc62, Ccdc85c, Ccdc88a, Ccdc88c, Cck, Cckar, Cckbr, Ccl1, Ccl11, Ccl12, Ccl17, Ccl19, Ccl19-ps1, Ccl19-ps3, Ccl19-ps4, Ccl19-ps5, Ccl19-ps6, Ccl2, Ccl20, Ccl21a, Ccl21b, Ccl21d, Ccl21e, Ccl21f, Ccl22, Ccl24, Ccl25, Ccl26, Ccl27a, Ccl28, Ccl3, Ccl4, Ccl5, Ccl6, Ccl7, Ccl8, Ccl9, Ccn1, Ccn2, Ccn3, Ccn4, Ccn5, Ccn6, Ccna2, Ccnb1, Ccnb1-ps, Ccnc, Ccnd1, Ccnd2, Ccnd3, Ccne1, Ccng1, Ccnk, Ccnq, Ccny, Ccnyl1, Ccr1, Ccr10, Ccr1l1, Ccr2, Ccr3, Ccr4, Ccr5, Ccr6, Ccr7, Ccr8, Ccr9, Ccrl2, Ccs, Cd109, Cd14, Cd160, Cd177, Cd180, Cd19, Cd22, Cd226, Cd247, Cd24a, Cd27, Cd274, Cd276, Cd28, Cd2ap, Cd300a, Cd300c, Cd300c2, Cd300e, Cd300lb, Cd300ld, Cd300ld2, Cd300ld3, Cd300ld4, Cd300lf, Cd300lg, Cd320, Cd34, Cd36, Cd38, Cd3d, Cd3e, Cd3g, Cd4, Cd40, Cd40lg, Cd44, Cd46, Cd47, Cd48, Cd5, Cd55, Cd55b, Cd59a, Cd6, Cd63, Cd68, Cd69, Cd70, Cd74, Cd79a, Cd79b, Cd80, Cd81, Cd84, Cd86, Cd8a, Cd8b1, Cd9, Cda, Cdc14b, Cdc20, Cdc25a, Cdc34, Cdc34b, Cdc37, Cdc42, Cdc42bpa, Cdc42ep1, Cdc42ep2, Cdc42ep3, Cdc42ep4, Cdc42ep5, Cdc42se1, Cdc42se2, Cdc45, Cdc5l, Cdc5lrt1, Cdc5lrt10, Cdc5lrt4, Cdc5lrt5, Cdc5lrt6, Cdc5lrt7, Cdc5lrt8, Cdc5lrt9, Cdc6, Cdc7, Cdc73, Cdca5, Cdca8, Cdh1, Cdh13, Cdh17, Cdh2, Cdh3, Cdh5, Cdh6, Cdip1, Cdk1, Cdk10, Cdk11b, Cdk13, Cdk14, Cdk16, Cdk19, Cdk2, Cdk20, Cdk3, Cdk4, Cdk5, Cdk5r1, Cdk5rap2, Cdk5rap3, Cdk6, Cdk7, Cdk9, Cdkn1a, Cdkn1b, Cdkn1c, Cdkn2a, Cdkn2aip, Cdkn2b, Cdkn2d, Cdkn3, Cdnf, Cdon, Cds2, Cdt1, Ceacam1, Ceacam10, Ceacam2, Ceacam20, Cebpa, Cebpb, Cebpe, Cebpg, Cela1, Celf4, Celsr1, Celsr2, Celsr3, Cenpe, Cenps, Cenpx, Cep164, Cep192, Cep290, Cep55, Cep57, Cep63, Cer1, Cers1, Cers2, Cert1, Ces1a, Ces1b, Ces1c, Ces1d, Ces1e, Ces1f, Ces1g, Ces1h, Cetn1, Cetn2, Cfap410, Cfap58, Cfc1, Cfd, Cfh, Cfl1, Cflar, Cftr, Cga, Cgas, Cgnl1, Ch25h, Chac1, Chaf1a, Chaf1b, Chchd10, Chchd2, Chchd2-ps, Chchd4, Chchd6, Chd1l, Chd2, Chd4, Chd5, Chd8, Chek1, Chek2, Cherp, Chfr, Chga, Chi3l1, Chka, Chl1, Chlsn, Chm, Chml, Chmp4c, Chmp5, Chmp6, Chn1, Chn2, Chordc1, Chp1, Chp2, Chrd, Chrdl1, Chrdl2, Chrm1, Chrm2, Chrm3, Chrm4, Chrm5, Chrna1, Chrna10, Chrna2, Chrna3, Chrna4, Chrna5, Chrna6, Chrna7, Chrna9, Chrnb1, Chrnb2, Chrnb3, Chrnb4, Chrnd, Chrne, Chrng, Chst11, Chsy1, Chuk, Churc1, Cib1, Cib2, Cibar1, Cidea, Ciita, Cilk1, Cilp, Cinp, Cip2a, Cirbp, Cish, Cit, Cited1, Cited2, Ckap5, Cklf, Clasp2, Clca1, Clca3a2, Clcf1, Clcn2, Cldn1, Cldn18, Cldn5, Clec11a, Clec12a, Clec12b, Clec14a, Clec16a, Clec1a, Clec1b, Clec2i, Clec4d, Clec4e, Clec4n, Clec7a, Clgn, Clic4, Cln3, Clnk, Clock, Clpb, Clspn, Cltrn, Clu, Cluap1, Clxn, Cmah, Cmklr1, Cmklr2, Cmpk2, Cmtm2a, Cmtm2b, Cmtm3, Cmtm5, Cmtm7, Cmtm8, Cmya5, Cngb1, Cnih2, Cnih3, Cnksr1, Cnksr2, Cnksr3, Cnmd, Cnn2, Cnot1, Cnot2, Cnot3, Cnot7, Cnot9, Cnr1, Cnr2, Cnrip1, Cntf, Cntfr, Cntn1, Cntn2, Cntn6, Cntnap2, Coa8, Col16a1, Col1a1, Col1a2, Col2a1, Col3a1, Col4a1, Col4a2, Col4a3, Col4a5, Col4a6, Col5a2, Col6a1, Col6a2, Col6a3, Colec12, Commd1, Commd4, Commd6, Commd7, Commd8, Comp, Comt, Copa, Cops5, Cops8, Cops9, Coq7, Coro1a, Coro1b, Coro2b, Coro7, Cort, Cp, Cpap, Cpb2, Cpe, Cpeb1, Cpeb2, Cpeb3, Cpeb4, Cplane2, Cpne1, Cpne2, Cpne3, Cpne4, Cpne5, Cpne6, Cpne7, Cpne8, Cpne9, Cps1, Cpt1a, Cptp, Cpz, Cr1l, Cr2, Cracr2a, Cradd, Crb1, Crb2, Crbn, Crcp, Creb1, Creb3, Creb3l1, Creb3l2, Creb3l3, Crebbp, Crebrf, Crh, Crhbp, Crhr1, Crhr2, Crim1, Crip1, Cripto, Crk, Crkl, Crlf1, Crlf2, Crlf3, Crmp1, Crnn, Crp, Crtc1, Crtc2, Crtc3, Cry1, Cry2, Cryab, Cryba1, Crygd, Cryge, Crygf, Cryz, Csf1, Csf1r, Csf2, Csf2ra, Csf2rb, Csf2rb2, Csf3, Csf3r, Csk, Csnk1a1, Csnk1d, Csnk1e, Csnk1g1, Csnk1g2, Csnk1g3, Csnk2a1, Csnk2a2, Csnk2b, Cspg4, Cspg5, Csrnp1, Csrp3, Cst11, Cst3, Ctbp1, Ctbp2, Ctc1, Ctdnep1, Ctdspl2, Ctf1, Ctf2, Cth, Cthrc1, Ctla4, Ctnna1, Ctnnal1, Ctnnb1, Ctnnbip1, Ctnnd1, Ctnnd2, Ctns, Ctr9, Ctsb, Ctsc, Ctsd, Ctsg, Ctsh, Ctsk, Ctsl, Cttn, Cul1, Cul3, Cul4a, Cul4b, Cul5, Cux2, Cuzd1, Cwh43, Cx3cl1, Cx3cr1, Cxadr, Cxcl1, Cxcl10, Cxcl11, Cxcl12, Cxcl13, Cxcl14, Cxcl15, Cxcl16, Cxcl17, Cxcl2, Cxcl3, Cxcl5, Cxcl9, Cxcr1, Cxcr2, Cxcr3, Cxcr4, Cxcr5, Cxcr6, Cxxc4, Cyba, Cybb, Cycs, Cyct, Cyfip1, Cyfip2, Cygb, Cyld, Cyp11a1, Cyp11b1, Cyp11b2, Cyp19a1, Cyp1a1, Cyp1a2, Cyp1b1, Cyp24a1, Cyp26a1, Cyp26b1, Cyp27b1, Cyp2a12, Cyp2a22, Cyp2a4, Cyp2a5, Cyp2ab1, Cyp2b10, Cyp2b13, Cyp2b19, Cyp2b23, Cyp2b9, Cyp2c23, Cyp2c29, Cyp2c37, Cyp2c38, Cyp2c39, Cyp2c40, Cyp2c50, Cyp2c54, Cyp2c55, Cyp2c65, Cyp2c66, Cyp2c67, Cyp2c68, Cyp2c69, Cyp2c70, Cyp2d10, Cyp2d11, Cyp2d12, Cyp2d22, Cyp2d26, Cyp2d34, Cyp2d9, Cyp2e1, Cyp2f2, Cyp2g1, Cyp2j11, Cyp2j12, Cyp2j13, Cyp2j5, Cyp2j6, Cyp2j7, Cyp2j8, Cyp2j9, Cyp2r1, Cyp2s1, Cyp2t4, Cyp2u1, Cyp2w1, Cyp3a11, Cyp3a16, Cyp3a41a, Cyp3a41b, Cyp3a44, Cyp46a1, Cyp7a1, Cyp7b1, Cyren, Cyrib, Cysltr1, Cysltr2, Cyth1, Cyth2, Cyth3, Cyth4, D130043K22Rik, D1Pas1, D7Ertd443e, Daam1, Daam2, Dab1, Dab2, Dab2ip, Dact1, Dact2, Dact3, Dag1, Dand5, Dap, Dapk1, Dapk2, Dapk3, Dapl1, Daxx, Dbh, Dbn1, Dbndd1, Dbndd2, Dbnl, Dbx2, Dcc, Dcdc2a, Dcdc2c, Dchs1, Dclk1, Dclk2, Dclk3, Dclre1a, Dclre1b, Dclre1c, Dcn, Dcp1a, Dcst1, Dctpp1, Dcun1d5, Dcx, Ddah1, Ddb1, Ddb2, Ddi1, Ddi2, Ddias, Ddit3, Ddit4, Ddit4l, Ddr1, Ddr2, Ddrgk1, Ddx1, Ddx11, Ddx17, Ddx21, Ddx3x, Ddx47, Ddx5, Ddx60, Dedd, Dedd2, Defa-rs10, Defa-rs12, Defa-rs2, Defa1, Defa10, Defa11, Defa13, Defa14, Defa15, Defa16, Defa17, Defa2, Defa20, Defa21, Defa22, Defa23, Defa24, Defa25, Defa26, Defa28, Defa29, Defa3, Defa30, Defa31, Defa34, Defa35, Defa37, Defa38, Defa39, Defa4, Defa40, Defa41, Defa42, Defa5, Defa6, Defa7, Defa8, Defa9, Defb1, Defb14, Defb21, Defb25, Defb3, Defb33, Defb37, Defb4, Defb46, Defb47, Defb48, Defb5, Defb6, Defb7, Defb8, Dek, Dele1, Dennd1a, Dennd1b, Dennd2b, Dennd3, Dennd4a, Dennd4b, Dennd4c, Depdc1a, Depdc1b, Depdc5, Depdc7, Deptor, Derl1, Derl2, Derl3, Dgat2, Dgcr8, Dgka, Dgkb, Dgkd, Dgke, Dgkg, Dgkh, Dgki, Dgkk, Dgkq, Dgkz, Dhcr24, Dhfr, Dhh, Dhrs2, Dhrs3, Dhx15, Dhx33, Dhx36, Dhx58, Dhx9, Diablo, Diaph1, Diaph2, Diaph3, Dicer1, Dido1, Dipk2a, Diras1, Diras2, Disc1, Disp1, Disp2, Dixdc1, Dkk1, Dkk2, Dkk3, Dkk4, Dkkl1, Dlc1, Dlg1, Dlg2, Dlg4, Dlg5, Dlgap2, Dlk1, Dlk2, Dll1, Dll3, Dll4, Dlx1, Dlx2, Dlx3, Dlx5, Dmap1, Dmc1, Dmd, Dmpk, Dmrt1, Dmtn, Dna2, Dnaaf4, Dnai1, Dnaja1, Dnaja3, Dnajb1, Dnajb12, Dnajb14, Dnajb2, Dnajb9, Dnajc10, Dnajc15, Dnajc18, Dnajc27, Dnajc3, Dner, Dnm1, Dnm1l, Dnm2, Dnmbp, Dnmt1, Dnmt3a, Dnmt3b, Dntt, Dock1, Dock10, Dock11, Dock2, Dock3, Dock4, Dock5, Dock6, Dock7, Dock8, Dock9, Dok1, Dok2, Dok3, Dok4, Dok5, Dok6, Dok7, Donson, Dot1l, Dpep1, Dpf1, Dpf2, Dpf3, Dpp4, Draxin, Drd1, Drd2, Drd3, Drd4, Drd5, Dsc2, Dscam, Dsg3, Dsg4, Dspp, Dstyk, Dtl, Dtnbp1, Dtx1, Dtx2, Dtx3, Dtx3l, Dtx4, Duox1, Duox2, Dusp1, Dusp10, Dusp13b, Dusp15, Dusp16, Dusp19, Dusp2, Dusp22, Dusp26, Dusp29, Dusp3, Dusp4, Dusp5, Dusp6, Dusp7, Dusp8, Dusp9, Dvl1, Dvl2, Dvl3, Dynap, Dynapl1, Dync1li1, Dync2h1, Dynll1, Dynlt1a, Dynlt1b, Dynlt1c, Dynlt1f, Dyrk1a, Dyrk1b, Dyrk2, Dyrk3, Dysf, Dzip1, Dzip1l, E130311K13Rik, E230001N04Rik, E2f1, E2f2, Eaf2, Ebi3, Ece1, Ecel1, Echdc3, Ecm1, Ecpas, Ecrg4, Ecsit, Ect2, Eda, Eda2r, Edar, Edaradd, Edem1, Edem2, Edem3, Edn1, Edn2, Edn3, Ednra, Ednrb, Eea1, Eed, Eef1d, Eef1e1, Eef2k, Eepd1, Efcab7, Efemp1, Efhb, Efhd1, Efna1, Efna2, Efna3, Efna4, Efna5, Efnb1, Efnb2, Efnb3, Efs, Egf, Egfl7, Egfr, Egln1, Egln2, Egln3, Egr1, Egr3, Ehmt2, Ei24, Eid2, Eid3, Eif2a, Eif2ak1, Eif2ak2, Eif2ak3, Eif2ak4, Eif2b1, Eif2b2, Eif2b3, Eif2b4, Eif2b5, Eif2s1, Eif3a, Eif4a3, Eif4a3l1, Eif4a3l2, Eif4e, Eif4e2, Eif4ebp1, Eif4ebp2, Eif4g1, Elapor1, Elapor2, Elavl4, Elf1, Elk1, Ell3, Elmo1, Elmo2, Elp2, Elp6, Emd, Eme1, Eme2, Emilin1, Emp2, Emsy, Endog, Endov, Eng, Enho, Eno1, Eno1b, Enpp1, Enpp2, Entpd1, Entpd2, Entrep1, Eny2, Ep300, Ep400, Epas1, Epc1, Epc2, Epcam, Epg5, Epgn, Epha1, Epha10, Epha2, Epha3, Epha4, Epha5, Epha6, Epha7, Epha8, Ephb1, Ephb2, Ephb3, Ephb4, Ephb6, Epm2a, Epn1, Epn2, Epo, Epor, Eprs1, Eps8, Eps8l1, Eps8l2, Eps8l3, Epsti1, Epx, Eras, Erbb2, Erbb3, Erbb4, Erbin, Erc1, Ercc1, Ercc2, Ercc3, Ercc4, Ercc5, Ercc6, Ercc6l, Ercc6l2, Ercc8, Ereg, Erfe, Erlec1, Erlin1, Erlin2, Ermap, Ermp1, Ern1, Ern2, Ero1a, Erp27, Erp29, Erp44, Errfi1, Esco2, Esd, Esm1, Esp1, Esp22, Esp6, Esr1, Esr2, Esrra, Esrrb, Esrrg, Etaa1, Etnppl, Etv2, Etv5, Eva1a, Evc, Evc2, Exd2, Exo1, Exo5, Exoc4, Exosc10, Ext1, Extl3, Eya1, Eya2, Eya3, Eya4, Ezh2, Ezr, F10, F11r, F2, F2r, F2rl1, F2rl2, F2rl3, F3, F7, Faap100, Faap20, Faap24, Fabp1, Fabp4, Fabp5, Fadd, Fads1, Fads2, Faf1, Faf2, Faim, Faim2, Faiml, Fam107a, Fam110c, Fam111a, Fam114a1, Fam120b, Fam13b, Fam162a, Fam168a, Fam20c, Fam210b, Fam220a, Fam3b, Fam3c, Fam3d, Fam53b, Fam83a, Fam83b, Fam83c, Fam83d, Fam83e, Fam83f, Fam83g, Fam83h, Fam89b, Fan1, Fanca, Fancb, Fancc, Fancd2, Fancf, Fancg, Fanci, Fancl, Fancm, Farp1, Farp2, Fas, Fasl, Fat4, Fbh1, Fbln1, Fbln5, Fbn1, Fbn2, Fbp1, Fbrs, Fbxl15, Fbxl17, Fbxl2, Fbxo17, Fbxo2, Fbxo21, Fbxo22, Fbxo27, Fbxo31, Fbxo32, Fbxo4, Fbxo44, Fbxo45, Fbxo5, Fbxo6, Fbxo7, Fbxo8, Fbxo9, Fbxw11, Fbxw4, Fbxw7, Fbxw7as1, Fcamr, Fcer1a, Fcer1g, Fcer2a, Fcgr1, Fcgr2b, Fcgr3, Fcgr4, Fcho1, Fcmr, Fcna, Fcnb, Fcor, Fcrl2, Fcrl5, Fcrl6, Fcrla, Fcrlb, Fdcsp, Fdx1, Fech, Fem1a, Fem1b, Fen1, Fer, Fermt1, Fermt2, Fermt3, Fes, Ffar1, Ffar2, Ffar3, Ffar4, Fga, Fgb, Fgd2, Fgd4, Fgf1, Fgf10, Fgf11, Fgf12, Fgf13, Fgf14, Fgf15, Fgf16, Fgf17, Fgf18, Fgf2, Fgf20, Fgf21, Fgf22, Fgf23, Fgf3, Fgf4, Fgf5, Fgf6, Fgf7, Fgf8, Fgf9, Fgfbp1, Fgfbp3, Fgfr1, Fgfr2, Fgfr3, Fgfr4, Fgfrl1, Fgg, Fgr, Fh1, Fhit, Fhl2, Ficd, Fignl1, Firrm, Fis1, Fkbp1a, Fkbp1b, Fkbp4, Fkbp8, Fkrp, Fktn, Flcn, Flna, Flot1, Flot2, Flrt1, Flrt2, Flrt3, Flt1, Flt3, Flt3l, Flt4, Flywch1, Fmn2, Fmo1, Fmo2, Fmo3, Fmo4, Fmo5, Fmr1, Fn1, Fnbp1, Fnbp1l, Fndc1, Fndc5, Fnip1, Fnip2, Fnta, Folr1, Folr2, Fos, Fosb, Fosl1, Fosl2, Foxa1, Foxa2, Foxa3, Foxc1, Foxc2, Foxd1, Foxf1, Foxh1, Foxl1, Foxm1, Foxn3, Foxo1, Foxo3, Foxo4, Foxp1, Foxp3, Foxred2, Fpr-rs3, Fpr-rs4, Fpr-rs6, Fpr-rs7, Fpr1, Fpr2, Fpr3, Frat1, Frat2, Frk, Frmd6, Frmd7, Frmd8, Frmpd1, Frrs1l, Frs2, Frs3, Frzb, Fshb, Fshr, Fst, Fstl1, Fstl3, Fstl4, Fstl5, Fto, Furin, Fus, Fut7, Fut8, Fuz, Fxn, Fyb1, Fyb2, Fyn, Fzd1, Fzd10, Fzd2, Fzd3, Fzd4, Fzd5, Fzd6, Fzd7, Fzd8, Fzd9, Fzr1, G0s2, G2e3, G3bp1, G3bp2, G6pd2, G6pdx, Gab1, Gab2, Gab3, Gabarap, Gabarapl1, Gabarapl2, Gabbr1, Gabbr2, Gabra1, Gabrb1, Gabrb2, Gabrb3, Gabrg2, Gad2, Gadd45a, Gadd45b, Gadd45g, Gal, Galnt11, Galp, Galr1, Galr2, Galr3, Gap43, Gapdh, Gapdh-ps15, Gapdhrt, Gapdhrt2, Garem1, Garnl3, Garre1, Gas1, Gas2, Gas2l1, Gas2l2, Gas6, Gas8, Gast, Gata1, Gata2, Gata3, Gata4, Gata5, Gata6, Gba1, Gbf1, Gbp10, Gbp2, Gbp2b, Gbp3, Gbp5, Gbp6, Gbp7, Gcg, Gcgr, Gch1, Gck, Gclc, Gclm, Gcn1, Gcnt2, Gcsam, Gdap1, Gde1, Gdf1, Gdf10, Gdf11, Gdf15, Gdf2, Gdf3, Gdf5, Gdf6, Gdf7, Gdf9, Gdi1, Gdi2, Gdnf, Gdpd5, Gen1, Get4, Gfap, Gfer, Gfi1, Gfra1, Gfra2, Gfra3, Gfra4, Gfral, Ggct, Ggn, Ggnbp2, Ggt1, Gh, Ghitm, Ghr, Ghrh, Ghrhr, Ghrl, Ghsr, Gid8, Gigyf1, Gigyf2, Gins2, Gins3, Gins4, Gip, Gipc1, Gipr, Git1, Git2, Gja1, Gjb2, Gjb3, Gjb6, Gkap1, Gkn1, Gkn2, Glce, Gldn, Glg1, Gli1, Gli2, Gli3, Glipr2, Glis2, Glmn, Glp1r, Glp2r, Glra1, Glra2, Glra3, Glra4, Glrb, Glul, Gm10662, Gm10668, Gm11690, Gm12250, Gm13271, Gm13272, Gm13275, Gm13276, Gm13277, Gm13283, Gm14137, Gm14151, Gm15441, Gm266, Gm4513, Gm5127, Gm5157, Gm527, Gm5849, Gm5890, Gm6040, Gm6176, Gm6882, Gmds, Gmfb, Gmfg, Gmip, Gna11, Gna12, Gna13, Gna14, Gna15, Gnai1, Gnai2, Gnai3, Gnal, Gnao1, Gnaq, Gnas, Gnat1, Gnat2, Gnat3, Gnaz, Gnb1, Gnb1l, Gnb2, Gnb3, Gnb4, Gnb5, Gng10, Gng11, Gng12, Gng13, Gng14, Gng2, Gng3, Gng4, Gng5, Gng5c, Gng7, Gng8, Gngt1, Gngt2, Gnl1, Gnrh1, Gnrhr, Golph3, Gorab, Gorasp2, Got1, Gp6, Gpam, Gpat3, Gpatch3, Gpbar1, Gpc1, Gpc2, Gpc3, Gpc4, Gpc5, Gpc6, Gpd1, Gpd1l, Gper1, Gpha2, Gphb5, Gpi1, Gpld1, Gpnmb, Gpr101, Gpr108, Gpr119, Gpr12, Gpr132, Gpr135, Gpr137, Gpr137b, Gpr137c, Gpr139, Gpr141, Gpr142, Gpr143, Gpr146, Gpr149, Gpr15, Gpr150, Gpr151, Gpr152, Gpr153, Gpr155, Gpr156, Gpr157, Gpr158, Gpr15lg, Gpr160, Gpr161, Gpr162, Gpr165, Gpr17, Gpr171, Gpr173, Gpr174, Gpr176, Gpr179, Gpr18, Gpr180, Gpr182, Gpr183, Gpr19, Gpr20, Gpr21, Gpr22, Gpr25, Gpr26, Gpr27, Gpr3, Gpr31b, Gpr33, Gpr34, Gpr35, Gpr37, Gpr37l1, Gpr39, Gpr4, Gpr45, Gpr50, Gpr52, Gpr55, Gpr6, Gpr61, Gpr62, Gpr63, Gpr65, Gpr68, Gpr75, Gpr82, Gpr83, Gpr84, Gpr85, Gpr87, Gpr88, Gprasp1, Gprc5a, Gprc5b, Gprc5c, Gprc5d, Gprc6a, Gps2, Gpsm1, Gpsm3, Gpt, Gpx1, Gpx2, Gpx3, Gpx4, Gpx5, Gpx6, Gpx7, Gpx8, Gramd1a, Gramd1b, Gramd1c, Gramd4, Grap, Grap2, Grb10, Grb14, Grb2, Grb7, Grem1, Grem2, Gria1, Gria2, Gria3, Gria4, Grid2, Grid2ip, Grik1, Grik2, Grik3, Grik5, Grin1, Grin2a, Grin2b, Grin2c, Grin2d, Grin3a, Grin3b, Grina, Grip1, Grip2, Grk1, Grk2, Grk3, Grk4, Grk5, Grk6, Grm1, Grm2, Grm3, Grm4, Grm5, Grm6, Grm7, Grm8, Grn, Grp, Grpr, Gsc, Gsdma3, Gsdmd, Gsdme, Gsg1l, Gsk3a, Gsk3b, Gskip, Gsn, Gsr, Gsta1, Gsta13, Gsta2, Gsta3, Gsta4, Gsta5, Gstk1, Gstm1, Gstm2, Gstm3, Gstm4, Gstm5, Gstm6, Gstm7, Gsto1, Gsto2, Gstp-ps, Gstp1, Gstp2, Gstp3, Gstt1, Gsx2, Gtf2h1, Gtf2h2, Gtf2h3, Gtf2h4, Gtf2h5, Guca1a, Guca1b, Guca2b, Gucy1a1, Gucy1a2, Gucy1b1, Gucy1b2, Gucy2c, Gucy2d, Gucy2e, Gucy2f, Gucy2g, Guk1, Gzma, Gzmb, Gzmc, Gzmk, Gzmn, H13, H2-M3, H2ac25, H2aj, H2ax, H2az1, H2bc1, H2bc21, Habp4, Hacd3, Hadhb, Halr1, Hamp, Hamp2, Hand2, Hap1, Hapstr1, Has2, Haspin, Havcr2, Hax1, Hbb-b1, Hbegf, Hbp1, Hc, Hcar1, Hcar2, Hcfc1, Hcfc2, Hck, Hcls1, Hcn1, Hcn2, Hcn3, Hcn4, Hcrt, Hcrtr1, Hcrtr2, Hcst, Hdac1, Hdac10, Hdac2, Hdac3, Hdac4, Hdac5, Hdac6, Hdac7, Hdac8, Hdac9, Hdgf, Hdgfl2, Hdgfl3, Heg1, Helb, Hells, Helq, Herc2, Herc4, Herpud1, Herpud2, Hes1, Hes5, Hes7, Hesx1, Hexim1, Hey1, Hey2, Heyl, Hfe, Hgf, Hgs, Hhat, Hhex, Hhip, Hic1, Hif1a, Hif1an, Hif3a, Higd1a, Hikeshi, Hilpda, Hinfp, Hint1, Hip1, Hip1r, Hipk1, Hipk2, Hipk3, Hipk4, Hivep1, Hivep2, Hjv, Hk3, Hltf, Hm629797, Hmces, Hmga1, Hmga1b, Hmga2, Hmgb1, Hmgb2, Hmgcr, Hmgcs1, Hmgcs2, Hmgn1, Hmgn3, Hmox1, Hnf1a, Hnf1b, Hnf4a, Hnrnpa1, Hnrnpd, Hnrnpk, Hnrnpu, Homer1, Homer2, Homer3, Hormad1, Hoxa1, Hoxa13, Hoxa2, Hoxb3os, Hoxb9, Hoxd3, Hp, Hp1bp3, Hpca, Hpcal1, Hpcal4, Hpf1, Hpgd, Hpse, Hpx, Hras, Hrg, Hrh1, Hrh2, Hrh3, Hrh4, Hrk, Hrob, Hs1bp3, Hsbp1, Hsbp1l1, Hsd17b1, Hsd3b7, Hsf1, Hsf2bp, Hsf3, Hsh2d, Hsp90aa1, Hsp90ab1, Hsp90b1, Hspa1a, Hspa1b, Hspa5, Hspa8, Hspb1, Hspb8, Hspd1, Hspg2, Htatsf1, Htr1a, Htr1b, Htr1d, Htr1e, Htr1f, Htr2a, Htr2b, Htr2c, Htr3a, Htr3b, Htr4, Htr5a, Htr5b, Htr6, Htr7, Htra1, Htra2, Htra3, Htt, Hunk, Hus1, Hus1b, Huwe1, Hvcn1, Hyal1, Hyal2, Hyal3, Hyou1, Iapp, Icam1, Icmt, Icosl, Id1, Id2, Id3, Ide, Ier3, Ier5, Ierepo2, Iffo1, Ifi203, Ifi203-ps, Ifi204, Ifi206, Ifi207, Ifi208, Ifi209, Ifi213, Ifi214, Ifi27, Ifi27l2a, Ifi27l2b, Ifi35, Ifih1, Ifitm1, Ifitm2, Ifitm3, Ifitm6, Ifitm7, Ifna, Ifna1, Ifna11, Ifna12, Ifna13, Ifna14, Ifna15, Ifna16, Ifna2, Ifna4, Ifna5, Ifna6, Ifna7, Ifna9, Ifnab, Ifnar1, Ifnar2, Ifnb1, Ifne, Ifng, Ifngr1, Ifngr2, Ifnk, Ifnl2, Ifnl3, Ifnlr1, Ifnz, Ift122, Ift140, Ift172, Ift20, Ift25, Ift27, Ift46, Ift52, Ift56, Ift57, Ift74, Ift80, Ift81, Ift88, Igbp1, Igbp1b, Igf1, Igf1r, Igf2, Igf2bp1, Igf2r, Igfbp1, Igfbp2, Igfbp3, Igfbp4, Igfbp5, Igfbp6, Igfbp7, Igfbpl1, Igh-7, Ighe, Ighm, Igsf1, Igsf11, Igsf9b, Igtp, Ihh, Iigp1, Ik, Ikbkb, Ikbke, Ikbkg, Il10, Il10ra, Il10rb, Il11, Il11ra1, Il11ra2, Il11ra3, Il12a, Il12b, Il12rb1, Il12rb2, Il13, Il13ra1, Il13ra2, Il15, Il15ra, Il16, Il17a, Il17b, Il17c, Il17f, Il17ra, Il17rb, Il17rc, Il17rd, Il17re, Il18, Il18r1, Il18rap, Il19, Il1a, Il1b, Il1f10, Il1r1, Il1r2, Il1rap, Il1rapl1, Il1rapl2, Il1rl1, Il1rl2, Il1rn, Il2, Il20, Il20ra, Il20rb, Il21, Il21r, Il22, Il22b, Il22ra1, Il22ra2, Il23a, Il23r, Il24, Il25, Il27, Il27ra, Il2ra, Il2rb, Il2rg, Il3, Il31, Il31ra, Il33, Il34, Il36a, Il36b, Il36g, Il36rn, Il3ra, Il4, Il4ra, Il5, Il5ra, Il6, Il6ra, Il6st, Il7, Il7r, Il9, Il9r, Ilk, Ilkap, Immp2l, Impa1, Impa2, Impact, Inava, Inca1, Incenp, Ing1, Ing2, Ing3, Ing5, Inha, Inhba, Inhbb, Inhbc, Inhbe, Inip, Ino80, Ino80b, Ino80c, Ino80d, Inpp4b, Inpp5a, Inpp5b, Inpp5d, Inpp5e, Inpp5f, Inpp5k, Inppl1, Ins1, Ins2, Insig1, Insig2, Insl3, Insl5, Insl6, Insr, Insrr, Insyn1, Insyn2a, Ints3, Ints7, Ints9, Intu, Invs, Ip6k2, Ipo5, Iqce, Iqgap1, Iqgap2, Iqgap3, Iqschfp, Iqsec1, Iqsec2, Iqsec3, Iqub, Irag1, Irak1, Irak1bp1, Irak2, Irak3, Irak4, Ireb2, Irf1, Irf2, Irf3, Irf4, Irf5, Irf7, Irf8, Irgm1, Irgm2, Irs1, Irs2, Irs3, Irs4, Isg15, Isl1, Itch, Itfg2, Itga1, Itga10, Itga11, Itga2, Itga2b, Itga3, Itga4, Itga5, Itga6, Itga7, Itga8, Itga9, Itgad, Itgae, Itgal, Itgam, Itgav, Itgax, Itgb1, Itgb1bp1, Itgb2, Itgb2l, Itgb3, Itgb4, Itgb5, Itgb6, Itgb7, Itgb8, Itgbl1, Itk, Itm2c, Itpka, Itpkb, Itpkc, Itpr1, Itpr2, Itpr3, Itprip, Itsn1, Ivns1abp, Jade1, Jag1, Jag2, Jagn1, Jak1, Jak2, Jak3, Jam3, Jaml, Jcad, Jkamp, Jmjd6, Jmjd8, Jmy, Jpt2, Jrk, Jun, Junb, Jund, Jup, Kalrn, Kank1, Kank2, Kars1, Kash5, Kat2a, Kat2b, Kat5, Kat6a, Kat7, Kazald1, Kbtbd2, Kbtbd6, Kbtbd7, Kcna1, Kcna5, Kcnb1, Kcnc1, Kcnc2, Kcnd2, Kcne1, Kcne2, Kcnh1, Kcnh2, Kcnip1, Kcnip2, Kcnip3, Kcnip4, Kcnj1, Kcnj10, Kcnj11, Kcnj2, Kcnj8, Kcnk1, Kcnk13, Kcnk18, Kcnk2, Kcnk3, Kcnk4, Kcnk9, Kcnmb1, Kcnn4, Kcnq1, Kcnq2, Kcnq3, Kcp, Kctd10, Kctd11, Kctd12, Kctd12b, Kctd13, Kctd16, Kctd20, Kctd21, Kctd6, Kctd8, Kctd9, Kdm1a, Kdm2a, Kdm3a, Kdm3b, Kdm4c, Kdm4d, Kdm5d, Kdm6a, Kdm6b, Kdm8, Kdr, Keap1, Khdc3, Khdrbs1, Kics2, Kidins220, Kif14, Kif16b, Kif18a, Kif22, Kif26a, Kif3a, Kif5b, Kif7, Kin, Kir3dl1, Kir3dl2, Kiss1, Kiss1r, Kit, Kitl, Kl, Klb, Klf10, Klf11, Klf14, Klf15, Klf16, Klf2, Klf3, Klf4, Klf5, Klf6, Klf7, Klf9, Klhdc10, Klhl12, Klhl15, Klhl22, Klhl31, Klhl6, Klk14, Klk1b3, Klk1b4, Klk5, Klk6, Klrc1, Klrc2, Klrc3, Klrd1, Klre1, Klrg1, Klrh1, Klri1, Klri2, Klrk1, Kmo, Kmt2d, Kmt2e, Kmt5a, Kmt5b, Kmt5c, Kndc1, Knl1, Kntc1, Kpna1, Kpna2, Kptn, Kras, Kremen1, Kremen2, Krt10, Krt13, Krt18, Krt19, Krt20, Krt6a, Krt8, Krtap21-1, Ksr1, Ksr2, L1cam, Lacc1, Lag3, Lair1, Lama1, Lama2, Lama5, Lamb1, Lamb2, Lamc1, Lamp1, Lamp2, Lamtor1, Lamtor2, Lamtor3, Lamtor4, Lamtor5, Lancl1, Lancl2, Laptm5, Large1, Larp1, Lars1, Lat, Lat2, Lats1, Lats2, Lax1, Lbh, Lbp, Lbx2, Lce1d, Lck, Lcmt1, Lcn2, Lcor, Lcp1, Lcp2, Ldb1, Ldlr, Ldlrad4, Ldoc1, Lect2, Lef1, Lefty1, Lefty2, Lemd2, Lemd3, Leo1, Lep, Lepr, Leprot, Leprotl1, Letm1, Lfng, Lgals1, Lgals12, Lgals3, Lgals9, Lgmn, Lgr4, Lgr5, Lgr6, Lhb, Lhcgr, Lif, Lifr, Lig1, Lig3, Lig4, Lilra5, Lilra6, Lilrb4a, Lilrb4b, Limd1, Lime1, Lims1, Lims2, Lin28a, Lingo1, Lipa, Lipe, Litaf, Llgl1, Llgl2, Lmbr1, Lmbr1l, Lmbrd2, Lmcd1, Lmna, Lmnb1, Lmo3, Lmtk2, Lmx1a, Lncbate10, Lnclep, Lonp1, Lox, Loxl3, Lpar1, Lpar2, Lpar3, Lpar4, Lpar5, Lpar6, Lpcat3, Lpin1, Lpin2, Lpin3, Lpl, Lpo, Lpxn, Lrba, Lrch4, Lrg1, Lrig2, Lrit3, Lrp1, Lrp2, Lrp4, Lrp5, Lrp6, Lrp8, Lrpap1, Lrr1, Lrrc10b, Lrrc14, Lrrc19, Lrrc2, Lrrc30, Lrrc32, Lrrc39, Lrrc40, Lrrc55os, Lrrc58, Lrrc63, Lrrc69, Lrrc8a, Lrrc8b, Lrrc8c, Lrrc8d, Lrrc8e, Lrrd1, Lrrfip2, Lrriq4, Lrrk1, Lrrk2, Lsm14a, Lsp1, Lta, Ltb, Ltb4r1, Ltb4r2, Ltbp1, Ltbp3, Ltbp4, Ltbr, Ltf, Ltk, Lurap1, Lurap1l, Ly6a, Ly6c1, Ly6c2, Ly6e, Ly6f, Ly6g, Ly6g2, Ly6g6d, Ly6g6e, Ly6g6g, Ly6h, Ly6i, Ly6m, Ly86, Ly96, Lyn, Lynx1, Lypd1, Lypd10, Lypd11, Lypd6, Lyplal1, Lyst, Lztr1, Lzts2, Macf1, Maco1, Macrod1, Macrod2, Macroh2a1, Mad1l1, Mad2l1, Mad2l1bp, Mad2l2, Madcam1, Madd, Mael, Mag, Maged1, Magi1, Magi2, Magi3, Majin, Mak, Mal, Malt1, Maml1, Maml2, Maml3, Man1a, Man1a2, Man1b1, Man1c1, Manf, Maoa, Map1b, Map1lc3a, Map1lc3b, Map2k1, Map2k2, Map2k3, Map2k4, Map2k5, Map2k6, Map2k7, Map3k1, Map3k10, Map3k11, Map3k12, Map3k13, Map3k14, Map3k15, Map3k19, Map3k2, Map3k20, Map3k21, Map3k3, Map3k4, Map3k5, Map3k6, Map3k7, Map3k8, Map3k9, Map4k1, Map4k2, Map4k3, Map4k4, Map4k5, Mapk1, Mapk10, Mapk11, Mapk12, Mapk13, Mapk14, Mapk15, Mapk3, Mapk4, Mapk6, Mapk7, Mapk8, Mapk8ip1, Mapk8ip2, Mapk8ip3, Mapk9, Mapkap1, Mapkapk2, Mapkapk3, Mapkapk5, Mapkbp1, Mapre2, Mapt, Marchf6, Marchf7, Marcks, Marco, Marf1, Mark1, Mark2, Mark3, Mark4, Marveld3, Mas1, Mast1, Mast2, Mast3, Mast4, Mastl, Mat2a, Matn2, Mavs, Max, Maz, Mb, Mbd2, Mbd4, Mbd5, Mbip, Mbl2, Mbp, Mbtd1, Mbtps1, Mbtps2, Mc1r, Mc2r, Mc3r, Mc4r, Mc5r, Mcc, Mcf2l, Mchr1, Mcl1, Mcm10, Mcm2, Mcm3, Mcm4, Mcm5, Mcm6, Mcm7, Mcm8, Mcm9, Mcmdc2, Mcoln1, Mcpt1, Mcrs1, Mcts1, Mcu, Mdc1, Mdfi, Mdfic, Mdfic2, Mdk, Mdm2, Mdm4, Meaf6, Meak7, Mecom, Mecp2, Med1, Med12, Mef2a, Mef2c, Mefv, Megf8, Meiob, Meioc, Meiosin, Meis3, Melk, Men1, Mertk, Mesd, Mesp1, Mesp2, Met, Metrnl, Mettl1, Mettl21c, Mettl3, Mexis, Mfap4, Mff, Mfhas1, Mfn2, Mfng, Mfsd2a, Mfsd2b, Mfsd8, Mgarp, Mgat3, Mgat5, Mgll, Mgme1, Mgmt, Mgrn1, Mgst1, Mgst2, Mgst3, Mia, Mia3, Mib1, Mib2, Micu1, Micu2, Micu3, Mid1, Mid2, Mief1, Mif, Mill1, Minar1, Mink1, Mios, Mir100, Mir101a, Mir101b, Mir103-1, Mir103-2, Mir106a, Mir106b, Mir107, Mir10a, Mir10b, Mir1192, Mir1198, Mir122, Mir1224, Mir125a, Mir125b-1, Mir125b-2, Mir126a, Mir130a, Mir132, Mir134, Mir135a-1, Mir135a-2, Mir135b, Mir137, Mir139, Mir140, Mir142, Mir143, Mir145a, Mir145b, Mir146, Mir146b, Mir147, Mir148a, Mir148b, Mir150, Mir151, Mir152, Mir154, Mir155, Mir15a, Mir15b, Mir16-1, Mir16-2, Mir17, Mir18, Mir181a-1, Mir181a-2, Mir181b-1, Mir181b-2, Mir181c, Mir181d, Mir182, Mir183, Mir184, Mir185, Mir1894, Mir1895, Mir1897, Mir191, Mir192, Mir193a, Mir194-1, Mir194-2, Mir1948, Mir195a, Mir196a-1, Mir196a-2, Mir1983, Mir199a-1, Mir199a-2, Mir199b, Mir1a-1, Mir1a-2, Mir200a, Mir200b, Mir200c, Mir202, Mir203, Mir204, Mir205, Mir206, Mir207, Mir208a, Mir208b, Mir20a, Mir20b, Mir210, Mir214, Mir216b, Mir217, Mir218, Mir218-1, Mir218-2, Mir21a, Mir22, Mir221, Mir222, Mir223, Mir224, Mir23a, Mir23b, Mir24-1, Mir24-2, Mir25, Mir26a-1, Mir26a-2, Mir26b, Mir27a, Mir27b, Mir290a, Mir293, Mir296, Mir297-1, Mir29a, Mir29b-1, Mir29b-2, Mir29c, Mir300, Mir301, Mir3072, Mir3092, Mir3099, Mir30a, Mir30b, Mir30c-1, Mir30c-2, Mir30d, Mir30e, Mir31, Mir32, Mir320, Mir322, Mir323, Mir327, Mir329, Mir330, Mir331, Mir337, Mir339, Mir342, Mir345, Mir346, Mir3473c, Mir34a, Mir34c, Mir350, Mir351, Mir362, Mir365-1, Mir365-2, Mir369, Mir376a, Mir376b, Mir376c, Mir377, Mir378a, Mir379, Mir381, Mir382, Mir383, Mir409, Mir410, Mir421, Mir423, Mir425, Mir429, Mir431, Mir433, Mir434, Mir451a, Mir455, Mir466, Mir466f-1, Mir466f-2, Mir466f-3, Mir466f-4, Mir466g, Mir466h, Mir466i, Mir466j, Mir467d, Mir484, Mir486, Mir487b, Mir491, Mir493, Mir494, Mir495, Mir496a, Mir499, Mir500, Mir501, Mir504, Mir511, Mir5128, Mir532, Mir539, Mir543, Mir544, Mir5621, Mir574, Mir598, Mir615, Mir652, Mir654, Mir665, Mir666, Mir667, Mir668, Mir669c, Mir669f, Mir672, Mir674, Mir675, Mir676, Mir690, Mir691, Mir695, Mir7-1, Mir7-2, Mir708, Mir709, Mir7116, Mir714, Mir744, Mir760, Mir762, Mir7b, Mir802, Mir872, Mir874, Mir875, Mir9-1, Mir9-2, Mir9-3, Mir92-1, Mir92-2, Mir92b, Mir93, Mir98, Mir99a, Mirlet7a-1, Mirlet7a-2, Mirlet7b, Mirlet7d, Mirlet7e, Mirlet7f-1, Mirlet7f-2, Mirlet7g, Mirlet7i, Mitf, Mkks, Mknk1, Mknk2, Mkrn2, Mks1, Mkx, Mlc1, Mlf1, Mlh1, Mlh3, Mlkl, Mllt11, Mllt3, Mlst8, Mlx, Mlxipl, Mmd2, Mme, Mmp12, Mmp14, Mmp1a, Mmp1b, Mmp2, Mmp28, Mmp3, Mmp8, Mmp9, Mmrn1, Mmrn2, Mms19, Mms22l, Mn1, Mnat1, Mndal, Mnt, Moap1, Mob1a, Mob1b, Mob2, Mob3a, Mob3b, Mob3c, Mob4, Mog, Mok, Morc2a, Morc2b, Morc3, Morf4l1, Morf4l2, Morn3, Mos, Mosmo, Mospd2, Mpc2, Mpg, Mpig6b, Mpl, Mpnd, Mpo, Mpp1, Mpp2, Mpv17, Mpv17l, Mrap, Mrap2, Mras, Mrc1, Mre11a, Mrgbp, Mrgpra1, Mrgpra2a, Mrgpra2b, Mrgpra3, Mrgpra4, Mrgpra5, Mrgpra6, Mrgpra7, Mrgpra8, Mrgpra9, Mrgprb1, Mrgprb2, Mrgprb3, Mrgprb4, Mrgprb5, Mrgprb8, Mrgprd, Mrgpre, Mrgprf, Mrgprg, Mrgprh, Mrgprx1, Mrgprx2, Mrnip, Mroh2b, Mrtfa, Ms4a1, Ms4a10, Ms4a12, Ms4a13, Ms4a14, Ms4a15, Ms4a18, Ms4a19, Ms4a2, Ms4a5, Ms4a6b, Ms4a6c, Ms4a6d, Ms4a7, Ms4a8a, Msh2, Msh3, Msh4, Msh5, Msh6, Msl2, Msmp, Msn, Msra, Mst1, Mst1r, Mstn, Msx1, Msx2, mt-Nd3, Mt1, Mt2, Mt3, Mt4, Mta1, Mtarc1, Mtarc2, Mtbp, Mtch2, Mtcl2, Mtcp1, Mtdh, Mtf1, Mtm1, Mtmr2, Mtmr3, Mtmr4, Mtnr1a, Mtnr1b, Mtor, Mtpn, Mtr, Mtrex, Mtss1, Mturn, Mtus1, Muc1, Muc19, Muc20, Mul1, Mup1, Mup11, Mup2, Mup20, Mup3, Mup4, Mup5, Mus81, Musk, Mutyh, Mvb12a, Mvb12b, Mvp, Myadm, Mybbp1a, Myc, Myd88, Mydgf, Myh13, Myh7b, Myh9, Mylip, Mylk, Mylk2, Mylk3, Mylk4, Myo16, Myo18a, Myo1c, Myo1e, Myo1g, Myo5a, Myo6, Myo9a, Myo9b, Myoc, Myocd, Myod1, Myof, Myog, Myom1, Myorg, Myoz1, Myoz2, Myt1, Myzap, Mzb1, N4bp1, N6amt1, Nabp1, Nabp2, Nacc2, Nadk, Nae1, Nagk, Naglu, Naip1, Naip2, Naip5, Naip6, Naip7, Nampt, Nanog, Nanos3, Nbl1, Nbn, Nbr1, Ncald, Ncam1, Nccrp1, Nceh1, Ncf2, Nck1, Nck2, Nckap1, Nckap1l, Ncl, Ncln, Ncoa1, Ncoa2, Ncoa3, Ncoa5, Ncoa6, Ncoa7, Ncor1, Ncor2, Ncr1, Ncr3-ps, Ncs1, Ncstn, Ndc80, Ndel1, Ndn, Ndnf, Ndp, Ndrg1, Ndrg2, Ndrg3, Ndrg4, Ndst1, Ndufa13, Ndufaf2, Ndufc2, Ndufs2, Ndufs3, Ndufs4, Ndufs6, Necab2, Nectin2, Nedd4, Nedd9, Nefh, Nefl, Negr1, Neil1, Neil2, Neil3, Nek1, Nek10, Nek11, Nek4, Nek7, Nek8, Nelfe, Nenf, Neo1, Nepn, Nepro, Net1, Neto1, Neu3, Neurl1a, Neurl1b, Neurl2, Neurl4, Neurod1, Neurod2, Neurod4, Nf1, Nf2, Nfam1, Nfat5, Nfatc1, Nfatc2, Nfatc3, Nfatc4, Nfe2l1, Nfe2l2, Nfia, Nfix, Nfkb1, Nfkb2, Nfkbia, Nfkbib, Nfkbid, Nfkbil1, Nfkbiz, Nfrkb, Ngb, Ngef, Ngf, Ngfr, Ngly1, Nhej1, Nherf1, Nherf2, Nherf4, Nhlrc1, Niban1, Nid1, Nim1k, Ninj1, Nipbl, Nisch, Nkap, Nkd1, Nkd2, Nkg7, Nkiras1, Nkiras2, Nkx2-1, Nkx2-2, Nkx2-5, Nkx3-1, Nkx6-1, Nle1, Nlgn1, Nlgn2, Nlgn3, Nlgn4l, Nlk, Nlrc3, Nlrc5, Nlrp12, Nlrp1a, Nlrp1b, Nlrp3, Nlrp6, Nlrx1, Nmb, Nmbr, Nme2, Nme3, Nme5, Nme8, Nmi, Nmnat1, Nms, Nmu, Nmur1, Nmur2, Nnt, Noc2l, Nod1, Nod2, Nodal, Nog, Nol3, Nono, Nop2, Nop53, Nos1, Nos2, Nos3, Nostrin, Notch1, Notch2, Notch3, Notch4, Notum, Nox1, Nox4, Npas2, Npas4, Npb, Npbwr1, Npc1, Npc1l1, Npepps, Npff, Npffr1, Npffr2, Nphp3, Nphp4, Nphs1, Nploc4, Npm1, Npnt, Nppa, Nppb, Nppc, Npr1, Npr2, Npr3, Nprl2, Nprl3, Nps, Npsr1, Nptn, Nptx1, Npvf, Npw, Npy, Npy1r, Npy2r, Npy4r, Npy5r, Npy6r, Nqo1, Nqo2, Nr0b1, Nr0b2, Nr1d1, Nr1d2, Nr1h2, Nr1h3, Nr1h4, Nr1h5, Nr1i2, Nr1i3, Nr2c1, Nr2c2, Nr2f2, Nr3c1, Nr3c2, Nr4a1, Nr4a2, Nr4a3, Nr5a1, Nr5a2, Nradd, Nrarp, Nras, Nrbf2, Nrbp1, Nrbp2, Nrde2, Nrep, Nrg1, Nrg2, Nrg3, Nrg4, Nrgn, Nrip1, Nrip2, Nrk, Nron, Nrp1, Nrp2, Nrros, Nrtn, Nrxn1, Nrxn2, Nscme3l, Nsd2, Nsdhl, Nsmaf, Nsmce1, Nsmce2, Nsmce3, Nsmce4a, Nsmf, Nsun2, Ntf3, Ntf5, Nthl1, Ntn1, Ntrk1, Ntrk2, Ntrk3, Nts, Ntsr1, Ntsr2, Nuak1, Nuak2, Nucb1, Nucb2, Nucks1, Nudt1, Nudt15, Nudt16l1, Nuf2, Nuggc, Numa1, Numbl, Nup62, Nup85, Nup93, Nupr1, Nupr2, Nus1, Nxn, Nyap1, Nyap2, Oard1, Oas1a, Oas1b, Oas1c, Oas1d, Oas1e, Oas1f, Oas1g, Oas1h, Oas2, Oas3, Oasl1, Oasl2, Oaz1, Obox4, Obp2a, Obscn, Ocrl, Ocstamp, Ofd1, Ogg1, Ogn, Ogt, Olfm1, Olfm2, Olfm3, Olfm4, Olfm5, Olfml2a, Olfml2b, Olfml3, Olfr100, Olfr1060-ps1, Olfr197, Olfr255, Olfr256, Olfr363-ps, Olfr908, Oma1, Omg, Omp, Onecut1, Onecut2, Ooep, Opa1, Ophn1, Opn1mw, Opn1sw, Opn3, Opn4, Opn5, Oprd1, Oprk1, Oprl1, Oprm1, Optn, Or10a2, Or10a3, Or10a3b, Or10a3m, Or10a3n, Or10a4, Or10a48, Or10a49, Or10a5, Or10aa1, Or10aa3, Or10ab4, Or10ab5, Or10ad1, Or10ad1b, Or10ad1c, Or10ag2, Or10ag52, Or10ag53, Or10ag56, Or10ag57, Or10ag58, Or10ag59, Or10ag60, Or10ak11, Or10ak13, Or10ak14, Or10ak16, Or10ak7, Or10ak8, Or10ak9, Or10al2, Or10al3, Or10al4, Or10al5, Or10al6, Or10al7, Or10am5, Or10b1, Or10c1, Or10d1, Or10d1b, Or10d1c, Or10d3, Or10d4, Or10d4b, Or10d4c, Or10d5, Or10d5j, Or10g1, Or10g1b, Or10g3, Or10g3b, Or10g6, Or10g7, Or10g9, Or10g9b, Or10h1, Or10h1b, Or10h28, Or10j27, Or10j3, Or10j3b, Or10j5, Or10j7, Or10k2, Or10n1, Or10p1, Or10p21, Or10p22, Or10q1, Or10q12, Or10q1b, Or10q3, Or10s1, Or10u3, Or10u4, Or10v1, Or10v5, Or10v9, Or10w1, Or10x1, Or10x4, Or10z1, Or11a4, Or11g1, Or11g2, Or11g24, Or11g25, Or11g26, Or11g27, Or11g7, Or11h23, Or11h4, Or11h4b, Or11h6, Or11h7, Or11i1, Or11j4, Or11l3, Or11m3, Or11n2, Or11q2, Or12d12, Or12d13, Or12d17, Or12d2, Or12e1, Or12e10, Or12e13, Or12e7, Or12e8, Or12e9, Or12j2, Or12j3, Or12j4, Or12j5, Or12k5, Or12k7, Or12k8, Or13a1, Or13a17, Or13a18, Or13a19, Or13a20, Or13a21, Or13a22, Or13a24, Or13a25, Or13a26, Or13a27, Or13a28, Or13ae2, Or13c25, Or13c3, Or13c7, Or13c7b, Or13c7c, Or13c7d, Or13d1, Or13e8, Or13f5, Or13g1, Or13j1, Or13l2, Or13n4, Or13p10, Or13p3, Or13p4, Or13p5, Or13p8, Or14a256, Or14a257, Or14a258, Or14a259, Or14a260, Or14c39, Or14c40, Or14c41, Or14c43, Or14c44, Or14c45, Or14c46, Or14j1, Or14j10, Or14j2, Or14j3, Or14j4, Or14j5, Or14j6, Or14j7, Or14j8, Or14j9, Or1a1, Or1a1b, Or1aa2, Or1ab2, Or1ad1, Or1ad6, Or1ad8, Or1af1, Or1ak2, Or1b1, Or1d2, Or1e1, Or1e16, Or1e17, Or1e19, Or1e1c, Or1e1f, Or1e21, Or1e22, Or1e23, Or1e25, Or1e26, Or1e29, Or1e30, Or1e31, Or1e32, Or1e33, Or1e34, Or1e35, Or1f12, Or1f19, Or1i2, Or1j1, Or1j10, Or1j11, Or1j12, Or1j13, Or1j14, Or1j15, Or1j16, Or1j17, Or1j18, Or1j19, Or1j20, Or1j21, Or1j4, Or1j8, Or1l4, Or1l4b, Or1l8, Or1m1, Or1n1, Or1n1b, Or1n2, Or1o1, Or1o11, Or1o2, Or1o3, Or1o4, Or1p1, Or1p1c, Or1q1, Or1r1, Or1s2, Or1x2, Or1x6, Or2a12, Or2a20, Or2a25, Or2a5, Or2a51, Or2a52, Or2a54, Or2a56, Or2a57, Or2a7, Or2aa1, Or2ab1, Or2ad1, Or2ag1, Or2ag12, Or2ag13, Or2ag15, Or2ag16, Or2ag17, Or2ag18, Or2ag19, Or2ag1b, Or2ag2, Or2ag20, Or2ag2b, Or2ah1, Or2aj4, Or2aj5, Or2aj6, Or2ak4, Or2ak5, Or2ak6, Or2ak7, Or2at1, Or2at4, Or2av9, Or2b11, Or2b2, Or2b28, Or2b2b, Or2b4, Or2b6, Or2b7, Or2bd2, Or2c1, Or2d2, Or2d3, Or2d36, Or2d4, Or2f1, Or2f1b, Or2f2, Or2g1, Or2g25, Or2g7, Or2h1, Or2h15, Or2h1b, Or2h2, Or2h2c, Or2i1, Or2j3, Or2j6, Or2k2, Or2l13, Or2l13b, Or2l5, Or2m12, Or2m13, Or2n1, Or2n1b, Or2n1c, Or2n1d, Or2n1e, Or2o1, Or2p2, Or2q1, Or2r11, Or2r2, Or2r3, Or2t1, Or2t26, Or2t29, Or2t43, Or2t44, Or2t45, Or2t46, Or2t47, Or2t48, Or2t49, Or2t6, Or2v1, Or2v2, Or2w2, Or2w25, Or2w3, Or2w3b, Or2w4, Or2w6, Or2y1, Or2y10, Or2y11, Or2y12, Or2y13, Or2y14, Or2y15, Or2y16, Or2y17, Or2y1b, Or2y1c, Or2y1d, Or2y1e, Or2y1f, Or2y1g, Or2y3, Or2y6, Or2y8, Or2z2, Or2z8, Or2z9, Or3a1, Or3a10, Or3a1b, Or3a1c, Or3a1d, Or3a4, Or4a15, Or4a2, Or4a27, Or4a39, Or4a47, Or4a66, Or4a67, Or4a68, Or4a69, Or4a70, Or4a71, Or4a72, Or4a73, Or4a74, Or4a75, Or4a76, Or4a77, Or4a78, Or4a79, Or4a81, Or4b1, Or4b12, Or4b13, Or4b1b, Or4b1c, Or4b1d, Or4c1, Or4c10, Or4c100, Or4c101, Or4c102, Or4c103, Or4c104, Or4c105, Or4c106, Or4c107, Or4c108, Or4c109, Or4c10b, Or4c11, Or4c110, Or4c111, Or4c112, Or4c113, Or4c114, Or4c115, Or4c116, Or4c117, Or4c118, Or4c11b, Or4c11c, Or4c12, Or4c120, Or4c121, Or4c122, Or4c123, Or4c124, Or4c125, Or4c126, Or4c127, Or4c12b, Or4c15, Or4c15b, Or4c29, Or4c3, Or4c31, Or4c35, Or4c3d, Or4c52, Or4c58, Or4d1, Or4d10, Or4d10b, Or4d10c, Or4d11, Or4d2, Or4d2b, Or4d5, Or4d6, Or4e1, Or4e2, Or4e5, Or4f14, Or4f14b, Or4f14d, Or4f15, Or4f17, Or4f47, Or4f4b, Or4f52, Or4f53, Or4f54, Or4f56, Or4f57, Or4f58, Or4f59, Or4f6, Or4f60, Or4f61, Or4f62, Or4f7, Or4g16, Or4g17, Or4g7, Or4k1, Or4k15, Or4k15b, Or4k15c, Or4k2, Or4k35, Or4k36, Or4k37, Or4k38, Or4k39, Or4k40, Or4k41, Or4k42, Or4k44, Or4k45, Or4k47, Or4k48, Or4k49, Or4k5, Or4k51, Or4k52, Or4k6, Or4k77, Or4l1, Or4l15, Or4m1, Or4n4, Or4n4b, Or4n5, Or4p18, Or4p19, Or4p20, Or4p22, Or4p23, Or4p7, Or4p8, Or4q3, Or4s2b, Or4x11, Or4x13, Or4x15, Or4x6, Or4z4, Or51a10, Or51a24, Or51a25, Or51a39, Or51a42, Or51a43, Or51a5, Or51a6, Or51a7, Or51a8, Or51aa2, Or51aa5, Or51ab3, Or51ac3, Or51af1, Or51ag1, Or51ah3, Or51ai2, Or51b17, Or51b4, Or51b6, Or51b6b, Or51d1, Or51e1, Or51e2, Or51f1, Or51f1d, Or51f1e, Or51f2, Or51f23, Or51f23b, Or51f5, Or51g1, Or51g2, Or51h1, Or51h5, Or51i1, Or51i2, Or51k1, Or51k2, Or51l14, Or51l4, Or51m1, Or51q1, Or51q1c, Or51r1, Or51s1, Or51t4, Or51v14, Or51v8, Or52a20, Or52a24, Or52a33, Or52a5, Or52a5b, Or52ab2, Or52ab4, Or52ab7, Or52ac1, Or52ad1, Or52ae7, Or52ae9, Or52b1, Or52b2, Or52b3, Or52b4, Or52d1, Or52d13, Or52d3, Or52e15, Or52e18, Or52e19b, Or52e2, Or52e3, Or52e4, Or52e5, Or52e7, Or52e8, Or52e8b, Or52h1, Or52h2, Or52h7, Or52h9, Or52i2, Or52j3, Or52k2, Or52l1, Or52m1, Or52m2, Or52n1, Or52n2, Or52n20, Or52n2b, Or52n2c, Or52n3, Or52n4, Or52n4b, Or52n5, Or52p1, Or52p2, Or52r1, Or52r1b, Or52r1c, Or52s1, Or52s19, Or52s1b, Or52s6, Or52u1, Or52w1, Or52x1, Or52z1, Or52z12, Or52z13, Or52z14, Or55b10, Or55b3, Or55b4, Or56a3, Or56a3b, Or56a4, Or56a5, Or56b1, Or56b1b, Or56b2, Or56b2j, Or56b34, Or56b35, Or56b6, Or5a1, Or5a3, Or5ac15, Or5ac16, Or5ac17, Or5ac19, Or5ac20, Or5ac21, Or5ac22, Or5ac23, Or5ac24, Or5ac25, Or5ae1, Or5ae2, Or5af1, Or5af2, Or5ak20, Or5ak22, Or5ak23, Or5ak24, Or5ak25, Or5ak4, Or5al1, Or5al5, Or5al6, Or5al7, Or5an1, Or5an10, Or5an11, Or5an1b, Or5an1c, Or5an6, Or5an9, Or5ap2, Or5aq1, Or5aq1b, Or5aq6, Or5aq7, Or5ar1, Or5as1, Or5au1, Or5b101, Or5b102, Or5b104, Or5b105, Or5b106, Or5b107, Or5b108, Or5b109, Or5b111, Or5b112, Or5b113, Or5b116, Or5b117, Or5b118, Or5b119, Or5b12, Or5b120, Or5b121, Or5b122, Or5b123, Or5b124, Or5b12b, Or5b21, Or5b24, Or5b3, Or5b94, Or5b95, Or5b96, Or5b97, Or5b98, Or5b99, Or5bb10, Or5be3, Or5bh3, Or5bw2, Or5c1, Or5d14, Or5d16, Or5d18, Or5d20, Or5d3, Or5d35, Or5d36, Or5d37, Or5d38, Or5d39, Or5d40, Or5d41, Or5d43, Or5d44, Or5d45, Or5d46, Or5d47, Or5e1, Or5g23, Or5g25, Or5g26, Or5g27, Or5g29, Or5g9, Or5h17, Or5h18, Or5h19, Or5h22, Or5h23, Or5h24-ps1, Or5h25, Or5h26, Or5i1, Or5j1, Or5j3, Or5k1, Or5k14, Or5k15, Or5k16, Or5k17, Or5k1b, Or5k3, Or5l13, Or5l14, Or5m10, Or5m10b, Or5m11b, Or5m12, Or5m13, Or5m13b, Or5m3, Or5m3b, Or5m5, Or5m8, Or5m9, Or5m9b, Or5o1, Or5p1, Or5p4, Or5p5, Or5p50, Or5p51, Or5p52, Or5p53, Or5p54, Or5p55, Or5p56, Or5p57, Or5p58, Or5p59, Or5p5c-ps1, Or5p6, Or5p60, Or5p61, Or5p62, Or5p63, Or5p64, Or5p66, Or5p67, Or5p68, Or5p69, Or5p70, Or5p72, Or5p73, Or5p76, Or5p78, Or5p79, Or5p80, Or5p81, Or5t15, Or5t16, Or5t17, Or5t18, Or5t5, Or5t7, Or5t9, Or5v1, Or5v1b, Or5w1, Or5w10, Or5w11, Or5w12, Or5w13, Or5w14, Or5w15, Or5w16, Or5w17, Or5w18, Or5w19, Or5w1b, Or5w20, Or5w22, Or5w8, Or6a2, Or6aa1, Or6ae1, Or6b1, Or6b13, Or6b2, Or6b2b, Or6b3, Or6b6, Or6b9, Or6c1, Or6c1b, Or6c2, Or6c200-ps1, Or6c201, Or6c202, Or6c203, Or6c205, Or6c206, Or6c207, Or6c208, Or6c209, Or6c210, Or6c211, Or6c212, Or6c213, Or6c214, Or6c215, Or6c216, Or6c217, Or6c219, Or6c2b, Or6c3, Or6c33, Or6c35, Or6c38, Or6c3b, Or6c5, Or6c5c, Or6c6, Or6c63-ps1, Or6c65, Or6c66, Or6c66b, Or6c68, Or6c69, Or6c69b, Or6c69c, Or6c6b, Or6c6c, Or6c70, Or6c74, Or6c75, Or6c76, Or6c76b, Or6c8, Or6c88, Or6c8b, Or6d12, Or6d13, Or6d14, Or6d15, Or6e1, Or6f1, Or6f2, Or6k14, Or6k2, Or6k4, Or6k6, Or6k8, Or6n1, Or6n2, Or6p1, Or6s1, Or6x1, Or6y1, Or6z1, Or6z3, Or6z5, Or6z6, Or6z7, Or7a35, Or7a36, Or7a37, Or7a38, Or7a39, Or7a40, Or7a41, Or7a42, Or7c19, Or7c70, Or7d10, Or7d11, Or7d9, Or7e165, Or7e166, Or7e168, Or7e169, Or7e170, Or7e173, Or7e174, Or7e175, Or7e176, Or7e177, Or7e178, Or7g12, Or7g16, Or7g17, Or7g18, Or7g19, Or7g20, Or7g21, Or7g22, Or7g23, Or7g25, Or7g26, Or7g27, Or7g28, Or7g29, Or7g30, Or7g31, Or7g32, Or7g33, Or7g34, Or7g35, Or7h8, Or8a1, Or8a1b, Or8b1, Or8b101, Or8b12, Or8b12b, Or8b12c, Or8b12i, Or8b1b, Or8b1c, Or8b1d, Or8b3, Or8b35, Or8b36, Or8b37, Or8b38, Or8b39, Or8b3b, Or8b4, Or8b40, Or8b41, Or8b42, Or8b43, Or8b44, Or8b46, Or8b47, Or8b48, Or8b49, Or8b50, Or8b51, Or8b52, Or8b53, Or8b54, Or8b55, Or8b56, Or8b57, Or8b8, Or8b9, Or8c10, Or8c11, Or8c13, Or8c15, Or8c16, Or8c17, Or8c18, Or8c20, Or8c8, Or8c9, Or8d1, Or8d1b, Or8d2, Or8d23, Or8d2b, Or8d4, Or8d6, Or8g17, Or8g18, Or8g19, Or8g2, Or8g20, Or8g21, Or8g22, Or8g23, Or8g24, Or8g26, Or8g27, Or8g28, Or8g2b, Or8g30, Or8g32, Or8g33, Or8g34, Or8g35, Or8g36, Or8g37, Or8g4, Or8g50, Or8g51, Or8g52, Or8g53, Or8g54, Or8g55, Or8h10, Or8h6, Or8h7, Or8h8, Or8h9, Or8i2, Or8j3, Or8j3b, Or8j3c, Or8k1, Or8k16, Or8k17, Or8k18, Or8k20, Or8k22, Or8k23, Or8k24, Or8k25, Or8k27, Or8k28, Or8k3, Or8k30, Or8k32, Or8k33, Or8k35, Or8k37, Or8k38, Or8k39, Or8k3b, Or8k40, Or8k41, Or8k53, Or8s10, Or8s16, Or8s2, Or8s5, Or8s8, Or8u10, Or8u3, Or8u8, Or8u9, Or8w1, Or9a2, Or9a4, Or9a7, Or9e1, Or9g10, Or9g19, Or9g20, Or9g3, Or9g4, Or9g4b, Or9g8, Or9i1, Or9i14, Or9i16, Or9i1b, Or9i2, Or9k2, Or9k2b, Or9k7, Or9m1, Or9m1b, Or9m2, Or9q1, Or9q2, Or9r3, Or9r7, Or9s13, Or9s14, Or9s15, Or9s18, Or9s23, Or9s27, Orai1, Orc1, Os9, Osbp, Osbpl7, Osbpl8, Oscar, Oser1, Osgin1, Osm, Osmr, Osr1, Ostf1, Ostn, Otop1, Otub1, Otud3, Otud4, Otud5, Otud7b, Otulin, Ovol2, Oxct1, Oxgr1, Oxr1, Oxsr1, Oxt, Oxtr, P2rx1, P2rx2, P2rx3, P2rx4, P2rx5, P2rx6, P2rx7, P2ry1, P2ry10, P2ry10b, P2ry12, P2ry13, P2ry14, P2ry2, P2ry4, P2ry6, P3r3urf, P4hb, Pabir1, Pabpn1, Pacrg, Pacsin1, Pacsin2, Padi2, Paf1, Pafah1b1, Pag1, Pagr1a, Pak1, Pak1ip1, Pak2, Pak3, Pak4, Pak5, Pak6, Pakap, Palb2, Palm, Palm3, Pals1, Pam16, Pappa, Pappa2, Paqr3, Parg, Park7, Parl, Parp1, Parp10, Parp14, Parp16, Parp2, Parp3, Parp6, Parp8, Parp9, Parpbp, Parva, Pask, Pate4, Pawr, Pax2, Pax6, Pax8, Paxip1, Paxx, Pbk, Pbld1, Pbld2, Pbp2, Pbrm1, Pbxip1, Pcbp2, Pcgf2, Pcid2, Pck1, Pck2, Pclaf, Pclo, Pcna, Pcnt, Pcp2, Pcp4, Pcsk1n, Pcsk5, Pcsk9, Pdap1, Pdc, Pdcd10, Pdcd1lg2, Pdcd4, Pdcd5, Pdcd5-ps, Pdcd6, Pdcd7, Pdcl, Pdcl3, Pde10a, Pde11a, Pde12, Pde1a, Pde1b, Pde1c, Pde2a, Pde3a, Pde3b, Pde4a, Pde4b, Pde4c, Pde4d, Pde5a, Pde6a, Pde6b, Pde6c, Pde6d, Pde6g, Pde6h, Pde7a, Pde7b, Pde8a, Pde8b, Pde9a, Pdgfa, Pdgfb, Pdgfc, Pdgfd, Pdgfra, Pdgfrb, Pdia2, Pdia3, Pdia4, Pdia6, Pdk1, Pdk2, Pdk3, Pdk4, Pdp1, Pdp2, Pdpk1, Pdpn, Pds5a, Pds5b, Pdx1, Pdxp, Pdyn, Pea15a, Pea15b-ps, Pear1, Pebp1, Pecam1, Peg10, Peg12, Peli1, Peli2, Peli3, Pelo, Pelp1, Penk, Per1, Perp, Pex10, Pex11a, Pex11b, Pex12, Pex13, Pex14, Pex2, Pex5, Pex5l, Pf4, Pfdn5, Pgam2, Pgf, Pgk1, Pglyrp1, Pgr, Pgr15l, Phactr4, Phb1, Phb2, Phc1, Phex, Phf1, Phf10, Phf13, Phf14, Phf24, Phip, Phkg1, Phkg2, Phlda2, Phlda3, Phlpp1, Phlpp2, Phox2b, Phpt1, Pi4ka, Pi4kb, Pias1, Pias2, Pias3, Pias4, Pibf1, Picalm, Pick1, Pid1, Pidd1, Pierce1, Piezo1, Piezo2, Pif1, Pigbos1, Pigr, Pigu, Pih1d1, Pik3ap1, Pik3c2a, Pik3c2b, Pik3c2g, Pik3c3, Pik3ca, Pik3cb, Pik3cd, Pik3cg, Pik3ip1, Pik3r1, Pik3r2, Pik3r3, Pik3r4, Pik3r5, Pik3r6, Pikfyve, Pilra, Pim1, Pim2, Pim3, Pin1, Pin1rt1, Pink1, Pip4k2a, Pip4k2b, Pip4k2c, Pip4p1, Pip5k1a, Pira12, Pira13, Pira2, Pirb, Pitpnc1, Pitx2, Piwil4, Pja2, Pjvk, Pkd1, Pkd1l3, Pkd2, Pkd2l1, Pkhd1, Pkia, Pklr, Pkm, Pkn1, Pkn2, Pkn3, Pla2g2a, Pla2g4a, Pla2g4f, Pla2g5, Pla2g6, Pla2g7, Pla2r1, Plaa, Plaat1, Plagl2, Plat, Plau, Plaur, Plcb1, Plcb2, Plcb3, Plcb4, Plcd1, Plcd3, Plcd4, Plce1, Plcg1, Plcg2, Plch1, Plch2, Plcl1, Plcl2, Plcxd2, Plcxd3, Plcz1, Pld1, Pld2, Plec, Plek, Plek2, Plekha1, Plekha4, Plekhf1, Plekhg5, Plin1, Plin2, Plin3, Plin5, Plk1, Plk2, Plk3, Plk5, Pln, Plp1, Plpp1, Plpp2, Plpp3, Plppr1, Plppr2, Plppr3, Plppr4, Plppr5, Plscr1, Plscr2, Plscr3, Plscr4, Plvap, Plxna1, Plxna2, Plxna3, Plxna4, Plxnb1, Plxnb2, Plxnb3, Plxnc1, Plxnd1, Pmaip1, Pmch, Pmepa1, Pml, Pmp22, Pms1, Pms2, Pnck, Pnkp, Pnoc, Pnp, Pnpla2, Pnpla8, Pnpt1, Pofut1, Poglut1, Pogz, Pola1, Polb, Pold1, Pold2, Pold3, Pold4, Poldip2, Pole, Pole2, Pole3, Polg, Polg2, Polh, Poli, Polk, Poll, Polm, Poln, Polq, Polr2a, Polr2i, Pomc, Pon3, Por, Porcn, Postn, Pot1a, Pot1b, Potefam3a, Potefam3b, Pou1f1, Pou4f1, Pou4f2, Pp2d1, Ppan, Ppara, Ppard, Pparg, Ppargc1a, Ppargc1b, Ppbp, Ppdpf, Ppef2, Ppia, Ppib, Ppid, Ppif, Ppm1a, Ppm1b, Ppm1d, Ppm1e, Ppm1f, Ppm1g, Ppm1h, Ppm1j, Ppm1k, Ppm1l, Ppm1m, Ppm1n, Ppp1ca, Ppp1r10, Ppp1r12a, Ppp1r12b, Ppp1r12c, Ppp1r13b, Ppp1r14a, Ppp1r14c, Ppp1r15a, Ppp1r15b, Ppp1r16b, Ppp1r1a, Ppp1r1b, Ppp1r1c, Ppp1r2, Ppp1r9a, Ppp1r9b, Ppp2ca, Ppp2cb, Ppp2r1a, Ppp2r1b, Ppp2r3a, Ppp2r5a, Ppp2r5b, Ppp2r5c, Ppp2r5d, Ppp2r5e, Ppp3ca, Ppp3cb, Ppp3cc, Ppp3r1, Ppp3r2, Ppp4c, Ppp4r2, Ppp4r3a, Ppp4r3b, Ppp4r3c1, Ppp4r3c2, Ppp5c, Ppp6c, Ppp6r1, Ppp6r2, Ppp6r3, Ppt1, Ppy, Pqbp1, Prag1, Pram1, Pramel7, Prap1, Prcp, Prdm11, Prdm14, Prdm15, Prdm16, Prdm9, Prdx1, Prdx2, Prdx3, Prdx4, Prdx5, Prdx6, Prdx6b, Prelid1, Prelp, Prex1, Prex2, Prf1, Prickle1, Primpol, Prkaa1, Prkaa2, Prkab1, Prkab2, Prkaca, Prkacb, Prkag1, Prkag2, Prkag3, Prkar1a, Prkar1b, Prkar2a, Prkar2b, Prkca, Prkcb, Prkcd, Prkce, Prkcg, Prkch, Prkci, Prkcq, Prkcz, Prkd1, Prkd2, Prkd3, Prkdc, Prkg1, Prkg2, Prkn, Prkra, Prkx, Prl, Prl2a1, Prl2b1, Prl2c1, Prl2c2, Prl2c3, Prl2c5, Prl3a1, Prl3b1, Prl3c1, Prl3d1, Prl3d2, Prl3d3, Prl4a1, Prl5a1, Prl6a1, Prl7a1, Prl7a2, Prl7b1, Prl7c1, Prl7d1, Prl8a1, Prl8a2, Prl8a6, Prl8a8, Prl8a9, Prlh, Prlhr, Prlr, Prmt1, Prmt2, Prmt5, Prmt6, Prnp, Prodh, Prok1, Prok2, Prokr1, Prokr2, Pros1, Prox1, Prpf19, Prpf4b, Prpf8, Prr5, Prr5l, Prr7, Prrt1, Prrx1, Prrx2, Prss33, Prxl2a, Prxl2b, Prxl2c, Psap, Psapl1, Psca, Psd, Psd2, Psd3, Psd4, Psen1, Psen2, Psenen, Psg18, Psg22, Psg29, Psmc6, Psmd10, Psmd14, Psme3, Psme4, Psmg2, Pspn, Ptafr, Ptbp1, Ptch1, Ptch2, Ptchd1, Pten, Ptf1a, Ptgdr, Ptgdr2, Ptger1, Ptger2, Ptger3, Ptger4, Ptges, Ptges3, Ptgfr, Ptgir, Ptgis, Ptgs1, Ptgs2, Ptgs2os, Pth, Pth1r, Pth2, Pth2r, Pthlh, Ptk2, Ptk2b, Ptk6, Ptk7, Ptn, Ptp4a3, Ptpdc1, Ptpmt1, Ptpn1, Ptpn11, Ptpn12, Ptpn13, Ptpn2, Ptpn22, Ptpn5, Ptpn6, Ptpn7, Ptpn9, Ptpra, Ptprc, Ptprd, Ptpre, Ptprf, Ptprg, Ptprh, Ptprj, Ptprk, Ptprm, Ptprn, Ptprn2, Ptpro, Ptprr, Ptprs, Ptprt, Ptpru, Ptprv, Ptprz1, Pttg1, Pttg1ip, Pum1, Pum2, Pvrig, Pwwp3a, Pxdn, Pxn, Pycard, Pycr1, Pycr2, Pygo1, Pygo2, Pyroxd1, Pyy, Qars1, Qrfp, Qrfpr, Qrfprl, Qrich1, Rab10, Rab11b, Rab11fip2, Rab11fip5, Rab12, Rab13, Rab14, Rab15, Rab21, Rab23, Rab29, Rab30, Rab31, Rab32, Rab33a, Rab33b, Rab34, Rab35, Rab38, Rab39, Rab39b, Rab3gap1, Rab40b, Rab40c, Rab4a, Rab4b, Rab5a, Rab7, Rab7b, Rab8a, Rab9, Rab9b, Rabep1, Rabep2, Rabgef1, Rabif, Rabl3, Rac1, Rac2, Rac3, Racgap1, Rack1, Rad1, Rad17, Rad18, Rad21, Rad21l, Rad23a, Rad23b, Rad50, Rad51, Rad51ap1, Rad51b, Rad51c, Rad51d, Rad52, Rad54b, Rad54l, Rad9a, Rad9b, Radil, Radx, Raet1a, Raet1b, Raet1c, Raf1, Rala, Ralb, Ralbp1, Ralgapa1, Ralgapa2, Ralgapb, Ralgds, Ralgps1, Ralgps2, Ramp1, Ramp2, Ramp3, Ranbp1, Ranbp9, Rangap1, Rap1a, Rap1b, Rap1gap, Rap1gap2, Rap1gds1, Rap2a, Rap2b, Rap2c, Rapgef1, Rapgef2, Rapgef3, Rapgef4, Rapgef5, Rapgef6, Rapgefl1, Rara, Rarb, Rarg, Rarres2, Rasa1, Rasa2, Rasa3, Rasa4, Rasal1, Rasal3, Rasd1, Rasd2, Rasgef1a, Rasgef1b, Rasgef1c, Rasgrf1, Rasgrf2, Rasgrp1, Rasgrp2, Rasgrp3, Rasgrp4, Rasip1, Rasl11b, Rassf1, Rassf10, Rassf2, Rassf3, Rassf4, Rassf5, Rassf6, Rassf7, Rassf8, Rassf9, Rb1, Rb1cc1, Rbbp4, Rbbp5, Rbbp6, Rbbp7, Rbbp8, Rbck1, Rbfox2, Rbl1, Rbm11, Rbm14, Rbm15, Rbm22, Rbm24, Rbm4, Rbm47, Rbms3, Rbp4, Rbpj, Rbpms, Rbpms2, Rbx1, Rbx1-ps, Rc3h1, Rc3h2, Rcan1, Rcan2, Rcan3, Rcc2, Rcn3, Rcsd1, Rcvrn, Rdh11, Rdh12, Rdx, Rec8, Reck, Recql, Recql4, Recql5, Reg1, Reg3b, Reg3g, Rel, Rela, Relb, Rell1, Rell2, Reln, Rem1, Ren1, Ren2, Rest, Ret, Retn, Retnla, Retnlb, Retnlg, Rev1, Rev3l, Rexo4, Rfc1, Rfc2, Rfc3, Rfc4, Rfc5, Rffl, Rfng, Rftn1, Rfwd3, Rfx4, Rfx6, Rfxank, Rgcc, Rgl1, Rgl2, Rgl3, Rgma, Rgmb, Rgn, Rgr, Rgs1, Rgs10, Rgs11, Rgs12, Rgs13, Rgs14, Rgs16, Rgs17, Rgs18, Rgs19, Rgs2, Rgs20, Rgs22, Rgs3, Rgs4, Rgs5, Rgs6, Rgs7, Rgs7bp, Rgs8, Rgs9, Rgs9bp, Rhbdd1, Rhbdd3, Rhbdf1, Rhbdf2, Rheb, Rhebl1, Rhno1, Rho, Rhoa, Rhob, Rhobtb1, Rhobtb2, Rhoc, Rhod, Rhof, Rhog, Rhoh, Rhoj, Rhoq, Rhot1, Rhot2, Rhou, Rhov, Rhox13, Rhpn1, Rhpn2, Rian, Ric8a, Ric8b, Rictor, Rif1, Rigi, Rilpl1, Rims1, Rims2, Rin1, Rin2, Rin3, Rint1, Riok3, Ripk1, Ripk2, Ripk3, Ripor1, Ripor2, Ripply1, Ripply2, Rit1, Rit2, Rita1, Rln1, Rln3, Rmi1, Rmi2, Rnase4, Rnaseh2a, Rnaseh2b, Rnaseh2c, Rnd1, Rnd2, Rnd3, Rnf10, Rnf103, Rnf111, Rnf113a1, Rnf113a2, Rnf115, Rnf121, Rnf125, Rnf126, Rnf13, Rnf135, Rnf138, Rnf138rt1, Rnf139, Rnf14, Rnf144a, Rnf145, Rnf146, Rnf149, Rnf152, Rnf167, Rnf168, Rnf169, Rnf170, Rnf183, Rnf185, Rnf186, Rnf213, Rnf220, Rnf31, Rnf34, Rnf4, Rnf41, Rnf43, Rnf5, Rnf6, Rnf7, Rnf8, Rnft1, Rnft2, Ro60, Robo1, Robo2, Rock1, Rock2, Romo1, Ror1, Ror2, Rora, Rorb, Rorc, Ros1, Rp1, Rp1l1, Rpa1, Rpa2, Rpa3, Rpain, Rpap2, Rpf2, Rpgr, Rpgrip1l, Rph3al, Rpl11, Rpl13a, Rpl23, Rpl24, Rpl26, Rpl37, Rpl37rt, Rpl5, Rplp0, Rps12, Rps15, Rps19, Rps20, Rps23rg1, Rps27l, Rps3, Rps6, Rps6-ps4, Rps6ka1, Rps6ka2, Rps6ka3, Rps6ka4, Rps6ka5, Rps6ka6, Rps6kb1, Rps6kb2, Rps7, Rptor, Rraga, Rragb, Rragc, Rragd, Rras, Rras2, Rrbp1, Rrh, Rrm1, Rrm2b, Rrn3, Rrp8, Rrs1, Rsad2, Rsl1d1, Rspo1, Rspo2, Rspo3, Rspo4, Rsu1, Rtca, Rtel1, Rtf1, Rtf2, Rtkn, Rtkn2, Rtn4, Rtn4r, Rtn4rl1, Rtn4rl2, Rubcn, Rufy1, Rundc3a, Runx1, Runx2, Runx3, Ruvbl1, Ruvbl2, Rwdd1, Rwdd3, Rxfp1, Rxfp2, Rxfp3, Rxfp4, Rxra, Rxrb, Rxrg, Ryk, Ryr1, Ryr2, Ryr3, S100a10, S100a13, S100a14, S100a4, S100a7l2, S100a8, S100a9, S100b, S1pr1, S1pr2, S1pr3, S1pr4, S1pr5, S2bpcox16, Saa3, Sac3d1, Safb, Safb2, Sag, Sall1, Sall3, Samd10, Samd12, Samd14, Samd15, Samd5, Samhd1, Samsn1, Samtor, Sap130, Sap30, Sap30l, Sar1a, Sar1b, Sarm1, Sash1, Sash3, Sav1, Saxo1, Sbds, Sbk2, Sbno2, Scai, Scamp5, Scap, Scara5, Scarb1, Scarf1, Scd4, Scel, Scg2, Scg5, Scgb1a1, Scgb2a2, Scgb3a1, Schip1, Scimp, Scly, Scn11a, Scn2a, Scn3a, Scn5a, Scn7a, Scnn1a, Scnn1b, Scnn1g, Sco1, Sct, Sctr, Scube1, Scube2, Scube3, Scx, Scyl2, Sdc1, Sdcbp, Sde2, Sdf2l1, Sdhaf2, Sdhd, Sec13, Sec14l1, Sec16a, Sec61b, Sec61bl, Sectm1a, Sectm1b, Seh1l, Sel1l, Sel1l2, Sele, Selenok, Selenon, Selenos, Selenot, Selenow, Sell, Selp, Sem1, Sema3a, Sema3b, Sema3c, Sema3d, Sema3e, Sema3f, Sema3g, Sema4a, Sema4b, Sema4c, Sema4d, Sema4f, Sema4g, Sema5a, Sema5b, Sema6a, Sema6b, Sema6c, Sema6d, Sema7a, Senp1, Senp2, Senp3, Septin2, Septin4, Serinc3, Serp1, Serp2, Serpina12, Serpinb6a, Serpinb6b, Serpinb6c, Serpinb6d, Serpinb6e, Serpine1, Serpine2, Serpinf1, Serpinf2, Sesn1, Sesn2, Sesn3, Setd1a, Setd2, Setd7, Setmar, Setx, Sez6, Sez6l, Sez6l2, Sf3b3, Sf3b5, Sfn, Sfpq, Sfr1, Sfrp1, Sfrp2, Sfrp4, Sfrp5, Sgcb, Sgcd, Sgf29, Sgk1, Sgk2, Sgk3, Sgms1, Sgpl1, Sgpp1, Sgsm3, Sgta, Sh2b1, Sh2b2, Sh2b3, Sh2d1a, Sh2d1b1, Sh2d3c, Sh2d6, Sh3bp1, Sh3bp2, Sh3bp4, Sh3bp5, Sh3bp5l, Sh3gl1, Sh3glb1, Sh3rf1, Sh3rf2, Sh3rf3, Sh3tc2, Shank1, Shank2, Shank3, Sharpin, Shb, Shc1, Shc2, Shc3, Shc4, Shcbp1, Shh, Shisa2, Shisa3, Shisa5, Shisa6, Shisa7, Shisa8, Shisa9, Shkbp1, Shld1, Shld2, Shld3, Shmt1, Shoc2, Shox2, Shpk, Shprh, Shq1, Shroom2, Shroom3, Shtn1, Siah1a, Siah1b, Siah2, Sidt2, Sigirr, Siglec1, Siglecg, Sigmar1, Sik1, Sik2, Sik3, Sike1, Sin3a, Sinhcaf, Sipa1, Sipa1l1, Sipa1l2, Sipa1l3, Sirpa, Sirpb1a, Sirt1, Sirt2, Sirt3, Sirt4, Sirt6, Sirt7, Sit1, Siva1, Six1, Six3, Ska1, Ska3, Skap1, Ski, Skic8, Skil, Skint1, Skint10, Skint11, Skint2, Skint3, Skint4, Skint5, Skint6, Skint7, Skint8, Skint9, Skor1, Skor2, Skp2, Sla, Sla2, Slamf1, Slamf8, Slamf9, Slc10a1, Slc11a1, Slc11a2, Slc12a2, Slc12a3, Slc12a6, Slc12a7, Slc13a2, Slc13a5, Slc15a2, Slc15a3, Slc15a4, Slc17a7, Slc18a2, Slc19a1, Slc1a1, Slc1a2, Slc1a3, Slc1a7, Slc22a1, Slc22a2, Slc22a22, Slc22a3, Slc23a2, Slc24a4, Slc25a14, Slc25a23, Slc25a24, Slc25a31, Slc25a33, Slc25a39, Slc25a4, Slc25a5, Slc26a3, Slc26a6, Slc27a1, Slc27a4, Slc29a1, Slc29a4, Slc2a1, Slc2a10, Slc2a2, Slc2a4, Slc2a5, Slc2a8, Slc30a10, Slc31a1, Slc34a1, Slc35a4, Slc35c1, Slc35c2, Slc35f6, Slc37a4, Slc38a2, Slc38a3, Slc38a9, Slc39a10, Slc39a12, Slc39a14, Slc39a4, Slc39a5, Slc39a6, Slc39a8, Slc39a9, Slc41a1, Slc46a2, Slc46a3, Slc4a11, Slc52a3, Slc5a5, Slc6a4, Slc6a9, Slc7a1, Slc7a11, Slc7a3, Slc7a5, Slc8a1, Slc8a2, Slc8a3, Slc8b1, Slc9a1, Slc9a6, Slc9b2, Slco1a6, Slf1, Slf2, Slfn14, Slit2, Slit3, Slk, Slmap, Slu7, Slurp1, Slurp2, Slx1b, Slx4, Smad1, Smad2, Smad3, Smad4, Smad5, Smad6, Smad7, Smad9, Smarca2, Smarca4, Smarca5, Smarcad1, Smarcal1, Smarcb1, Smarcc1, Smarcc2, Smarcd1, Smarcd2, Smarcd3, Smarce1, Smc1a, Smc2, Smc3, Smc4, Smc5, Smc6, Smchd1, Smcr8, Smdt1, Smg1, Smim30, Smo, Smoc2, Smok3a, Smpd1, Smpd2, Smpd3, Smpdl3a, Smpdl3b, Smug1, Smurf1, Smurf2, Smyd2, Smyd3, Snai1, Snai2, Snca, Sncg, Snhg20, Snip1, Snw1, Snx1, Snx13, Snx17, Snx25, Snx27, Snx3, Snx5, Snx6, Socs1, Socs2, Socs3, Socs4, Socs5, Socs6, Socs7, Sod1, Sod2, Sod3, Sorbs1, Sorbs2, Sorbs3, Sorl1, Sort1, Sos1, Sos2, Sost, Sostdc1, Sox10, Sox11, Sox13, Sox17, Sox2, Sox30, Sox4, Sox7, Sox8, Sox9, Sp1, Sp100, Sp7, Spaar, Spag9, Sparcl1, Spart, Spata13, Spata18, Spata2, Spata22, Spatc1l, Spc24, Spc25, Spdl1, Spdya, Specc1l, Spef1, Spen, Spg21, Sphk1, Sphk2, Spi1, Spidr, Spin1, Spin4, Spindoc, Spink1, Spire1, Spire2, Spn, Spns2, Spo11, Spon2, Spop, Spp1, Sppl3, Spred1, Spred2, Spred3, Spring1, Sprtn, Spry1, Spry2, Spry3, Spry4, Spsb2, Spsb3, Spsb4, Sptbn1, Spx, Sqstm1, Sra1, Srarp, Src, Srebf1, Srebf2, Srf, Srgap1, Srgap2, Srgap3, Srgn, Sri, Srms, Srp54a, Srpk1, Srpk2, Srpk3, Srpx, Srsf1, Srsf3, Srxn1, Ss18, Ssh1, Ssrp1, Sst, Sstr1, Sstr2, Sstr3, Sstr4, Sstr5, Ssx2ip, St18, St8sia1, Stac, Stam2, Stambp, Stambpl1, Stap1, Star, Stard10, Stard13, Stard8, Stat1, Stat2, Stat3, Stat4, Stat5a, Stat5b, Stat6, Stau2, Stc1, Stc2, Steap3, Stil, Stim1, Sting1, Stk-ps2, Stk10, Stk11, Stk17b, Stk19, Stk24, Stk25, Stk26, Stk3, Stk32a, Stk32b, Stk32c, Stk33, Stk36, Stk38, Stk38l, Stk39, Stk4, Stk40, Stmn1, Stmn3, Stmp1, Stoml2, Stoml3, Ston1, Stox1, Stra6, Stra8, Stradb, Strap, Strip1, Strn, Strn3, Strn4, Stt3b, Stub1, Stx1a, Stx1b, Stx2, Stx4a, Stxbp4, Styx, Styx-ps, Styxl1, Styxl2, Sucnr1, Suds3, Sufu, Sulf1, Sulf2, Sult1a1, Sult1b1, Sult1c1, Sult2a1, Sult2a2, Sult2a3, Sult2a4, Sult2a5, Sult2a6, Sult2a7, Sult2a8, Sumo1, Supt16, Supt20, Supt7l, Susd5, Susd6, Suv39h1, Suv39h2, Suz12, Sva, Svep1, Svip, Swap70, Swi5, Swsap1, Syap1, Sybu, Sycp1, Sycp3, Syde1, Syde2, Syf2, Syk, Syngap1, Synj1, Synj2bp, Synpo2l, Syp, Syt1, Syvn1, Szt2, T, Taar1, Taar2, Taar3, Taar4, Taar5, Taar6, Taar7a, Taar7b, Taar7d, Taar7e, Taar7f, Taar8a, Taar8b, Taar8c, Taar9, Tab1, Tab2, Tab3, Tac1, Tac2, Tac4, Tacr1, Tacr2, Tacr3, Tada1, Tada3, Taf10, Taf12, Taf2, Taf5, Taf5l, Taf6, Taf6l, Taf7, Taf9, Tafa1, Tafa4, Tafa5, Tagap, Tamalin, Tank, Taok1, Taok2, Taok3, Tarbp2, Tardbp, Tarm1, Tas1r1, Tas1r2, Tas1r3, Tas2r102, Tas2r103, Tas2r104, Tas2r105, Tas2r106, Tas2r107, Tas2r108, Tas2r109, Tas2r110, Tas2r113, Tas2r114, Tas2r116, Tas2r117, Tas2r118, Tas2r119, Tas2r120, Tas2r121, Tas2r123, Tas2r124, Tas2r125, Tas2r126, Tas2r129, Tas2r130, Tas2r131, Tas2r134, Tas2r135, Tas2r136, Tas2r137, Tas2r138, Tas2r139, Tas2r140, Tas2r143, Tas2r144, Tasl, Tax1bp1, Tax1bp3, Tbc1d1, Tbc1d10c, Tbc1d24, Tbc1d32, Tbc1d4, Tbc1d7, Tbck, Tbk1, Tbl1x, Tbl1xr1, Tbl2, Tbx1, Tbx18, Tbx2, Tbx20, Tbx3, Tbx6, Tbxa2r, Tcf21, Tcf4, Tcf7, Tcf7l1, Tcf7l2, Tcim, Tcl1, Tcl1b1, Tcl1b2, Tcl1b3, Tcl1b4, Tcl1b5, Tcp11, Tcp11l1, Tcp11l2, Tcp11x2, Tcrb, Tctn1, Tctn2, Tctn3, Tdg, Tdg-ps, Tdp1, Tdp2, Tead1, Tead2, Tead3, Tead4, Tec, Tedc1, Tedc2, Tek, Tenm1, Tenm2, Tenm3, Tenm4, Terb1, Terb2, Terf2, Terf2ip, Tert, Tesc, Tescl, Tespa1, Tet1, Tex12, Tex14, Tex15, Tex264, Tfap2a, Tfap2b, Tfeb, Tfec, Tff1, Tff2, Tfpi, Tfpi2, Tfpt, Tfr2, Tfrc, Tg, Tgfa, Tgfb1, Tgfb1i1, Tgfb2, Tgfb3, Tgfbr1, Tgfbr2, Tgfbr3, Tgfbr3l, Tgfbrap1, Tgif1, Tgif2, Tgm2, Th, Thap11, Thbs1, Thbs4, Them4, Themis, Themis2, Themis3, Thg1l, Thoc1, Thop1, Thpo, Thra, Thrb, Thy1, Tial1, Tiam1, Tiam2, Ticam1, Ticam2, Ticrr, Tie1, Tifa, Tifab, Tigar, Timeless, Timm50, Timp1, Timp2, Timp4, Tiparp, Tipin, Tiprl, Tirap, Tjp1, Tjp2, Tkfc, Tldc2, Tle1, Tle2, Tle3, Tle4, Tle5, Tle6, Tle7, Tlk1, Tlk2, Tln1, Tlr1, Tlr11, Tlr12, Tlr13, Tlr2, Tlr3, Tlr4, Tlr5, Tlr6, Tlr7, Tlr8, Tlr9, Tm2d1, Tm7sf3, Tm9sf5, Tmbim1, Tmbim4, Tmbim6, Tmc8, Tmco1, Tmed2, Tmem100, Tmem102, Tmem106a, Tmem108, Tmem109, Tmem116, Tmem117, Tmem126a, Tmem127, Tmem129, Tmem131l, Tmem132a, Tmem145, Tmem14a, Tmem150c, Tmem161a, Tmem17, Tmem170b, Tmem198, Tmem198b, Tmem199, Tmem204, Tmem231, Tmem237, Tmem238l, Tmem25, Tmem258, Tmem259, Tmem33, Tmem38a, Tmem38b, Tmem53, Tmem64, Tmem67, Tmem87a, Tmem88, Tmem88b, Tmem9, Tmem98, Tmf1, Tmigd1, Tmigd3, Tmod2, Tmprss6, Tmsb4x, Tmtc3, Tmtc4, Tmub1, Tmub2, Tmx1, Tnc, Tnf, Tnfaip1, Tnfaip3, Tnfaip6, Tnfaip8l1, Tnfaip8l3, Tnfrsf10b, Tnfrsf11a, Tnfrsf11b, Tnfrsf12a, Tnfrsf13c, Tnfrsf17, Tnfrsf18, Tnfrsf19, Tnfrsf1a, Tnfrsf1b, Tnfrsf21, Tnfrsf22, Tnfrsf23, Tnfrsf4, Tnfrsf8, Tnfsf10, Tnfsf11, Tnfsf12, Tnfsf13, Tnfsf13b, Tnfsf14, Tnfsf15, Tnfsf18, Tnfsf4, Tnfsf8, Tnfsf9, Tnik, Tnip1, Tnip2, Tnip3, Tnk1, Tnk2, Tnks, Tnks1bp1, Tnks2, Tnn, Tnni3, Tnni3k, Tnp1, Tnr, Tnrc6a, Tnrc6c, Tns2, Tns3, Tnxb, Tob1, Tollip, Tom1, Tom1l1, Tom1l2, Tonsl, Top2a, Top2b, Top3a, Top3b, Topbp1, Topors, Tor1a, Tox3, Tpbg, Tpbgl, Tpbpa, Tpcn1, Tpcn2, Tpd52l1, Tpmt, Tpo, Tpr, Tpra1, Tprg1l, Tpt1, Tra2b, Trabd2b, Tradd, Traf1, Traf2, Traf3, Traf3ip1, Traf3ip2, Traf3ip3, Traf4, Traf5, Traf6, Traf7, Traip, Trap1, Trarg1, Trat1, Trav7-2, Trbv12-1, Trbv12-2, Trbv13-1, Trbv13-2, Trbv13-3, Trbv14, Trbv15, Trbv16, Trbv17, Trbv19, Trbv2, Trbv20, Trbv21, Trbv23, Trbv26, Trbv29, Trbv3, Trbv30, Trbv4, Trbv5, Trem1, Trem2, Trem3, Treml1, Treml4, Trerf1, Trex1, Trex2, Trf, Trh, Trhr, Trhr2, Triap1, Trib1, Trib3, Tril, Trim11, Trim12a, Trim12c, Trim13, Trim15, Trim24, Trim25, Trim26, Trim28, Trim3, Trim30a, Trim30b, Trim30c, Trim30d, Trim31, Trim32, Trim33, Trim38, Trim39, Trim41, Trim44, Trim5, Trim52, Trim55, Trim56, Trim59, Trim6, Trim60, Trim62, Trim63, Trim65, Trim67, Trim68, Trim71, Trim72, Trim8, Trip10, Trip12, Trip13, Trip4, Trip6, Trp53, Trp53bp1, Trp53bp2, Trp53inp1, Trp63, Trp73, Trpa1, Trpc1, Trpc2, Trpc6, Trpm1, Trpm2, Trpm4, Trpm5, Trps1, Trpv1, Trpv3, Trpv4, Trrap, Tsc1, Tsc2, Tsc22d1, Tsg101, Tshb, Tshr, Tsku, Tslp, Tspan12, Tspan14, Tspan15, Tspan32, Tspan5, Tspan6, Tspan9, Tspear, Tspo, Tspyl5, Tssk3, Ttbk1, Ttbk2, Ttc21b, Ttc23, Ttc5, Ttf2, Tti1, Ttk, Ttll12, Ttn, Ttr, Ttyh1, Tub, Tuba1a, Tubb3, Tubd1, Tulp3, Tunar, Tut4, Twf2, Twist1, Twnk, Twsg1, Txk, Txn1, Txn2, Txndc12, Txndc15, Txndc17, Txndc2, Txnip, Txnrd1, Txnrd2, Txnrd3, Tyk2, Tyro3, Tyrobp, Uaca, Uba1, Uba1y, Uba5, Uba6, Uba7, Ubac2, Ubash3a, Ubash3b, Ubb, Ubd, Ube2a, Ube2b, Ube2d1, Ube2d3, Ube2e2, Ube2g2, Ube2i, Ube2j1, Ube2j2, Ube2k, Ube2l3, Ube2n, Ube2o, Ube2t, Ube2v1, Ube2v2, Ube2w, Ube3a, Ube4a, Ube4b, Ubiad1, Ubqln1, Ubqln2, Ubqln4, Ubr1, Ubr2, Ubr4, Ubr5, Ubxn1, Ubxn10, Ubxn2a, Ubxn4, Ubxn6, Ubxn8, Uchl1, Uchl1os, Uchl3, Uchl5, Ucma, Ucn, Ucn2, Ucn3, Ucp1, Ucp2, Ucp3, Ufc1, Ufd1, Ufl1, Ufm1, Ufsp2, Ugcg, Uggt1, Uggt2, Ugt1a1, Ugt1a6a, Ugt1a6b, Ugt2b1, Ugt3a1, Ugt3a2, Uhrf1, Uimc1, Ulk1, Ulk2, Ulk3, Ulk4, Umod, Umodl1, Umps, Unc13a, Unc13b, Unc5a, Unc5b, Unc5c, Unc5cl, Unc5d, Unc93b1, Ung, Upf1, Upk3bl, Upp1, Uri1, Uros, Usf1, Usf2, Uso1, Usp1, Usp10, Usp12, Usp13, Usp14, Usp15, Usp16, Usp17le, Usp18, Usp19, Usp20, Usp22, Usp25, Usp26, Usp27x, Usp28, Usp29, Usp3, Usp32, Usp33, Usp34, Usp4, Usp44, Usp45, Usp46, Usp47, Usp49, Usp50, Usp51, Usp7, Usp8, Usp9x, Uts2, Uts2b, Uts2r, Uvrag, Uvssa, V1ra8, Vamp2, Vangl2, Vapb, Vash1, Vasn, Vav1, Vav2, Vav3, Vax2, Vcam1, Vcp, Vcpip1, Vdac2, Vdr, Vegfa, Vegfb, Vegfc, Vegfd, Veph1, Vgf, Vgll4, Vhl, Vil1, Vim, Vip, Vipr1, Vipr2, Vkorc1, Vkorc1l1, Vldlr, Vmn1r40, Vmn1r41, Vmn1r42, Vmn1r43, Vmn1r44, Vmn1r45, Vmn1r46, Vmn1r47, Vmn1r48, Vmn1r49, Vmn1r50, Vmn1r51, Vmn1r52, Vmn1r53, Vmn1r54, Vmn2r1, Vmn2r116, Vmn2r26, Vmn2r81, Vnn1, Vps11, Vps13a, Vps18, Vps25, Vps35, Vps41, Vps4a, Vps4b, Vps54, Vps72, Vrk1, Vrk2, Vrk3, Vsir, Vsnl1, Vtcn1, Vwa2, Vwc2, Vwc2l, Vwf, Wac, Was, Wasf1, Wasf2, Washc4, Wbp1l, Wbp2, Wdfy1, Wdhd1, Wdpcp, Wdr11, Wdr12, Wdr19, Wdr24, Wdr35, Wdr4, Wdr45, Wdr45b, Wdr48, Wdr54, Wdr59, Wdr72, Wdr76, Wdr83, Wdr91, Wdtc1, Wfikkn1, Wfikkn2, Wfs1, Wif1, Wipi1, Wipi2, Wls, Wnk1, Wnk2, Wnk3, Wnk4, Wnt1, Wnt10a, Wnt10b, Wnt11, Wnt16, Wnt2, Wnt2b, Wnt3, Wnt3a, Wnt4, Wnt5a, Wnt5b, Wnt6, Wnt7a, Wnt7b, Wnt8a, Wnt8b, Wnt9a, Wnt9b, Wrap53, Wrn, Wrnip1, Wsb1, Wsb2, Wt1, Wtip, Wwc1, Wwc2, Wwox, Wwtr1, Xab2, Xbp1, Xcl1, Xcr1, Xdh, Xiap, Xirp1, Xpa, Xpc, Xpr1, Xrcc1, Xrcc2, Xrcc3, Xrcc4, Xrcc5, Xrcc6, Xrn2, Xylt1, Yap1, Ybx1, Ybx3, Yeats4, Yes1, Yjefn3, Yju2, Yme1l1, Yod1, Ypel3, Ythdf2, Ythdf3, Ywhab, Ywhae, Ywhag, Ywhah, Ywhaq, Ywhaz, Yy1, Zap70, Zbed3, Zbed6, Zbp1, Zbtb1, Zbtb20, Zbtb33, Zbtb38, Zbtb4, Zbtb40, Zbtb7a, Zbtb7b, Zc3h12a, Zc3h15, Zc3h3, Zc3hav1, Zcchc12, Zcchc3, Zcwpw1, Zdhhc1, Zdhhc12, Zdhhc16, Zdhhc17, Zdhhc18, Zdhhc21, Zdhhc25, Zdhhc3, Zdhhc5, Zdhhc7, Zdhhc9, Zeb1, Zeb2, Zfand1, Zfand2a, Zfand2b, Zfand5, Zfand6, Zfas1, Zfp106, Zfp110, Zfp128, Zfp13, Zfp207, Zfp217, Zfp277, Zfp36, Zfp365, Zfp366, Zfp36l1, Zfp36l2, Zfp385a, Zfp385b, Zfp423, Zfp451, Zfp536, Zfp580, Zfp592, Zfp616, Zfp622, Zfp640, Zfp653, Zfp658, Zfp668, Zfp683, Zfp703, Zfp735, Zfp747, Zfp747l1, Zfp764, Zfp764l1, Zfp830, Zfp91, Zfp950, Zfp976, Zfy2, Zfyve1, Zfyve19, Zfyve26, Zfyve27, Zfyve28, Zfyve9, Zgpat, Zgrf1, Zic1, Zic2, Zic3, Zkscan3, Zmat3, Zmiz1, Zmpste24, Zmynd11, Zmynd8, Znrf1, Znrf3, Znrf4, Zp3, Zranb1, Zranb3, Zswim2, Zswim7, Zw10, Zwilch, Zwint, Zyx
GO:0006996	organelle organization	3663	86	53.36	4.5e-06	0.0014786808510638299	1700028K03Rik, 2610042L04Rik, 2700049A03Rik, 4930447C04Rik, 4930544G11Rik, 4930550C14Rik, 4933427D14Rik, 9930111J21Rik1, a, Aaas, Abca1, Abca3, Abcb6, Abcc4, Abcc9, Abcd1, Abcd2, Abcd3, Abcd4, Abce1, Abcg1, Abi2, Abi3, Abi3bp, Abitram, Abl1, Abl2, Ablim1, Ablim2, Ablim3, Abr, Abra, Abraxas1, Abraxas2, Abt1, Acaa2, Acad9, Acd, Acin1, Acot8, Acox1, Acp2, Acrbp, Acta1, Actb, Actc1, Actg1, Actl6a, Actl6b, Actl7a, Actl9, Actn1, Actn2, Actn3, Actn4, Actr2, Actr3, Actr5, Actr6, Actr8, Adamts16, Adck1, Add1, Add2, Add3, Adgrb1, Adgrg6, Adgrl3, Adprhl1, Adrb2, Aff2, Afg1l, Afg2b, Afg3l1, Afg3l2, Agap2, Agap3, Agfg1, Agfg2, Agk, Ago2, Ago4, Agrn, Agtpbp1, Ahctf1, Ahi1, Aif1, Aif1l, Aifm1, Aifm2, Ajuba, Ak7, Akap11, Akap13, Akap4, Akap8, Akap8l, Akap9, Akt1, Akt3, Aktip, Alkbh4, Alkbh5, Alkbh7, Alms1, Alox15, Alpk1, Als2, Als2cl, Ambra1, Amot, Amotl1, Amotl2, Anapc1, Anapc11, Anapc15, Anapc15-ps, Anapc2, Anapc4, Anapc5, Anapc7, Ang, Ank1, Ank3, Ankfn1, Ankfy1, Ankle1, Ankle2, Ankrd23, Ankrd27, Ankrd31, Ankrd53, Ankrd66, Ankzf1, Anln, Antxr1, Anxa1, Anxa2, Anxa8, Ap1ar, Ap1b1, Ap1g1, Ap1m1, Ap1s1, Ap1s2, Ap1s3, Ap2m1, Ap3b1, Ap3b2, Ap3d1, Ap3m1, Ap3m2, Ap3s1, Ap3s2, Ap4m1, Ap5z1, Apc, Apc2, Apex1, Apoa1, Apoe, Apoo, Apool, Aqp1, Aqp11, Aqp2, Ar, Arap1, Arap2, Arap3, Arc, Arf1, Arf4, Arf6, Arfgap2, Arfgap3, Arfgef1, Arfgef2, Arfip1, Arfip2, Arhgap10, Arhgap12, Arhgap17, Arhgap18, Arhgap21, Arhgap25, Arhgap28, Arhgap33os, Arhgap35, Arhgap40, Arhgap44, Arhgap6, Arhgef1, Arhgef10, Arhgef10l, Arhgef15, Arhgef16, Arhgef17, Arhgef18, Arhgef19, Arhgef2, Arhgef26, Arhgef28, Arhgef5, Arhgef7, Arhgef9, Arid1a, Arid2, Arl1, Arl13a, Arl13b, Arl2, Arl3, Arl6, Arl6ip1, Arl8b, Armc12, Armc2, Armc9, Armcx3, Armh3, Arpc1a, Arpc1b, Arpc2, Arpc3, Arpc4, Arpc5, Arpc5l, Arpin, Arrb1, Arrb2, Arsg, Asap1, Asap3, Asb2, Ascc2, Ascc3, Aspm, Asz1, Atad3a, Atat1, Atf2, Atf5, Atf6b, Atg10, Atg101, Atg12, Atg13, Atg14, Atg16l1, Atg16l2, Atg2a, Atg2b, Atg3, Atg4a, Atg4a-ps, Atg4b, Atg4c, Atg4d, Atg5, Atg7, Atg9a, Atg9b, Atl1, Atl2, Atl3, Atm, Atmin, Atp10b, Atp13a2, Atp23, Atp2a1, Atp2a2, Atp2b2, Atp2c1, Atp5f1d, Atp5if1, Atp6ap1, Atp6ap2, Atp6v0a1, Atp6v0a4, Atp6v0c, Atp6v0d1, Atp6v0e2, Atp6v1a, Atp6v1b1, Atp6v1b2, Atp6v1c1, Atp6v1d, Atp6v1e1, Atp6v1f, Atp6v1g1, Atp6v1g2, Atp6v1g3, Atp6v1h, Atp7a, Atp8a2, Atp8b1, Atp8b2, Atp8b3, Atp8b4, Atp8b5, Atpaf1, Atpaf2, Atr, Atrx, Atxn10, Atxn2, Atxn2l, Atxn3, Atxn7, AU040320, Aunip, Aup1, Aurka, Aurkb, Aurkc, Auts2, Avil, Avp, Axin1, Axin2, Azin1, B3glct, B4galnt1, B9d1, B9d2, Bace2, Bad, Bag4, Bag5, Bag6, Baiap2, Baiap2l1, Baiap2l2, Baiap3, Bak1, Banf1, Banf2, Bax, Baz1b, Baz2a, Bbc3, Bbip1, Bbln, Bbof1, Bbs1, Bbs10, Bbs12, Bbs2, Bbs4, Bbs5, Bbs7, Bbs9, BC005624, BC034090, BC048507, Bcar1, Bcas2, Bcas3, Bccip, Bcl2, Bcl2a1a, Bcl2a1b, Bcl2a1c, Bcl2a1d, Bcl2l1, Bcl2l10, Bcl2l11, Bcl2l13, Bcl2l2, Bcl6, Bcl7a, Bcl7b, Bcl7c, Bcr, Bcs1l, Becn1, Becn2, Bend2, Bend3, Bet1, Bfsp1, Bfsp2, Bhlha15, Bicd1, Bicd2, Bid, Bik, Bin1, Bin2, Birc5, Blm, Bloc1s1, Bloc1s2, Bloc1s3, Bloc1s4, Bloc1s5, Bloc1s6, Blzf1, Bmerb1, Bmf, Bmp10, Bmp4, Bmp7, Bmyc, Bnc1, Bnip1, Bnip2, Bnip3, Bnip3l, Bnip3l-ps, Bok, Bop1, Bora, Braf, Brca1, Brca2, Brd7, Brdt, Brip1, Brix1, Brk1, Brme1, Brox, Brsk1, Brsk2, Brwd1, Brwd3, Bscl2, Bst1, Bst2, Btbd18, Btbd8, Btc, Bub1, Bub1b, Bub3, C1qbp, C1ql2, C1ql3, C2cd3, C2cd5, C9orf72, Cabcoco1, Cacna1b, Cacna1s, Cadm1, Cadps, Calcoco2, Cald1, Calm4, Calm5, Calml4, Calr, Camk2a, Camk2b, Camkmt, Caml, Camsap1, Camsap2, Camsap3, Cap1, Cap2, Capg, Capn1, Capn10, Capn3, Capn6, Caprin1, Capza1, Capza1b, Capza2, Capza3, Capzb, Carlr, Carmil1, Carmil2, Carmil3, Caskin1, Casp4, Casq1, Casq2, Catip, Catsperz, Cav1, Cav2, Cav3, Cavin3, Cavin4, Cbln1, Cby1, Cc2d1a, Cc2d2a, Cc2d2b, Ccar2, Ccdc103, Ccdc113, Ccdc115, Ccdc120, Ccdc13, Ccdc136, Ccdc146, Ccdc159, Ccdc170, Ccdc187, Ccdc28b, Ccdc32, Ccdc38, Ccdc39, Ccdc40, Ccdc42, Ccdc47, Ccdc57, Ccdc61, Ccdc63, Ccdc65, Ccdc66, Ccdc68, Ccdc69, Ccdc78, Ccdc8, Ccdc88a, Ccdc88b, Ccdc88c, Ccdc96, Cck, Ccl11, Ccl12, Ccl21a, Ccl21b, Ccl21d, Ccl21e, Ccl21f, Ccl24, Ccl26, Ccl27a, Ccl3, Ccl7, Ccn2, Ccnb1, Ccnb1-ps, Ccnb1ip1, Ccnb2, Ccne1, Ccne2, Ccnf, Ccnl1, Ccnl2, Ccno, Ccp110, Ccr7, Ccsap, Ccser2, Cct2, Cct3, Cct4, Cct5, Cct6a, Cct7, Cct8, Cd24a, Cd28, Cd2ap, Cd34, Cd47, Cdan1, Cdc14a, Cdc14b, Cdc16, Cdc20, Cdc20b, Cdc23, Cdc25b, Cdc27, Cdc42, Cdc42bpa, Cdc42bpb, Cdc42bpg, Cdc42ep1, Cdc42ep2, Cdc42ep3, Cdc42ep4, Cdc42ep5, Cdc6, Cdca2, Cdca5, Cdca8, Cdh1, Cdh2, Cdh5, Cdk1, Cdk10, Cdk11b, Cdk2, Cdk2ap2, Cdk5, Cdk5r1, Cdk5rap2, Cdk5rap3, Cdkl1, Cdkl5, Cdkn1b, Cdkn1c, Cdkn2a, Cds1, Cds2, Cdt1, Cebpa, Celf3, Celsr1, Celsr2, Celsr3, Cenatac, Cenpa, Cenpc1, Cenpe, Cenph, Cenpi, Cenpk, Cenpn, Cenpo, Cenpp, Cenps, Cenpt, Cenpv, Cenpw, Cenpx, Cep120, Cep126, Cep128, Cep131, Cep135, Cep152, Cep162, Cep164, Cep19, Cep192, Cep20, Cep250, Cep290, Cep295, Cep295nl, Cep350, Cep41, Cep43, Cep44, Cep63, Cep68, Cep70, Cep72, Cep76, Cep78, Cep83, Cep85, Cep89, Cep97, Cert1, Cetn1, Cetn2, Cetn3, Cetn4, Cfap100, Cfap119, Cfap126, Cfap157, Cfap161, Cfap20, Cfap206, Cfap221, Cfap298, Cfap410, Cfap43, Cfap44, Cfap47, Cfap53, Cfap54, Cfap57, Cfap58, Cfap61, Cfap65, Cfap69, Cfap70, Cfap73, Cfap74, Cfap91, Cfap97d1, Cfh, Cfl1, Cfl2, Cflar, Cgn, Cgnl1, Champ1, Chchd10, Chchd2, Chchd3, Chchd4, Chchd6, Chchd7, Chd3, Chd5, Chek1, Chek2, Chfr, Chka, Chmp1a, Chmp1b, Chmp1b2, Chmp2a, Chmp2b, Chmp3, Chmp4b, Chmp4c, Chmp5, Chmp6, Chmp7, Chn2, Chordc1, Chp1, Chtf18, Chtf8, Cib1, Cibar1, Cibar2, Cidea, Cideb, Cidec, Cilk1, Cimap3, Cip2a, Cirbp, Cit, Ckap2, Ckap5, Cks2, Clasp1, Clasp2, Clcn3, Clcn4, Cldn19, Cldn3, Clec16a, Clec2i, Clip1, Clip2, Clip3, Clip4, Cln3, Cln5, Cln6, Cln8, Clrn1, Clstn3, Cltc, Cltrn, Cluap1, Cluh, Clvs1, Clvs2, Clxn, Cnksr2, Cnn1, Cnn2, Cnn3, Cnot1, Cnot2, Cnot6, Cnot6l, Cnot7, Cnp, Cntd1, Cntln, Cntn2, Cntnap1, Cntnap2, Cntrob, Coa3, Coa4, Coa5, Coa8, Cobl, Cog1, Cog2, Cog3, Cog4, Cog5, Cog6, Cog7, Cog8, Col6a1, Coq7, Coro1a, Coro1b, Coro1c, Coro2b, Coro6, Coro7, Cotl1, Cox10, Cox14, Cox16, Cox17, Cox18, Cox19, Cox20, Cox7a1, Cox7a2, Cox7a2l, Cpap, Cpeb1, Cplane1, Cplane2, Cplx1, Cplx2, Cplx3, Cplx4, Cpne6, Cracd, Creb1, Creg1, Crhr2, Cript, Crk, Crkl, Crocc, Cryaa, Cryab, Csde1, Csf1r, Csf2, Csf3, Csmd2, Csnk1a1, Csnk1d, Cspg5, Csrp1, Csrp2, Csrp3, Cstad, Ctc1, Ctcf, Ctdnep1, Ctdp1, Ctnna2, Ctnnb1, Ctsd, Cttn, Cttnbp2, Cul3, Cul7, Cul9, Cwh43, Cx3cl1, Cxadr, Cyfip1, Cyfip2, Cylc1, Cylc2, Cyld, Cyp26b1, Cyp26c1, Cyria, Cyrib, D1Pas1, D7Ertd443e, Daam1, Daam2, Dag1, Dap3, Dapk3, Daw1, Daxx, Dazap2, Dazl, Dbn1, Dbnl, Dcaf13, Dcaf17, Dcdc2a, Dclk2, Dclre1b, Dclre1c, Dcn, Dcp2, Dctn1, Dctn2, Dctn6, Dcx, Ddb1, Ddhd1, Ddhd2, Ddrgk1, Ddx11, Ddx28, Ddx3x, Ddx4, Ddx6, Denr, Des, Deup1, Dffb, Dgkz, Dhodh, Dhx29, Dhx30, Dhx36, Dhx37, Diaph1, Diaph2, Diaph3, Dicer1, Dis3l2, Disc1, Dixdc1, Dkc1, Dlc1, Dlg1, Dlg2, Dlg4, Dlgap5, Dmac1, Dmac2, Dmc1, Dmpk, Dmrt1, Dmrtc2, Dmtn, Dna2, Dnaaf1, Dnaaf10, Dnaaf11, Dnaaf2, Dnaaf3, Dnaaf4, Dnaaf5, Dnaaf6, Dnaaf6rt, Dnah1, Dnah17, Dnah2, Dnah5, Dnah7a, Dnah7b, Dnah7c, Dnah8, Dnai1, Dnai2, Dnai3, Dnai4, Dnaja3, Dnajb13, Dnajb6, Dnajc11, Dnajc13, Dnajc16, Dnal1, Dnali1, Dnhd1, Dnm1, Dnm1l, Dnm2, Dnm3, Dnmbp, Dnmt3l, Doc2a, Doc2b, Doc2g, Dock2, Dock5, Dock7, Dpf1, Dpf2, Dpf3, Dpysl2, Dpysl3, Drc1, Drc7, Drd3, Dreh, Drg1, Dscc1, Dsg3, Dsp, Dst, Dstn, Dtnbp1, Dusp1, Dusp23, Dvl1, Dym, Dync1h1, Dync1li1, Dync1li2, Dync2h1, Dync2i1, Dync2i2, Dync2li1, Dynll1, Dynlt1a, Dynlt1b, Dynlt1c, Dynlt1f, Dynlt2b, Dyrk1a, Dyrk3, Dysf, Dzip1, Dzip1l, E2f4, Ect2, Edc3, Edn1, Edn3, Ednra, Eea1, Eef2k, Efcab11, Efhc1, Efl1, Efna5, Efnb1, Egf, Ehd1, Ehd2, Ehd3, Ehd4, Ehmt2, Eif1a, Eif1ax, Eif2a, Eif2ak3, Eif2d, Eif2s1, Eif4e2, Eif4enif1, Eif4g3, Eif5, Eif5b, Eif6, Elac1, Elapor1, Elmo1, Elmo2, Elmo3, Elmod1, Elmod3, Eln, Emc1, Emc10, Emc2, Emc3, Emc4, Emc6, Emc7, Emc8, Emc9, Emd, Eme1, Eme2, Emg1, Eml1, Eml2, Eml3, Eml4, Emp2, Enah, Endog, Enkd1, Eno4, Enpp1, Entr1, Ep300, Epas1, Epb41, Epb41l1, Epb41l2, Epb41l3, Epb41l4a, Epb41l4b, Epb41l5, Epc1, Epgn, Epha1, Epha3, Epha5, Ephb2, Epm2a, Eppk1, Eps8, Eqtn, Eral1, Erbb4, Erc1, Erc2, Ercc1, Ercc3, Ercc4, Ereg, Erich3, Ermn, Ern2, Esam, Esco1, Esco2, Espl1, Espn, Espnl, Esr1, Esyt1, Esyt2, Esyt3, Ets1, Evi5l, Evl, Evpl, Exoc5, Exoc8, Exosc10, Ext1, Eya2, Ezr, F11r, F2rl1, F830016B08Rik, Faf2, Fam107a, Fam110a, Fam149b, Fam161a, Fam161b, Fam162a, Fam171a1, Fam174b, Fam209, Fam3a, Fam83h, Fanca, Fancd2, Fancg, Fancm, Farp1, Farp2, Fas, Fasl, Fastkd2, Fastkd3, Fat1, Fau, Fbf1, Fbxo24, Fbxo30, Fbxo4, Fbxo43, Fbxo5, Fbxw11, Fbxw5, Fbxw7, Fbxw8, Fchsd1, Fchsd2, Fen1, Fer, Fermt2, Fes, Fez1, Fez2, Fgd1, Fgd2, Fgd3, Fgd4, Fgf10, Fgf13, Fgf7, Fgf8, Fgfr1, Fgfr2, Fgfr3, Fgr, Fhdc1, Fhip1b, Fhl3, Fhod1, Fhod3, Fig4, Fignl1, Fignl2, Fis1, Fitm1, Fitm2, Fkbp4, Flcn, Flg, Flii, Flna, Flnb, Flnc, Fmc1, Fmn1, Fmn2, Fmnl1, Fmnl2, Fmnl3, Fmr1, Fnbp1l, Fnip1, Foxj1, Foxj2, Foxj3, Foxred1, Frmd3, Frmd5, Frmd7, Frmpd4, Fscn1, Fscn2, Fscn3, Fsd1, Fshr, Fsip1, Fsip2, Ftcd, Fundc1, Fus, Fuz, Fxn, Fxr1, Fyco1, Fzd10, Fzd9, Fzr1, G3bp1, G3bp2, Gaa, Gabarap, Gabarapl1, Gabarapl2, Gabpb1, Gadd45a, Gak, Galnt11, Gan, Gap43, Gapdh, Gapdhrt, Gapdhrt2, Gar1, Garin1a, Garin1b, Garin2, Garin3, Garin4, Garin5a, Garin5b, Gas2, Gas2l1, Gas2l2, Gas2l3, Gas7, Gas8, Gba1, Gba2, Gbf1, Gcc2, Gch1, Gclc, Gclm, Gcn1, Gda, Gdap1, Gdi2, Gdpd2, Gem, Gen1, Get1, Get3, Get4, Gfap, Gfm2, Gfy, Ggct, Ggnbp1, Ghitm, Ghrl, Ghsr, Gigyf2, Gimap3, Gimap5, Git1, Gja1, Gk2, Gm10662, Gm10668, Gm12185, Gm12250, Gm14137, Gm44504, Gm4513, Gm4841, Gm5157, Gm5414, Gm5431, Gm5478, Gm5890, Gm6176, Gm6882, Gm773, Gmfb, Gmfg, Gmnc, Gnai1, Gnai3, Gnl3, Gnl3l, Gnptab, Golga2, Golga5, Golm1, Golph3, Golph3l, Gopc, Gorab, Gorasp1, Gorasp2, Gosr1, Gosr2, Gper1, Gpm6b, Gpr143, Gpr3, Gpr35, Gpr65, Gpsm1, Gpsm2, Gpx1, Gramd2a, Grb2, Grb7, Grhl3, Grid2, Grid2ip, Grik5, Grn, Gsk3a, Gsk3b, Gsn, Gtf2b, Gtpbp2, H1f0, H1f1, H1f10, H1f2, H1f3, H1f4, H1f5, H1f6, H1f7, H1f8, H1f9, H2al1a, H2al2a, H2bc1, H3f3a, H3f3b, Habp4, Hace1, Hacl1, Hap1, Haspin, Haus1, Haus2, Haus3, Haus4, Haus5, Haus6, Haus7, Haus8, Hax1, Hbs1l, Hck, Hcls1, Hdac2, Hdac3, Hdac6, Hdac8, Hdgfl3, Hecw2, Hepacam2, Hexa, Hexb, Hfm1, Hgf, Hhex, Hif1a, Higd1a, Higd1b, Higd1c, Higd2a, Hikeshi, Hip1, Hip1r, Hjurp, Hk2, Hmbox1, Hmcn1, Hmga2, Hmgb1, Hmgb2, Hmgb3, Hmgcl, Hnrnpa2b1, Hnrnpc, Hnrnpd, Hnrnpu, Hoatz, Hook1, Hook2, Hook3, Hormad1, Hormad2, Hoxa13, Hps1, Hps3, Hps4, Hps5, Hps6, Hras, Hrg, Hrk, Hsd17b1, Hsd17b10, Hsf1, Hsf2bp, Hsf5, Hsp90aa1, Hsp90ab1, Hsp90b1, Hspa1a, Hspa1b, Hspa2, Hspa4, Hspa8, Hspd1, Hsph1, Htr1a, Htra2, Htt, Hus1, Hus1b, Huwe1, Hydin, Hyls1, Icam1, Id1, Idua, Ier3, Ifi27, Ifi27l2a, Ifi27l2b, Ifi47, Ift122, Ift140, Ift172, Ift20, Ift22, Ift25, Ift27, Ift43, Ift46, Ift52, Ift56, Ift57, Ift70a1, Ift70a2, Ift70b, Ift74, Ift80, Ift81, Ift88, Igf1, Igf1r, Igf2, Igtp, Iho1, Iigp1, Iigp1c, Ik, Ikbkb, Il1a, Il1b, Il1rap, Il5, Ilk, Immp2l, Immt, Ina, Incenp, Inf2, Ing2, Ino80, Ino80b, Ino80c, Ino80d, Ino80e, Inpp5e, Inpp5j, Inpp5k, Inppl1, Ins1, Ins2, Insc, Insig1, Insr, Insrr, Insyn1, Ints13, Intu, Iqcb1, Iqcg, Iqgap1, Iqgap2, Iqgap3, Iqschfp, Iqsec1, Iqsec2, Iqsec3, Iqub, Irag2, Irgm1, Irgm2, Itgb1, Itgb1bp1, Itgb1bp2, Itgb3, Itgb3bp, Itgb5, Itpa, Itpka, Izumo3, Jagn1, Jam3, Jhy, Jmjd6, Jmy, Jtb, Jun, Kank1, Kank2, Kank3, Kank4, Kash5, Kat2a, Kat2b, Kat5, Katna1, Katnal1, Katnal2, Katnb1, Katnbl1, Kbtbd13, Kcnc3, Kcne1, Kcnf1, Kcnj10, Kcnq1, Kctd13, Kctd17, Kctd19, Kdm3a, Kdm4a, Kdr, Khdc3, Kif11, Kif13a, Kif14, Kif15, Kif17, Kif18a, Kif18b, Kif19a, Kif20a, Kif21a, Kif22, Kif23, Kif24, Kif27, Kif28, Kif2a, Kif2b, Kif2c, Kif3a, Kif3b, Kif4, Kif5b, Kif9, Kifap3, Kifbp, Kifc1, Kifc3, Kifc5b, Kirrel1, Kiss1r, Kit, Kiz, Klc1, Klc3, Klf4, Klhdc10, Klhdc8b, Klhl12, Klhl17, Klhl22, Klhl24, Klhl41, Knl1, Knstrn, Kntc1, Kpnb1, Kptn, Kras, Krt1, Krt10, Krt12, Krt13, Krt14, Krt15, Krt16, Krt17, Krt18, Krt19, Krt2, Krt20, Krt23, Krt24, Krt25, Krt26, Krt27, Krt28, Krt31, Krt32, Krt33a, Krt33b, Krt34, Krt35, Krt36, Krt39, Krt4, Krt40, Krt42, Krt5, Krt6a, Krt6b, Krt7, Krt71, Krt72, Krt73, Krt74, Krt75, Krt76, Krt77, Krt78, Krt79, Krt8, Krt80, Krt81, Krt82, Krt83, Krt84, Krt85, Krt86, Krt87, Krt9, Krt90, L3mbtl1, Lama5, Lamp1, Lamp2, Lamtor1, Laptm4b, Laptm5, Large1, Larp4, Lats1, Lca5, Lca5l, Lcmt1, Lcp1, Ldaf1, Ldah, Ldb1, Ldb3, Lemd2, Lemd3, Letm1, Letm2, Letmd1, Liat1, Lif, Lig3, Lig4, Lima1, Limch1, Limd1, Limd2, Limk1, Limk2, Lipa, Llgl1, Llgl2, Lman1, Lmna, Lmnb1, Lmnb2, Lmod1, Lmod2, Lmod3, Lncbate1, Lnpk, Lonp1, Lonp2, Loricrin, Lpar1, Lpcat3, Lpin1, Lrba, Lrch3, Lrfn1, Lrfn4, Lrguk, Lrp1, Lrp5, Lrrc23, Lrrc4, Lrrc4b, Lrrc61, Lrrc78, Lrrk2, Lrrtm1, Lrrtm2, Lrsam1, Lsm14a, Lsm14b, Lsm3, Lsm4, Lsp1, Ltn1, LTO1, Lurap1, Luzp1, Lyrm2, Lyrm7, Lyset, Lysmd3, Lyst, Lzts2, M1ap, Macf1, Macir, Macroh2a1, Mad1l1, Mad2l1, Mad2l1bp, Mad2l2, Maea, Mael, Magel2, Maip1, Majin, Mak, Man2a1, Map10, Map1a, Map1b, Map1lc3a, Map1lc3b, Map1s, Map2, Map2k1, Map2k2, Map2k7, Map3k1, Map3k20, Map3k4, Map4, Map6, Map6d1, Map7, Map7d1, Map7d2, Map7d3, Map9, Mapk1, Mapk15, Mapk3, Mapk8, Mapk9, Mapkap1, Mapkapk5, Mapre1, Mapre2, Mapre3, Mapt, Marchf5, Marchf7, Marcks, Marcksl1, Marf1, Mark1, Mark2, Mark3, Mark4, Mast1, Mast2, Mast3, Mast4, Mastl, Mau2, Mavs, Mbtps1, Mcat, Mcidas, Mcl1, Mcmbp, Mcmdc2, Mcoln1, Mcph1, Mcrs1, Mcts1, Mcu, Mdk, Mdm1, Mdn1, Mecp2, Mef2a, Mef2c, Mei1, Mei4, Meig1, Meikin, Meiob, Meioc, Meiosin, Met, Mettl17, Mettl4, Mff, Mfn1, Mfn2, Mfsd14a, Mfsd8, Mgarp, Mgme1, Mia3, Mical1, Mical2, Mical3, Micall2, Micos10, Micos13, Micu1, Mid1, Mid1ip1, Mief1, Mief2, Miga1, Miga2, Mink1, Mir124a-1, Mir124a-2, Mir124a-3, Mir129-2, Mir133a-1hg, Mir34b, Mir34c, Mir351, Mir449a, Mir449b, Mir449c, Mir539, Mir668, Mir696, Mis12, Mis18a, Misfa, Misp, Mki67, Mkks, Mkln1, Mks1, Mlh1, Mlh3, Mllt11, Mlst8, Mmgt1, Mmp9, Mnd1, Mns1, Moap1, Mob2, Morc2b, Mos, Mospd2, Mov10l1, Mphosph9, Mpp2, Mpv17, Mpv17l, Mpv17l2, Mre11a, Mreg, Mrm2, Mrpl15, Mrpl17, Mrpl39, Mrpl58, Mrps2, Mrps7, Mrrf, Mrtfa, Mrtfb, Mrto4, Msh2, Msh3, Msh4, Msh5, Msn, Msrb1, Msrb2, Msto1, Msx1, Msx2, mt-Nd1, mt-Nd2, mt-Nd4, mt-Nd5, mt-Nd6, mt-Rnr1, mt-Rnr2, Mta1, Mta2, Mtbp, Mtch1, Mtch2, Mtcl1, Mterf1a, Mterf1b, Mterf3, Mterf4, Mtfp1, Mtfr1, Mtfr1l, Mtfr2, Mtif2, Mtif3, Mtm1, Mtmr3, Mtmr4, Mtnap1, Mtor, Mtpn, Mtres1, Mtrfr, Mtss1, Mtx1, Mtx2, Mtx3, Mul1, Mup1, Mup11, Mup2, Mup3, Mup4, Mup5, Mus81, Mx2, Myadm, Mybl1, Mybl2, Mybpc1, Mybpc2, Mybpc3, Mybph, Myc, Mycbp2, Myh10, Myh11, Myh14, Myh6, Myh9, Myl2, Myl9, Mylk3, Myo15a, Myo18a, Myo18b, Myo19, Myo1a, Myo1b, Myo1c, Myo1d, Myo1e, Myo1f, Myo1g, Myo1h, Myo3a, Myo3b, Myo5a, Myo5b, Myo5c, Myo6, Myo7a, Myo7b, Myo9a, Myoc, Myom1, Myom2, Myom3, Myoz1, Myoz2, Mypn, Mzt1, Naa10, Naa20, Naa25, Naa50, Naa80, Nabp2, Naf1, Naglu, Naif1, Nanos2, Nasp, Nat10, Nav1, Nav3, Nbdy, Nbeal2, Nbn, Ncapd2, Ncapd3, Ncapg, Ncapg2, Ncaph, Ncaph2, Nck1, Nck2, Nckap1, Nckap1l, Nckap5, Nckap5l, Ncln, Ncor1, Ndc1, Ndc80, Nde1, Ndel1, Ndufa1, Ndufa10, Ndufa11, Ndufa11b, Ndufa12, Ndufa13, Ndufa2, Ndufa3, Ndufa5, Ndufa6, Ndufa8, Ndufa9, Ndufab1, Ndufab1-ps, Ndufaf1, Ndufaf2, Ndufaf3, Ndufaf4, Ndufaf5, Ndufaf6, Ndufaf7, Ndufaf8, Ndufb1, Ndufb10, Ndufb11, Ndufb11b, Ndufb2, Ndufb3, Ndufb4, Ndufb4b, Ndufb4c, Ndufb5, Ndufb6, Ndufb7, Ndufb8, Ndufb9, Ndufc1, Ndufc2, Ndufs1, Ndufs2, Ndufs3, Ndufs4, Ndufs5, Ndufs6, Ndufs7, Ndufs8, Neat1, Neb, Nebl, Nectin2, Nedd1, Nedd9, Nefh, Nefl, Nefm, Negr1, Nek1, Nek2, Nek6, Nek7, Nemf, Nemp1, Nes, Neurl1a, Neurl2, Neurl4, Neurog1, Nexn, Nf1, Nf2, Nfe2l1, Nfia, Nfib, Nfix, Nfrkb, Ngef, Ngrn, Nherf1, Nhp2, Nin, Ninl, Nip7, Nipbl, Nipsnap2, Nisch, Nkd2, Nkx2-5, Nlgn1, Nlgn2, Nlgn3, Nlrp4f, Nlrp5, Nme3, Nme5, Nme6, Nme7, Nme8, Noa1, Noct, Nol3, Nolc1, Nomo1, Nop10, Nop2, Nop53, Norad, Nos1ap, Notch1, Noto, Nox4, Nphp3, Nphs1, Nphs2, Nploc4, Npm1, Npm2, Nppc, Npr2, Nptx1, Nptxr, Nrap, Nrf1, Nrp1, Nrxn1, Nrxn2, Nrxn3, Nsfl1c, Nsl1, Nsmce2, Nsun4, Nsun7, Ntmt1, Ntng2, Ntrk3, Nuak2, Nubp1, Nubpl, Nudc, Nudcd3, Nudt16, Nuf2, Numa1, Nup107, Nup133, Nup153, Nup155, Nup205, Nup35, Nup54, Nup62, Nup93, Nup98, Nupr1, Nusap1, Nvl, Obox4, Obsl1, Oca2, Ocrl, Odad1, Odad2, Odad3, Odad4, Odam, Odf2, Odf2l, Ofd1, Ogfod1, Oip5, Oma1, Onecut1, Onecut2, Ooep, Opa1, Opa3, Ophn1, Optn, Orc4, Osbp, Osm, Oxa1l, P2rx7, Pacs2, Pacsin1, Pacsin2, Pacsin3, Padi6, Pafah1b1, Pak1, Pak2, Pak3, Pak5, Pakap, Palld, Palm, Pam, Pan2, Pan3, Pank2, Pard3, Pard3b, Pard6a, Pard6b, Pard6g, Park7, Parl, Parn, Parp1, Parp11, Parp3, Parva, Parvb, Parvg, Patl1, Patl2, Pawr, Pax6, Pbrm1, Pcdh15, Pcdhga3, Pcid2, Pclaf, Pclo, Pcm1, Pcna, Pcnt, Pdcd10, Pdcd5, Pdcd5-ps, Pdcd6, Pdcd6ip, Pdcl2, Pdcl3, Pde2a, Pde3a, Pde4dip, Pdgfa, Pdgfb, Pdgfra, Pdgfrb, Pdlim1, Pdlim2, Pdlim3, Pdlim4, Pdlim5, Pdlim7, Pds5a, Pds5b, Pdxp, Pdzd8, Pebp1, Pecam1, Pef1, Pelo, Pes1, Pet100, Pet117, Pex1, Pex10, Pex11a, Pex11b, Pex11g, Pex12, Pex13, Pex14, Pex16, Pex19, Pex2, Pex26, Pex3, Pex5, Pex5l, Pex6, Pex7, Pfdn1, Pfdn2, Pfn1, Pfn2, Pfn3, Pfn4, Pgam5, Pgm5, Phactr1, Phactr2, Phactr3, Phactr4, Phb1, Phb2, Pheta1, Pheta2, Phf10, Phf13, Phf2, Phf23, Phf8, Phip, Phldb1, Phldb2, Phpt1, Pi4k2a, Pi4k2b, Pi4ka, Pi4kb, Pibf1, Picalm, Pick1, Pid1, Pierce1, Pierce2, Pif1, Pik3c2a, Pik3c2b, Pik3c3, Pik3ca, Pik3r1, Pik3r2, Pikfyve, Pim2, Pink1, Pinx1, Pip4k2a, Pip4k2b, Pip4k2c, Pip5k1a, Pisd, Piwil1, Piwil2, Pjvk, Pkd1, Pkd2, Pkhd1, Pkib, Pkp1, Pkp2, Pkp3, Pla2g3, Pla2g4a, Pla2g4c, Pla2g5, Pla2g6, Plaat1, Plaat3, Plaur, Plcb1, Pld6, Plec, Plek, Plek2, Plekha3, Plekhf1, Plekhf2, Plekhg2, Plekhh2, Plekhj1, Plekhm1, Plekhm2, Plin2, Plin3, Plin5, Plk1, Plk2, Plk3, Plk4, Plk5, Pln, Pls1, Pls3, Plscr3, Plxna3, Plxnb1, Pmaip1, Pmel, Pml, Pmp22, Pnkp, Pnma5, Pnp, Pnpla2, Pnpla3, Pnpt1, Poc1a, Poc1b, Pof1b, Pogz, Poldip2, Polg, Polg2, Polr1b, Polr2m, Pom121, Pot1a, Pot1b, Potefam3a, Potefam3b, Pparg, Ppargc1a, Ppargc1b, Ppfia1, Ppfibp1, Ppia, Ppid, Ppif, Ppl, Ppm1e, Ppm1f, Ppm1k, Ppp1ca, Ppp1r10, Ppp1r12a, Ppp1r35, Ppp1r9a, Ppp1r9b, Ppp2cb, Ppp2r1a, Ppp2r1b, Ppp2r2b, Ppp2r2d, Ppp2r3c, Ppp2r5c, Ppp2r5d, Ppp3cb, Ppt1, Pqbp1, Prap1, Prc1, Prdm9, Prdx3, Preb, Prelid1, Prex1, Prickle1, Prickle2, Prickle4, Primpol, Prkaa1, Prkaa2, Prkar1a, Prkcd, Prkce, Prkci, Prkcq, Prkcz, Prkd1, Prkdc, Prkn, Prm1, Prm2, Prm3, Prmt5, Prmt6, Proca1, Prox1, Prpf40a, Prpf4b, Prph, Prr5, Prrc2c, Prrt2, Prune1, Psen1, Psma8, Psmc3ip, Psmd10, Psmd13, Psme4, Psmg2, Pspc1, Psrc1, Pstpip2, Ptbp1, Ptcd2, Pten, Ptger4, Ptges3, Ptges3-ps, Ptgfrn, Ptk2, Ptk2b, Ptk7, Ptpa, Ptpdc1, Ptpn1, Ptpn23, Ptprd, Ptprs, Ptrh1, Pttg1, Pum2, Pwp2, Pxn, Pycard, Pygo1, Pygo2, Pyroxd2, Rab10, Rab11a, Rab11fip3, Rab13, Rab14, Rab17, Rab18, Rab19, Rab1a, Rab1b, Rab20, Rab22a, Rab23, Rab27a, Rab29, Rab2a, Rab2b, Rab30, Rab31, Rab32, Rab33a, Rab33b, Rab34, Rab38, Rab39, Rab3a, Rab3gap1, Rab3gap2, Rab3ip, Rab43, Rab4b, Rab5b, Rab5c, Rab5if, Rab6b, Rab7, Rab7b, Rab8a, Rab8b, Rabep2, Rabl2, Rac1, Rac2, Rac3, Racgap1, Rack1, Rad1, Rad21, Rad21l, Rad50, Rad51, Rad51ap1, Rad51c, Rad51d, Rad54b, Rad54l, Rae1, Raf1, Rala, Ralb, Ralbp1, Ran, Ranbp1, Ranbp10, Ranbp9, Rangrf, Rap1gds1, Rap2a, Rapgef3, Rapsn, Rasa1, Rb1, Rb1cc1, Rbm14, Rbm46, Rbsn, Rc3h1, Rcc1, Rcc1l, Rchy1, Rdx, Rec8, Recql4, Reep1, Reep2, Reep3, Reep4, Reep5, Reln, Retreg1, Retreg2, Retreg3, Rflna, Rflnb, Rfx2, Rfx3, Rfx4, Rgcc, Rgs14, Rgs4, Rho, Rhoa, Rhob, Rhobtb1, Rhobtb2, Rhoc, Rhod, Rhof, Rhog, Rhoh, Rhoj, Rhoq, Rhot1, Rhot2, Rhou, Rhov, Rhpn1, Rhpn2, Rictor, Rif1, Rilp, Rilpl1, Rilpl2, Rimbp2, Rims1, Rims2, Riok2, Ripor2, Rmi1, Rmi2, Rnaseh1, Rnasek, Rnd1, Rnd2, Rnd3, Rnf112, Rnf14, Rnf186, Rnf212, Rnf212b, Rnf213, Rnf25, Rnf26, Rnf26rt, Rnf4, Rnf5, Rnf7, Rnf8, Rnh1, Ro60, Rock1, Rock2, Romo1, Ropn1, Rp1, Rp1l1, Rpa1, Rpa2, Rpf2, Rpgr, Rpgrip1, Rpgrip1l, Rph3a, Rph3al, Rpl10l, Rpl11, Rpl24, Rpl38, Rpl5, Rps14, Rps15, Rps19, Rps23, Rps25, Rps27, Rps27l, Rps28, Rps3, Rps5, Rps6, Rps6-ps4, Rps6ka2, Rpsa, Rrm1, Rrm2b, Rrn3, Rrp7a, Rrp8, Rrs1, Rsph1, Rsph4a, Rsph6a, Rsph9, Rspo1, Rtel1, Rtkn, Rtn1, Rtn2, Rtn3, Rtn4, Rttn, Rubcn, Rubcnl, Rufy1, Rufy3, Rufy4, Ruvbl1, Ruvbl2, S100a10, S100a9, S1pr1, S1pr2, Sac3d1, Samd14, Samd9l, Samm50, Sapcd2, Sar1a, Sar1b, Sass6, Saxo1, Saysd1, Sbds, Scap, Scfd1, Scin, Sclt1, Sco1, Sco2, Sdc1, Sdc4, Sdcbp, Sdccag8, Sdhaf1, Sdhaf2, Sdhaf3, Sdhaf4, Sec13, Sec16a, Sec16b, Sec22b, Sec23a, Sec23b, Sec23ip, Sec24a, Sec24b, Sec24c, Sec24d, Sec31a, Sec31b, Sec61a1, Seh1l, Selenof, Selenon, Sema5a, Senp6, Septin1, Septin2, Septin4, Septin7, Septin8, Septin9, Serbp1, Serpine2, Serpinf2, Sesn2, Setd2, Setd3, Setmar, Sf1, Sfn, Sfpq, Sfrp1, Sgk1, Sgo1, Sgo2a, Sgo2b, Sgta, Sh2b1, Sh2b2, Sh3bgrl3, Sh3bp1, Sh3d19, Sh3d21, Sh3gl2, Sh3glb1, Sh3kbp1, Sh3pxd2b, Shank1, Shank3, Sharpin, Shc1, Shcbp1l, Shh, Shld1, Shld2, Shld3, Shoc1, Shroom1, Shroom2, Shroom3, Shroom4, Shtn1, Siah1a, Siglec15, Sik3, Sipa1l1, Sipa1l3, Sirpa, Sirt1, Sirt2, Sirt6, Sirt7, Siva1, Six4, Ska1, Ska2, Ska3, Skic2, Skic3, Skic8, Slain1, Slain2, Slamf1, Slamf8, Slc16a1, Slc17a7, Slc22a5, Slc25a31, Slc25a33, Slc25a36, Slc25a4, Slc25a46, Slc25a5, Slc2a4, Slc30a1, Slc30a9, Slc35d3, Slc35f6, Slc39a12, Slc45a2, Slc4a2, Slc4a7, Slc9a1, Slc9a6, Slc9a8, Slc9a9, Slf1, Slf2, Slirp, Slit2, Slitrk3, Slk, Slx1b, Slx4, Smad3, Smad4, Smarca2, Smarca4, Smarca5, Smarcb1, Smarcc1, Smarcc2, Smarcd1, Smarcd2, Smarcd3, Smarce1, Smc1a, Smc1b, Smc2, Smc3, Smc4, Smc5, Smc6, Smchd1, Smcr8, Smg1, Smg5, Smg6, Smim20, Smim22, Smn1, Smpd3, Smpd4, Smurf1, Snap23, Snap25, Snap29, Snap47, Snap91, Snapin, Snca, Snf8, Snhg15, Snph, Snupn, Snx10, Snx11, Snx18, Snx19, Snx3, Snx30, Snx33, Snx4, Snx7, Snx9, Sod1, Sod2, Son, Sorbs1, Sorbs3, Sort1, Sox30, Sox9, Sp100, Spaca1, Spaca9, Spag1, Spag16, Spag17, Spag5, Spag6, Spag6l, Spart, Spast, Spata18, Spata19, Spata22, Spata4, Spata6, Spata7, Spatc1l, Spc24, Spc25, Spdl1, Spdya, Specc1, Specc1l, Spef1, Spef1l, Spef2, Spg11, Spg7, Sphk1, Spice1, Spin1, Spink2, Spire1, Spire2, Spns1, Spo11, Sppl2c, Sprr1b, Sprr2a1, Spry1, Spry2, Spta1, Sptan1, Sptb, Sptbn1, Sptbn2, Sptbn4, Sptbn5, Sptssb, Sqle, Sqstm1, Src, Srcin1, Srf, Srgap2, Srgn, Srpk2, Srpx, Ss18, Ssbp1, Ssh1, Ssh2, Ssh3, Ssna1, Ssx2ip, Stag1, Stag2, Stag3, Stam, Stard13, Stard8, Stard9, Stat2, Stat3, Stau2, Stbd1, Steep1, Stil, Sting1, Stk25, Stk36, Stmn1, Stmn2, Stmn3, Stmn4, Stmnd1, Stmp1, Stn1, Stoml2, Stox1, Stpg1, Stra8, Stradb, Strip1, Strip2, Stx11, Stx12, Stx16, Stx17, Stx18, Stx19, Stx1a, Stx1b, Stx2, Stx3, Stx4a, Stx5a, Stx6, Stx7, Stx8, Stxbp1, Stxbp6, Styxl1, Sugt1, Sumo1, Sun1, Sun2, Supv3l1, Surf1, Surf4, Surf6, Suv39h1, Suv39h2, Svil, Swap70, Syce1, Syce1l, Syce2, Syce3, Sycp1, Sycp2, Sycp3, Syde1, Syne1, Syne2, Syne3, Syngap1, Synj1, Synm, Synpo, Synpo2, Synpo2l, Syt1, Syt11, Syt13, Syt2, Syt3, Syt4, Syt5, Syt7, Syt8, Syt9, Tac1, Tacc1, Tacc2, Tacc3, Taco1, Tacr1, Tacstd2, Tafazzin, Tagln2, Tagln3, Tal1, Tango2, Taok1, Taok2, Tapt1, Tardbp, Tasl, Tbc1d12, Tbc1d14, Tbc1d20, Tbc1d21, Tbc1d25, Tbc1d30, Tbc1d31, Tbc1d32, Tbc1d4, Tbc1d7, Tbcb, Tbcd, Tbce, Tbcel, Tbck, Tbpl1, Tcap, Tcf25, Tcf7l2, Tchh, Tchp, Tcirg1, Tcp1, Tctn1, Tctn2, Tctn3, Tdrd1, Tdrd12, Tdrd3, Tdrd5, Tdrd6, Tdrd7, Tdrd9, Tdrkh, Tecpr1, Tekt1, Tekt2, Tekt3, Tekt4, Tekt5, Ten1, Tenm1, Tent4b, Tep1, Terb1, Terb2, Terc, Terf1, Terf2, Terf2ip, Tert, Tesk1, Tesk2, Tesmin, Tex11, Tex12, Tex14, Tex15, Tex19.1, Tex19.2, Tfam, Tfe3, Tfeb, Tfpt, Tfrc, Tgfa, Tgfb1, Tgfb2, Tgfb3, Tgfbr1, Tgfbrap1, Tgtp1, Tgtp2, Them4, Thg1l, Thsd7a, Thsd7b, Thy1, Tia1, Timd4, Timm10, Timm13, Timm21, Timm22, Timm29, Timm50, Timm9, Timmdc1, Tinf2, Tjap1, Tjp1, Tk2, Tle6, Tln1, Tln2, Tlr2, Tmcc1, Tmco1, Tmed1, Tmed10, Tmed10-ps, Tmed11, Tmed2, Tmed3, Tmed4, Tmed5, Tmed6, Tmed7, Tmed9, Tmeff2, Tmem102, Tmem106b, Tmem107, Tmem108, Tmem11, Tmem126a, Tmem126b, Tmem127, Tmem135, Tmem138, Tmem147, Tmem14a, Tmem165, Tmem17, Tmem170, Tmem175, Tmem177, Tmem186, Tmem199, Tmem201, Tmem216, Tmem223, Tmem231, Tmem237, Tmem242, Tmem33, Tmem38a, Tmem38b, Tmem39a, Tmem41b, Tmem43, Tmem67, Tmem70, Tmem80, Tmem9, Tmf1, Tmod1, Tmod2, Tmod3, Tmod4, Tmprss12, Tmsb10, Tmsb15b2, Tmsb15l, Tmsb4x, Tnf, Tnfaip1, Tnfaip3, Tnfsf10, Tnik, Tnks, Tnks2, Tnnt1, Tnnt2, Tnnt3, Tnp1, Tnp2, Tnrc6a, Tns3, Togaram1, Togaram2, Tom1, Tom1l1, Tom1l2, Tomm22, Tomm40, Tomm70a, Top1, Top1mt, Top2a, Top2b, Top3a, Top3b, Top6bl, Topbp1, Tor1a, Tor1aip1, Tor1aip2, Tor1b, Tpcn2, Tpgs1, Tpm1, Tpm2, Tpm3, Tpm3-rs7, Tpm4, Tpp1, Tppp, Tppp2, Tppp3, Tpr, Tpx2, Trabd, Traf3ip1, Traf6, Tram1, Tram1l1, Tram2, Trappc1, Trappc10, Trappc11, Trappc12, Trappc13, Trappc14, Trappc2, Trappc2l, Trappc3, Trappc4, Trappc5, Trappc6a, Trappc6b, Trappc8, Trappc9, Trarg1, Trdn, Trex1, Trf, Triap1, Trim21, Trim27, Trim32, Trim36, Trim37, Trim46, Trim54, Trim72, Trim75, Trim9, Trip11, Trip13, Trip4, Trmt10b, Trnt1, Trp53, Trp53inp1, Trp53inp2, Trpm2, Trpm7, Trpv3, Trpv4, Tsc1, Tsg101, Tsga10ip, Tsga8, Tspan32, Tspo2, Tssk6, Ttbk2, Ttc12, Ttc17, Ttc19, Ttc21a, Ttc21b, Ttc29, Ttc39c, Ttc8, Ttk, Ttl, Ttll1, Ttll11, Ttll13, Ttll2, Ttll3, Ttll4, Ttll5, Ttll6, Ttll7, Ttll8, Ttll9, Ttn, Tub, Tuba1a, Tuba1b, Tuba1c, Tuba3a, Tuba4a, Tuba8, Tubal3, Tubb1, Tubb2a, Tubb2b, Tubb3, Tubb4a, Tubb4b, Tubb5, Tubb6, Tubd1, Tube1, Tubg1, Tubg2, Tubgcp2, Tubgcp3, Tubgcp4, Tubgcp5, Tubgcp6, Tug1, Twf1, Twf2, Twnk, Txndc15, Txndc9, Tymp, Tyrobp, Tyrp1, Ubap2l, Ubb, Ube2b, Ube2c, Ube2s, Ube2srt, Ube2u, Ubl4a, Ubqln1, Ubqln2, Ubqln4, Ubr2, Ubr4, Ubxn10, Ubxn2a, Ubxn2b, Uchl5, Ucp2, Ufl1, Ufsp2, Ugt8a, Uhrf1, Ulk1, Ulk2, Ulk3, Ulk4, Umod, Unc119b, Unc13a, Unc13b, Upf1, Uqcc1, Uqcc2, Uqcc3, Uqcc4, Uqcc5, Uqcc6, Uqcrc1, Use1, Ush1c, Uso1, Usp10, Usp16, Usp30, Usp33, Usp36, Usp44, Usp50, Usp6nl, Usp8, Usp9x, Uspl1, Uvrag, Uxt, Vamp1, Vamp2, Vamp3, Vamp4, Vamp7, Vamp8, Vamp9, Vangl2, Vapa, Vapb, Vasp, Vat1, Vav3, Vcp, Vcpip1, Vdac2, Vdac3, Vil1, Vill, Vim, Vmp1, Vps11, Vps13a, Vps13b, Vps13c, Vps13d, Vps16, Vps18, Vps33a, Vps33b, Vps35, Vps39, Vps41, Vps4a, Vps4b, Vps51, Vps54, Vps8, Vrk1, Vti1a, Vti1b, Wapl, Was, Wasf1, Wasf2, Wasf3, Washc1, Washc2, Washc3, Washc4, Washc5, Wasl, Wbp2nl, Wdhd1, Wdpcp, Wdr1, Wdr11, Wdr19, Wdr35, Wdr44, Wdr45, Wdr45b, Wdr47, Wdr62, Wdr72, Wdr73, Wdr81, Wdr83os, Wdr90, Wee1, Wee2, Whamm, Wipf1, Wipf3, Wipi1, Wipi2, Wmp, Wnk1, Wnk3, Wnt11, Wnt3a, Wnt4, Wnt5a, Wrap53, Wrap73, Wrn, Wtip, Wwtr1, Xirp1, Xirp2, Xpa, Xpo1, Xrcc1, Xrcc2, Xrcc3, Xrcc4, Xrcc5, Xrcc6, Xrn1, Yap1, Yif1b, Yipf4, Yipf5, Yipf7, Ylpm1, Yme1l1, Ythdf1, Ythdf2, Ythdf3, Ywhah, Ywhaz, Yy1, Zar1, Zbed3, Zbtb48, Zcwpw1, Zdhhc12, Zdhhc15, Zdhhc2, Zdhhc20, Zdhhc6, Zeb2, Zfand1, Zfand6, Zfp13, Zfp207, Zfp354a, Zfp365, Zfp385a, Zfp423, Zfp541, Zfp598, Zfp827, Zfp830, Zfy2, Zfyve1, Zfyve26, Zfyve27, Zic2, Zkscan3, Zmpste24, Zmym3, Zmym4, Zmym6, Zmynd10, Zmynd12, Zmynd8, Znrf1, Znrf2, Zpbp, Zpbp2, Zpr1, Zranb1, Zscan21, Zscan4c, Zscan4d, Zscan4f, Zw10, Zwilch, Zwint, Zyx
GO:0006366	transcription by RNA polymerase II	2745	69	39.99	5.3e-06	0.001705275	2010315B03Rik, 2610008E11Rik, 2610021A01Rik, 2810021J22Rik, 4930402K13Rik, 4930480E11Rik, 4930522L14Rik, 5730507C01Rik, A430033K04Rik, A630001G21Rik, Aamdc, Abcc9, Abhd14b, Ablim1, Ablim2, Ablim3, Abra, Abt1, Actb, Actl6a, Actl6b, Actn4, Actr2, Actr3, Acvr1, Acvr1b, Acvr2a, Acvr2b, Acvrl1, Adcyap1, Adnp, Adrb2, Adrm1, Adrm1b, Aebp1, Aebp2, Agap2, Ago1, Ago2, Agrn, Ahi1, Ahr, Ahrr, AI854703, AI987944, Aicda, Aire, Ajuba, Akap8l, Akirin1, Akirin2, Akna, Akt1, Akt2, Alx1, Alx3, Alx4, Ambra1, Amot, Amotl2, Ankrd1, Ankrd2, Ankrd23, Anxa2, Anxa4, Ap3b1, Ap3d1, Apbb1, Apbb2, Apbb3, Apex1, Apobec1, Apobec2, App, Ar, Arf4, Arhgef2, Arid1a, Arid1b, Arid2, Arid3a, Arid3b, Arid3c, Arid4a, Arid4b, Arid5a, Arid5b, Armcx3, Arnt, Arnt2, Arrb1, Arrb2, Arx, Ascl1, Ascl2, Ascl3, Ascl4, Ascl5, Ash1l, Ash2l, Asxl1, Asxl2, Asxl3, Atad2, Atad2b, Atf1, Atf1-ps, Atf2, Atf3, Atf4, Atf5, Atf6, Atf6b, Atf7, Atf7ip, Atm, Atmin, Atn1, Atoh1, Atoh7, Atoh8, Atp2b4, Atrx, Atxn1, Atxn1l, Atxn7, Atxn7l3, AU041133, Aurkb, Auts2, AW146154, Axin1, Aym1, B020011L13Rik, Bach1, Bach2, Barhl1, Barhl2, Barx1, Barx2, Batf, Batf2, Batf3, Baz1b, Bbs7, Bbx, BC024063, Bcas3, Bcl11a, Bcl11b, Bcl2l12, Bcl3, Bcl6, Bcl6b, Bcl7a, Bcl7b, Bcl7c, Bcl9, Bcl9l, Bclaf1, Bclaf3, Bcor, Bcorl1, Bend3, Bex2, Bhlha15, Bhlha9, Bhlhe22, Bhlhe23, Bhlhe40, Bhlhe41, Bicra, Bicral, Bin1, Bloc1s2, Bmal1, Bmal2, Bmi1, Bmp2, Bmp3, Bmp4, Bmp5, Bmp6, Bmp7, Bmpr1a, Bmpr1b, Bmpr2, Bmyc, Bnc1, Bptf, Brca1, Brd1, Brd2, Brd3, Brd4, Brd7, Brd8, Brd9, Brip1, Brms1, Brms1l, Brpf1, Brpf3, Brwd1, Brwd3, Bsx, Btbd18, Btg2, Bud31, C1qbp, C5ar1, Calcoco1, Calr, Camk1, Camta1, Camta2, Cand1, Caprin2, Carf, Carm1, Cask, Casz1, Cav1, Cavin2, Cavin4, Cbfa2t2, Cbfa2t3, Cbfb, Cbx2, Cbx4, Cbx5, Cbx6, Cbx7, Cbx8, Cc2d1a, Cc2d1b, Ccdc124, Ccdc62, Ccl3, Ccn1, Ccnc, Ccnd1, Ccnd3, Ccne1, Ccnh, Ccnk, Ccnl1, Ccnl2, Ccnq, Ccnt1, Ccnt2, Ccpg1, Cd28, Cd36, Cd40, Cd81, Cdc14a, Cdc14b, Cdc5l, Cdc5lrt1, Cdc5lrt10, Cdc5lrt4, Cdc5lrt5, Cdc5lrt6, Cdc5lrt7, Cdc5lrt8, Cdc5lrt9, Cdc73, Cdh13, Cdk1, Cdk12, Cdk13, Cdk2, Cdk2ap1, Cdk2ap1rt, Cdk5rap3, Cdk6, Cdk7, Cdk8, Cdk9, Cdkn1c, Cdkn2a, Cdkn3, Cdon, Cdx1, Cdx2, Cdx4, Cebpa, Cebpb, Cebpd, Cebpe, Cebpg, Cebpz, Cela1, Cenpk, Ces1d, Cggbp1, Chaserr, Chchd2, Chchd2-ps, Chd3, Chd4, Chd5, Chd6, Chd7, Chd8, Chp2, Chuk, Churc1, Ciao1, Cic, Ciita, Cir1, Cited1, Cited2, Ckap2, Cks2, Clock, Cnbp, Cnot1, Cnot2, Cnot7, Cops2, Cops5, Coq7, Cpeb3, Cphx1, Cpped1, Creb1, Creb3, Creb3l1, Creb3l2, Creb3l3, Creb3l4, Creb5, Crebbp, Crebrf, Crebzf, Crem, Cripto, Crlf3, Crtc1, Crtc2, Crtc3, Crx, Crxos, Cry1, Cry2, Crym, Csf3, Csrnp1, Csrnp2, Csrnp3, Csrp3, Ctbp1, Ctbp2, Ctcf, Ctcfl, Ctdnep1, Ctdp1, Ctdsp1, Ctdsp2, Ctdspl, Ctdspl2, Ctnnb1, Ctnnbip1, Ctr9, Cul3, Cux1, Cux2, Cx3cl1, Cxcr3, Cxxc5, Cys1, Cytl1, D1Pas1, Dab2, Dab2ip, Dach1, Dach2, Dact1, Daxx, Dbp, Dbx1, Dbx2, Dcaf1, Dcaf6, Dcn, Ddit3, Ddn, Ddrgk1, Ddx17, Ddx20, Ddx21, Ddx3x, Ddx41, Ddx5, Deaf1, Dek, Dgkq, Dhx36, Dhx9, Dicer1, Dido1, Dkk1, Dlg1, Dll1, Dll4, Dlx1, Dlx2, Dlx3, Dlx4, Dlx5, Dlx6, Dlx6os1, Dmap1, Dmbx1, Dmrt1, Dmrt2, Dmrt3, Dmrta1, Dmrta2, Dmrtb1, Dmtf1, Dmtf1l, Dnaja3, Dnajb1, Dnajb4, Dnajb5, Dnajc17, Dnmt1, Dnmt3a, Dnmt3b, Dot1l, Dpf1, Dpf2, Dpf3, Dpy30, Dr1, Drap1, Drd2, Drd3, Drgx, Dubr, Dusp1, Dusp10, Dusp12, Dusp13a, Dusp13b, Dusp14, Dusp15, Dusp18, Dusp19, Dusp2, Dusp21, Dusp22, Dusp23, Dusp26, Dusp28, Dusp29, Dusp3, Dusp4, Dusp6, Dusp7, Dusp8, Duxbl1, Duxf3, Duxf4, Dvl1, Dvl2, Dvl3, Dyrk1a, E230001N04Rik, E2f1, E2f2, E2f3, E2f4, E2f5, E2f6, E2f7, E2f8, E4f1, Eaf1, Eaf2, Eapp, Ebf1, Ebf2, Ebf3, Ebf4, Ecd, Ecm1, Ecsit, Edn1, Ednrb, Eed, Eef1d, Efcab7, Efna1, Egfr, Egln1, Egr1, Egr2, Egr3, Egr4, Ehf, Ehmt1, Ehmt2, Eid1, Eid2, Eif4a1, Eif4a3, Elane, Elf1, Elf2, Elf3, Elf4, Elf5, Elk1, Elk3, Elk4, Ell, Ell2, Ell3, Eloa, Elob, Eloc, Elof1, Elp2, Elp3, Elp4, Emx1, Emx2, En1, En2, Eng, Eno1, Eno1b, Enpp1, Eny2, Eomes, Ep300, Epas1, Epc1, Epc2, Epcam, Epm2a, Epo, Epop, Ercc1, Ercc2, Ercc3, Ercc6, Erf, Erfl, Erg, Esr1, Esr2, Esrra, Esrrb, Esrrg, Esx1, Ets1, Ets2, Etv1, Etv2, Etv3, Etv3l, Etv4, Etv5, Etv6, Evx1, Evx2, Exosc9, Eya1, Ezh1, Ezh2, Ezr, F2rl1, Fadd, Fam170a, Fam220a, Fam47c, Fam47e, Fasl, Fbln5, Fbp1, Fbxl19, Ferd3l, Fev, Fezf1, Fezf2, Fgf1, Fgf10, Fgf2, Fgf4, Fgf9, Fgfr1, Fgfr2, Fgfr3, Fhl2, Fhl5, Fhod1, Figla, Fiz1, Fkbp10, Fkbp11, Fkbp14, Fkbp1a, Fkbp1b, Fkbp2, Fkbp3, Fkbp4, Fkbp5, Fkbp7, Fkbp8, Fkbp9, Flcn, Fli1, Flna, Flt3l, Flywch1, Fnip1, Fnip2, Fos, Fosb, Fosl1, Fosl2, Foxa1, Foxa2, Foxa3, Foxb1, Foxb2, Foxc1, Foxc2, Foxd1, Foxd2, Foxd3, Foxd4, Foxe1, Foxe3, Foxf1, Foxf2, Foxg1, Foxh1, Foxi1, Foxi2, Foxi3, Foxj1, Foxj2, Foxj3, Foxk1, Foxk2, Foxl1, Foxl2, Foxl3, Foxm1, Foxn1, Foxn4, Foxo1, Foxo3, Foxo4, Foxo6, Foxp1, Foxp2, Foxp3, Foxp4, Foxq1, Foxr1, Foxs1, Frk, Fst, Fstl3, Ftx, Fubp1, Fubp3, Fus, Fzd5, Gabpa, Gabpb1, Gabpb2, Gadd45a, Gal, Galr1, Galr2, Galr3, Gata1, Gata2, Gata3, Gata4, Gata5, Gata6, Gatad2a, Gatad2b, Gbp4, Gbx1, Gbx2, Gcm1, Gcm2, Gdf2, Gdnf, Gfi1, Gfi1b, Gli1, Gli2, Gli3, Glis1, Glis2, Glis3, Glmp, Glo1, Glp1r, Glrp1, Glyr1, Gm10033, Gm12258, Gm14295, Gm14322, Gm14325, Gm14391, Gm14399, Gm14401, Gm14403, Gm14412, Gm14418, Gm14434, Gm14443, Gm14444, Gm15446, Gm17067, Gm17655, Gm2381, Gm35315, Gm3604, Gm4275, Gm45871, Gm4767, Gm4924, Gm5141, Gm614, Gm6871, Gm7072, Gmeb1, Gmeb2, Gnas, Gpbp1, Gper1, Gps2, Grem1, Grhl1, Grhl2, Grhl3, Grin1, Gsc, Gsc2, Gsk3a, Gsk3b, Gsx1, Gsx2, Gtf2a1, Gtf2a1l, Gtf2a2, Gtf2b, Gtf2e1, Gtf2e2, Gtf2f1, Gtf2f2, Gtf2h1, Gtf2h2, Gtf2h3, Gtf2h4, Gtf2h5, Gtf2i, Gtf2ird1, Gzf1, H1f2, H1f3, H1f4, H1f5, H2az1, H3c14, Halr1, Hamp, Hand1, Hand2, Hand2os1, Havcr2, Hax1, Hba-x, Hbb-bh1, Hbb-y, Hbp1, Hcfc1, Hcfc2, Hcls1, Hdac1, Hdac10, Hdac2, Hdac3, Hdac4, Hdac5, Hdac7, Hdac9, Hdgf, Hdx, Helt, Helz2, Hes1, Hes2, Hes3, Hes5, Hes6, Hes7, Hesx1, Hexb, Hexim1, Hexim2, Hey1, Hey2, Heyl, Hhex, Hic1, Hic2, Hif1a, Hif3a, Hinfp, Hipk1, Hipk2, Hipk3, Hivep1, Hivep2, Hivep3, Hjv, Hlf, Hltf, Hlx, Hmbox1, Hmg20a, Hmga1, Hmga2, Hmgb1, Hmgb2, Hmgb4, Hmgn1, Hmgn2, Hmgn3, Hmgn5, Hmox1, Hmx1, Hmx2, Hmx3, Hnf1a, Hnf1b, Hnf4a, Hnf4g, Hnrnpa2b1, Hnrnpab, Hnrnpd, Hnrnpk, Hnrnpu, Homez, Hopx, Hoxa1, Hoxa10, Hoxa11, Hoxa11os, Hoxa13, Hoxa2, Hoxa3, Hoxa4, Hoxa5, Hoxa6, Hoxa7, Hoxa9, Hoxb1, Hoxb13, Hoxb2, Hoxb3, Hoxb4, Hoxb5, Hoxb6, Hoxb7, Hoxb8, Hoxb9, Hoxc10, Hoxc11, Hoxc12, Hoxc13, Hoxc4, Hoxc5, Hoxc6, Hoxc8, Hoxc9, Hoxd1, Hoxd10, Hoxd11, Hoxd12, Hoxd13, Hoxd3, Hoxd4, Hoxd8, Hoxd9, Hr, Hras, Hsf1, Hsf2, Hsf3, Hsf4, Hspa1a, Htatip2, Hyal2, Ice1, Ice2, Id1, Id2, Id3, Id4, Ier2, Ier5, Ifi203, Ifi203-ps, Ifi204, Ifi206, Ifi207, Ifi208, Ifi209, Ifi213, Ifi214, Ifi27, Ifnar2, Ifnb1, Ifng, Ifrd1, Ift172, Ift74, Igbp1, Igf1, Igf2, Ighmbp2, Ihh, Ikbkb, Ikbkg, Ikzf1, Ikzf2, Ikzf3, Ikzf4, Ikzf5, Il10, Il11, Il13, Il17a, Il17f, Il18, Il1a, Il1b, Il2, Il22, Il23a, Il25, Il33, Il4, Il4i1, Il4i1b, Il6, Ilkap, Impact, Ing1, Ing2, Inhba, Ino80, Ins2, Insm1, Insm2, Iqce, Irf1, Irf2, Irf2bp1, Irf2bp2, Irf2bpl, Irf3, Irf4, Irf5, Irf6, Irf7, Irf8, Irf9, Irx1, Irx2, Irx3, Irx4, Irx5, Irx6, Isl1, Isl2, Isx, Itga6, Itga8, Itgb1bp1, Iws1, Jade1, Jade2, Jade3, Jag1, Jak2, Jak3, Jarid2, Jazf1, Jdp2, Jmjd1c, Jmjd6, Jmy, Jph2, Jpx, Jun, Junb, Jund, Jup, Kank2, Kansl3, Kat14, Kat2a, Kat2b, Kat5, Kat6a, Kat6b, Kat7, Kat8, Kcnip3, Kdm1a, Kdm1b, Kdm2a, Kdm2b, Kdm3a, Kdm3b, Kdm4c, Kdm5a, Kdm5c, Kdm6a, Kdm6b, Kdm7a, Keap1, Khdrbs1, Khsrp, Klf1, Klf10, Klf11, Klf12, Klf13, Klf14, Klf15, Klf16, Klf17, Klf2, Klf3, Klf4, Klf5, Klf6, Klf7, Klf8, Klf9, Kmt2a, Kmt2c, Kmt2d, Kmt5a, Kpna6, L3mbtl1, L3mbtl3, Larp7, Larp7-ps, Lbx1, Lbx2, Lcor, Lcorl, Ldb1, Ldb2, Lef1, Lefty1, Leo1, Lep, Lhx1, Lhx2, Lhx3, Lhx4, Lhx5, Lhx6, Lhx8, Lhx9, Lif, Lime1, Lin37, Lin9, Litaf, Lmcd1, Lmo1, Lmo2, Lmo3, Lmo4, Lmo7, Lmx1a, Lmx1b, Loxl2, Lpin1, Lpin2, Lpin3, Lrp5, Lrp6, Lrrfip1, Lum, Lyar, Lyl1, Macc1, Macroh2a1, Macroh2a2, Mad2l2, Mael, Maf, Mafa, Mafb, Maff, Mafg, Mafk, Magea1, Magea10, Magea13, Magea14, Magea2, Magea3, Magea4, Magea5, Magea6, Magea8, Magea9, Mageb11, Mageb16, Mageb18, Mageb2, Mageb3, Mageb4, Mageb5, Mageb5b, Mageb6b1, Magec2, Maged1, Maged2, Magee1, Magee2, Mageh1, Magel2, Maml1, Maml2, Maml3, Mamld1, Mamstr, Map2k1, Map2k5, Map3k1, Mapk1, Mapk10, Mapk14, Mapk15, Mapk3, Mapk7, Mapkapk5, Mavs, Max, Maz, Mbd1, Mbd2, Mbd3, Mbd3l1, Mbd3l2, Mbip, Mbtps2, Mc1r, Mcf2l, Mcidas, Mcph1, Mcrs1, Mdfi, Mdm2, Mdm4, Mecom, Mecp2, Med1, Med10, Med11, Med12, Med12l, Med13, Med13l, Med14, Med15, Med16, Med17, Med18, Med19, Med20, Med21, Med22, Med23, Med24, Med25, Med26, Med27, Med28, Med29, Med30, Med31, Med4, Med6, Med7, Med8, Med9, Mef2a, Mef2b, Mef2c, Mef2d, Meiosin, Meis1, Meis2, Meis3, Men1, Meox1, Meox2, Mepce, Mesp1, Mesp2, Met, Mettl13, Mettl23, Mga, Mical2, Mideas, Mier1, Mier2, Mier3, Mir103-1, Mir103-2, Mir143, Mir466d, Mir466l, Mir7-1, Mir744, Mitf, Mixl1, Mkrn2, Mkx, Mlip, Mllt10, Mllt6, Mlx, Mlxip, Mlxipl, Mmp12, Mnat1, Mndal, Mnt, Mnx1, Morc3, Morf4l2, Mospd1, Mrgbp, Mrtfa, Mrtfb, Msc, Msgn1, Msx1, Msx2, Msx3, Mta1, Mta2, Mta3, Mtdh, Mtf1, Muc1, Mxd1, Mxd3, Mxd4, Mxi1, Myb, Mybbp1a, Mybl1, Mybl2, Myc, Mycl, Mycn, Mycs, Myd88, Mydgf, Myef2, Myf5, Myf6, Mynn, Myo1c, Myocd, Myod1, Myog, Myoz1, Myoz2, Mypop, Myrf, Mysm1, Myt1, Myt1l, Mzf1, N4bp2l2, N6amt1, Nacc1, Nacc2, Nampt, Nanog, Ncapg2, Ncbp1, Ncbp2, Ncbp3, Nck1, Nck2, Ncl, Ncoa1, Ncoa2, Ncoa3, Ncoa6, Ncoa7, Ncor1, Ncor2, Ndn, Ndp, Nedd4, Nedd8, Nelfa, Nelfb, Nelfcd, Nelfe, Nepn, Neurod1, Neurod2, Neurod4, Neurod6, Neurog1, Neurog2, Neurog3, Nfat5, Nfatc1, Nfatc2, Nfatc2ip, Nfatc3, Nfatc4, Nfe2, Nfe2l1, Nfe2l2, Nfe2l3, Nfia, Nfib, Nfic, Nfil3, Nfix, Nfkb1, Nfkb2, Nfkbia, Nfkbiz, Nfx1, Nfya, Nfyb, Nfyc, Nhlh1, Nhlh2, Nif3l1, Nipbl, Nkap, Nkrf, Nktr, Nkx1-1, Nkx1-2, Nkx2-1, Nkx2-2, Nkx2-3, Nkx2-4, Nkx2-5, Nkx2-6, Nkx2-9, Nkx3-1, Nkx3-2, Nkx6-1, Nkx6-2, Nkx6-3, Nlrc5, Nlrp3, Nme2, Nobox, Noc2l, Nod2, Nodal, Nog, Nop53, Nos1, Notch1, Notch2, Notch3, Notch4, Noto, Npas1, Npas2, Npas3, Npas4, Npat, Npm1, Npnt, Nr0b1, Nr0b2, Nr1d1, Nr1d2, Nr1h2, Nr1h3, Nr1h4, Nr1h5, Nr1i2, Nr1i3, Nr2c1, Nr2c2, Nr2e1, Nr2e3, Nr2f1, Nr2f2, Nr2f6, Nr3c1, Nr3c2, Nr4a1, Nr4a2, Nr4a3, Nr5a1, Nr5a2, Nr6a1, Nrarp, Nrbf2, Nrf1, Nrip1, Nrip2, Nrl, Nscme3l, Nsd1, Nsd2, Nsmce3, Ntf3, Nucks1, Nufip1, Nupr2, Obox1, Obox2, Obox3, Obox4, Obox5, Obox6, Obox7, Obox8, Ogg1, Ogt, Olig1, Olig2, Olig3, Onecut1, Onecut2, Onecut3, Osm, Osr1, Osr2, Otp, Otud7b, Otx1, Otx2, Ovol1, Ovol2, Ovol3, P2rx2, P2ry1, Pabpc1l, Padi2, Paf1, Pagr1a, Pam, Park7, Parp1, Parp9, Pasd1, Patz1, Pawr, Pax1, Pax2, Pax3, Pax4, Pax5, Pax6, Pax7, Pax8, Pax9, Paxbp1, Paxip1, Pbrm1, Pbx1, Pbx2, Pbx3, Pbx4, Pcbp1, Pcbp2, Pcbp3, Pcbp4, Pcf11, Pcgf1, Pcgf2, Pcgf3, Pcgf5, Pcgf6, Pcid2, Pck1, Pcna, Pde2a, Pdlim1, Pdx1, Pdxp, Peg3, Pelp1, Per1, Per2, Per3, Pf4, Pfkm, Pfn1, Pgam5, Pgr, Phb1, Phf10, Phf12, Phf14, Phf19, Phf2, Phf20, Phf20l1, Phf21a, Phf3, Phf6, Phf8, Phip, Phlpp1, Phlpp2, Phox2a, Phox2b, Phrf1, Pias1, Pias2, Pias3, Pias4, Pid1, Pik3r1, Pik3r2, Pin1, Pin1rt1, Pin4, Pink1, Pitx1, Pitx2, Pitx3, Pkd1, Pkd2, Pkia, Pkig, Pkm, Pkn1, Pknox1, Pknox2, Pkp1, Plac8, Plag1, Plagl1, Plagl2, Platr25, Plk1, Plk3, Plscr1, Pogz, Pole3, Polr1a, Polr1b, Polr2a, Polr2b, Polr2c, Polr2d, Polr2e, Polr2f, Polr2g, Polr2h, Polr2i, Polr2j, Polr2k, Polr2l, Polr2m, Polr3b, Polrmt, Pomc, Pou1f1, Pou2af1, Pou2f1, Pou2f2, Pou2f3, Pou3f1, Pou3f2, Pou3f3, Pou3f4, Pou4f1, Pou4f2, Pou4f3, Pou5f1, Pou5f2, Pou6f1, Pou6f2, Ppara, Ppard, Pparg, Ppargc1a, Ppargc1b, Ppef1, Ppef2, Ppia, Ppib, Ppic, Ppid, Ppie, Ppif, Ppig, Ppih, Ppil1, Ppil3, Ppil4, Ppm1a, Ppm1b, Ppm1d, Ppm1e, Ppm1f, Ppm1g, Ppm1h, Ppm1j, Ppm1k, Ppm1l, Ppm1m, Ppm1n, Ppp1ca, Ppp1cb, Ppp1cc, Ppp1r12a, Ppp1r13l, Ppp1r15a, Ppp2ca, Ppp2cb, Ppp2r5b, Ppp2r5d, Ppp3ca, Ppp3cb, Ppp3cc, Ppp3r1, Ppp4c, Ppp5c, Ppp6c, Pprc1, Pptc7, Ppwd1, Prdm1, Prdm10, Prdm11, Prdm12, Prdm13, Prdm14, Prdm15, Prdm16, Prdm2, Prdm4, Prdm5, Prdm6, Prdm9, Preb, Prkaca, Prkcb, Prkd1, Prkd2, Prkdc, Prkn, Prl2c2, Prmt5, Prmt6, Prop1, Prox1, Prox2, Prpf6, Prrx1, Prrx2, Psen1, Psen2, Psip1, Psmc3ip, Psmc5, Psmc6, Psmd10, Psmd9, Ptafr, Ptbp1, Ptch1, Pten, Ptf1a, Ptgs2os, Pth, Ptma, Ptms, Ptov1, Ptpa, Ptpmt1, Ptpn2, Ptprc, Ptprn, Pura, Purb, Purg, Pus1, Pwwp2a, Pwwp2b, Pygo1, Rad21, Rad54l2, Raf1, Rai1, Ralgapa1, Raly, Rapgef3, Rara, Rarb, Rarg, Rax, Rb1, Rbak, Rbbp4, Rbbp5, Rbbp7, Rbck1, Rbl1, Rbl2, Rbm10, Rbm14, Rbm15, Rbmx, Rbmxl1, Rbpj, Rbpjl, Rcor1, Rcor2, Rcor3, Recql5, Rel, Rela, Relb, Reno1, Repin1, Rest, Rex2, Rfc1, Rfx1, Rfx2, Rfx3, Rfx4, Rfx5, Rfx6, Rfx7, Rfx8, Rfxank, Rfxap, Rgcc, Rgma, Rhoa, Rhoq, Rhox1, Rhox10, Rhox11, Rhox12, Rhox13, Rhox2a, Rhox2b, Rhox2c, Rhox2d, Rhox2f, Rhox2g, Rhox2h, Rhox3a, Rhox3c, Rhox3f, Rhox3g, Rhox3h, Rhox4a, Rhox4b, Rhox4c, Rhox4d, Rhox4e, Rhox4f, Rhox4g, Rhox5, Rhox6, Rhox7a, Rhox7b, Rhox8, Rhox9, Rif1, Rigi, Ripk1, Ripply1, Ripply2, Ripply3, Rit2, Rlf, Rlim, Rnasel, Rnf10, Rnf168, Rnf2, Rnf20, Rnf4, Rnf40, Rnf8, Rora, Rorb, Rorc, Rpap1, Rpap2, Rpf2, Rpl10, Rpl10-ps3, Rpl23, Rprd1a, Rprd1b, Rps14, Rps6ka1, Rps6ka3, Rps6ka4, Rps6ka5, Rreb1, Rrp1b, Rsl1, Rslcan18, Rtf1, Rtraf, Runx1, Runx2, Runx3, Ruvbl1, Ruvbl2, Rwdd1, Rxra, Rxrb, Rxrg, Rybp, S100a1, S100a10, S1pr1, Safb, Safb2, Sall1, Sall2, Sall3, Sall4, Samd1, Samd11, Samd7, Sap130, Sap30, Sap30l, Sarnp, Sars1, Sart3, Satb1, Satb2, Sbno2, Scaf1, Scaf4, Scaf8, Scgb1a1, Scrt1, Scrt2, Scx, Sdcbp, Sdr16c5, Sema4d, Senp1, Senp2, Serpinf2, Sertad1, Setd1a, Setd2, Setd3, Setd4, Setdb1, Setx, Sf3b1, Sfn, Sfpq, Sfrp2, Sfrp5, Sgf29, Sgsm1, Shh, Shox2, Sik1, Sik2, Sim1, Sim2, Sin3a, Sin3b, Sinhcaf, Sirt1, Sirt2, Sirt6, Sirt7, Six1, Six2, Six3, Six4, Six5, Six6, Skap1, Ski, Skic8, Skil, Skor1, Skor2, Sla2, Slc11a1, Slc30a9, Slc38a3, Slc40a1, Slc9a1, Slfn1, Sltm, Smad1, Smad2, Smad3, Smad4, Smad5, Smad6, Smad7, Smad9, Smarca1, Smarca2, Smarca4, Smarca5, Smarcad1, Smarcal1, Smarcb1, Smarcc1, Smarcc2, Smarcd1, Smarcd2, Smarcd3, Smarce1, Smo, Smyd2, Smyd3, Snai1, Snai2, Snai3, Snapc1, Snapc2, Snapc3, Snapc4, Snapc5, Snf8, Snw1, Sod2, Sohlh1, Sohlh2, Sorbs3, Sos1, Sox1, Sox10, Sox11, Sox12, Sox13, Sox14, Sox15, Sox17, Sox18, Sox2, Sox21, Sox3, Sox30, Sox4, Sox5, Sox6, Sox7, Sox8, Sox9, Sp1, Sp100, Sp110, Sp140, Sp140l1, Sp140l2, Sp2, Sp3, Sp4, Sp5, Sp6, Sp7, Sp8, Sp9, Spag8, Spdef, Spen, Sphk2, Spi1, Spib, Spic, Spocd1, Spop, Spx, Spz1, Sqstm1, Sra1, Src, Srebf1, Srebf2, Srf, Sry, Ss18, Ss18l1, Ssbp2, Ssbp3, Ssbp4, Ssh1, Ssh2, Ssh3, Ssu72, St18, Stat1, Stat2, Stat3, Stat4, Stat5a, Stat5b, Stat6, Sting1, Stk16, Stox1, Stox2, Stra8, Strap, Strn3, Sub1, Suds3, Sufu, Sumo2, Supt16, Supt20, Supt3, Supt4a, Supt4b, Supt5, Supt6, Suv39h1, Suv39h2, Suz12, T, Tada1, Tada2a, Tada2b, Tada3, Taf1, Taf10, Taf11, Taf12, Taf13, Taf2, Taf3, Taf4, Taf4b, Taf5, Taf5l, Taf6, Taf6l, Taf7, Taf7l, Taf8, Taf9, Taf9b, Tagln3, Tal1, Tal2, Tbk1, Tbl1x, Tbl1xr1, Tbp, Tbpl1, Tbr1, Tbx1, Tbx10, Tbx15, Tbx18, Tbx19, Tbx2, Tbx20, Tbx21, Tbx22, Tbx3, Tbx4, Tbx5, Tbx6, Tcea1, Tcea2, Tcea3, Tceanc, Tceanc2, Tcerg1, Tcf12, Tcf15, Tcf20, Tcf21, Tcf23, Tcf24, Tcf25, Tcf3, Tcf4, Tcf7, Tcf7l1, Tcf7l2, Tcfl5, Tcp10a, Tcp10b, Tcp10c, Tdg, Tead1, Tead2, Tead3, Tead4, Tef, Tenm2, Tet1, Tet2, Tet3, Tex24, Tfam, Tfap2a, Tfap2b, Tfap2c, Tfap2d, Tfap2e, Tfap4, Tfcp2, Tfcp2l1, Tfdp1, Tfdp2, Tfe3, Tfeb, Tfec, Tfr2, Tgfb1, Tgfb3, Tgif1, Tgif2, Thap1, Thap11, Thap3, Thap7, Thra, Thrap3, Thrb, Timeless, Tle1, Tle4, Tle5, Tle6, Tlr2, Tlr3, Tlr4, Tlr7, Tlr9, Tlx1, Tlx2, Tlx3, Tmf1, Tmprss6, Tnf, Tnfrsf1a, Tnfsf11, Tnfsf8, Tnip1, Tnip2, Tnip3, Tnks, Top2a, Tox, Tox2, Tox3, Tox4, Tpr, Traf3ip1, Traf6, Traf7, Trak2, Trerf1, Triap1, Trib3, Trim27, Trim28, Trim29, Trim37, Trmt112, Tro, Trp53, Trp53bp1, Trp63, Trp73, Trps1, Trpv1, Trpv4, Trrap, Tsc2, Tsc22d1, Tsc22d2, Tsc22d3, Tsc22d4, Tsg101, Tshz1, Tshz2, Tshz3, Tsix, Ttc21b, Ttc39aos1, Ttc5, Tunar, Twist1, Twist2, Txk, Txn1, Txnip, Ube2e1, Ube2i, Ube3a, Ublcp1, Ubp1, Ucn, Ucp1, Uhrf1, Uncx, Uri1, Usf1, Usf2, Usf3, Usp15, Usp16, Usp2, Usp21, Usp22, Usp3, Usp7, Utf1, Uxt, Vax1, Vax2, Vdr, Vegfa, Vezf1, Vgll1, Vgll2, Vgll3, Vhl, Vps72, Vrtn, Vsx1, Vsx2, Was, Wasl, Wbp2, Wdr43, Wdr5, Wdr77, Wdtc1, Wfs1, Wiz, Wnk1, Wnt1, Wnt10b, Wnt2, Wnt3a, Wnt5a, Wnt7a, Wt1, Wwc1, Wwc2, Wwox, Wwp2, Wwtr1, Xbp1, Xpa, Xpo1, Xrcc6, Xrn2, Yap1, Ybx1, Ybx3, Yeats2, Yeats4, Yes1, Ylpm1, Ywhaz, Yy1, Yy2, Zbed3, Zbed4, Zbed6, Zbtb1, Zbtb10, Zbtb12, Zbtb14, Zbtb16, Zbtb17, Zbtb18, Zbtb2, Zbtb20, Zbtb21, Zbtb22, Zbtb24, Zbtb25, Zbtb26, Zbtb3, Zbtb32, Zbtb33, Zbtb34, Zbtb37, Zbtb38, Zbtb39, Zbtb4, Zbtb40, Zbtb41, Zbtb42, Zbtb43, Zbtb45, Zbtb46, Zbtb47, Zbtb48, Zbtb49, Zbtb5, Zbtb6, Zbtb7a, Zbtb7b, Zbtb7c, Zbtb8a, Zbtb8b, Zbtb9, Zc3h12a, Zc3h8, Zcchc12, Zeb1, Zeb2, Zfa-ps, Zfat, Zfhx2, Zfhx3, Zfhx4, Zfp1, Zfp1004, Zfp1005, Zfp1006, Zfp1007, Zfp101, Zfp1010, Zfp105, Zfp11, Zfp110, Zfp112, Zfp113, Zfp119a, Zfp119b, Zfp12, Zfp120, Zfp128, Zfp13, Zfp131, Zfp14, Zfp141, Zfp142, Zfp143, Zfp146, Zfp148, Zfp157, Zfp160, Zfp169, Zfp174, Zfp175, Zfp180, Zfp182, Zfp184, Zfp189, Zfp2, Zfp202, Zfp212, Zfp213, Zfp217, Zfp219, Zfp229, Zfp236, Zfp239, Zfp24, Zfp248, Zfp251, Zfp26, Zfp260, Zfp263, Zfp266, Zfp267, Zfp268, Zfp27, Zfp273, Zfp275, Zfp276, Zfp28, Zfp281, Zfp286, Zfp287, Zfp292, Zfp296, Zfp3, Zfp30, Zfp316, Zfp317, Zfp319, Zfp322a, Zfp324, Zfp329, Zfp334, Zfp335, Zfp345, Zfp35, Zfp352, Zfp354a, Zfp354b, Zfp354c, Zfp358, Zfp36, Zfp362, Zfp366, Zfp367, Zfp369, Zfp37, Zfp382, Zfp383, Zfp384, Zfp386, Zfp39, Zfp395, Zfp397, Zfp398, Zfp40, Zfp407, Zfp408, Zfp41, Zfp410, Zfp418, Zfp42, Zfp420, Zfp423, Zfp426, Zfp429, Zfp433, Zfp438, Zfp442, Zfp444, Zfp445, Zfp446, Zfp449, Zfp451, Zfp454, Zfp455, Zfp456, Zfp457, Zfp458, Zfp459, Zfp46, Zfp462, Zfp467, Zfp469, Zfp472, Zfp473, Zfp493, Zfp51, Zfp518a, Zfp518b, Zfp52, Zfp521, Zfp523, Zfp524, Zfp53, Zfp534, Zfp536, Zfp54, Zfp541, Zfp551, Zfp553, Zfp558, Zfp560, Zfp563, Zfp566, Zfp568, Zfp57, Zfp574, Zfp575, Zfp579, Zfp58, Zfp580, Zfp582, Zfp583, Zfp59, Zfp593, Zfp595, Zfp597, Zfp599, Zfp60, Zfp600, Zfp605, Zfp606, Zfp607a, Zfp607b, Zfp608, Zfp609, Zfp612, Zfp616, Zfp617, Zfp619, Zfp62, Zfp623, Zfp626, Zfp628, Zfp629, Zfp637, Zfp639, Zfp64, Zfp641, Zfp644, Zfp646, Zfp647, Zfp648, Zfp65, Zfp652, Zfp653, Zfp654, Zfp655, Zfp663, Zfp667, Zfp668, Zfp672, Zfp677, Zfp68, Zfp683, Zfp689, Zfp69, Zfp691, Zfp692, Zfp696, Zfp697, Zfp7, Zfp704, Zfp707, Zfp708, Zfp709, Zfp710, Zfp711, Zfp712, Zfp715, Zfp72, Zfp729a, Zfp729b, Zfp735, Zfp738, Zfp74, Zfp740, Zfp746, Zfp747, Zfp747l1, Zfp748, Zfp750, Zfp758, Zfp759, Zfp760, Zfp763, Zfp764, Zfp764l1, Zfp768, Zfp770, Zfp771, Zfp772, Zfp775, Zfp777, Zfp78, Zfp780b, Zfp784, Zfp786, Zfp787, Zfp788, Zfp790, Zfp791, Zfp799, Zfp808, Zfp809, Zfp81, Zfp810, Zfp811, Zfp819, Zfp82, Zfp820, Zfp821, Zfp825, Zfp827, Zfp84, Zfp846, Zfp85, Zfp850, Zfp853, Zfp865, Zfp866, Zfp867, Zfp868, Zfp869, Zfp87, Zfp870, Zfp871, Zfp872, Zfp873, Zfp874a, Zfp874b, Zfp879, Zfp882, Zfp9, Zfp90, Zfp91, Zfp92, Zfp930, Zfp931, Zfp932, Zfp933, Zfp934, Zfp935, Zfp937, Zfp938, Zfp940, Zfp941, Zfp942, Zfp943, Zfp944, Zfp945, Zfp946, Zfp947, Zfp948, Zfp949, Zfp950, Zfp951, Zfp952, Zfp954, Zfp955a, Zfp955b, Zfp956, Zfp958, Zfp959, Zfp960, Zfp961, Zfp963, Zfp964, Zfp966, Zfp97, Zfp970, Zfp971, Zfp973, Zfp974, Zfp975, Zfp976, Zfp979, Zfp980, Zfp981, Zfp982, Zfp983, Zfp984, Zfp985, Zfp987, Zfp988, Zfp989, Zfp990, Zfp991, Zfp992, Zfp994, Zfp995, Zfp998, Zfpm1, Zfpm2, Zfx, Zfy1, Zglp1, Zgpat, Zgrf1, Zhx1, Zhx2, Zhx3, Zic1, Zic2, Zic3, Zic4, Zic5, Zik1, Zim1, Zkscan1, Zkscan14, Zkscan16, Zkscan17, Zkscan2, Zkscan3, Zkscan4, Zkscan5, Zkscan6, Zkscan7, Zkscan8, Zmiz1, Zmiz2, Zmpste24, Zmym5, Zmynd11, Zmynd8, Znhit1, Zscan10, Zscan12, Zscan2, Zscan20, Zscan21, Zscan22, Zscan25, Zscan26, Zscan29, Zscan4-ps1, Zscan4-ps2, Zscan4-ps3, Zscan4b, Zscan4c, Zscan4d, Zscan4e, Zscan4f, Zscan5b, Zxdb, Zxdc, Zzz3
GO:0007165	signal transduction	6726	137	97.98	7.9e-06	0.0024899510204081637	1700109H08Rik, 1810024B03Rik, 2210016L21Rik, 2610005L07Rik, 2700049A03Rik, 2810408A11Rik, 3425401B19Rik, 4930544G11Rik, 6030468B19Rik, a, A1bg, Aak1, Aars1, Aars2, Aatf, Abat, Abca1, Abca7, Abcc9, Abhd17a, Abhd2, Abhd6, Abi1, Abi2, Abl1, Abl2, Abr, Abra, Abraxas1, Acaa2, Acap1, Acbd7, Ace, Ace2, Acer2, Ache, Ackr1, Ackr2, Ackr3, Ackr4, Acod1, Acot11, Acp3, Acp4, Acsl1, Acsl5, Acta2, Actn2, Actn3, Actn4, Actrt1, Acvr1, Acvr1b, Acvr1c, Acvr2a, Acvr2b, Acvrl1, Ada, Adam10, Adam15, Adam17, Adam8, Adam9, Adamts12, Adamts20, Adamts3, Adamtsl2, Adar, Adcy1, Adcy10, Adcy2, Adcy3, Adcy4, Adcy5, Adcy6, Adcy7, Adcy8, Adcy9, Adcyap1, Adcyap1r1, Adgra1, Adgra2, Adgra3, Adgrb1, Adgrb2, Adgrb3, Adgrd1, Adgre1, Adgre4, Adgre5, Adgrf1, Adgrf2, Adgrf3, Adgrf4, Adgrf5, Adgrg1, Adgrg2, Adgrg3, Adgrg4, Adgrg5, Adgrg6, Adgrg7, Adgrl1, Adgrl2, Adgrl3, Adgrl4, Adgrv1, Adipoq, Adipor1, Adipor2, Adissp, Adm, Adm2, Adnp, Adora1, Adora2a, Adora2b, Adora3, Adra1a, Adra1b, Adra1d, Adra2a, Adra2b, Adra2c, Adrb1, Adrb2, Adrb3, Adrm1, Aen, Afap1, Afap1l2, Afdn, Agap2, Ager, Ago1, Ago3, Agr2, Agrn, Agrp, Agt, Agtr1a, Agtr1b, Agtr2, Agtrap, Agxt, Ahcyl1, Ahi1, Ahr, Ahsg, Aida, Aif1, Aifm1, Aim2, Aimp1, Aip, Aipl1, Ajuba, Akap12, Akap13, Akap3, Akap4, Akap5, Akap6, Akap7, Akap9, Akip1, Akr1b1, Akr1c18, Akt1, Akt1s1, Akt2, Akt3, Aldh1a2, Aldh1a3, Aldh2, Alg13, Alk, Alkal1, Alkal2, Alms1, Alox12b, Alox15, Alox8, Aloxe3, Alpk1, Alpk2, Als2, Ambn, Ambra1, Amelx, Amer1, Amer2, Amer3, Amfr, Amh, Amhr2, Amot, Amotl1, Amotl2, Anapc15, Anapc15-ps, Ang2, Angpt1, Angpt2, Angpt4, Angptl1, Angptl3, Angptl8, Ank1, Ank2, Ank3, Ankdd1b, Ankrd1, Ankrd11, Ankrd13c, Ankrd17, Ankrd2, Ankrd26, Ankrd54, Ankrd6, Ankrd66, Anks1, Anks1b, Ano1, Ano6, Anxa1, Anxa4, Anxa6, Anxa7, Ap3b1, Apaf1, Apbb1ip, Apc, Apc2, Apcdd1, Apela, Aph1a, Aph1b, Aph1c, Apip, Apln, Aplnr, Aplp1, Aplp2, Apoa1, Apoa2, Apob, Apoc3, Apod, Apoe, App, Appl1, Appl2, Aqp1, Ar, Araf, Arap1, Arap2, Arap3, Areg, Arf4, Arf6, Arfgap1, Arfgef1, Arfgef2, Arfgef3, Arg1, Arhgap1, Arhgap10, Arhgap11a, Arhgap12, Arhgap15, Arhgap17, Arhgap18, Arhgap19, Arhgap20, Arhgap21, Arhgap22, Arhgap23, Arhgap24, Arhgap25, Arhgap26, Arhgap27, Arhgap28, Arhgap29, Arhgap30, Arhgap31, Arhgap32, Arhgap33, Arhgap33os, Arhgap35, Arhgap36, Arhgap39, Arhgap40, Arhgap42, Arhgap44, Arhgap45, Arhgap5, Arhgap6, Arhgap8, Arhgap9, Arhgdia, Arhgdib, Arhgdig, Arhgef1, Arhgef10l, Arhgef11, Arhgef12, Arhgef18, Arhgef2, Arhgef28, Arhgef3, Arhgef4, Arhgef5, Arhgef6, Arhgef7, Arhgef9, Arid1a, Arid4a, Arid4b, Arid5b, Ark2c, Arl13b, Arl2bp, Arl3, Arl6, Arl6ip5, Armc10, Armc9, Armh4, Arnt, Arnt2, Arpc2, Arr3, Arrb1, Arrb2, Arrdc1, Arrdc3, Artn, Asah2, Asb1, Asb10, Asb11, Asb13, Asb14, Asb15, Asb16, Asb17, Asb18, Asb2, Asb3, Asb4, Asb5, Asb6, Asb7, Asb8, Asb9, Ascl1, Ash1l, Asic2, Aspm, Aspn, Asxl1, Asxl2, Atad3a, Atad5, Atat1, Atf1, Atf2, Atf3, Atf4, Atf6, Atf6b, Atf7, Atg10, Atg14, Atm, Atoh1, Atoh8, Atp1a1, Atp1a3, Atp1b1, Atp2a1, Atp2a2, Atp2a3, Atp2b4, Atp2c1, Atp5if1, Atp6ap2, Atp6v0c, Atp6v1c2, Atp7a, Atr, Atrip, Atrnl1, Atrx, Atxn1, Atxn3, Atxn7, Aurka, Aurkb, Auts2, Avp, Avpi1, Avpr1a, Avpr1b, Avpr2, Axin1, Axin2, Axl, AY074887, Azi2, B9d1, Babam1, Babam2, Bad, Bag3, Bag4, Bag5, Bag6, Baiap2, Baiap3, Bak1, Bambi, Banf1, Bank1, Bard1, Barx1, Batf, Bax, Bbc3, Bbip1, Bbln, Bbs2, Bbs4, Bbs7, BC028528, Bcap31, Bcar1, Bcar3, Bcl10, Bcl2, Bcl2a1a, Bcl2a1b, Bcl2a1c, Bcl2a1d, Bcl2l1, Bcl2l10, Bcl2l11, Bcl2l12, Bcl2l14, Bcl2l2, Bcl3, Bcl6, Bcl7b, Bcl9, Bcl9l, Bclaf1, Bcr, Bdkrb1, Bdkrb2, Bdnf, Becn1, Becn2, Begain, Bend6, Bex1, Bex2, Bex3, Bfar, Bglap, Bglap2, Bhlha15, Bicc1, Bicd1, Bid, Bik, Birc2, Birc3, Birc5, Birc6, Birc7, Blk, Blm, Blnk, Bloc1s2, Blvrb, Bmal1, Bmf, Bmi1, Bmncr, Bmp1, Bmp10, Bmp15, Bmp2, Bmp2k, Bmp3, Bmp4, Bmp5, Bmp6, Bmp7, Bmp8a, Bmp8b, Bmper, Bmpr1a, Bmpr1b, Bmpr2, Bmx, Bmyc, Bnip1, Bnip2, Bnip3, Bnip3l, Boc, Bok, Bop1, Bpi, Bpifb1, Braf, Brap, Brca1, Brca2, Brcc3, Brcc3dc, Brd4, Brd7, Brk1, Brms1, Brms1l, Brs3, Brsk1, Brsk2, Bst1, Btbd10, Btc, Btk, Btla, Btn1a1, Btn2a2, Btnl1, Btnl10, Btnl12, Btnl2, Btnl4, Btnl6, Btnl9, Btrc, Bub1, Bub1b, Bub3, Bud31, C1qbp, C1ql4, C1qtnf1, C1qtnf12, C1qtnf2, C1qtnf3, C1qtnf4, C1qtnf9, C2cd3, C2cd5, C3, C3ar1, C5ar1, C5ar2, C9orf72, Cab39, Cab39l, Cabin1, Cabp1, Cabp4, Cabyr, Cacna1c, Cacna1d, Cacnb3, Cacnb4, Cacng2, Cacng3, Cacng4, Cacng5, Cacng7, Cacng8, Cactin, Cadm1, Cadm4, Calca, Calcb, Calcoco1, Calcr, Calcrl, Calm1, Calm2, Calm3, Calr, Camk1, Camk1d, Camk1g, Camk2a, Camk2b, Camk2d, Camk4, Camkk1, Camkk2, Camkv, Caml, Camta1, Cap1, Cap2, Capn1, Capn3, Caprin2, Car2, Car8, Card10, Card11, Card14, Card6, Card9, Carm1, Carmil2, Cartpt, Caskin1, Casp1, Casp12, Casp2, Casp3, Casp4, Casp6, Casp8, Casp8ap2, Casp9, Casq1, Casq2, Casr, Cass4, Castor1, Castor2, Cat, Cav1, Cav2, Cav3, Cavin3, Cavin4, Cbfa2t2, Cbl, Cblb, Cblc, Cbln1, Cbs, Cby1, Cc2d2a, Ccar2, Ccbe1, Ccdc125, Ccdc22, Ccdc3, Ccdc47, Ccdc85c, Ccdc88a, Ccdc88c, Cck, Cckar, Cckbr, Ccl1, Ccl11, Ccl12, Ccl17, Ccl19, Ccl19-ps1, Ccl19-ps3, Ccl19-ps4, Ccl19-ps5, Ccl19-ps6, Ccl2, Ccl20, Ccl21a, Ccl21b, Ccl21d, Ccl21e, Ccl21f, Ccl22, Ccl24, Ccl25, Ccl26, Ccl27a, Ccl28, Ccl3, Ccl4, Ccl5, Ccl6, Ccl7, Ccl8, Ccl9, Ccn1, Ccn2, Ccn3, Ccn4, Ccn5, Ccn6, Ccna2, Ccnb1, Ccnb1-ps, Ccnc, Ccnd1, Ccnd3, Ccne1, Ccng1, Ccnk, Ccnq, Ccny, Ccnyl1, Ccr1, Ccr10, Ccr1l1, Ccr2, Ccr3, Ccr4, Ccr5, Ccr6, Ccr7, Ccr8, Ccr9, Ccrl2, Cd109, Cd14, Cd160, Cd177, Cd180, Cd19, Cd22, Cd226, Cd247, Cd24a, Cd27, Cd274, Cd276, Cd28, Cd2ap, Cd300a, Cd300c, Cd300c2, Cd300e, Cd300lb, Cd300ld, Cd300ld2, Cd300ld3, Cd300ld4, Cd300lf, Cd300lg, Cd320, Cd34, Cd36, Cd38, Cd3d, Cd3e, Cd3g, Cd4, Cd40, Cd40lg, Cd44, Cd46, Cd47, Cd48, Cd5, Cd55, Cd55b, Cd59a, Cd6, Cd63, Cd70, Cd74, Cd79a, Cd79b, Cd80, Cd81, Cd84, Cd86, Cd8a, Cd8b1, Cdc14b, Cdc20, Cdc34, Cdc34b, Cdc37, Cdc42, Cdc42bpa, Cdc42ep1, Cdc42ep2, Cdc42ep3, Cdc42ep4, Cdc42ep5, Cdc42se1, Cdc42se2, Cdc5l, Cdc5lrt1, Cdc5lrt10, Cdc5lrt4, Cdc5lrt5, Cdc5lrt6, Cdc5lrt7, Cdc5lrt8, Cdc5lrt9, Cdc6, Cdc7, Cdc73, Cdca8, Cdh1, Cdh13, Cdh17, Cdh2, Cdh3, Cdh5, Cdh6, Cdip1, Cdk1, Cdk10, Cdk11b, Cdk13, Cdk14, Cdk2, Cdk20, Cdk3, Cdk4, Cdk5, Cdk5r1, Cdk5rap2, Cdk5rap3, Cdk6, Cdkn1a, Cdkn1b, Cdkn1c, Cdkn2a, Cdkn2aip, Cdkn2b, Cdkn2d, Cdnf, Cdon, Cds2, Cdt1, Ceacam1, Ceacam10, Ceacam2, Ceacam20, Cebpa, Cebpb, Cela1, Celf4, Celsr1, Celsr2, Celsr3, Cenpe, Cep192, Cep55, Cep57, Cep63, Cer1, Cert1, Cfap410, Cfap58, Cfc1, Cfd, Cflar, Cga, Cgas, Cgnl1, Chac1, Chchd10, Chd5, Chd8, Chek1, Chek2, Cherp, Chfr, Chga, Chi3l1, Chlsn, Chm, Chml, Chmp4c, Chmp6, Chn1, Chn2, Chp1, Chp2, Chrd, Chrdl1, Chrdl2, Chrm1, Chrm2, Chrm3, Chrm4, Chrm5, Chrna1, Chrna10, Chrna2, Chrna3, Chrna4, Chrna5, Chrna6, Chrna7, Chrna9, Chrnb1, Chrnb2, Chrnb3, Chrnb4, Chrnd, Chrne, Chrng, Chst11, Chsy1, Chuk, Churc1, Cib1, Cibar1, Cidea, Cilk1, Cilp, Cish, Cit, Cited1, Cited2, Ckap5, Cklf, Clasp2, Clca3a2, Clcf1, Cldn18, Cldn5, Clec11a, Clec12a, Clec12b, Clec14a, Clec16a, Clec1a, Clec1b, Clec2i, Clec4d, Clec4e, Clec4n, Clec7a, Cln3, Clnk, Clock, Clpb, Clspn, Clu, Cluap1, Clxn, Cmah, Cmklr1, Cmklr2, Cmtm2a, Cmtm2b, Cmtm3, Cmtm5, Cmtm7, Cmtm8, Cmya5, Cngb1, Cnih2, Cnih3, Cnksr1, Cnksr2, Cnksr3, Cnmd, Cnot1, Cnot2, Cnot3, Cnot7, Cnot9, Cnr1, Cnr2, Cnrip1, Cntf, Cntfr, Cntn1, Cntn2, Cntn6, Cntnap2, Coa8, Col1a1, Col1a2, Col2a1, Col3a1, Col4a1, Col4a2, Col4a3, Col4a5, Col4a6, Col6a1, Col6a2, Col6a3, Colec12, Commd1, Commd4, Commd6, Commd7, Commd8, Comp, Copa, Cops5, Cops8, Coro1a, Coro1b, Coro7, Cort, Cpap, Cpe, Cpeb4, Cplane2, Cpne1, Cpne3, Cptp, Cpz, Cr2, Cracr2a, Cradd, Crb2, Crbn, Crcp, Creb1, Creb3, Creb3l1, Crebbp, Crebrf, Crh, Crhbp, Crhr1, Crhr2, Crim1, Crip1, Cripto, Crk, Crkl, Crlf1, Crlf2, Crlf3, Crmp1, Crnn, Crtc1, Crtc3, Cry1, Cry2, Cryab, Cryba1, Csf1, Csf1r, Csf2, Csf2ra, Csf2rb, Csf2rb2, Csf3, Csf3r, Csk, Csnk1a1, Csnk1d, Csnk1e, Csnk1g1, Csnk1g2, Csnk1g3, Csnk2a1, Csnk2a2, Csnk2b, Cspg4, Csrnp1, Csrp3, Cst11, Ctbp1, Ctbp2, Ctdnep1, Ctdspl2, Ctf1, Ctf2, Cth, Cthrc1, Ctla4, Ctnna1, Ctnnal1, Ctnnb1, Ctnnbip1, Ctnnd1, Ctnnd2, Ctns, Ctr9, Ctsc, Ctsd, Ctsg, Ctsh, Cttn, Cul1, Cul3, Cul4a, Cul5, Cux2, Cuzd1, Cwh43, Cx3cl1, Cx3cr1, Cxcl1, Cxcl10, Cxcl11, Cxcl12, Cxcl13, Cxcl14, Cxcl15, Cxcl16, Cxcl17, Cxcl2, Cxcl3, Cxcl5, Cxcl9, Cxcr1, Cxcr2, Cxcr3, Cxcr4, Cxcr5, Cxcr6, Cxxc4, Cyba, Cybb, Cycs, Cyct, Cyfip1, Cyfip2, Cyld, Cyp19a1, Cyp1b1, Cyp26a1, Cyp26b1, Cyp27b1, Cyp2j6, Cyp7b1, Cyrib, Cysltr1, Cysltr2, Cyth1, Cyth2, Cyth3, Cyth4, D130043K22Rik, D1Pas1, D7Ertd443e, Daam1, Daam2, Dab1, Dab2, Dab2ip, Dact1, Dact2, Dact3, Dag1, Dand5, Dap, Dapk1, Dapk2, Dapk3, Dapl1, Daxx, Dbh, Dbn1, Dbndd1, Dbndd2, Dbnl, Dbx2, Dcc, Dcdc2a, Dcdc2c, Dchs1, Dclk1, Dclk2, Dclk3, Dcn, Dcp1a, Dcst1, Dcx, Ddb1, Ddias, Ddit3, Ddit4, Ddit4l, Ddr1, Ddr2, Ddrgk1, Ddx1, Ddx17, Ddx21, Ddx3x, Ddx47, Ddx5, Ddx60, Dedd, Dedd2, Defb1, Defb21, Defb25, Defb37, Dele1, Dennd1a, Dennd1b, Dennd2b, Dennd3, Dennd4a, Dennd4b, Dennd4c, Depdc1a, Depdc1b, Depdc5, Depdc7, Deptor, Derl1, Derl2, Derl3, Dgka, Dgkb, Dgkd, Dgke, Dgkg, Dgkh, Dgki, Dgkk, Dgkq, Dgkz, Dhcr24, Dhh, Dhrs3, Dhx15, Dhx33, Dhx36, Dhx58, Diablo, Diaph1, Diaph2, Diaph3, Dicer1, Dido1, Dipk2a, Diras1, Diras2, Disc1, Disp1, Disp2, Dixdc1, Dkk1, Dkk2, Dkk3, Dkk4, Dkkl1, Dlc1, Dlg1, Dlg4, Dlg5, Dlgap2, Dlk1, Dlk2, Dll1, Dll3, Dll4, Dlx1, Dlx2, Dlx3, Dlx5, Dmd, Dmpk, Dmrt1, Dna2, Dnaaf4, Dnai1, Dnaja1, Dnaja3, Dnajb9, Dnajc10, Dnajc27, Dnajc3, Dner, Dnm1, Dnm1l, Dnm2, Dnmbp, Dock1, Dock10, Dock11, Dock2, Dock3, Dock4, Dock5, Dock6, Dock7, Dock8, Dock9, Dok1, Dok2, Dok3, Dok4, Dok5, Dok6, Dok7, Donson, Dot1l, Draxin, Drd1, Drd2, Drd3, Drd4, Drd5, Dsc2, Dscam, Dsg3, Dsg4, Dstyk, Dtl, Dtnbp1, Dtx1, Dtx2, Dtx3, Dtx3l, Dtx4, Duox1, Duox2, Dusp1, Dusp10, Dusp13b, Dusp15, Dusp16, Dusp19, Dusp2, Dusp22, Dusp26, Dusp29, Dusp3, Dusp4, Dusp5, Dusp6, Dusp7, Dusp8, Dusp9, Dvl1, Dvl2, Dvl3, Dync1li1, Dync2h1, Dynlt1a, Dynlt1b, Dynlt1c, Dynlt1f, Dyrk1a, Dyrk2, Dyrk3, Dzip1, Dzip1l, E130311K13Rik, E2f1, E2f2, Eaf2, Ebi3, Ece1, Ecel1, Ecm1, Ecrg4, Ecsit, Ect2, Eda, Eda2r, Edar, Edaradd, Edem2, Edem3, Edn1, Edn2, Edn3, Ednra, Ednrb, Eea1, Eed, Eef1e1, Efcab7, Efemp1, Efhb, Efna1, Efna2, Efna3, Efna4, Efna5, Efnb1, Efnb2, Efnb3, Efs, Egf, Egfl7, Egfr, Egln1, Egr1, Ei24, Eid2, Eif2a, Eif2ak1, Eif2ak2, Eif2ak3, Eif2ak4, Eif2b1, Eif2b2, Eif2b3, Eif2b4, Eif2b5, Eif2s1, Eif3a, Eif4a3, Eif4a3l1, Eif4a3l2, Eif4e2, Eif4ebp1, Eif4ebp2, Elapor2, Elf1, Ell3, Elmo1, Elp2, Elp6, Emd, Eme1, Eme2, Emilin1, Emp2, Endog, Eng, Enho, Eno1, Eno1b, Enpp1, Entpd1, Entpd2, Entrep1, Ep300, Epcam, Epg5, Epgn, Epha1, Epha10, Epha2, Epha3, Epha4, Epha5, Epha6, Epha7, Epha8, Ephb1, Ephb2, Ephb3, Ephb4, Ephb6, Epm2a, Epn1, Epn2, Epo, Epor, Eps8, Eps8l1, Eps8l2, Eps8l3, Eras, Erbb2, Erbb3, Erbb4, Erbin, Erc1, Ercc1, Ercc2, Ercc6, Ereg, Erfe, Erlec1, Erlin1, Erlin2, Ermap, Ermp1, Ern1, Ern2, Ero1a, Erp29, Errfi1, Esm1, Esp1, Esp22, Esp6, Esr1, Esr2, Esrra, Esrrb, Esrrg, Etaa1, Etv2, Eva1a, Evc, Evc2, Exoc4, Ext1, Extl3, Eya1, Eya2, Eya3, Eya4, Ezh2, Ezr, F10, F11r, F2, F2r, F2rl1, F2rl2, F2rl3, F3, F7, Fabp5, Fadd, Faf1, Faim, Faim2, Faiml, Fam110c, Fam114a1, Fam120b, Fam13b, Fam162a, Fam20c, Fam220a, Fam3b, Fam3c, Fam3d, Fam53b, Fam83a, Fam83b, Fam83c, Fam83d, Fam83e, Fam83f, Fam83g, Fam83h, Fam89b, Fanca, Fancd2, Farp1, Farp2, Fas, Fasl, Fat4, Fbh1, Fbln1, Fbn1, Fbn2, Fbp1, Fbrs, Fbxl15, Fbxl17, Fbxl2, Fbxo21, Fbxo31, Fbxo4, Fbxo7, Fbxo8, Fbxo9, Fbxw11, Fbxw4, Fbxw7, Fbxw7as1, Fcamr, Fcer1a, Fcer1g, Fcer2a, Fcgr1, Fcgr2b, Fcgr3, Fcgr4, Fcho1, Fcmr, Fcna, Fcnb, Fcrl2, Fcrl5, Fcrl6, Fcrla, Fcrlb, Fem1a, Fem1b, Fer, Fermt1, Fermt2, Fermt3, Ffar1, Ffar2, Ffar3, Ffar4, Fga, Fgb, Fgd2, Fgd4, Fgf1, Fgf10, Fgf11, Fgf12, Fgf13, Fgf14, Fgf15, Fgf16, Fgf17, Fgf18, Fgf2, Fgf20, Fgf21, Fgf22, Fgf23, Fgf3, Fgf4, Fgf5, Fgf6, Fgf7, Fgf8, Fgf9, Fgfbp1, Fgfbp3, Fgfr1, Fgfr2, Fgfr3, Fgfr4, Fgfrl1, Fgg, Fgr, Fhit, Fhl2, Ficd, Fignl1, Fis1, Fkbp1a, Fkbp1b, Fkbp4, Fkbp8, Fkrp, Fktn, Flcn, Flna, Flot1, Flot2, Flrt1, Flrt2, Flrt3, Flt1, Flt3, Flt3l, Flt4, Fmr1, Fn1, Fnbp1, Fnbp1l, Fndc5, Fnip1, Fnip2, Fnta, Folr1, Fos, Fosl1, Fosl2, Foxa1, Foxa2, Foxc1, Foxc2, Foxd1, Foxf1, Foxh1, Foxl1, Foxm1, Foxn3, Foxo1, Foxo3, Foxo4, Foxp1, Foxp3, Fpr-rs3, Fpr-rs4, Fpr-rs6, Fpr-rs7, Fpr1, Fpr2, Fpr3, Frat1, Frat2, Frk, Frmd6, Frmd7, Frmd8, Frmpd1, Frrs1l, Frs2, Frs3, Frzb, Fshb, Fshr, Fst, Fstl1, Fstl3, Fstl4, Fstl5, Furin, Fut7, Fut8, Fuz, Fxn, Fyb1, Fyb2, Fyn, Fzd1, Fzd10, Fzd2, Fzd3, Fzd4, Fzd5, Fzd6, Fzd7, Fzd8, Fzd9, Fzr1, G0s2, G2e3, G3bp1, G3bp2, Gab1, Gab2, Gab3, Gabarap, Gabbr1, Gabbr2, Gabrb3, Gadd45a, Gadd45b, Gadd45g, Gal, Galnt11, Galp, Galr1, Galr2, Galr3, Gapdh, Gapdh-ps15, Gapdhrt, Gapdhrt2, Garem1, Garnl3, Garre1, Gas1, Gas2, Gas2l2, Gas6, Gas8, Gast, Gata1, Gata2, Gata3, Gata4, Gata5, Gata6, Gba1, Gbf1, Gbp2, Gbp5, Gbp7, Gcg, Gcgr, Gck, Gclc, Gclm, Gcn1, Gcnt2, Gcsam, Gde1, Gdf1, Gdf10, Gdf11, Gdf15, Gdf2, Gdf3, Gdf5, Gdf6, Gdf7, Gdf9, Gdi1, Gdi2, Gdnf, Gdpd5, Gen1, Gfer, Gfi1, Gfra1, Gfra2, Gfra3, Gfra4, Gfral, Ggct, Ggnbp2, Gh, Ghitm, Ghr, Ghrh, Ghrhr, Ghrl, Ghsr, Gid8, Gigyf1, Gigyf2, Gip, Gipc1, Gipr, Git1, Git2, Gja1, Gkap1, Gkn1, Gkn2, Glce, Gldn, Glg1, Gli1, Gli2, Gli3, Glipr2, Glis2, Glmn, Glp1r, Glp2r, Glra1, Glra2, Glra3, Glra4, Glrb, Gm10662, Gm10668, Gm11690, Gm12250, Gm13271, Gm13272, Gm13275, Gm13276, Gm13277, Gm13283, Gm14137, Gm15441, Gm266, Gm4513, Gm5127, Gm5157, Gm527, Gm5890, Gm6176, Gm6882, Gmds, Gmfb, Gmfg, Gmip, Gna11, Gna12, Gna13, Gna14, Gna15, Gnai1, Gnai2, Gnai3, Gnal, Gnao1, Gnaq, Gnas, Gnat1, Gnat2, Gnat3, Gnaz, Gnb1, Gnb1l, Gnb2, Gnb3, Gnb4, Gnb5, Gng10, Gng11, Gng12, Gng13, Gng14, Gng2, Gng3, Gng4, Gng5, Gng5c, Gng7, Gng8, Gngt1, Gngt2, Gnrh1, Gnrhr, Golph3, Gorab, Got1, Gp6, Gpat3, Gpatch3, Gpbar1, Gpc1, Gpc2, Gpc3, Gpc4, Gpc5, Gpc6, Gpd1l, Gper1, Gpha2, Gphb5, Gpi1, Gpld1, Gpnmb, Gpr101, Gpr108, Gpr119, Gpr12, Gpr132, Gpr135, Gpr137, Gpr137b, Gpr137c, Gpr139, Gpr141, Gpr142, Gpr143, Gpr146, Gpr149, Gpr15, Gpr150, Gpr151, Gpr152, Gpr153, Gpr155, Gpr156, Gpr157, Gpr158, Gpr15lg, Gpr160, Gpr161, Gpr162, Gpr165, Gpr17, Gpr171, Gpr173, Gpr174, Gpr176, Gpr179, Gpr18, Gpr180, Gpr182, Gpr183, Gpr19, Gpr20, Gpr21, Gpr22, Gpr25, Gpr26, Gpr27, Gpr3, Gpr31b, Gpr33, Gpr34, Gpr35, Gpr37, Gpr37l1, Gpr39, Gpr4, Gpr45, Gpr50, Gpr52, Gpr55, Gpr6, Gpr61, Gpr62, Gpr63, Gpr65, Gpr68, Gpr75, Gpr82, Gpr83, Gpr84, Gpr85, Gpr87, Gpr88, Gprasp1, Gprc5a, Gprc5b, Gprc5c, Gprc5d, Gprc6a, Gps2, Gpsm1, Gpx1, Gramd4, Grap, Grap2, Grb10, Grb14, Grb2, Grb7, Grem1, Grem2, Gria1, Gria2, Gria3, Gria4, Grid2, Grid2ip, Grik1, Grik2, Grik3, Grik5, Grin1, Grin2a, Grin2b, Grin2c, Grin2d, Grin3a, Grin3b, Grina, Grip2, Grk1, Grk2, Grk3, Grk4, Grk5, Grk6, Grm1, Grm2, Grm3, Grm4, Grm5, Grm6, Grm7, Grm8, Grn, Grp, Grpr, Gsc, Gsdma3, Gsdme, Gsg1l, Gsk3a, Gsk3b, Gskip, Gsn, Gstp-ps, Gstp1, Gstp2, Gstp3, Gsx2, Guca1a, Guca1b, Guca2b, Gucy1a1, Gucy1a2, Gucy1b1, Gucy1b2, Gucy2c, Gucy2d, Gucy2e, Gucy2f, Gucy2g, Gzma, Gzmb, Gzmc, Gzmk, Gzmn, H2-M3, H2ax, H2bc21, Hacd3, Hamp, Hamp2, Hand2, Hap1, Hapstr1, Haspin, Havcr2, Hax1, Hbegf, Hbp1, Hcar1, Hcar2, Hcfc2, Hck, Hcls1, Hcrt, Hcrtr1, Hcrtr2, Hcst, Hdac1, Hdac2, Hdac3, Hdac4, Hdac6, Hdac7, Hdgf, Hdgfl3, Heg1, Hells, Herc2, Herc4, Herpud1, Herpud2, Hes1, Hes5, Hes7, Hesx1, Hexim1, Hey1, Hey2, Heyl, Hfe, Hgf, Hgs, Hhat, Hhex, Hhip, Hic1, Hif1a, Hif1an, Higd1a, Hinfp, Hint1, Hip1, Hip1r, Hipk1, Hipk2, Hipk3, Hipk4, Hivep1, Hivep2, Hjv, Hm629797, Hmga1, Hmga2, Hmgb1, Hmgb2, Hmgcr, Hmox1, Hnf1a, Hnf1b, Hnf4a, Hnrnpk, Homer1, Homer2, Homer3, Hormad1, Hoxa13, Hoxb3os, Hoxd3, Hp, Hpca, Hpcal1, Hpcal4, Hpgd, Hpse, Hpx, Hras, Hrg, Hrh1, Hrh2, Hrh3, Hrh4, Hrk, Hs1bp3, Hsf1, Hsh2d, Hsp90ab1, Hspa1b, Hspa5, Hspa8, Hspb1, Hspd1, Hspg2, Htr1a, Htr1b, Htr1d, Htr1e, Htr1f, Htr2a, Htr2b, Htr2c, Htr3a, Htr3b, Htr4, Htr5a, Htr5b, Htr6, Htr7, Htra1, Htra2, Htra3, Htt, Hunk, Hus1, Hus1b, Huwe1, Hyal2, Hyou1, Iapp, Icam1, Icmt, Icosl, Id1, Ide, Ier3, Ierepo2, Ifi203, Ifi203-ps, Ifi204, Ifi206, Ifi207, Ifi208, Ifi209, Ifi213, Ifi214, Ifi27, Ifi27l2a, Ifi27l2b, Ifi35, Ifih1, Ifitm1, Ifitm2, Ifitm3, Ifitm6, Ifitm7, Ifna1, Ifna11, Ifna12, Ifna13, Ifna14, Ifna15, Ifna16, Ifna2, Ifna4, Ifna5, Ifna6, Ifna7, Ifna9, Ifnab, Ifnar1, Ifnar2, Ifnb1, Ifne, Ifng, Ifngr1, Ifngr2, Ifnk, Ifnl2, Ifnl3, Ifnlr1, Ifnz, Ift122, Ift140, Ift172, Ift20, Ift25, Ift27, Ift46, Ift52, Ift56, Ift57, Ift74, Ift80, Ift81, Ift88, Igbp1, Igbp1b, Igf1, Igf1r, Igf2, Igf2r, Igfbp1, Igfbp2, Igfbp3, Igfbp4, Igfbp5, Igfbp6, Igfbp7, Igfbpl1, Igh-7, Ighe, Ighm, Igsf1, Igsf11, Igsf9b, Igtp, Ihh, Iigp1, Ik, Ikbkb, Ikbke, Ikbkg, Il10, Il10ra, Il10rb, Il11, Il11ra1, Il11ra2, Il11ra3, Il12a, Il12b, Il12rb1, Il12rb2, Il13, Il13ra1, Il13ra2, Il15, Il15ra, Il16, Il17a, Il17b, Il17c, Il17f, Il17ra, Il17rb, Il17rc, Il17rd, Il17re, Il18, Il18r1, Il18rap, Il19, Il1a, Il1b, Il1f10, Il1r1, Il1r2, Il1rap, Il1rapl1, Il1rapl2, Il1rl1, Il1rl2, Il1rn, Il2, Il20, Il20ra, Il20rb, Il21, Il21r, Il22, Il22b, Il22ra1, Il22ra2, Il23a, Il23r, Il24, Il25, Il27, Il27ra, Il2ra, Il2rb, Il2rg, Il3, Il31, Il31ra, Il33, Il34, Il36a, Il36b, Il36g, Il36rn, Il3ra, Il4, Il4ra, Il5, Il5ra, Il6, Il6ra, Il6st, Il7, Il7r, Il9, Il9r, Ilk, Ilkap, Impa1, Impa2, Impact, Inava, Inca1, Incenp, Ing1, Ing2, Ing5, Inha, Inhba, Inhbb, Inhbc, Inhbe, Inip, Inpp4b, Inpp5a, Inpp5b, Inpp5d, Inpp5e, Inpp5f, Inpp5k, Inppl1, Ins1, Ins2, Insig1, Insig2, Insl3, Insl5, Insl6, Insr, Insrr, Insyn1, Insyn2a, Ints3, Ints7, Ints9, Intu, Invs, Ipo5, Iqce, Iqgap1, Iqgap2, Iqgap3, Iqschfp, Iqsec1, Iqsec2, Iqsec3, Iqub, Irag1, Irak1, Irak1bp1, Irak2, Irak3, Irak4, Irf1, Irf2, Irf3, Irf4, Irf5, Irf7, Irgm1, Irgm2, Irs1, Irs2, Irs3, Irs4, Isg15, Isl1, Itch, Itfg2, Itga1, Itga10, Itga11, Itga2, Itga2b, Itga3, Itga4, Itga5, Itga6, Itga7, Itga8, Itga9, Itgad, Itgae, Itgal, Itgam, Itgav, Itgax, Itgb1, Itgb1bp1, Itgb2, Itgb2l, Itgb3, Itgb4, Itgb5, Itgb6, Itgb7, Itgb8, Itgbl1, Itk, Itm2c, Itpkb, Itpr1, Itpr2, Itpr3, Itprip, Itsn1, Ivns1abp, Jade1, Jag1, Jag2, Jagn1, Jak1, Jak2, Jak3, Jcad, Jmjd6, Jmjd8, Jmy, Jpt2, Jrk, Jun, Jund, Jup, Kalrn, Kank1, Kank2, Kars1, Kat7, Kazald1, Kbtbd2, Kbtbd6, Kbtbd7, Kcna1, Kcna5, Kcnb1, Kcnc2, Kcnip1, Kcnip2, Kcnip3, Kcnip4, Kcnj11, Kcnj8, Kcnk13, Kcnk2, Kcnn4, Kcnq1, Kcnq2, Kcnq3, Kcp, Kctd10, Kctd11, Kctd12, Kctd12b, Kctd13, Kctd16, Kctd20, Kctd21, Kctd6, Kctd8, Kctd9, Kdm1a, Kdm3a, Kdm4c, Kdm5d, Kdm6a, Kdm8, Kdr, Khdc3, Khdrbs1, Kics2, Kidins220, Kif14, Kif16b, Kif26a, Kif3a, Kif7, Kir3dl1, Kir3dl2, Kiss1, Kiss1r, Kit, Kitl, Kl, Klb, Klf14, Klf15, Klf16, Klf2, Klf4, Klf6, Klf9, Klhdc10, Klhl12, Klhl22, Klhl31, Klhl6, Klk14, Klk1b3, Klk1b4, Klk5, Klk6, Klrc1, Klrc2, Klrc3, Klrd1, Klre1, Klrg1, Klrh1, Klri1, Klri2, Klrk1, Kmt2d, Kmt2e, Kmt5a, Kndc1, Knl1, Kntc1, Kpna1, Kpna2, Kptn, Kras, Kremen1, Kremen2, Krt18, Krt19, Krt6a, Krt8, Krtap21-1, Ksr1, Ksr2, L1cam, Lacc1, Lag3, Lair1, Lama1, Lama2, Lama5, Lamb1, Lamb2, Lamc1, Lamp1, Lamp2, Lamtor1, Lamtor2, Lamtor3, Lamtor4, Lamtor5, Lancl2, Laptm5, Large1, Larp1, Lars1, Lat, Lat2, Lats1, Lats2, Lax1, Lbh, Lbp, Lbx2, Lck, Lcmt1, Lcn2, Lcp1, Lcp2, Ldb1, Ldlrad4, Ldoc1, Lect2, Lef1, Lefty1, Lefty2, Lemd2, Lemd3, Leo1, Lep, Lepr, Leprot, Leprotl1, Lfng, Lgals1, Lgals12, Lgals3, Lgals9, Lgmn, Lgr4, Lgr5, Lgr6, Lhb, Lhcgr, Lif, Lifr, Lilra5, Lilra6, Lilrb4a, Lilrb4b, Limd1, Lime1, Lims1, Lims2, Lin28a, Lingo1, Lipa, Litaf, Llgl1, Llgl2, Lmbr1, Lmbr1l, Lmbrd2, Lmcd1, Lmna, Lmnb1, Lmo3, Lmtk2, Lmx1a, Lonp1, Lox, Loxl3, Lpar1, Lpar2, Lpar3, Lpar4, Lpar5, Lpar6, Lpl, Lpxn, Lrba, Lrch4, Lrg1, Lrig2, Lrit3, Lrp1, Lrp2, Lrp4, Lrp5, Lrp6, Lrp8, Lrpap1, Lrr1, Lrrc10b, Lrrc14, Lrrc19, Lrrc2, Lrrc30, Lrrc32, Lrrc39, Lrrc40, Lrrc55os, Lrrc58, Lrrc63, Lrrc69, Lrrc8a, Lrrc8b, Lrrc8c, Lrrc8d, Lrrc8e, Lrrd1, Lrrfip2, Lrriq4, Lrrk1, Lrrk2, Lsm14a, Lsp1, Lta, Ltb, Ltb4r1, Ltb4r2, Ltbp1, Ltbp3, Ltbp4, Ltbr, Ltf, Ltk, Lurap1, Lurap1l, Ly6a, Ly6c1, Ly6c2, Ly6e, Ly6f, Ly6g, Ly6g2, Ly6g6d, Ly6g6e, Ly6g6g, Ly6h, Ly6i, Ly6m, Ly86, Ly96, Lyn, Lynx1, Lypd1, Lypd10, Lypd11, Lypd6, Lyplal1, Lztr1, Lzts2, Macf1, Maco1, Mad1l1, Mad2l1, Mad2l1bp, Mad2l2, Madcam1, Madd, Mael, Maged1, Magi1, Magi2, Magi3, Mak, Mal, Malt1, Maml1, Maml2, Maml3, Manf, Maoa, Map1lc3a, Map2k1, Map2k2, Map2k3, Map2k4, Map2k5, Map2k6, Map2k7, Map3k1, Map3k10, Map3k11, Map3k12, Map3k13, Map3k14, Map3k15, Map3k19, Map3k2, Map3k20, Map3k21, Map3k3, Map3k4, Map3k5, Map3k6, Map3k7, Map3k8, Map3k9, Map4k1, Map4k2, Map4k3, Map4k4, Map4k5, Mapk1, Mapk10, Mapk11, Mapk12, Mapk13, Mapk14, Mapk15, Mapk3, Mapk4, Mapk6, Mapk7, Mapk8, Mapk8ip1, Mapk8ip2, Mapk8ip3, Mapk9, Mapkap1, Mapkapk2, Mapkapk3, Mapkapk5, Mapkbp1, Mapre2, Mapt, Marchf7, Marcks, Marco, Mark1, Mark2, Mark3, Mark4, Marveld3, Mas1, Mast1, Mast2, Mast3, Mast4, Mastl, Mat2a, Mavs, Maz, Mbd2, Mbd4, Mbd5, Mbip, Mbl2, Mbp, Mbtps1, Mbtps2, Mc1r, Mc2r, Mc3r, Mc4r, Mc5r, Mcc, Mcf2l, Mchr1, Mcl1, Mcoln1, Mcu, Mdc1, Mdfi, Mdfic, Mdfic2, Mdk, Mdm2, Mdm4, Meak7, Mecom, Mecp2, Med1, Med12, Mef2a, Mef2c, Mefv, Megf8, Meis3, Melk, Men1, Mertk, Mesd, Mesp1, Mesp2, Met, Metrnl, Mettl21c, Mettl3, Mff, Mfhas1, Mfn2, Mfng, Mfsd2b, Mfsd8, Mgat5, Mgll, Mgrn1, Mia, Mib1, Mib2, Mid1, Mid2, Mif, Minar1, Mink1, Mios, Mir106b, Mir122, Mir125a, Mir130a, Mir135a-1, Mir135a-2, Mir135b, Mir143, Mir145a, Mir145b, Mir147, Mir154, Mir15a, Mir16-1, Mir181c, Mir181d, Mir182, Mir185, Mir195a, Mir196a-1, Mir196a-2, Mir1a-1, Mir1a-2, Mir200a, Mir200b, Mir205, Mir20a, Mir210, Mir218-1, Mir218-2, Mir221, Mir222, Mir224, Mir23a, Mir23b, Mir25, Mir27a, Mir27b, Mir290a, Mir29b-1, Mir301, Mir32, Mir329, Mir382, Mir423, Mir494, Mir504, Mir675, Mir7-1, Mir7-2, Mir744, Mir875, Mir93, Mirlet7a-1, Mirlet7b, Mirlet7d, Mirlet7f-1, Mirlet7f-2, Mitf, Mkks, Mknk1, Mknk2, Mkrn2, Mks1, Mlf1, Mlh1, Mlkl, Mllt11, Mllt3, Mlst8, Mlxipl, Mmd2, Mmp12, Mmp14, Mmp2, Mmp3, Mmp8, Mmp9, Mmrn1, Mmrn2, Mn1, Mndal, Mnt, Moap1, Mob1a, Mob1b, Mob2, Mob3a, Mob3b, Mob3c, Mob4, Mog, Mok, Morn3, Mos, Mosmo, Mpig6b, Mpl, Mpp2, Mpv17l, Mrap, Mrap2, Mras, Mre11a, Mrgpra1, Mrgpra2a, Mrgpra2b, Mrgpra3, Mrgpra4, Mrgpra5, Mrgpra6, Mrgpra7, Mrgpra8, Mrgpra9, Mrgprb1, Mrgprb2, Mrgprb3, Mrgprb4, Mrgprb5, Mrgprb8, Mrgprd, Mrgpre, Mrgprf, Mrgprg, Mrgprh, Mrgprx1, Mrgprx2, Mrnip, Mroh2b, Mrtfa, Ms4a1, Ms4a10, Ms4a12, Ms4a13, Ms4a14, Ms4a15, Ms4a18, Ms4a19, Ms4a2, Ms4a5, Ms4a6b, Ms4a6c, Ms4a6d, Ms4a7, Ms4a8a, Msh2, Msh6, Msmp, Mst1, Mst1r, Mstn, Msx1, Msx2, Mt1, Mt2, Mt3, Mtbp, Mtch2, Mtcl2, Mtcp1, Mtdh, Mtm1, Mtmr2, Mtmr4, Mtnr1a, Mtnr1b, Mtor, Mturn, Muc1, Muc19, Muc20, Mul1, Mup1, Mup11, Mup2, Mup20, Mup3, Mup4, Mup5, Mus81, Musk, Mvb12a, Mvb12b, Mvp, Myadm, Mybbp1a, Myc, Myd88, Mydgf, Myh7b, Myh9, Mylk2, Mylk3, Mylk4, Myo16, Myo18a, Myo1c, Myo1e, Myo1g, Myo6, Myo9a, Myo9b, Myoc, Myocd, Myof, Myom1, Myorg, Myoz1, Myoz2, Myzap, Mzb1, Nabp1, Nabp2, Nacc2, Nae1, Nagk, Naglu, Naip1, Naip2, Naip5, Naip6, Naip7, Nampt, Nanog, Nanos3, Nbl1, Nbn, Nbr1, Ncald, Ncam1, Nck1, Nck2, Nckap1, Nckap1l, Ncl, Ncln, Ncoa1, Ncoa2, Ncoa3, Ncoa5, Ncor1, Ncor2, Ncr1, Ncr3-ps, Ncs1, Ncstn, Ndc80, Ndel1, Ndn, Ndnf, Ndp, Ndrg1, Ndrg2, Ndrg3, Ndrg4, Ndst1, Ndufa13, Ndufc2, Ndufs3, Ndufs6, Necab2, Nectin2, Nedd4, Nedd9, Negr1, Nek1, Nek10, Nek11, Nek7, Nek8, Nelfe, Nenf, Neo1, Nepn, Nepro, Net1, Neto1, Neu3, Neurl1a, Neurl1b, Neurl2, Neurod1, Neurod2, Neurod4, Nf1, Nf2, Nfam1, Nfat5, Nfatc1, Nfatc2, Nfatc3, Nfatc4, Nfe2l2, Nfia, Nfix, Nfkb1, Nfkb2, Nfkbia, Nfkbib, Nfkbid, Nfkbil1, Nfkbiz, Ngef, Ngf, Ngfr, Ngly1, Nherf1, Nherf2, Nherf4, Nid1, Nim1k, Ninj1, Nisch, Nkap, Nkd1, Nkd2, Nkg7, Nkiras1, Nkiras2, Nkx2-1, Nkx2-2, Nkx2-5, Nkx3-1, Nkx6-1, Nle1, Nlgn1, Nlgn2, Nlgn3, Nlgn4l, Nlk, Nlrc3, Nlrc5, Nlrp12, Nlrp1a, Nlrp1b, Nlrp3, Nlrp6, Nlrx1, Nmb, Nmbr, Nme2, Nme5, Nmi, Nmnat1, Nms, Nmu, Nmur1, Nmur2, Noc2l, Nod1, Nod2, Nodal, Nog, Nol3, Nono, Nop2, Nop53, Nos1, Nos2, Nos3, Nostrin, Notch1, Notch2, Notch3, Notch4, Notum, Nox1, Nox4, Npas4, Npb, Npbwr1, Npc1, Npff, Npffr1, Npffr2, Nphp3, Nphp4, Nphs1, Nploc4, Npm1, Npnt, Nppa, Nppb, Nppc, Npr1, Npr2, Npr3, Nprl2, Nprl3, Nps, Npsr1, Nptn, Npvf, Npw, Npy, Npy1r, Npy2r, Npy4r, Npy5r, Npy6r, Nqo2, Nr0b1, Nr0b2, Nr1d1, Nr1d2, Nr1h2, Nr1h3, Nr1h4, Nr1h5, Nr1i2, Nr1i3, Nr2c1, Nr2c2, Nr2f2, Nr3c1, Nr3c2, Nr4a1, Nr4a2, Nr4a3, Nr5a1, Nr5a2, Nradd, Nrarp, Nras, Nrbp1, Nrbp2, Nrep, Nrg1, Nrg2, Nrg3, Nrg4, Nrgn, Nrip2, Nrk, Nron, Nrp1, Nrp2, Nrros, Nrtn, Nrxn1, Nrxn2, Nsdhl, Nsmaf, Nsmf, Nsun2, Ntf3, Ntf5, Ntn1, Ntrk1, Ntrk2, Ntrk3, Nts, Ntsr1, Ntsr2, Nuak2, Nucb1, Nucb2, Nucks1, Nuf2, Numa1, Numbl, Nup62, Nup85, Nup93, Nupr1, Nus1, Nxn, Nyap1, Nyap2, Oas1a, Oas1b, Oas1c, Oas1d, Oas1e, Oas1f, Oas1g, Oas1h, Oas2, Oas3, Oasl1, Oasl2, Obox4, Obp2a, Obscn, Ocrl, Ofd1, Ogn, Ogt, Olfm1, Olfm2, Olfm3, Olfm4, Olfm5, Olfml2a, Olfml2b, Olfml3, Olfr100, Olfr1060-ps1, Olfr197, Olfr255, Olfr256, Olfr363-ps, Olfr908, Oma1, Omp, Onecut1, Onecut2, Opa1, Ophn1, Opn1mw, Opn1sw, Opn3, Opn4, Opn5, Oprd1, Oprk1, Oprl1, Oprm1, Optn, Or10a2, Or10a3, Or10a3b, Or10a3m, Or10a3n, Or10a4, Or10a48, Or10a49, Or10a5, Or10aa1, Or10aa3, Or10ab4, Or10ab5, Or10ad1, Or10ad1b, Or10ad1c, Or10ag2, Or10ag52, Or10ag53, Or10ag56, Or10ag57, Or10ag58, Or10ag59, Or10ag60, Or10ak11, Or10ak13, Or10ak14, Or10ak16, Or10ak7, Or10ak8, Or10ak9, Or10al2, Or10al3, Or10al4, Or10al5, Or10al6, Or10al7, Or10am5, Or10b1, Or10c1, Or10d1, Or10d1b, Or10d1c, Or10d3, Or10d4, Or10d4b, Or10d4c, Or10d5, Or10d5j, Or10g1, Or10g1b, Or10g3, Or10g3b, Or10g6, Or10g7, Or10g9, Or10g9b, Or10h1, Or10h1b, Or10h28, Or10j27, Or10j3, Or10j3b, Or10j5, Or10j7, Or10k2, Or10n1, Or10p1, Or10p21, Or10p22, Or10q1, Or10q12, Or10q1b, Or10q3, Or10s1, Or10u3, Or10u4, Or10v1, Or10v5, Or10v9, Or10w1, Or10x1, Or10x4, Or10z1, Or11a4, Or11g1, Or11g2, Or11g24, Or11g25, Or11g26, Or11g27, Or11g7, Or11h23, Or11h4, Or11h4b, Or11h6, Or11h7, Or11i1, Or11j4, Or11l3, Or11m3, Or11n2, Or11q2, Or12d12, Or12d13, Or12d17, Or12d2, Or12e1, Or12e10, Or12e13, Or12e7, Or12e8, Or12e9, Or12j2, Or12j3, Or12j4, Or12j5, Or12k5, Or12k7, Or12k8, Or13a1, Or13a17, Or13a18, Or13a19, Or13a20, Or13a21, Or13a22, Or13a24, Or13a25, Or13a26, Or13a27, Or13a28, Or13ae2, Or13c25, Or13c3, Or13c7, Or13c7b, Or13c7c, Or13c7d, Or13d1, Or13e8, Or13f5, Or13g1, Or13j1, Or13l2, Or13n4, Or13p10, Or13p3, Or13p4, Or13p5, Or13p8, Or14a256, Or14a257, Or14a258, Or14a259, Or14a260, Or14c39, Or14c40, Or14c41, Or14c43, Or14c44, Or14c45, Or14c46, Or14j1, Or14j10, Or14j2, Or14j3, Or14j4, Or14j5, Or14j6, Or14j7, Or14j8, Or14j9, Or1a1, Or1a1b, Or1aa2, Or1ab2, Or1ad1, Or1ad6, Or1ad8, Or1af1, Or1ak2, Or1b1, Or1d2, Or1e1, Or1e16, Or1e17, Or1e19, Or1e1c, Or1e1f, Or1e21, Or1e22, Or1e23, Or1e25, Or1e26, Or1e29, Or1e30, Or1e31, Or1e32, Or1e33, Or1e34, Or1e35, Or1f12, Or1f19, Or1i2, Or1j1, Or1j10, Or1j11, Or1j12, Or1j13, Or1j14, Or1j15, Or1j16, Or1j17, Or1j18, Or1j19, Or1j20, Or1j21, Or1j4, Or1j8, Or1l4, Or1l4b, Or1l8, Or1m1, Or1n1, Or1n1b, Or1n2, Or1o1, Or1o11, Or1o2, Or1o3, Or1o4, Or1p1, Or1p1c, Or1q1, Or1r1, Or1s2, Or1x2, Or1x6, Or2a12, Or2a20, Or2a25, Or2a5, Or2a51, Or2a52, Or2a54, Or2a56, Or2a57, Or2a7, Or2aa1, Or2ab1, Or2ad1, Or2ag1, Or2ag12, Or2ag13, Or2ag15, Or2ag16, Or2ag17, Or2ag18, Or2ag19, Or2ag1b, Or2ag2, Or2ag20, Or2ag2b, Or2ah1, Or2aj4, Or2aj5, Or2aj6, Or2ak4, Or2ak5, Or2ak6, Or2ak7, Or2at1, Or2at4, Or2av9, Or2b11, Or2b2, Or2b28, Or2b2b, Or2b4, Or2b6, Or2b7, Or2bd2, Or2c1, Or2d2, Or2d3, Or2d36, Or2d4, Or2f1, Or2f1b, Or2f2, Or2g1, Or2g25, Or2g7, Or2h1, Or2h15, Or2h1b, Or2h2, Or2h2c, Or2i1, Or2j3, Or2j6, Or2k2, Or2l13, Or2l13b, Or2l5, Or2m12, Or2m13, Or2n1, Or2n1b, Or2n1c, Or2n1d, Or2n1e, Or2o1, Or2p2, Or2q1, Or2r11, Or2r2, Or2r3, Or2t1, Or2t26, Or2t29, Or2t43, Or2t44, Or2t45, Or2t46, Or2t47, Or2t48, Or2t49, Or2t6, Or2v1, Or2v2, Or2w2, Or2w25, Or2w3, Or2w3b, Or2w4, Or2w6, Or2y1, Or2y10, Or2y11, Or2y12, Or2y13, Or2y14, Or2y15, Or2y16, Or2y17, Or2y1b, Or2y1c, Or2y1d, Or2y1e, Or2y1f, Or2y1g, Or2y3, Or2y6, Or2y8, Or2z2, Or2z8, Or2z9, Or3a1, Or3a10, Or3a1b, Or3a1c, Or3a1d, Or3a4, Or4a15, Or4a2, Or4a27, Or4a39, Or4a47, Or4a66, Or4a67, Or4a68, Or4a69, Or4a70, Or4a71, Or4a72, Or4a73, Or4a74, Or4a75, Or4a76, Or4a77, Or4a78, Or4a79, Or4a81, Or4b1, Or4b12, Or4b13, Or4b1b, Or4b1c, Or4b1d, Or4c1, Or4c10, Or4c100, Or4c101, Or4c102, Or4c103, Or4c104, Or4c105, Or4c106, Or4c107, Or4c108, Or4c109, Or4c10b, Or4c11, Or4c110, Or4c111, Or4c112, Or4c113, Or4c114, Or4c115, Or4c116, Or4c117, Or4c118, Or4c11b, Or4c11c, Or4c12, Or4c120, Or4c121, Or4c122, Or4c123, Or4c124, Or4c125, Or4c126, Or4c127, Or4c12b, Or4c15, Or4c15b, Or4c29, Or4c3, Or4c31, Or4c35, Or4c3d, Or4c52, Or4c58, Or4d1, Or4d10, Or4d10b, Or4d10c, Or4d11, Or4d2, Or4d2b, Or4d5, Or4d6, Or4e1, Or4e2, Or4e5, Or4f14, Or4f14b, Or4f14d, Or4f15, Or4f17, Or4f47, Or4f4b, Or4f52, Or4f53, Or4f54, Or4f56, Or4f57, Or4f58, Or4f59, Or4f6, Or4f60, Or4f61, Or4f62, Or4f7, Or4g16, Or4g17, Or4g7, Or4k1, Or4k15, Or4k15b, Or4k15c, Or4k2, Or4k35, Or4k36, Or4k37, Or4k38, Or4k39, Or4k40, Or4k41, Or4k42, Or4k44, Or4k45, Or4k47, Or4k48, Or4k49, Or4k5, Or4k51, Or4k52, Or4k6, Or4k77, Or4l1, Or4l15, Or4m1, Or4n4, Or4n4b, Or4n5, Or4p18, Or4p19, Or4p20, Or4p22, Or4p23, Or4p7, Or4p8, Or4q3, Or4s2b, Or4x11, Or4x13, Or4x15, Or4x6, Or4z4, Or51a10, Or51a24, Or51a25, Or51a39, Or51a42, Or51a43, Or51a5, Or51a6, Or51a7, Or51a8, Or51aa2, Or51aa5, Or51ab3, Or51ac3, Or51af1, Or51ag1, Or51ah3, Or51ai2, Or51b17, Or51b4, Or51b6, Or51b6b, Or51d1, Or51e1, Or51e2, Or51f1, Or51f1d, Or51f1e, Or51f2, Or51f23, Or51f23b, Or51f5, Or51g1, Or51g2, Or51h1, Or51h5, Or51i1, Or51i2, Or51k1, Or51k2, Or51l14, Or51l4, Or51m1, Or51q1, Or51q1c, Or51r1, Or51s1, Or51t4, Or51v14, Or51v8, Or52a20, Or52a24, Or52a33, Or52a5, Or52a5b, Or52ab2, Or52ab4, Or52ab7, Or52ac1, Or52ad1, Or52ae7, Or52ae9, Or52b1, Or52b2, Or52b3, Or52b4, Or52d1, Or52d13, Or52d3, Or52e15, Or52e18, Or52e19b, Or52e2, Or52e3, Or52e4, Or52e5, Or52e7, Or52e8, Or52e8b, Or52h1, Or52h2, Or52h7, Or52h9, Or52i2, Or52j3, Or52k2, Or52l1, Or52m1, Or52m2, Or52n1, Or52n2, Or52n20, Or52n2b, Or52n2c, Or52n3, Or52n4, Or52n4b, Or52n5, Or52p1, Or52p2, Or52r1, Or52r1b, Or52r1c, Or52s1, Or52s19, Or52s1b, Or52s6, Or52u1, Or52w1, Or52x1, Or52z1, Or52z12, Or52z13, Or52z14, Or55b10, Or55b3, Or55b4, Or56a3, Or56a3b, Or56a4, Or56a5, Or56b1, Or56b1b, Or56b2, Or56b2j, Or56b34, Or56b35, Or56b6, Or5a1, Or5a3, Or5ac15, Or5ac16, Or5ac17, Or5ac19, Or5ac20, Or5ac21, Or5ac22, Or5ac23, Or5ac24, Or5ac25, Or5ae1, Or5ae2, Or5af1, Or5af2, Or5ak20, Or5ak22, Or5ak23, Or5ak24, Or5ak25, Or5ak4, Or5al1, Or5al5, Or5al6, Or5al7, Or5an1, Or5an10, Or5an11, Or5an1b, Or5an1c, Or5an6, Or5an9, Or5ap2, Or5aq1, Or5aq1b, Or5aq6, Or5aq7, Or5ar1, Or5as1, Or5au1, Or5b101, Or5b102, Or5b104, Or5b105, Or5b106, Or5b107, Or5b108, Or5b109, Or5b111, Or5b112, Or5b113, Or5b116, Or5b117, Or5b118, Or5b119, Or5b12, Or5b120, Or5b121, Or5b122, Or5b123, Or5b124, Or5b12b, Or5b21, Or5b24, Or5b3, Or5b94, Or5b95, Or5b96, Or5b97, Or5b98, Or5b99, Or5bb10, Or5be3, Or5bh3, Or5bw2, Or5c1, Or5d14, Or5d16, Or5d18, Or5d20, Or5d3, Or5d35, Or5d36, Or5d37, Or5d38, Or5d39, Or5d40, Or5d41, Or5d43, Or5d44, Or5d45, Or5d46, Or5d47, Or5e1, Or5g23, Or5g25, Or5g26, Or5g27, Or5g29, Or5g9, Or5h17, Or5h18, Or5h19, Or5h22, Or5h23, Or5h24-ps1, Or5h25, Or5h26, Or5i1, Or5j1, Or5j3, Or5k1, Or5k14, Or5k15, Or5k16, Or5k17, Or5k1b, Or5k3, Or5l13, Or5l14, Or5m10, Or5m10b, Or5m11b, Or5m12, Or5m13, Or5m13b, Or5m3, Or5m3b, Or5m5, Or5m8, Or5m9, Or5m9b, Or5o1, Or5p1, Or5p4, Or5p5, Or5p50, Or5p51, Or5p52, Or5p53, Or5p54, Or5p55, Or5p56, Or5p57, Or5p58, Or5p59, Or5p5c-ps1, Or5p6, Or5p60, Or5p61, Or5p62, Or5p63, Or5p64, Or5p66, Or5p67, Or5p68, Or5p69, Or5p70, Or5p72, Or5p73, Or5p76, Or5p78, Or5p79, Or5p80, Or5p81, Or5t15, Or5t16, Or5t17, Or5t18, Or5t5, Or5t7, Or5t9, Or5v1, Or5v1b, Or5w1, Or5w10, Or5w11, Or5w12, Or5w13, Or5w14, Or5w15, Or5w16, Or5w17, Or5w18, Or5w19, Or5w1b, Or5w20, Or5w22, Or5w8, Or6a2, Or6aa1, Or6ae1, Or6b1, Or6b13, Or6b2, Or6b2b, Or6b3, Or6b6, Or6b9, Or6c1, Or6c1b, Or6c2, Or6c200-ps1, Or6c201, Or6c202, Or6c203, Or6c205, Or6c206, Or6c207, Or6c208, Or6c209, Or6c210, Or6c211, Or6c212, Or6c213, Or6c214, Or6c215, Or6c216, Or6c217, Or6c219, Or6c2b, Or6c3, Or6c33, Or6c35, Or6c38, Or6c3b, Or6c5, Or6c5c, Or6c6, Or6c63-ps1, Or6c65, Or6c66, Or6c66b, Or6c68, Or6c69, Or6c69b, Or6c69c, Or6c6b, Or6c6c, Or6c70, Or6c74, Or6c75, Or6c76, Or6c76b, Or6c8, Or6c88, Or6c8b, Or6d12, Or6d13, Or6d14, Or6d15, Or6e1, Or6f1, Or6f2, Or6k14, Or6k2, Or6k4, Or6k6, Or6k8, Or6n1, Or6n2, Or6p1, Or6s1, Or6x1, Or6y1, Or6z1, Or6z3, Or6z5, Or6z6, Or6z7, Or7a35, Or7a36, Or7a37, Or7a38, Or7a39, Or7a40, Or7a41, Or7a42, Or7c19, Or7c70, Or7d10, Or7d11, Or7d9, Or7e165, Or7e166, Or7e168, Or7e169, Or7e170, Or7e173, Or7e174, Or7e175, Or7e176, Or7e177, Or7e178, Or7g12, Or7g16, Or7g17, Or7g18, Or7g19, Or7g20, Or7g21, Or7g22, Or7g23, Or7g25, Or7g26, Or7g27, Or7g28, Or7g29, Or7g30, Or7g31, Or7g32, Or7g33, Or7g34, Or7g35, Or7h8, Or8a1, Or8a1b, Or8b1, Or8b101, Or8b12, Or8b12b, Or8b12c, Or8b12i, Or8b1b, Or8b1c, Or8b1d, Or8b3, Or8b35, Or8b36, Or8b37, Or8b38, Or8b39, Or8b3b, Or8b4, Or8b40, Or8b41, Or8b42, Or8b43, Or8b44, Or8b46, Or8b47, Or8b48, Or8b49, Or8b50, Or8b51, Or8b52, Or8b53, Or8b54, Or8b55, Or8b56, Or8b57, Or8b8, Or8b9, Or8c10, Or8c11, Or8c13, Or8c15, Or8c16, Or8c17, Or8c18, Or8c20, Or8c8, Or8c9, Or8d1, Or8d1b, Or8d2, Or8d23, Or8d2b, Or8d4, Or8d6, Or8g17, Or8g18, Or8g19, Or8g2, Or8g20, Or8g21, Or8g22, Or8g23, Or8g24, Or8g26, Or8g27, Or8g28, Or8g2b, Or8g30, Or8g32, Or8g33, Or8g34, Or8g35, Or8g36, Or8g37, Or8g4, Or8g50, Or8g51, Or8g52, Or8g53, Or8g54, Or8g55, Or8h10, Or8h6, Or8h7, Or8h8, Or8h9, Or8i2, Or8j3, Or8j3b, Or8j3c, Or8k1, Or8k16, Or8k17, Or8k18, Or8k20, Or8k22, Or8k23, Or8k24, Or8k25, Or8k27, Or8k28, Or8k3, Or8k30, Or8k32, Or8k33, Or8k35, Or8k37, Or8k38, Or8k39, Or8k3b, Or8k40, Or8k41, Or8k53, Or8s10, Or8s16, Or8s2, Or8s5, Or8s8, Or8u10, Or8u3, Or8u8, Or8u9, Or8w1, Or9a2, Or9a4, Or9a7, Or9e1, Or9g10, Or9g19, Or9g20, Or9g3, Or9g4, Or9g4b, Or9g8, Or9i1, Or9i14, Or9i16, Or9i1b, Or9i2, Or9k2, Or9k2b, Or9k7, Or9m1, Or9m1b, Or9m2, Or9q1, Or9q2, Or9r3, Or9r7, Or9s13, Or9s14, Or9s15, Or9s18, Or9s23, Or9s27, Orai1, Orc1, Os9, Osbp, Osbpl8, Oscar, Osgin1, Osm, Osmr, Ostf1, Ostn, Otop1, Otub1, Otud3, Otud4, Otud5, Otud7b, Otulin, Ovol2, Oxgr1, Oxsr1, Oxt, Oxtr, P2rx1, P2rx2, P2rx3, P2rx4, P2rx5, P2rx6, P2rx7, P2ry1, P2ry10, P2ry10b, P2ry12, P2ry13, P2ry14, P2ry2, P2ry4, P2ry6, P3r3urf, P4hb, Pabir1, Pabpn1, Pacsin1, Pacsin2, Padi2, Paf1, Pafah1b1, Pag1, Pagr1a, Pak1, Pak1ip1, Pak2, Pak3, Pak4, Pak5, Pak6, Pakap, Palm, Palm3, Pals1, Pam16, Pappa, Pappa2, Paqr3, Park7, Parl, Parp1, Parp14, Parp16, Parp2, Parp6, Parp8, Parp9, Pask, Pate4, Pawr, Pax6, Paxip1, Pbk, Pbld1, Pbld2, Pbp2, Pbxip1, Pcbp2, Pcgf2, Pcid2, Pclo, Pcnt, Pcp2, Pcp4, Pcsk1n, Pcsk5, Pcsk9, Pdap1, Pdc, Pdcd10, Pdcd1lg2, Pdcd4, Pdcd5, Pdcd5-ps, Pdcd6, Pdcd7, Pdcl, Pde10a, Pde11a, Pde1a, Pde1b, Pde1c, Pde2a, Pde3a, Pde3b, Pde4a, Pde4b, Pde4c, Pde4d, Pde5a, Pde6a, Pde6b, Pde6c, Pde6d, Pde6g, Pde6h, Pde7a, Pde7b, Pde8a, Pde8b, Pde9a, Pdgfa, Pdgfb, Pdgfc, Pdgfd, Pdgfra, Pdgfrb, Pdia3, Pdia6, Pdk1, Pdk2, Pdk3, Pdk4, Pdp1, Pdp2, Pdpk1, Pdpn, Pdx1, Pdyn, Pea15a, Pea15b-ps, Pear1, Pebp1, Pecam1, Peg10, Peg12, Peli1, Peli2, Peli3, Pelo, Penk, Per1, Perp, Pex11a, Pex11b, Pex5l, Pf4, Pfdn5, Pgam2, Pgf, Pglyrp1, Pgr, Pgr15l, Phactr4, Phb1, Phb2, Phf14, Phf24, Phip, Phkg1, Phkg2, Phlda2, Phlda3, Phlpp1, Phlpp2, Phpt1, Pi4ka, Pi4kb, Pias1, Pias2, Pias3, Pias4, Pibf1, Picalm, Pick1, Pid1, Pidd1, Pigbos1, Pigr, Pigu, Pih1d1, Pik3ap1, Pik3c2a, Pik3c2b, Pik3c2g, Pik3c3, Pik3ca, Pik3cb, Pik3cd, Pik3cg, Pik3ip1, Pik3r1, Pik3r2, Pik3r3, Pik3r4, Pik3r5, Pik3r6, Pikfyve, Pilra, Pim1, Pim2, Pin1, Pin1rt1, Pink1, Pip4k2a, Pip4k2b, Pip4k2c, Pip4p1, Pira12, Pira13, Pira2, Pirb, Pitpnc1, Pitx2, Pja2, Pkd1, Pkd2, Pkd2l1, Pkhd1, Pkia, Pkn1, Pkn2, Pkn3, Pla2g2a, Pla2g5, Pla2g6, Pla2r1, Plaat1, Plagl2, Plat, Plau, Plaur, Plcb1, Plcb2, Plcb3, Plcb4, Plcd1, Plcd3, Plcd4, Plce1, Plcg1, Plcg2, Plch1, Plch2, Plcl1, Plcl2, Plcxd2, Plcxd3, Plcz1, Pld1, Pld2, Plek, Plek2, Plekha1, Plekha4, Plekhf1, Plekhg5, Plin5, Plk1, Plk2, Plk3, Pln, Plp1, Plpp1, Plpp2, Plpp3, Plppr1, Plppr2, Plppr3, Plppr4, Plppr5, Plscr1, Plscr2, Plscr3, Plvap, Plxna1, Plxna2, Plxna3, Plxna4, Plxnb1, Plxnb2, Plxnb3, Plxnc1, Plxnd1, Pmaip1, Pmch, Pmepa1, Pml, Pmp22, Pnck, Pnoc, Pnp, Pnpla2, Pnpla8, Pofut1, Poglut1, Polb, Pomc, Por, Porcn, Postn, Potefam3a, Potefam3b, Pou1f1, Pou4f1, Pou4f2, Pp2d1, Ppara, Ppard, Pparg, Ppargc1b, Ppdpf, Ppef2, Ppia, Ppif, Ppm1a, Ppm1b, Ppm1d, Ppm1e, Ppm1f, Ppm1g, Ppm1h, Ppm1j, Ppm1k, Ppm1l, Ppm1m, Ppm1n, Ppp1ca, Ppp1r10, Ppp1r12a, Ppp1r12b, Ppp1r12c, Ppp1r13b, Ppp1r14c, Ppp1r15a, Ppp1r15b, Ppp1r16b, Ppp1r1a, Ppp1r1b, Ppp1r1c, Ppp1r2, Ppp1r9a, Ppp1r9b, Ppp2ca, Ppp2cb, Ppp2r1a, Ppp2r1b, Ppp2r3a, Ppp2r5a, Ppp2r5b, Ppp2r5c, Ppp2r5d, Ppp2r5e, Ppp3ca, Ppp3cb, Ppp3cc, Ppp3r1, Ppp3r2, Ppp5c, Ppp6c, Ppp6r1, Ppp6r2, Ppp6r3, Ppt1, Ppy, Prag1, Pram1, Pramel7, Prap1, Prcp, Prdm11, Prdm14, Prdm15, Prdm16, Prdx1, Prdx2, Prelid1, Prex1, Prex2, Prf1, Prickle1, Prkaa1, Prkaa2, Prkab1, Prkab2, Prkaca, Prkacb, Prkag2, Prkar1a, Prkar1b, Prkar2a, Prkar2b, Prkca, Prkcb, Prkcd, Prkce, Prkcg, Prkch, Prkci, Prkcq, Prkcz, Prkd1, Prkd2, Prkd3, Prkdc, Prkg1, Prkg2, Prkn, Prkra, Prkx, Prl, Prl2a1, Prl2b1, Prl2c1, Prl2c2, Prl2c3, Prl2c5, Prl3a1, Prl3b1, Prl3c1, Prl3d1, Prl3d2, Prl3d3, Prl4a1, Prl5a1, Prl6a1, Prl7a1, Prl7a2, Prl7b1, Prl7c1, Prl7d1, Prl8a1, Prl8a2, Prl8a6, Prl8a8, Prl8a9, Prlh, Prlhr, Prlr, Prmt1, Prmt2, Prmt5, Prmt6, Prnp, Prodh, Prok1, Prok2, Prokr1, Prokr2, Pros1, Prox1, Prpf19, Prpf4b, Prr5, Prr5l, Prr7, Prrt1, Prrx1, Prrx2, Prss33, Prxl2c, Psap, Psapl1, Psca, Psd, Psd2, Psd3, Psd4, Psen1, Psen2, Psenen, Psg18, Psg22, Psg29, Psmd10, Psme3, Psmg2, Pspn, Ptafr, Ptbp1, Ptch1, Ptch2, Ptchd1, Pten, Ptf1a, Ptgdr, Ptgdr2, Ptger1, Ptger2, Ptger3, Ptger4, Ptges3, Ptgfr, Ptgir, Ptgis, Ptgs2, Ptgs2os, Pth, Pth1r, Pth2, Pth2r, Pthlh, Ptk2, Ptk2b, Ptk6, Ptk7, Ptn, Ptp4a3, Ptpdc1, Ptpmt1, Ptpn1, Ptpn11, Ptpn12, Ptpn13, Ptpn2, Ptpn22, Ptpn5, Ptpn6, Ptpn7, Ptpn9, Ptpra, Ptprc, Ptprd, Ptpre, Ptprf, Ptprg, Ptprh, Ptprj, Ptprk, Ptprm, Ptpro, Ptprr, Ptprs, Ptprt, Ptpru, Ptprv, Ptprz1, Pttg1, Pttg1ip, Pum1, Pum2, Pvrig, Pxn, Pycard, Pycr1, Pygo1, Pygo2, Pyy, Qars1, Qrfp, Qrfpr, Qrfprl, Qrich1, Rab11fip2, Rab12, Rab13, Rab14, Rab15, Rab21, Rab23, Rab29, Rab30, Rab33a, Rab33b, Rab34, Rab35, Rab39, Rab39b, Rab3gap1, Rab40b, Rab40c, Rab4a, Rab4b, Rab5a, Rab7, Rab7b, Rab9, Rab9b, Rabep1, Rabep2, Rabgef1, Rabif, Rabl3, Rac1, Rac2, Rac3, Racgap1, Rack1, Rad1, Rad17, Rad50, Rad51, Rad9a, Rad9b, Radil, Raf1, Rala, Ralb, Ralbp1, Ralgapa1, Ralgapa2, Ralgapb, Ralgds, Ralgps1, Ralgps2, Ramp1, Ramp2, Ramp3, Ranbp9, Rangap1, Rap1a, Rap1b, Rap1gap, Rap1gap2, Rap1gds1, Rap2a, Rap2b, Rap2c, Rapgef1, Rapgef2, Rapgef3, Rapgef4, Rapgef5, Rapgef6, Rapgefl1, Rara, Rarb, Rarg, Rarres2, Rasa1, Rasa2, Rasa3, Rasa4, Rasal1, Rasal3, Rasd1, Rasd2, Rasgef1a, Rasgef1b, Rasgef1c, Rasgrf1, Rasgrf2, Rasgrp1, Rasgrp2, Rasgrp3, Rasgrp4, Rasip1, Rasl11b, Rassf1, Rassf10, Rassf2, Rassf3, Rassf4, Rassf5, Rassf6, Rassf7, Rassf8, Rassf9, Rb1, Rb1cc1, Rbbp4, Rbbp7, Rbbp8, Rbck1, Rbfox2, Rbm15, Rbm4, Rbm47, Rbms3, Rbp4, Rbpj, Rbpms, Rbpms2, Rbx1, Rbx1-ps, Rc3h1, Rc3h2, Rcan1, Rcan2, Rcan3, Rcc2, Rcn3, Rcvrn, Rdx, Reck, Reg1, Reg3g, Rel, Rela, Relb, Rell1, Rell2, Reln, Rem1, Ren1, Ren2, Ret, Retn, Retnla, Retnlb, Retnlg, Rffl, Rfng, Rftn1, Rfwd3, Rfx4, Rfxank, Rgl1, Rgl2, Rgl3, Rgma, Rgmb, Rgn, Rgr, Rgs1, Rgs10, Rgs11, Rgs12, Rgs13, Rgs14, Rgs16, Rgs17, Rgs18, Rgs19, Rgs2, Rgs20, Rgs22, Rgs3, Rgs4, Rgs5, Rgs6, Rgs7, Rgs7bp, Rgs8, Rgs9, Rgs9bp, Rhbdd3, Rhbdf1, Rhbdf2, Rheb, Rhebl1, Rhno1, Rho, Rhoa, Rhob, Rhobtb1, Rhobtb2, Rhoc, Rhod, Rhof, Rhog, Rhoh, Rhoj, Rhoq, Rhot1, Rhot2, Rhou, Rhov, Rhpn1, Rhpn2, Rian, Ric8a, Ric8b, Rictor, Rigi, Rilpl1, Rims1, Rims2, Rin1, Rin2, Rin3, Rint1, Riok3, Ripk1, Ripk2, Ripk3, Ripor1, Ripor2, Ripply1, Ripply2, Rit1, Rit2, Rita1, Rln1, Rln3, Rnaseh2b, Rnd1, Rnd2, Rnd3, Rnf10, Rnf111, Rnf113a1, Rnf113a2, Rnf115, Rnf125, Rnf126, Rnf13, Rnf135, Rnf138, Rnf14, Rnf144a, Rnf146, Rnf149, Rnf152, Rnf167, Rnf170, Rnf183, Rnf185, Rnf186, Rnf213, Rnf220, Rnf31, Rnf34, Rnf41, Rnf43, Rnf6, Rnf7, Rnf8, Ro60, Robo1, Robo2, Rock1, Rock2, Ror1, Ror2, Rora, Rorb, Rorc, Ros1, Rp1, Rp1l1, Rpa2, Rpap2, Rpf2, Rpgrip1l, Rph3al, Rpl11, Rpl23, Rpl24, Rpl26, Rpl37, Rpl37rt, Rpl5, Rps12, Rps15, Rps19, Rps20, Rps23rg1, Rps27l, Rps3, Rps6, Rps6-ps4, Rps6ka1, Rps6ka2, Rps6ka3, Rps6ka4, Rps6ka5, Rps6ka6, Rps6kb1, Rps6kb2, Rps7, Rptor, Rraga, Rragb, Rragc, Rragd, Rras, Rras2, Rrbp1, Rrh, Rrm2b, Rrn3, Rrp8, Rrs1, Rsad2, Rspo1, Rspo2, Rspo3, Rspo4, Rsu1, Rtf1, Rtkn, Rtkn2, Rtn4, Rtn4r, Rtn4rl2, Rubcn, Rufy1, Rundc3a, Runx1, Runx2, Runx3, Ruvbl1, Ruvbl2, Rwdd1, Rwdd3, Rxfp1, Rxfp2, Rxfp3, Rxfp4, Rxra, Rxrb, Rxrg, Ryk, Ryr1, Ryr2, Ryr3, S100a13, S100a14, S100a4, S100a7l2, S100a8, S100a9, S100b, S1pr1, S1pr2, S1pr3, S1pr4, S1pr5, S2bpcox16, Saa3, Sac3d1, Safb, Safb2, Sag, Sall1, Sall3, Samd10, Samd12, Samd14, Samd15, Samd5, Samhd1, Samsn1, Samtor, Sap130, Sap30, Sap30l, Sar1a, Sar1b, Sarm1, Sash1, Sash3, Sav1, Sbk2, Scai, Scap, Scarb1, Scel, Scg2, Scg5, Scgb1a1, Scgb2a2, Scgb3a1, Schip1, Scimp, Scn11a, Scn2a, Scn7a, Sco1, Sct, Sctr, Scube1, Scube2, Scube3, Scx, Scyl2, Sdc1, Sdcbp, Sde2, Sdhaf2, Sec13, Sec14l1, Sectm1a, Sectm1b, Seh1l, Sel1l, Sele, Selenok, Selenon, Selenos, Selp, Sema3a, Sema3b, Sema3c, Sema3d, Sema3e, Sema3f, Sema3g, Sema4a, Sema4b, Sema4c, Sema4d, Sema4f, Sema4g, Sema5a, Sema5b, Sema6a, Sema6b, Sema6c, Sema6d, Sema7a, Senp1, Senp2, Septin2, Septin4, Serinc3, Serp1, Serp2, Serpina12, Serpine1, Serpine2, Serpinf2, Sesn1, Sesn2, Sesn3, Setmar, Sez6, Sez6l, Sez6l2, Sfn, Sfpq, Sfrp1, Sfrp2, Sfrp4, Sfrp5, Sgcd, Sgk1, Sgk2, Sgk3, Sgpl1, Sgpp1, Sgsm3, Sh2b1, Sh2b2, Sh2b3, Sh2d1a, Sh2d1b1, Sh2d3c, Sh2d6, Sh3bp1, Sh3bp2, Sh3bp4, Sh3bp5, Sh3bp5l, Sh3gl1, Sh3glb1, Sh3rf1, Sh3rf2, Sh3rf3, Sh3tc2, Shank1, Shank2, Shank3, Sharpin, Shb, Shc1, Shc2, Shc3, Shc4, Shcbp1, Shh, Shisa2, Shisa3, Shisa5, Shisa6, Shisa7, Shisa8, Shisa9, Shkbp1, Shoc2, Shox2, Shq1, Shtn1, Siah1a, Siah1b, Siah2, Sigirr, Siglec1, Siglecg, Sigmar1, Sik1, Sik2, Sik3, Sike1, Sin3a, Sinhcaf, Sipa1, Sipa1l1, Sipa1l2, Sipa1l3, Sirpa, Sirpb1a, Sirt1, Sirt2, Sirt3, Sirt7, Sit1, Siva1, Six1, Six3, Ska1, Ska3, Skap1, Ski, Skic8, Skil, Skint1, Skint10, Skint11, Skint2, Skint3, Skint4, Skint5, Skint6, Skint7, Skint8, Skint9, Skor1, Skor2, Skp2, Sla, Sla2, Slamf1, Slc12a3, Slc15a2, Slc15a3, Slc15a4, Slc17a7, Slc19a1, Slc1a1, Slc1a7, Slc22a22, Slc24a4, Slc25a31, Slc25a33, Slc25a4, Slc25a5, Slc26a6, Slc27a1, Slc27a4, Slc29a1, Slc2a10, Slc2a4, Slc2a8, Slc30a10, Slc31a1, Slc35c1, Slc35c2, Slc35f6, Slc38a9, Slc39a10, Slc39a12, Slc39a14, Slc39a5, Slc39a6, Slc39a8, Slc39a9, Slc46a2, Slc6a9, Slc7a1, Slc7a3, Slc8a1, Slc8a2, Slc8a3, Slc9a1, Slc9a6, Slit2, Slit3, Slk, Slmap, Slurp1, Slurp2, Smad1, Smad2, Smad3, Smad4, Smad5, Smad6, Smad7, Smad9, Smarca4, Smarcb1, Smarcc1, Smcr8, Smim30, Smo, Smoc2, Smok3a, Smpd1, Smpd2, Smpd3, Smpdl3a, Smpdl3b, Smurf1, Smurf2, Smyd2, Snai1, Snai2, Snca, Snhg20, Snip1, Snw1, Snx1, Snx13, Snx17, Snx25, Snx27, Snx3, Snx5, Snx6, Socs1, Socs2, Socs3, Socs4, Socs5, Socs6, Socs7, Sod1, Sod2, Sorbs1, Sorbs2, Sorbs3, Sorl1, Sort1, Sos1, Sos2, Sost, Sostdc1, Sox10, Sox11, Sox13, Sox17, Sox2, Sox30, Sox4, Sox7, Sox8, Sox9, Sp100, Spaar, Spag9, Sparcl1, Spart, Spata13, Spata2, Spatc1l, Spc24, Spc25, Spdl1, Specc1l, Spef1, Spen, Spg21, Sphk1, Sphk2, Spi1, Spin1, Spin4, Spink1, Spn, Spns2, Spop, Spp1, Sppl3, Spred1, Spred2, Spred3, Spring1, Spry1, Spry2, Spry3, Spry4, Spsb2, Spsb3, Spsb4, Sptbn1, Spx, Sqstm1, Srarp, Src, Srebf1, Srebf2, Srgap1, Srgap2, Srgap3, Srgn, Srms, Srpk1, Srpk2, Srpk3, Srpx, Srsf1, Srsf3, Ss18, Ssh1, Sst, Sstr1, Sstr2, Sstr3, Sstr4, Sstr5, Ssx2ip, St18, Stam2, Stambp, Stambpl1, Stap1, Stard10, Stard13, Stard8, Stat1, Stat2, Stat3, Stat4, Stat5a, Stat5b, Stat6, Stc1, Stc2, Steap3, Stil, Stim1, Sting1, Stk10, Stk11, Stk17b, Stk19, Stk24, Stk25, Stk26, Stk3, Stk32a, Stk32b, Stk32c, Stk33, Stk36, Stk38, Stk38l, Stk39, Stk4, Stk40, Stmn1, Stmn3, Stmp1, Stoml2, Stoml3, Ston1, Stox1, Stra6, Stradb, Strap, Strip1, Strn, Strn3, Strn4, Stub1, Stx1a, Stx1b, Stx4a, Stxbp4, Styx, Styx-ps, Styxl1, Styxl2, Sucnr1, Suds3, Sufu, Sulf1, Sulf2, Susd5, Suz12, Svep1, Syap1, Syde1, Syde2, Syf2, Syk, Syngap1, Synj1, Synj2bp, Synpo2l, Syp, Syvn1, Szt2, T, Taar1, Taar2, Taar3, Taar4, Taar5, Taar6, Taar7a, Taar7b, Taar7d, Taar7e, Taar7f, Taar8a, Taar8b, Taar8c, Taar9, Tab1, Tab2, Tab3, Tac1, Tac2, Tac4, Tacr1, Tacr2, Tacr3, Taf6, Taf7, Tafa1, Tafa4, Tafa5, Tagap, Tamalin, Tank, Taok1, Taok2, Taok3, Tarbp2, Tarm1, Tas1r1, Tas1r2, Tas1r3, Tas2r102, Tas2r103, Tas2r104, Tas2r105, Tas2r106, Tas2r107, Tas2r108, Tas2r109, Tas2r110, Tas2r113, Tas2r114, Tas2r116, Tas2r117, Tas2r118, Tas2r119, Tas2r120, Tas2r121, Tas2r123, Tas2r124, Tas2r125, Tas2r126, Tas2r129, Tas2r130, Tas2r131, Tas2r134, Tas2r135, Tas2r136, Tas2r137, Tas2r138, Tas2r139, Tas2r140, Tas2r143, Tas2r144, Tasl, Tax1bp1, Tax1bp3, Tbc1d10c, Tbc1d24, Tbc1d32, Tbc1d7, Tbck, Tbk1, Tbl1x, Tbl1xr1, Tbl2, Tbx1, Tbx18, Tbx2, Tbx20, Tbx6, Tbxa2r, Tcf21, Tcf4, Tcf7, Tcf7l1, Tcf7l2, Tcim, Tcl1, Tcl1b1, Tcl1b2, Tcl1b3, Tcl1b4, Tcl1b5, Tcp11, Tcp11l1, Tcp11l2, Tcp11x2, Tcrb, Tctn1, Tctn2, Tctn3, Tead1, Tead2, Tead3, Tead4, Tec, Tedc1, Tedc2, Tek, Tenm1, Tenm2, Tenm3, Tenm4, Terf2ip, Tert, Tespa1, Tet1, Tex14, Tfap2a, Tfap2b, Tff1, Tff2, Tfpt, Tfrc, Tg, Tgfa, Tgfb1, Tgfb1i1, Tgfb2, Tgfb3, Tgfbr1, Tgfbr2, Tgfbr3, Tgfbr3l, Tgfbrap1, Tgif1, Tgif2, Tgm2, Thap11, Thbs1, Thbs4, Them4, Themis, Themis2, Themis3, Thoc1, Thop1, Thpo, Thra, Thrb, Thy1, Tial1, Tiam1, Tiam2, Ticam1, Ticam2, Ticrr, Tie1, Tifa, Tifab, Timeless, Timm50, Timp1, Timp2, Timp4, Tiparp, Tipin, Tiprl, Tirap, Tjp2, Tkfc, Tle1, Tle2, Tle3, Tle4, Tle5, Tle6, Tle7, Tlk1, Tlk2, Tln1, Tlr1, Tlr11, Tlr12, Tlr13, Tlr2, Tlr3, Tlr4, Tlr5, Tlr6, Tlr7, Tlr8, Tlr9, Tm2d1, Tm9sf5, Tmbim1, Tmbim4, Tmbim6, Tmc8, Tmco1, Tmed2, Tmem100, Tmem102, Tmem106a, Tmem108, Tmem109, Tmem116, Tmem117, Tmem126a, Tmem127, Tmem131l, Tmem132a, Tmem145, Tmem14a, Tmem161a, Tmem17, Tmem170b, Tmem198, Tmem198b, Tmem204, Tmem231, Tmem237, Tmem238l, Tmem25, Tmem33, Tmem38a, Tmem38b, Tmem53, Tmem64, Tmem67, Tmem88, Tmem88b, Tmem9, Tmem98, Tmf1, Tmigd3, Tmod2, Tmprss6, Tmsb4x, Tmtc4, Tnf, Tnfaip1, Tnfaip3, Tnfaip6, Tnfaip8l1, Tnfaip8l3, Tnfrsf10b, Tnfrsf11a, Tnfrsf11b, Tnfrsf12a, Tnfrsf13c, Tnfrsf17, Tnfrsf18, Tnfrsf19, Tnfrsf1a, Tnfrsf1b, Tnfrsf21, Tnfrsf22, Tnfrsf23, Tnfrsf4, Tnfrsf8, Tnfsf10, Tnfsf11, Tnfsf12, Tnfsf13, Tnfsf13b, Tnfsf14, Tnfsf15, Tnfsf18, Tnfsf4, Tnfsf8, Tnfsf9, Tnik, Tnip1, Tnip2, Tnip3, Tnk1, Tnk2, Tnks, Tnks2, Tnn, Tnni3, Tnni3k, Tnrc6c, Tns2, Tns3, Tnxb, Tob1, Tollip, Tom1, Tom1l1, Tom1l2, Topbp1, Topors, Tox3, Tpbg, Tpbgl, Tpbpa, Tpcn1, Tpcn2, Tpd52l1, Tpr, Tpra1, Tprg1l, Tpt1, Trabd2b, Tradd, Traf1, Traf2, Traf3, Traf3ip1, Traf3ip2, Traf3ip3, Traf4, Traf5, Traf6, Traf7, Traip, Trap1, Trat1, Trav7-2, Trbv12-1, Trbv12-2, Trbv13-1, Trbv13-2, Trbv13-3, Trbv14, Trbv15, Trbv16, Trbv17, Trbv19, Trbv2, Trbv20, Trbv21, Trbv23, Trbv26, Trbv29, Trbv3, Trbv30, Trbv4, Trbv5, Trem2, Treml1, Treml4, Trerf1, Trex1, Trf, Trh, Trhr, Trhr2, Triap1, Trib1, Trib3, Tril, Trim11, Trim12a, Trim12c, Trim13, Trim15, Trim24, Trim25, Trim26, Trim3, Trim30a, Trim30b, Trim30c, Trim30d, Trim31, Trim32, Trim33, Trim38, Trim39, Trim41, Trim44, Trim5, Trim52, Trim55, Trim56, Trim59, Trim6, Trim60, Trim62, Trim65, Trim67, Trim68, Trim71, Trim72, Trim8, Trip10, Trip13, Trip4, Trip6, Trp53, Trp53bp1, Trp53bp2, Trp63, Trp73, Trpa1, Trpc1, Trpm1, Trpm2, Trpm4, Trps1, Trpv1, Trpv3, Trpv4, Trrap, Tsc1, Tsc2, Tsc22d1, Tsg101, Tshb, Tshr, Tsku, Tslp, Tspan12, Tspan14, Tspan15, Tspan32, Tspan5, Tspan6, Tspan9, Tspear, Tspyl5, Tssk3, Ttbk1, Ttbk2, Ttc21b, Ttc23, Tti1, Ttk, Ttll12, Ttn, Ttr, Ttyh1, Tub, Tuba1a, Tubb3, Tubd1, Tulp3, Tut4, Twf2, Twist1, Twsg1, Txk, Txn1, Txndc12, Txndc15, Txndc17, Txnip, Tyk2, Tyro3, Tyrobp, Uaca, Uba5, Ubac2, Ubash3a, Ubash3b, Ubb, Ubd, Ube2b, Ube2d1, Ube2i, Ube2k, Ube2n, Ube2o, Ube2v1, Ube2w, Ube3a, Ube4b, Ubqln1, Ubqln2, Ubr1, Ubr2, Ubr5, Uchl1, Uchl5, Ucma, Ucn, Ucn2, Ucn3, Ufd1, Ufl1, Ufm1, Ufsp2, Ugcg, Uimc1, Ulk1, Ulk2, Ulk3, Ulk4, Umod, Unc13a, Unc13b, Unc5a, Unc5b, Unc5c, Unc5cl, Unc5d, Unc93b1, Uri1, Usf1, Usf2, Uso1, Usp1, Usp10, Usp12, Usp15, Usp17le, Usp18, Usp20, Usp25, Usp26, Usp27x, Usp28, Usp29, Usp32, Usp33, Usp34, Usp4, Usp44, Usp46, Usp47, Usp49, Usp50, Usp7, Usp8, Usp9x, Uts2, Uts2b, Uts2r, V1ra8, Vangl2, Vapb, Vasn, Vav1, Vav2, Vav3, Vax2, Vcp, Vdac2, Vdr, Vegfa, Vegfb, Vegfc, Vegfd, Veph1, Vgf, Vgll4, Vhl, Vil1, Vip, Vipr1, Vipr2, Vldlr, Vmn1r40, Vmn1r41, Vmn1r42, Vmn1r43, Vmn1r44, Vmn1r45, Vmn1r46, Vmn1r47, Vmn1r48, Vmn1r49, Vmn1r50, Vmn1r51, Vmn1r52, Vmn1r53, Vmn1r54, Vmn2r1, Vmn2r116, Vmn2r26, Vmn2r81, Vnn1, Vps11, Vps13a, Vps18, Vps25, Vps35, Vps4a, Vps4b, Vps54, Vrk1, Vrk2, Vrk3, Vsir, Vsnl1, Vtcn1, Vwa2, Vwc2, Vwc2l, Vwf, Wac, Was, Wasf1, Wasf2, Washc4, Wbp1l, Wbp2, Wdfy1, Wdpcp, Wdr11, Wdr12, Wdr19, Wdr24, Wdr35, Wdr48, Wdr54, Wdr59, Wdr72, Wdr76, Wdr83, Wdr91, Wfikkn1, Wfikkn2, Wfs1, Wif1, Wls, Wnk1, Wnk2, Wnk3, Wnk4, Wnt1, Wnt10a, Wnt10b, Wnt11, Wnt16, Wnt2, Wnt2b, Wnt3, Wnt3a, Wnt4, Wnt5a, Wnt5b, Wnt6, Wnt7a, Wnt7b, Wnt8a, Wnt8b, Wnt9a, Wnt9b, Wsb1, Wsb2, Wtip, Wwc1, Wwc2, Wwox, Wwtr1, Xbp1, Xcl1, Xcr1, Xdh, Xiap, Xirp1, Xpa, Xpc, Xrcc3, Yap1, Ybx3, Yes1, Yjefn3, Yju2, Yod1, Ythdf2, Ythdf3, Ywhab, Ywhae, Ywhag, Ywhah, Ywhaq, Ywhaz, Zap70, Zbed3, Zbp1, Zbtb33, Zbtb7a, Zbtb7b, Zc3h12a, Zc3h15, Zc3h3, Zc3hav1, Zcchc12, Zcchc3, Zdhhc1, Zdhhc12, Zdhhc16, Zdhhc17, Zdhhc18, Zdhhc21, Zdhhc25, Zdhhc3, Zdhhc5, Zdhhc7, Zdhhc9, Zeb1, Zeb2, Zfand2b, Zfand5, Zfand6, Zfas1, Zfp106, Zfp110, Zfp128, Zfp13, Zfp207, Zfp36, Zfp366, Zfp36l1, Zfp36l2, Zfp385a, Zfp385b, Zfp423, Zfp451, Zfp536, Zfp592, Zfp622, Zfp640, Zfp653, Zfp683, Zfp703, Zfp830, Zfp91, Zfp950, Zfy2, Zfyve19, Zfyve27, Zfyve28, Zfyve9, Zgpat, Zic1, Zic2, Zic3, Zmiz1, Zmpste24, Zmynd11, Zmynd8, Znrf1, Znrf3, Znrf4, Zp3, Zranb1, Zswim2, Zw10, Zwilch, Zwint, Zyx
GO:0051254	positive regulation of RNA metabolic process	1844	51	26.86	8.6e-06	0.002656368	Aamdc, Aatf, Abhd14b, Ablim1, Ablim2, Ablim3, Abra, Acss2, Actb, Actl6a, Actn1, Actn2, Actn4, Actr2, Actr3, Actr5, Actr6, Actr8, Acvr1, Acvr1b, Acvr2a, Acvrl1, Adarb1, Adcyap1, Adrb2, Afap1l2, Aff1, Agap2, Ago1, Ago2, Ago3, Agrn, Agt, Agtr2, Ahi1, Ahr, Aire, Akap8l, Akirin1, Akirin2, Akna, Akt1, Akt2, Alkbh5, Alx1, Alx4, Ang, Ankrd1, Ankrd23, Ankrd49, Anxa2, Ap3b1, Ap3d1, Apbb1, Apbb2, Apex1, Apln, Apobec1, Apoe, App, Ar, Arap1, Arf4, Arglu1, Arhgef11, Arhgef2, Arid1a, Arid1b, Arid2, Arid3a, Arid3b, Arid3c, Arid4a, Arid4b, Arid5a, Arid5b, Arl2bp, Armcx3, Arnt, Arnt2, Arrb1, Arx, Ascl1, Ascl2, Ascl3, Ascl5, Ash1l, Ash2l, Asph, Asxl1, Asxl2, Asxl3, Atad2, Atf1, Atf1-ps, Atf2, Atf3, Atf4, Atf5, Atf6, Atf6b, Atf7, Atf7ip, Atm, Atmin, Atn1, Atoh1, Atoh7, Atoh8, Atrx, Atxn1, Atxn7, Atxn7l3, Auts2, Aym1, Bach1, Bambi, Banp, Barhl1, Barhl2, Barx2, Batf, Baz1b, Bcas3, Bcl10, Bcl11b, Bcl2l12, Bcl3, Bcl9, Bcl9l, Bclaf1, Bclaf3, Bex2, Bhlha15, Bhlhe22, Bhlhe23, Bicra, Bicral, Birc2, Blm, Bloc1s2, Bmal1, Bmal2, Bmp10, Bmp15, Bmp2, Bmp3, Bmp4, Bmp5, Bmp6, Bmp7, Bmpr1a, Bmpr1b, Bmpr2, Bmyc, Bnc1, Bptf, Brca1, Brca2, Brd3, Brd4, Brd7, Brd8, Brf1, Brpf1, Bsx, Btbd18, Btg2, Btrc, Bud23, Bud31, Calcoco1, Camk1, Camk4, Camta1, Camta2, Cand1, Capn3, Caprin1, Caprin2, Carf, Carm1, Cask, Casz1, Cavin2, Cavin4, Cbfb, Cbx7, Ccar1, Ccdc62, Ccl3, Ccn1, Ccna2, Ccnb1, Ccnc, Ccnk, Ccnt1, Ccnt2, Ccpg1, Cd274, Cd28, Cd38, Cd4, Cd40, Cd74, Cd81, Cdc5l, Cdc5lrt1, Cdc5lrt10, Cdc5lrt4, Cdc5lrt5, Cdc5lrt6, Cdc5lrt7, Cdc5lrt8, Cdc5lrt9, Cdc73, Cdh1, Cdh13, Cdk12, Cdk13, Cdk2, Cdk5rap2, Cdk5rap3, Cdk7, Cdk8, Cdk9, Cdkn1c, Cdkn2a, Cdon, Cdx1, Cdx2, Cdx4, Cebpa, Cebpb, Cebpd, Cebpe, Cebpg, Cebpz, Cela1, Celf1, Celf3, Celf4, Cenpk, Cep290, Ces1d, Chchd2, Chchd2-ps, Chd4, Chd6, Chd7, Chd8, Chek2, Chp2, Chuk, Churc1, Ciita, Cir1, Cirbp, Cited1, Cited2, Cited4, Ckap2, Clns1a, Clock, Cnbp, Cnot1, Cnot2, Cnot3, Cnot6, Cnot6l, Cnot7, Cnot8, Cnot9, Col1a1, Cops5, Coq7, Cpap, Cpeb3, Creb1, Creb3, Creb3l1, Creb3l2, Creb3l3, Creb3l4, Creb5, Crebbp, Crebl2, Crebrf, Crebzf, Crem, Cripto, Crlf3, Crtc1, Crtc2, Crtc3, Crx, Csde1, Csf3, Csrnp1, Csrnp2, Csrnp3, Csrp3, Ctbp2, Ctcf, Ctcfl, Ctnnb1, Ctr9, Cx3cl1, Cxcr3, Cxxc1, Cys1, Cytl1, D1Pas1, Dab2, Dab2ip, Daxx, Dazap1, Dbp, Dcaf6, Dcn, Dcp1a, Dcp1b, Dcp2, Dcps, Ddit3, Ddn, Ddrgk1, Ddx11, Ddx17, Ddx21, Ddx3x, Ddx41, Ddx5, Deaf1, Dek, Dhx33, Dhx36, Dhx9, Dicer1, Dimt1, Dis3l2, Dll1, Dlx1, Dlx2, Dlx3, Dlx5, Dlx6os1, Dmap1, Dmrt1, Dmrt2, Dmtf1, Dnajc2, Dnd1, Dot1l, Drd2, Drd3, Dtx3l, Dvl1, Dvl2, Dvl3, Dxo, Dyrk1a, Dyrk1b, E2f1, E2f2, E2f3, E2f4, E2f5, E2f7, E2f8, E4f1, Eaf1, Eaf2, Eapp, Ebf1, Ebf2, Ebf3, Ebf4, Ecd, Edf1, Edn1, Edrf1, Eef1d, Efcab7, Egf, Egfr, Egln1, Egr1, Egr2, Egr3, Egr4, Ehf, Eif1, Eif2ak3, Eif4a1, Eif4a3, Eif4enif1, Elavl1, Elf1, Elf2, Elf3, Elf4, Elf5, Elk1, Elk3, Elk4, Ell, Ell2, Ell3, En1, En2, Eng, Eny2, Eomes, Ep300, Ep400, Epas1, Epc1, Epc2, Epcam, Epo, Erbb2, Erbb4, Ercc1, Ercc6, Erg, Esr1, Esr2, Esrra, Esrrb, Esrrg, Ets1, Ets2, Etv1, Etv2, Etv4, Etv5, Etv6, Evx1, Exosc10, Exosc9, Eya1, Ezh1, F2r, F2rl1, Fadd, Fam170a, Fank1, Fbln5, Fbxw11, Fev, Fezf1, Fezf2, Fgf1, Fgf10, Fgf2, Fgf23, Fgf4, Fgf7, Fgf9, Fgfr1, Fgfr2, Fhl5, Fhod1, Figla, Fiz1, Fli1, Flt3l, Fos, Fosb, Fosl1, Fosl2, Foxa1, Foxa2, Foxa3, Foxc1, Foxc2, Foxd1, Foxd2, Foxd3, Foxe1, Foxf1, Foxf2, Foxh1, Foxi1, Foxj1, Foxj2, Foxj3, Foxk1, Foxk2, Foxl2, Foxm1, Foxn1, Foxn4, Foxo1, Foxo3, Foxo4, Foxp1, Foxp3, Foxr1, Fstl3, Fto, Fubp3, Fus, Fxr1, Fxr2, Fzd1, Fzd2, Fzd4, Fzd5, Fzd7, Gabpa, Gabpb1, Gabpb2, Gal, Galr1, Galr2, Galr3, Gata1, Gata2, Gata3, Gata4, Gata5, Gata6, Gatad2a, Gatad2b, Gbx2, Gcm1, Gcm2, Gdf2, Gdf6, Gdf7, Gdnf, Ghrh, Gigyf2, Gli1, Gli2, Gli3, Glis1, Glis2, Glis3, Glmp, Glp1r, Gm7324, Gmeb1, Gmeb2, Gnl3, Gpatch3, Gpbp1, Gpbp1l1, Gper1, Gps2, Grem1, Grhl1, Grhl2, Grhl3, Grin1, Grsf1, Gsdmd, Gsk3a, Gsk3b, Gsx1, Gtf2a1, Gtf2a2, Gtf2f1, Gtf2f2, Gtf2h1, Gtf2i, Gtpbp1, Gtsf1, H2az1, Hamp, Hand1, Hand2, Has3, Hax1, Hcfc1, Hcls1, Hdac1, Hdac2, Hdac3, Hdac4, Hdac5, Hdgf, Heatr1, Helt, Helz2, Hes1, Hes3, Hes5, Hexb, Hey1, Hey2, Heyl, Hhex, Hif1a, Hif3a, Hinfp, Hipk2, Hivep1, Hivep2, Hivep3, Hjv, Hlf, Hltf, Hmbox1, Hmga1, Hmga1b, Hmga2, Hmgb1, Hmgb2, Hmgn3, Hmx2, Hnf1a, Hnf1b, Hnf4a, Hnf4g, Hnrnpab, Hnrnpd, Hnrnpk, Hnrnpr, Hnrnpu, Hoxa1, Hoxa10, Hoxa11, Hoxa13, Hoxa2, Hoxa4, Hoxa5, Hoxa7, Hoxa9, Hoxb1, Hoxb2, Hoxb3, Hoxb4, Hoxb5, Hoxb7, Hoxb9, Hoxc10, Hoxc11, Hoxc13, Hoxc4, Hoxd10, Hoxd13, Hoxd3, Hoxd4, Hoxd8, Hoxd9, Hras, Hsf1, Hsf2, Hsf3, Hsf5, Hspa8, Htatip2, Hyal2, Ice1, Ice2, Id2, Id4, Ier2, Ier5, Ifi203, Ifi203-ps, Ifi206, Ifi207, Ifi208, Ifi209, Ifi213, Ifi214, Ifnar1, Ifnb1, Ifng, Ifrd1, Ift74, Igbp1, Igf1, Igf1r, Igf2, Igf2bp1, Ihh, Ikbkb, Ikbkg, Ikzf1, Ikzf2, Ikzf3, Ikzf4, Il10, Il11, Il13, Il17a, Il17f, Il18, Il1a, Il1b, Il2, Il22, Il23a, Il25, Il33, Il4, Il4i1, Il4i1b, Il5, Il6, Ilf2, Ilf3, Ilk, Ing1, Ing2, Ing3, Ing4, Inhba, Ino80, Ino80b, Ino80c, Ino80d, Ino80e, Inpp5k, Insr, Ippk, Iqce, Irf1, Irf2, Irf2bpl, Irf3, Irf4, Irf5, Irf6, Irf7, Irf8, Irf9, Irx3, Irx4, Irx6, Isl1, Isl2, Itga6, Itga8, Itgb1bp1, Jade1, Jag1, Jak2, Jak3, Jmjd6, Jmy, Jpx, Jun, Junb, Jund, Jup, Kansl1, Kansl2, Kansl3, Kars1, Kat2a, Kat2b, Kat5, Kat6a, Kat6b, Kat7, Kat8, Kcnh2, Kdm1a, Kdm3a, Kdm4c, Kdm5a, Kdm6a, Kdm6b, Kdm7a, Kdm8, Khsrp, Klf1, Klf10, Klf12, Klf13, Klf14, Klf15, Klf2, Klf4, Klf5, Klf6, Klf7, Klf9, Kmt2a, Kmt2b, Kmt2c, Kmt2d, Kmt2e, Kpna6, Larp7, Larp7-ps, Lbh, Ldb1, Ldb2, Lef1, Leo1, Lhx1, Lhx2, Lhx3, Lhx4, Lhx5, Lif, Lin28b, Litaf, Lmntd2, Lmo1, Lmo2, Lmo3, Lmo4, Lmo7, Lmx1a, Lmx1b, Lpin1, Lpin2, Lpin3, Lrp5, Lrp6, Lsm1, Lum, Lyar, Lyl1, Macc1, Mad2l2, Maf, Mafa, Mafb, Maff, Mafg, Maged1, Mak, Maml1, Maml2, Maml3, Mamstr, Map2k1, Map2k2, Map2k3, Map2k5, Map2k7, Map3k1, Map3k12, Map3k5, Mapk1, Mapk14, Mapk15, Mapk3, Mapk7, Mapk9, Mapkapk5, Mapre3, Mars1, Mavs, Max, Maz, Mbd2, Mbd3, Mbtd1, Mbtps2, Mc1r, Mcf2l, Mcidas, Mcrs1, Mdfic, Mdk, Meaf6, Mecom, Mecp2, Med1, Med10, Med11, Med12, Med12l, Med13, Med14, Med15, Med16, Med17, Med18, Med19, Med20, Med21, Med22, Med23, Med24, Med25, Med26, Med27, Med28, Med29, Med30, Med31, Med4, Med6, Med7, Med8, Med9, Mef2a, Mef2b, Mef2c, Mef2d, Meis1, Meis2, Meis3, Men1, Meox1, Meox2, Mepce, Mesp1, Mesp2, Met, Mettl14, Mettl16, Mettl23, Mettl3, Mex3d, Mga, Mical2, Mir103-1, Mir103-2, Mir143, Mir144, Mir196a-1, Mir196a-2, Mir196b, Mir451a, Mir451b, Mir466d, Mir466l, Mir744, Mir7578, Mitf, Mixl1, Mkrn2, Mkx, Mlh1, Mllt1, Mllt10, Mllt11, Mllt3, Mllt6, Mlx, Mlxip, Mlxipl, Mmp12, Mms19, Mndal, Morf4l1, Morf4l2, Mospd1, Mov10, Mrgbp, Mrpl12, Mrtfa, Mrtfb, Msantd1, Msgn1, Msl1, Msl2, Msl3, Mstn, Msx1, Mt3, Mta1, Mta2, Mta3, Mtdh, Mtf1, Mtor, Muc1, Myb, Mybbp1a, Mybl1, Mybl2, Myc, Mycbp, Mycn, Mycs, Myd88, Mydgf, Myf5, Myf6, Myo1c, Myocd, Myod1, Myog, Myrf, Myrfl, Mysm1, Myt1, Myt1l, Mzf1, Naa15, Nampt, Nanog, Nanos1, Nanos2, Nanos3, Ncbp1, Ncbp2, Nck1, Nck2, Ncl, Ncoa1, Ncoa2, Ncoa3, Ncoa6, Ncoa7, Ndn, Ndp, Nek4, Nelfa, Nelfe, Neurod1, Neurod2, Neurod4, Neurod6, Neurog1, Neurog2, Neurog3, Nfat5, Nfatc1, Nfatc2, Nfatc2ip, Nfatc3, Nfatc4, Nfe2l1, Nfe2l2, Nfia, Nfib, Nfic, Nfil3, Nfix, Nfkb1, Nfkb2, Nfkbia, Nfkbiz, Nfrkb, Nfya, Nfyb, Nfyc, Ngfr, Nhlh1, Nhlh2, Niban2, Nif3l1, Nipbl, Nkrf, Nkx2-1, Nkx2-2, Nkx2-3, Nkx2-5, Nkx2-6, Nkx2-9, Nkx3-1, Nkx6-3, Nlrc5, Nlrp3, Nmd3, Nme2, Nobox, Noct, Nod2, Nodal, Nog, Nol11, Nolc1, Nos1, Notch1, Notch2, Notch3, Notch4, Npas2, Npas3, Npas4, Npat, Npm1, Npnt, Nr0b2, Nr1d1, Nr1d2, Nr1h2, Nr1h3, Nr1h4, Nr1h5, Nr1i2, Nr1i3, Nr2c2, Nr2e1, Nr2e3, Nr2f1, Nr2f2, Nr3c1, Nr3c2, Nr4a1, Nr4a2, Nr4a3, Nr5a1, Nr5a2, Nr6a1, Nrbf2, Nrf1, Nrip1, Nrl, Nsd1, Nsd3, Ntf3, Nucks1, Nufip1, Nup62, Nup85, Nup98, Nupr1, Obi1, Ogg1, Ogt, Olig1, Olig2, Olig3, Onecut1, Onecut2, Onecut3, Osm, Osr1, Osr2, Otx1, Otx2, Ovol2, P2rx2, P2ry1, Pabpc1, Pabpn1l, Paf1, Pagr1a, Paip1, Pan2, Pan3, Park7, Parn, Parp1, Parp9, Patl1, Patl2, Patz1, Pax1, Pax2, Pax3, Pax5, Pax6, Pax7, Pax8, Pax9, Paxbp1, Paxip1, Pbrm1, Pbx1, Pbx2, Pbx3, Pbx4, Pbxip1, Pcbd1, Pcbd2, Pcbp1, Pcbp2, Pcgf5, Pcid2, Pck1, Pde12, Pdgfb, Pdlim1, Pdx1, Peg3, Pelp1, Per1, Per2, Pf4, Pfkm, Pfn1, Pgr, Phb1, Phf2, Phf20, Phf5a, Phf8, Phip, Phox2a, Phox2b, Pias1, Pias2, Picalm, Pid1, Pih1d1, Pik3r1, Pik3r2, Pim1, Pim2, Pin1, Pin1rt1, Pink1, Pithd1, Pitx1, Pitx2, Pitx3, Piwil1, Piwil2, Piwil4, Pkd1, Pkd2, Pkm, Pkn1, Pknox1, Pkp1, Plac8, Plag1, Plagl1, Plagl2, Plcb1, Plekhn1, Plscr1, Pmf1, Pml, Pnldc1, Pnpt1, Pogz, Polr2g, Pomc, Pou1f1, Pou2af1, Pou2af2, Pou2af3, Pou2f1, Pou2f2, Pou2f3, Pou3f1, Pou3f2, Pou3f3, Pou4f1, Pou4f2, Pou4f3, Pou5f1, Ppara, Ppard, Pparg, Ppargc1a, Ppargc1b, Ppm1a, Ppp1r12a, Ppp1r15a, Ppp2r5b, Ppp2r5d, Ppp3ca, Ppp3cb, Ppp3r1, Pprc1, Prdm10, Prdm11, Prdm15, Prdm16, Prdm2, Prdm4, Prdm5, Prdm9, Prdx6, Prdx6b, Preb, Prkaa1, Prkcb, Prkd1, Prkd2, Prkdc, Prkn, Prl, Prl2c2, Prmt2, Prmt5, Prop1, Prox1, Prpf19, Prpf6, Prr5l, Prrx1, Prrx2, Psen1, Psip1, Psmc3ip, Psmc6, Psmd9, Psrc1, Ptbp1, Ptch1, Ptf1a, Ptges2, Pth, Ptma, Ptms, Ptov1, Ptprn, Pum1, Purb, Pus1, Pwp1, Pwwp2a, Pwwp2b, Pygo1, Qki, Qrich1, Rad54l2, Raf1, Rai1, Rap2c, Rapgef3, Rara, Rarb, Rarg, Rasl11a, Rax, Rb1, Rbbp4, Rbbp7, Rbck1, Rbm14, Rbm15, Rbm24, Rbm3, Rbm39, Rbmx, Rbmxl1, Rbmxl2, Rbmy, Rbmyf1, Rbmyf3, Rbmyf6, Rbmyf9, Rbpj, Rbpjl, Rbpms, Rc3h1, Rc3h2, Rel, Rela, Relb, Reno1, Rere, Rest, Ret, Rfc1, Rfx2, Rfx3, Rfx4, Rfx5, Rfx6, Rfx7, Rfxank, Rfxap, Rgcc, Rgma, Rgmb, Rhog, Rhoq, Rhox5, Rida, Rigi, Riok1, Riok2, Ripk1, Rit2, Rnasel, Rnf10, Rnf14, Rnf187, Rnf20, Rnf4, Rnf40, Rnf6, Rock1, Rock2, Ror2, Rora, Rorb, Rorc, Rprd1b, Rps6ka1, Rps6ka3, Rps6ka4, Rps6ka5, Rptor, Rreb1, Rrn3, Rrp1b, Rsf1, Rtraf, Runx1, Runx2, Runx3, Ruvbl1, Ruvbl2, Rxra, Rxrb, Rxrg, Rybp, Rybp-ps, S100a10, S1pr1, Safb, Sall1, Sall2, Sall4, Samd4, Samd4b, Satb2, Sbno2, Scaf8, Scand1, Scx, Senp1, Senp2, Serpinf2, Sertad1, Sertad2, Sertad3, Setd3, Setd4, Setd7, Setx, Sf3b1, Sf3b3, Sf3b5, Sfpq, Sfr1, Sfrp1, Sfrp2, Sgf29, Sgsm1, Shc1, Shh, Sirt1, Sirt2, Sirt3, Sirt7, Six1, Six2, Six3, Six4, Six5, Skap1, Ski, Slc11a1, Slc30a9, Slc38a3, Slc39a5, Slc40a1, Slc9a1, Slirp, Smad1, Smad2, Smad3, Smad4, Smad5, Smad6, Smad9, Smarca1, Smarca2, Smarca4, Smarca5, Smarcad1, Smarcb1, Smarcc1, Smarcc2, Smarcd3, Smo, Smyd3, Snai1, Snrnp70, Snw1, Snx5, Sohlh1, Sohlh2, Sost, Sox1, Sox10, Sox11, Sox12, Sox14, Sox15, Sox17, Sox18, Sox2, Sox21, Sox3, Sox30, Sox4, Sox6, Sox7, Sox8, Sox9, Sp1, Sp100, Sp3, Sp7, Spag8, Spdef, Spen, Spi1, Spib, Spic, Spin1, Spp1, Spx, Spz1, Sra1, Srebf1, Srebf2, Srf, Sry, Ss18, Ss18l1, Ssbp2, Ssbp3, Ssbp4, St18, Stat1, Stat2, Stat3, Stat4, Stat5a, Stat5b, Stat6, Sting1, Stk16, Stra8, Strn3, Sub1, Sumo2, Supt20, Supt4a, Supt4b, Supt5, Supt6, Supt7l, Supv3l1, Syncrip, T, Tacc1, Tada1, Tada2a, Tada3, Taf1, Taf10, Taf11, Taf12, Taf13, Taf2, Taf3, Taf4, Taf4b, Taf5, Taf5l, Taf6, Taf6l, Taf7, Taf8, Taf9, Tal1, Tardbp, Tasp1, Tbk1, Tbl1x, Tbl1xr1, Tbp, Tbr1, Tbx1, Tbx10, Tbx15, Tbx18, Tbx19, Tbx2, Tbx20, Tbx21, Tbx22, Tbx3, Tbx4, Tbx5, Tbx6, Tcea1, Tcea2, Tcerg1, Tcf12, Tcf15, Tcf20, Tcf21, Tcf3, Tcf4, Tcf7l1, Tcf7l2, Tdrd3, Tead1, Tead2, Tead3, Tead4, Tef, Tent4a, Tent4b, Tert, Tesc, Tescl, Tet1, Tet2, Tet3, Tex24, Tfam, Tfap2a, Tfap2b, Tfap2c, Tfap2d, Tfap2e, Tfap4, Tfcp2, Tfdp1, Tfdp2, Tfe3, Tfeb, Tfec, Tfpt, Tfr2, Tgfb1, Tgfb1i1, Tgfb2, Tgfb3, Tgfbr1, Thap11, Thap3, Thra, Thrap3, Thrb, Tlr2, Tlr3, Tlr4, Tlr7, Tlr9, Tlx1, Tlx2, Tmf1, Tmprss6, Tmsb4x, Tnf, Tnfrsf1a, Tnfrsf1b, Tnfsf11, Tnfsf8, Tnip1, Tnip2, Tnks, Tnni2, Tnrc6a, Tnrc6b, Tnrc6c, Tob1, Top2a, Top2b, Topors, Tox, Tox2, Tox3, Tra2a, Tra2b, Traf6, Trerf1, Trf, Triap1, Trim13, Trim14, Trim24, Trim25, Trim27, Trim28, Trim32, Trim37, Trim38, Trim44, Trim62, Trim71, Trim8, Trip4, Trmt112, Trp53, Trp53bp1, Trp53inp1, Trp53inp2, Trp63, Trp73, Trrap, Tsc2, Tsc22d1, Ttc5, Tunar, Tut4, Tut7, Twist1, Txk, Ube2e1, Ube2l3, Ube3a, Ubp1, Ubtf, Ubtfl1, Uchl5, Ucn, Upf1, Upf3a, Upf3b, Usf1, Usf2, Usf3, Usp16, Usp21, Usp22, Utf1, Utp15, Vdr, Vegfa, Vezf1, Vgll2, Vps72, Vsx2, Wac, Was, Wasl, Wbp2, Wbp2nl, Wdr43, Wdr5, Wdr75, Wdr77, Wnk1, Wnt1, Wnt10b, Wnt11, Wnt2, Wnt3a, Wnt4, Wnt5a, Wnt6, Wnt7a, Wt1, Wwc1, Wwox, Wwp2, Wwtr1, Xbp1, Xpa, Xpc, Xrcc6, Yaf2, Yap1, Ybx1, Yeats4, Yes1, Ythdf1, Ythdf2, Ythdf3, Ywhah, Yy1, Yy2, Zbed3, Zbed4, Zbtb16, Zbtb17, Zbtb18, Zbtb38, Zbtb48, Zbtb49, Zbtb7b, Zbtb7c, Zc3h12a, Zc3h12d, Zc3h18, Zc3h8, Zc3hav1, Zcchc12, Zeb1, Zeb2, Zfat, Zfhx3, Zfp131, Zfp142, Zfp143, Zfp148, Zfp175, Zfp212, Zfp219, Zfp24, Zfp263, Zfp281, Zfp287, Zfp292, Zfp318, Zfp326, Zfp335, Zfp36, Zfp36l1, Zfp36l2, Zfp36l3, Zfp384, Zfp395, Zfp407, Zfp410, Zfp42, Zfp423, Zfp462, Zfp516, Zfp521, Zfp523, Zfp541, Zfp593, Zfp609, Zfp639, Zfp64, Zfp646, Zfp677, Zfp711, Zfp715, Zfp750, Zfp758, Zfp819, Zfp827, Zfp90, Zfpm1, Zfpm2, Zfx, Zglp1, Zic1, Zic2, Zic3, Zkscan17, Zkscan3, Zmiz1, Zmiz2, Zmynd8, Znhit1, Zp3, Zscan21, Zswim8, Zxdb, Zxdc
GO:0032502	developmental process	7113	143	103.62	9.0e-06	0.0027254117647058825	1700013H16Rik, 1700040F15Rik, 1700067K01Rik, 1700102P08Rik, 2210016L21Rik, 2510009E07Rik, 2610005L07Rik, 2610042L04Rik, 2810429I04Rik, 3830403N18Rik, 4930447C04Rik, 4930474N05Rik, 4930550C14Rik, 4931414P19Rik, 4933434E20Rik, 6030468B19Rik, 9130008F23Rik, 9630013A20Rik, A1cf, A2m, A430033K04Rik, A830082K12Rik, Aaas, Aacs, Aamdc, Aars1, Aatf, Aatk, Abat, Abca12, Abca15, Abca2, Abca3, Abca5, Abcb10, Abcb1a, Abcb1b, Abcb5, Abcb6, Abcc1, Abcc8, Abcc9, Abcd1, Abcd2, Abcg1, Abcg2, Abhd15, Abhd2, Abhd5, Abi1, Abi2, Abi3, Abi3bp, Abitram, Abl1, Abl2, Ablim1, Abr, Abt1, Acacb, Acadm, Acadvl, Acan, Acap3, Acat1, Acd, Ace, Acer1, Acer3, Ache, Acin1, Ackr3, Aco1, Aco2, Acod1, Acox1, Acp2, Acp4, Acp5, Acp6, Acrbp, Acsbg2, Acsl3, Acsl4, Acsl6, Acta1, Acta2, Actb, Actbl2, Actc1, Acte1, Actg1, Actg2, Actl6a, Actl6b, Actl7a, Actl9, Actn1, Actn2, Actn3, Actn4, Actr2, Actr3, Actr5, Actr8, Acvr1, Acvr1b, Acvr1c, Acvr2a, Acvr2b, Acvrl1, Ada, Adad1, Adad2, Adam10, Adam12, Adam15, Adam17, Adam18, Adam19, Adam1a, Adam1b, Adam2, Adam20, Adam21, Adam22, Adam24, Adam25, Adam26a, Adam26b, Adam29, Adam3, Adam30, Adam32, Adam34, Adam34l, Adam39, Adam4, Adam5, Adam6a, Adam6b, Adam7, Adam8, Adam9, Adamts1, Adamts12, Adamts15, Adamts16, Adamts18, Adamts19, Adamts2, Adamts20, Adamts3, Adamts5, Adamts6, Adamts7, Adamts9, Adamtsl2, Adamtsl4, Adap2, Adar, Adarb1, Adck1, Adcy1, Adcy10, Adcy6, Adcy9, Adcyap1, Adcyap1r1, Add1, Add2, Adgb, Adgra2, Adgrb1, Adgrb2, Adgrb3, Adgrd1, Adgre5, Adgrf1, Adgrf4, Adgrf5, Adgrg1, Adgrg3, Adgrg4, Adgrg6, Adgrl1, Adgrl2, Adgrl3, Adgrl4, Adgrv1, Adh1, Adig, Adipoq, Adipor1, Adipor2, Adm, Adm2, Adnp, Adnp2, Adora2a, Adprhl1, Adra1a, Adra1b, Adra2b, Adra2c, Adrb1, Adrb2, Adrb3, Adrm1, Adtrp, Afdn, Aff3, Aff4, Afg2a, Afg3l2, Afp, Agap2, Agbl4, Ager, Agfg1, Agfg2, Aggf1, Ago1, Ago2, Ago4, Agpat2, Agpat5, Agr2, Agrn, Agt, Agtpbp1, Agtr1a, Agtr1b, Agtr2, Ahctf1, Ahdc1, Ahi1, Ahr, Ahsg, Ahsp, AI597479, Aicda, Aida, Aifm1, Aim2, Aimp1, Aimp2, Aire, Airn, Ajap1, Ajuba, Ak7, Ak8, Akap11, Akap13, Akap3, Akap4, Akap5, Akap6, Akap9, Akirin1, Akirin2, Akna, Akp3, Akr1b1, Akt1, Akt2, Akt3, Alas1, Alas2, Alcam, Aldh1a1, Aldh1a2, Aldh1a3, Aldh3a2, Aldh5a1, Aldh6a1, Aldoa, Aldoc, Alg10b, Alg5, Alk, Alkal1, Alkal2, Alkbh1, Alkbh5, Alms1, Alox12, Alox12b, Alox15, Alox5, Alox8, Aloxe3, Alpk2, Alpk3, Alpl, Als2, Alx1, Alx3, Alx4, Ambn, Ambra1, Amelx, Amer1, Amer2, Amh, Amhr2, Amigo1, Amigo2, Amigo3, Amot, Amotl1, Amotl2, Ampd2, Amtn, Anapc2, Anapc7, Ang, Ang2, Ang3, Ang4, Ang5, Ang6, Angpt1, Angpt2, Angpt4, Angptl3, Angptl4, Angptl6, Angptl7, Angptl8, Ank, Ank1, Ank2, Ank3, Ankle1, Ankle2, Ankrd1, Ankrd11, Ankrd17, Ankrd2, Ankrd23, Ankrd24, Ankrd26, Ankrd27, Ankrd33, Ankrd49, Ankrd54, Ankrd7, Anks1, Anks4b, Anks6, Anln, Ano1, Ano6, Anp32b, Anpep, Antxr1, Antxr2, Anxa1, Anxa2, Anxa3, Anxa4, Anxa7, Ap1b1, Ap1g1, Ap1m1, Ap1s2, Ap2a1, Ap2a2, Ap2b1, Ap3b1, Ap3d1, Ap5z1, Apaf1, Apba1, Apba2, Apba3, Apbb1, Apbb2, Apc, Apc2, Apcdd1, Apcs, Apela, Aph1a, Aph1c, Aplf, Apln, Aplnr, Aplp1, Aplp2, Apoa1, Apoa2, Apoa4, Apoa5, Apob, Apobec3, Apod, Apoe, Apoh, Apold1, App, Appl2, Aprt, Aqp1, Aqp11, Aqp2, Aqp3, Aqp5, Aqp6, Aqp8, Ar, Arap1, Arb2a, Arc, Arcn1, Areg, Arf1, Arf4, Arf6, Arfgef1, Arfrp1, Arg2, Arhgap12, Arhgap15, Arhgap18, Arhgap22, Arhgap24, Arhgap32, Arhgap33, Arhgap35, Arhgap4, Arhgap44, Arhgap5, Arhgdia, Arhgdib, Arhgdig, Arhgef10, Arhgef15, Arhgef18, Arhgef2, Arhgef25, Arhgef26, Arhgef28, Arhgef7, Arhgef9, Arid1a, Arid1b, Arid2, Arid4a, Arid4b, Arid5a, Arid5b, Arih2, Ark2c, Arl11, Arl13b, Arl3, Arl4a, Arl6, Armc12, Armc2, Armc3, Armc5, Armc6, Arnt, Arnt2, Arpin, Arrb1, Arrb2, Arrdc3, Arsb, Arsg, Artn, Arx, Arxes1, Arxes2, Asah1, Asap1, Asb1, Asb2, Asb4, Ascl1, Ascl2, Ascl3, Ascl5, Asf1a, Asf1b, Asgr2, Ash1l, Asic1, Asic2, Asl, Asmt, Asns, Asnsd1, Aspa, Asph, Aspm, Aspn, Asprv1, Ass1, Astn1, Astn2, Asxl1, Asxl2, Asxl3, Asz1, Atad5, Atat1, Atcay, Atf1, Atf2, Atf3, Atf4, Atf5, Atf6, Atf7, Atg16l1, Atg4b, Atg5, Atg7, Atg9a, Atg9b, Atic, Atl1, Atm, Atn1, Atoh1, Atoh7, Atoh8, Atp11a, Atp11c, Atp1a2, Atp1a3, Atp1a4, Atp1b1, Atp1b2, Atp2a2, Atp2b1, Atp2b2, Atp2b4, Atp2c1, Atp2c2, Atp5f1a, Atp5f1b, Atp5if1, Atp6ap1, Atp6ap2, Atp6v0a1, Atp6v0a4, Atp6v0c, Atp6v0d1, Atp6v0e2, Atp6v1a, Atp6v1b1, Atp6v1b2, Atp6v1c1, Atp6v1d, Atp6v1e1, Atp6v1f, Atp6v1g1, Atp6v1g2, Atp6v1g3, Atp6v1h, Atp7a, Atp7b, Atp8a2, Atp8b1, Atp9a, Atr, Atraid, Atrn, Atrx, Atxn1, Atxn10, Atxn1l, Atxn2, AU040320, Aurka, Auts2, Avil, Avpr1a, Avpr2, AW551984, Axdnd1, Axin1, Axin2, Axl, AY036118, Azgp1, Azi2, B2m, B3glct, B3gnt2, B3gnt5, B4galnt1, B4galnt2, B4galt1, B4galt2, B4galt5, B4galt6, B4gat1, B9d1, Baat, Babam1, Bad, Bag1, Bag3, Bag5, Bag6, Bahcc1, Baiap2, Baiap3, Bak1, Bambi, Bap1, Barhl1, Barhl2, Barx1, Barx2, Basp1, Batf, Batf2, Batf3, Bax, Bbln, Bbof1, Bbs1, Bbs10, Bbs12, Bbs2, Bbs4, Bbs7, Bbs9, Bbx, BC028528, Bcam, Bcan, Bcap31, Bcar3, Bcas1, Bcas2, Bcas3, Bccip, Bche, Bckdk, Bcl10, Bcl11a, Bcl11b, Bcl2, Bcl2a1d, Bcl2l1, Bcl2l11, Bcl2l13, Bcl2l2, Bcl3, Bcl6, Bcl6b, Bcl7a, Bcl7b, Bcl7c, Bcl9, Bcl9l, Bcor, Bcr, Bdh2, Bdnf, Becn1, Bend6, Bex1, Bfsp1, Bfsp2, Bglap, Bglap2, Bglap3, Bgn, Bhlha15, Bhlha9, Bhlhb9, Bhlhe22, Bhlhe23, Bhlhe40, Bhlhe41, Bicc1, Bicdl1, Bicra, Bicral, Bik, Bin1, Bin3, Birc2, Birc5, Birc6, Birc7, Blk, Blm, Bloc1s1, Bloc1s2, Bloc1s3, Bloc1s4, Bloc1s5, Bloc1s6, Bloodlinc, Bltp1, Blvrb, Bmal1, Bmerb1, Bmi1, Bmncr, Bmp1, Bmp10, Bmp2, Bmp2k, Bmp3, Bmp4, Bmp5, Bmp6, Bmp7, Bmp8a, Bmp8b, Bmper, Bmpr1a, Bmpr1b, Bmpr2, Bmyc, Bnc1, Bnc2, Bnip2, Bnip3, Boc, Bok, Boll, Borcs5, Borcs7, Borcs8, Bpgm, Bpnt2, Bptf, Braf, Brca1, Brca2, Brd1, Brd2, Brd3, Brd4, Brd7, Brd9, Brdt, Brinp1, Brinp2, Brinp3, Brip1, Brk1, Brme1, Brms1, Brms1l, Brpf1, Brpf3, Brsk1, Brsk2, Brwd1, Brwd3, Bscl2, Bsg, Bsn, Bsph1, Bsph2, Bsx, Btbd1, Btbd18, Btbd2, Btbd3, Btbd35f1, Btbd6, Btbd7, Btc, Btf3, Btg1, Btg2, Btk, Btn2a2, Btnl1, Btnl6, Btrc, Bvht, Bysl, C1galt1, C1galt1c1, C1qa, C1qb, C1qbp, C1qc, C1ql1, C1ql2, C1ql3, C1ql4, C1qtnf5, C2cd3, C2cd6, C3, C3ar1, C5ar1, C6, C9orf72, Cabcoco1, Cables1, Cabp4, Cabs1, Cabyr, Cacna1a, Cacna1c, Cacna1f, Cacna1s, Cacna2d2, Cacnb4, Cacng7, Cacybp, Cad, Cadm1, Calb1, Calca, Calcr, Calcrl, Calr, Calr3, Camk1, Camk1d, Camk2a, Camk2b, Camk2d, Camk2g, Camk4, Camp, Camsap1, Camsap2, Camsap3, Cand1, Cap1, Cap2, Capg, Capn1, Capn2, Capn3, Caprin1, Caprin2, Capzb, Car2, Car9, Card10, Card11, Carlr, Carm1, Carmil2, Carmil3, Cartpt, Cask, Caskin1, Casp1, Casp14, Casp2, Casp3, Casp4, Casp6, Casp7, Casp8, Casp9, Casq1, Casq2, Casr, Casz1, Cat, Catsper1, Catsper2, Catsper3, Catsper4, Catsperb, Catsperd, Catspere1, Catspere2, Catsperg2, Catsperz, Cav1, Cav2, Cav3, Cavin4, Cbfa2t2, Cbfa2t3, Cbfb, Cbl, Cblb, Cbln1, Cbln2, Cbln4, Cbs, Cbx2, Cbx7, Cby1, Cc2d1a, Cc2d2a, Ccbe1, Ccdc103, Ccdc134, Ccdc136, Ccdc141, Ccdc146, Ccdc154, Ccdc159, Ccdc182, Ccdc24, Ccdc3, Ccdc32, Ccdc33, Ccdc34, Ccdc38, Ccdc39, Ccdc40, Ccdc42, Ccdc47, Ccdc62, Ccdc63, Ccdc78, Ccdc85b, Ccdc85c, Ccdc87, Ccdc88a, Ccdc88c, Cchcr1, Ccin, Cck, Cckar, Cckbr, Ccl11, Ccl12, Ccl17, Ccl19, Ccl2, Ccl21a, Ccl21b, Ccl24, Ccl3, Ccl5, Ccl7, Ccl8, Ccl9, Ccm2, Ccm2l, Ccn1, Ccn2, Ccn3, Ccn4, Ccn5, Ccn6, Ccna1, Ccna2, Ccnb1, Ccnb1ip1, Ccnb2, Ccnd1, Ccnd2, Ccne1, Ccnf, Ccng1, Ccnk, Ccno, Ccnt2, Ccnyl1, Ccr1, Ccr1l1, Ccr2, Ccr3, Ccr4, Ccr5, Ccr6, Ccr7, Ccr9, Ccsap, Cd101, Cd109, Cd151, Cd160, Cd164, Cd19, Cd1d1, Cd248, Cd24a, Cd27, Cd276, Cd28, Cd2ap, Cd300lf, Cd34, Cd36, Cd38, Cd3d, Cd3e, Cd3g, Cd4, Cd40, Cd40lg, Cd44, Cd46, Cd47, Cd53, Cd59a, Cd63, Cd69, Cd74, Cd79a, Cd79b, Cd81, Cd83, Cd86, Cd8a, Cd9, Cd93, Cdc20, Cdc25b, Cdc25c, Cdc27, Cdc40, Cdc42, Cdc42ep1, Cdc42ep2, Cdc42ep3, Cdc42ep4, Cdc42ep5, Cdc42se1, Cdc42se2, Cdc73, Cdh1, Cdh10, Cdh11, Cdh12, Cdh13, Cdh15, Cdh17, Cdh18, Cdh19, Cdh2, Cdh20, Cdh22, Cdh23, Cdh24, Cdh26, Cdh3, Cdh4, Cdh5, Cdh6, Cdh7, Cdh8, Cdh9, Cdhr1, Cdhr18, Cdhr2, Cdhr5, Cdin1, Cdk1, Cdk11b, Cdk12, Cdk13, Cdk16, Cdk18, Cdk20, Cdk2ap1, Cdk5, Cdk5r1, Cdk5r2, Cdk5rap2, Cdk5rap3, Cdk6, Cdk9, Cdkl3, Cdkl5, Cdkn1a, Cdkn1b, Cdkn1c, Cdkn2a, Cdkn2b, Cdkn2c, Cdnf, Cdo1, Cdon, Cds1, Cdsn, Cdx1, Cdx2, Cdx4, Cdyl, Ceacam1, Ceacam2, Cebpa, Cebpb, Cebpd, Cebpe, Cebpg, Cecr2, Cela1, Celf1, Celf3, Celf4, Celsr1, Celsr2, Celsr3, Cemip2, Cend1, Cenpe, Cenpf, Cenpu, Cep120, Cep128, Cep131, Cep152, Cep290, Cep55, Cep57, Cep63, Cep85, Cep85l, Cer1, Cers1, Cers2, Cers3, Cert1, Ces1a, Ces1b, Ces1c, Ces1d, Ces1e, Ces1f, Ces1g, Ces1h, Cetn2, Cfap119, Cfap157, Cfap206, Cfap221, Cfap410, Cfap418, Cfap43, Cfap44, Cfap45, Cfap47, Cfap52, Cfap53, Cfap54, Cfap57, Cfap58, Cfap61, Cfap65, Cfap69, Cfap70, Cfap91, Cfap97d1, Cfc1, Cfd, Cfdp1, Cfh, Cfl1, Cfl2, Cflar, Cftr, Cga, Cgn, Chac1, Chad, Chadl, Chaserr, Chat, Chd2, Chd4, Chd5, Chd7, Chd8, Chek1, Chi3l1, Chkb, Chl1, Chm, Chmp4c, Chmp5, Chn1, Chn2, Chodl, Chrd, Chrdl1, Chrdl2, Chrna1, Chrna10, Chrna3, Chrna7, Chrna9, Chrnb1, Chrnb2, Chrnd, Chst11, Chsy1, Chtf18, Chtop, Chuk, Churc1, Ciao3, Ciapin1, Cib1, Cibar1, Cic, Cimap1a, Cimap3, Cip2a, Cir1, Cirop, Cit, Cited1, Cited2, Ckap5, Cks1b, Cks2, Clasp1, Clasp2, Clcf1, Clcn2, Clcn3, Clcnka, Cldn1, Cldn11, Cldn13, Cldn18, Cldn19, Cldn3, Cldn4, Cldn5, Clec12a, Clec14a, Clec1b, Clec2d, Clec2g, Clec2i, Clec3b, Clec4d, Clec4e, Clec4g, Clec5a, Clec7a, Clgn, Clic1, Clic3, Clic4, Clic5, Clip1, Clip3, Clmn, Clmp, Cln5, Cln8, Clock, Clp1, Clpb, Clptm1, Clrn1, Clrn2, Clstn1, Clstn2, Clstn3, Clu, Cluap1, Cma1, Cmip, Cmklr1, Cmtm3, Cmtm5, Cmtm7, Cmtm8, Cnbd2, Cnfn, Cnga3, Cngb1, Cnmd, Cnn2, Cnn3, Cnnm4, Cnot1, Cnot2, Cnot3, Cnot4, Cnot7, Cnp, Cnr1, Cntd1, Cntf, Cntfr, Cntln, Cntn1, Cntn2, Cntn3, Cntn4, Cntn5, Cntn6, Cntnap1, Cntnap2, Cntnap4, Cntrl, Coa5, Cobl, Coch, Col10a1, Col11a1, Col11a2, Col12a1, Col13a1, Col14a1, Col18a1, Col19a1, Col1a1, Col1a2, Col24a1, Col25a1, Col27a1, Col2a1, Col3a1, Col4a1, Col4a2, Col4a3, Col4a4, Col5a1, Col5a2, Col6a1, Col8a1, Col8a2, Col9a1, Colec10, Colec11, Colq, Commd5, Comp, Comt, Coprs, Cops2, Cops3, Coq7, Coq8b, Corin, Coro1a, Coro1b, Coro1c, Cox10, Cox7b, Cox7b2, Cpb2, Cpe, Cpeb1, Cpeb3, Cplane1, Cplane2, Cplx2, Cpne1, Cpne5, Cpne6, Cpne9, Cpq, Cps1, Cpt1a, Cpt2, Cr1l, Cr2, Crabp2, Cracr2a, Cramp1, Crb1, Crb2, Crb3, Creb1, Creb3l1, Creb3l2, Creb3l4, Creb5, Crebbp, Crebl2, Crem, Crh, Crhr1, Crhr2, Crim1, Crip2, Cript, Cripto, Crispld1, Crispld2, Crk, Crkl, Crlf1, Crmp1, Crp, Crppa, Crtac1, Crtam, Crtap, Crtc1, Crx, Crxos, Cryaa, Cryab, Cryba1, Cryba2, Cryba4, Crybb1, Crybb2, Crybb3, Crybg3, Cryga, Crygb, Crygc, Crygd, Cryge, Crygf, Crygn, Crygs, Csf1, Csf1r, Csf2, Csf3, Csf3r, Csgalnact1, Csk, Csmd1, Csmd2, Csmd3, Csn2, Csn3, Csnk1a1, Csnk1d, Csnk2a1, Csnk2a2, Csnk2b, Cspg4, Cspg5, Csrnp1, Csrp1, Csrp2, Csrp3, Cst3, Cst5, Cst6, Cst7, Csta1, Csta2, Csta3, Cstdc3, Cstdc4, Cstdc5, Cstdc6, Ct55, Ctbp1, Ctbp2, Ctc1, Ctcf, Ctcfl, Ctdnep1, Ctdp1, Ctdsp1, Ctf1, Ctf2, Cth, Cthrc1, Ctla2a, Ctla4, Ctnna1, Ctnna2, Ctnnb1, Ctnnbip1, Ctnnbl1, Ctnnd1, Ctnnd2, Ctns, Ctr9, Cts7, Cts8, Ctsb, Ctsc, Ctsh, Ctsk, Ctsl, Ctsz, Cttn, Cubn, Cul1, Cul3, Cul4a, Cul4b, Cul5, Cul7, Cux1, Cux2, Cwh43, Cx3cl1, Cx3cr1, Cxadr, Cxcl1, Cxcl10, Cxcl12, Cxcl13, Cxcl14, Cxcl15, Cxcl17, Cxcl5, Cxcl9, Cxcr2, Cxcr3, Cxcr4, Cxcr5, Cyb5d2, Cyb5r4, Cybb, Cyfip1, Cyfip2, Cylc1, Cylc2, Cyld, Cyp19a1, Cyp1a1, Cyp1a2, Cyp1b1, Cyp24a1, Cyp26a1, Cyp26b1, Cyp26c1, Cyp27b1, Cyp2c66, Cyp4a10, Cyp4a12a, Cyp4a12b, Cyp4a14, Cyp4a29, Cyp4a30b, Cyp4a31, Cyp4a32, Cyp51, Cyp7b1, Cyren, Cyrib, Cys1, Cysltr1, Cysltr2, Cysrt1, Cyth2, Cytl1, D130043K22Rik, D16Ertd472e, D1Pas1, D930028M14Rik, Daam2, Dab1, Dab2, Dab2ip, Dach1, Dach2, Dact1, Dact2, Dact3, Dad1, Dag1, Dagla, Daglb, Dand5, Dapk3, Dapl1, Daw1, Daxx, Dazap1, Dazl, Dbi, Dbn1, Dbndd2, Dbnl, Dbx1, Dcaf1, Dcaf13, Dcaf17, Dcaf8, Dcc, Dcdc2a, Dchs1, Dchs2, Dclk1, Dclk2, Dclre1c, Dcn, Dcpp1, Dcstamp, Dct, Dctn1, Dctn5, Dcx, Ddah1, Ddb1, Ddc, Ddhd1, Ddhd2, Ddias, Ddit3, Ddit4, Ddr1, Ddr2, Ddrgk1, Ddx10, Ddx17, Ddx20, Ddx25, Ddx39b, Ddx3x, Ddx3y, Ddx4, Ddx41, Ddx5, Ddx56, Ddx6, Deaf1, Dedd, Defb1, Defb37, Degs1, Degs1l, Dennd5a, Des, Deup1, Dgat2, Dgkg, Dguok, Dhcr24, Dhcr7, Dhfr, Dhh, Dhodh, Dhrs3, Dhrs7b, Dhtkd1, Dhx30, Dhx35, Dhx36, Dhx37, Diaph1, Diaph2, Diaph3, Dicer1, Dio2, Dio3, Dip2a, Dip2b, Dipk2a, Dis3l2, Disc1, Disp1, Disp3, Dixdc1, Dkk1, Dkk3, Dkk4, Dkkl1, Dlc1, Dld, Dlec1, Dleu2, Dlg1, Dlg2, Dlg3, Dlg4, Dlg5, Dlgap4, Dlk1, Dlk2, Dll1, Dll3, Dll4, Dlx1, Dlx1as, Dlx2, Dlx3, Dlx4, Dlx5, Dlx6, Dmbt1, Dmbx1, Dmc1, Dmd, Dmkn, Dmp1, Dmpk, Dmrt1, Dmrt2, Dmrt3, Dmrta1, Dmrta2, Dmrtb1, Dmrtc2, Dmtn, Dmxl2, Dnaaf1, Dnaaf11, Dnaaf2, Dnaaf3, Dnaaf4, Dnah1, Dnah11, Dnah5, Dnai1, Dnai2, Dnai3, Dnai4, Dnaja1, Dnaja3, Dnajb11, Dnajb6, Dnajb9, Dnajc19, Dnajc19-ps, Dnajc30, Dnali1, Dnase1l2, Dnase1l3, Dnase2a, Dnd1, Dner, Dnhd1, Dnm1l, Dnm2, Dnm3, Dnm3os, Dnmbp, Dnmt1, Dnmt3a, Dnmt3b, Dnmt3l, Dnph1, Dock1, Dock10, Dock11, Dock2, Dock4, Dock5, Dock7, Dok4, Dok5, Dop1b, Dpcd, Dpf1, Dpf2, Dpf3, Dpp4, Dppa2, Dppa3, Dppa4, Dpy19l2, Dpysl2, Dpysl3, Dpysl5, Dr1, Dram2, Draxin, Drc1, Drc7, Drd1, Drd2, Drd3, Drgx, Drosha, Drp2, Dsc1, Dsc3, Dscam, Dscaml1, Dsg2, Dsg4, Dsp, Dspp, Dst, Dtnb, Dtnbp1, Dtx1, Dubr, Duox1, Duox2, Duoxa1, Dusp1, Dusp10, Dusp15, Dusp2, Dusp29, Dusp3, Dusp4, Dusp5, Dusp6, Dut, Duxbl1, Dvl1, Dvl2, Dvl3, Dym, Dync1i2, Dync2h1, Dync2i1, Dync2li1, Dynlt1a, Dynlt1b, Dynlt1c, Dynlt1f, Dyrk1a, Dyrk1b, Dyrk3, Dysf, Dzank1, Dzip1, Dzip1l, E230001N04Rik, E2f1, E2f2, E2f4, E2f5, E2f7, E2f8, E4f1, Eaf2, Ebf2, Ebp, Ece1, Ecm1, Ecrg4, Ecscr, Ecsit, Ect2, Eda, Eda2r, Edar, Edaradd, Edf1, Edn1, Edn2, Edn3, Ednra, Ednrb, Eed, Eef1ece2, Eef2, Eef2k, Eeig1, Efcab9, Efemp1, Efemp2, Efhc1, Efhc2, Efhd1, Efna1, Efna2, Efna3, Efna4, Efna5, Efnb1, Efnb2, Efnb3, Egf, Egfl6, Egfl7, Egfl8, Egfr, Egln1, Egr1, Egr2, Egr3, Ehbp1l1, Ehd1, Ehd2, Ehf, Ehmt1, Ehmt2, Eid1, Eid2, Eid2b, Eif2ak1, Eif2ak2, Eif2ak3, Eif2ak4, Eif2b1, Eif2b2, Eif2b3, Eif2b4, Eif2b5, Eif2s2, Eif4a3, Eif4a3l1, Eif4a3l2, Eif4e, Eif4e2, Eif4enif1, Eif4g1, Eif4g2, Eif4g3, Eif4h, Eif5a, Eif6, Elapor2, Elavl1, Elavl2, Elavl3, Elavl4, Elf1, Elf2, Elf3, Elf4, Elf5, Elfn1, Elk1, Elk3, Elk4, Ell, Ell3, Elmo1, Elmod3, Eln, Elovl1, Elp3, Elp6, Emb, Emc10, Emcn, Emd, Emg1, Emilin1, Emilin2, Eml1, Emp2, Emx1, Emx2, En1, En2, Enah, Enam, Enc1, Endog, Eng, Enkur, Eno1, Enpep, Enpp1, Enpp2, Entpd7, Eomes, Ep300, Epas1, Epb41, Epb41l2, Epb41l3, Epb41l5, Epb42, Epc1, Epcam, Epg5, Epgn, Epha1, Epha10, Epha2, Epha3, Epha4, Epha5, Epha6, Epha7, Epha8, Ephb1, Ephb2, Ephb3, Ephb4, Ephb6, Epm2a, Epn1, Epn2, Epo, Epop, Epor, Eppk1, Eps8, Epsti1, Epyc, Eqtn, Erap1, Erbb2, Erbb3, Erbb4, Ercc1, Ercc2, Ercc3, Ercc5, Ercc6, Erdr1x, Ereg, Erf, Erfe, Erfl, Erg, Erh, Ermn, Ermp1, Ero1a, Errfi1, Esco2, Esm1, Esr1, Esr2, Esrp1, Esrp2, Esrra, Esrrb, Ess2, Esx1, Etl4, Etnk2, Ets1, Ets2, Etv1, Etv2, Etv3, Etv3l, Etv4, Etv5, Etv6, Eva1a, Evc, Evi2, Evi2b, Evl, Evpl, Evx1, Evx2, Exo1, Exoc1, Exoc3l2, Exoc4, Exoc5, Exoc6, Exosc3, Exosc6, Exph5, Ext1, Ext2, Extl3, Eya1, Eya2, Eya3, Eya4, Ezh1, Ezh2, Ezhip, Ezr, F11r, F2, F2rl1, F3, F7, Fa2h, Fabp3, Fabp4, Fabp7, Fadd, Faim, Faim2, Fam107a, Fam114a1, Fam120b, Fam151b, Fam168b, Fam171a1, Fam209, Fam20a, Fam20c, Fam210b, Fam3c, Fam3d, Fam83d, Fam83h, Fanca, Fancb, Fancc, Fancd2, Fance, Fancf, Fancg, Fap, Farp1, Farp2, Fas, Fasl, Fasn, Fat1, Fat3, Fat4, Faxdc2, Fblim1, Fbll1, Fbln1, Fbln5, Fbn1, Fbn2, Fbxl15, Fbxl17, Fbxo11, Fbxo21, Fbxo22, Fbxo24, Fbxo31, Fbxo38, Fbxo40, Fbxo41, Fbxo45, Fbxo5, Fbxo7, Fbxo9, Fbxw10, Fbxw11, Fbxw4, Fbxw7, Fbxw7as1, Fbxw8, Fcer1g, Fcgr2b, Fcor, Fcrla, Fdcsp, Fdps, Fech, Fem1b, Fendrr, Fer, Fer1l5, Ferd3l, Fermt1, Fermt2, Fes, Fev, Fez1, Fezf1, Fezf2, Ffar2, Ffar4, Fgd1, Fgd4, Fgf1, Fgf10, Fgf11, Fgf12, Fgf13, Fgf14, Fgf15, Fgf16, Fgf17, Fgf18, Fgf2, Fgf20, Fgf21, Fgf22, Fgf23, Fgf3, Fgf4, Fgf5, Fgf6, Fgf7, Fgf8, Fgf9, Fgfbp1, Fgfr1, Fgfr2, Fgfr3, Fgfr4, Fgfrl1, Fgl1, Fgl2, Fgr, Fhad1, Fhl1, Fhl2, Fhod3, Fig4, Figla, Fignl1, Filip1, Filip1l, Fis1, Fitm2, Fjx1, Fkbp10, Fkbp1a, Fkbp1b, Fkbp4, Fkbp6, Fkbp8, Fkbpl, Fkrp, Fktn, Flcn, Flg, Flg2, Fli1, Flii, Flna, Flnb, Flnc, Flot1, Flot2, Flrt1, Flrt2, Flrt3, Flt1, Flt3, Flt3l, Flt4, Flvcr1, Flvcr2, Fmc1, Fmn1, Fmn2, Fmnl1, Fmnl2, Fmnl3, Fmr1, Fn1, Fn3k, Fnbp1, Fndc3a, Fndc3b, Fndc5, Fnip1, Folr1, Fos, Fosl1, Fosl2, Foxa1, Foxa2, Foxa3, Foxb1, Foxb2, Foxc1, Foxc2, Foxd1, Foxd2, Foxd3, Foxd4, Foxe1, Foxe3, Foxf1, Foxf2, Foxg1, Foxh1, Foxi1, Foxi2, Foxi3, Foxj1, Foxj2, Foxj3, Foxk1, Foxl1, Foxl2, Foxl3, Foxm1, Foxn1, Foxn2, Foxn3, Foxn4, Foxo1, Foxo3, Foxo4, Foxo6, Foxp1, Foxp2, Foxp3, Foxp4, Foxq1, Foxr1, Foxs1, Fpgs, Fras1, Frat1, Frem1, Frem2, Frem3, Frey1, Frg1, Frk, Frmd6, Frmd7, Frs2, Fry, Fryl, Frzb, Fscn2, Fscn3, Fshb, Fshr, Fsip1, Fsip2, Fst, Fstl1, Fstl3, Fstl4, Fstl5, Fto, Ftsj1, Ftx, Fubp1, Fuom, Furin, Fut1, Fut10, Fut7, Fut9, Fuz, Fxn, Fxr1, Fxr2, Fyn, Fzd1, Fzd2, Fzd3, Fzd4, Fzd5, Fzd6, Fzd7, Fzd8, Fzd9, Fzr1, G2e3, G6pc1, G6pd2, G6pdx, Gaa, Gab1, Gab2, Gab3, Gabbr1, Gabpa, Gabra1, Gabra2, Gabra3, Gabra4, Gabra5, Gabra6, Gabrb1, Gabrb2, Gabrb3, Gabre, Gabrg1, Gabrg2, Gabrg3, Gadd45a, Gadd45b, Gadd45g, Gak, Gal, Gal3st1, Galc, Galnt11, Galnt3, Galntl5, Galr2, Gamt, Gap43, Gapdh, Garem1, Garem2, Garin1a, Garin1b, Garin2, Garin3, Garin4, Garin5a, Garin5b, Gart, Gas1, Gas2, Gas5, Gas6, Gas7, Gas8, Gata1, Gata2, Gata3, Gata4, Gata5, Gata6, Gatad2a, Gatad2b, Gatm, Gba1, Gba2, Gbx1, Gbx2, Gcm1, Gcm2, Gcnt1, Gcnt2, Gcnt3, Gcnt4, Gdf1, Gdf10, Gdf11, Gdf15, Gdf2, Gdf3, Gdf5, Gdf6, Gdf7, Gdf9, Gdi1, Gdnf, Gdpd2, Gdpd5, Get1, Gfap, Gfer, Gfi1, Gfi1b, Gfra1, Gfra2, Gfra3, Gfra4, Gfral, Ggn, Ggnbp1, Ggnbp2, Ggt1, Gh, Ghr, Ghrh, Ghrhr, Ghrl, Ghsr, Gigyf2, Gimap1, Gimap3, Gimap5, Gimap6, Gins1, Gins3, Gins4, Gip, Gipr, Git1, Git2, Gja1, Gja10, Gja4, Gja5, Gja6, Gja8, Gjb1, Gjb2, Gjb3, Gjb5, Gjb6, Gjc1, Gjc2, Gjc3, Gjd4, Gje1, Gk2, Gla, Gldn, Glg1, Gli1, Gli2, Gli3, Glipr2, Glis1, Glis2, Glmn, Glo1, Glp1r, Glrb, Glrx5, Glud1, Glul, Gm10230, Gm10488, Gm1140, Gm11690, Gm12610, Gm14137, Gm14525, Gm15222, Gm15290, Gm15915, Gm1993, Gm2012, Gm2030, Gm20736, Gm20817, Gm20820, Gm20824, Gm20843, Gm20890, Gm20911, Gm21095, Gm21117, Gm21294, Gm21627, Gm21760, Gm21858, Gm21865, Gm21996, Gm28102, Gm28510, Gm28576, Gm28836, Gm28870, Gm28919, Gm28961, Gm29276, Gm29554, Gm29866, Gm30731, Gm34220, Gm36723, Gm4297, Gm4787, Gm5168, Gm5169, Gm527, Gm5414, Gm5478, Gm572, Gm5849, Gm5934, Gm5935, Gm6121, Gm773, Gm7958, Gmcl1, Gmnc, Gmnn, Gmppa, Gmpr2, Gna11, Gna12, Gna13, Gnaq, Gnas, Gnasas1, Gnat1, Gnat2, Gnb1, Gnb3, Gng5, Gng8, Gngt1, Gnl3, Gnpat, Gnrh1, Golga2, Golga3, Golga4, Gon4l, Gopc, Gorab, Gorasp1, Gorasp2, Got1, Gp1ba, Gp1bb, Gp5, Gp9, Gpam, Gpat4, Gpatch4, Gpc1, Gpc2, Gpc3, Gpc4, Gpcpd1, Gpd2, Gper1, Gpi1, Gpld1, Gpm6a, Gpm6b, Gpnmb, Gpr137, Gpr137b, Gpr149, Gpr15, Gpr157, Gpr158, Gpr161, Gpr17, Gpr171, Gpr173, Gpr18, Gpr183, Gpr21, Gpr37, Gpr37l1, Gpr4, Gpr55, Gpr68, Gpr89, Gprc5b, Gprc5d, Gprin1, Gprin2, Gprin3, Gps2, Gpsm1, Gpx1, Gpx4, Grb14, Grb2, Grcc10, Greb1, Greb1l, Grem1, Grem2, Grhl1, Grhl2, Grhl3, Gria1, Grid2, Grik1, Grin1, Grin2a, Grin2b, Grin3a, Grip1, Grip2, Grk1, Grk2, Grk5, Grm5, Grm6, Grm7, Grn, Grsf1, Grxcr1, Grxcr2, Gsc, Gsdma3, Gsdmc2, Gsdme, Gsk3a, Gsk3b, Gsn, Gsr, Gsta3, Gstk1, Gstp1, Gsx1, Gsx2, Gtf2b, Gtf2i, Gtf2ird1, Gtf3c5, Gtsf1, Guca2b, Gys1, Gzf1, H13, H19, H1f1, H1f5, H1f6, H1f7, H1f9, H2-Aa, H2-D1, H2-DMa, H2-Ea, H2-K1, H2-M3, H2-Oa, H2-Q2, H2-Q7, H2-T10, H2-T23, H2aj, H2al2a, H2ax, H2bc1, H3f3a, H3f3b, Hacd1, Hadh, Haglr, Hamp, Hamp2, Hand1, Hand2, Hand2os1, Hap1, Hapln1, Hapln2, Hapln3, Hapln4, Has2, Havcr2, Hax1, Hba-a1, Hba-a2, Hba-x, Hbb-b1, Hbb-b2, Hbegf, Hbp1, Hc, Hcfc1, Hck, Hcls1, Hcn1, Hcn4, Hdac1, Hdac11, Hdac2, Hdac3, Hdac4, Hdac5, Hdac6, Hdac7, Hdac8, Hdac9, Hdgfl2, Hdgfl3, Heatr3, Heatr9, Hectd1, Hecw1, Hecw2, Heg1, Hells, Helt, Hemgn, Heph, Herc1, Herc2, Herc4, Herc6, Herpud2, Hes1, Hes2, Hes3, Hes5, Hes6, Hes7, Hesx1, Hexa, Hexb, Hexim1, Hey1, Hey2, Heyl, Hfe, Hfm1, Hgf, Hgs, Hhex, Hhip, Hif1a, Hif1an, Hif3a, Hikeshi, Hinfp, Hip1, Hip1r, Hipk1, Hipk2, Hira, Hivep3, Hk2, Hlf, Hltf, Hlx, Hmbs, Hmces, Hmg20a, Hmg20b, Hmga1, Hmga2, Hmgb1, Hmgb2, Hmgb3, Hmgcl, Hmgcr, Hmgcs2, Hmgn1, Hmgn2, Hmox1, Hmx2, Hmx3, Hnf1a, Hnf1b, Hnf4a, Hnf4g, Hnrnpab, Hnrnpd, Hnrnpk, Hnrnpu, Hoatz, Homer1, Hook1, Hook3, Hopx, Hormad1, Hotair, Hottip, Hoxa1, Hoxa10, Hoxa11, Hoxa13, Hoxa2, Hoxa3, Hoxa4, Hoxa5, Hoxa6, Hoxa7, Hoxa9, Hoxb1, Hoxb13, Hoxb2, Hoxb3, Hoxb4, Hoxb5, Hoxb6, Hoxb7, Hoxb8, Hoxb9, Hoxc10, Hoxc11, Hoxc13, Hoxc4, Hoxc5, Hoxc6, Hoxc8, Hoxc9, Hoxd1, Hoxd10, Hoxd11, Hoxd12, Hoxd13, Hoxd3, Hoxd4, Hoxd8, Hoxd9, Hp, Hpca, Hpgd, Hpn, Hprt1, Hps1, Hps4, Hpse, Hras, Hrg, Hrh2, Hrnr, Hs1bp3, Hs2st1, Hs3st3a1, Hs3st3b1, Hs3st6, Hs6st1, Hsbp1, Hscb, Hsd11b1, Hsd17b1, Hsd17b2, Hsd17b4, Hsd17b7, Hsf1, Hsf2, Hsf2bp, Hsf4, Hsf5, Hsp90aa1, Hsp90ab1, Hspa1b, Hspa1l, Hspa2, Hspa5, Hspa8, Hspa9, Hspb1, Hspb2, Hspb6, Hspb7, Hspd1, Hspg2, Htatip2, Htr2a, Htr2b, Htr2c, Htr4, Htr5a, Htr6, Htr7, Htra1, Htra2, Htt, Hus1, Huwe1, Hyal1, Hyal2, Hyal3, Hycc1, Hydin, Hymai, Iapp, Ibsp, Ica1l, Icam1, Icam5, Icmt, Icos, Icosl, Id1, Id2, Id3, Id4, Idh1, Idh2, Ido1, Idua, Ier2, Ier3ip1, Ifi203, Ifi203-ps, Ifi204, Ifi206, Ifi207, Ifi208, Ifi209, Ifi213, Ifi214, Ifitm1, Ifitm2, Ifitm5, Ifna, Ifnar2, Ifnb1, Ifng, Ifngr1, Ifnz, Ifrd1, Ift122, Ift140, Ift172, Ift20, Ift25, Ift27, Ift52, Ift56, Ift57, Ift74, Ift80, Ift81, Ift88, Iftap, Igf1, Igf1r, Igf2, Igf2bp1, Igf2bp2, Igf2bp3, Igf2r, Igfals, Igfbp1, Igfbp2, Igfbp3, Igfbp5, Igfbp7, Ighd, Ighe, Ighg1, Ighm, Ighmbp2, Igkc, Igkj5, Igsf10, Igsf11, Igsf21, Igsf23, Igsf3, Igsf9, Igsf9b, Igtp, Ihh, Iho1, Ikbkb, Ikzf1, Ikzf3, Il10, Il11ra1, Il11ra2, Il11ra3, Il12a, Il12b, Il15, Il15ra, Il17a, Il17c, Il17d, Il17f, Il17rd, Il18, Il18r1, Il1a, Il1b, Il1r1, Il1rap, Il1rapl1, Il1rapl2, Il1rl1, Il1rl2, Il1rn, Il2, Il20, Il21, Il23a, Il25, Il27, Il27ra, Il2ra, Il2rg, Il3, Il31ra, Il33, Il34, Il36b, Il36g, Il4, Il4i1, Il4i1b, Il4ra, Il5, Il6, Il6ra, Il6st, Il7, Il7r, Il9, Il9r, Ildr2, Ilk, Immp2l, Impact, Impg2, Ina, Inf2, Ing1, Ing2, Ing5, Inha, Inhba, Inhbb, Inka1, Ino80, Ino80b, Ino80c, Ino80d, Inpp4b, Inpp5b, Inpp5d, Inpp5f, Inpp5j, Inpp5k, Inppl1, Ins1, Ins2, Insc, Insig1, Insig2, Insl3, Insl6, Insm1, Insm2, Insr, Insrr, Ints1, Intu, Invs, Ipmk, Ipo7, Iqcb1, Iqce, Iqcf1, Iqcg, Iqcn, Iqgap1, Iqgap3, Iqschfp, Iqsec1, Iqsec2, Irak3, Ireb2, Irf1, Irf2bp2, Irf2bpl, Irf4, Irf6, Irf8, Irgm1, Irgm2, Irs1, Irs2, Irx1, Irx2, Irx3, Irx4, Irx5, Irx6, Isg15, Isl1, Isl2, Islr2, Ism1, Ist1, Itch, Itfg2, Itga1, Itga2, Itga2b, Itga3, Itga4, Itga5, Itga6, Itga7, Itga8, Itgam, Itgav, Itgax, Itgb1, Itgb1bp1, Itgb2, Itgb2l, Itgb3, Itgb4, Itgb5, Itgb6, Itgb8, Itk, Itm2a, Itm2c, Itpk1, Itpka, Itpkb, Itpr1, Itsn1, Itsn2, Ivl, Izumo1, Izumo3, Jade2, Jag1, Jag2, Jagn1, Jak1, Jak2, Jak3, Jam2, Jam3, Jarid2, Jcad, Jdp2, Jhy, Jmjd1c, Jmjd6, Jmjd8, Jph1, Jph2, Jun, Junb, Jund, Jup, Kalrn, Kank1, Kank2, Kash5, Kat14, Kat2a, Kat2b, Kat5, Kat6a, Kat6b, Kat7, Kat8, Katna1, Katnal1, Katnb1, Kazald1, Kazn, Kbtbd8, Kcna1, Kcna2, Kcna3, Kcnab2, Kcnb1, Kcnc1, Kcnc2, Kcne1, Kcnip2, Kcnj1, Kcnj10, Kcnj11, Kcnj8, Kcnk18, Kcnk2, Kcnk3, Kcnma1, Kcnq1, Kcnq1ot1, Kcnq2, Kcnq3, Kcnq4, Kcp, Kctd10, Kctd11, Kdelr1, Kdf1, Kdm1a, Kdm1b, Kdm2a, Kdm2b, Kdm3a, Kdm4a, Kdm4b, Kdm4c, Kdm4dl, Kdm5a, Kdm5b, Kdm6a, Kdm6b, Kdm7a, Kdm8, Kdr, Keap1, Kel, Kera, Khdc3, Khdrbs1, Kidins220, Kif13b, Kif14, Kif16b, Kif18a, Kif1a, Kif1b, Kif20b, Kif21a, Kif21b, Kif26a, Kif26b, Kif27, Kif2a, Kif3a, Kif3c, Kif5a, Kif5b, Kif5c, Kif7, Kifap3, Kifbp, Kifc2, Kirrel3, Kiss1, Kit, Kitl, Kl, Klc3, Klf1, Klf10, Klf13, Klf15, Klf2, Klf4, Klf5, Klf7, Klf9, Klhl1, Klhl10, Klhl12, Klhl25, Klhl3, Klhl40, Klhl41, Klhl6, Klk14, Klk1b1, Klk4, Klk5, Klk6, Klk8, Klrk1, Kmt2a, Kmt2b, Kmt2c, Kmt2d, Kmt2e, Kmt5b, Kmt5c, Kndc1, Kpna1, Kpna7, Kras, Kremen1, Kremen2, Krit1, Krt1, Krt10, Krt12, Krt13, Krt14, Krt15, Krt16, Krt17, Krt19, Krt2, Krt20, Krt23, Krt24, Krt25, Krt26, Krt27, Krt28, Krt31, Krt32, Krt33a, Krt33b, Krt34, Krt35, Krt36, Krt39, Krt4, Krt40, Krt42, Krt5, Krt6a, Krt6b, Krt7, Krt71, Krt72, Krt73, Krt74, Krt75, Krt76, Krt77, Krt78, Krt79, Krt8, Krt80, Krt81, Krt82, Krt83, Krt84, Krt85, Krt86, Krt87, Krt9, Krt90, Krtap21-1, Krtap5-5, Krtap6-2, Krtap6-5, Krtdap, Ky, L1cam, L3mbtl1, L3mbtl2, L3mbtl3, Lag3, Lama1, Lama2, Lama3, Lama4, Lama5, Lamb1, Lamb2, Lamb3, Lamc1, Lamc2, Lamc3, Lamp1, Laptm5, Large1, Larp4, Larp7, Lats1, Lats2, Lbh, Lbr, Lbx1, Lbx2, Lce1a2, Lce1g, Lck, Lcn2, Lcp1, Lctl, Ldah, Ldb1, Ldb2, Ldb3, Ldha, Ldlr, Ldlrad4, Ldoc1, Lef1, Lefty1, Lefty2, Lemd2, Lemd3, Leo1, Lep, Lepr, Lfng, Lgals1, Lgals3, Lgals8, Lgals9, Lgi1, Lgi2, Lgi4, Lgmn, Lgr4, Lgr5, Lgr6, Lhb, Lhcgr, Lhfpl2, Lhfpl4, Lhfpl5, Lhx1, Lhx2, Lhx3, Lhx4, Lhx5, Lhx6, Lhx8, Lhx9, Lias, Lichi, Lif, Lifr, Lig4, Lilrb4a, Lilrb4b, Lim2, Limd1, Limk1, Limk2, Lims1, Lims2, Lin28a, Lin7a, Lin7b, Lin7c, Lingo1, Lingo2, Lingo4, Lipa, Llgl1, Llgl2, Llph, Lmbr1, Lmbr1l, Lmbrd1, Lmna, Lmo2, Lmo3, Lmo4, Lmod1, Lmod2, Lmod3, Lmtk2, Lmx1a, Lmx1b, Lncbate1, Lncbate10, Lnclep, Lncpint, Lnpk, Lnx1, Lnx2, Loricrin, Lox, Loxl2, Loxl3, Lpar1, Lpar3, Lpar6, Lpcat1, Lpin1, Lpl, Lrat, Lratd1, Lrfn1, Lrfn3, Lrfn4, Lrfn5, Lrg1, Lrguk, Lrig1, Lrig2, Lrig3, Lrit3, Lrmda, Lrp1, Lrp10, Lrp12, Lrp1b, Lrp2, Lrp3, Lrp4, Lrp5, Lrp6, Lrp8, Lrrc10, Lrrc17, Lrrc24, Lrrc32, Lrrc34, Lrrc4, Lrrc4b, Lrrc4c, Lrrc7, Lrrc78, Lrrc8a, Lrrc8c, Lrrk1, Lrrk2, Lrrn1, Lrrn3, Lrrtm1, Lrrtm2, Lrrtm3, Lrrtm4, Lrtm1, Lrtm2, Lsm1, Lsm14b, Lsr, Lst1, Lt1, Lta, Lta4h, Ltb, Ltbp1, Ltbp3, Ltbr, Ltf, Ltk, Luc7l, Luzp1, Ly6d, Ly6e, Ly9, Lyar, Lyl1, Lyn, Lztfl1, Lzts1, Lzts2, Lzts3, M1ap, Mab21l1, Mab21l2, Macf1, Maco1, Macrod2, Macroh2a1, Macroh2a2, Mad1l1, Mad2l2, Madcam1, Maea, Mael, Maf, Mafb, Maff, Mafg, Mafk, Mag, Maged1, Magi1, Magi2, Majin, Mal, Mal2, Mall, Malt1, Mamdc4, Maml1, Mamld1, Mamstr, Man1a2, Man2a1, Mansc4, Map1a, Map1b, Map1s, Map2, Map2k1, Map2k2, Map2k3, Map2k4, Map2k5, Map2k6, Map3k1, Map3k13, Map3k20, Map3k3, Map3k4, Map3k5, Map3k7, Map4, Map4k4, Map6, Map7, Mapk1, Mapk11, Mapk12, Mapk14, Mapk3, Mapk6, Mapk7, Mapk8, Mapk8ip2, Mapk8ip3, Mapk9, Mapkapk2, Mapkapk5, Mapt, Marchf5, Marchf7, Marcks, Marcksl1, Marf1, Mark1, Mark2, Mark4, Marveld1, Marveld2, Mas1, Mast1, Mast2, Matcap1, Matn1, Matn2, Matn3, Matr3, Max, Mb, Mbd1, Mbd2, Mbd3, Mbd5, Mbip, Mbnl1, Mbnl3, Mboat1, Mboat2, Mboat7, Mbp, Mbtd1, Mbtps2, Mc2r, Mcam, Mcf2, Mcidas, Mcl1, Mcm2, Mcm3ap, Mcmdc2, Mcoln3, Mcph1, Mcrip1, Mcrs1, Mcu, Mcub, Mdfi, Mdga1, Mdga2, Mdk, Mdm1, Mdm2, Mdm4, Mea1, Meaf6, Mecom, Mecp2, Med1, Med10, Med12, Med14, Med15, Med17, Med20, Med21, Med24, Med27, Med28, Med30, Med31, Med6, Med7, Medag, Mef2a, Mef2b, Mef2c, Mef2d, Meg3, Megf10, Megf11, Megf8, Megf9, Mei1, Mei4, Meig1, Meioc, Meiosin, Meis1, Meis2, Meis3, Melk, Men1, Meox1, Meox2, Mepe, Mertk, Mesd, Mesp1, Mesp2, Met, Metrn, Metrnl, Mettl14, Mettl21c, Mettl3, Mettl5, Mettl8, Mex3c, Mexis, Mfap2, Mfap5, Mff, Mfge8, Mfhas1, Mfn1, Mfn2, Mfng, Mfrp, Mfsd12, Mfsd14a, Mfsd2a, Mfsd8, Mga, Mgarp, Mgat1, Mgat4d, Mgll, Mgp, Mgrn1, Mia3, Miat, Mib1, Mical2, Micall1, Micall2, Mief1, Mief2, Miga2, Minar1, Minar2, Mink1, Mios, Mip, Mir100, Mir103-1, Mir103-2, Mir106b, Mir122, Mir124-2hg, Mir124a-1, Mir124a-1hg, Mir124a-2, Mir124a-3, Mir125a, Mir125b-1, Mir125b-2, Mir126a, Mir126b, Mir127, Mir130a, Mir132, Mir133a-1, Mir133a-2, Mir133b, Mir135a-1, Mir135a-2, Mir137, Mir138-1, Mir138-2, Mir140, Mir141, Mir143, Mir144, Mir145a, Mir145b, Mir146, Mir146b, Mir150, Mir154, Mir155, Mir17, Mir18, Mir181b-1, Mir181b-2, Mir181c, Mir182, Mir183, Mir184, Mir188, Mir193a, Mir193b, Mir1954, Mir195a, Mir19a, Mir19b-1, Mir1a-2, Mir200a, Mir200b, Mir200c, Mir202, Mir203, Mir204, Mir205, Mir205hg, Mir208a, Mir208b, Mir20a, Mir210, Mir212, Mir214, Mir216a, Mir216b, Mir217, Mir218-1, Mir218-2, Mir219a-1, Mir219a-2, Mir223, Mir23a, Mir23b, Mir24-1, Mir24-2, Mir25, Mir26a-1, Mir26a-2, Mir27a, Mir27b, Mir2861, Mir294, Mir301, Mir302a, Mir302b, Mir302c, Mir302d, Mir3065, Mir30a, Mir30c-1, Mir30c-2, Mir326, Mir329, Mir330, Mir338, Mir34a, Mir34b, Mir34c, Mir351, Mir367, Mir375, Mir376a, Mir3960, Mir429, Mir448, Mir449a, Mir449b, Mir449c, Mir450b, Mir451a, Mir451b, Mir452, Mir455, Mir471, Mir489, Mir499, Mir503, Mir539, Mir541, Mir542, Mir669a-1, Mir669a-10, Mir669a-2, Mir669a-3, Mir669a-4, Mir669a-5, Mir669a-6, Mir669a-7, Mir669a-8, Mir669a-9, Mir672, Mir675, Mir682, Mir7-1, Mir7-2, Mir741, Mir742, Mir743, Mir873a, Mir874, Mir875, Mir878, Mir880, Mir881, Mir9-1, Mir9-2, Mir9-3, Mir92-1, Mir93, Mir96, Mir9718, Mir99a, Mirlet7a-1, Mirlet7a-2, Mirlet7b, Mirlet7c-1, Mirlet7c-2, Mirlet7d, Mirlet7e, Misfa, Mitf, Mixl1, Mki67, Mkks, Mkln1, Mknk2, Mkrn2, Mks1, Mkx, Mlf1, Mlh1, Mllt3, Mlph, Mmd, Mmd2, Mme, Mmp11, Mmp12, Mmp13, Mmp14, Mmp15, Mmp16, Mmp17, Mmp19, Mmp2, Mmp20, Mmp21, Mmp24, Mmp25, Mmp8, Mmp9, Mmrn1, Mmrn2, Mmut, Mnat1, Mndal, Mns1, Mnx1, Mob2, Mobp, Morc1, Morc3, Morf4l2, Morn2, Mos, Mosmo, Mospd1, Mospd3, Mov10, Mov10l1, Mpdz, Mpig6b, Mpl, Mpst, Mpv17, Mpz, Mpzl2, Mr1, Mrap, Mreg, Mrgprx1, Mroh2b, Mrtfa, Mrtfb, Ms4a1, Msc, Msgn1, Msh2, Msh3, Msh4, Msh6, Msi1, Msi2, Msn, Msr1, Mst1, Mst1r, Mstn, Msx1, Msx2, Msx3, mt-Co1, mt-Co2, mt-Cytb, mt-Nd4, Mt3, Mta1, Mta2, Mta3, Mtch2, Mtdh, Mterf4, Mtf1, Mtf2, Mthfd1, Mthfd1l, Mthfr, Mtln, Mtm1, Mtmr2, Mtor, Mtpn, Mtr, Mtss1, Mturn, Muc19, Muc2, Muc3a, Muc4, Mug1, Mul1, Mup20, Musk, Mustn1, Mxi1, Mxra8, Myadm, Myb, Mybl1, Mybpc1, Mybpc2, Mybpc3, Mybph, Mybphl, Myc, Mycbp2, Mycbpap, Mycl, Mycn, Myd88, Mydgf, Myf5, Myf6, Myh10, Myh11, Myh14, Myh6, Myh7, Myh9, Myhas, Myl12a, Myl12b, Myl2, Myl3, Myl6, Myl6b, Myl7, Myl9, Mylip, Mylk, Mylk2, Mylk3, Mylpf, Mymk, Mymx, Myo10, Myo15a, Myo16, Myo18b, Myo19, Myo1e, Myo3a, Myo3b, Myo5a, Myo5b, Myo6, Myo7a, Myo7b, Myo9a, Myo9b, Myoc, Myocd, Myod1, Myof, Myog, Myom1, Myom2, Myom3, Myoparr, Myorg, Myot, Myoz1, Myoz2, Mypn, Myrf, Mysm1, Myt1, Myt1l, n-TUtca2, N4bp2l2, N4bp3, Naa15, Nab1, Nab2, Nae1, Naglu, Nanog, Nanos1, Nanos2, Nanos3, Nap1l1, Nap1l2, Napa, Napepld, Nars1, Nasp, Nat8, Nat8f1, Nat8f2, Nat8f3, Nat8f5, Nav1, Nav2, Nav3, Naxe, Nbeal2, Nbl1, Nbn, Nbr1, Ncam1, Ncam2, Ncan, Ncapg2, Ncaph2, Ncdn, Nck1, Nck2, Nckap1, Nckap1l, Nckipsd, Ncl, Ncmap, Ncoa1, Ncoa2, Ncoa3, Ncoa6, Ncor1, Ncor2, Ncs1, Ncstn, Ndc1, Nde1, Ndel1, Ndfip1, Ndn, Ndnf, Ndp, Ndrg1, Ndrg2, Ndrg3, Ndrg4, Ndst1, Ndufa2, Ndufs2, Ndufs4, Ndufs6, Ndufv2, Neb, Nebl, Necab1, Nectin1, Nectin2, Nectin3, Nedd4, Nedd4l, Nedd8, Nedd9, Nefh, Nefl, Nefm, Negr1, Nek1, Nek2, Nek3, Nek5, Nek8, Nelfb, Nell1, Nell2, Nemp1, Neo1, Nepro, Nes, Neu1, Neu2, Neu4, Neurl1a, Neurl2, Neurl4, Neurod1, Neurod2, Neurod4, Neurod6, Neurog1, Neurog2, Neurog3, Nexmif, Nexn, Nf1, Nf2, Nfam1, Nfasc, Nfatc1, Nfatc2, Nfatc3, Nfatc4, Nfe2, Nfe2l1, Nfe2l2, Nfia, Nfib, Nfic, Nfil3, Nfix, Nfkb1, Nfkb2, Nfkbia, Nfkbid, Nfkbiz, Nfrkb, Ngb, Ngef, Ngf, Ngfr, Ngp, Ngrn, Nhej1, Nherf1, Nhlh1, Nhlh2, Nhs, Nhsl1, Nhsl2, Nhsl3, Nicol1, Nid1, Nif3l1, Nin, Ninj1, Ninj2, Nipbl, Nkap, Nkapl, Nkd1, Nkiras1, Nkiras2, Nkx1-1, Nkx1-2, Nkx2-1, Nkx2-2, Nkx2-2os, Nkx2-3, Nkx2-4, Nkx2-5, Nkx2-6, Nkx2-9, Nkx3-1, Nkx3-2, Nkx6-1, Nkx6-2, Nkx6-3, Nle1, Nlgn1, Nlgn2, Nlgn3, Nlgn4l, Nln, Nlrp14, Nlrp3, Nlrp4f, Nlrp5, Nlrp9a, Nlrp9b, Nlrp9c, Nme1, Nme2, Nme5, Nme7, Nme8, Nmrk2, Nmt1, Nnat, Nnmt, Nobox, Noc3l, Noct, Nodal, Nog, Nol3, Nolc1, Nom1, Nop2, Norad, Nos1, Nos3, Notch1, Notch2, Notch3, Notch4, Noto, Notum, Nova1, Nova2, Nox1, Nox3, Nox4, Npas4, Npat, Npc1, Nphp1, Nphp3, Nphp4, Nphs1, Nphs2, Npm2, Npnt, Nppb, Nppc, Npr2, Npr3, Nprl3, Nptn, Nptx1, Nptxr, Npy, Npy1r, Npy2r, Npy5r, Nr0b1, Nr0b2, Nr1d1, Nr1d2, Nr1h2, Nr1h3, Nr1h4, Nr1h5, Nr1i2, Nr1i3, Nr2c1, Nr2c2, Nr2e1, Nr2e3, Nr2f1, Nr2f2, Nr2f6, Nr3c1, Nr4a1, Nr4a2, Nr4a3, Nr5a1, Nr5a2, Nr6a1, Nrap, Nrarp, Nras, Nrbp1, Nrbp2, Nrcam, Nrdc, Nrep, Nrg1, Nrg2, Nrg3, Nrip1, Nrk, Nrl, Nrn1, Nrn1l, Nrp1, Nrp2, Nrros, Nrsn1, Nrsn2, Nrtn, Nrxn1, Nrxn2, Nrxn3, Nsd1, Nsd2, Nsdhl, Nsmf, Nsrp1, Nsun2, Nsun5, Ntf3, Ntf5, Ntm, Ntn1, Ntn3, Ntn4, Ntn5, Ntng1, Ntng2, Ntrk1, Ntrk2, Ntrk3, Nucb2, Nudt1, Nudt21, Nudt7, Nuggc, Numa1, Numb, Numbl, Nup107, Nup133, Nup160, Nup210l, Nup50, Nup62, Nup85, Nupr1, Nus1, Nxn, Nyap1, Nyap2, Oas1d, Oas2, Obox1, Obox2, Obox3, Obox4, Obox5, Obox6, Obox7, Obox8, Obscn, Obsl1, Oc90, Oca2, Ociad1, Ocm, Ocrl, Ocstamp, Odad2, Odad3, Odad4, Odam, Odaph, Odc1, Odf1, Odf2, Odf4, Ofd1, Ogdh, Ogn, Ogt, Olfm1, Olfm2, Olfm3, Olig1, Olig2, Olig3, Oma1, Omg, Omp, Onecut1, Onecut2, Ooep, Oog1, Oog2, Oog3, Oosp1, Oosp2, Opa1, Opa3, Opalin, Ophn1, Opn3, Opn4, Opn5, Oprm1, Optc, Or10a4, Or10j5, Or51e2, Or8a1b, Orai1, Orc3, Ormdl1, Ormdl3, Osbp2, Osbpl11, Osbpl8, Oscar, Osgin1, Osm, Osr1, Osr2, Ostm1, Ostn, Otc, Otoa, Otog, Otogl, Otol1, Otop1, Otor, Otp, Otud5, Otud7b, Otulin, Otx1, Otx2, Ovol1, Ovol2, Ovol3, Oxt, Oxtr, P2rx2, P2rx4, P2rx5, P2rx7, P2ry1, P2ry12, P2ry2, P3h1, P4htm, Pa2g4, Pabpc1l, Pabpc4, Pacrg, Pacsin1, Pacsin2, Padi4, Padi6, Paf1, Pafah1b1, Pafah1b2, Pafah1b3, Pagr1a, Paip2, Pak1, Pak1ip1, Pak2, Pak3, Pak4, Pak6, Pakap, Palb2, Palld, Palm, Palm3, Palmd, Pals1, Panct2, Pank2, Pantr2, Panx3, Pappa2, Papss2, Paqr3, Paqr5, Paqr7, Paqr8, Pard3, Parp1, Parp11, Parp2, Parp3, Parp6, Parva, Parvb, Parvg, Patz1, Paupar, Pawr, Pax1, Pax2, Pax3, Pax4, Pax5, Pax6, Pax7, Pax8, Pax9, Paxbp1, Paxip1, Pbrm1, Pbx1, Pbx2, Pbx3, Pbx4, Pbxip1, Pcare, Pcdh12, Pcdh15, Pcdh17, Pcdh18, Pcdh8, Pcdha8, Pcdha9, Pcdhac2, Pcgf2, Pcid2, Pck1, Pck2, Pclo, Pcm1, Pcna, Pcnt, Pcp4, Pcsk1, Pcsk2, Pcsk4, Pcsk5, Pcsk6, Pcsk9, Pcyt1a, Pcyt1b, Pdcd1, Pdcd10, Pdcd2, Pdcd4, Pdcd6, Pdcl2, Pdcl3, Pde1b, Pde2a, Pde3a, Pde3b, Pde4d, Pde5a, Pde6a, Pde6b, Pde6c, Pdgfa, Pdgfb, Pdgfc, Pdgfd, Pdgfra, Pdgfrb, Pdilt, Pdlim1, Pdlim2, Pdlim3, Pdlim4, Pdlim5, Pdlim7, Pdpk1, Pdpn, Pds5a, Pds5b, Pdss2, Pdx1, Pdzd11, Pdzd7, Pdzd8, Pdzk1, Pebp1, Pecam1, Pef1, Peg10, Peg12, Pelo, Pemt, Penk, Per1, Per2, Percc1, Perp, Pex11a, Pex13, Pex2, Pex5, Pex7, Pf4, Pfas, Pfdn1, Pfdn5, Pfkfb1, Pfkfb3, Pfn1, Pfn4, Pgam2, Pgam5, Pgap1, Pgf, Pgk1, Pglyrp1, Pglyrp2, Pglyrp3, Pglyrp4, Pgm3, Pgm5, Pgr, Pgrmc2, Phactr1, Phactr4, Phb1, Phb2, Phc2, Phex, Phf10, Phf14, Phf19, Phf5a, Phf6, Phf8, Phgdh, Phip, Phlda2, Phldb1, Phldb2, Phlpp1, Phospho1, Phox2a, Phox2b, Pi16, Pi4ka, Pi4kb, Pianp, Pias1, Pias2, Pias3, Pias4, Picalm, Pick1, Pierce1, Pierce2, Piezo1, Pigt, Pih1d1, Pik3c2a, Pik3ca, Pik3cb, Pik3cd, Pik3cg, Pik3r1, Pik3r2, Pik3r3, Pik3r6, Pikfyve, Pilrb1, Pim1, Pin1, Pin1rt1, Pinc, Pink1, Pip4k2a, Pip5k1c, Pir, Pira1, Pira6, Pirb, Pithd1, Pitpna, Pitpnb, Pitx1, Pitx2, Pitx3, Piwil1, Piwil2, Piwil4, Pjvk, Pkd1, Pkd1l1, Pkd2, Pkdcc, Pkhd1, Pkm, Pkn1, Pknox1, Pkp1, Pkp2, Pkp3, Pla2g10, Pla2g2a, Pla2g2d, Pla2g3, Pla2g4a, Pla2g5, Plaa, Plaat1, Plaat3, Plac1, Plac8, Plag1, Plagl1, Plagl2, Plau, Plaur, Plcb1, Plcd1, Plcd3, Plce1, Plcg1, Plcg2, Plcl2, Pld2, Pld3, Pld4, Pld6, Plec, Plek, Plekha1, Plekha5, Plekhb1, Plekhb2, Plekhm3, Plekho1, Plet1, Plg, Plk2, Plk4, Plk5, Pllp, Pln, Plod1, Plod3, Plp1, Plpp3, Plpp4, Plpp7, Plppr1, Plppr4, Plppr5, Pls1, Pls3, Plscr1, Plvap, Plxdc1, Plxna1, Plxna2, Plxna3, Plxna4, Plxnb1, Plxnb2, Plxnb3, Plxnc1, Plxnd1, Pmfbp1, Pml, Pmp22, Pms2, Pnldc1, Pnlip, Pnp, Pnpla1, Pnpla6, Pnpt1, Poc1a, Poc1b, Poc5, Podxl, Pof1b, Pofut1, Pofut2, Poglut1, Polb, Pole, Polg2, Polm, Polq, Polr1b, Pomgnt1, Pomgnt2, Pomk, Pomt2, Popdc1, Popdc2, Popdc3, Por, Postn, Pou1f1, Pou2af1, Pou2f1, Pou2f2, Pou2f3, Pou3f1, Pou3f2, Pou3f3, Pou3f4, Pou4f1, Pou4f2, Pou4f3, Pou5f1, Ppara, Ppard, Pparg, Ppargc1a, Ppargc1b, Ppdpf, Ppfia2, Pphln1, Ppia, Ppib, Ppif, Ppil1, Ppl, Ppp1ca, Ppp1cc, Ppp1r12a, Ppp1r12b, Ppp1r12c, Ppp1r13l, Ppp1r15a, Ppp1r16b, Ppp1r35, Ppp1r9a, Ppp1r9b, Ppp2ca, Ppp2r1a, Ppp2r1b, Ppp2r3a, Ppp2r3c, Ppp2r5b, Ppp2r5d, Ppp3ca, Ppp3cb, Ppp3r1, Ppp4r2, Ppp4r4, Ppt1, Pqbp1, Prag1, Pramel1, Pramel7, Prcp, Prdm1, Prdm11, Prdm12, Prdm13, Prdm14, Prdm16, Prdm4, Prdm6, Prdm8, Prdm9, Prdx2, Prdx3, Prdx4, Prelid1, Prex1, Prex2, Prg4, Prickle1, Prickle2, Prickle4, Prkaa1, Prkab1, Prkaca, Prkacb, Prkar1a, Prkar1b, Prkca, Prkcb, Prkcg, Prkch, Prkci, Prkcsh, Prkcz, Prkd1, Prkd2, Prkdc, Prkg1, Prkg2, Prkn, Prkra, Prkx, Prl, Prl2a1, Prl2b1, Prl2c1, Prl2c2, Prl2c3, Prl2c5, Prl3a1, Prl3b1, Prl3c1, Prl3d1, Prl3d2, Prl3d3, Prl4a1, Prl5a1, Prl6a1, Prl7a1, Prl7a2, Prl7b1, Prl7c1, Prl7d1, Prl8a1, Prl8a2, Prl8a6, Prl8a8, Prl8a9, Prlh, Prlr, Prm1, Prm2, Prm3, Prmt1, Prmt2, Prmt3, Prmt5, Prmt7, Proc, Prok1, Prok2, Prokr1, Prom1, Prop1, Prox1, Prox2, Prpf19, Prpf40a, Prph2, Prps1, Prpsap2, Prr14, Prr7, Prrc2a, Prrc2b, Prrc2c, Prrx1, Prrx2, Prss21, Prss28, Prss29, Prss42, Prss43, Prss44, Prss56, Prss8, Prtg, Prtn3, Prune1, Prx, Prxl2a, Psap, Psapl1, Psd, Psen1, Psen2, Psg22, Pskh1, Psma6, Psma8, Psmb10, Psmb11, Psmb8, Psmc3, Psmc4, Psmd11, Psme4, Psmg1, Psph, Pspn, Ptbp1, Ptbp3, Ptcd2, Ptch1, Ptch2, Ptchd1, Pten, Pter, Ptf1a, Ptgdr, Ptger3, Ptger4, Ptges3, Ptgfrn, Ptgis, Ptgr3, Ptgs1, Ptgs2, Pth, Pth1r, Pthlh, Ptk2, Ptk2b, Ptk6, Ptk7, Ptn, Ptpn1, Ptpn11, Ptpn12, Ptpn13, Ptpn14, Ptpn18, Ptpn2, Ptpn20, Ptpn22, Ptpn3, Ptpn5, Ptpn6, Ptpn9, Ptpra, Ptprb, Ptprc, Ptprd, Ptprf, Ptprg, Ptprh, Ptprj, Ptprk, Ptprm, Ptprn, Ptpro, Ptprq, Ptprr, Ptprs, Ptprt, Ptpru, Ptprv, Ptprz1, Ptx3, Pum1, Pum2, Pura, Pus7, Pwp1, Pxdn, Pxn, Pxt1, Pygo1, Pygo2, Pzp, Qars1, Qki, Qrich1, Rab10, Rab11a, Rab13, Rab14, Rab17, Rab18, Rab1a, Rab21, Rab23, Rab25, Rab26, Rab27a, Rab29, Rab32, Rab33b, Rab35, Rab38, Rab3a, Rab3gap1, Rab7b, Rab8a, Rabgap1l, Rabl2, Rabl3, Rac1, Rac2, Rac3, Racgap1, Rack1, Rad18, Rad21l, Rad23b, Rad51b, Rad51c, Radil, Raf1, Rag1, Rag2, Rai1, Rai14, Rai2, Rala, Ralbp1, Ramp1, Ramp2, Ranbp1, Ranbp3l, Rap1a, Rap1b, Rap1gap, Rap1gap2, Rap2a, Rap2c, Rapgef1, Rapgef2, Rapgef3, Rapgef4, Raph1, Rara, Rarb, Rarg, Rarres2, Rasa1, Rasal1, Rasal2, Rasgrf1, Rasgrp1, Rasgrp4, Rasip1, Rassf10, Rassf2, Rax, Rb1, Rb1cc1, Rbbp4, Rbbp6, Rbbp7, Rbbp8, Rbbp9, Rbfox1, Rbfox2, Rbfox3, Rbl1, Rbl2, Rbm10, Rbm11, Rbm14, Rbm15, Rbm19, Rbm20, Rbm24, Rbm38, Rbm4, Rbm45, Rbm46, Rbm47, Rbmy, Rbmyf1, Rbmyf2, Rbmyf3, Rbmyf5, Rbmyf6, Rbmyf7, Rbmyf8, Rbmyf9, Rbp1, Rbp4, Rbpj, Rbpms2, Rbx1, Rbx1-ps, Rc3h1, Rc3h2, Rcan1, Rcbtb2, Rcn1, Rcn3, Rcor1, Rd3, Rdh10, Rdh13, Rdx, Rec114, Rec8, Reck, Recql4, Reg1, Reg2, Reg3a, Reg3g, Rela, Relb, Reln, Relt, Ren1, Ren2, Reno1, Rere, Resp18, Rest, Ret, Retn, Retreg1, Retreg3, Rflna, Rflnb, Rfng, Rfx2, Rfx3, Rfx4, Rfx6, Rgcc, Rgma, Rgn, Rgs14, Rgs2, Rgs4, Rgs6, Rgs9, Rhag, Rhbdd1, Rhbdd3, Rhd, Rheb, Rho, Rhoa, Rhob, Rhobtb1, Rhobtb2, Rhobtb3, Rhoc, Rhog, Rhoh, Rhoj, Rhoq, Rhou, Rhox5, Rhox8, Rhpn1, Rian, Ric1, Ric8a, Rictor, Rif1, Rilpl1, Rilpl2, Rimbp3, Rims1, Rims2, Rin2, Ring1, Riox1, Ripk1, Ripk2, Ripk3, Ripk4, Ripor2, Ripply1, Ripply2, Ripply3, Rit2, Rita1, Rlig1, Rln1, Rmdn3, Rmi1, Rmrp, Rnase10, Rnase9, Rnaseh2b, Rnasel, Rnd1, Rnd2, Rnf10, Rnf111, Rnf112, Rnf114, Rnf151, Rnf157, Rnf168, Rnf17, Rnf2, Rnf207, Rnf213, Rnf220, Rnf41, Rnf6, Rnf7, Rnf8, Rnh1, Rnls, Ro60, Robo1, Robo2, Robo3, Robo4, Rock1, Rock2, Rogdi, Rom1, Ropn1, Ropn1l, Ror1, Ror2, Rora, Rorb, Rorc, Ros1, Rp1, Rp1l1, Rpa1, Rpe65, Rpgr, Rpgrip1, Rpgrip1l, Rpl10, Rpl10-ps3, Rpl10l, Rpl13, Rpl13-ps6, Rpl13a, Rpl22, Rpl24, Rpl29, Rpl38, Rpl39l, Rpl3l, Rpl4, Rpl7l1, Rplp0, Rps14, Rps19, Rps3a1, Rps6, Rps6ka1, Rps6ka2, Rps6ka6, Rps6kb1, Rps7, Rptor, Rras, Rras2, Rreb1, Rrm1, Rrm2, Rrm2b, Rrn3, Rrp7a, Rrs1, Rs1, Rsad2, Rsl1, Rsph1, Rsph6a, Rspo2, Rspo3, Rspo4, Rtca, Rtcb, Rtf1, Rtkn2, Rtl1, Rtn1, Rtn2, Rtn3, Rtn4, Rtn4ip1, Rtn4r, Rtn4rl1, Rtn4rl2, Rttn, Rubie, Rufy3, Rundc1, Runx1, Runx1t1, Runx2, Runx3, Ruvbl1, Ruvbl2, Rxfp1, Rxfp2, Rxra, Rxrb, Rxrg, Ryk, Ryr1, Ryr2, S100a1, S100a10, S100a13, S100a8, S100a9, S100b, S1pr1, S1pr2, S1pr3, S1pr5, S2bpcox16, Safb2, Sall1, Sall2, Sall3, Sall4, Samd1, Samd11, Samd14, Samd4b, Samd7, Samd9l, Samhd1, Sanbr, Sap130, Sap30, Sap30l, Sapcd2, Sarm1, Sars1, Sart1, Sart3, Sash1, Sash3, Sass6, Satb1, Satb2, Sav1, Sbds, Sbf1, Sbno2, Scaper, Scarb2, Scarf1, Scart2, Scd1, Scel, Scfd1, Scg2, Scgb3a1, Schip1, Scin, Sclt1, Scmh1, Scn11a, Scn1a, Scn1b, Scn2a, Scn2b, Scn3b, Scn5a, Scn8a, Scn9a, Scnn1b, Scnn1g, Sco1, Sco2, Scrib, Scrt1, Scrt2, Sct, Scube2, Scube3, Scx, Scyl1, Scyl2, Scyl3, Sdc1, Sdc2, Sdc4, Sdcbp, Sdccag8, Sdf4, Sdha, Sdhaf2, Sdk1, Sdk2, Sebox, Sec1, Sec23ip, Sec24b, Sec24c, Sec24d, Sec61a1, Sec63, Secisbp2, Selenbp1, Selenof, Selenoi, Selenok, Selenom, Selenon, Selenop, Selenot, Selenow, Sema3a, Sema3b, Sema3c, Sema3d, Sema3e, Sema3f, Sema3g, Sema4a, Sema4b, Sema4c, Sema4d, Sema4f, Sema4g, Sema5a, Sema5b, Sema6a, Sema6b, Sema6c, Sema6d, Sema7a, Semg1, Senp1, Senp2, Septin14, Septin2, Septin4, Septin6, Septin7, Serinc5, Serp1, Serpina10, Serpina1b, Serpina5, Serpina7, Serpinb12, Serpinb5, Serpinb6a, Serpinb7, Serpinb9f, Serpine1, Serpine2, Serpinf1, Serpinf2, Serpinh1, Serpini1, Setd1a, Setd2, Setd3, Setd5, Setd6, Setdb1, Setdb2, Setx, Sez6, Sez6l, Sez6l2, Sf1, Sf3a2, Sf3b1, Sf3b6, Sfmbt1, Sfn, Sfrp1, Sfrp2, Sfrp4, Sfrp5, Sfta3, Sftpd, Sfxn1, Sgca, Sgcb, Sgcd, Sgcg, Sgcz, Sgf29, Sgip1, Sgk1, Sgms1os1, Sgms2, Sgpl1, Sgpp1, Sh2b2, Sh2b3, Sh3bp1, Sh3d19, Sh3gl2, Sh3gl3, Sh3glb1, Sh3kbp1, Sh3pxd2a, Sh3pxd2b, Sh3rf1, Sh3tc2, Shank1, Shank2, Shank3, Sharpin, Shb, Shbg, Shc1, Shc4, Shcbp1l, Shh, Shisa6, Shld1, Shld2, Shld3, Shoc2, Shox2, Shroom1, Shroom2, Shroom3, Shroom4, Shtn1, Siah1a, Sidt2, Siglec15, Siglecg, Sigmar1, Sik1, Sik3, Sim1, Sim2, Sin3a, Sin3b, Sinhcaf, Sipa1l1, Sipa1l3, Sirpa, Sirt1, Sirt2, Sirt6, Sirt7, Six1, Six2, Six3, Six3os1, Six4, Six5, Six6, Ski, Skic8, Skil, Skint1, Skor2, Slamf1, Slamf6, Slamf8, Slamf9, Slc10a7, Slc11a2, Slc12a1, Slc12a2, Slc12a5, Slc15a4, Slc17a6, Slc17a7, Slc17a8, Slc18a2, Slc19a2, Slc1a1, Slc1a2, Slc1a3, Slc1a5, Slc20a1, Slc20a2, Slc22a1, Slc22a14, Slc22a16, Slc22a5, Slc22a6, Slc23a1, Slc23a2, Slc24a3, Slc24a4, Slc25a12, Slc25a20, Slc25a25, Slc25a31, Slc25a34, Slc25a38, Slc25a4, Slc25a40, Slc25a46, Slc25a5, Slc26a2, Slc26a3, Slc26a4, Slc26a5, Slc26a6, Slc26a8, Slc27a4, Slc29a1, Slc2a1, Slc2a10, Slc2a12, Slc2a4, Slc30a1, Slc31a1, Slc32a1, Slc34a2, Slc35d1, Slc35e2, Slc37a4, Slc38a10, Slc38a2, Slc38a8, Slc39a1, Slc39a10, Slc39a12, Slc39a13, Slc39a14, Slc39a2, Slc39a3, Slc39a5, Slc39a6, Slc39a7, Slc40a1, Slc44a4, Slc45a3, Slc46a2, Slc48a1, Slc4a1, Slc4a10, Slc4a11, Slc4a2, Slc4a5, Slc4a7, Slc4a8, Slc5a1, Slc5a3, Slc5a7, Slc6a17, Slc6a3, Slc6a4, Slc6a6, Slc7a10, Slc7a11, Slc7a5, Slc7a6os, Slc8a1, Slc8a3, Slc9a1, Slc9a2, Slc9a4, Slc9a6, Slc9a8, Slc9b2, Slc9c1, Slco1a6, Slco1b2, Slco4c1, Slfn14, Slfn5, Slirp, Slit1, Slit2, Slit3, Slitrk1, Slitrk2, Slitrk3, Slitrk4, Slitrk5, Slitrk6, Slx, Slxl1, Sly, Smad1, Smad2, Smad3, Smad4, Smad5, Smad6, Smad7, Smad9, Smap1, Smarca1, Smarca2, Smarca4, Smarca5, Smarcb1, Smarcc1, Smarcc2, Smarcd1, Smarcd2, Smarcd3, Smarce1, Smc1a, Smc3, Smc5, Smchd1, Smg9, Smim14, Smim43, Smim45, Smn1, Smo, Smoc1, Smoc2, Smpd3, Smpd4, Smtnl1, Smurf1, Smurf2, Smyd1, Smyd2, Smyd3, Smyd4, Smyd5, Snai1, Snai2, Snap25, Snap91, Snapin, Snca, Snhg15, Snorc, Snph, Snrpa1, Snw1, Snx1, Snx10, Snx17, Snx19, Snx2, Snx27, Snx3, Soat1, Sobp, Socs1, Socs2, Socs3, Socs5, Socs7, Sod1, Sod2, Sohlh1, Sohlh2, Sorbs2, Sorl1, Sort1, Sos1, Sos2, Sostdc1, Sox1, Sox10, Sox11, Sox12, Sox13, Sox14, Sox15, Sox17, Sox18, Sox2, Sox21, Sox3, Sox30, Sox4, Sox5, Sox6, Sox7, Sox8, Sox9, Sp1, Sp100, Sp2, Sp3, Sp5, Sp6, Sp7, Sp8, Sp9, Spaar, Spaca1, Spag16, Spag17, Spag4, Spag6, Spag6l, Spag8, Spag9, Sparc, Spart, Spast, Spata16, Spata18, Spata19, Spata2, Spata20, Spata22, Spata24, Spata25, Spata31, Spata32, Spata46, Spata6, Spata6l, Spata9, Spatc1l, Spdef, Spdya, Specc1, Specc1l, Spef2, Speg, Spem1, Spem3, Spen, Spg11, Spg21, Sphk1, Sphk2, Spi1, Spib, Spic, Spink1, Spink2, Spink5, Spinkl, Spint1, Spint2, Spire1, Spmap2, Spmip6, Spmip7, Spn, Spns2, Spo11, Spocd1, Spock1, Spp1, Sppl2c, Spr, Spred1, Spred2, Spred3, Sprr1a, Sprr1b, Sprr2a1, Sprr2b, Sprr2d, Sprr2e, Sprr2f, Sprr2g, Sprr2h, Sprr2i, Sprr2k, Sprr3, Sprr4, Spry1, Spry2, Spry3, Spry4, Spsb3, Spta1, Sptb, Sptbn1, Sptbn2, Sptbn4, Sptlc2, Sqstm1, Sra1, Src, Srcin1, Srd5a1, Srd5a2, Srebf1, Srebf2, Srf, Srgap2, Srgap3, Srgn, Srms, Srp54a, Srp54b, Srp54c, Srpk1, Srpk2, Srpk3, Srpx2, Srrm4, Srrt, Srsf1, Srsf4, Srsf6, Sry, Ss18, Ss18l1, Ssbp3, Ssh1, Ssh2, Ssna1, Ssr2, Sstr1, Sstr2, Sstr3, Ssu2, St14, St3gal1, St8sia2, St8sia6, Stab1, Stac3, Stag2, Stap1, Star, Stard13, Stard7, Stat1, Stat2, Stat3, Stat4, Stat5a, Stat5b, Stat6, Stau1, Stau2, Stc1, Stc2, Steap4, Stfa1, Stfa2, Stfa2l1, Stfa3, Stil, Stim1, Stk11, Stk24, Stk25, Stk3, Stk33, Stk36, Stk4, Stk40, Stmn1, Stmn2, Stmn3, Stmn4, Ston2, Stox1, Stox2, Stra6, Stra8, Stradb, Strap, Strbp, Strc, Strip1, Strip2, Strn, Stx1b, Stx2, Stx3, Stxbp1, Stxbp3, Stxbp5, Styx, Styxl1, Suco, Suds3, Sufu, Sulf1, Sulf2, Sult1b1, Sult1e1, Sult2b1, Sult4a1, Sumo1, Sun1, Sun2, Sun5, Supt20, Supt6, Suv39h1, Suv39h2, Suz12, Svbp, Svep1, Svet1, Svil, Svs3a, Svs3b, Swap70, Syap1, Sybu, Syce3, Sycp1, Sycp2, Sycp3, Syde1, Syf2, Syk, Syn1, Syna, Synb, Syndig1, Syne1, Syne2, Syne3, Syne4, Syngap1, Synj1, Synj2bp, Synpo2l, Sypl2, Syt1, Syt17, Syt2, Syt3, Syt4, Syvn1, Szt2, T, T2, Tab1, Tab2, Tacc1, Tacc2, Tacc3, Tacstd2, Tada2a, Tada3, Taf10, Taf4, Taf4b, Taf5l, Taf6l, Taf7l, Taf8, Tafa1, Tafa5, Tafazzin, Tagln, Tagln2, Tal1, Tal2, Tanc1, Tanc2, Taok1, Taok2, Taok3, Tapt1, Tarbp2, Tasor, Tbata, Tbc1d20, Tbc1d21, Tbc1d23, Tbc1d24, Tbc1d32, Tbcb, Tbccd1, Tbcd, Tbce, Tbl1x, Tbl1xr1, Tbpl1, Tbr1, Tbx1, Tbx10, Tbx15, Tbx18, Tbx19, Tbx2, Tbx20, Tbx21, Tbx22, Tbx3, Tbx4, Tbx5, Tbx6, Tbxa2r, Tcaf2, Tcap, Tcea1, Tcf12, Tcf15, Tcf21, Tcf23, Tcf24, Tcf3, Tcf4, Tcf7, Tcf7l1, Tcf7l2, Tcim, Tcirg1, Tcl1, Tcof1, Tcp11, Tcp11x2, Tcra, Tcra-V3.1, Tcta, Tctn1, Tdg, Tdp2, Tdrd1, Tdrd12, Tdrd5, Tdrd6, Tdrd7, Tdrd9, Tdrkh, Tdrp, Tead1, Tead2, Tead3, Tead4, Tecta, Tek, Tenm1, Tenm2, Tenm3, Tenm4, Tent2, Tent5a, Tent5c, Terb2, Terc, Terf2, Tert, Tesc, Tescl, Tesk1, Tesk2, Tesmin, Tespa1, Tet1, Tet2, Tex11, Tex15, Tex19.1, Tex19.2, Tfap2a, Tfap2b, Tfap2c, Tfap2d, Tfap4, Tfcp2l1, Tfdp1, Tfe3, Tfeb, Tff1, Tfip11, Tfpt, Tfrc, Tg, Tgfa, Tgfb1, Tgfb1i1, Tgfb2, Tgfb3, Tgfbi, Tgfbr1, Tgfbr2, Tgfbr3, Tgfbr3l, Tgif1, Tgif2, Tgm1, Tgm2, Tgm3, Th, Thap11, Thbd, Thbs1, Thbs2, Thbs3, Thbs4, Themis, Thoc2, Thoc2l, Thoc5, Thoc6, Thpo, Thra, Thrb, Thsd1, Thsd7a, Thy1, Tial1, Tiam1, Tiam2, Tie1, Tifab, Tigar, Timeless, Timp1, Timp2, Timp3, Tiparp, Tirap, Tjp1, Tjp2, Tjp3, Tlcd3b, Tle3, Tle5, Tle6, Tlk2, Tll1, Tll2, Tlr2, Tlr3, Tlr4, Tlr9, Tlx1, Tlx2, Tlx3, Tm2d3, Tm4sf1, Tm9sf5, Tmbim1, Tmc1, Tmed2, Tmeff2, Tmem100, Tmem106b, Tmem107, Tmem108, Tmem119, Tmem120a, Tmem120b, Tmem126a, Tmem131l, Tmem132e, Tmem135, Tmem143, Tmem14c, Tmem163, Tmem176a, Tmem176b, Tmem178, Tmem182, Tmem184a, Tmem190, Tmem203, Tmem204, Tmem215, Tmem231, Tmem232, Tmem30a, Tmem38b, Tmem41b, Tmem53, Tmem59l, Tmem64, Tmem65, Tmem67, Tmem79, Tmem91, Tmem94, Tmem98, Tmf1, Tmie, Tmigd1, Tmod1, Tmod2, Tmod3, Tmod4, Tmprss11f, Tmprss12, Tmprss13, Tmsb4x, Tmt1a, Tmt1a2, Tmt1a3, Tmtc3, Tmx2, Tnc, Tnf, Tnfaip2, Tnfaip3, Tnfaip6, Tnfrsf11a, Tnfrsf11b, Tnfrsf12a, Tnfrsf13b, Tnfrsf13c, Tnfrsf19, Tnfrsf1a, Tnfrsf1b, Tnfrsf21, Tnfrsf9, Tnfsf10, Tnfsf11, Tnfsf12, Tnfsf13, Tnfsf13b, Tnfsf14, Tnfsf18, Tnfsf4, Tnfsf8, Tnfsf9, Tnik, Tnk2, Tnks2, Tnmd, Tnn, Tnnc1, Tnni1, Tnni3, Tnnt1, Tnnt2, Tnnt3, Tnp1, Tnp2, Tnpo2, Tnr, Tnrc6a, Tnrc6c, Tns2, Tns3, Tnxb, Tob1, Tob2, Tollip, Tomm70a, Tomt, Top1, Top2a, Top2b, Topaz1, Tor1a, Tox, Tpbg, Tpd52, Tpgs1, Tph1, Tpi1, Tpm1, Tpm4, Tpo, Tpp1, Tppp, Tppp2, Tppp3, Tpra1, Tprn, Tpt1, Tra2b, Tradd, Traf3ip1, Traf3ip2, Traf4, Traf6, Traj18, Trak1, Trak2, Trappc2, Trappc4, Trappc6b, Trappc9, Treh, Trem2, Trex1, Trf, Trib1, Trib2, Trib3, Trim10, Trim11, Trim28, Trim32, Trim45, Trim46, Trim47, Trim54, Trim58, Trim6, Trim62, Trim63, Trim67, Trim71, Trim72, Trim8, Trio, Triobp, Trip10, Trip11, Trip12, Trip13, Trip4, Trip6, Trnp1, Trp53, Trp53bp1, Trp53bp2, Trp53inp1, Trp53inp2, Trp63, Trp73, Trpc4, Trpc4ap, Trpc5, Trpc6, Trpm1, Trpm2, Trpm4, Trps1, Trpv1, Trpv2, Trpv4, Tsc1, Tsc2, Tsc22d1, Tsc22d4, Tsg101, Tsga8, Tshr, Tshz1, Tshz3, Tsix, Tsku, Tslrn1, Tsnax, Tsnaxip1, Tspan12, Tspan18, Tspan2, Tspan8, Tspear, Tspo, Tspo2, Tssk1, Tssk2, Tssk3, Tssk4, Tssk5, Tssk6, Tst, Tsx, Ttbk2, Ttc12, Ttc21a, Ttc21b, Ttc3, Ttc36, Ttc39c, Ttc7, Ttc8, Ttc9, Ttl, Ttll1, Ttll3, Ttll4, Ttll5, Ttll7, Ttll8, Ttn, Ttpa, Ttyh1, Tub, Tuba1a, Tuba3a, Tuba3b, Tuba8, Tubb1, Tubb2a, Tubb2b, Tubb3, Tubb5, Tubgcp2, Tuft1, Tug1, Tulp1, Tulp3, Tunar, Tusc2, Tut4, Tut7, Twf1, Twf2, Twist1, Twist2, Twsg1, Txk, Txlng, Txndc2, Txndc8, Txnip, Txnrd1, Txnrd2, Txnrd3, Tyk2, Tymp, Tyms, Tyr, Tyro3, Tyrobp, Tyrp1, Uba5, Uba6, Ubash3b, Ubb, Ubd, Ube2a, Ube2b, Ube2j1, Ube2m, Ube2q1, Ube2v2, Ube3a, Ube3b, Ube4b, Ubiad1, Ubn1, Ubp1, Ubr2, Ubr3, Ubtfl1, Uchl1, Uchl3, Uchl5, Ucma, Ucn, Ucp1, Ucp2, Ufc1, Ufl1, Ufm1, Ugcg, Ugdh, Ugp2, Ugt1a1, Ugt1a7c, Ugt1a8, Ugt1a9, Ugt8a, Uhmk1, Uhrf2, Ulk1, Ulk2, Ulk4, Umod, Umodl1, Umps, Unc119, Unc119b, Unc13a, Unc13b, Unc13d, Unc45a, Unc45b, Unc5a, Unc5b, Unc5c, Unc5d, Unc79, Unc93b1, Uncx, Ung, Unk, Upb1, Upf2, Upf3a, Upf3b, Upk1a, Upk1b, Upk2, Upk3a, Uprt, Uqcc2, Uqcrq, Usf2, Usf3, Ush1c, Ush1g, Ush2a, Usp1, Usp17lc, Usp19, Usp2, Usp20, Usp21, Usp26, Usp33, Usp42, Usp44, Usp45, Usp9x, Uspl1, Ust, Utp11, Utp14b, Utp25, Utp3, Utrn, Uts2, Uts2r, Uty, Vamp5, Vamp7, Vangl2, Vapa, Vash1, Vash2, Vasn, Vasp, Vat1, Vav1, Vav2, Vav3, Vax1, Vax2, Vax2os, Vcam1, Vcan, Vcl, Vdac1, Vdac3, Vdr, Vegfa, Vegfb, Vegfc, Vegfd, Vezf1, Vezt, Vgf, Vgll2, Vgll4, Vhl, Vil1, Vim, Vipas39, Vit, Vkorc1, Vldlr, Vmn1r13, Vmn1r214, Vmn2r1, Vmn2r120, Vmn2r26, Vmn2r65, Vmn2r74, Vmn2r81, Vmn2r82, Vmn2r83, Vmp1, Vnn1, Vpreb1a, Vpreb1b, Vps13a, Vps13b, Vps33a, Vps33b, Vps35, Vps4a, Vps4b, Vps51, Vps52, Vps54, Vps72, Vrk1, Vrk3, Vsig1, Vsir, Vstm2a, Vstm4, Vstm5, Vsx1, Vsx2, Vtn, Vwc2, Vwc2l, Vwf, Vxn, Wars1, Wars2, Wasf1, Wasf2, Wasf3, Washc1, Washc5, Wasl, Wbp1l, Wdfy2, Wdpcp, Wdr1, Wdr11, Wdr19, Wdr36, Wdr37, Wdr38, Wdr43, Wdr47, Wdr48, Wdr5, Wdr62, Wdr7, Wdr72, Wdr74, Wdr77, Wdr83, Wdr89, Wdtc1, Wee1, Wee2, Wfdc21, Wfikkn1, Wfikkn2, Wfs1, Whrn, Wif1, Wipf3, Wls, Wnk1, Wnk4, Wnt1, Wnt10a, Wnt10b, Wnt11, Wnt16, Wnt2, Wnt2b, Wnt3, Wnt3a, Wnt4, Wnt5a, Wnt5b, Wnt6, Wnt7a, Wnt7b, Wnt8a, Wnt8b, Wnt9a, Wnt9b, Wt1, Wtip, Wwc1, Wwc2, Wwox, Wwp1, Wwtr1, Xab2, Xbp1, Xdh, Xirp1, Xirp2, Xist, Xk, Xkr4, Xkr6, Xkr7, Xkr8, Xlr, Xlr3a, Xlr3b, Xlr3c, Xlr4a, Xlr4b, Xlr4c, Xlr5a, Xlr5b, Xlr5c, Xpa, Xrcc1, Xrcc2, Xrcc4, Xrcc5, Xrcc6, Xrn2, Xylt1, Yap1, Ybx1, Ybx2, Ybx3, Yeats2, Yes1, Yif1b, Yipf3, Yipf6, Yjefn3, Yme1l1, Ypel4, Ythdc1, Ythdc2, Ythdf1, Ythdf2, Ythdf3, Ywhae, Ywhag, Ywhah, Ywhaz, Yy1, Zap70, Zar1, Zar1l, Zbed3, Zbed6, Zbtb1, Zbtb14, Zbtb16, Zbtb17, Zbtb18, Zbtb24, Zbtb32, Zbtb42, Zbtb45, Zbtb46, Zbtb7a, Zbtb7b, Zbtb7c, Zc3h12a, Zc3h13, Zc3h8, Zc4h2, Zcchc24, Zcwpw1, Zdbf2, Zdhhc12, Zdhhc15, Zdhhc16, Zdhhc17, Zdhhc2, Zdhhc20, Zdhhc21, Zdhhc6, Zdhhc7, Zdhhc8, Zeb1, Zeb2, Zfand5, Zfas1, Zfat, Zfhx2, Zfhx3, Zfp14, Zfp157, Zfp212, Zfp219, Zfp24, Zfp281, Zfp296, Zfp322a, Zfp335, Zfp35, Zfp354c, Zfp36, Zfp365, Zfp36l1, Zfp36l2, Zfp37, Zfp385a, Zfp39, Zfp41, Zfp418, Zfp42, Zfp420, Zfp422, Zfp423, Zfp449, Zfp469, Zfp488, Zfp503, Zfp513, Zfp516, Zfp521, Zfp536, Zfp541, Zfp568, Zfp57, Zfp608, Zfp609, Zfp628, Zfp64, Zfp640, Zfp683, Zfp689, Zfp703, Zfp706, Zfp750, Zfp784, Zfp800, Zfp804a, Zfp830, Zfp932, Zfp950, Zfp980, Zfpm1, Zfpm2, Zfx, Zfy2, Zfyve19, Zfyve27, Zglp1, Zhx2, Zhx3, Zic1, Zic2, Zic3, Zic4, Zic5, Zmiz1, Zmpste24, Zmym3, Zmym4, Zmym6, Zmynd12, Zmynd15, Zmynd8, Zng1, Znhit1, Znrf3, Zp3, Zpbp, Zpbp2, Zpr1, Zranb1, Zscan10, Zscan2, Zscan21, Zscan4a, Zscan4b, Zscan4c, Zswim6, Zswim9, Zzef1, Zzz3
GO:0007267	cell-cell signaling	1501	44	21.87	9.2e-06	0.0027324	2510002D24Rik, 2610042L04Rik, Aacs, Abat, Abca1, Abca12, Abcc4, Abcc8, Abcg1, Abhd6, Abi1, Abl1, Abr, Abtb3, Ace, Ache, Acp4, Acsl4, Acvr1c, Acvr2a, Acvr2b, Adam17, Adam8, Adarb1, Adcy1, Adcy5, Adcy8, Adcyap1, Adgrb1, Adipoq, Adnp, Adora1, Adora2a, Adora2b, Adora3, Adra1a, Adra1b, Adra1d, Adra2a, Adrb1, Adrb2, Afdn, Ager, Agrn, Agt, Agtr1a, Agtr2, Aimp1, Akap12, Akap5, Akap7, Aldh5a1, Alg13, Alox5, Als2, Anapc2, Ank2, Anks1b, Ano1, Anxa1, Anxa5, Anxa7, Anxa9, Apba1, Apba2, Apba3, Aph1b, Aph1c, Apln, Apoe, App, Aqp1, Arc, Arf1, Arhgap44, Arhgef7, Arid1b, Arrb1, Arrb2, Asic1, Atad1, Atf4, Atg5, Atg7, Atp1a3, Atp2a2, Atp2b2, Atp5pf, Atxn1, Bace1, Bad, Baiap2, Baiap3, Barx1, Bcas3, Bche, Bcl2l1, Bcr, Bdnf, Begain, Best1, Bglap, Bglap2, Bhlha15, Birc5, Blk, Bmal1, Bmp2, Bmp4, Bmp6, Braf, Brsk1, Brsk2, Bsn, Btbd9, Btk, C1qtnf1, C1qtnf12, C1qtnf3, C2cd2l, Cabp1, Cacna1a, Cacna1b, Cacna1c, Cacna1d, Cacna1e, Cacna1g, Cacna2d1, Cacna2d2, Cacnb1, Cacnb2, Cacnb3, Cacnb4, Cacng2, Cacng3, Cacng4, Cacng5, Cacng7, Cacng8, Cadm1, Cadps, Cadps2, Calb1, Calb2, Calhm2, Camk2a, Camk2b, Camk2d, Camk2g, Camk2n1, Camk4, Camkv, Capn10, Car2, Car7, Cartpt, Cask, Casr, Cav2, Cbln1, Cbln2, Cbln4, Ccdc186, Cck, Cckar, Cckbr, Ccl2, Ccl3, Ccl5, Ccl8, Ccn3, Ccr1, Ccr1l1, Ccr2, Ccr5, Cd24a, Cd2ap, Cd300a, Cd34, Cd38, Cd68, Cdc20, Cdh1, Cdh11, Cdh2, Cdh8, Cdk16, Cdk5, Cdk5r1, Cdkl5, Cela2a, Celf4, Celf6, Cep89, Cfl1, Cftr, Cga, Cgas, Chat, Chd7, Chga, Chmp2b, Chrd, Chrdl1, Chrm1, Chrm2, Chrm3, Chrm4, Chrm5, Chrna1, Chrna10, Chrna2, Chrna3, Chrna4, Chrna5, Chrna6, Chrna7, Chrna9, Chrnb1, Chrnb2, Chrnb3, Chrnb4, Chrnd, Chrne, Chrng, Cit, Ckap5, Clcf1, Clcn3, Clmp, Cln3, Clock, Clstn1, Clstn2, Clstn3, Cltrn, Cnih2, Cnih3, Cnr1, Cnr2, Cnrip1, Cntf, Cntn2, Cntnap2, Cntnap4, Comt, Cpe, Cpeb1, Cpeb2, Cpeb3, Cplx1, Cplx2, Cplx3, Cplx4, Cpt1a, Creb1, Crh, Crhbp, Crhr1, Crhr2, Crkl, Crtc1, Cry1, Cry2, Cspg5, Ctbp2, Ctnnb1, Ctnnd2, Cux2, Cx3cl1, Cx3cr1, Cxadr, Cxcl12, Cxcl13, Cyb5r4, Cyfip1, Cyp19a1, Cyp27b1, Cyp2j5, Cyp46a1, Cyth1, Dab2, Dag1, Dagla, Dbi, Dbn1, Dcc, Dcdc2a, Dgat1, Dgkb, Dgke, Dgki, Dhh, Dio2, Disc1, Dkk1, Dlg1, Dlg2, Dlg3, Dlg4, Dlgap1, Dlgap2, Dlgap3, Dlgap4, Dll1, Dmd, Dmpk, Dmxl2, Dnm1, Dnm1l, Doc2a, Doc2b, Doc2g, Drd1, Drd2, Drd3, Drd4, Drd5, Drp2, Dscam, Dtna, Dtnb, Dtnbp1, Dvl1, Dynll1, Dytn, Ecrg4, Edn1, Edn2, Edn3, Ednrb, Eea1, Efna5, Efnb3, Efr3a, Egfr, Egr1, Egr2, Egr3, Eif2ak4, Eif4a3, Eif4a3l1, Eif4a3l2, Eif4e, Eif4ebp2, Eipr1, Elfn1, Elfn2, Enpp1, Ensa, Entpd1, Eny2, Epha4, Epha5, Epha7, Ephb1, Ephb2, Erbb4, Erc1, Erc2, Ereg, Etv5, Exoc3l, Exoc4, Ext1, Ezh2, F2, F2r, F2rl1, F2rl2, Faah, Fabp5, Fam107a, Fam3a, Fam3b, Fam3d, Farp1, Fbn1, Fbxl20, Fbxo2, Fbxo41, Fbxo45, Fcer1a, Fcer1g, Fcgr2b, Fcgr3, Fchsd1, Fchsd2, Ffar1, Ffar2, Ffar3, Ffar4, Fga, Fgb, Fgf10, Fgf12, Fgf14, Fgf2, Fgf22, Fgf23, Fgf7, Fgf9, Fgfbp1, Fgfbp3, Fgfr1, Fgfr2, Fgfr3, Fgfr4, Fgg, Fjx1, Fkbp1b, Flna, Flot1, Fmr1, Foxa1, Foxa2, Foxd1, Foxl1, Foxl2, Foxo1, Frrs1l, Fto, Fxr1, Fxr2, Fyn, Fzd1, Fzd2, Fzd4, G6pc2, Gabbr1, Gabbr2, Gabra1, Gabra2, Gabra3, Gabra4, Gabra5, Gabra6, Gabrb1, Gabrb2, Gabrb3, Gabrd, Gabre, Gabrg1, Gabrg2, Gabrg3, Gabrq, Gabrr1, Gabrr2, Gal, Galr1, Gata1, Gata3, Gata4, Gcg, Gck, Gdf9, Gdnf, Gfap, Ghrh, Ghrhr, Ghrl, Ghsr, Gip, Gipc1, Gipr, Git1, Git2, Gja1, Gja10, Gja3, Gja4, Gja5, Gja6, Gja8, Gjb1, Gjb2, Gjb3, Gjb4, Gjb5, Gjb6, Gjc1, Gjc2, Gjc3, Gjd2, Gjd3, Gjd4, Gje1, Glp1r, Glra1, Glra2, Glra3, Glra4, Glrb, Gls, Glud1, Glul, Gm5849, Gna11, Gnai1, Gnai2, Gnal, Gnao1, Gnaq, Gnas, Gnat1, Gnaz, Gper1, Gpld1, Gpnmb, Gpr119, Gpr151, Gpr156, Gpr158, Gpr27, Gpr39, Gpr68, Gprc6a, Grem1, Gria1, Gria2, Gria3, Gria4, Grid1, Grid2, Grid2ip, Grik1, Grik2, Grik3, Grik4, Grik5, Grin1, Grin2a, Grin2b, Grin2c, Grin2d, Grin3a, Grin3b, Grip1, Grip2, Grk2, Grm1, Grm2, Grm3, Grm4, Grm5, Grm6, Grm7, Grm8, Grp, Gsk3b, Gucy1a1, Hadh, Hap1, Hapln4, Hcar2, Hcfc1, Hcn4, Hcrt, Hdac6, Hes1, Hfe, Hgf, Hif1a, Hilpda, Hip1, Hmga1, Hmga2, Hmgcr, Hmgn3, Hnf1a, Hnf1b, Hnf4a, Hnrnpk, Homer1, Homer3, Hoxa5, Hras, Hrh1, Hrh2, Hrh3, Hrh4, Htr1a, Htr1b, Htr1d, Htr1f, Htr2a, Htr2b, Htr2c, Htr3a, Htr3b, Htr4, Htr5a, Htr5b, Htr6, Htr7, Htt, Ica1, Ifng, Igf1, Igf1r, Igfbp3, Igh-7, Igsf11, Igsf21, Igsf8, Igsf9b, Ihh, Il11, Il1a, Il1b, Il1rap, Il1rapl1, Il1rn, Il6, Ildr1, Ildr2, Ina, Inha, Inhba, Inhbb, Insyn1, Insyn2a, Iqsec1, Iqsec2, Irs1, Irs2, Isl1, Itgb1, Itpka, Itpr1, Itpr3, Itsn1, Itsn2, Jagn1, Jak2, Jph3, Jph4, Kalrn, Kat2a, Kcmf1, Kcna2, Kcna5, Kcnb1, Kcnc3, Kcnc4, Kcnd3, Kcne5, Kcnh1, Kcnip1, Kcnj10, Kcnj11, Kcnj5, Kcnj6, Kcnj8, Kcnk2, Kcnk9, Kcnma1, Kcnn2, Kcnn4, Kcnq1, Kcnq2, Kcnq3, Kcnq4, Kctd13, Kdm5b, Kdr, Kif1b, Kif5b, Kiss1, Kiss1r, Kit, Klf5, Klf7, Kmo, Kmt2a, Kpna1, Kpna2, Kpna4, Kras, L1cam, Lama2, Lamp5, Large1, Lep, Lepr, Lgals3, Lgi1, Lgmn, Lhx1, Lhx5, Lif, Lin7a, Lin7b, Lin7c, Lnpep, Lrfn2, Lrit3, Lrp1, Lrp5, Lrp6, Lrp8, Lrrc4, Lrrc4c, Lrrc8a, Lrrk2, Lrrtm1, Lrrtm2, Ltbp4, Ly6a, Ly6c1, Ly6c2, Ly6e, Ly6f, Ly6g, Ly6g2, Ly6g6d, Ly6g6e, Ly6g6g, Ly6h, Ly6i, Ly6m, Lyn, Lynx1, Lypd1, Lzts1, Madd, Mafa, Maob, Map1a, Map1b, Map2k6, Map4k4, Mapk1, Mapk3, Mapk8, Mapk8ip2, Mapk9, Mapt, Mc4r, Mctp1, Mctp2, Mcu, Mdm2, Mecp2, Mef2c, Met, Mfn2, Mgll, Micu3, Midn, Mif, Mink1, Mir100, Mir101a, Mir101b, Mir106a, Mir106b, Mir124-2hg, Mir124a-1hg, Mir125a, Mir125b-1, Mir125b-2, Mir126a, Mir127, Mir128-1, Mir128-2, Mir129, Mir129-1, Mir129-2, Mir130a, Mir132, Mir134, Mir137, Mir138-1, Mir138-2, Mir145a, Mir148b, Mir149, Mir150, Mir151, Mir153, Mir15a, Mir17, Mir181a-1, Mir181a-2, Mir181b-1, Mir181b-2, Mir181c, Mir181d, Mir187, Mir191, Mir195a, Mir1983, Mir19a, Mir19b-1, Mir19b-2, Mir200a, Mir204, Mir20a, Mir211, Mir218, Mir218-1, Mir218-2, Mir22, Mir221, Mir222, Mir23a, Mir23b, Mir24-1, Mir24-2, Mir25, Mir26a-1, Mir26a-2, Mir26b, Mir28a, Mir29a, Mir29b-1, Mir29b-2, Mir300, Mir301b, Mir30a, Mir30b, Mir30c-1, Mir30c-2, Mir30d, Mir30e, Mir320, Mir324, Mir328, Mir330, Mir337, Mir338, Mir342, Mir345, Mir369, Mir374b, Mir378a, Mir379, Mir381, Mir382, Mir383, Mir384, Mir410, Mir411, Mir421, Mir425, Mir433, Mir434, Mir467a-1, Mir467a-10, Mir467a-2, Mir467a-3, Mir467a-4, Mir467a-5, Mir467a-6, Mir467a-7, Mir467a-8, Mir467a-9, Mir467b, Mir484, Mir486, Mir487b, Mir500, Mir501, Mir539, Mir540, Mir541, Mir551b, Mir652, Mir667, Mir672, Mir673, Mir674, Mir7-1, Mir7-2, Mir744, Mir760, Mir770, Mir7b, Mir872, Mir875, Mir9-1, Mir9-2, Mir9-3, Mir92-1, Mir92-2, Mir92b, Mir93, Mir98, Mir99a, Mirlet7c-1, Mirlet7c-2, Mirlet7d, Mirlet7e, Mirlet7f-1, Mirlet7f-2, Mirlet7i, Mme, Mmp9, Mpc2, Mpp2, Mtmr2, Mtnr1a, Mtnr1b, Mtor, Mup1, Mup11, Mup2, Mup3, Mup4, Mup5, Musk, Myb, Mycbpap, Myh9, Mylk2, Myo5a, Myo5b, Myo6, Myrip, Myt1, n-TIaat17, n-TRtct5, Nadk, Nalcn, Napa, Napb, Nat8l, Ncam1, Ncan, Ncdn, Ncoa6, Ncs1, Ncstn, Ndufaf2, Nedd4, Nefh, Nefl, Nell2, Neo1, Neto1, Neurl1a, Neurod1, Neurod2, Nf1, Nfatc4, Nfe2, Ngdn, Ngf, Ngfr, Niban2, Nisch, Nkx3-1, Nkx6-1, Nlgn1, Nlgn2, Nlgn3, Nlgn4l, Nmb, Nmu, Nnat, Nodal, Nog, Nos1, Nos2, Notch1, Npas4, Npff, Nppa, Nppc, Npr2, Nps, Nptn, Npvf, Npy, Npy1r, Npy2r, Npy5r, Nr0b2, Nr1d1, Nr1h4, Nr2e1, Nr3c1, Nr3c2, Nr4a1, Nrg1, Nrg3, Nrgn, Nrn1, Nrxn1, Nrxn2, Nrxn3, Nsg1, Nsmf, Ntf3, Ntf5, Ntng1, Ntng2, Ntrk1, Ntrk2, Ntsr1, Nucb2, Nup155, Nxph1, Nxph4, Oga, Ophn1, Oprk1, Oprl1, Oprm1, Or51e2, Orai1, Osbp, Osbpl2, Osm, Otof, Oxct1, Oxt, Oxtr, P2rx1, P2rx2, P2rx3, P2rx4, P2rx6, P2rx7, P2ry1, P2ry12, P2ry2, P2ry4, Pacsin2, Pafah1b1, Paip2, Pak1, Panx1, Panx2, Panx3, Park7, Pask, Pate4, Pate6, Pax8, Pcdh17, Pcdh8, Pck2, Pclo, Pcp4, Pde1c, Pde3b, Pde4a, Pde4c, Pde8b, Pde9a, Pdgfa, Pdgfb, Pdlim4, Pdx1, Pdyn, Pdzd11, Penk, Per2, Pex5l, Pfkfb2, Pfkl, Pfkm, Pfn1, Pfn2, Pgr, Phf24, Pianp, Pick1, Pim3, Pink1, Pirb, Piwil4, Pkp2, Pla2g10, Pla2g3, Pla2g4a, Pla2g6, Plat, Plcb1, Plcb4, Plcd1, Plcg1, Plcl1, Plcl2, Plg, Plk2, Plppr4, Pmch, Pnkd, Pnoc, Pomc, Porcn, Ppard, Pparg, Ppfia2, Ppfia3, Ppp1r9a, Ppp3ca, Ppp3cb, Ppp3r1, Ppt1, Prepl, Prkaca, Prkar1a, Prkar1b, Prkar2a, Prkar2b, Prkca, Prkcb, Prkce, Prkcg, Prkcz, Prkd1, Prkn, Prnp, Prr7, Prrt1, Prrt2, Psca, Psen1, Psen2, Psmc5, Psmd9, Ptbp1, Ptchd1, Pten, Ptger3, Ptger4, Ptges, Ptgs1, Ptgs2, Pth, Ptk2, Ptk2b, Ptn, Ptpmt1, Ptpn11, Ptpn23, Ptpn5, Ptpra, Ptprd, Ptprn, Ptprn2, Ptprs, Ptprv, Pvalb, Pxk, Rab11a, Rab11b, Rab11fip1, Rab11fip2, Rab11fip3, Rab11fip5, Rab1a, Rab3a, Rab3b, Rab3gap1, Rab3gap2, Rab44, Rab5a, Rab8a, Rab8b, Rac1, Rac3, Raf1, Rangrf, Rap1a, Rap1b, Rapgef2, Rapgef4, Rapsn, Rara, Rasd2, Rasgrf1, Rasgrf2, Rasl10b, Rbm4, Rbp4, Rela, Reln, Ren1, Rest, Retn, Rfx3, Rfx6, Rgs10, Rgs14, Rgs4, Rgs8, Rhot1, Ric3, Rimbp2, Rims1, Rims2, Rims3, Rims4, Rin1, Rnf10, Rnf167, Rnf19a, Rnf216, Ror2, Rph3a, Rph3al, Rps6kb1, Rptor, Rtn4, Runx1, Ryr2, S100a8, S100a9, S100b, S1pr2, Scg5, Scgn, Scn10a, Scn1b, Scn3b, Scn4b, Scn5a, Scrib, Sct, Sctr, Selenom, Selenot, Septin5, Serp1, Serpine2, Sez6, Sfrp1, Sh2d1a, Sh3gl1, Shank1, Shank2, Shank3, Shc3, Shh, Shisa6, Shisa7, Shisa8, Shisa9, Sidt2, Sipa1l1, Sirt1, Sirt3, Sirt4, Sirt6, Slc12a2, Slc12a4, Slc12a5, Slc12a6, Slc12a7, Slc16a1, Slc16a10, Slc16a2, Slc17a6, Slc17a7, Slc17a8, Slc18a1, Slc18a2, Slc18a3, Slc1a1, Slc1a3, Slc1a7, Slc24a1, Slc24a2, Slc25a22, Slc29a1, Slc2a2, Slc30a1, Slc30a8, Slc38a1, Slc38a2, Slc44a4, Slc4a10, Slc4a8, Slc5a7, Slc6a1, Slc6a2, Slc6a4, Slc6a5, Slc6a6, Slc6a9, Slc7a10, Slc7a11, Slc8a2, Slc8a3, Slc8b1, Slc9b2, Slitrk3, Slitrk5, Slurp2, Smad2, Smad4, Smo, Smpd3, Snap23, Snap25, Snap29, Snap47, Snap91, Snapin, Snca, Sncaip, Sncb, Sncg, Snord32a, Snord33, Snord34, Snord35a, Snx14, Snx19, Snx4, Sorbs1, Sorbs2, Sorcs2, Sorcs3, Sox11, Sox4, Spg11, Sphk1, Spp1, Sptbn2, Sqstm1, Srebf1, Srf, Sri, Ssh1, Sstr5, Stab1, Stac3, Star, Stat3, Stau1, Stau2, Stim1, Ston2, Stx11, Stx19, Stx1a, Stx1b, Stx2, Stx3, Stx4a, Stxbp1, Stxbp2, Stxbp3, Stxbp4, Stxbp5, Stxbp5l, Sucnr1, Sv2a, Sv2b, Sv2c, Syap1, Sybu, Syde1, Syk, Syn1, Syn2, Syn3, Syngap1, Syngr1, Syngr3, Synj1, Synpo, Synpr, Syp, Syt1, Syt10, Syt11, Syt12, Syt13, Syt2, Syt3, Syt4, Syt5, Syt6, Syt7, Syt8, Syt9, Sytl4, Tac1, Tacr1, Tacr2, Tardbp, Tbc1d1, Tbc1d24, Tbx18, Tbx3, Tbx5, Tcf7l2, Tcirg1, Tenm2, Tent2, Tfap2b, Tfr2, Tgm2, Th, Thy1, Tiam1, Tm2d3, Tm7sf3, Tmem108, Tmem132a, Tmem25, Tmf1, Tmod2, Tnc, Tnf, Tnfrsf11a, Tnfrsf1b, Tnfsf11, Tnr, Tor1a, Tpbg, Tpgs1, Tprg1l, Trh, Trim9, Trio, Trp63, Trpa1, Trpc1, Trpm2, Trpm4, Trpm5, Trpv1, Trpv4, Trpv6, Tsc2, Tshz3, Tspo, Tspoap1, Tubb2b, Tunar, Tyrobp, Ube2i, Ube2q1, Ube3a, Ucn, Ucn2, Ucn3, Ucp2, Unc13a, Unc13b, Unc13c, Uqcc2, Usp14, Usp46, Usp8, Utrn, Uts2, Vamp1, Vamp2, Vamp7, Vamp8, Vdac1, Vdac3, Vdr, Vgf, Vip, Vps13a, Vps18, Vps35, Vps54, Vsnl1, Wls, Wnk1, Wnk4, Wnt1, Wnt10a, Wnt10b, Wnt11, Wnt2, Wnt2b, Wnt3, Wnt3a, Wnt4, Wnt5a, Wnt5b, Wnt6, Wnt7a, Wnt8b, Wnt9b, Xbp1, Xlr4a, Xlr4b, Ythdf1, Ywhag, Ywhah, Ywhaz, Zbed6, Zdhhc12, Zdhhc17, Zdhhc2, Zdhhc3, Zmynd8, Zzef1
GO:0008104	protein localization	2688	67	39.16	9.7e-06	0.0028028	1700009N14Rik, 2700049A03Rik, 4930550C14Rik, 4933427D14Rik, 5730455P16Rik, A1cf, Aaas, Aacs, Aagab, Aak1, Abat, Abca1, Abca12, Abca2, Abca7, Abcb1a, Abcb9, Abcc8, Abcg1, Abhd17a, Abhd17b, Abhd17c, Abi3, Abl1, Abl2, Abra, Acd, Acsl3, Acsl4, Actb, Actg1, Actn2, Actn4, Actr3, Acvr1c, Acvr2b, Adam10, Adam11, Adam22, Adam9, Adar, Adcy10, Adcy5, Adcy6, Adcy8, Adcyap1, Adgrv1, Adipoq, Adora1, Adora2a, Adra2a, Adrb1, Adtrp, Afdn, Afg2b, Afm, Aftph, Agap1, Agap2, Agap3, Ager, Agk, Agr2, Agrn, Agt, Agtr1a, Agtr2, Ahctf1, Ahcyl1, Ahi1, Ahr, Aifm1, Aip, Airn, Ajuba, Akain1, Akap1, Akap10, Akap11, Akap3, Akap4, Akap5, Akap7, Akap8, Akirin2, Akt1, Akt2, Aktip, Alox5, Als2, Als2cl, Amn, Amot, Amotl2, Ang, Ang2, Ang3, Ang4, Ang5, Ang6, Angpt1, Ank1, Ank2, Ank3, Ankle1, Ankrd1, Ankrd10, Ankrd13a, Ankrd13c, Ankrd27, Ankrd6, Ankrd66, Anks4b, Ano1, Anp32b, Anxa1, Anxa2, Anxa5, Anxa7, Ap1ar, Ap1b1, Ap1g1, Ap1g2, Ap1m1, Ap1m2, Ap1s1, Ap1s2, Ap1s3, Ap2a1, Ap2a2, Ap2b1, Ap2m1, Ap2s1, Ap3b1, Ap3b2, Ap3d1, Ap3m1, Ap3m2, Ap3s1, Ap3s2, Ap4b1, Ap4e1, Ap4m1, Ap4s1, Ap5b1, Ap5m1, Ap5s1, Ap5z1, Apba1, Apba2, Apba3, Apbb1, Apbb3, Apc, Aplf, Apob, Apobec1, Apoc2, Apoc2l, Apoc3, Apod, Apoe, App, Appbp2, Appl1, Appl2, Aqp11, Ar, Arcn1, Arf1, Arf2, Arf3, Arf4, Arf5, Arf6, Arfgap1, Arfgap2, Arfgap3, Arfgef1, Arfgef2, Arfip1, Arfip2, Arfrp1, Arhgap1, Arhgap33, Arhgap44, Arhgdia, Arhgdig, Arhgef16, Arhgef18, Arhgef5, Arhgef9, Arl1, Arl11, Arl13a, Arl13b, Arl14, Arl2, Arl2bp, Arl3, Arl4a, Arl4c, Arl4d, Arl5a, Arl5b, Arl5c, Arl6, Arl6ip1, Arl6ip5, Arl8a, Arl8b, Armcx3, Arpc2, Arrb1, Arrb2, Arrdc1, Arrdc2, Arrdc3, Arrdc4, Arrdc5, Arxes1, Arxes2, Asap1, Asb15, Asb3, Asic2, Asph, Aspscr1, Astn2, Atad1, Atcay, Atf2, Atg10, Atg13, Atg14, Atg16l1, Atg16l2, Atg3, Atg4a, Atg4b, Atg4c, Atg4d, Atg7, Atg9a, Atg9b, Atp13a1, Atp13a2, Atp1b1, Atp1b3, Atp2b4, Atp2c1, Atp2c2, Atp5if1, Atp6ap1, Atp6v1d, Atp8b1, Atr, Atrx, Atxn3, AU015836, Aup1, Aurka, Aurkb, Axin2, B3gat3, B3glct, B4galnt2, B9d1, Bad, Bag1, Bag3, Bag4, Bag6, Baiap2, Baiap3, Banp, Bard1, Bax, Bbc3, Bbip1, Bbs1, Bbs10, Bbs2, Bbs4, Bbs5, Bbs7, Bbs9, Bcap29, Bcap31, Bcl2, Bcl2l1, Bcl3, Bcl6, Bcr, Bcs1l, Becn1, Bet1, Bet1l, Bglap2, Bicd1, Bicd2, Bid, Bin3, Birc5, Blk, Bloc1s3, Bloc1s6, Blzf1, Bmal1, Bmp4, Bmper, Bnip1, Bnip3l, Bora, Braf, Brca1, Brca2, Brd2, Brd3, Brme1, Brsk2, Bsg, Bsn, Btf3, Bub1b, Bub3, C1ql2, C1ql3, C1qtnf12, C1qtnf3, C1qtnf5, C2cd2l, C2cd3, C2cd5, C9orf72, Cabp1, Cacna1a, Cacna1c, Cacna1d, Cacna1e, Cacna2d2, Cacnb1, Cacnb2, Cacnb3, Cacnb4, Cacng2, Cacng3, Cacng4, Cacng5, Cacng7, Cacng8, Cadm3, Cadps, Cadps2, Calcrl, Calr, Camk1, Camk2a, Camk2b, Camk2d, Camk2g, Camk2n1, Camk4, Caml, Camsap3, Capn10, Capn3, Card10, Carm1, Carmil2, Cartpt, Cask, Casr, Cav1, Cav2, Cav3, Cavin1, Cbl, Cbln1, Cbln4, Cby1, Cc2d2a, Cc2d2b, Ccdc120, Ccdc14, Ccdc186, Ccdc22, Ccdc39, Ccdc40, Ccdc47, Ccdc66, Ccdc68, Ccdc85c, Ccdc88a, Ccdc91, Ccdc93, Cchcr1, Cckar, Ccl2, Ccl5, Ccn3, Ccne1, Ccne2, Cct2, Cct3, Cct4, Cct5, Cct6a, Cct7, Cct8, Cd177, Cd200, Cd247, Cd24a, Cd2ap, Cd36, Cd38, Cd3g, Cd4, Cd53, Cd63, Cd68, Cd74, Cd81, Cdan1, Cdc42, Cdh1, Cdh2, Cdh5, Cdk1, Cdk16, Cdk20, Cdk5, Cdk5r1, Cdk5rap3, Cdk9, Cdkl5, Cdkn1a, Cdkn2a, Cela2a, Celsr1, Celsr2, Celsr3, Cemip, Cenpa, Cenpe, Cenpf, Cenpq, Cep120, Cep128, Cep131, Cep135, Cep192, Cep250, Cep290, Cep295, Cep350, Cep41, Cep55, Cep63, Cep68, Cep72, Cep78, Cep83, Cer1, Cetn2, Cetn3, Cfap53, Cfap58, Cfap70, Cfl1, Cftr, Cgnl1, Champ1, Chchd4, Chga, Chm, Chml, Chmp1a, Chmp1b, Chmp1b2, Chmp2a, Chmp2b, Chmp3, Chmp4b, Chmp4c, Chmp5, Chmp6, Chmp7, Chp1, Chp2, Chrd, Chrdl1, Chrm1, Chrm3, Cib1, Cit, Ciz1, Clasp2, Cldn18, Clec2i, Clic5, Clip1, Clip3, Cln3, Clock, Clstn1, Clstn3, Clta, Cltb, Cltc, Cltrn, Clu, Cmtm6, Cnep1r1, Cngb1, Cnih3, Cnih4, Cnpy4, Cnr1, Cnst, Cntln, Cntn2, Cntnap1, Cntnap2, Cog1, Cog2, Cog3, Cog4, Cog5, Cog6, Cog7, Cog8, Col1a1, Colq, Commd1, Comp, Comt, Copa, Copb1, Copb2, Cope, Copg1, Copg2, Copz1, Copz2, Coro1b, Coro1c, Coro2b, Coro7, Cox18, Cpap, Cpe, Cplane1, Cplane2, Cplx1, Cplx3, Cpt1a, Cracr2a, Crb1, Crb3, Crebbp, Crh, Crhr2, Cript, Crk, Crkl, Crocc, Cry2, Cse1l, Csk, Csnk1d, Csnk1e, Csnk2a1, Csrp3, Ctcf, Ctcfl, Ctdnep1, Ctdspl2, Ctnna1, Ctnnb1, Ctnnd1, Ctns, Ctsd, Cttn, Cttnbp2nl, Cubn, Cuta, Cwh43, Cyb5r4, Cyld, Cyp46a1, Cyp51, Cyren, D1Pas1, Dab2, Dag1, Dand5, Daxx, Dbn1, Dchs1, Dclk1, Dclk2, Dclk3, Dcp1a, Dcp1b, Dctn1, Dctn2, Ddit3, Ddrgk1, Ddx1, Ddx3x, Ddx4, Ddx42, Ddx5, Dennd10, Dennd1a, Dennd1b, Dennd2a, Dennd4c, Derl1, Derl2, Derl3, Desi1, Dgat1, Dgkd, Dhcr24, Dhx9, Diaph1, Diaph2, Disc1, Dkc1, Dlg1, Dlg2, Dlg3, Dlg4, Dlg5, Dlgap1, Dmap1, Dmbt1, Dmd, Dmtn, Dnaaf11, Dnaja1, Dnaja3, Dnajb2, Dnajb6, Dnajc1, Dnajc14, Dnajc15, Dnajc19, Dnajc27, Dnlz, Dnm1l, Dnm2, Doc2b, Dok7, Dop1a, Dop1b, Dph3, Dpp10, Dpp6, Drd1, Drd2, Drd3, Drd4, Dsg3, Dsp, Dtnbp1, Dtx3l, Duoxa1, Duoxa2, Dusp18, Dusp21, Dvl1, Dvl2, Dvl3, Dync2h1, Dynll1, Dynlt1a, Dynlt1b, Dynlt1c, Dynlt1f, Dyrk1a, Dzip1, Dzip1l, E230001N04Rik, E2f3, Ect2, Edem1, Edem2, Edn1, Ednra, Ednrb, Efcab7, Efna5, Efr3a, Efr3b, Egf, Egfr, Egr2, Ehbp1, Ehd1, Ehd2, Ehd3, Ehd4, Ei24, Eif2ak1, Eif2ak3, Eif3e, Eif4enif1, Eif4g1, Eipr1, Elavl1, Elfn1, Elfn2, Elmod1, Elmod3, Emc1, Emc10, Emc2, Emc3, Emc4, Emc6, Emc7, Emc8, Emc9, Emd, Emp2, Ensa, Entr1, Eny2, Ep300, Epb41, Epb41l1, Epb41l2, Epb41l3, Epb41l5, Epha2, Epha3, Epha5, Ephb2, Epm2a, Eps15, Epsti1, Erbb2, Erbb4, Erbin, Erc1, Ercc3, Ergic3, Erlec1, Erp29, Errfi1, Esam, Esco2, Esr1, Etv5, Exoc1, Exoc2, Exoc3, Exoc4, Exoc5, Exoc6, Exoc6b, Exoc7, Exoc8, Exph5, Ezh2, Ezr, F11r, F2, F2r, F2rl1, F2rl2, Faf2, Fam149b, Fam3a, Fam3b, Fam3d, Fam53a, Fam53b, Fam53c, Fam76b, Fam83d, Fam83h, Fam91a1, Farp1, Fbln5, Fbn1, Fbn2, Fbxo4, Fbxo7, Fbxw7, Fcer1g, Fcho2, Fchsd2, Fcnb, Fermt1, Fermt2, Ffar1, Ffar2, Ffar3, Fga, Fgb, Fgf10, Fgf13, Fgf7, Fgf9, Fgg, Fhip1a, Fhip1b, Filip1, Filip1l, Fis1, Fkbp1b, Fkbp8, Fkrp, Flna, Flot1, Flot2, Fmn2, Fndc1, Fnta, Folr1, Folr2, Foxa2, Foxj1, Foxo1, Fras1, Frat1, Frat2, Frey1, Frmd4a, Frmd6, Frmd8, Frmpd1, Frrs1l, Fsip2, Fto, Fuz, Fyb1, Fyb2, Fyn, Fzd9, G6pc2, Gabarap, Gabarapl2, Gak, Gapvd1, Gas2l1, Gas2l2, Gas6, Gas8, Gbf1, Gbp2, Gbp4, Gbp5, Gcc2, Gcg, Gck, Gckr, Gdap1, Gdi1, Gdi2, Get1, Get3, Get4, Gfap, Gfy, Gga1, Gga2, Gga3, Ggn, Ghrh, Ghrl, Ghsr, Gip, Gipc1, Gipr, Git1, Gja1, Gja5, Gle1, Gli3, Glipr1l1, Glis2, Glmp, Glp1r, Glrb, Glud1, Glul, Gm14461, Gm44504, Gna11, Gnai1, Gnao1, Gnaq, Gnas, Gnat2, Gnaz, Gngt1, Gnl3, Gnl3l, Gnptab, Golga2, Golga4, Golga7, Golga7b, Golph3, Golph3l, Golt1a, Golt1b, Gopc, Gorasp1, Gorasp2, Gosr1, Gosr2, Gpc1, Gpc2, Gpc3, Gpc4, Gpc5, Gpc6, Gpd1l, Gper1, Gphn, Gpihbp1, Gpld1, Gpm6b, Gpr119, Gpr137b, Gpr158, Gpr179, Gpr27, Gpr39, Gpr68, Gpr89, Gprc6a, Gpsm2, Gria2, Grid2, Grik2, Grik5, Grin1, Grin2a, Grin2b, Grin2c, Grin3b, Grip1, Grip2, Gripap1, Grk2, Grk3, Grpel1, Grpel2, Grxcr2, Gsdmd, Gsk3a, Gsk3b, Gsn, Guk1, H13, H1f5, H2-DMa, H2ac4, H2ax, Hacl1, Hadh, Hap1, Haspin, Hcar2, Hcfc1, Hcls1, Hcn1, Hdac3, Hdac6, Hdgf, Heatr3, Heatr5a, Heatr5b, Hectd1, Heg1, Hepacam, Herpud1, Hfe, Hgs, Hhex, Hif1a, Hikeshi, Hinfp, Hk1, Hk2, Hm629797, Hmga1, Hmgcr, Hmgn3, Hnf1a, Hnf1b, Hnf4a, Hnrnpk, Hnrnpm, Hnrnpu, Homer1, Hook1, Hook2, Hook3, Hpca, Hps1, Hps4, Hps6, Hpse, Hras, Hsp90aa1, Hsp90ab1, Hsp90b1, Hspa1l, Hspa4, Hspa5, Hspa8, Hspa9, Hspb1, Hspd1, Hspg2, Htatsf1, Htr1a, Htr2a, Htt, Hyal2, Hycc1, Hycc2, Ice1, Icmt, Id4, Idh2, Idua, Ier3ip1, Iffo1, Ifi27, Ifnb1, Ifng, Ift122, Ift140, Ift20, Ift22, Ift25, Ift27, Ift46, Ift56, Ift80, Ift88, Igf1, Igsf11, Igtp, Ik, Ikbkb, Ikzf1, Il10ra, Il12a, Il12b, Il13, Il1a, Il1b, Il1rn, Il33, Il6, Ildr1, Ildr2, Ilk, Ilrun, Immp1l, Immp2l, Impg2, Ing1, Inhbb, Inpp5e, Inpp5k, Inppl1, Ins1, Ins2, Insc, Insig1, Insig2, Ints13, Intu, Invs, Ipo11, Ipo13, Ipo4, Ipo5, Ipo7, Ipo8, Ipo9, Iqce, Iqgap1, Iqsec2, Irgm1, Irgm2, Irs1, Irs2, Isg15, Isl1, Ist1, Itga3, Itga4, Itga8, Itgal, Itgam, Itgb1, Itgb1bp1, Itgb2, Itgb2l, Itgb3, Itgb7, Itpr1, Itsn1, Jagn1, Jak1, Jak2, Jakmip1, Jam3, Jarid2, Jsrp1, Jup, Kalrn, Katna1, Kcna1, Kcnab2, Kcnb1, Kcnb2, Kcne1, Kcne2, Kcnip3, Kcnip4, Kcnj11, Kcnj6, Kcnj8, Kcnn4, Kcnq1, Kcnq2, Kcnq3, Kdelr1, Kdelr2, Kdelr3, Kdm1a, Khdc3, Kics2, Kif13a, Kif14, Kif17, Kif18a, Kif1a, Kif1b, Kif20a, Kif20b, Kif2c, Kif3a, Kif3b, Kif5a, Kif5b, Kif5c, Kifap3, Klc1, Klf5, Klf7, Klhl20, Klhl21, Knl1, Kntc1, Kpna1, Kpna2, Kpna2rt, Kpna3, Kpna4, Kpna6, Kpna7, Kpnb1, Kptn, Krt18, Krt20, Krt5, Ktn1, L1cam, Lama5, Lamp1, Lamp2, Lamp3, Lamp5, Lamtor1, Lamtor2, Lamtor3, Lamtor4, Lamtor5, Laptm5, Large1, Larp7, Larp7-ps, Lats1, Lats2, Lca5, Lcp1, Ldlrap1, Lef1, Lemd2, Lep, Lepr, Leprot, Lgals3, Lgals9, Lgi1, Lhcgr, Lhfpl4, Lilrb4a, Lilrb4b, Limk2, Lims1, Lin7a, Lin7b, Lin7c, Lman1, Lman2, Lman2l, Lmbrd1, Lmf1, Lmna, Lmnb1, Lmnb2, Lmtk2, Lonp2, Lrba, Lrig2, Lrit3, Lrp1, Lrp2, Lrp4, Lrp5, Lrp6, Lrrc15, Lrrc32, Lrrc4, Lrrc7, Lrrc8a, Lrrk2, Lrrtm1, Lrrtm4, Lrsam1, Lrwd1, Lsg1, Lsr, Ltbp1, Luzp1, Lypd1, Lypla1, Lyplal1, Lyst, Lztfl1, Lzts2, M6pr, Macf1, Macir, Macroh2a1, Macroh2a2, Madcam1, Madd, Mafa, Maged1, Magi2, Maip1, Mal, Malrd1, Mamdc4, Man1a, Map1a, Map2, Map2k1, Map4k4, Map7, Mapk1, Mapk10, Mapk14, Mapk15, Mapk8, Mapk8ip3, Mapk9, Mapre1, Mapre2, Mapre3, Mapt, Marchf5, Marcks, Mark3, Mark4, Marveld3, Mavs, Mc4r, Mcc, Mcfd2, Mcm3ap, Mcm8, Mcm9, Mcoln2, Mcph1, Mcrs1, Mcu, Mdc1, Mdfic, Mdm2, Meak7, Mecp2, Med1, Meig1, Mepce, Mesd, Mex3b, Mff, Mfhas1, Mfn2, Mfsd1, Mgarp, Mgat3, Mia2, Mia3, Micall1, Mid1, Mid2, Midn, Mief1, Mief2, Mipep, Mir130a, Mir200a, Mir208b, Mir410, Mis18a, Misp, Mlc1, Mlh3, Mlph, Mmd, Mmd2, Mmgt1, Mmp12, Mmp13, Mmp14, Mms22l, Moap1, Mon1a, Mon1b, Mon2, Morc3, Mosmo, Mpc2, Mpdz, Mpp4, Mpp7, Mprip, Mrap, Mrap2, Mrnip, Msh2, Msn, Msr1, Msx1, Mtbp, Mtch1, Mtch2, Mtcl1, Mterf4, Mtm1, Mtnr1a, Mtnr1b, Mtor, Mttp, Mtx1, Mtx2, Mup1, Mup11, Mup2, Mup3, Mup4, Mup5, Musk, Mvb12a, Mvb12b, Myadm, Mycbp2, Myh10, Myh9, Myl12a, Mylk, Myo18a, Myo1a, Myo1b, Myo1c, Myo1d, Myo5a, Myo5b, Myo6, Myo7a, Myom1, Myrip, Myt1, Nabp2, Naca, Nacad, Nadk, Nagpa, Napa, Napb, Napg, Nasp, Nbea, Nbeal1, Nbeal2, Nbl1, Nbn, Ncf1, Nckap1, Ncln, Ncoa4, Ncoa6, Ndc1, Ndel1, Ndfip1, Ndfip2, Ndp, Ndufa13, Ndufaf2, Necab2, Necap1, Necap2, Nectin1, Nectin3, Nedd1, Nedd4, Nedd4l, Nedd8, Nedd9, Negr1, Neo1, Neto1, Neto2, Neurl1b, Neurl3, Neurod1, Nf1, Nf2, Nfasc, Nfatc3, Nfkbia, Ngdn, Ngfr, Nherf1, Nherf2, Nherf4, Nhlrc1, Nin, Nipbl, Nkd2, Nkx3-1, Nkx6-1, Nlgn1, Nlgn2, Nlgn3, Nlrp5, Nmd3, Nme7, Nmt1, Nmt2, Nmu, Nnat, Nol3, Nol8, Nolc1, Nomo1, Nop53, Nos1, Nos2, Notch1, Notch4, Npc1, Npff, Nphp1, Nphp4, Nphs1, Nploc4, Npm1, Npnt, Nptn, Nptx1, Nptx2, Nptxr, Nr0b1, Nr0b2, Nr1d1, Nr1h2, Nr1h3, Nr1h4, Nr5a1, Nrarp, Nrcam, Nrp1, Nrros, Nrxn1, Nrxn2, Nrxn3, Nsd2, Nsf, Nsfl1c, Nsg1, Nuak2, Nubp1, Nucb1, Nudcd3, Numa1, Numb, Nup107, Nup133, Nup153, Nup155, Nup160, Nup188, Nup210, Nup214, Nup35, Nup37, Nup42, Nup43, Nup50, Nup50l, Nup54, Nup58, Nup62, Nup62cl, Nup85, Nup88, Nup93, Nup98, Nutf2, Nutf2-ps1, Nutf2-ps2, Nvl, Nxf1, Nxt1, Nxt2, Oaz1, Oaz2, Oaz3, Obsl1, Odad4, Odr4, Oga, Ogt, Olfm2, Ooep, Oprm1, Optn, Or51e2, Orai1, Ormdl3, Os9, Osbp, Osbpl8, Otog, Otogl, Otud7b, Oxa1l, Oxct1, P2rx7, P2ry1, P3h1, Pacrg, Pacs1, Pacs2, Pacsin1, Pacsin2, Padi6, Paf1, Pafah1b1, Pak1, Pak2, Pakap, Palm, Pals1, Pam16, Pan3, Paqr3, Pard3, Pard3b, Pard6a, Park7, Parl, Parp1, Parp11, Parp3, Parp9, Pax6, Pcare, Pcid2, Pck2, Pclo, Pcm1, Pcnt, Pcsk1, Pdcd10, Pdcd5, Pdcd5-ps, Pdcd6, Pdcd6ip, Pde1c, Pde3b, Pde4c, Pde8b, Pdpk1, Pdx1, Pdzd7, Pdzk1, Pecam1, Peg12, Per2, Pes1, Pex1, Pex10, Pex12, Pex13, Pex14, Pex16, Pex19, Pex2, Pex26, Pex3, Pex5, Pex5l, Pex6, Pex7, Pfkfb2, Pfkl, Pfkm, Pgap1, Pgap2, Pgr, Pgrmc1, Phaf1, Phax, Phb2, Phip, Phldb2, Phyhip, Pias1, Pias4, Pibf1, Picalm, Pick1, Pid1, Pigr, Pigw, Pik3c3, Pik3ca, Pik3r1, Pik3r2, Pik3r4, Pikfyve, Pim3, Pin1, Pin1rt1, Pink1, Pinx1, Pip5k1a, Pitpnm1, Piwil4, Pkd1, Pkdcc, Pkia, Pkig, Pkp1, Pkp2, Pkp3, Pla2g6, Plcb1, Plec, Plek, Plekha1, Plekhf1, Plekhf2, Plekhm1, Plekhm2, Plk1, Plk2, Plk3, Plod3, Plrg1, Pls1, Pmaip1, Pmfbp1, Pml, Pmpca, Pmpcb, Pola2, Polr1a, Pom121, Pom121l2, Porcn, Pot1a, Pot1b, Potefam3a, Potefam3b, Ppard, Pparg, Ppfia1, Pphln1, Ppia, Ppid, Ppil2, Ppm1a, Ppm1f, Ppp1r15a, Ppp1r3c, Ppp1r9b, Ppp2r2b, Ppp2r5a, Ppp3ca, Ppp3cb, Ppp3r1, Ppt1, Praf2, Pram1, Preb, Prepl, Prf1, Prickle1, Prkaa1, Prkaa2, Prkaca, Prkar1a, Prkcb, Prkcd, Prkce, Prkci, Prkcq, Prkcz, Prkd1, Prkg2, Prkn, Prnp, Prpf19, Prpf4b, Prph2, Prr5l, Prrt1, Psap, Psen1, Psen2, Psmd9, Ptbp1, Ptch1, Ptger3, Ptger4, Ptgs2, Ptn, Ptp4a3, Ptpmt1, Ptpn1, Ptpn11, Ptpn14, Ptpn22, Ptpn23, Ptpn5, Ptpn9, Ptprk, Ptprn, Ptprn2, Ptpru, Ptprv, Pttg1ip, Pttg1ip2, Pygo1, Rab10, Rab11a, Rab11b, Rab11fip1, Rab11fip2, Rab11fip3, Rab11fip5, Rab12, Rab13, Rab14, Rab15, Rab17, Rab18, Rab19, Rab1a, Rab1b, Rab20, Rab21, Rab22a, Rab23, Rab24, Rab25, Rab26, Rab27a, Rab27b, Rab28, Rab29, Rab2a, Rab2b, Rab31, Rab32, Rab33b, Rab34, Rab35, Rab36, Rab37, Rab38, Rab39, Rab39b, Rab3a, Rab3b, Rab3c, Rab3d, Rab3gap1, Rab3gap2, Rab3il1, Rab3ip, Rab43, Rab4a, Rab4b, Rab5a, Rab5b, Rab5c, Rab5if, Rab6a, Rab6b, Rab7, Rab7b, Rab8a, Rab8b, Rab9, Rab9b, Rabep1, Rabep2, Rabgap1l, Rabgef1, Rabif, Rabl2, Rabl3, Rac1, Rack1, Rad17, Rad21, Raf1, Rala, Ralgapa2, Ralgapb, Ramp1, Ramp2, Ramp3, Ran, Ranbp17, Ranbp2, Ranbp3, Ranbp3l, Ranbp6, Rangap1, Rangrf, Rap1a, Rap1gds1, Rap2a, Rapgef2, Rapgef3, Rapgef4, Rapgef6, Rapsn, Rasl2-9, Rassf5, Rb1, Rbm22, Rbm4, Rbp4, Rbsn, Rcc2, Rcn3, Rcsd1, Rd3, Rdx, Reep1, Reep2, Reln, Rep15, Rer1, Rest, Rffl, Rftn1, Rfx3, Rfx6, Rhbdd1, Rhbdd3, Rhbdf1, Rhbdf2, Rhno1, Rhob, Rhod, Rhog, Rhoq, Ric1, Ric3, Rilp, Rilpl1, Rilpl2, Rims1, Rims2, Rinl, Rint1, Ripor1, Ripor2, Rit2, Rnf168, Rnf186, Rnf26, Rnf26rt, Rnf4, Rock1, Rock2, Rom1, Romo1, Ropn1, Rp2, Rpa1, Rpa2, Rpain, Rpf2, Rph3a, Rph3al, Rpl11, Rptor, Rraga, Rragb, Rragc, Rrbp1, Rrp7a, Rrs1, Rsad2, Rsc1a1, Rsl1d1, Rtn2, Rtn4, Rtp1, Rtp2, Rtp3, Rtp4, Rufy1, Rufy3, Ruvbl2, Ryr2, S100a10, S100a13, Sacm1l, Samm50, Sapcd2, Sar1a, Sar1b, Sarm1, Scamp1, Scamp2, Scamp3, Scamp4, Scamp5, Scarb2, Scfd1, Scfd2, Scg3, Scg5, Scml2, Scn3b, Sco1, Scp2, Scrib, Scyl1, Scyl3, Sdad1, Sec13, Sec16a, Sec16b, Sec22a, Sec22b, Sec22c, Sec23a, Sec23b, Sec24a, Sec31a, Sec31b, Sec61a1, Sec61a2, Sec61b, Sec61bl, Sec61g, Sec62, Sec63, Seh1l, Sel1l, Selenbp1, Selenbp2, Selenok, Selenos, Selenot, Senp2, Septin1, Septin10, Septin11, Septin12, Septin14, Septin2, Septin3, Septin4, Septin5, Septin6, Septin7, Septin8, Septin9, Sergef, Serp1, Sesn2, Setd2, Sfn, Sfrp1, Sft2d1, Sft2d2, Sft2d3, Sgk1, Sgo2a, Sgta, Sgtb, Sh3bp4, Sh3glb1, Sh3kbp1, Sh3pxd2b, Sh3tc2, Shank1, Shank3, Shh, Shisa6, Shisa7, Shroom2, Shroom3, Siah3, Sidt2, Sik3, Sil1, Sin3a, Sirt1, Sirt3, Sirt4, Sirt6, Sirt7, Six1, Six2, Six3, Six4, Skap1, Skp1, Slc10a7, Slc12a1, Slc12a2, Slc15a1, Slc15a2, Slc15a3, Slc15a4, Slc15a5, Slc16a1, Slc18a2, Slc1a1, Slc25a22, Slc26a4, Slc28a2, Slc28a2b, Slc2a2, Slc30a1, Slc30a8, Slc35d3, Slc4a1, Slc4a8, Slc51b, Slc5a3, Slc7a11, Slc7a6os, Slc8b1, Slc9a2, Slc9b2, Slf1, Slf2, Slitrk3, Slmap, Slu7, Smad2, Smc5, Smo, Smurf1, Smyd3, Snap23, Snap25, Snap29, Snap47, Snap91, Snapin, Snca, Sncg, Snf8, Snhg15, Snord32a, Snord33, Snord34, Snord35a, Snupn, Snx1, Snx10, Snx11, Snx12, Snx13, Snx14, Snx15, Snx16, Snx17, Snx18, Snx19, Snx2, Snx20, Snx21, Snx24, Snx25, Snx27, Snx3, Snx30, Snx31, Snx32, Snx33, Snx4, Snx5, Snx6, Snx7, Snx8, Snx9, Sorbs1, Sorbs2, Sorcs2, Sorl1, Sort1, Sox4, Sox9, Sp100, Spag17, Spag5, Spag6l, Spata33, Spata7, Spcs1, Spcs2, Spcs3, Spdl1, Spdya, Spg11, Spi1, Spidr, Spin1, Spire1, Spire2, Spo11, Sprn, Sptbn1, Sptbn4, Sptssa, Sqstm1, Src, Srcin1, Srebf1, Srgn, Sri, Srp14, Srp19, Srp54a, Srp54b, Srp54c, Srp68, Srp72, Srp9, Srpra, Srprb, Srsf1, Ssb, Ssh1, Ssna1, Ssr3, Sstr5, Stac, Stac2, Stac3, Stag3, Stam, Stam2, Stat3, Stau1, Stau2, Steap3, Steep1, Stil, Stim1, Sting1, Stk11, Stk11ip, Stk3, Stk4, Stom, Strada, Stradb, Strc, Stx11, Stx12, Stx16, Stx17, Stx18, Stx19, Stx1a, Stx1b, Stx2, Stx3, Stx4a, Stx5a, Stx6, Stx7, Stx8, Stxbp1, Stxbp2, Stxbp3, Stxbp4, Stxbp5, Stxbp5l, Sucnr1, Sumo1, Sumo2, Sumo3, Sun1, Sun2, Sun5, Supt7l, Surf4, Svbp, Svip, Swap70, Sybu, Sycp1, Syk, Syndig1, Syne1, Syne3, Syngap1, Syngr1, Syngr2, Synj2bp, Synrg, Sys1, Syt11, Syt4, Syt7, Syt9, Sytl1, Sytl2, Sytl3, Sytl4, Sytl5, Syvn1, Szt2, Tacr2, Taf3, Taf8, Tamalin, Tango2, Tango6, Tap1, Tap2, Tardbp, Tasor, Tax1bp1, Tax1bp3, Tbc1d1, Tbc1d13, Tbc1d17, Tbc1d32, Tbc1d5, Tbrg1, Tcaf1, Tcf7l2, Tcirg1, Tcp1, Tctn1, Tctn2, Tecpr2, Tek, Tenm1, Tent2, Terf1, Terf2, Terf2ip, Tert, Tesc, Tescl, Tesk1, Tespa1, Tex15, Tfap2b, Tfr2, Tfrc, Tgfb1, Tgfb2, Tgfb3, Tgfbrap1, Thy1, Tia1, Tiam1, Timm10, Timm10b, Timm13, Timm17a, Timm17b, Timm21, Timm22, Timm23, Timm29, Timm44, Timm50, Timm8a1, Timm8a2, Timm8b, Timm9, Tinf2, Tjp1, Tjp2, Tjp3, Tlk1, Tlr2, Tlr4, Tm7sf3, Tm9sf1, Tm9sf2, Tm9sf3, Tm9sf4, Tm9sf5, Tmbim1, Tmco1, Tmco6, Tmed1, Tmed10, Tmed10-ps, Tmed11, Tmed2, Tmed3, Tmed4, Tmed5, Tmed6, Tmed7, Tmed9, Tmem107, Tmem108, Tmem126a, Tmem129, Tmem132a, Tmem147, Tmem150a, Tmem167, Tmem184a, Tmem201, Tmem231, Tmem258, Tmem30a, Tmem30b, Tmem35a, Tmem59, Tmem88, Tmem9, Tmem97, Tmem98, Tmigd1, Tnf, Tnfaip3, Tnfaip6, Tnfrsf1a, Tnik, Tnks, Tnks2, Tnpo1, Tnpo2, Tnpo3, Tnrc6a, Tns4, Tollip, Tom1, Tom1l1, Tom1l2, Tomm20, Tomm20l, Tomm22, Tomm34, Tomm40, Tomm40l, Tomm5, Tomm6, Tomm7, Tomm70a, Tomt, Tonsl, Topbp1, Topors, Tor1a, Tor1aip1, Tor1aip2, Tor1b, Tpbg, Tpp1, Tpr, Traf3ip2, Traf6, Traf7, Trak1, Trak2, Tram1, Tram1l1, Tram2, Trappc12, Trarg1, Trem2, Treml4, Trex1, Trh, Trim12a, Trim12c, Trim17, Trim23, Trim25, Trim28, Trim29, Trim3, Trim30a, Trim30b, Trim30c, Trim30d, Trim37, Trim40, Trim46, Trim5, Trim50, Trim69, Trim8, Trip11, Trmt10b, Trp53, Trp53bp1, Trp53inp2, Trpa1, Trpc1, Trpm1, Trpm2, Trpm4, Trpm5, Tsc2, Tsg101, Tspan10, Tspan14, Tspan15, Tspan17, Tspan18, Tspan33, Tspan5, Tspo, Ttbk2, Ttc21a, Ttc21b, Ttc7, Ttc7b, Ttc8, Ttk, Ttn, Tub, Tuba1a, Tulp1, Tulp2, Tulp3, Tunar, Tvp23a, Tvp23b, Txn1, Txnip, Tyk2, Tyrobp, Uaca, Ubac2, Ubap1, Ube2g2, Ube2j1, Ube2q1, Ubl4a, Ubr5, Ubxn2b, Ucn3, Ucp2, Uevld, Ufd1, Ufl1, Ufm1, Ugt8a, Uhmk1, Ulk1, Ulk2, Umod, Unc119, Unc119b, Unc13b, Unc50, Unc93b1, Uqcc2, Use1, Ush1c, Ush2a, Uso1, Usp17le, Usp4, Usp8, Usp9x, Utp25, Uts2, Uty, Vamp2, Vamp3, Vamp4, Vamp5, Vamp7, Vamp8, Vangl2, Vapa, Vcl, Vcp, Vcpip1, Vegfa, Vegfc, Vgf, Vhl, Vil1, Vip, Vipas39, Vldlr, Vmp1, Vps11, Vps13a, Vps13c, Vps13d, Vps16, Vps18, Vps25, Vps26a, Vps26b, Vps26c, Vps28, Vps29, Vps33a, Vps33b, Vps35, Vps35l, Vps36, Vps37a, Vps37b, Vps37c, Vps37d, Vps39, Vps41, Vps45, Vps4a, Vps4b, Vps50, Vps51, Vps52, Vps53, Vps54, Vps8, Vrk1, Vsnl1, Vta1, Vti1a, Vti1b, Vwc2, Wapl, Washc1, Washc2, Washc3, Washc4, Washc5, Wasl, Wbp2, Wdpcp, Wdr11, Wdr19, Wdr24, Wdr35, Wdr45, Wdr45b, Wdr59, Wdr72, Wdr83os, Whrn, Wipf1, Wipi1, Wipi2, Wls, Wnk1, Wnk3, Wnk4, Wnt11, Wnt3a, Wnt5a, Wnt7a, Wnt8a, Wrap53, Wrn, Wwp2, Wwtr1, Xbp1, Xirp1, Xirp2, Xpa, Xpo1, Xpo4, Xpo5, Xpo6, Xpo7, Xpot, Xrcc4, Xrcc5, Yap1, Ybx1, Yif1a, Yif1b, Yipf5, Ykt6, Yod1, Ypel4, Ywhab, Ywhae, Ywhag, Ywhah, Ywhaq, Ywhaz, Zbed6, Zbtb16, Zbtb7a, Zc3h12a, Zdhhc1, Zdhhc11, Zdhhc12, Zdhhc14, Zdhhc15, Zdhhc17, Zdhhc18, Zdhhc19, Zdhhc2, Zdhhc20, Zdhhc21, Zdhhc22, Zdhhc23, Zdhhc24, Zdhhc25, Zdhhc3, Zdhhc4, Zdhhc5, Zdhhc6, Zdhhc7, Zdhhc9, Zfand1, Zfand2a, Zfand2b, Zfand6, Zfp384, Zfp423, Zfp827, Zfyve16, Zfyve27, Zg16, Zic1, Zmat3, Zmynd10, Zmynd8, Zpr1, Zw10, Zwilch
GO:0045935	positive regulation of nucleobase-containing compound metabolic process	2057	55	29.96	9.8e-06	0.0028028	Aamdc, Aatf, Abhd14b, Ablim1, Ablim2, Ablim3, Abra, Abraxas1, Acd, Acss2, Actb, Actl6a, Actl6b, Actn1, Actn2, Actn4, Actr2, Actr3, Actr5, Actr6, Actr8, Acvr1, Acvr1b, Acvr2a, Acvrl1, Adarb1, Adcy10, Adcyap1, Adora2b, Adrb2, Afap1l2, Aff1, Agap2, Ago1, Ago2, Ago3, Agrn, Agt, Agtr2, Ahi1, Ahr, Aire, Akap8l, Akirin1, Akirin2, Akna, Akt1, Akt2, Alkbh5, Alx1, Alx4, Ang, Ankrd1, Ankrd23, Ankrd31, Ankrd49, Ankrd66, Anxa2, Anxa3, Ap3b1, Ap3d1, Apbb1, Apbb2, Apex1, Apln, Apobec1, Apoe, App, Ar, Arap1, Arf4, Arglu1, Arhgef11, Arhgef2, Arid1a, Arid1b, Arid2, Arid3a, Arid3b, Arid3c, Arid4a, Arid4b, Arid5a, Arid5b, Arl2bp, Armcx3, Arnt, Arnt2, Arrb1, Arrb2, Arx, Ascl1, Ascl2, Ascl3, Ascl5, Ash1l, Ash2l, Asph, Asxl1, Asxl2, Asxl3, Atad2, Atad5, Atf1, Atf1-ps, Atf2, Atf3, Atf4, Atf5, Atf6, Atf6b, Atf7, Atf7ip, Atm, Atmin, Atn1, Atoh1, Atoh7, Atoh8, Atr, Atrx, Atxn1, Atxn7, Atxn7l3, Aurkb, Auts2, Aym1, Babam1, Babam2, Bach1, Bambi, Banp, Barhl1, Barhl2, Barx2, Batf, Bax, Baz1a, Baz1b, Bcas3, Bcl10, Bcl11b, Bcl2l1, Bcl2l12, Bcl3, Bcl7a, Bcl7b, Bcl7c, Bcl9, Bcl9l, Bclaf1, Bclaf3, Bend3, Bex2, Bhlha15, Bhlhe22, Bhlhe23, Bicra, Bicral, Birc2, Blm, Bloc1s2, Bmal1, Bmal2, Bmp10, Bmp15, Bmp2, Bmp3, Bmp4, Bmp5, Bmp6, Bmp7, Bmpr1a, Bmpr1b, Bmpr2, Bmyc, Bnc1, Bptf, Brca1, Brca2, Brcc3, Brcc3dc, Brd3, Brd4, Brd7, Brd8, Brf1, Brpf1, Brpf3, Bsx, Btbd18, Btg2, Btrc, Bud23, Bud31, C3ar1, Cacybp, Calcoco1, Camk1, Camk2d, Camk4, Camta1, Camta2, Cand1, Capn3, Caprin1, Caprin2, Carf, Carm1, Cask, Casz1, Cavin2, Cavin4, Cbfb, Cbx7, Cbx8, Ccar1, Ccdc117, Ccdc62, Ccl3, Ccn1, Ccna2, Ccnb1, Ccnc, Ccnk, Ccnt1, Ccnt2, Ccpg1, Cct2, Cct3, Cct4, Cct5, Cct6a, Cct7, Cct8, Cd274, Cd28, Cd38, Cd4, Cd40, Cd74, Cd81, Cdc42, Cdc5l, Cdc5lrt1, Cdc5lrt10, Cdc5lrt4, Cdc5lrt5, Cdc5lrt6, Cdc5lrt7, Cdc5lrt8, Cdc5lrt9, Cdc7, Cdc73, Cdh1, Cdh13, Cdk1, Cdk12, Cdk13, Cdk2, Cdk5rap2, Cdk5rap3, Cdk7, Cdk8, Cdk9, Cdkn1c, Cdkn2a, Cdon, Cdt1, Cdx1, Cdx2, Cdx4, Cebpa, Cebpb, Cebpd, Cebpe, Cebpg, Cebpz, Cela1, Celf1, Celf3, Celf4, Cenpk, Cep290, Ces1d, Chchd2, Chchd2-ps, Chd4, Chd6, Chd7, Chd8, Chek2, Chp2, Chtf18, Chtf8, Chuk, Churc1, Ciita, Cir1, Cirbp, Cited1, Cited2, Cited4, Ciz1, Ckap2, Clcf1, Clns1a, Clock, Cnbp, Cnot1, Cnot2, Cnot3, Cnot6, Cnot6l, Cnot7, Cnot8, Cnot9, Col1a1, Cops5, Coq7, Cpap, Cpeb3, Creb1, Creb3, Creb3l1, Creb3l2, Creb3l3, Creb3l4, Creb5, Crebbp, Crebl2, Crebrf, Crebzf, Crem, Crhr2, Cripto, Crlf3, Crtc1, Crtc2, Crtc3, Crx, Csde1, Csf3, Csrnp1, Csrnp2, Csrnp3, Csrp3, Cst3, Ctbp2, Ctc1, Ctcf, Ctcfl, Ctnnb1, Ctr9, Cx3cl1, Cxcr3, Cxxc1, Cyp1b1, Cyren, Cys1, Cytl1, D1Pas1, Dab2, Dab2ip, Daxx, Dazap1, Dbf4, Dbp, Dcaf6, Dcn, Dcp1a, Dcp1b, Dcp2, Dcps, Ddit3, Ddn, Ddrgk1, Ddx11, Ddx17, Ddx21, Ddx39b, Ddx3x, Ddx41, Ddx5, Deaf1, Dek, Dhx33, Dhx36, Dhx9, Dicer1, Dimt1, Dis3l2, Dkc1, Dll1, Dlx1, Dlx2, Dlx3, Dlx5, Dlx6os1, Dmap1, Dmrt1, Dmrt2, Dmtf1, Dna2, Dnajc2, Dnd1, Dot1l, Dpf1, Dpf2, Dpf3, Drd2, Drd3, Dscc1, Dtx3l, Dvl1, Dvl2, Dvl3, Dxo, Dyrk1a, Dyrk1b, E2f1, E2f2, E2f3, E2f4, E2f5, E2f7, E2f8, E4f1, Eaf1, Eaf2, Eapp, Ebf1, Ebf2, Ebf3, Ebf4, Ecd, Edf1, Edn1, Edrf1, Eef1d, Efcab7, Egf, Egfr, Egln1, Egr1, Egr2, Egr3, Egr4, Ehf, Eif1, Eif2ak3, Eif4a1, Eif4a3, Eif4enif1, Elavl1, Elf1, Elf2, Elf3, Elf4, Elf5, Elk1, Elk3, Elk4, Ell, Ell2, Ell3, En1, En2, Endog, Eng, Eno1, Eno1b, Eny2, Eomes, Ep300, Ep400, Epas1, Epc1, Epc2, Epcam, Epo, Erbb2, Erbb4, Ercc1, Ercc2, Ercc6, Ercc8, Ereg, Erg, Esr1, Esr2, Esrra, Esrrb, Esrrg, Ets1, Ets2, Etv1, Etv2, Etv4, Etv5, Etv6, Evx1, Exosc10, Exosc3, Exosc6, Exosc9, Eya1, Eya2, Eya3, Eya4, Ezh1, F2r, F2rl1, Fadd, Faf1, Fam168a, Fam170a, Fancb, Fank1, Fbln5, Fbxo4, Fbxw11, Fev, Fezf1, Fezf2, Fgf1, Fgf10, Fgf2, Fgf23, Fgf4, Fgf7, Fgf9, Fgfr1, Fgfr2, Fgfr4, Fh1, Fhl5, Fhod1, Figla, Fiz1, Fli1, Flt3l, Fmn2, Fos, Fosb, Fosl1, Fosl2, Foxa1, Foxa2, Foxa3, Foxc1, Foxc2, Foxd1, Foxd2, Foxd3, Foxe1, Foxf1, Foxf2, Foxh1, Foxi1, Foxj1, Foxj2, Foxj3, Foxk1, Foxk2, Foxl2, Foxm1, Foxn1, Foxn4, Foxo1, Foxo3, Foxo4, Foxp1, Foxp3, Foxr1, Fstl3, Fto, Fubp3, Fus, Fxr1, Fxr2, Fzd1, Fzd2, Fzd4, Fzd5, Fzd7, Gabpa, Gabpb1, Gabpb2, Gal, Galr1, Galr2, Galr3, Gapdhs, Gata1, Gata2, Gata3, Gata4, Gata5, Gata6, Gatad2a, Gatad2b, Gbx2, Gch1, Gck, Gcm1, Gcm2, Gdf2, Gdf6, Gdf7, Gdnf, Gfer, Ghrh, Gigyf2, Gli1, Gli2, Gli3, Glis1, Glis2, Glis3, Glmp, Glp1r, Gm7324, Gmeb1, Gmeb2, Gnl3, Gpatch3, Gpbp1, Gpbp1l1, Gpd1, Gper1, Gps2, Grem1, Grhl1, Grhl2, Grhl3, Grin1, Grsf1, Gsdmd, Gsk3a, Gsk3b, Gsx1, Gtf2a1, Gtf2a2, Gtf2f1, Gtf2f2, Gtf2h1, Gtf2i, Gtpbp1, Gtsf1, H2az1, Hamp, Hand1, Hand2, Has3, Hax1, Hcfc1, Hcls1, Hdac1, Hdac10, Hdac2, Hdac3, Hdac4, Hdac5, Hdgf, Hdgfl2, Heatr1, Helq, Helt, Helz2, Hes1, Hes3, Hes5, Hexb, Hey1, Hey2, Heyl, Hgf, Hhex, Hif1a, Hif3a, Hinfp, Hipk2, Hivep1, Hivep2, Hivep3, Hjv, Hlf, Hltf, Hmbox1, Hmces, Hmga1, Hmga1b, Hmga2, Hmgb1, Hmgb2, Hmgn3, Hmx2, Hnf1a, Hnf1b, Hnf4a, Hnf4g, Hnrnpa2b1, Hnrnpab, Hnrnpd, Hnrnpk, Hnrnpr, Hnrnpu, Hoxa1, Hoxa10, Hoxa11, Hoxa13, Hoxa2, Hoxa4, Hoxa5, Hoxa7, Hoxa9, Hoxb1, Hoxb2, Hoxb3, Hoxb4, Hoxb5, Hoxb7, Hoxb9, Hoxc10, Hoxc11, Hoxc13, Hoxc4, Hoxd10, Hoxd13, Hoxd3, Hoxd4, Hoxd8, Hoxd9, Hras, Hsf1, Hsf2, Hsf3, Hsf5, Hspa8, Htatip2, Htr2a, Hyal2, Ice1, Ice2, Id2, Id4, Ier2, Ier5, Ifi203, Ifi203-ps, Ifi206, Ifi207, Ifi208, Ifi209, Ifi213, Ifi214, Ifnar1, Ifnb1, Ifng, Ifrd1, Ift74, Igbp1, Igf1, Igf1r, Igf2, Igf2bp1, Igfbp3, Ihh, Ikbkb, Ikbkg, Ikzf1, Ikzf2, Ikzf3, Ikzf4, Il10, Il11, Il13, Il17a, Il17f, Il18, Il1a, Il1b, Il2, Il22, Il23a, Il25, Il33, Il4, Il4i1, Il4i1b, Il5, Il6, Ilf2, Ilf3, Ilk, Ing1, Ing2, Ing3, Ing4, Inhba, Ino80, Ino80b, Ino80c, Ino80d, Ino80e, Inpp5k, Ins1, Ins2, Insr, Ippk, Iqce, Irf1, Irf2, Irf2bpl, Irf3, Irf4, Irf5, Irf6, Irf7, Irf8, Irf9, Irx3, Irx4, Irx6, Isl1, Isl2, Itga6, Itga8, Itgb1bp1, Jade1, Jag1, Jak2, Jak3, Jmjd6, Jmy, Jpx, Jun, Junb, Jund, Jup, Kansl1, Kansl2, Kansl3, Kars1, Kat2a, Kat2b, Kat5, Kat6a, Kat6b, Kat7, Kat8, Kcnh2, Kctd13, Kdm1a, Kdm3a, Kdm4c, Kdm4d, Kdm5a, Kdm6a, Kdm6b, Kdm7a, Kdm8, Khdc3, Khsrp, Klf1, Klf10, Klf12, Klf13, Klf14, Klf15, Klf2, Klf4, Klf5, Klf6, Klf7, Klf9, Kmt2a, Kmt2b, Kmt2c, Kmt2d, Kmt2e, Kmt5b, Kmt5c, Kpna6, Larp7, Larp7-ps, Lbh, Ldb1, Ldb2, Lef1, Leo1, Lhx1, Lhx2, Lhx3, Lhx4, Lhx5, Lif, Lin28b, Litaf, Lmntd2, Lmo1, Lmo2, Lmo3, Lmo4, Lmo7, Lmx1a, Lmx1b, Lpin1, Lpin2, Lpin3, Lrp5, Lrp6, Lsm1, Lum, Lyar, Lyl1, Macc1, Mad2l2, Maf, Mafa, Mafb, Maff, Mafg, Maged1, Mak, Maml1, Maml2, Maml3, Mamstr, Map2k1, Map2k2, Map2k3, Map2k4, Map2k5, Map2k7, Map3k1, Map3k12, Map3k4, Map3k5, Mapk1, Mapk14, Mapk15, Mapk3, Mapk7, Mapk8, Mapk9, Mapkapk5, Mapre3, Mars1, Mas1, Mavs, Max, Maz, Mbd2, Mbd3, Mbtd1, Mbtps2, Mc1r, Mcf2l, Mcidas, Mcrs1, Mdfic, Mdk, Meaf6, Mecom, Mecp2, Med1, Med10, Med11, Med12, Med12l, Med13, Med14, Med15, Med16, Med17, Med18, Med19, Med20, Med21, Med22, Med23, Med24, Med25, Med26, Med27, Med28, Med29, Med30, Med31, Med4, Med6, Med7, Med8, Med9, Mef2a, Mef2b, Mef2c, Mef2d, Meis1, Meis2, Meis3, Men1, Meox1, Meox2, Mepce, Mesp1, Mesp2, Met, Mettl14, Mettl16, Mettl23, Mettl3, Mex3d, Mga, Mgmt, Mical2, Mir103-1, Mir103-2, Mir143, Mir144, Mir196a-1, Mir196a-2, Mir196b, Mir451a, Mir451b, Mir466d, Mir466l, Mir744, Mir7578, Mitf, Mixl1, Mkrn2, Mkx, Mlh1, Mllt1, Mllt10, Mllt11, Mllt3, Mllt6, Mlst8, Mlx, Mlxip, Mlxipl, Mmp12, Mms19, Mndal, Morf4l1, Morf4l2, Mospd1, Mov10, Mre11a, Mrgbp, Mrnip, Mrpl12, Mrtfa, Mrtfb, Msantd1, Msgn1, Msh2, Msl1, Msl2, Msl3, Mstn, Msx1, Mt3, Mta1, Mta2, Mta3, Mtdh, Mtf1, Mtnap1, Mtor, Muc1, Myb, Mybbp1a, Mybl1, Mybl2, Myc, Mycbp, Mycn, Mycs, Myd88, Mydgf, Myf5, Myf6, Myo1c, Myocd, Myod1, Myog, Myrf, Myrfl, Mysm1, Myt1, Myt1l, Mzf1, Naa15, Nabp2, Naf1, Nampt, Nanog, Nanos1, Nanos2, Nanos3, Nbn, Ncbp1, Ncbp2, Nck1, Nck2, Ncl, Ncoa1, Ncoa2, Ncoa3, Ncoa6, Ncoa7, Ndn, Ndp, Ndufc2, Nek2, Nek4, Nek7, Nelfa, Nelfe, Neurod1, Neurod2, Neurod4, Neurod6, Neurog1, Neurog2, Neurog3, Nfat5, Nfatc1, Nfatc2, Nfatc2ip, Nfatc3, Nfatc4, Nfe2l1, Nfe2l2, Nfia, Nfib, Nfic, Nfil3, Nfix, Nfkb1, Nfkb2, Nfkbia, Nfkbiz, Nfrkb, Nfya, Nfyb, Nfyc, Ngfr, Nhlh1, Nhlh2, Niban2, Nif3l1, Nipbl, Nkrf, Nkx2-1, Nkx2-2, Nkx2-3, Nkx2-5, Nkx2-6, Nkx2-9, Nkx3-1, Nkx6-3, Nlrc5, Nlrp3, Nmd3, Nme2, Nobox, Noct, Nod2, Nodal, Nog, Nol11, Nolc1, Nos1, Nos3, Notch1, Notch2, Notch3, Notch4, Nox4, Npas2, Npas3, Npas4, Npat, Npm1, Npm2, Npnt, Nr0b2, Nr1d1, Nr1d2, Nr1h2, Nr1h3, Nr1h4, Nr1h5, Nr1i2, Nr1i3, Nr2c2, Nr2e1, Nr2e3, Nr2f1, Nr2f2, Nr3c1, Nr3c2, Nr4a1, Nr4a2, Nr4a3, Nr5a1, Nr5a2, Nr6a1, Nrbf2, Nrf1, Nrip1, Nrl, Nsd1, Nsd2, Nsd3, Ntf3, Nucks1, Nufip1, Nup62, Nup85, Nup98, Nupr1, Nvl, Obi1, Oga, Ogg1, Ogt, Olig1, Olig2, Olig3, Onecut1, Onecut2, Onecut3, Ooep, Osm, Osr1, Osr2, Otx1, Otx2, Ovol2, P2rx2, P2rx7, P2ry1, Pabpc1, Pabpn1l, Paf1, Pagr1a, Paip1, Pak3, Pan2, Pan3, Parg, Park7, Parn, Parp1, Parp3, Parp9, Patl1, Patl2, Patz1, Pax1, Pax2, Pax3, Pax5, Pax6, Pax7, Pax8, Pax9, Paxbp1, Paxip1, Pbrm1, Pbx1, Pbx2, Pbx3, Pbx4, Pbxip1, Pcbd1, Pcbd2, Pcbp1, Pcbp2, Pcgf5, Pcid2, Pck1, Pcna, Pde12, Pdgfb, Pdgfrb, Pdlim1, Pdx1, Peg3, Peli1, Pelp1, Per1, Per2, Pf4, Pfkfb1, Pfkm, Pfn1, Pgr, Phb1, Phf10, Phf2, Phf20, Phf5a, Phf8, Phip, Phox2a, Phox2b, Pias1, Pias2, Pias4, Picalm, Pid1, Pih1d1, Pik3r1, Pik3r2, Pim1, Pim2, Pin1, Pin1rt1, Pink1, Pithd1, Pitx1, Pitx2, Pitx3, Piwil1, Piwil2, Piwil4, Pkd1, Pkd2, Pkib, Pkm, Pkn1, Pknox1, Pkp1, Plac8, Plag1, Plagl1, Plagl2, Plcb1, Plekhn1, Plscr1, Pmf1, Pml, Pms2, Pnkp, Pnldc1, Pnp, Pnpt1, Pogz, Polg2, Polr2g, Pomc, Pot1a, Pot1b, Potefam3a, Potefam3b, Pou1f1, Pou2af1, Pou2af2, Pou2af3, Pou2f1, Pou2f2, Pou2f3, Pou3f1, Pou3f2, Pou3f3, Pou4f1, Pou4f2, Pou4f3, Pou5f1, Ppara, Ppard, Pparg, Ppargc1a, Ppargc1b, Ppm1a, Ppp1r10, Ppp1r12a, Ppp1r15a, Ppp2ca, Ppp2r5b, Ppp2r5d, Ppp3ca, Ppp3cb, Ppp3r1, Pprc1, Prdm10, Prdm11, Prdm15, Prdm16, Prdm2, Prdm4, Prdm5, Prdm9, Prdx6, Prdx6b, Preb, Prkaa1, Prkaa2, Prkcb, Prkcd, Prkcg, Prkcq, Prkd1, Prkd2, Prkdc, Prkn, Prl, Prl2c2, Prmt1, Prmt2, Prmt5, Prop1, Prox1, Prpf19, Prpf6, Prr5l, Prrx1, Prrx2, Prxl2c, Psen1, Psip1, Psmc3ip, Psmc6, Psmd9, Psrc1, Ptbp1, Ptch1, Ptf1a, Ptges2, Ptges3, Pth, Ptk2b, Ptma, Ptms, Ptov1, Ptprc, Ptprn, Pum1, Purb, Pus1, Pwp1, Pwwp2a, Pwwp2b, Pygo1, Qki, Qrich1, Rac1, Rad50, Rad51ap1, Rad54l2, Raf1, Rai1, Rap2c, Rapgef3, Rara, Rarb, Rarg, Rasl11a, Rax, Rb1, Rbbp4, Rbbp7, Rbck1, Rbm14, Rbm15, Rbm24, Rbm3, Rbm39, Rbmx, Rbmxl1, Rbmxl2, Rbmy, Rbmyf1, Rbmyf3, Rbmyf6, Rbmyf9, Rbpj, Rbpjl, Rbpms, Rc3h1, Rc3h2, Rel, Rela, Relb, Reno1, Rere, Rest, Ret, Rfc1, Rfc2, Rfc3, Rfc4, Rfc5, Rfx2, Rfx3, Rfx4, Rfx5, Rfx6, Rfx7, Rfxank, Rfxap, Rgcc, Rgma, Rgmb, Rhog, Rhoq, Rhox5, Rida, Rif1, Rigi, Riok1, Riok2, Ripk1, Rit2, Rnasel, Rnf10, Rnf126, Rnf14, Rnf168, Rnf187, Rnf20, Rnf4, Rnf40, Rnf6, Rnf8, Rock1, Rock2, Ror2, Rora, Rorb, Rorc, Rprd1b, Rps3, Rps6ka1, Rps6ka3, Rps6ka4, Rps6ka5, Rptor, Rreb1, Rrn3, Rrp1b, Rsf1, Rtel1, Rtraf, Runx1, Runx2, Runx3, Ruvbl1, Ruvbl2, Rxra, Rxrb, Rxrg, Rybp, Rybp-ps, S100a10, S1pr1, Safb, Sall1, Sall2, Sall4, Samd4, Samd4b, Satb2, Sbno2, Scaf8, Scand1, Scx, Senp1, Senp2, Serpinf2, Sertad1, Sertad2, Sertad3, Setd3, Setd4, Setd7, Setmar, Setx, Sf3b1, Sf3b3, Sf3b5, Sfpq, Sfr1, Sfrp1, Sfrp2, Sgf29, Sgsm1, Shc1, Shh, Shld1, Shld2, Shld3, Sirt1, Sirt2, Sirt3, Sirt6, Sirt7, Six1, Six2, Six3, Six4, Six5, Skap1, Ski, Skp2, Slc11a1, Slc25a12, Slc30a9, Slc38a3, Slc39a5, Slc40a1, Slc4a4, Slc9a1, Slf1, Slf2, Slirp, Slx1b, Slx4, Smad1, Smad2, Smad3, Smad4, Smad5, Smad6, Smad9, Smarca1, Smarca2, Smarca4, Smarca5, Smarcad1, Smarcb1, Smarcc1, Smarcc2, Smarcd1, Smarcd2, Smarcd3, Smarce1, Smchd1, Smo, Smoc2, Smyd3, Snai1, Snrnp70, Snw1, Snx5, Sohlh1, Sohlh2, Sost, Sox1, Sox10, Sox11, Sox12, Sox14, Sox15, Sox17, Sox18, Sox2, Sox21, Sox3, Sox30, Sox4, Sox6, Sox7, Sox8, Sox9, Sp1, Sp100, Sp3, Sp7, Spag8, Spdef, Spen, Spi1, Spib, Spic, Spidr, Spin1, Spire1, Spire2, Spp1, Spx, Spz1, Sra1, Src, Srebf1, Srebf2, Srf, Sry, Ss18, Ss18l1, Ssbp1, Ssbp2, Ssbp3, Ssbp4, St18, Stat1, Stat2, Stat3, Stat4, Stat5a, Stat5b, Stat6, Sting1, Stk16, Stn1, Stra8, Strn3, Sub1, Sumo2, Supt20, Supt4a, Supt4b, Supt5, Supt6, Supt7l, Supv3l1, Syncrip, T, Tacc1, Tada1, Tada2a, Tada3, Taf1, Taf10, Taf11, Taf12, Taf13, Taf2, Taf3, Taf4, Taf4b, Taf5, Taf5l, Taf6, Taf6l, Taf7, Taf8, Taf9, Tal1, Tardbp, Tasp1, Tbk1, Tbl1x, Tbl1xr1, Tbp, Tbr1, Tbx1, Tbx10, Tbx15, Tbx18, Tbx19, Tbx2, Tbx20, Tbx21, Tbx22, Tbx3, Tbx4, Tbx5, Tbx6, Tcea1, Tcea2, Tcerg1, Tcf12, Tcf15, Tcf20, Tcf21, Tcf3, Tcf4, Tcf7l1, Tcf7l2, Tcp1, Tdrd3, Tead1, Tead2, Tead3, Tead4, Tef, Tent4a, Tent4b, Terc, Terf1, Terf2, Terf2ip, Tert, Tesc, Tescl, Tet1, Tet2, Tet3, Tex24, Tfam, Tfap2a, Tfap2b, Tfap2c, Tfap2d, Tfap2e, Tfap4, Tfcp2, Tfdp1, Tfdp2, Tfe3, Tfeb, Tfec, Tfpt, Tfr2, Tfrc, Tgfb1, Tgfb1i1, Tgfb2, Tgfb3, Tgfbr1, Thap11, Thap3, Thra, Thrap3, Thrb, Tigar, Timeless, Tinf2, Tlr2, Tlr3, Tlr4, Tlr7, Tlr9, Tlx1, Tlx2, Tmem161a, Tmf1, Tmprss6, Tmsb4x, Tnf, Tnfaip1, Tnfrsf1a, Tnfrsf1b, Tnfsf11, Tnfsf13, Tnfsf4, Tnfsf8, Tnip1, Tnip2, Tnks, Tnks2, Tnni2, Tnrc6a, Tnrc6b, Tnrc6c, Tob1, Top2a, Top2b, Topors, Tox, Tox2, Tox3, Tra2a, Tra2b, Traf6, Trem2, Trerf1, Trf, Triap1, Trim13, Trim14, Trim24, Trim25, Trim27, Trim28, Trim32, Trim37, Trim38, Trim44, Trim62, Trim71, Trim8, Trip4, Trmt112, Trp53, Trp53bp1, Trp53inp1, Trp53inp2, Trp63, Trp73, Trrap, Tsc2, Tsc22d1, Ttc5, Tunar, Tut4, Tut7, Twist1, Txk, Ube2b, Ube2e1, Ube2l3, Ube2n, Ube2v2, Ube3a, Ubp1, Ubtf, Ubtfl1, Uchl1, Uchl5, Ucn, Uimc1, Upf1, Upf3a, Upf3b, Usf1, Usf2, Usf3, Usp16, Usp21, Usp22, Utf1, Utp15, Vcp, Vdr, Vegfa, Vezf1, Vgll2, Vps72, Vsx2, Wac, Was, Wasl, Wbp2, Wbp2nl, Wdr43, Wdr48, Wdr5, Wdr75, Wdr77, Wiz, Wnk1, Wnt1, Wnt10b, Wnt11, Wnt2, Wnt3a, Wnt4, Wnt5a, Wnt6, Wnt7a, Wrap53, Wrn, Wt1, Wwc1, Wwox, Wwp2, Wwtr1, Xbp1, Xpa, Xpc, Xrcc1, Xrcc5, Xrcc6, Yaf2, Yap1, Ybx1, Yeats4, Yes1, Ythdf1, Ythdf2, Ythdf3, Ywhah, Yy1, Yy2, Zbed3, Zbed4, Zbtb16, Zbtb17, Zbtb18, Zbtb20, Zbtb38, Zbtb48, Zbtb49, Zbtb7b, Zbtb7c, Zc3h12a, Zc3h12d, Zc3h18, Zc3h8, Zc3hav1, Zcchc12, Zcwpw1, Zeb1, Zeb2, Zfat, Zfhx3, Zfp131, Zfp142, Zfp143, Zfp148, Zfp175, Zfp212, Zfp219, Zfp24, Zfp263, Zfp281, Zfp287, Zfp292, Zfp318, Zfp326, Zfp335, Zfp36, Zfp36l1, Zfp36l2, Zfp36l3, Zfp384, Zfp395, Zfp407, Zfp410, Zfp42, Zfp423, Zfp462, Zfp516, Zfp521, Zfp523, Zfp541, Zfp593, Zfp609, Zfp639, Zfp64, Zfp646, Zfp677, Zfp711, Zfp715, Zfp750, Zfp758, Zfp819, Zfp827, Zfp90, Zfpm1, Zfpm2, Zfx, Zglp1, Zic1, Zic2, Zic3, Zkscan17, Zkscan3, Zmiz1, Zmiz2, Zmynd8, Znhit1, Zp3, Zscan21, Zswim8, Zxdb, Zxdc
GO:0070727	cellular macromolecule localization	2700	67	39.33	1.1e-05	0.0030888	1700009N14Rik, 2700049A03Rik, 4930550C14Rik, 4933427D14Rik, 5730455P16Rik, A1cf, Aaas, Aacs, Aagab, Aak1, Abat, Abca1, Abca12, Abca2, Abca7, Abcb1a, Abcb9, Abcc8, Abcg1, Abhd17a, Abhd17b, Abhd17c, Abi3, Abl1, Abl2, Abra, Acd, Acsl3, Acsl4, Actb, Actg1, Actn2, Actn4, Actr3, Acvr1c, Acvr2b, Adam10, Adam11, Adam22, Adam9, Adar, Adcy10, Adcy5, Adcy6, Adcy8, Adcyap1, Adgrv1, Adipoq, Adora1, Adora2a, Adra2a, Adrb1, Adtrp, Afdn, Afg2b, Afm, Aftph, Agap1, Agap2, Agap3, Ager, Agk, Agr2, Agrn, Agt, Agtr1a, Agtr2, Ahctf1, Ahcyl1, Ahi1, Ahr, Aifm1, Aip, Airn, Ajuba, Akain1, Akap1, Akap10, Akap11, Akap3, Akap4, Akap5, Akap7, Akap8, Akirin2, Akt1, Akt2, Aktip, Alox5, Als2, Als2cl, Amn, Amot, Amotl2, Ang, Ang2, Ang3, Ang4, Ang5, Ang6, Angpt1, Ank1, Ank2, Ank3, Ankle1, Ankrd1, Ankrd10, Ankrd13a, Ankrd13c, Ankrd27, Ankrd6, Ankrd66, Anks4b, Ano1, Anp32b, Anxa1, Anxa2, Anxa5, Anxa7, Ap1ar, Ap1b1, Ap1g1, Ap1g2, Ap1m1, Ap1m2, Ap1s1, Ap1s2, Ap1s3, Ap2a1, Ap2a2, Ap2b1, Ap2m1, Ap2s1, Ap3b1, Ap3b2, Ap3d1, Ap3m1, Ap3m2, Ap3s1, Ap3s2, Ap4b1, Ap4e1, Ap4m1, Ap4s1, Ap5b1, Ap5m1, Ap5s1, Ap5z1, Apba1, Apba2, Apba3, Apbb1, Apbb3, Apc, Aplf, Apob, Apobec1, Apoc2, Apoc2l, Apoc3, Apod, Apoe, App, Appbp2, Appl1, Appl2, Aqp11, Ar, Arcn1, Arf1, Arf2, Arf3, Arf4, Arf5, Arf6, Arfgap1, Arfgap2, Arfgap3, Arfgef1, Arfgef2, Arfip1, Arfip2, Arfrp1, Arhgap1, Arhgap33, Arhgap44, Arhgdia, Arhgdig, Arhgef16, Arhgef18, Arhgef5, Arhgef9, Arl1, Arl11, Arl13a, Arl13b, Arl14, Arl2, Arl2bp, Arl3, Arl4a, Arl4c, Arl4d, Arl5a, Arl5b, Arl5c, Arl6, Arl6ip1, Arl6ip5, Arl8a, Arl8b, Armcx3, Arpc2, Arrb1, Arrb2, Arrdc1, Arrdc2, Arrdc3, Arrdc4, Arrdc5, Arxes1, Arxes2, Asap1, Asb15, Asb3, Asic2, Asph, Aspscr1, Astn2, Atad1, Atcay, Atf2, Atg10, Atg13, Atg14, Atg16l1, Atg16l2, Atg3, Atg4a, Atg4b, Atg4c, Atg4d, Atg7, Atg9a, Atg9b, Atm, Atp13a1, Atp13a2, Atp1b1, Atp1b3, Atp2b4, Atp2c1, Atp2c2, Atp5if1, Atp6ap1, Atp6v1d, Atp8b1, Atr, Atrx, Atxn3, AU015836, Aup1, Aurka, Aurkb, Axin2, B3gat3, B3glct, B4galnt2, B9d1, Bad, Bag1, Bag3, Bag4, Bag6, Baiap2, Baiap3, Banp, Bard1, Bax, Bbc3, Bbip1, Bbs1, Bbs10, Bbs2, Bbs4, Bbs5, Bbs7, Bbs9, Bcap29, Bcap31, Bcl2, Bcl2l1, Bcl3, Bcl6, Bcr, Bcs1l, Becn1, Bet1, Bet1l, Bglap2, Bicd1, Bicd2, Bid, Bin3, Birc5, Blk, Bloc1s3, Bloc1s6, Blzf1, Bmal1, Bmp4, Bmper, Bnip1, Bnip3l, Bora, Braf, Brca1, Brca2, Brd2, Brd3, Brme1, Brsk2, Bsg, Bsn, Btf3, Bub1b, Bub3, C1ql2, C1ql3, C1qtnf12, C1qtnf3, C1qtnf5, C2cd2l, C2cd3, C2cd5, C9orf72, Cabp1, Cacna1a, Cacna1c, Cacna1d, Cacna1e, Cacna2d2, Cacnb1, Cacnb2, Cacnb3, Cacnb4, Cacng2, Cacng3, Cacng4, Cacng5, Cacng7, Cacng8, Cadm3, Cadps, Cadps2, Calcrl, Calr, Camk1, Camk2a, Camk2b, Camk2d, Camk2g, Camk2n1, Camk4, Caml, Camsap3, Capn10, Capn3, Caprin1, Card10, Carm1, Carmil2, Cartpt, Casc3, Cask, Casr, Cav1, Cav2, Cav3, Cavin1, Cbl, Cbln1, Cbln4, Cby1, Cc2d2a, Cc2d2b, Ccdc120, Ccdc14, Ccdc186, Ccdc22, Ccdc39, Ccdc40, Ccdc47, Ccdc66, Ccdc68, Ccdc85c, Ccdc88a, Ccdc91, Ccdc93, Cchcr1, Cckar, Ccl2, Ccl5, Ccn3, Ccne1, Ccne2, Cct2, Cct3, Cct4, Cct5, Cct6a, Cct7, Cct8, Cd177, Cd200, Cd247, Cd24a, Cd2ap, Cd36, Cd38, Cd3g, Cd4, Cd53, Cd63, Cd68, Cd74, Cd81, Cdan1, Cdc42, Cdh1, Cdh2, Cdh5, Cdk1, Cdk16, Cdk20, Cdk5, Cdk5r1, Cdk5rap3, Cdk9, Cdkl5, Cdkn1a, Cdkn2a, Cela2a, Celsr1, Celsr2, Celsr3, Cemip, Cenpa, Cenpe, Cenpf, Cenpq, Cep120, Cep128, Cep131, Cep135, Cep192, Cep250, Cep290, Cep295, Cep350, Cep41, Cep55, Cep63, Cep68, Cep72, Cep78, Cep83, Cer1, Cetn2, Cetn3, Cfap53, Cfap58, Cfap70, Cfl1, Cftr, Cgnl1, Champ1, Chchd4, Chga, Chm, Chml, Chmp1a, Chmp1b, Chmp1b2, Chmp2a, Chmp2b, Chmp3, Chmp4b, Chmp4c, Chmp5, Chmp6, Chmp7, Chp1, Chp2, Chrd, Chrdl1, Chrm1, Chrm3, Cib1, Cit, Ciz1, Ckap5, Clasp2, Cldn18, Clec2i, Clic5, Clip1, Clip3, Cln3, Clock, Clstn1, Clstn3, Clta, Cltb, Cltc, Cltrn, Clu, Cmtm6, Cnep1r1, Cngb1, Cnih3, Cnih4, Cnpy4, Cnr1, Cnst, Cntln, Cntn2, Cntnap1, Cntnap2, Cog1, Cog2, Cog3, Cog4, Cog5, Cog6, Cog7, Cog8, Col1a1, Colq, Commd1, Comp, Comt, Copa, Copb1, Copb2, Cope, Copg1, Copg2, Copz1, Copz2, Coro1b, Coro1c, Coro2b, Coro7, Cox18, Cpap, Cpe, Cplane1, Cplane2, Cplx1, Cplx3, Cpt1a, Cracr2a, Crb1, Crb3, Crebbp, Crh, Crhr2, Cript, Crk, Crkl, Crocc, Cry2, Cse1l, Csk, Csnk1d, Csnk1e, Csnk2a1, Csrp3, Ctcf, Ctcfl, Ctdnep1, Ctdspl2, Ctnna1, Ctnnb1, Ctnnd1, Ctns, Ctsd, Cttn, Cttnbp2nl, Cubn, Cuta, Cwh43, Cyb5r4, Cyld, Cyp46a1, Cyp51, Cyren, D1Pas1, Dab2, Dag1, Dand5, Daxx, Dbn1, Dchs1, Dclk1, Dclk2, Dclk3, Dcp1a, Dcp1b, Dctn1, Dctn2, Ddit3, Ddrgk1, Ddx1, Ddx3x, Ddx4, Ddx42, Ddx5, Dennd10, Dennd1a, Dennd1b, Dennd2a, Dennd4c, Derl1, Derl2, Derl3, Desi1, Dgat1, Dgkd, Dhcr24, Dhx36, Dhx9, Diaph1, Diaph2, Disc1, Dkc1, Dlg1, Dlg2, Dlg3, Dlg4, Dlg5, Dlgap1, Dmap1, Dmbt1, Dmd, Dmtn, Dnaaf11, Dnaja1, Dnaja3, Dnajb2, Dnajb6, Dnajc1, Dnajc14, Dnajc15, Dnajc19, Dnajc27, Dnlz, Dnm1l, Dnm2, Doc2b, Dok7, Dop1a, Dop1b, Dph3, Dpp10, Dpp6, Drd1, Drd2, Drd3, Drd4, Dsg3, Dsp, Dtnbp1, Dtx3l, Duoxa1, Duoxa2, Dusp18, Dusp21, Dvl1, Dvl2, Dvl3, Dync2h1, Dynll1, Dynlt1a, Dynlt1b, Dynlt1c, Dynlt1f, Dyrk1a, Dzip1, Dzip1l, E230001N04Rik, E2f3, Ect2, Edem1, Edem2, Edn1, Ednra, Ednrb, Efcab7, Efna5, Efr3a, Efr3b, Egf, Egfr, Egr2, Ehbp1, Ehd1, Ehd2, Ehd3, Ehd4, Ei24, Eif2ak1, Eif2ak3, Eif3e, Eif4enif1, Eif4g1, Eipr1, Elavl1, Elfn1, Elfn2, Elmod1, Elmod3, Emc1, Emc10, Emc2, Emc3, Emc4, Emc6, Emc7, Emc8, Emc9, Emd, Emp2, Ensa, Entr1, Eny2, Ep300, Epb41, Epb41l1, Epb41l2, Epb41l3, Epb41l5, Epha2, Epha3, Epha5, Ephb2, Epm2a, Eps15, Epsti1, Erbb2, Erbb4, Erbin, Erc1, Ercc3, Ergic3, Erlec1, Erp29, Errfi1, Esam, Esco2, Esr1, Etv5, Exoc1, Exoc2, Exoc3, Exoc4, Exoc5, Exoc6, Exoc6b, Exoc7, Exoc8, Exph5, Ezh2, Ezr, F11r, F2, F2r, F2rl1, F2rl2, Faf2, Fam149b, Fam3a, Fam3b, Fam3d, Fam53a, Fam53b, Fam53c, Fam76b, Fam83d, Fam83h, Fam91a1, Farp1, Fbln5, Fbn1, Fbn2, Fbxo4, Fbxo7, Fbxw7, Fcer1g, Fcho2, Fchsd2, Fcnb, Fermt1, Fermt2, Ffar1, Ffar2, Ffar3, Fga, Fgb, Fgf10, Fgf13, Fgf7, Fgf9, Fgg, Fhip1a, Fhip1b, Filip1, Filip1l, Fis1, Fkbp1b, Fkbp8, Fkrp, Flna, Flot1, Flot2, Fmn2, Fndc1, Fnta, Folr1, Folr2, Foxa2, Foxj1, Foxo1, Fras1, Frat1, Frat2, Frey1, Frmd4a, Frmd6, Frmd8, Frmpd1, Frrs1l, Fsip2, Fto, Fubp3, Fuz, Fyb1, Fyb2, Fyn, Fzd9, G6pc2, Gabarap, Gabarapl2, Gak, Gapvd1, Gas2l1, Gas2l2, Gas6, Gas8, Gbf1, Gbp2, Gbp4, Gbp5, Gcc2, Gcg, Gck, Gckr, Gdap1, Gdi1, Gdi2, Get1, Get3, Get4, Gfap, Gfy, Gga1, Gga2, Gga3, Ggn, Ghrh, Ghrl, Ghsr, Gip, Gipc1, Gipr, Git1, Gja1, Gja5, Gle1, Gli3, Glipr1l1, Glis2, Glmp, Glp1r, Glrb, Glud1, Glul, Gm14461, Gm44504, Gna11, Gnai1, Gnao1, Gnaq, Gnas, Gnat2, Gnaz, Gngt1, Gnl3, Gnl3l, Gnptab, Golga2, Golga4, Golga7, Golga7b, Golph3, Golph3l, Golt1a, Golt1b, Gopc, Gorasp1, Gorasp2, Gosr1, Gosr2, Gpc1, Gpc2, Gpc3, Gpc4, Gpc5, Gpc6, Gpd1l, Gper1, Gphn, Gpihbp1, Gpld1, Gpm6b, Gpr119, Gpr137b, Gpr158, Gpr179, Gpr27, Gpr39, Gpr68, Gpr89, Gprc6a, Gpsm2, Gria2, Grid2, Grik2, Grik5, Grin1, Grin2a, Grin2b, Grin2c, Grin3b, Grip1, Grip2, Gripap1, Grk2, Grk3, Grpel1, Grpel2, Grxcr2, Gsdmd, Gsk3a, Gsk3b, Gsn, Guk1, H13, H1f5, H2-DMa, H2ac4, H2ax, Hacl1, Hadh, Hap1, Haspin, Hcar2, Hcfc1, Hcls1, Hcn1, Hdac3, Hdac6, Hdgf, Heatr3, Heatr5a, Heatr5b, Hectd1, Heg1, Hepacam, Herpud1, Hfe, Hgs, Hhex, Hif1a, Hikeshi, Hinfp, Hk1, Hk2, Hm629797, Hmga1, Hmgcr, Hmgn3, Hnf1a, Hnf1b, Hnf4a, Hnrnpab, Hnrnpk, Hnrnpm, Hnrnpu, Homer1, Hook1, Hook2, Hook3, Hpca, Hps1, Hps4, Hps6, Hpse, Hras, Hsp90aa1, Hsp90ab1, Hsp90b1, Hspa1l, Hspa4, Hspa5, Hspa8, Hspa9, Hspb1, Hspd1, Hspg2, Htatsf1, Htr1a, Htr2a, Htt, Hyal2, Hycc1, Hycc2, Ice1, Icmt, Id4, Idh2, Idua, Ier3ip1, Iffo1, Ifi27, Ifnb1, Ifng, Ift122, Ift140, Ift20, Ift22, Ift25, Ift27, Ift46, Ift56, Ift80, Ift88, Igf1, Igsf11, Igtp, Ik, Ikbkb, Ikzf1, Il10ra, Il12a, Il12b, Il13, Il1a, Il1b, Il1rn, Il33, Il6, Ildr1, Ildr2, Ilk, Ilrun, Immp1l, Immp2l, Impg2, Ing1, Inhbb, Inpp5e, Inpp5k, Inppl1, Ins1, Ins2, Insc, Insig1, Insig2, Ints13, Intu, Invs, Ipo11, Ipo13, Ipo4, Ipo5, Ipo7, Ipo8, Ipo9, Iqce, Iqgap1, Iqsec2, Irgm1, Irgm2, Irs1, Irs2, Isg15, Isl1, Ist1, Itga3, Itga4, Itga8, Itgal, Itgam, Itgb1, Itgb1bp1, Itgb2, Itgb2l, Itgb3, Itgb7, Itpr1, Itsn1, Jagn1, Jak1, Jak2, Jakmip1, Jam3, Jarid2, Jsrp1, Jup, Kalrn, Katna1, Kcna1, Kcnab2, Kcnb1, Kcnb2, Kcne1, Kcne2, Kcnip3, Kcnip4, Kcnj11, Kcnj6, Kcnj8, Kcnn4, Kcnq1, Kcnq2, Kcnq3, Kdelr1, Kdelr2, Kdelr3, Kdm1a, Khdc3, Kics2, Kif13a, Kif14, Kif17, Kif18a, Kif1a, Kif1b, Kif20a, Kif20b, Kif2c, Kif3a, Kif3b, Kif5a, Kif5b, Kif5c, Kifap3, Klc1, Klf5, Klf7, Klhl20, Klhl21, Knl1, Kntc1, Kpna1, Kpna2, Kpna2rt, Kpna3, Kpna4, Kpna6, Kpna7, Kpnb1, Kptn, Krt18, Krt20, Krt5, Ktn1, L1cam, Lama5, Lamp1, Lamp2, Lamp3, Lamp5, Lamtor1, Lamtor2, Lamtor3, Lamtor4, Lamtor5, Laptm5, Large1, Larp7, Larp7-ps, Lats1, Lats2, Lca5, Lcp1, Ldlrap1, Lef1, Lemd2, Lep, Lepr, Leprot, Lgals3, Lgals9, Lgi1, Lhcgr, Lhfpl4, Lilrb4a, Lilrb4b, Limk2, Lims1, Lin7a, Lin7b, Lin7c, Lman1, Lman2, Lman2l, Lmbrd1, Lmf1, Lmna, Lmnb1, Lmnb2, Lmtk2, Lonp2, Lrba, Lrig2, Lrit3, Lrp1, Lrp2, Lrp4, Lrp5, Lrp6, Lrrc15, Lrrc32, Lrrc4, Lrrc7, Lrrc8a, Lrrk2, Lrrtm1, Lrrtm4, Lrsam1, Lrwd1, Lsg1, Lsr, Ltbp1, Luzp1, Lypd1, Lypla1, Lyplal1, Lyst, Lztfl1, Lzts2, M6pr, Macf1, Macir, Macroh2a1, Macroh2a2, Madcam1, Madd, Mafa, Maged1, Magi2, Maip1, Mal, Malrd1, Mamdc4, Man1a, Map1a, Map2, Map2k1, Map4k4, Map7, Mapk1, Mapk10, Mapk14, Mapk15, Mapk8, Mapk8ip3, Mapk9, Mapre1, Mapre2, Mapre3, Mapt, Marchf5, Marcks, Mark3, Mark4, Marveld3, Mavs, Mc4r, Mcc, Mcfd2, Mcm3ap, Mcm8, Mcm9, Mcoln2, Mcph1, Mcrs1, Mcu, Mdc1, Mdfic, Mdm2, Meak7, Mecp2, Med1, Meig1, Mepce, Mesd, Mex3b, Mff, Mfhas1, Mfn2, Mfsd1, Mgarp, Mgat3, Mia2, Mia3, Micall1, Mid1, Mid2, Midn, Mief1, Mief2, Mipep, Mir130a, Mir200a, Mir208b, Mir410, Mis18a, Misp, Mlc1, Mlh3, Mlph, Mmd, Mmd2, Mmgt1, Mmp12, Mmp13, Mmp14, Mms22l, Moap1, Mon1a, Mon1b, Mon2, Morc3, Mosmo, Mpc2, Mpdz, Mpp4, Mpp7, Mprip, Mrap, Mrap2, Mrnip, Msh2, Msn, Msr1, Msx1, Mtbp, Mtch1, Mtch2, Mtcl1, Mterf4, Mtm1, Mtnr1a, Mtnr1b, Mtor, Mttp, Mtx1, Mtx2, Mup1, Mup11, Mup2, Mup3, Mup4, Mup5, Musk, Mvb12a, Mvb12b, Myadm, Mycbp2, Myh10, Myh9, Myl12a, Mylk, Myo18a, Myo1a, Myo1b, Myo1c, Myo1d, Myo5a, Myo5b, Myo6, Myo7a, Myom1, Myrip, Myt1, Nabp2, Naca, Nacad, Nadk, Nagpa, Napa, Napb, Napg, Nasp, Nbea, Nbeal1, Nbeal2, Nbl1, Nbn, Ncf1, Nckap1, Ncln, Ncoa4, Ncoa6, Ndc1, Ndel1, Ndfip1, Ndfip2, Ndp, Ndufa13, Ndufaf2, Necab2, Necap1, Necap2, Nectin1, Nectin3, Nedd1, Nedd4, Nedd4l, Nedd8, Nedd9, Negr1, Neo1, Neto1, Neto2, Neurl1b, Neurl3, Neurod1, Nf1, Nf2, Nfasc, Nfatc3, Nfkbia, Ngdn, Ngfr, Nherf1, Nherf2, Nherf4, Nhlrc1, Nin, Nipbl, Nkd2, Nkx3-1, Nkx6-1, Nlgn1, Nlgn2, Nlgn3, Nlrp5, Nmd3, Nme7, Nmt1, Nmt2, Nmu, Nnat, Nol3, Nol8, Nolc1, Nomo1, Nop53, Nos1, Nos2, Notch1, Notch4, Npc1, Npff, Nphp1, Nphp4, Nphs1, Nploc4, Npm1, Npnt, Nptn, Nptx1, Nptx2, Nptxr, Nr0b1, Nr0b2, Nr1d1, Nr1h2, Nr1h3, Nr1h4, Nr5a1, Nrarp, Nrcam, Nrp1, Nrros, Nrxn1, Nrxn2, Nrxn3, Nsd2, Nsf, Nsfl1c, Nsg1, Nuak2, Nubp1, Nucb1, Nudcd3, Numa1, Numb, Nup107, Nup133, Nup153, Nup155, Nup160, Nup188, Nup210, Nup214, Nup35, Nup37, Nup42, Nup43, Nup50, Nup50l, Nup54, Nup58, Nup62, Nup62cl, Nup85, Nup88, Nup93, Nup98, Nutf2, Nutf2-ps1, Nutf2-ps2, Nvl, Nxf1, Nxt1, Nxt2, Oaz1, Oaz2, Oaz3, Obsl1, Odad4, Odr4, Oga, Ogt, Olfm2, Ooep, Oprm1, Optn, Or51e2, Orai1, Ormdl3, Os9, Osbp, Osbpl8, Otog, Otogl, Otud7b, Oxa1l, Oxct1, P2rx7, P2ry1, P3h1, Pacrg, Pacs1, Pacs2, Pacsin1, Pacsin2, Padi6, Paf1, Pafah1b1, Pak1, Pak2, Pakap, Palm, Pals1, Pam16, Pan3, Paqr3, Pard3, Pard3b, Pard6a, Park7, Parl, Parp1, Parp11, Parp3, Parp9, Pax6, Pcare, Pcid2, Pck2, Pclo, Pcm1, Pcnt, Pcsk1, Pdcd10, Pdcd5, Pdcd5-ps, Pdcd6, Pdcd6ip, Pde1c, Pde3b, Pde4c, Pde8b, Pdpk1, Pdx1, Pdzd7, Pdzk1, Pecam1, Peg12, Per2, Pes1, Pex1, Pex10, Pex12, Pex13, Pex14, Pex16, Pex19, Pex2, Pex26, Pex3, Pex5, Pex5l, Pex6, Pex7, Pfkfb2, Pfkl, Pfkm, Pgap1, Pgap2, Pgr, Pgrmc1, Phaf1, Phax, Phb2, Phip, Phldb2, Phyhip, Pias1, Pias4, Pibf1, Picalm, Pick1, Pid1, Pigr, Pigw, Pik3c3, Pik3ca, Pik3r1, Pik3r2, Pik3r4, Pikfyve, Pim3, Pin1, Pin1rt1, Pink1, Pinx1, Pip5k1a, Pitpnm1, Piwil4, Pkd1, Pkdcc, Pkia, Pkig, Pkp1, Pkp2, Pkp3, Pla2g6, Plcb1, Plec, Plek, Plekha1, Plekhf1, Plekhf2, Plekhm1, Plekhm2, Plk1, Plk2, Plk3, Plod3, Plrg1, Pls1, Pmaip1, Pmfbp1, Pml, Pmpca, Pmpcb, Pola2, Polr1a, Pom121, Pom121l2, Porcn, Pot1a, Pot1b, Potefam3a, Potefam3b, Ppard, Pparg, Ppfia1, Pphln1, Ppia, Ppid, Ppil2, Ppm1a, Ppm1f, Ppp1r15a, Ppp1r3c, Ppp1r9b, Ppp2r2b, Ppp2r5a, Ppp3ca, Ppp3cb, Ppp3r1, Ppt1, Praf2, Pram1, Preb, Prepl, Prf1, Prickle1, Prkaa1, Prkaa2, Prkaca, Prkar1a, Prkcb, Prkcd, Prkce, Prkci, Prkcq, Prkcz, Prkd1, Prkg2, Prkn, Prnp, Prpf19, Prpf4b, Prph2, Prr5l, Prrt1, Psap, Psen1, Psen2, Psmd9, Ptbp1, Ptch1, Ptger3, Ptger4, Ptgs2, Ptn, Ptp4a3, Ptpmt1, Ptpn1, Ptpn11, Ptpn14, Ptpn22, Ptpn23, Ptpn5, Ptpn9, Ptprk, Ptprn, Ptprn2, Ptpru, Ptprv, Pttg1ip, Pttg1ip2, Pum2, Pygo1, Qki, Rab10, Rab11a, Rab11b, Rab11fip1, Rab11fip2, Rab11fip3, Rab11fip5, Rab12, Rab13, Rab14, Rab15, Rab17, Rab18, Rab19, Rab1a, Rab1b, Rab20, Rab21, Rab22a, Rab23, Rab24, Rab25, Rab26, Rab27a, Rab27b, Rab28, Rab29, Rab2a, Rab2b, Rab31, Rab32, Rab33b, Rab34, Rab35, Rab36, Rab37, Rab38, Rab39, Rab39b, Rab3a, Rab3b, Rab3c, Rab3d, Rab3gap1, Rab3gap2, Rab3il1, Rab3ip, Rab43, Rab4a, Rab4b, Rab5a, Rab5b, Rab5c, Rab5if, Rab6a, Rab6b, Rab7, Rab7b, Rab8a, Rab8b, Rab9, Rab9b, Rabep1, Rabep2, Rabgap1l, Rabgef1, Rabif, Rabl2, Rabl3, Rac1, Rack1, Rad17, Rad21, Raf1, Rala, Ralgapa2, Ralgapb, Ramp1, Ramp2, Ramp3, Ran, Ranbp17, Ranbp2, Ranbp3, Ranbp3l, Ranbp6, Rangap1, Rangrf, Rap1a, Rap1gds1, Rap2a, Rapgef2, Rapgef3, Rapgef4, Rapgef6, Rapsn, Rasl2-9, Rassf5, Rb1, Rbm22, Rbm4, Rbp4, Rbsn, Rcc2, Rcn3, Rcsd1, Rd3, Rdx, Reep1, Reep2, Reln, Rep15, Rer1, Rest, Rffl, Rftn1, Rfx3, Rfx6, Rhbdd1, Rhbdd3, Rhbdf1, Rhbdf2, Rhno1, Rhob, Rhod, Rhog, Rhoq, Ric1, Ric3, Rilp, Rilpl1, Rilpl2, Rims1, Rims2, Rinl, Rint1, Ripor1, Ripor2, Rit2, Rnf168, Rnf186, Rnf26, Rnf26rt, Rnf4, Rock1, Rock2, Rom1, Romo1, Ropn1, Rp2, Rpa1, Rpa2, Rpain, Rpf2, Rph3a, Rph3al, Rpl11, Rptor, Rraga, Rragb, Rragc, Rrbp1, Rrp7a, Rrs1, Rsad2, Rsc1a1, Rsl1d1, Rtn2, Rtn4, Rtp1, Rtp2, Rtp3, Rtp4, Rufy1, Rufy3, Ruvbl2, Ryr2, S100a10, S100a13, Sacm1l, Samm50, Sapcd2, Sar1a, Sar1b, Sarm1, Scamp1, Scamp2, Scamp3, Scamp4, Scamp5, Scarb2, Scfd1, Scfd2, Scg3, Scg5, Scml2, Scn3b, Sco1, Scp2, Scrib, Scyl1, Scyl3, Sdad1, Sec13, Sec16a, Sec16b, Sec22a, Sec22b, Sec22c, Sec23a, Sec23b, Sec24a, Sec31a, Sec31b, Sec61a1, Sec61a2, Sec61b, Sec61bl, Sec61g, Sec62, Sec63, Seh1l, Sel1l, Selenbp1, Selenbp2, Selenok, Selenos, Selenot, Senp2, Septin1, Septin10, Septin11, Septin12, Septin14, Septin2, Septin3, Septin4, Septin5, Septin6, Septin7, Septin8, Septin9, Sergef, Serp1, Sesn2, Setd2, Sfn, Sfrp1, Sft2d1, Sft2d2, Sft2d3, Sgk1, Sgo2a, Sgta, Sgtb, Sh3bp4, Sh3glb1, Sh3kbp1, Sh3pxd2b, Sh3tc2, Shank1, Shank3, Shh, Shisa6, Shisa7, Shroom2, Shroom3, Siah3, Sidt2, Sik3, Sil1, Sin3a, Sirt1, Sirt3, Sirt4, Sirt6, Sirt7, Six1, Six2, Six3, Six4, Skap1, Skp1, Slc10a7, Slc12a1, Slc12a2, Slc15a1, Slc15a2, Slc15a3, Slc15a4, Slc15a5, Slc16a1, Slc18a2, Slc1a1, Slc25a22, Slc26a4, Slc28a2, Slc28a2b, Slc2a2, Slc30a1, Slc30a8, Slc35d3, Slc4a1, Slc4a8, Slc51b, Slc5a3, Slc7a11, Slc7a6os, Slc8b1, Slc9a2, Slc9b2, Slf1, Slf2, Slitrk3, Slmap, Slu7, Smad2, Smc5, Smo, Smurf1, Smyd3, Snap23, Snap25, Snap29, Snap47, Snap91, Snapin, Snca, Sncg, Snf8, Snhg15, Snord32a, Snord33, Snord34, Snord35a, Snupn, Snx1, Snx10, Snx11, Snx12, Snx13, Snx14, Snx15, Snx16, Snx17, Snx18, Snx19, Snx2, Snx20, Snx21, Snx24, Snx25, Snx27, Snx3, Snx30, Snx31, Snx32, Snx33, Snx4, Snx5, Snx6, Snx7, Snx8, Snx9, Sorbs1, Sorbs2, Sorcs2, Sorl1, Sort1, Sox4, Sox9, Sp100, Spag17, Spag5, Spag6l, Spata33, Spata7, Spcs1, Spcs2, Spcs3, Spdl1, Spdya, Spg11, Spi1, Spidr, Spin1, Spire1, Spire2, Spo11, Sprn, Sptbn1, Sptbn4, Sptssa, Sqstm1, Src, Srcin1, Srebf1, Srgn, Sri, Srp14, Srp19, Srp54a, Srp54b, Srp54c, Srp68, Srp72, Srp9, Srpra, Srprb, Srsf1, Ssb, Ssh1, Ssna1, Ssr3, Sstr5, Stac, Stac2, Stac3, Stag3, Stam, Stam2, Stat3, Stau1, Stau2, Steap3, Steep1, Stil, Stim1, Sting1, Stk11, Stk11ip, Stk3, Stk4, Stom, Strada, Stradb, Strc, Stx11, Stx12, Stx16, Stx17, Stx18, Stx19, Stx1a, Stx1b, Stx2, Stx3, Stx4a, Stx5a, Stx6, Stx7, Stx8, Stxbp1, Stxbp2, Stxbp3, Stxbp4, Stxbp5, Stxbp5l, Sucnr1, Sumo1, Sumo2, Sumo3, Sun1, Sun2, Sun5, Supt7l, Surf4, Svbp, Svip, Swap70, Sybu, Sycp1, Syk, Syndig1, Syne1, Syne3, Syngap1, Syngr1, Syngr2, Synj2bp, Synrg, Sys1, Syt11, Syt4, Syt7, Syt9, Sytl1, Sytl2, Sytl3, Sytl4, Sytl5, Syvn1, Szt2, Tacr2, Taf3, Taf8, Tamalin, Tango2, Tango6, Tap1, Tap2, Tardbp, Tasor, Tax1bp1, Tax1bp3, Tbc1d1, Tbc1d13, Tbc1d17, Tbc1d32, Tbc1d5, Tbrg1, Tcaf1, Tcf7l2, Tcirg1, Tcp1, Tctn1, Tctn2, Tecpr2, Tek, Tenm1, Tent2, Terf1, Terf2, Terf2ip, Tert, Tesc, Tescl, Tesk1, Tespa1, Tex15, Tfap2b, Tfr2, Tfrc, Tgfb1, Tgfb2, Tgfb3, Tgfbrap1, Thy1, Tia1, Tiam1, Timm10, Timm10b, Timm13, Timm17a, Timm17b, Timm21, Timm22, Timm23, Timm29, Timm44, Timm50, Timm8a1, Timm8a2, Timm8b, Timm9, Tinf2, Tjp1, Tjp2, Tjp3, Tlk1, Tlr2, Tlr4, Tm7sf3, Tm9sf1, Tm9sf2, Tm9sf3, Tm9sf4, Tm9sf5, Tmbim1, Tmco1, Tmco6, Tmed1, Tmed10, Tmed10-ps, Tmed11, Tmed2, Tmed3, Tmed4, Tmed5, Tmed6, Tmed7, Tmed9, Tmem107, Tmem108, Tmem126a, Tmem129, Tmem132a, Tmem147, Tmem150a, Tmem167, Tmem184a, Tmem201, Tmem231, Tmem258, Tmem30a, Tmem30b, Tmem35a, Tmem59, Tmem88, Tmem9, Tmem97, Tmem98, Tmigd1, Tnf, Tnfaip3, Tnfaip6, Tnfrsf1a, Tnik, Tnks, Tnks2, Tnpo1, Tnpo2, Tnpo3, Tnrc6a, Tns4, Tollip, Tom1, Tom1l1, Tom1l2, Tomm20, Tomm20l, Tomm22, Tomm34, Tomm40, Tomm40l, Tomm5, Tomm6, Tomm7, Tomm70a, Tomt, Tonsl, Topbp1, Topors, Tor1a, Tor1aip1, Tor1aip2, Tor1b, Tpbg, Tpp1, Tpr, Traf3ip2, Traf6, Traf7, Trak1, Trak2, Tram1, Tram1l1, Tram2, Trappc12, Trarg1, Trem2, Treml4, Trex1, Trh, Trim12a, Trim12c, Trim17, Trim23, Trim25, Trim28, Trim29, Trim3, Trim30a, Trim30b, Trim30c, Trim30d, Trim37, Trim40, Trim46, Trim5, Trim50, Trim69, Trim8, Trip11, Trmt10b, Trp53, Trp53bp1, Trp53inp2, Trpa1, Trpc1, Trpm1, Trpm2, Trpm4, Trpm5, Tsc2, Tsg101, Tspan10, Tspan14, Tspan15, Tspan17, Tspan18, Tspan33, Tspan5, Tspo, Ttbk2, Ttc21a, Ttc21b, Ttc7, Ttc7b, Ttc8, Ttk, Ttn, Tub, Tuba1a, Tulp1, Tulp2, Tulp3, Tunar, Tvp23a, Tvp23b, Txn1, Txnip, Tyk2, Tyrobp, Uaca, Ubac2, Ubap1, Ube2g2, Ube2j1, Ube2q1, Ubl4a, Ubr5, Ubxn2b, Ucn3, Ucp2, Uevld, Ufd1, Ufl1, Ufm1, Ugt8a, Uhmk1, Ulk1, Ulk2, Umod, Unc119, Unc119b, Unc13b, Unc50, Unc93b1, Uqcc2, Use1, Ush1c, Ush2a, Uso1, Usp17le, Usp4, Usp8, Usp9x, Utp25, Uts2, Uty, Vamp2, Vamp3, Vamp4, Vamp5, Vamp7, Vamp8, Vangl2, Vapa, Vcl, Vcp, Vcpip1, Vegfa, Vegfc, Vgf, Vhl, Vil1, Vip, Vipas39, Vldlr, Vmp1, Vps11, Vps13a, Vps13c, Vps13d, Vps16, Vps18, Vps25, Vps26a, Vps26b, Vps26c, Vps28, Vps29, Vps33a, Vps33b, Vps35, Vps35l, Vps36, Vps37a, Vps37b, Vps37c, Vps37d, Vps39, Vps41, Vps45, Vps4a, Vps4b, Vps50, Vps51, Vps52, Vps53, Vps54, Vps8, Vrk1, Vsnl1, Vta1, Vti1a, Vti1b, Vwc2, Wapl, Washc1, Washc2, Washc3, Washc4, Washc5, Wasl, Wbp2, Wdpcp, Wdr11, Wdr19, Wdr24, Wdr35, Wdr45, Wdr45b, Wdr59, Wdr72, Wdr83os, Whrn, Wipf1, Wipi1, Wipi2, Wls, Wnk1, Wnk3, Wnk4, Wnt11, Wnt3a, Wnt5a, Wnt7a, Wnt8a, Wrap53, Wrn, Wwp2, Wwtr1, Xbp1, Xirp1, Xirp2, Xpa, Xpo1, Xpo4, Xpo5, Xpo6, Xpo7, Xpot, Xrcc4, Xrcc5, Yap1, Ybx1, Yif1a, Yif1b, Yipf5, Ykt6, Yod1, Ypel4, Ywhab, Ywhae, Ywhag, Ywhah, Ywhaq, Ywhaz, Zbed6, Zbtb16, Zbtb7a, Zc3h12a, Zdhhc1, Zdhhc11, Zdhhc12, Zdhhc14, Zdhhc15, Zdhhc17, Zdhhc18, Zdhhc19, Zdhhc2, Zdhhc20, Zdhhc21, Zdhhc22, Zdhhc23, Zdhhc24, Zdhhc25, Zdhhc3, Zdhhc4, Zdhhc5, Zdhhc6, Zdhhc7, Zdhhc9, Zfand1, Zfand2a, Zfand2b, Zfand6, Zfp36, Zfp36l1, Zfp384, Zfp385a, Zfp423, Zfp827, Zfyve16, Zfyve27, Zg16, Zic1, Zmat3, Zmynd10, Zmynd8, Zpr1, Zw10, Zwilch
GO:0022607	cellular component assembly	3147	75	45.84	1.3e-05	0.0034029152542372878	1700028K03Rik, 2610042L04Rik, 2700049A03Rik, 4930447C04Rik, 4930544G11Rik, 4933427D14Rik, 9930111J21Rik1, Aaas, Aar2, Abca1, Abca2, Abca3, Abca7, Abcb6, Abcb7, Abcc4, Abcg2, Abhd17a, Abi2, Abi3, Abi3bp, Abitram, Abl1, Abl2, Ablim1, Ablim2, Ablim3, Abraxas1, Abraxas2, Abt1, Acaca, Acacb, Acad9, Acd, Ace, Ace2, Ache, Acot13, Acrbp, Acsl3, Acta1, Actb, Actc1, Actg1, Actl7a, Actl9, Actn1, Actn2, Actn3, Actn4, Actr2, Actr3, Acvr1c, Acvrl1, Adam10, Adamts16, Adar, Adcy8, Add1, Add2, Add3, Adgrb1, Adgrb2, Adgrb3, Adgre5, Adgrf1, Adgrl1, Adgrl2, Adgrl3, Adgrl4, Adnp, Adprhl1, Adrm1, Adrm1b, Afdn, Agfg1, Agfg2, Ago1, Ago2, Ago3, Ago4, Agrn, Agt, Ahctf1, Ahi1, Ahr, Ahsg, Aida, Aif1, Aif1l, Aifm1, Aim2, Aimp2, Ajuba, AK157302, Ak7, Akain1, Akap13, Akap4, Akap5, Akap9, Akirin1, Akt1, Alad, Aldh1a2, Aldh1a3, Aldh9a1, Aldoa, Aldob, Alkbh5, Alms1, Alox15, Alox5ap, Alpk1, Als2, Ambra1, Amigo1, Amigo2, Amigo3, Ang, Angpt1, Ank3, Ankle2, Ankra2, Ankrd23, Ankrd27, Ankrd53, Anks4b, Anln, Ano6, Anp32b, Antxr1, Anxa2, Ap1b1, Ap1g1, Ap1m1, Ap1s1, Ap1s2, Ap1s3, Ap2b1, Ap2m1, Ap3b1, Ap3d1, Ap3m1, Ap3s1, Ap3s2, Ap4m1, Ap5z1, Apc, Apcs, Apip, Aplnr, Apoa1, Apoa2, Apoa4, Apod, Apoe, Apom, App, Appl2, Aqp1, Aqp11, Aqp2, Aqp4, Aqp5, Ar, Arap1, Arc, Arf1, Arf4, Arf6, Arfgef1, Arfip2, Arhgap18, Arhgap24, Arhgap28, Arhgap33, Arhgap35, Arhgap40, Arhgap44, Arhgap6, Arhgef10, Arhgef10l, Arhgef15, Arhgef18, Arhgef2, Arhgef26, Arhgef4, Arhgef5, Arhgef6, Arhgef7, Arhgef9, Arid1b, Arl13a, Arl13b, Arl2, Arl3, Arl6, Arl6ip1, Arl8b, Armc12, Armc2, Armc9, Arpc2, Arpc3, Arpc4, Arpc5, Arpc5l, Arrb1, Asap1, Asap3, Asb2, Asf1a, Asf1b, Asic1, Asic2, Aspm, Atad2, Atad2b, Atat1, Atf1, Atg10, Atg101, Atg12, Atg13, Atg14, Atg16l1, Atg16l2, Atg2a, Atg2b, Atg3, Atg4a, Atg4a-ps, Atg4b, Atg4c, Atg4d, Atg5, Atg7, Atg9a, Atg9b, Atl1, Atl2, Atl3, Atm, Atmin, Atp1a3, Atp23, Atp2a2, Atp5f1d, Atp5mc2, Atp5mc3, Atp6v0d1, Atp6v1b1, Atp6v1d, Atp7a, Atp8b1, Atpaf1, Atpaf2, Atr, Atrx, Atxn10, Atxn2, Atxn2l, AU040320, Aup1, Aurka, Aurkb, Auts2, Avil, Axdnd1, Axin1, B2m, B3glct, B9d1, B9d2, Bad, Bag4, Bag5, Bag6, Baiap2, Baiap2l1, Baiap2l2, Bak1, Banf1, Basp1, Bax, Baz1a, Bbc3, Bbip1, Bbln, Bbof1, Bbs1, Bbs10, Bbs12, Bbs2, Bbs4, Bbs5, Bbs7, Bbs9, BC048507, Bcas2, Bccip, Bcl10, Bcl2, Bcl2l11, Bcr, Bcs1l, Bdnf, Bdp1, Becn1, Becn2, Bend3, Best1, Bhlhb9, Bicd1, Bid, Bik, Bin1, Bin2, Bin3, Birc2, Birc5, Blm, Bloc1s6, Bmf, Bmncr, Bmp10, Bmp7, Bok, Bola2, Bola3, Bop1, Braf, Brcc3, Brcc3dc, Brd2, Brf1, Brf2, Brip1, Brix1, Brk1, Brox, Brsk1, Bscl2, Bsn, Btk, C1qbp, C1ql2, C1ql3, C2cd3, C2cd6, C9, C9orf72, Cabcoco1, Cacna1a, Cadm1, Cadps, Cadps2, Cald1, Calhm1, Calhm3, Calml4, Calr, Caly, Camsap1, Camsap2, Camsap3, Cand1, Cand2, Capg, Capn1, Capn3, Caprin1, Capza1, Capza1b, Capza2, Capza3, Capzb, Card11, Card9, Carmil1, Carmil2, Carmil3, Caskin1, Casp1, Casp4, Casq1, Casq2, Catip, Cav1, Cav2, Cav3, Cavin4, Cbln1, Cbln2, Cbln4, Cbr4, Cby1, Cc2d1a, Cc2d2a, Cc2d2b, Ccdc103, Ccdc113, Ccdc115, Ccdc13, Ccdc136, Ccdc146, Ccdc159, Ccdc28b, Ccdc38, Ccdc39, Ccdc40, Ccdc42, Ccdc57, Ccdc61, Ccdc63, Ccdc65, Ccdc66, Ccdc69, Ccdc78, Ccdc88a, Ccdc96, Cck, Ccl11, Ccl19, Ccl21a, Ccl21b, Ccl21d, Ccl21e, Ccl21f, Ccl24, Ccl26, Ccl5, Ccn2, Ccnb1, Ccnb1ip1, Ccnb2, Ccno, Ccp110, Ccr7, Ccsap, Cct2, Cd247, Cd24a, Cd2ap, Cd34, Cd36, Cd3d, Cd47, Cd74, Cd9, Cdc123, Cdc14a, Cdc14b, Cdc20, Cdc20b, Cdc34, Cdc34b, Cdc42, Cdc42ep1, Cdc42ep2, Cdc42ep3, Cdc42ep4, Cdc42ep5, Cdc45, Cdca8, Cdh1, Cdh10, Cdh11, Cdh12, Cdh13, Cdh15, Cdh17, Cdh18, Cdh19, Cdh2, Cdh20, Cdh22, Cdh24, Cdh26, Cdh3, Cdh4, Cdh5, Cdh6, Cdh7, Cdh8, Cdh9, Cdhr18, Cdhr2, Cdhr5, Cdk1, Cdk10, Cdk2, Cdk5, Cdk5rap2, Cdkl1, Cdkl5, Cdkn1b, Cds1, Cds2, Cdt1, Celf1, Celf2, Celf3, Celf4, Celf5, Celf6, Celsr2, Celsr3, Cenpa, Cenpc1, Cenpe, Cenph, Cenpi, Cenpk, Cenpn, Cenpo, Cenpp, Cenpt, Cenpv, Cenpw, Cenpx, Cep120, Cep126, Cep128, Cep131, Cep135, Cep152, Cep162, Cep164, Cep19, Cep192, Cep20, Cep250, Cep290, Cep295, Cep295nl, Cep350, Cep41, Cep44, Cep57, Cep63, Cep70, Cep72, Cep76, Cep83, Cep85, Cep89, Cep97, Ces1d, Ces1g, Cetn1, Cetn2, Cetn4, Cfap100, Cfap119, Cfap157, Cfap161, Cfap20, Cfap206, Cfap221, Cfap298, Cfap410, Cfap43, Cfap44, Cfap47, Cfap53, Cfap54, Cfap57, Cfap58, Cfap61, Cfap65, Cfap69, Cfap70, Cfap73, Cfap74, Cfap91, Cfap97d1, Cfl1, Cfl2, Cflar, Cgn, Cgnl1, Chaer1, Chaf1a, Chaf1b, Chchd10, Chchd4, Chchd7, Chd4, Chek2, Chmp1a, Chmp1b, Chmp1b2, Chmp2a, Chmp2b, Chmp3, Chmp4b, Chmp4c, Chmp5, Chmp6, Chmp7, Chn2, Chp1, Chrac1, Chrna3, Chrnb2, Ciao1, Ciao2a, Ciao2b, Ciao3, Ciapin1, Cibar1, Cibar2, Cideb, Cilk1, Cirbp, Ckap5, Clasp1, Clasp2, Clcn4, Cldn1, Cldn10, Cldn11, Cldn13, Cldn14, Cldn15, Cldn16, Cldn17, Cldn18, Cldn19, Cldn2, Cldn22, Cldn23, Cldn24, Cldn3, Cldn34a, Cldn34b1, Cldn34b2, Cldn34b3, Cldn34b4, Cldn34c1, Cldn34c2, Cldn34c3, Cldn34c4, Cldn34c5, Cldn34c6, Cldn34d, Cldn4, Cldn5, Cldn6, Cldn7, Cldn8, Cldn9, Clec2i, Clec7a, Clgn, Clint1, Clip1, Clip3, Cln3, Clns1a, Clp1, Clrn1, Clstn1, Clstn2, Clstn3, Clta, Cltc, Cltrn, Clu, Cluap1, Clxn, Clybl, Cnot1, Cnot2, Cnot6, Cnot6l, Cnot7, Cntln, Cntn1, Cntn5, Cntnap1, Cntnap2, Cntrob, Coa3, Coa4, Coa5, Coa6, Coa7, Coa8, Cobl, Coil, Col16a1, Col17a1, Col1a2, Col3a1, Col6a1, Colq, Comp, Cops7a, Cops7b, Cops8, Coro1a, Coro1b, Coro1c, Coro2b, Coro7, Cotl1, Cox10, Cox14, Cox15, Cox16, Cox17, Cox18, Cox19, Cox20, Cox7a1, Cox7a2, Cox7a2l, Cpap, Cpeb1, Cpeb3, Cplane1, Cplane2, Cpsf6, Cpsf7, Cptp, Cracd, Crb3, Crbn, Creb1, Cript, Crk, Crkl, Crmp1, Crnkl1, Crocc, Crp, Crtac1, Crtc1, Crtc2, Crtc3, Cryaa, Cryab, Cryz, Csde1, Csf2, Csf3, Csmd2, Csnk1a1, Csnk1d, Cspg4, Csrp1, Csrp2, Csrp3, Cth, Ctnna1, Ctnnb1, Ctnnbip1, Ctns, Ctsd, Cttn, Cul3, Cutc, Cux2, Cx3cl1, Cxcl12, Cxcl13, Cyba, Cyfip1, Cyfip2, Cylc1, Cylc2, Cyld, Cyren, Cyria, Cyrib, D1Pas1, D7Ertd443e, Daam2, Dab2, Dab2ip, Dact1, Dag1, Dapk3, Daw1, Daxx, Dazap2, Dbn1, Dbnl, Dcaf13, Dcaf17, Dcdc2a, Dclk1, Dctn1, Dcx, Ddb1, Ddx20, Ddx28, Ddx39b, Ddx3x, Ddx42, Ddx46, Ddx6, Def8, Dele1, Denr, Det1, Deup1, Dgat1, Dhx29, Dhx30, Dhx33, Dhx37, Dhx9, Diaph1, Diaph2, Diaph3, Dicer1, Disc1, Dkc1, Dkk1, Dlc1, Dlg1, Dlg4, Dlg5, Dlgap1, Dlgap3, Dlgap5, Dmac1, Dmac2, Dmc1, Dmd, Dmkn, Dmtn, Dnaaf1, Dnaaf10, Dnaaf11, Dnaaf2, Dnaaf3, Dnaaf4, Dnaaf5, Dnaaf6, Dnaaf6rt, Dnah1, Dnah17, Dnah2, Dnah5, Dnah7a, Dnah7b, Dnah7c, Dnah8, Dnai1, Dnai2, Dnai3, Dnai4, Dnaja4, Dnajb1, Dnajb12, Dnajb13, Dnajb14, Dnajb2, Dnajb6, Dnajb8, Dnajc15, Dnajc6, Dnajc9, Dnal1, Dnali1, Dnhd1, Dnlz, Dnm1, Dnm1l, Dnm2, Dnm3, Dnmbp, Dock1, Dock10, Dock11, Dock4, Dock5, Dock7, Dpysl3, Dr1, Drc1, Drc7, Drd2, Drg1, Dscam, Dsg3, Dst, Dtnbp1, Dusp22, Dusp23, Dusp3, Dut, Dvl1, Dync1h1, Dync2h1, Dync2i1, Dync2i2, Dync2li1, Dynll1, Dynlt2b, Dyrk1a, Dzip1, Dzip1l, E2f4, Ecpas, Ect2, Edc3, Edn1, Eef2k, Efemp2, Efl1, Efna5, Efnb1, Efnb2, Efnb3, Efr3a, Ehd1, Ehd2, Ehd3, Ehd4, Ehmt2, Eid2, Eif1a, Eif1ax, Eif2a, Eif2ak2, Eif2d, Eif2s1, Eif2s2, Eif2s3x, Eif2s3y, Eif3a, Eif3b, Eif3c, Eif3d, Eif3e, Eif3f, Eif3g, Eif3h, Eif3i, Eif3j1, Eif3j2, Eif3k, Eif3l, Eif3m, Eif4b, Eif4ebp1, Eif4enif1, Eif4g1, Eif4h, Eif5, Eif5b, Eif6, Elapor1, Elavl1, Elavl2, Elfn1, Elmo1, Elmod1, Elmod3, Eln, Elp2, Emc6, Emilin1, Eml2, Eml3, Emp1, Emp2, Emp3, Enkd1, Enpp2, Entr1, Ep300, Epb41, Epb41l3, Epb41l5, Epg5, Epha1, Epha2, Epha3, Epha7, Ephb1, Ephb2, Ephb3, Epm2a, Epn1, Eppk1, Eps15, Eps8, Eps8l1, Eps8l2, Eps8l3, Eqtn, Eral1, Erbb4, Erc1, Erc2, Ercc1, Ercc2, Erich3, Esam, Espn, Espnl, Esr1, Evi5l, Evl, Exoc5, Ext1, Ezr, F11r, F2rl1, F830016B08Rik, Fadd, Faf1, Fam107a, Fam110c, Fam149b, Fam161a, Fam171a1, Fam209, Fam98a, Farp1, Farp2, Farsa, Farsb, Fas, Fastkd2, Fastkd3, Fau, Fbf1, Fblim1, Fbln5, Fbxl2, Fbxo24, Fbxo45, Fbxo5, Fbxw8, Fcho1, Fcho2, Fchsd1, Fchsd2, Fdx2, Fech, Fer, Fermt1, Fermt2, Fermt3, Fes, Fez1, Fez2, Fga, Fgb, Fgd1, Fgd2, Fgd3, Fgd4, Fgf13, Fgfr1, Fgg, Fhdc1, Fhod1, Fhod3, Fig4, Fitm1, Fitm2, Fkbp10, Fkbp4, Fkrp, Flcn, Flii, Flna, Flnc, Flot1, Flrt1, Flrt2, Flrt3, Fmc1, Fmn1, Fmn2, Fmnl3, Fmr1, Fn1, Fnbp1l, Fnip1, Fnip2, Foxc2, Foxj1, Foxred1, Frey1, Frmd7, Frmpd2, Fscn1, Fscn2, Fscn3, Fsip1, Fsip2, Fus, Fuz, Fxn, Fxr1, Fzd1, Fzd5, G3bp1, G3bp2, Gabarap, Gabarapl1, Gabarapl2, Gabra1, Gabra2, Gabra3, Gabra4, Gabra5, Gabra6, Gabrb2, Gabrb3, Gabre, Gabrg1, Gabrg2, Gabrg3, Gak, Galnt11, Gap43, Garin1a, Garin1b, Garin3, Gas6, Gas7, Gas8, Gba1, Gba2, Gbp2, Gbp2b, Gbp5, Gcfc2, Gch1, Gchfr, Gda, Gdf2, Gdi2, Gemin2, Gemin4, Gemin5, Gemin6, Gemin6-ps, Gemin7, Gemin8, Gfy, Ggn, Ghrl, Ghsr, Git1, Gja1, Gja10, Gja5, Gjb2, Gjb6, Gjc1, Gjd3, Gk2, Gkn2, Gldc, Glra3, Glrx3, Glrx5, Gls, Gm12185, Gm12250, Gm14137, Gm4841, Gm5431, Gmnc, Gmnn, Gna13, Gnl3l, Gnmt, Gnpat, Golga2, Golph3, Gorab, Gorasp2, Gpaa1, Gpbar1, Gpc1, Gpc4, Gpm6a, Gpm6b, Gpr65, Gpsm2, Gpx4, Grb2, Grb7, Grem1, Grhl2, Gria1, Gria2, Gria3, Grid2, Grin1, Grin2b, Grm6, Grwd1, Gsdma3, Gsdmd, Gsk3b, Gsn, Gtf2a1, Gtf2a2, Gtf2b, Gtf2f2, Gtf2h5, H1f0, H1f1, H1f2, H1f3, H1f4, H1f5, H1f6, H1f8, H1f9, H2-Aa, H2-Ab1, H2-DMa, H2-DMb1, H2-DMb2, H2-Ea, H2-Eb1, H2-Eb2, H2-M3, H2-Oa, H2-Ob, H2al2a, H2bc1, H3f3b, H3f3c, H4c14, Hacd1, Hap1, Hapln2, Hapln4, Has1, Has2, Has3, Haus1, Haus2, Haus3, Haus4, Haus5, Haus6, Haus7, Haus8, Hax1, Hccs, Hcfc1, Hck, Hcls1, Hcn1, Hdac2, Hdac3, Hdac4, Hdac6, Hdac7, Hdgfl3, Hes1, Hes5, Hey2, Hgsnat, Hif1a, Higd1a, Higd1b, Higd1c, Higd2a, Hip1, Hip1r, Hipk1, Hira, Hjurp, Hmgb1, Hnf1b, Hnf4a, Hnrnpu, Hoatz, Homer1, Hook1, Hopx, Hormad1, Hp1bp3, Hprt1, Hps1, Hps3, Hps4, Hps5, Hps6, Hras, Hrg, Hrk, Hscb, Hsd17b10, Hsd17b8, Hsf1, Hsp90aa1, Hsp90ab1, Hsp90b1, Hspa1a, Hspa1b, Hspa2, Hspa4, Hspa5, Hspa8, Hspa9, Htatsf1, Htr4, Htt, Hyal1, Hydin, Hyls1, Iapp, Iba57, Ica1, Icam1, Icam5, Ice1, Id1, Ifi203, Ifi203-ps, Ifi206, Ifi207, Ifi208, Ifi209, Ifi213, Ifi214, Ifi47, Ifih1, Ifnb1, Ifng, Ift122, Ift140, Ift172, Ift20, Ift22, Ift25, Ift27, Ift43, Ift46, Ift52, Ift56, Ift57, Ift70b, Ift74, Ift80, Ift81, Ift88, Igsf11, Igtp, Ihh, Iigp1, Iigp1c, Ikbkb, Ikbke, Ikbkg, Ikzf1, Ikzf4, Il17a, Il1b, Il1rap, Il1rapl1, Il1rapl2, Il5, Ildr1, Ilk, Immp2l, Incenp, Ino80, Inpp5e, Inpp5j, Inpp5k, Inppl1, Insm1, Intu, Iqcb1, Iqcg, Iqgap1, Iqgap2, Iqgap3, Iqsec1, Iqsec2, Iqub, Irgm1, Irgm2, Irx3, Isca1, Isca2, Iscu, Isg15, Isl1, Isy1, Itga2, Itga5, Itga6, Itgav, Itgb1, Itgb1bp1, Itgb3, Itgb3bp, Itgb4, Itgb5, Itlnb, Itpr1, Itpr3, Izumo3, Jam3, Jchain, Jhy, Jmjd6, Jup, Kank1, Kank2, Kank3, Kank4, Kash5, Kat2a, Kat2b, Kat6a, Kat6b, Kcna1, Kcna10, Kcna2, Kcna3, Kcna4, Kcna5, Kcna6, Kcna7, Kcnb1, Kcnb2, Kcnc1, Kcnc2, Kcnc3, Kcnc4, Kcnd1, Kcnd2, Kcnd3, Kcnf1, Kcng1, Kcng3, Kcng4, Kcnj10, Kcnj12, Kcnj2, Kcnj8, Kcnk13, Kcnn4, Kcnq1, Kcnq2, Kcnq3, Kcnrg, Kcns1, Kcns2, Kcns3, Kcnt1, Kcnv1, Kcnv2, Kctd1, Kctd10, Kctd11, Kctd12, Kctd13, Kctd15, Kctd16, Kctd17, Kctd19, Kctd2, Kctd21, Kctd3, Kctd4, Kctd5, Kctd6, Kctd7, Kctd8, Kctd9, Kdr, Khdc3, Khdc4, Kif11, Kif14, Kif15, Kif21a, Kif23, Kif24, Kif27, Kif2a, Kif3a, Kif3b, Kif4, Kif9, Kifc1, Kifc5b, Kirrel1, Kirrel3, Kiss1r, Kit, Klc3, Klf5, Klhl12, Klhl41, Kmt2a, Kntc1, Kpnb1, Krit1, Krt1, Krt10, Krt14, Krt19, Krt5, Krt8, L1cam, Lama3, Lama5, Lamb1, Lamb2, Lamb3, Lamc1, Lamp2, Large1, Lats1, Lats2, Lcat, Lcmt1, Lcp1, Ldaf1, Ldb1, Ldb3, Lefty1, Letm1, Lgals3, Lgi2, Lhfpl4, Liat1, Lima1, Limch1, Limd1, Limd2, Limk1, Limk2, Lims1, Lin7a, Lin7b, Lin7c, Lingo2, Lingo4, Llgl1, Lmo4, Lmod1, Lmod2, Lmod3, Lonp1, Lox, Lpar1, Lpar3, Lpcat3, Lrba, Lrch4, Lrfn1, Lrfn3, Lrfn4, Lrfn5, Lrguk, Lrit3, Lrp1, Lrp4, Lrrc23, Lrrc24, Lrrc4, Lrrc4b, Lrrc61, Lrrc8a, Lrrc8c, Lrrc8d, Lrrk2, Lrrn1, Lrrn3, Lrrtm1, Lrrtm2, Lrrtm3, Lrrtm4, Lrsam1, Lrtm1, Lrtm2, Lsm14a, Lsm14b, Lsm2, Lsm3, Lsm4, Lsr, Ltbp4, Luc7l, Luc7l2, Luc7l3, Luzp1, Lyrm2, Lyrm4, Lyrm7, Lzts1, Lzts2, Lzts3, Macf1, Macir, Macroh2a1, Macroh2a2, Mad2l2, Mafb, Mag, Magi2, Mak, Map10, Map1b, Map1lc3a, Map1lc3b, Map2, Map3k1, Map3k7, Map4, Map4k4, Map7d3, Map9, Mapk15, Mapk3, Mapk8, Mapk9, Mapre1, Mapre2, Mapre3, Mapt, Marchf7, Marcks, Mark1, Mark4, Marveld2, Marveld3, Mat1a, Mat2a, Mavs, Max, Mbd2, Mbl1, Mbnl1, Mcat, Mcidas, Mcm2, Mcmdc2, Mcoln1, Mcts1, Mcts2, Mcu, Mdga1, Mdga2, Mdm1, Mdm2, Mdm4, Mdn1, Me1, Mecp2, Med1, Med10, Med11, Med14, Med15, Med16, Med17, Med18, Med19, Med20, Med21, Med22, Med23, Med24, Med25, Med26, Med27, Med28, Med29, Med30, Med31, Med4, Med6, Med7, Med8, Med9, Mef2a, Mef2c, Mefv, Megf8, Megf9, Meig1, Meioc, Met, Mettl17, Mfap4, Mfn2, Mfsd14a, Mfsd2a, Mfsd8, Mgp, Mgrn1, Micall2, Micu1, Mid1ip1, Mien1, Mif, Mios, Mip, Mir129-2, Mir34b, Mir34c, Mir449a, Mir449b, Mir449c, Mis12, Mis18a, Misfa, Misp, Mitf, Mkks, Mks1, Mlh1, Mlh3, Mlkl, Mlst8, Mmp14, Mmp1a, Mmp1b, Mmp3, Mndal, Mns1, Moap1, Mobp, Mospd2, Mpdz, Mphosph9, Mpp2, Mpp7, Mpv17l, Mpv17l2, Mrm2, Mrps2, Mrps7, Mrto4, Ms4a1, Msh5, Msn, Msrb1, Msrb2, Mstn, mt-Co3, mt-Nd1, mt-Nd2, mt-Nd4, mt-Nd5, mt-Nd6, mt-Rnr1, mt-Rnr2, Mterf3, Mterf4, Mtln, Mtm1, Mtmr2, Mtmr3, Mtor, Mtpn, Mtss1, Mtss2, Mttp, Musk, Myadm, Mybl2, Mybpc1, Mybpc2, Mybpc3, Mybph, Mycbp2, Myd88, Myh10, Myh11, Myh6, Myh9, Myl2, Myl9, Mylk, Mylk3, Myo10, Myo1a, Myo1b, Myo1c, Myo3a, Myo3b, Myo5a, Myo6, Myo7a, Myo7b, Myo9a, Myoc, Myom1, Myom2, Myom3, Myoparr, Myoz1, Myoz2, Mypn, Mzb1, Mzt1, Naa60, Nacc2, Nae1, Naf1, Nap1l1, Nap1l2, Nap1l3, Nap1l4, Nap1l5, Napa, Napb, Nasp, Nav3, Nbdy, Nbn, Ncam1, Ncbp1, Nck1, Nck2, Nckap1, Nckap1l, Nckipsd, Ncln, Ncmap, Ncor1, Ndc1, Ndc80, Nde1, Ndel1, Ndor1, Ndufa1, Ndufa10, Ndufa11, Ndufa11b, Ndufa12, Ndufa13, Ndufa2, Ndufa3, Ndufa5, Ndufa6, Ndufa8, Ndufa9, Ndufab1, Ndufab1-ps, Ndufaf1, Ndufaf2, Ndufaf3, Ndufaf4, Ndufaf5, Ndufaf6, Ndufaf7, Ndufaf8, Ndufb1, Ndufb10, Ndufb11, Ndufb11b, Ndufb2, Ndufb3, Ndufb4, Ndufb4b, Ndufb4c, Ndufb5, Ndufb6, Ndufb7, Ndufb8, Ndufb9, Ndufc1, Ndufc2, Ndufs1, Ndufs2, Ndufs3, Ndufs4, Ndufs5, Ndufs6, Ndufs7, Ndufs8, Neat1, Neb, Nebl, Nectin1, Nectin2, Nectin3, Nedd1, Nedd4l, Nedd8, Nefh, Nefl, Nefm, Negr1, Nek1, Nek2, Nek7, Nemf, Neurl1a, Neurl2, Nf2, Nfasc, Nfkbiz, Nfs1, Nfu1, Ngrn, Nherf1, Nin, Ninj1, Nip7, Nkx2-5, Nlgn1, Nlgn2, Nlgn3, Nlgn4l, Nlrc3, Nlrc4, Nlrp1a, Nlrp1b, Nlrp3, Nlrp5, Nlrp6, Nme5, Nme7, Nme8, Noa1, Noct, Nol3, Nop2, Nop53, Nopchap1, Notch1, Noto, Nox1, Nox4, Npas4, Nphp1, Nphp3, Nphp4, Nphs1, Npm1, Nptn, Nptx1, Nptxr, Nr1h2, Nr1h4, Nr4a1, Nrap, Nrg1, Nrg2, Nrg3, Nrp1, Nrxn1, Nrxn2, Nrxn3, Nsfl1c, Nsg1, Nsg2, Nsun4, Ntn1, Ntn4, Ntng2, Ntrk1, Ntrk2, Ntrk3, Nubp1, Nubp2, Nubpl, Nudcd3, Nudt21, Nufip1, Numa1, Numb, Numbl, Nup107, Nup153, Nup205, Nup210, Nup62, Nup85, Nup93, Nup98, Nupr1, Nvl, Oas1a, Oas1b, Oas1c, Oas1d, Oas1e, Oas1f, Oas1g, Oas1h, Ocel1, Ocln, Ocrl, Odad1, Odad2, Odad3, Odad4, Odf2, Odf2l, Ofd1, Ogfod1, Ogt, Oip5, Oma1, Onecut1, Onecut2, Ooep, Opa1, Ophn1, Oprd1, Orc4, Osbpl2, Otof, Otol1, Otud6b, Otx2, Oxa1l, Oxt, Oxtr, P2rx3, P2rx7, P2ry12, Pacs2, Pacsin2, Padi4, Pafah1b1, Pak1, Pak2, Pak3, Palm, Pals1, Pan2, Pan3, Pard3, Pard6b, Park7, Parva, Parvb, Parvg, Patj, Patl1, Patl2, Pawr, Pcdh15, Pcdh17, Pcdhga3, Pclo, Pcm1, Pcnt, Pcsk5, Pdcd10, Pdcd6, Pdcd6ip, Pdcl, Pdcl2, Pde4d, Pde4dip, Pdgfa, Pdgfb, Pdgfc, Pdgfra, Pdgfrb, Pdia3, Pdlim1, Pdlim4, Pdlim5, Pdpk1, Pdxp, Pdzd11, Peak1, Pecam1, Pef1, Peg10, Pet100, Pet117, Pex14, Pex5, Pf4, Pfdn5, Pfdn6, Pfn1, Pfn2, Pfn3, Pfn4, Pgm5, Phactr1, Phf23, Phldb1, Phldb2, Pias1, Pibf1, Picalm, Pierce1, Pierce2, Piezo1, Pih1d1, Pih1d2, Pik3c3, Pik3r1, Pik3r2, Pikfyve, Pink1, Pip4k2a, Pip4k2b, Pip4k2c, Pip4p1, Pip5k1a, Pisd, Pkd1, Pkd2, Pkd2l1, Pkhd1, Pkm, Pkn2, Pkp1, Pkp2, Pkp3, Pkp4, Pla2g3, Pla2g4c, Pla2g5, Plagl2, Plce1, Plcg2, Pld1, Pld6, Plec, Plek, Plek2, Plekha7, Plekhg2, Plekhm1, Plk1, Plk2, Plk4, Pln, Plod3, Plppr5, Pls1, Pls3, Plxna1, Plxna2, Plxna3, Plxna4, Plxnb1, Plxnb2, Plxnb3, Plxnc1, Plxnd1, Pmfbp1, Pml, Pmp22, Pnpt1, Poc1a, Poc1b, Podxl, Pof1b, Pogz, Poldip2, Pole3, Polq, Polr1e, Pomp, Pot1a, Pot1b, Pparg, Ppfia1, Ppid, Ppm1e, Ppm1f, Ppp1r16b, Ppp1r35, Ppp1r9a, Ppp1r9b, Ppp2ca, Ppp2r1a, Ppp2r1b, Ppp2r5b, Pqbp1, Prc1, Prdx6, Preb, Prex1, Prf1, Prickle1, Prickle2, Prkaa1, Prkaa2, Prkaca, Prkar1a, Prkca, Prkcd, Prkce, Prkch, Prkcq, Prkcz, Prkcz2, Prkd1, Prkdc, Prkn, Prkra, Prl2c2, Prlr, Prmt1, Prmt5, Prmt7, Prmt8, Prnd, Prnp, Prox1, Prpf18, Prpf19, Prpf3, Prpf31, Prpf39, Prpf4b, Prpf6, Prpf8, Prph2, Prrc2c, Prrt2, Prune1, Prx, Psap, Psd, Psen1, Psip1, Psmc5, Psmc6, Psmd10, Psmd11, Psmd5, Psmd9, Psmg1, Psmg2, Psmg3, Psmg4, Pspc1, Psrc1, Ptbp2, Pten, Ptger4, Ptges3, Ptges3-ps, Ptges3l, Ptk2, Ptk2b, Ptpdc1, Ptpn1, Ptpn11, Ptpn13, Ptpn22, Ptpn23, Ptpra, Ptprd, Ptprj, Ptprk, Ptpro, Ptprs, Puf60, Pum2, Pwp2, Pxdn, Pxn, Pycard, Qrich2, Qsox1, Rab11a, Rab11fip3, Rab13, Rab14, Rab17, Rab19, Rab1a, Rab1b, Rab20, Rab23, Rab29, Rab32, Rab33a, Rab33b, Rab34, Rab38, Rab39, Rab3a, Rab3gap1, Rab3gap2, Rab3ip, Rab43, Rab5a, Rab5if, Rab7, Rab7b, Rab8a, Rabep2, Rabl2, Rac1, Rac2, Rac3, Racgap1, Rack1, Rad21l, Rad51, Rad51c, Rad52, Raf1, Rala, Ralb, Ramp2, Rangrf, Rap1a, Rap1b, Rap1gap, Rap1gds1, Rap2a, Rapgef1, Rapgef2, Rapgef3, Rapgef6, Rasa1, Rasip1, Rb1cc1, Rbbp4, Rbm14, Rbm5, Rbmx, Rbmxl1, Rbpms, Rc3h1, Rcc1, Rcc2, Rdx, Rec8, Reep3, Reep4, Reln, Rftn1, Rfx2, Rfx3, Rfx4, Rgcc, Rho, Rhoa, Rhoc, Rhod, Rhog, Rhoq, Rhpn1, Rhpn2, Ric3, Rictor, Rilp, Rilpl1, Rilpl2, Rims1, Rims2, Rims3, Riok3, Ripk1, Ripk2, Ripor2, Rnf112, Rnf135, Rnf186, Rnf212, Rnf212b, Rnf213, Rnf4, Rnf5, Ro60, Robo1, Rock1, Rock2, Rom1, Rp1, Rp1l1, Rpf2, Rpgr, Rpgrip1, Rpgrip1l, Rph3a, Rpl10l, Rpl11, Rpl13a, Rpl24, Rpl38, Rpl5, Rps14, Rps15, Rps19, Rps23, Rps25, Rps27, Rps27l, Rps28, Rps3, Rps5, Rps6, Rps6-ps4, Rpsa, Rrm1, Rrm2, Rrn3, Rrp7a, Rrs1, Rs1, Rsf1, Rsph1, Rsph4a, Rsph6a, Rsph9, Rsrp1, Rtel1, Rtkn, Rtn1, Rtn2, Rtn3, Rtn4, Rtn4r, Rttn, Rufy4, Ruvbl1, Ruvbl2, Ryr1, Ryr3, S100a10, S1pr1, S1pr2, Sac3d1, Sacs, Samd1, Samhd1, Samm50, Samt1b, Samt1d, Samt2, Samt2b, Samt3, Samt4, Sar1a, Sar1b, Sart3, Sass6, Saxo1, Sbds, Scaf11, Scara5, Scfd1, Scin, Sclt1, Sco1, Sco2, Sdc1, Sdc4, Sdcbp, Sdccag8, Sdhaf1, Sdhaf2, Sdhaf3, Sdhaf4, Sdk1, Sdk2, Sds, Sec16a, Sec22b, Sec23ip, Selp, Sem1, Sema4a, Sema4c, Sema4d, Senp6, Septin1, Septin2, Septin7, Septin8, Septin9, Serpinf2, Set, Setd5, Setx, Sf3a1, Sf3a2, Sf3a3, Sf3b1, Sfswap, Sgk1, Sgta, Sgtb, Sh2b1, Sh3bp1, Sh3gl2, Sh3glb1, Sh3pxd2b, Sh3yl1, Shank1, Shank2, Shank3, Shkbp1, Shmt1, Shmt2, Shoc1, Shprh, Shq1, Shroom1, Shtn1, Sigmar1, Sipa1l1, Sirt2, Six1, Six4, Ska1, Ska2, Ska3, Skap1, Ski, Slain1, Slain2, Slc12a5, Slc1a2, Slc1a5, Slc24a2, Slc25a33, Slc25a46, Slc2a1, Slc31a1, Slc39a12, Slc39a9, Slc9a1, Slc9a8, Slf1, Slf2, Slit1, Slit2, Slitrk1, Slitrk2, Slitrk3, Slitrk4, Slitrk5, Slitrk6, Slk, Slu7, Slx1b, Slx4, Smad3, Smad4, Smad7, Smarca2, Smarca4, Smarca5, Smarcb1, Smc1a, Smc3, Smcr8, Smim20, Smim22, Smn1, Smpd3, Smurf1, Smyd3, Snai1, Snai2, Snap23, Snap25, Snap29, Snap47, Snap91, Snca, Sncaip, Snf8, Snhg15, Snrnp200, Snrpb, Snrpc, Snrpd1, Snrpd2, Snrpd3, Snrpe, Snrpert, Snrpf, Snrpg, Snu13, Snupn, Snx10, Snx18, Snx30, Snx4, Snx7, Snx9, Soat1, Soat2, Sod2, Sorbs1, Sorbs3, Sorl1, Sost, Sox30, Sox9, Spaca1, Spaca9, Spag1, Spag16, Spag17, Spag5, Spag6, Spag6l, Spast, Spata13, Spata6, Spef1, Spef2, Spg11, Spice1, Spidr, Spink2, Spire1, Spire2, Spmip6, Spo11, Spp2, Sppl2c, Spta1, Sptan1, Sptb, Sptbn1, Sptbn2, Sptbn4, Spty2d1, Sqle, Sqstm1, Src, Srcin1, Srf, Srgap2, Srgap3, Srp19, Srpk1, Srpk2, Srpk3, Srpra, Srprb, Srpx, Srpx2, Srsf1, Srsf10, Srsf12, Srsf6, Ssbp1, Ssbp3, Ssh1, Ssh2, Ssh3, Ssna1, Ssrp1, Ssx2ip, St8sia2, Stag1, Stag2, Stam, Stap1, Stard9, Stau2, Stbd1, Steap4, Stil, Sting1, Stk25, Stk26, Stk3, Stk33, Stk36, Stk4, Stmn1, Stmn2, Stmp1, Stoml2, Ston1, Strap, Stub1, Stx12, Stx17, Stx18, Stx1a, Stx1b, Stx2, Stx4a, Stx7, Stxbp1, Stxbp5, Stxbp6, Styxl1, Sub1, Sugt1, Sumo1, Sun5, Supt16, Surf1, Surf6, Sv2a, Svil, Svip, Swap70, Syce1, Syce1l, Syce2, Syce3, Sycp1, Sycp3, Syde1, Syk, Syndig1, Syne1, Syne2, Syngr3, Synj1, Synpo, Synpo2, Synpo2l, Syp, Syt1, Syt11, Syt7, Tac1, Taco1, Tacr1, Tacstd2, Taf1, Taf10, Taf11, Taf12, Taf13, Taf1b, Taf1c, Taf2, Taf3, Taf4, Taf4b, Taf5, Taf6, Taf6l, Taf7, Taf7l, Taf8, Taf9, Tafazzin, Tal1, Taok2, Tap2, Tapbp, Tapbpl, Tapt1, Tarbp2, Tbc1d12, Tbc1d14, Tbc1d20, Tbc1d21, Tbc1d30, Tbc1d31, Tbc1d32, Tbc1d7, Tbca, Tbcb, Tbcc, Tbcd, Tbce, Tbcel, Tbp, Tbpl1, Tbx5, Tcap, Tcf4, Tchp, Tcirg1, Tcra, Tctn1, Tctn2, Tctn3, Tdo2, Tdrd1, Tdrd5, Tdrd6, Tdrd7, Tdrkh, Tead1, Tead2, Tek, Tekt1, Tekt2, Tekt3, Tekt4, Tekt5, Tenm1, Tenm2, Tenm4, Terb2, Terf1, Terf2, Tesk1, Tesk2, Tespa1, Tex11, Tex12, Tex15, Tfam, Tfap4, Tfip11, Tfrc, Tgfb1, Tgfb3, Tgfbr1, Tgfbr3, Tgm2, Tgtp1, Tgtp2, Thbs2, Thg1l, Thra, Thsd1, Thsd4, Thy1, Tia1, Tiam1, Ticam1, Tie1, Tifa, Timm21, Timmdc1, Tinf2, Tirap, Tjp1, Tk1, Tlcd1, Tlcd2, Tln1, Tlr2, Tlr4, Tlr6, Tm9sf4, Tmc8, Tmeff2, Tmem107, Tmem120a, Tmem120b, Tmem126a, Tmem126b, Tmem138, Tmem17, Tmem170, Tmem175, Tmem177, Tmem186, Tmem199, Tmem216, Tmem223, Tmem231, Tmem237, Tmem242, Tmem35a, Tmem39a, Tmem41b, Tmem67, Tmem70, Tmem80, Tmem9, Tmf1, Tmigd1, Tmod1, Tmod2, Tmod3, Tmod4, Tmprss12, Tmsb15b2, Tmsb15l, Tnf, Tnfaip1, Tnfsf18, Tnik, Tnnt1, Tnnt2, Tnnt3, Tnrc6a, Tns1, Tns3, Tnxb, Togaram1, Tom1, Tpbg, Tpgs1, Tpm1, Tppp, Tppp2, Tppp3, Tpr, Tpx2, Trabd2b, Traf2, Traf3ip1, Traf6, Trappc1, Trappc11, Trappc12, Trappc14, Trappc2, Trappc2l, Trappc3, Trappc4, Trappc5, Trappc6a, Trem2, Trhr, Trim11, Trim30a, Trim31, Trim32, Trim37, Trim47, Trim6, Trim65, Trim72, Trim9, Trip13, Trp53, Trp53bp1, Trp53inp1, Trp53inp2, Trp63, Trp73, Trpa1, Trpm1, Trpm2, Trpm4, Trpm6, Trpm7, Trpv1, Trpv4, Trpv5, Trpv6, Tsc1, Tsg101, Tsga10, Tspan33, Tspan4, Tspyl1, Tspyl2, Tspyl4, Tspyl5, Tssc4, Ttbk1, Ttbk2, Ttc12, Ttc17, Ttc19, Ttc21b, Ttc39c, Ttc8, Ttll1, Ttll3, Ttll5, Ttll8, Ttn, Ttyh1, Tuba1a, Tubb1, Tubb4a, Tubb5, Tubg1, Tubg2, Tubgcp2, Tubgcp3, Tubgcp4, Tubgcp5, Tubgcp6, Twf1, Twf2, Twnk, Txndc15, U2af2, Ubap2l, Ubd, Ube2b, Ube2c, Ube2k, Ube2m, Ube2s, Ube2srt, Ube2v2, Ube3b, Ublcp1, Ubn1, Ubqln1, Ubqln2, Ubxn10, Ubxn2a, Ubxn2b, Ugcg, Ugdh, Ugt8a, Uhrf1, Ulk1, Ulk2, Ulk3, Ulk4, Unc119b, Unc13a, Unc13b, Unc13c, Unc13d, Upb1, Uqcc1, Uqcc2, Uqcc3, Uqcc4, Uqcc5, Uqcc6, Uqcrc1, Ush1c, Usp10, Usp16, Usp17le, Usp39, Usp4, Usp50, Usp9x, Uvrag, Vamp1, Vamp2, Vamp3, Vamp4, Vamp7, Vamp8, Vangl2, Vasp, Vav2, Vav3, Vbp1, Vcl, Vcp, Vcpip1, Vdac2, Vdac3, Vegfa, Vil1, Vill, Vldlr, Vma21, Vmp1, Vps11, Vps13b, Vps35, Vps4a, Vps4b, Vstm5, Vtn, Vwa1, Wars1, Was, Wasf2, Wasf3, Washc1, Washc3, Washc5, Wasl, Wbp2nl, Wdcp, Wdpcp, Wdr1, Wdr11, Wdr19, Wdr35, Wdr44, Wdr45, Wdr45b, Wdr62, Wdr72, Wdr77, Wdr90, Wee2, Whamm, Wipi1, Wipi2, Wnk1, Wnk3, Wnt1, Wnt10b, Wnt11, Wnt3a, Wnt4, Wnt5a, Wnt7a, Wrap53, Wrap73, Wsb1, Wwtr1, Xab2, Xaf1, Xdh, Xirp1, Xlr3b, Xrcc3, Xrcc5, Yap1, Yif1b, Yju2, Yme1l1, Ythdc1, Ythdf1, Ythdf2, Ythdf3, Ywhaz, Zar1, Zbtb1, Zc3h12a, Zdhhc1, Zdhhc12, Zdhhc2, Zdhhc5, Zdhhc8, Zeb2, Zfp148, Zfp207, Zfp423, Zfp703, Zfp746, Zfp777, Zfp827, Zfyve1, Zfyve27, Zmynd10, Zmynd12, Zmynd8, Znhit3, Znhit6, Zpbp, Zpbp2, Zrsr2, Zw10, Zyx
GO:0048856	anatomical structure development	6604	134	96.2	1.3e-05	0.0034029152542372878	1700013H16Rik, 1700040F15Rik, 1700067K01Rik, 2210016L21Rik, 2510009E07Rik, 2610005L07Rik, 2610042L04Rik, 2810429I04Rik, 3830403N18Rik, 4930447C04Rik, 4930474N05Rik, 4930550C14Rik, 4933434E20Rik, 6030468B19Rik, 9130008F23Rik, 9630013A20Rik, A1cf, A2m, A830082K12Rik, Aacs, Aars1, Aatf, Aatk, Abat, Abca12, Abca15, Abca2, Abca3, Abcb10, Abcb1a, Abcb1b, Abcb5, Abcb6, Abcc1, Abcc8, Abcc9, Abcd1, Abcd2, Abcg2, Abhd15, Abhd2, Abi1, Abi2, Abi3, Abi3bp, Abitram, Abl1, Abl2, Ablim1, Abr, Abt1, Acacb, Acadm, Acadvl, Acan, Acap3, Acat1, Acd, Ace, Acer1, Acer3, Ache, Acin1, Ackr3, Aco1, Aco2, Acod1, Acp2, Acp4, Acp5, Acp6, Acrbp, Acsl3, Acsl4, Acsl6, Acta1, Acta2, Actb, Actbl2, Actc1, Acte1, Actg1, Actg2, Actl6a, Actl6b, Actl7a, Actl9, Actn1, Actn2, Actn3, Actn4, Actr2, Actr3, Actr5, Actr8, Acvr1, Acvr1b, Acvr1c, Acvr2a, Acvr2b, Acvrl1, Ada, Adad1, Adad2, Adam10, Adam12, Adam15, Adam17, Adam18, Adam19, Adam1a, Adam1b, Adam2, Adam20, Adam21, Adam22, Adam24, Adam25, Adam26a, Adam26b, Adam29, Adam3, Adam30, Adam32, Adam34, Adam34l, Adam39, Adam4, Adam5, Adam6a, Adam6b, Adam7, Adam8, Adam9, Adamts1, Adamts12, Adamts15, Adamts16, Adamts18, Adamts19, Adamts2, Adamts3, Adamts5, Adamts6, Adamts7, Adamts9, Adamtsl2, Adamtsl4, Adap2, Adar, Adarb1, Adck1, Adcy1, Adcy10, Adcy6, Adcy9, Adcyap1, Add1, Add2, Adgb, Adgra2, Adgrb1, Adgrb2, Adgrb3, Adgrd1, Adgre5, Adgrf1, Adgrf4, Adgrf5, Adgrg1, Adgrg3, Adgrg4, Adgrg6, Adgrl1, Adgrl2, Adgrl3, Adgrl4, Adgrv1, Adh1, Adipoq, Adipor1, Adipor2, Adm, Adm2, Adnp, Adnp2, Adora2a, Adprhl1, Adra1a, Adra1b, Adra2b, Adra2c, Adrb1, Adrb2, Adrm1, Adtrp, Afdn, Aff3, Aff4, Afg2a, Afg3l2, Afp, Agap2, Agbl4, Ager, Agfg1, Agfg2, Aggf1, Ago1, Ago2, Ago4, Agpat2, Agpat5, Agr2, Agrn, Agt, Agtpbp1, Agtr1a, Agtr1b, Agtr2, Ahctf1, Ahdc1, Ahi1, Ahr, Ahsg, Ahsp, AI597479, Aicda, Aida, Aifm1, Aim2, Aimp1, Aimp2, Aire, Airn, Ajap1, Ajuba, Ak7, Ak8, Akap11, Akap13, Akap3, Akap4, Akap5, Akap6, Akap9, Akirin1, Akirin2, Akna, Akp3, Akr1b1, Akt1, Akt2, Akt3, Alas1, Alas2, Alcam, Aldh1a1, Aldh1a2, Aldh1a3, Aldh3a2, Aldh5a1, Aldoa, Aldoc, Alg10b, Alg5, Alk, Alkal1, Alkal2, Alkbh1, Alms1, Alox12, Alox12b, Alox15, Alox5, Alox8, Aloxe3, Alpk2, Alpk3, Alpl, Als2, Alx1, Alx3, Alx4, Ambn, Ambra1, Amelx, Amer1, Amer2, Amh, Amhr2, Amigo1, Amigo2, Amigo3, Amot, Amotl1, Amotl2, Ampd2, Amtn, Anapc2, Anapc7, Ang, Ang2, Ang3, Ang4, Ang5, Ang6, Angpt1, Angpt2, Angpt4, Angptl3, Angptl4, Angptl6, Angptl7, Angptl8, Ank, Ank1, Ank2, Ank3, Ankle1, Ankle2, Ankrd1, Ankrd11, Ankrd17, Ankrd2, Ankrd23, Ankrd24, Ankrd27, Ankrd33, Ankrd54, Ankrd7, Anks1, Anks6, Anln, Ano1, Ano6, Anp32b, Anpep, Antxr1, Antxr2, Anxa1, Anxa2, Anxa3, Anxa4, Anxa7, Ap1b1, Ap1s2, Ap2a1, Ap2a2, Ap2b1, Ap3b1, Ap3d1, Ap5z1, Apaf1, Apba1, Apba2, Apba3, Apbb1, Apbb2, Apc, Apc2, Apcdd1, Apcs, Apela, Aph1a, Aph1c, Aplf, Apln, Aplnr, Aplp1, Aplp2, Apoa1, Apoa2, Apoa4, Apoa5, Apob, Apobec3, Apod, Apoe, Apoh, Apold1, App, Appl2, Aprt, Aqp1, Aqp11, Aqp2, Aqp3, Aqp5, Aqp6, Aqp8, Ar, Arap1, Arb2a, Arc, Arcn1, Areg, Arf1, Arf4, Arf6, Arfgef1, Arfrp1, Arg2, Arhgap12, Arhgap15, Arhgap18, Arhgap22, Arhgap24, Arhgap32, Arhgap33, Arhgap35, Arhgap4, Arhgap44, Arhgap5, Arhgdia, Arhgdib, Arhgdig, Arhgef10, Arhgef15, Arhgef18, Arhgef2, Arhgef25, Arhgef26, Arhgef28, Arhgef7, Arhgef9, Arid1a, Arid1b, Arid2, Arid4a, Arid4b, Arid5a, Arid5b, Arih2, Ark2c, Arl11, Arl13b, Arl3, Arl6, Armc12, Armc2, Armc3, Armc5, Armc6, Arnt, Arnt2, Arpin, Arrb1, Arrb2, Arrdc3, Arsb, Arsg, Artn, Arx, Asah1, Asap1, Asb1, Asb2, Asb4, Ascl1, Ascl2, Ascl3, Ascl5, Asf1a, Asf1b, Asgr2, Ash1l, Asic1, Asic2, Asl, Asmt, Asns, Asnsd1, Aspa, Asph, Aspm, Aspn, Asprv1, Ass1, Astn1, Astn2, Asxl1, Asxl2, Asxl3, Asz1, Atad5, Atat1, Atcay, Atf1, Atf2, Atf3, Atf4, Atf5, Atf6, Atf7, Atg16l1, Atg4b, Atg5, Atg7, Atg9a, Atg9b, Atic, Atl1, Atm, Atn1, Atoh1, Atoh7, Atoh8, Atp11a, Atp11c, Atp1a2, Atp1a3, Atp1b1, Atp1b2, Atp2a2, Atp2b1, Atp2b2, Atp2b4, Atp2c1, Atp2c2, Atp5f1a, Atp5f1b, Atp5if1, Atp6ap1, Atp6ap2, Atp6v1b1, Atp7a, Atp7b, Atp8a2, Atp8b1, Atp9a, Atr, Atraid, Atrn, Atrx, Atxn1, Atxn10, Atxn1l, Atxn2, AU040320, Aurka, Auts2, Avil, Avpr1a, Avpr2, AW551984, Axdnd1, Axin1, Axin2, Axl, AY036118, Azi2, B2m, B3glct, B3gnt2, B3gnt5, B4galnt1, B4galnt2, B4galt1, B4galt2, B4galt5, B4galt6, B4gat1, B9d1, Baat, Babam1, Bad, Bag1, Bag3, Bag5, Bag6, Bahcc1, Baiap2, Baiap3, Bak1, Bambi, Bap1, Barhl1, Barhl2, Barx1, Barx2, Basp1, Batf, Batf2, Batf3, Bax, Bbln, Bbof1, Bbs1, Bbs10, Bbs2, Bbs4, Bbs7, Bbx, BC028528, Bcam, Bcan, Bcar3, Bcas1, Bcas2, Bcas3, Bccip, Bche, Bcl10, Bcl11a, Bcl11b, Bcl2, Bcl2a1d, Bcl2l1, Bcl2l11, Bcl2l2, Bcl3, Bcl6, Bcl7a, Bcl9, Bcl9l, Bcor, Bcr, Bdh2, Bdnf, Becn1, Bend6, Bex1, Bfsp1, Bfsp2, Bglap, Bglap2, Bglap3, Bgn, Bhlha15, Bhlhb9, Bhlhe22, Bhlhe23, Bhlhe40, Bhlhe41, Bicc1, Bicdl1, Bik, Bin1, Bin3, Birc2, Birc5, Birc6, Birc7, Blm, Bloc1s1, Bloc1s2, Bloc1s3, Bloc1s4, Bloc1s5, Bloc1s6, Bloodlinc, Bltp1, Blvrb, Bmal1, Bmerb1, Bmi1, Bmncr, Bmp1, Bmp10, Bmp2, Bmp2k, Bmp3, Bmp4, Bmp5, Bmp6, Bmp7, Bmp8a, Bmp8b, Bmper, Bmpr1a, Bmpr1b, Bmpr2, Bmyc, Bnc1, Bnc2, Bnip2, Bnip3, Boc, Bok, Borcs5, Borcs7, Borcs8, Bpgm, Bpnt2, Bptf, Braf, Brca1, Brca2, Brd1, Brd2, Brd3, Brd4, Brd7, Brdt, Brinp1, Brinp2, Brinp3, Brip1, Brk1, Brpf1, Brpf3, Brsk1, Brsk2, Brwd1, Brwd3, Bscl2, Bsg, Bsn, Bsph1, Bsph2, Bsx, Btbd1, Btbd2, Btbd3, Btbd35f1, Btbd6, Btbd7, Btf3, Btg1, Btg2, Btk, Btn2a2, Btnl1, Btnl6, Btrc, Bvht, Bysl, C1galt1, C1galt1c1, C1qa, C1qb, C1qbp, C1qc, C1ql1, C1ql2, C1ql3, C1qtnf5, C2cd3, C2cd6, C3, C3ar1, C5ar1, C6, C9orf72, Cabcoco1, Cables1, Cabp4, Cabyr, Cacna1a, Cacna1c, Cacna1f, Cacna1s, Cacna2d2, Cacnb4, Cacng7, Cacybp, Cad, Cadm1, Calb1, Calca, Calcr, Calcrl, Calr, Camk1, Camk1d, Camk2a, Camk2b, Camk2d, Camk2g, Camk4, Camp, Camsap1, Camsap2, Camsap3, Cap1, Cap2, Capg, Capn1, Capn2, Capn3, Caprin1, Caprin2, Capzb, Car2, Car9, Card10, Card11, Carlr, Carm1, Carmil2, Carmil3, Cartpt, Cask, Caskin1, Casp1, Casp2, Casp3, Casp4, Casp6, Casp7, Casp8, Casp9, Casq1, Casq2, Casr, Casz1, Cat, Catsper2, Catsper3, Catsper4, Catsperb, Catsperd, Catspere1, Catspere2, Catsperz, Cav1, Cav2, Cav3, Cavin4, Cbfa2t2, Cbfa2t3, Cbfb, Cbl, Cblb, Cbln1, Cbln2, Cbln4, Cbs, Cbx2, Cbx7, Cby1, Cc2d1a, Cc2d2a, Ccbe1, Ccdc103, Ccdc134, Ccdc136, Ccdc141, Ccdc146, Ccdc154, Ccdc159, Ccdc182, Ccdc24, Ccdc32, Ccdc38, Ccdc39, Ccdc40, Ccdc42, Ccdc47, Ccdc62, Ccdc63, Ccdc78, Ccdc85c, Ccdc88a, Ccdc88c, Cck, Cckar, Cckbr, Ccl11, Ccl12, Ccl17, Ccl19, Ccl2, Ccl21a, Ccl21b, Ccl24, Ccl3, Ccl5, Ccl7, Ccl8, Ccl9, Ccm2, Ccm2l, Ccn1, Ccn2, Ccn3, Ccn4, Ccn6, Ccna2, Ccnb1, Ccnb1ip1, Ccnb2, Ccnd1, Ccnd2, Ccnf, Ccng1, Ccnk, Ccno, Ccnt2, Ccr1, Ccr1l1, Ccr2, Ccr3, Ccr4, Ccr5, Ccr6, Ccr7, Ccr9, Ccsap, Cd101, Cd109, Cd151, Cd160, Cd164, Cd19, Cd1d1, Cd248, Cd24a, Cd27, Cd276, Cd28, Cd2ap, Cd300lf, Cd34, Cd36, Cd38, Cd3d, Cd3e, Cd3g, Cd4, Cd40, Cd40lg, Cd44, Cd46, Cd47, Cd53, Cd59a, Cd63, Cd69, Cd74, Cd79a, Cd79b, Cd81, Cd83, Cd86, Cd8a, Cd9, Cd93, Cdc20, Cdc25b, Cdc27, Cdc40, Cdc42, Cdc42ep1, Cdc42ep2, Cdc42ep3, Cdc42ep4, Cdc42ep5, Cdc42se1, Cdc42se2, Cdc73, Cdh1, Cdh10, Cdh11, Cdh12, Cdh13, Cdh15, Cdh17, Cdh18, Cdh19, Cdh2, Cdh20, Cdh22, Cdh23, Cdh24, Cdh26, Cdh3, Cdh4, Cdh5, Cdh6, Cdh7, Cdh8, Cdh9, Cdhr1, Cdhr18, Cdhr2, Cdin1, Cdk1, Cdk11b, Cdk13, Cdk16, Cdk18, Cdk20, Cdk2ap1, Cdk5, Cdk5r1, Cdk5r2, Cdk5rap2, Cdk5rap3, Cdk6, Cdk9, Cdkl3, Cdkl5, Cdkn1a, Cdkn1b, Cdkn1c, Cdkn2a, Cdkn2b, Cdkn2c, Cdnf, Cdo1, Cdon, Cdsn, Cdx1, Cdx2, Cdx4, Cdyl, Ceacam1, Ceacam2, Cebpa, Cebpb, Cebpd, Cebpe, Cebpg, Cecr2, Cela1, Celf1, Celf4, Celsr1, Celsr2, Celsr3, Cemip2, Cend1, Cenpf, Cenpu, Cep120, Cep128, Cep131, Cep152, Cep290, Cep55, Cep57, Cep63, Cep85, Cep85l, Cer1, Cers1, Cers2, Cers3, Cert1, Ces1a, Ces1b, Ces1c, Ces1d, Ces1e, Ces1f, Ces1g, Ces1h, Cfap119, Cfap157, Cfap206, Cfap221, Cfap410, Cfap418, Cfap43, Cfap44, Cfap45, Cfap47, Cfap52, Cfap53, Cfap54, Cfap57, Cfap58, Cfap61, Cfap65, Cfap69, Cfap70, Cfap97d1, Cfc1, Cfd, Cfdp1, Cfh, Cfl1, Cfl2, Cflar, Cftr, Cga, Cgn, Chac1, Chad, Chadl, Chaserr, Chat, Chd2, Chd4, Chd5, Chd7, Chd8, Chek1, Chi3l1, Chkb, Chl1, Chm, Chmp4c, Chmp5, Chn1, Chn2, Chodl, Chrd, Chrdl1, Chrdl2, Chrna1, Chrna10, Chrna3, Chrna7, Chrna9, Chrnb1, Chrnb2, Chrnd, Chst11, Chsy1, Chtf18, Chtop, Chuk, Churc1, Ciao3, Ciapin1, Cib1, Cibar1, Cic, Cimap3, Cip2a, Cir1, Cirop, Cit, Cited1, Cited2, Ckap5, Cks1b, Cks2, Clasp1, Clasp2, Clcf1, Clcn2, Clcnka, Cldn1, Cldn11, Cldn13, Cldn18, Cldn19, Cldn3, Cldn4, Cldn5, Clec12a, Clec14a, Clec1b, Clec2d, Clec2g, Clec2i, Clec3b, Clec4d, Clec4e, Clec4g, Clec5a, Clec7a, Clic3, Clic4, Clic5, Clip1, Clmn, Clmp, Cln5, Cln8, Clock, Clp1, Clpb, Clptm1, Clrn1, Clrn2, Clstn1, Clstn2, Clstn3, Clu, Cluap1, Cma1, Cmip, Cmtm3, Cmtm5, Cmtm7, Cmtm8, Cnfn, Cnga3, Cngb1, Cnmd, Cnn2, Cnn3, Cnnm4, Cnot1, Cnot2, Cnot3, Cnot4, Cnp, Cnr1, Cntf, Cntfr, Cntn1, Cntn2, Cntn3, Cntn4, Cntn5, Cntn6, Cntnap1, Cntnap2, Cntnap4, Cntrl, Coa5, Cobl, Coch, Col10a1, Col11a1, Col11a2, Col12a1, Col13a1, Col14a1, Col18a1, Col19a1, Col1a1, Col1a2, Col24a1, Col25a1, Col27a1, Col2a1, Col3a1, Col4a1, Col4a2, Col4a3, Col4a4, Col5a1, Col5a2, Col6a1, Col8a1, Col8a2, Col9a1, Colec10, Colq, Commd5, Comp, Comt, Coprs, Cops2, Cops3, Coq7, Coq8b, Corin, Coro1a, Coro1b, Coro1c, Cox10, Cox7b, Cpb2, Cpe, Cpeb1, Cpeb3, Cplane1, Cplane2, Cplx2, Cpne1, Cpne5, Cpne6, Cpne9, Cpq, Cps1, Cpt1a, Cpt2, Cr1l, Cr2, Crabp2, Cracr2a, Cramp1, Crb1, Crb2, Crb3, Creb1, Creb3l1, Creb3l2, Creb5, Crebbp, Crh, Crhr1, Crhr2, Crip2, Cript, Cripto, Crispld1, Crispld2, Crk, Crkl, Crlf1, Crmp1, Crp, Crppa, Crtac1, Crtam, Crtc1, Crx, Crxos, Cryaa, Cryab, Cryba1, Cryba2, Cryba4, Crybb1, Crybb2, Crybb3, Crybg3, Cryga, Crygb, Crygc, Crygd, Cryge, Crygf, Crygn, Crygs, Csf1, Csf1r, Csf2, Csf3, Csf3r, Csgalnact1, Csk, Csmd1, Csmd2, Csmd3, Csn2, Csn3, Csnk1a1, Csnk1d, Csnk2a1, Csnk2b, Cspg4, Cspg5, Csrnp1, Csrp1, Csrp2, Csrp3, Cst3, Cst5, Cst6, Cst7, Csta1, Csta2, Csta3, Cstdc3, Cstdc4, Cstdc5, Cstdc6, Ctc1, Ctcf, Ctcfl, Ctdnep1, Ctdp1, Ctdsp1, Ctf1, Ctf2, Cth, Cthrc1, Ctla2a, Ctla4, Ctnna1, Ctnna2, Ctnnb1, Ctnnbip1, Ctnnbl1, Ctnnd1, Ctnnd2, Ctns, Ctr9, Cts7, Cts8, Ctsb, Ctsc, Ctsh, Ctsk, Ctsl, Ctsz, Cttn, Cubn, Cul1, Cul3, Cul4a, Cul4b, Cul5, Cul7, Cux1, Cux2, Cwh43, Cx3cl1, Cx3cr1, Cxadr, Cxcl1, Cxcl10, Cxcl12, Cxcl13, Cxcl14, Cxcl15, Cxcl17, Cxcl5, Cxcl9, Cxcr2, Cxcr3, Cxcr4, Cxcr5, Cyb5d2, Cyb5r4, Cybb, Cyfip1, Cyfip2, Cylc1, Cylc2, Cyld, Cyp19a1, Cyp1a1, Cyp1a2, Cyp1b1, Cyp26a1, Cyp26b1, Cyp26c1, Cyp27b1, Cyp2c66, Cyp4a10, Cyp4a12a, Cyp4a12b, Cyp4a14, Cyp4a29, Cyp4a30b, Cyp4a31, Cyp4a32, Cyp51, Cyp7b1, Cyren, Cyrib, Cys1, Cysltr1, Cysltr2, Cysrt1, Cyth2, Cytl1, D130043K22Rik, D16Ertd472e, D930028M14Rik, Daam2, Dab1, Dab2, Dab2ip, Dach1, Dach2, Dact1, Dact2, Dact3, Dad1, Dag1, Dagla, Daglb, Dand5, Dapk3, Daw1, Daxx, Dazap1, Dazl, Dbi, Dbn1, Dbndd2, Dbnl, Dbx1, Dcaf1, Dcaf13, Dcaf17, Dcaf8, Dcc, Dcdc2a, Dchs1, Dchs2, Dclk1, Dclk2, Dclre1c, Dcn, Dcpp1, Dcstamp, Dct, Dctn1, Dctn5, Dcx, Ddah1, Ddb1, Ddc, Ddhd1, Ddhd2, Ddias, Ddit3, Ddit4, Ddr1, Ddr2, Ddrgk1, Ddx10, Ddx17, Ddx20, Ddx25, Ddx39b, Ddx4, Ddx5, Ddx56, Ddx6, Deaf1, Dedd, Defb1, Defb37, Degs1, Degs1l, Dennd5a, Des, Deup1, Dgat2, Dgkg, Dguok, Dhcr24, Dhcr7, Dhfr, Dhh, Dhodh, Dhrs3, Dhrs7b, Dhtkd1, Dhx30, Dhx35, Dhx36, Dhx37, Diaph1, Diaph2, Diaph3, Dicer1, Dio3, Dip2a, Dip2b, Dipk2a, Disc1, Disp1, Disp3, Dixdc1, Dkk1, Dkk3, Dkk4, Dlc1, Dld, Dleu2, Dlg1, Dlg2, Dlg3, Dlg4, Dlg5, Dlgap4, Dlk1, Dll1, Dll3, Dll4, Dlx1, Dlx1as, Dlx2, Dlx3, Dlx4, Dlx5, Dlx6, Dmbt1, Dmbx1, Dmc1, Dmd, Dmp1, Dmpk, Dmrt1, Dmrt2, Dmrt3, Dmrta1, Dmrta2, Dmrtc2, Dmtn, Dmxl2, Dnaaf1, Dnaaf11, Dnaaf2, Dnaaf3, Dnaaf4, Dnah1, Dnah11, Dnah5, Dnai1, Dnai2, Dnai4, Dnaja3, Dnajb11, Dnajb6, Dnajb9, Dnajc19, Dnajc19-ps, Dnajc30, Dnali1, Dnase1l2, Dnase1l3, Dnase2a, Dnd1, Dner, Dnhd1, Dnm1l, Dnm2, Dnm3, Dnm3os, Dnmbp, Dnmt1, Dnmt3a, Dnmt3b, Dnmt3l, Dnph1, Dock1, Dock10, Dock11, Dock2, Dock4, Dock5, Dock7, Dok4, Dok5, Dop1b, Dpcd, Dpf1, Dpf2, Dpf3, Dpp4, Dppa2, Dppa3, Dppa4, Dpy19l2, Dpysl2, Dpysl3, Dpysl5, Dr1, Dram2, Draxin, Drc1, Drc7, Drd1, Drd2, Drd3, Drgx, Drosha, Drp2, Dsc1, Dsc3, Dscam, Dscaml1, Dsg2, Dsg4, Dsp, Dspp, Dst, Dtnb, Dtnbp1, Dtx1, Dubr, Duox1, Duox2, Duoxa1, Dusp1, Dusp10, Dusp15, Dusp2, Dusp29, Dusp3, Dusp4, Dusp5, Dusp6, Dut, Duxbl1, Dvl1, Dvl2, Dvl3, Dym, Dync1i2, Dync2h1, Dync2i1, Dync2li1, Dynlt1a, Dynlt1b, Dynlt1c, Dynlt1f, Dyrk1a, Dyrk1b, Dyrk3, Dysf, Dzank1, Dzip1, Dzip1l, E2f1, E2f2, E2f4, E2f5, E2f7, E2f8, E4f1, Eaf2, Ebf2, Ebp, Ece1, Ecm1, Ecrg4, Ecscr, Ecsit, Ect2, Eda, Edar, Edaradd, Edn1, Edn2, Edn3, Ednra, Ednrb, Eed, Eef1ece2, Eef2, Eef2k, Eeig1, Efcab9, Efemp1, Efemp2, Efhc1, Efhc2, Efhd1, Efna1, Efna2, Efna3, Efna4, Efna5, Efnb1, Efnb2, Efnb3, Egf, Egfl7, Egfl8, Egfr, Egln1, Egr1, Egr2, Egr3, Ehbp1l1, Ehd1, Ehd2, Ehf, Ehmt1, Ehmt2, Eid2, Eid2b, Eif2ak1, Eif2ak2, Eif2ak3, Eif2ak4, Eif2b1, Eif2b2, Eif2b3, Eif2b4, Eif2b5, Eif2s2, Eif4a3, Eif4a3l1, Eif4a3l2, Eif4e, Eif4e2, Eif4enif1, Eif4g1, Eif4g2, Eif4g3, Eif5a, Eif6, Elapor2, Elavl2, Elavl3, Elavl4, Elf3, Elf5, Elfn1, Elk1, Elk3, Ell, Ell3, Elmo1, Elmod3, Eln, Elovl1, Elp3, Elp6, Emb, Emc10, Emcn, Emd, Emg1, Emilin1, Emilin2, Eml1, Emp2, Emx1, Emx2, En1, En2, Enah, Enam, Enc1, Endog, Eng, Enkur, Eno1, Enpep, Enpp1, Enpp2, Entpd7, Eomes, Ep300, Epas1, Epb41, Epb41l2, Epb41l3, Epb41l5, Epb42, Epc1, Epcam, Epg5, Epgn, Epha1, Epha10, Epha2, Epha3, Epha4, Epha5, Epha6, Epha7, Epha8, Ephb1, Ephb2, Ephb3, Ephb4, Ephb6, Epm2a, Epn1, Epn2, Epo, Epop, Epor, Eppk1, Eps8, Epsti1, Epyc, Eqtn, Erap1, Erbb2, Erbb3, Erbb4, Ercc1, Ercc2, Ercc3, Ercc6, Ereg, Erf, Erfe, Ermn, Ermp1, Ero1a, Errfi1, Esco2, Esm1, Esr1, Esr2, Esrp1, Esrp2, Esrra, Esrrb, Ess2, Esx1, Etl4, Etnk2, Ets1, Ets2, Etv1, Etv2, Etv4, Etv5, Etv6, Eva1a, Evc, Evi2, Evi2b, Evl, Evpl, Evx1, Evx2, Exo1, Exoc1, Exoc3l2, Exoc4, Exoc5, Exoc6, Exosc3, Exosc6, Exph5, Ext1, Ext2, Extl3, Eya1, Eya2, Eya4, Ezh1, Ezh2, Ezhip, Ezr, F11r, F2, F2rl1, F3, F7, Fa2h, Fabp7, Fadd, Faim, Faim2, Fam107a, Fam114a1, Fam151b, Fam168b, Fam171a1, Fam209, Fam20a, Fam20c, Fam210b, Fam3c, Fam3d, Fam83d, Fam83h, Fanca, Fancb, Fancc, Fancd2, Fance, Fancf, Fancg, Fap, Farp1, Farp2, Fas, Fasl, Fasn, Fat1, Fat3, Fat4, Faxdc2, Fblim1, Fbll1, Fbln1, Fbln5, Fbn1, Fbn2, Fbxl15, Fbxl17, Fbxo11, Fbxo21, Fbxo22, Fbxo31, Fbxo38, Fbxo40, Fbxo41, Fbxo45, Fbxo5, Fbxo7, Fbxw10, Fbxw11, Fbxw4, Fbxw7, Fbxw7as1, Fbxw8, Fcer1g, Fcgr2b, Fdcsp, Fdps, Fech, Fem1b, Fendrr, Fer, Fer1l5, Ferd3l, Fermt1, Fermt2, Fes, Fev, Fez1, Fezf1, Fezf2, Fgd1, Fgd4, Fgf1, Fgf10, Fgf11, Fgf12, Fgf13, Fgf14, Fgf15, Fgf16, Fgf17, Fgf18, Fgf2, Fgf20, Fgf21, Fgf22, Fgf23, Fgf3, Fgf4, Fgf5, Fgf6, Fgf7, Fgf8, Fgf9, Fgfbp1, Fgfr1, Fgfr2, Fgfr3, Fgfr4, Fgfrl1, Fgl1, Fgl2, Fgr, Fhl1, Fhl2, Fhod3, Fig4, Figla, Filip1, Filip1l, Fis1, Fitm2, Fjx1, Fkbp10, Fkbp1a, Fkbp1b, Fkbp4, Fkbp8, Fkbpl, Fkrp, Fktn, Flcn, Flg, Flg2, Fli1, Flii, Flna, Flnb, Flnc, Flot1, Flot2, Flrt1, Flrt2, Flrt3, Flt1, Flt3, Flt3l, Flt4, Flvcr1, Flvcr2, Fmc1, Fmn1, Fmn2, Fmnl1, Fmnl2, Fmnl3, Fmr1, Fn1, Fn3k, Fnbp1, Fndc3a, Fndc3b, Fnip1, Folr1, Fos, Fosl1, Fosl2, Foxa1, Foxa2, Foxa3, Foxb1, Foxb2, Foxc1, Foxc2, Foxd1, Foxd2, Foxd3, Foxd4, Foxe1, Foxe3, Foxf1, Foxf2, Foxg1, Foxh1, Foxi1, Foxi2, Foxi3, Foxj1, Foxj2, Foxk1, Foxl1, Foxl2, Foxl3, Foxm1, Foxn1, Foxn2, Foxn3, Foxn4, Foxo1, Foxo3, Foxo4, Foxo6, Foxp1, Foxp2, Foxp3, Foxp4, Foxq1, Foxr1, Foxs1, Fpgs, Fras1, Frat1, Frem1, Frem2, Frem3, Frey1, Frg1, Frmd6, Frmd7, Frs2, Fry, Fryl, Frzb, Fscn2, Fscn3, Fshb, Fshr, Fsip1, Fsip2, Fst, Fstl1, Fstl3, Fstl4, Fto, Ftsj1, Ftx, Fubp1, Fuom, Furin, Fut1, Fut10, Fut7, Fut9, Fuz, Fxn, Fxr1, Fxr2, Fyn, Fzd1, Fzd2, Fzd3, Fzd4, Fzd5, Fzd6, Fzd7, Fzd8, Fzd9, Fzr1, G2e3, G6pd2, G6pdx, Gaa, Gab1, Gab2, Gab3, Gabpa, Gabra1, Gabra2, Gabra3, Gabra4, Gabra5, Gabra6, Gabrb1, Gabrb2, Gabrb3, Gabre, Gabrg1, Gabrg2, Gabrg3, Gadd45a, Gadd45g, Gak, Gal, Gal3st1, Galc, Galnt11, Galnt3, Galntl5, Galr2, Gamt, Gap43, Gapdh, Garem2, Garin1a, Garin1b, Garin2, Garin3, Garin4, Garin5a, Garin5b, Gart, Gas1, Gas2, Gas5, Gas6, Gas7, Gas8, Gata1, Gata2, Gata3, Gata4, Gata5, Gata6, Gatad2a, Gatm, Gba1, Gba2, Gbx1, Gbx2, Gcm1, Gcm2, Gcnt1, Gcnt2, Gcnt3, Gcnt4, Gdf1, Gdf10, Gdf11, Gdf15, Gdf2, Gdf3, Gdf5, Gdf6, Gdf7, Gdf9, Gdi1, Gdnf, Gdpd5, Get1, Gfap, Gfer, Gfi1, Gfi1b, Gfra1, Gfra2, Gfra3, Gfra4, Gfral, Ggn, Ggnbp2, Ggt1, Gh, Ghrh, Ghrhr, Ghrl, Ghsr, Gigyf2, Gimap1, Gimap3, Gimap5, Gimap6, Gins1, Gins3, Gins4, Gip, Gipr, Git1, Git2, Gja1, Gja10, Gja4, Gja5, Gja6, Gja8, Gjb1, Gjb2, Gjb3, Gjb5, Gjb6, Gjc1, Gjc2, Gjc3, Gjd4, Gje1, Gk2, Gla, Gldn, Glg1, Gli1, Gli2, Gli3, Glipr2, Glis2, Glmn, Glo1, Glrb, Glrx5, Glud1, Glul, Gm10230, Gm10488, Gm1140, Gm11690, Gm12610, Gm14137, Gm14525, Gm15290, Gm15915, Gm1993, Gm2012, Gm2030, Gm20736, Gm20817, Gm20820, Gm20824, Gm20843, Gm20890, Gm20911, Gm21095, Gm21117, Gm21294, Gm21627, Gm21760, Gm21858, Gm21865, Gm21996, Gm28102, Gm28510, Gm28576, Gm28836, Gm28870, Gm28919, Gm28961, Gm29276, Gm29554, Gm29866, Gm30731, Gm34220, Gm36723, Gm4297, Gm4787, Gm5168, Gm5169, Gm527, Gm5414, Gm5478, Gm572, Gm5849, Gm5934, Gm5935, Gm6121, Gm773, Gm7958, Gmcl1, Gmnc, Gmnn, Gmppa, Gmpr2, Gna11, Gna12, Gna13, Gnaq, Gnas, Gnasas1, Gnat1, Gnat2, Gnb1, Gng5, Gng8, Gngt1, Gnpat, Gnrh1, Golga2, Golga4, Gon4l, Gopc, Gorab, Gorasp1, Gp1ba, Gp1bb, Gp5, Gp9, Gpat4, Gpatch4, Gpc1, Gpc2, Gpc3, Gpc4, Gpcpd1, Gpd2, Gper1, Gpi1, Gpld1, Gpm6a, Gpm6b, Gpnmb, Gpr137, Gpr137b, Gpr149, Gpr15, Gpr157, Gpr158, Gpr161, Gpr17, Gpr171, Gpr173, Gpr18, Gpr183, Gpr37, Gpr37l1, Gpr4, Gpr55, Gpr68, Gpr89, Gprc5b, Gprc5d, Gprin1, Gprin2, Gprin3, Gps2, Gpsm1, Gpx1, Gpx4, Grb14, Grb2, Grcc10, Greb1, Greb1l, Grem1, Grem2, Grhl1, Grhl2, Grhl3, Gria1, Grid2, Grik1, Grin1, Grin2a, Grin2b, Grin3a, Grip1, Grip2, Grk1, Grk2, Grm5, Grm6, Grm7, Grn, Grsf1, Grxcr1, Grxcr2, Gsc, Gsdma3, Gsdmc2, Gsdme, Gsk3a, Gsk3b, Gsn, Gsta3, Gstk1, Gstp1, Gsx1, Gsx2, Gtf2b, Gtf2i, Gtf2ird1, Gtf3c5, Guca2b, Gys1, Gzf1, H13, H19, H1f5, H1f7, H1f9, H2-Aa, H2-D1, H2-DMa, H2-Ea, H2-K1, H2-M3, H2-Oa, H2-Q7, H2-T10, H2-T23, H2aj, H2al2a, H2ax, H2bc1, H3f3a, H3f3b, Hacd1, Hamp, Hamp2, Hand1, Hand2, Hand2os1, Hap1, Hapln1, Hapln2, Hapln3, Hapln4, Has2, Havcr2, Hax1, Hba-a1, Hba-a2, Hba-x, Hbb-b1, Hbb-b2, Hbegf, Hc, Hcfc1, Hck, Hcls1, Hcn1, Hcn4, Hdac1, Hdac11, Hdac2, Hdac3, Hdac4, Hdac5, Hdac6, Hdac7, Hdac9, Hdgfl2, Hdgfl3, Heatr3, Heatr9, Hectd1, Hecw1, Hecw2, Heg1, Hells, Helt, Heph, Herc1, Herc2, Herc6, Hes1, Hes2, Hes3, Hes5, Hes6, Hes7, Hesx1, Hexa, Hexb, Hexim1, Hey1, Hey2, Heyl, Hfe, Hfm1, Hgf, Hgs, Hhex, Hhip, Hif1a, Hif1an, Hif3a, Hikeshi, Hinfp, Hip1r, Hipk1, Hipk2, Hira, Hivep3, Hk2, Hlf, Hltf, Hlx, Hmbs, Hmces, Hmg20a, Hmg20b, Hmga1, Hmga2, Hmgb1, Hmgb2, Hmgb3, Hmgcl, Hmgcr, Hmgcs2, Hmgn1, Hmox1, Hmx2, Hmx3, Hnf1a, Hnf1b, Hnf4a, Hnrnpab, Hnrnpd, Hnrnpk, Hnrnpu, Homer1, Hook1, Hook3, Hopx, Hormad1, Hotair, Hottip, Hoxa1, Hoxa10, Hoxa11, Hoxa13, Hoxa2, Hoxa3, Hoxa4, Hoxa5, Hoxa6, Hoxa7, Hoxa9, Hoxb1, Hoxb13, Hoxb2, Hoxb3, Hoxb4, Hoxb5, Hoxb6, Hoxb7, Hoxb8, Hoxb9, Hoxc10, Hoxc11, Hoxc13, Hoxc4, Hoxc5, Hoxc6, Hoxc8, Hoxc9, Hoxd1, Hoxd10, Hoxd11, Hoxd12, Hoxd13, Hoxd3, Hoxd4, Hoxd8, Hoxd9, Hp, Hpca, Hpgd, Hpn, Hprt1, Hps1, Hpse, Hras, Hrg, Hrh2, Hrnr, Hs1bp3, Hs2st1, Hs3st3a1, Hs3st3b1, Hs3st6, Hs6st1, Hsbp1, Hscb, Hsd11b1, Hsd17b1, Hsd17b2, Hsd17b4, Hsd17b7, Hsf1, Hsf4, Hsp90aa1, Hsp90ab1, Hspa1b, Hspa2, Hspa5, Hspa8, Hspa9, Hspb1, Hspb2, Hspb6, Hspb7, Hspd1, Hspg2, Htatip2, Htr2b, Htr4, Htr5a, Htr6, Htr7, Htra1, Htra2, Htt, Hus1, Huwe1, Hyal1, Hyal2, Hyal3, Hycc1, Hydin, Hymai, Iapp, Ibsp, Ica1l, Icam1, Icam5, Icmt, Icos, Icosl, Id1, Id2, Id3, Id4, Idh1, Idh2, Ido1, Idua, Ier2, Ier3ip1, Ifi203, Ifi203-ps, Ifi204, Ifi206, Ifi207, Ifi208, Ifi209, Ifi213, Ifi214, Ifitm1, Ifitm2, Ifitm5, Ifna, Ifnar2, Ifnb1, Ifng, Ifngr1, Ifnz, Ifrd1, Ift122, Ift140, Ift172, Ift20, Ift25, Ift27, Ift52, Ift56, Ift57, Ift74, Ift80, Ift81, Ift88, Igf1, Igf1r, Igf2, Igf2bp1, Igf2bp2, Igf2bp3, Igf2r, Igfals, Igfbp1, Igfbp3, Igfbp5, Igfbp7, Ighd, Ighe, Ighg1, Ighm, Ighmbp2, Igkc, Igkj5, Igsf10, Igsf11, Igsf21, Igsf23, Igsf3, Igsf9, Igsf9b, Igtp, Ihh, Iho1, Ikbkb, Ikzf1, Ikzf3, Il10, Il11ra1, Il11ra2, Il11ra3, Il12a, Il12b, Il15, Il15ra, Il17a, Il17c, Il17d, Il17f, Il17rd, Il18, Il18r1, Il1a, Il1b, Il1r1, Il1rap, Il1rapl1, Il1rapl2, Il1rl1, Il1rl2, Il1rn, Il2, Il20, Il21, Il23a, Il25, Il27, Il27ra, Il2ra, Il2rg, Il3, Il31ra, Il33, Il34, Il36b, Il36g, Il4, Il4i1, Il4i1b, Il4ra, Il5, Il6, Il6ra, Il6st, Il7, Il7r, Il9, Il9r, Ildr2, Ilk, Immp2l, Impact, Impg2, Ina, Inf2, Ing2, Ing5, Inha, Inhba, Inhbb, Inka1, Ino80, Ino80b, Ino80c, Ino80d, Inpp4b, Inpp5b, Inpp5d, Inpp5f, Inpp5j, Inpp5k, Inppl1, Ins1, Ins2, Insc, Insig1, Insig2, Insl3, Insl6, Insm1, Insm2, Insr, Insrr, Ints1, Intu, Invs, Ipmk, Ipo7, Iqcb1, Iqce, Iqcf1, Iqcg, Iqcn, Iqgap1, Iqgap3, Iqschfp, Iqsec1, Iqsec2, Irak3, Ireb2, Irf1, Irf2bp2, Irf2bpl, Irf4, Irf6, Irf8, Irgm1, Irgm2, Irs1, Irs2, Irx1, Irx2, Irx3, Irx4, Irx5, Irx6, Isg15, Isl1, Isl2, Islr2, Ism1, Ist1, Itch, Itfg2, Itga1, Itga2, Itga2b, Itga3, Itga4, Itga5, Itga6, Itga7, Itga8, Itgam, Itgav, Itgax, Itgb1, Itgb1bp1, Itgb2, Itgb2l, Itgb3, Itgb4, Itgb5, Itgb6, Itgb8, Itk, Itm2a, Itm2c, Itpk1, Itpka, Itpkb, Itpr1, Itsn1, Itsn2, Ivl, Izumo1, Izumo3, Jade2, Jag1, Jag2, Jagn1, Jak1, Jak2, Jak3, Jam2, Jam3, Jarid2, Jcad, Jhy, Jmjd1c, Jmjd6, Jmjd8, Jph1, Jph2, Jun, Junb, Jund, Jup, Kalrn, Kank1, Kank2, Kash5, Kat14, Kat2a, Kat2b, Kat5, Kat6a, Kat6b, Kat7, Kat8, Katna1, Katnb1, Kazn, Kbtbd8, Kcna1, Kcna2, Kcna3, Kcnab2, Kcnb1, Kcnc1, Kcnc2, Kcne1, Kcnip2, Kcnj1, Kcnj10, Kcnj11, Kcnj8, Kcnk18, Kcnk2, Kcnk3, Kcnma1, Kcnq1, Kcnq1ot1, Kcnq2, Kcnq3, Kcnq4, Kcp, Kctd10, Kctd11, Kdelr1, Kdf1, Kdm1a, Kdm1b, Kdm2a, Kdm2b, Kdm3a, Kdm4a, Kdm4b, Kdm4c, Kdm4dl, Kdm5a, Kdm5b, Kdm6a, Kdm6b, Kdm7a, Kdm8, Kdr, Keap1, Kel, Kera, Khdc3, Kidins220, Kif13b, Kif14, Kif16b, Kif18a, Kif1a, Kif1b, Kif20b, Kif21a, Kif21b, Kif26a, Kif26b, Kif27, Kif2a, Kif3a, Kif3c, Kif5a, Kif5b, Kif5c, Kif7, Kifap3, Kifbp, Kifc2, Kirrel3, Kiss1, Kit, Kitl, Kl, Klc3, Klf1, Klf10, Klf13, Klf15, Klf2, Klf4, Klf5, Klf7, Klf9, Klhl1, Klhl10, Klhl12, Klhl25, Klhl3, Klhl40, Klhl41, Klhl6, Klk14, Klk1b1, Klk4, Klk5, Klk6, Klk8, Kmt2a, Kmt2b, Kmt2c, Kmt2d, Kmt2e, Kmt5b, Kmt5c, Kndc1, Kpna1, Kpna7, Kras, Kremen1, Kremen2, Krit1, Krt1, Krt10, Krt12, Krt13, Krt14, Krt15, Krt16, Krt17, Krt19, Krt2, Krt20, Krt23, Krt24, Krt25, Krt26, Krt27, Krt28, Krt31, Krt32, Krt33a, Krt33b, Krt34, Krt35, Krt36, Krt39, Krt4, Krt40, Krt42, Krt5, Krt6a, Krt6b, Krt7, Krt71, Krt72, Krt73, Krt74, Krt75, Krt76, Krt77, Krt78, Krt79, Krt8, Krt80, Krt81, Krt82, Krt83, Krt84, Krt85, Krt86, Krt87, Krt9, Krt90, Krtap21-1, Krtap5-5, Krtap6-2, Krtap6-5, Krtdap, Ky, L1cam, L3mbtl1, L3mbtl2, L3mbtl3, Lag3, Lama1, Lama2, Lama3, Lama4, Lama5, Lamb1, Lamb2, Lamb3, Lamc1, Lamc2, Lamc3, Laptm5, Large1, Larp4, Lats1, Lats2, Lbh, Lbr, Lbx1, Lbx2, Lce1a2, Lce1g, Lck, Lcn2, Lcp1, Lctl, Ldb1, Ldb2, Ldb3, Ldha, Ldlr, Ldlrad4, Ldoc1, Lef1, Lefty1, Lefty2, Lemd2, Lemd3, Leo1, Lep, Lepr, Lfng, Lgals1, Lgals3, Lgals8, Lgals9, Lgi1, Lgi2, Lgi4, Lgr4, Lgr5, Lgr6, Lhb, Lhcgr, Lhfpl2, Lhfpl4, Lhfpl5, Lhx1, Lhx2, Lhx3, Lhx4, Lhx5, Lhx6, Lhx8, Lhx9, Lias, Lichi, Lif, Lifr, Lig4, Lilrb4a, Lilrb4b, Lim2, Limd1, Limk1, Limk2, Lims1, Lims2, Lin28a, Lin7a, Lin7b, Lin7c, Lingo1, Lingo2, Lingo4, Lipa, Llgl1, Llgl2, Llph, Lmbr1, Lmbr1l, Lmbrd1, Lmna, Lmo2, Lmo4, Lmod1, Lmod2, Lmod3, Lmtk2, Lmx1a, Lmx1b, Lncbate1, Lncpint, Lnpk, Lnx1, Lnx2, Loricrin, Lox, Loxl2, Loxl3, Lpar1, Lpar3, Lpar6, Lpcat1, Lpin1, Lpl, Lrat, Lratd1, Lrfn1, Lrfn3, Lrfn4, Lrfn5, Lrg1, Lrig1, Lrig2, Lrig3, Lrit3, Lrp1, Lrp10, Lrp12, Lrp1b, Lrp2, Lrp4, Lrp5, Lrp6, Lrp8, Lrrc10, Lrrc17, Lrrc24, Lrrc32, Lrrc4, Lrrc4b, Lrrc4c, Lrrc7, Lrrc78, Lrrc8a, Lrrk1, Lrrk2, Lrrn1, Lrrn3, Lrrtm1, Lrrtm2, Lrrtm3, Lrrtm4, Lrtm1, Lrtm2, Lsm1, Lsm14b, Lsr, Lst1, Lt1, Lta, Lta4h, Ltb, Ltbp1, Ltbp3, Ltbr, Ltf, Ltk, Luc7l, Luzp1, Ly6d, Ly6e, Ly9, Lyar, Lyl1, Lyn, Lzts1, Lzts2, Lzts3, Mab21l1, Mab21l2, Macf1, Maco1, Macrod2, Macroh2a1, Macroh2a2, Mad1l1, Mad2l2, Madcam1, Maea, Mael, Maf, Mafb, Maff, Mafg, Mafk, Mag, Maged1, Magi1, Magi2, Majin, Mal, Mal2, Mall, Malt1, Mamdc4, Maml1, Mamld1, Mamstr, Man1a2, Man2a1, Mansc4, Map1a, Map1b, Map1s, Map2, Map2k1, Map2k2, Map2k3, Map2k4, Map2k5, Map2k6, Map3k1, Map3k13, Map3k20, Map3k3, Map3k4, Map3k5, Map3k7, Map4, Map4k4, Map6, Map7, Mapk1, Mapk11, Mapk12, Mapk14, Mapk3, Mapk6, Mapk7, Mapk8, Mapk8ip2, Mapk8ip3, Mapk9, Mapkapk2, Mapkapk5, Mapt, Marchf5, Marchf7, Marcks, Marcksl1, Marf1, Mark1, Mark2, Mark4, Marveld1, Marveld2, Mas1, Mast1, Matcap1, Matn1, Matn2, Matn3, Matr3, Max, Mb, Mbd1, Mbd2, Mbd3, Mbd5, Mbip, Mbnl1, Mbnl3, Mboat1, Mboat2, Mboat7, Mbp, Mbtd1, Mbtps2, Mc2r, Mcam, Mcf2, Mcidas, Mcm2, Mcm3ap, Mcmdc2, Mcoln3, Mcph1, Mcrip1, Mcrs1, Mcu, Mcub, Mdfi, Mdga1, Mdga2, Mdk, Mdm1, Mdm2, Mdm4, Meaf6, Mecom, Mecp2, Med1, Med12, Med20, Med21, Med28, Med31, Mef2a, Mef2b, Mef2c, Mef2d, Meg3, Megf10, Megf11, Megf8, Megf9, Mei1, Mei4, Meig1, Meioc, Meiosin, Meis1, Meis2, Meis3, Melk, Men1, Meox1, Meox2, Mepe, Mertk, Mesd, Mesp1, Mesp2, Met, Metrn, Mettl14, Mettl21c, Mettl3, Mettl8, Mex3c, Mexis, Mfap2, Mfap5, Mff, Mfge8, Mfhas1, Mfn1, Mfn2, Mfng, Mfrp, Mfsd12, Mfsd14a, Mfsd2a, Mfsd8, Mgarp, Mgat1, Mgll, Mgp, Mgrn1, Mia3, Miat, Mib1, Mical2, Micall1, Micall2, Mief1, Mief2, Miga2, Minar1, Minar2, Mink1, Mios, Mip, Mir100, Mir103-1, Mir103-2, Mir106b, Mir122, Mir124-2hg, Mir124a-1, Mir124a-1hg, Mir124a-2, Mir124a-3, Mir125a, Mir125b-1, Mir125b-2, Mir126a, Mir126b, Mir127, Mir130a, Mir132, Mir133a-1, Mir133a-2, Mir133b, Mir135a-1, Mir135a-2, Mir138-1, Mir138-2, Mir140, Mir141, Mir143, Mir144, Mir145a, Mir145b, Mir146, Mir146b, Mir150, Mir155, Mir17, Mir18, Mir181b-1, Mir181b-2, Mir181c, Mir182, Mir183, Mir184, Mir188, Mir193a, Mir193b, Mir1954, Mir195a, Mir19a, Mir19b-1, Mir1a-2, Mir200a, Mir200b, Mir200c, Mir202, Mir203, Mir204, Mir205, Mir208a, Mir208b, Mir20a, Mir212, Mir214, Mir216a, Mir216b, Mir217, Mir218-1, Mir218-2, Mir219a-1, Mir219a-2, Mir223, Mir23a, Mir23b, Mir24-1, Mir24-2, Mir25, Mir26a-1, Mir26a-2, Mir27a, Mir27b, Mir2861, Mir301, Mir302a, Mir302b, Mir302c, Mir302d, Mir30a, Mir326, Mir329, Mir330, Mir338, Mir34a, Mir34b, Mir34c, Mir351, Mir367, Mir375, Mir376a, Mir429, Mir449a, Mir449b, Mir449c, Mir450b, Mir451a, Mir451b, Mir452, Mir455, Mir471, Mir489, Mir499, Mir503, Mir539, Mir541, Mir542, Mir669a-1, Mir669a-10, Mir669a-2, Mir669a-3, Mir669a-4, Mir669a-5, Mir669a-6, Mir669a-7, Mir669a-8, Mir669a-9, Mir672, Mir675, Mir682, Mir7-1, Mir7-2, Mir741, Mir742, Mir743, Mir873a, Mir874, Mir875, Mir878, Mir880, Mir881, Mir9-1, Mir9-2, Mir9-3, Mir92-1, Mir93, Mir96, Mir9718, Mir99a, Mirlet7a-1, Mirlet7a-2, Mirlet7b, Mirlet7c-1, Mirlet7c-2, Mirlet7d, Mirlet7e, Misfa, Mitf, Mixl1, Mki67, Mkks, Mkln1, Mknk2, Mks1, Mkx, Mlf1, Mlh1, Mllt3, Mmd, Mmd2, Mme, Mmp12, Mmp13, Mmp14, Mmp15, Mmp16, Mmp17, Mmp19, Mmp2, Mmp20, Mmp21, Mmp24, Mmp25, Mmp8, Mmp9, Mmrn1, Mmrn2, Mmut, Mnat1, Mndal, Mns1, Mnx1, Mob2, Mobp, Morc3, Morf4l2, Mos, Mosmo, Mospd3, Mov10, Mpdz, Mpig6b, Mpl, Mpst, Mpv17, Mpz, Mpzl2, Mr1, Mreg, Mrgprx1, Mrtfa, Mrtfb, Ms4a1, Msc, Msgn1, Msh2, Msh3, Msh4, Msh6, Msi1, Msi2, Msn, Mst1, Mst1r, Mstn, Msx1, Msx2, Msx3, mt-Co1, mt-Co2, mt-Cytb, mt-Nd4, Mt3, Mta2, Mtch2, Mtdh, Mterf4, Mtf1, Mtf2, Mthfd1, Mthfd1l, Mthfr, Mtln, Mtm1, Mtmr2, Mtor, Mtpn, Mtr, Mtss1, Mturn, Muc19, Muc2, Muc3a, Muc4, Mug1, Mul1, Mup20, Musk, Mustn1, Mxi1, Mxra8, Myadm, Myb, Mybpc1, Mybpc2, Mybpc3, Mybph, Mybphl, Myc, Mycbp2, Mycl, Mycn, Myd88, Mydgf, Myf5, Myf6, Myh10, Myh11, Myh14, Myh6, Myh7, Myh9, Myhas, Myl12a, Myl12b, Myl2, Myl3, Myl6, Myl6b, Myl7, Myl9, Mylip, Mylk, Mylk2, Mylk3, Mylpf, Mymk, Mymx, Myo10, Myo15a, Myo16, Myo18b, Myo19, Myo1e, Myo3a, Myo3b, Myo5a, Myo5b, Myo6, Myo7a, Myo7b, Myo9a, Myo9b, Myoc, Myocd, Myod1, Myof, Myog, Myom1, Myom2, Myom3, Myoparr, Myorg, Myot, Myoz1, Myoz2, Mypn, Myrf, Mysm1, Myt1, Myt1l, n-TUtca2, N4bp2l2, N4bp3, Naa15, Nab1, Nab2, Nae1, Naglu, Nanog, Nanos1, Nanos2, Nanos3, Nap1l1, Nap1l2, Napa, Nars1, Nasp, Nat8, Nat8f1, Nat8f2, Nat8f3, Nat8f5, Nav1, Nav2, Nav3, Naxe, Nbeal2, Nbl1, Nbn, Nbr1, Ncam1, Ncam2, Ncan, Ncapg2, Ncaph2, Ncdn, Nck1, Nck2, Nckap1, Nckap1l, Nckipsd, Ncl, Ncmap, Ncoa1, Ncoa2, Ncoa3, Ncoa6, Ncor1, Ncor2, Ncs1, Ncstn, Nde1, Ndel1, Ndfip1, Ndn, Ndnf, Ndp, Ndrg1, Ndrg2, Ndrg3, Ndrg4, Ndst1, Ndufa2, Ndufs2, Ndufs4, Ndufs6, Ndufv2, Neb, Nebl, Necab1, Nectin1, Nectin2, Nectin3, Nedd4, Nedd4l, Nedd8, Nedd9, Nefh, Nefl, Nefm, Negr1, Nek1, Nek2, Nek3, Nek5, Nek8, Nell1, Nell2, Nemp1, Neo1, Nepro, Nes, Neu1, Neu2, Neu4, Neurl1a, Neurl2, Neurod1, Neurod2, Neurod4, Neurod6, Neurog1, Neurog2, Neurog3, Nexmif, Nexn, Nf1, Nf2, Nfam1, Nfasc, Nfatc1, Nfatc2, Nfatc3, Nfatc4, Nfe2, Nfe2l1, Nfe2l2, Nfia, Nfib, Nfic, Nfil3, Nfix, Nfkb1, Nfkb2, Nfkbia, Nfkbid, Nfkbiz, Nfrkb, Ngb, Ngef, Ngf, Ngfr, Ngp, Nhej1, Nherf1, Nhlh2, Nhs, Nid1, Nif3l1, Nin, Ninj1, Ninj2, Nipbl, Nkap, Nkd1, Nkiras1, Nkiras2, Nkx2-1, Nkx2-2, Nkx2-2os, Nkx2-3, Nkx2-5, Nkx2-6, Nkx2-9, Nkx3-1, Nkx3-2, Nkx6-1, Nkx6-2, Nkx6-3, Nle1, Nlgn1, Nlgn2, Nlgn3, Nlgn4l, Nln, Nlrp3, Nlrp4f, Nlrp5, Nlrp9a, Nlrp9b, Nlrp9c, Nme1, Nme2, Nme5, Nme7, Nmrk2, Nmt1, Nnat, Nnmt, Nobox, Noct, Nodal, Nog, Nol3, Nolc1, Nom1, Nop2, Norad, Nos1, Nos3, Notch1, Notch2, Notch3, Notch4, Noto, Notum, Nova1, Nova2, Nox1, Nox3, Nox4, Npas4, Npat, Npc1, Nphp1, Nphp3, Nphp4, Nphs1, Nphs2, Npm2, Npnt, Nppb, Nppc, Npr2, Npr3, Nprl3, Nptn, Nptx1, Nptxr, Npy, Npy1r, Npy2r, Npy5r, Nr0b1, Nr0b2, Nr1d1, Nr1d2, Nr1h4, Nr2c2, Nr2e1, Nr2e3, Nr2f1, Nr2f2, Nr2f6, Nr3c1, Nr4a1, Nr4a2, Nr4a3, Nr5a1, Nr5a2, Nrap, Nrarp, Nras, Nrbp1, Nrbp2, Nrcam, Nrdc, Nrep, Nrg1, Nrg2, Nrg3, Nrip1, Nrk, Nrl, Nrn1, Nrn1l, Nrp1, Nrp2, Nrros, Nrsn1, Nrsn2, Nrtn, Nrxn1, Nrxn2, Nrxn3, Nsd1, Nsd2, Nsdhl, Nsmf, Nsrp1, Nsun2, Nsun5, Ntf3, Ntf5, Ntm, Ntn1, Ntn3, Ntn4, Ntn5, Ntng1, Ntng2, Ntrk1, Ntrk2, Ntrk3, Nudt1, Nudt21, Nuggc, Numa1, Numb, Numbl, Nup107, Nup133, Nup160, Nup210l, Nup50, Nup85, Nupr1, Nus1, Nxn, Nyap1, Nyap2, Oas1d, Oas2, Obox1, Obox2, Obox3, Obox4, Obox5, Obox6, Obox7, Obox8, Obsl1, Oc90, Oca2, Ocm, Ocrl, Ocstamp, Odad2, Odad3, Odad4, Odam, Odaph, Odc1, Ofd1, Ogdh, Ogn, Ogt, Olfm1, Olfm2, Olfm3, Olig1, Olig2, Olig3, Oma1, Omg, Omp, Onecut1, Onecut2, Ooep, Oog1, Oosp1, Oosp2, Opa1, Opa3, Opalin, Ophn1, Opn3, Opn4, Opn5, Oprm1, Optc, Or10a4, Or10j5, Or8a1b, Orai1, Orc3, Ormdl1, Ormdl3, Osbp2, Oscar, Osm, Osr1, Osr2, Ostm1, Ostn, Otc, Otog, Otogl, Otol1, Otop1, Otor, Otp, Otud5, Otud7b, Otulin, Otx1, Otx2, Ovol1, Ovol2, Ovol3, Oxt, Oxtr, P2rx2, P2rx4, P2rx5, P2rx7, P2ry1, P2ry12, P2ry2, P3h1, P4htm, Pabpc1l, Pabpc4, Pacrg, Pacsin1, Pacsin2, Padi6, Paf1, Pafah1b1, Pagr1a, Pak1, Pak1ip1, Pak2, Pak3, Pak4, Pak6, Pakap, Palb2, Palld, Palm, Palm3, Palmd, Pals1, Pank2, Pantr2, Pappa2, Papss2, Paqr3, Paqr5, Paqr7, Paqr8, Pard3, Parp1, Parp2, Parp3, Parp6, Parva, Parvb, Parvg, Patz1, Paupar, Pawr, Pax1, Pax2, Pax3, Pax4, Pax5, Pax6, Pax7, Pax8, Pax9, Paxbp1, Paxip1, Pbrm1, Pbx1, Pbx2, Pbx3, Pbx4, Pbxip1, Pcare, Pcdh12, Pcdh15, Pcdh17, Pcdh18, Pcdh8, Pcdha8, Pcdha9, Pcdhac2, Pcgf2, Pcid2, Pck1, Pck2, Pclo, Pcm1, Pcna, Pcnt, Pcp4, Pcsk1, Pcsk2, Pcsk4, Pcsk5, Pcsk6, Pcsk9, Pcyt1a, Pcyt1b, Pdcd1, Pdcd10, Pdcd2, Pdcd4, Pdcd6, Pdcl2, Pdcl3, Pde1b, Pde2a, Pde3a, Pde3b, Pde4d, Pde5a, Pde6a, Pde6b, Pde6c, Pdgfa, Pdgfb, Pdgfc, Pdgfd, Pdgfra, Pdgfrb, Pdilt, Pdlim1, Pdlim2, Pdlim3, Pdlim4, Pdlim5, Pdlim7, Pdpk1, Pdpn, Pds5a, Pds5b, Pdss2, Pdx1, Pdzd11, Pdzd7, Pdzd8, Pdzk1, Pebp1, Pecam1, Pef1, Peg10, Peg12, Pelo, Pemt, Penk, Per1, Per2, Percc1, Perp, Pex13, Pex2, Pex5, Pex7, Pf4, Pfas, Pfdn1, Pfdn5, Pfkfb1, Pfkfb3, Pfn1, Pfn4, Pgam5, Pgap1, Pgf, Pgk1, Pglyrp1, Pglyrp2, Pglyrp3, Pglyrp4, Pgm3, Pgm5, Pgr, Pgrmc2, Phactr1, Phactr4, Phb1, Phb2, Phex, Phf10, Phf14, Phf6, Phf8, Phgdh, Phip, Phlda2, Phldb1, Phldb2, Phlpp1, Phospho1, Phox2a, Phox2b, Pi16, Pi4ka, Pi4kb, Pianp, Pias1, Pias2, Pias3, Pias4, Picalm, Pick1, Pierce1, Pierce2, Piezo1, Pigt, Pih1d1, Pik3c2a, Pik3ca, Pik3cb, Pik3cd, Pik3cg, Pik3r1, Pik3r2, Pik3r3, Pik3r6, Pikfyve, Pilrb1, Pim1, Pin1, Pin1rt1, Pinc, Pink1, Pip4k2a, Pip5k1c, Pir, Pira1, Pira6, Pirb, Pithd1, Pitpna, Pitpnb, Pitx1, Pitx2, Pitx3, Piwil1, Piwil2, Pjvk, Pkd1, Pkd1l1, Pkd2, Pkdcc, Pkhd1, Pkm, Pkn1, Pknox1, Pkp1, Pkp2, Pkp3, Pla2g10, Pla2g2d, Pla2g3, Pla2g4a, Plaa, Plaat1, Plaat3, Plac1, Plag1, Plagl1, Plagl2, Plau, Plaur, Plcb1, Plcd1, Plcd3, Plce1, Plcg1, Plcg2, Plcl2, Pld2, Pld3, Pld4, Pld6, Plec, Plek, Plekha1, Plekha5, Plekhm3, Plekho1, Plet1, Plg, Plk2, Plk4, Plk5, Pllp, Pln, Plod1, Plod3, Plp1, Plpp3, Plpp4, Plpp7, Plppr1, Plppr4, Plppr5, Pls1, Pls3, Plscr1, Plxdc1, Plxna1, Plxna2, Plxna3, Plxna4, Plxnb1, Plxnb2, Plxnb3, Plxnc1, Plxnd1, Pmfbp1, Pml, Pmp22, Pms2, Pnldc1, Pnlip, Pnp, Pnpla1, Pnpla6, Pnpt1, Poc1a, Poc1b, Poc5, Podxl, Pof1b, Pofut1, Pofut2, Poglut1, Polb, Pole, Polg2, Polm, Polq, Polr1b, Pomgnt1, Pomgnt2, Pomk, Pomt2, Popdc1, Popdc2, Popdc3, Por, Postn, Pou1f1, Pou2af1, Pou2f1, Pou2f2, Pou2f3, Pou3f1, Pou3f2, Pou3f3, Pou3f4, Pou4f1, Pou4f2, Pou4f3, Pou5f1, Ppara, Ppard, Pparg, Ppargc1a, Ppargc1b, Ppdpf, Ppfia2, Pphln1, Ppia, Ppib, Ppif, Ppil1, Ppl, Ppp1ca, Ppp1cc, Ppp1r12a, Ppp1r12b, Ppp1r12c, Ppp1r13l, Ppp1r15a, Ppp1r16b, Ppp1r35, Ppp1r9a, Ppp1r9b, Ppp2ca, Ppp2r1a, Ppp2r1b, Ppp2r3a, Ppp2r3c, Ppp2r5b, Ppp2r5d, Ppp3ca, Ppp3cb, Ppp3r1, Ppp4r2, Ppp4r4, Ppt1, Pqbp1, Prag1, Pramel7, Prcp, Prdm1, Prdm12, Prdm13, Prdm14, Prdm16, Prdm6, Prdm8, Prdx2, Prdx3, Prdx4, Prelid1, Prex1, Prex2, Prg4, Prickle1, Prickle2, Prickle4, Prkaa1, Prkab1, Prkaca, Prkacb, Prkar1a, Prkar1b, Prkca, Prkcb, Prkcg, Prkch, Prkci, Prkcsh, Prkcz, Prkd1, Prkd2, Prkdc, Prkg1, Prkg2, Prkn, Prkra, Prkx, Prl, Prl2a1, Prl2b1, Prl2c1, Prl2c2, Prl2c3, Prl2c5, Prl3a1, Prl3b1, Prl3c1, Prl3d1, Prl3d2, Prl3d3, Prl4a1, Prl5a1, Prl6a1, Prl7a1, Prl7a2, Prl7b1, Prl7c1, Prl7d1, Prl8a1, Prl8a2, Prl8a6, Prl8a8, Prl8a9, Prlh, Prlr, Prm1, Prm2, Prmt1, Prmt2, Prmt3, Prmt5, Prmt7, Proc, Prok1, Prok2, Prokr1, Prom1, Prop1, Prox1, Prox2, Prpf19, Prpf40a, Prph2, Prps1, Prpsap2, Prr14, Prr7, Prrc2b, Prrc2c, Prrx1, Prrx2, Prss28, Prss29, Prss42, Prss43, Prss44, Prss56, Prss8, Prtg, Prtn3, Prune1, Prx, Prxl2a, Psap, Psapl1, Psd, Psen1, Psen2, Psg22, Pskh1, Psma6, Psmb10, Psmb11, Psmc3, Psmc4, Psme4, Psmg1, Psph, Pspn, Ptbp1, Ptbp3, Ptcd2, Ptch1, Ptch2, Ptchd1, Pten, Pter, Ptf1a, Ptgdr, Ptger3, Ptger4, Ptges3, Ptgfrn, Ptgis, Ptgs1, Ptgs2, Pth, Pth1r, Pthlh, Ptk2, Ptk2b, Ptk6, Ptk7, Ptn, Ptpn1, Ptpn11, Ptpn12, Ptpn13, Ptpn14, Ptpn18, Ptpn2, Ptpn20, Ptpn22, Ptpn3, Ptpn5, Ptpn6, Ptpn9, Ptpra, Ptprb, Ptprc, Ptprd, Ptprf, Ptprg, Ptprh, Ptprj, Ptprk, Ptprm, Ptprn, Ptpro, Ptprq, Ptprr, Ptprs, Ptprt, Ptpru, Ptprv, Ptprz1, Ptx3, Pum2, Pura, Pus7, Pxdn, Pxn, Pygo1, Pygo2, Pzp, Qars1, Qki, Qrich1, Rab10, Rab11a, Rab13, Rab14, Rab17, Rab18, Rab1a, Rab21, Rab23, Rab25, Rab26, Rab29, Rab33b, Rab35, Rab3a, Rab3gap1, Rab7b, Rab8a, Rabgap1l, Rabl2, Rabl3, Rac1, Rac2, Rac3, Racgap1, Rack1, Rad21l, Rad23b, Rad51b, Radil, Raf1, Rag1, Rag2, Rai1, Rai2, Rala, Ralbp1, Ramp1, Ramp2, Ranbp1, Ranbp3l, Rap1a, Rap1b, Rap1gap, Rap1gap2, Rap2a, Rap2c, Rapgef1, Rapgef2, Rapgef3, Rapgef4, Raph1, Rara, Rarb, Rarg, Rarres2, Rasa1, Rasal1, Rasal2, Rasgrf1, Rasgrp1, Rasip1, Rassf10, Rassf2, Rax, Rb1, Rb1cc1, Rbbp4, Rbbp6, Rbbp7, Rbbp8, Rbbp9, Rbfox1, Rbfox2, Rbfox3, Rbm10, Rbm14, Rbm15, Rbm19, Rbm20, Rbm24, Rbm38, Rbm4, Rbm45, Rbm46, Rbm47, Rbmy, Rbmyf1, Rbmyf2, Rbmyf3, Rbmyf5, Rbmyf6, Rbmyf7, Rbmyf8, Rbmyf9, Rbp1, Rbp4, Rbpj, Rbpms2, Rc3h1, Rc3h2, Rcan1, Rcbtb2, Rcn1, Rcn3, Rcor1, Rd3, Rdh10, Rdh13, Rdx, Rec114, Rec8, Reck, Recql4, Reg1, Reg2, Reg3a, Reg3g, Rela, Relb, Reln, Relt, Ren1, Ren2, Reno1, Rere, Resp18, Rest, Ret, Retn, Retreg3, Rflna, Rflnb, Rfng, Rfx2, Rfx3, Rfx4, Rfx6, Rgcc, Rgma, Rgn, Rgs14, Rgs2, Rgs4, Rgs6, Rgs9, Rhag, Rhbdd3, Rhd, Rheb, Rho, Rhoa, Rhob, Rhobtb1, Rhobtb2, Rhobtb3, Rhoc, Rhog, Rhoh, Rhoj, Rhoq, Rhou, Rhox5, Rhpn1, Rian, Ric1, Ric8a, Rictor, Rif1, Rilpl1, Rilpl2, Rimbp3, Rims1, Rims2, Rin2, Ring1, Ripk1, Ripk2, Ripk3, Ripk4, Ripor2, Ripply1, Ripply2, Ripply3, Rit2, Rita1, Rlig1, Rln1, Rmrp, Rnase10, Rnase9, Rnaseh2b, Rnd1, Rnd2, Rnf10, Rnf111, Rnf112, Rnf157, Rnf168, Rnf17, Rnf2, Rnf207, Rnf213, Rnf220, Rnf41, Rnf6, Rnf7, Rnf8, Rnh1, Rnls, Ro60, Robo1, Robo2, Robo3, Robo4, Rock1, Rock2, Rogdi, Rom1, Ropn1, Ropn1l, Ror1, Ror2, Rora, Rorb, Rorc, Ros1, Rp1, Rp1l1, Rpa1, Rpe65, Rpgr, Rpgrip1, Rpgrip1l, Rpl10, Rpl10-ps3, Rpl13, Rpl13-ps6, Rpl13a, Rpl22, Rpl24, Rpl38, Rpl3l, Rpl4, Rpl7l1, Rplp0, Rps14, Rps19, Rps6, Rps6ka1, Rps6ka2, Rps6ka6, Rps6kb1, Rps7, Rptor, Rras, Rras2, Rreb1, Rrm1, Rrm2, Rrm2b, Rrn3, Rrp7a, Rrs1, Rs1, Rsad2, Rsph1, Rsph6a, Rspo2, Rspo3, Rspo4, Rtca, Rtcb, Rtf1, Rtkn2, Rtl1, Rtn1, Rtn2, Rtn3, Rtn4, Rtn4ip1, Rtn4r, Rtn4rl1, Rtn4rl2, Rttn, Rubie, Rufy3, Rundc1, Runx1, Runx1t1, Runx2, Runx3, Ruvbl1, Ruvbl2, Rxfp1, Rxfp2, Rxra, Rxrb, Rxrg, Ryk, Ryr1, Ryr2, S100a1, S100a10, S100a13, S100a8, S100a9, S100b, S1pr1, S1pr2, S1pr3, S1pr5, S2bpcox16, Safb2, Sall1, Sall2, Sall3, Sall4, Samd11, Samd14, Samd4b, Samd7, Samd9l, Samhd1, Sanbr, Sap30, Sapcd2, Sarm1, Sars1, Sart1, Sart3, Sash1, Sash3, Satb1, Satb2, Sav1, Sbds, Sbf1, Sbno2, Scaper, Scarb2, Scarf1, Scart2, Scd1, Scel, Scfd1, Scg2, Scgb3a1, Schip1, Scin, Sclt1, Scmh1, Scn11a, Scn1a, Scn1b, Scn2a, Scn2b, Scn3b, Scn5a, Scn8a, Scn9a, Scnn1b, Scnn1g, Sco1, Sco2, Scrib, Scrt1, Scrt2, Sct, Scube2, Scx, Scyl1, Scyl2, Scyl3, Sdc1, Sdc2, Sdc4, Sdcbp, Sdccag8, Sdf4, Sdha, Sdhaf2, Sdk1, Sdk2, Sebox, Sec1, Sec23ip, Sec24b, Sec24c, Sec24d, Sec61a1, Sec63, Secisbp2, Selenof, Selenoi, Selenom, Selenon, Selenop, Selenot, Selenow, Sema3a, Sema3b, Sema3c, Sema3d, Sema3e, Sema3f, Sema3g, Sema4a, Sema4b, Sema4c, Sema4d, Sema4f, Sema4g, Sema5a, Sema5b, Sema6a, Sema6b, Sema6c, Sema6d, Sema7a, Semg1, Senp1, Senp2, Septin14, Septin2, Septin4, Septin7, Serinc5, Serp1, Serpina10, Serpina1b, Serpina5, Serpina7, Serpinb12, Serpinb5, Serpinb6a, Serpinb7, Serpinb9f, Serpine1, Serpine2, Serpinf1, Serpinf2, Serpinh1, Serpini1, Setd1a, Setd2, Setd3, Setd5, Setdb1, Setdb2, Setx, Sez6, Sez6l, Sez6l2, Sf1, Sf3a2, Sf3b1, Sf3b6, Sfmbt1, Sfn, Sfrp1, Sfrp2, Sfrp4, Sfrp5, Sfta3, Sftpd, Sfxn1, Sgca, Sgcb, Sgcd, Sgcg, Sgcz, Sgf29, Sgk1, Sgms1os1, Sgms2, Sgpl1, Sgpp1, Sh2b2, Sh2b3, Sh3bp1, Sh3d19, Sh3gl2, Sh3gl3, Sh3glb1, Sh3kbp1, Sh3pxd2a, Sh3pxd2b, Sh3rf1, Sh3tc2, Shank1, Shank2, Shank3, Sharpin, Shb, Shbg, Shc1, Shh, Shld1, Shld2, Shld3, Shoc2, Shox2, Shroom1, Shroom2, Shroom3, Shroom4, Shtn1, Siah1a, Sidt2, Siglec15, Siglecg, Sigmar1, Sik1, Sik3, Sim1, Sim2, Sin3a, Sin3b, Sipa1l1, Sipa1l3, Sirpa, Sirt1, Sirt2, Sirt6, Six1, Six2, Six3, Six3os1, Six4, Six5, Six6, Ski, Skic8, Skil, Skint1, Skor2, Slamf1, Slamf6, Slamf8, Slamf9, Slc10a7, Slc11a2, Slc12a1, Slc12a2, Slc12a5, Slc15a4, Slc17a6, Slc17a8, Slc18a2, Slc1a1, Slc1a2, Slc1a3, Slc1a5, Slc20a1, Slc20a2, Slc22a1, Slc22a14, Slc22a5, Slc22a6, Slc23a1, Slc23a2, Slc24a3, Slc24a4, Slc25a12, Slc25a20, Slc25a25, Slc25a34, Slc25a38, Slc25a4, Slc25a40, Slc25a46, Slc25a5, Slc26a2, Slc26a3, Slc26a4, Slc26a5, Slc26a6, Slc27a4, Slc29a1, Slc2a1, Slc2a10, Slc2a12, Slc30a1, Slc31a1, Slc32a1, Slc34a2, Slc35d1, Slc35e2, Slc37a4, Slc38a10, Slc38a2, Slc38a8, Slc39a1, Slc39a10, Slc39a12, Slc39a13, Slc39a14, Slc39a2, Slc39a3, Slc39a5, Slc39a6, Slc39a7, Slc40a1, Slc44a4, Slc45a3, Slc46a2, Slc48a1, Slc4a1, Slc4a10, Slc4a2, Slc4a5, Slc4a7, Slc4a8, Slc5a1, Slc5a3, Slc5a7, Slc6a17, Slc6a3, Slc6a4, Slc7a11, Slc7a5, Slc7a6os, Slc8a1, Slc8a3, Slc9a1, Slc9a2, Slc9a4, Slc9a6, Slc9a8, Slc9b2, Slco1b2, Slfn14, Slirp, Slit1, Slit2, Slit3, Slitrk1, Slitrk2, Slitrk3, Slitrk4, Slitrk5, Slitrk6, Slx, Slxl1, Smad1, Smad2, Smad3, Smad4, Smad5, Smad6, Smad7, Smad9, Smap1, Smarca1, Smarca2, Smarca4, Smarca5, Smarcb1, Smarcc1, Smarcc2, Smarcd1, Smarcd2, Smarcd3, Smarce1, Smchd1, Smg9, Smim14, Smim43, Smim45, Smn1, Smo, Smoc1, Smoc2, Smpd3, Smpd4, Smtnl1, Smurf1, Smurf2, Smyd1, Smyd2, Smyd3, Smyd4, Snai1, Snai2, Snap25, Snap91, Snapin, Snca, Snhg15, Snorc, Snph, Snw1, Snx1, Snx10, Snx17, Snx19, Snx2, Snx27, Snx3, Sobp, Socs1, Socs2, Socs3, Socs5, Socs7, Sod1, Sod2, Sohlh1, Sohlh2, Sorbs2, Sorl1, Sort1, Sos1, Sos2, Sostdc1, Sox1, Sox10, Sox11, Sox12, Sox13, Sox14, Sox15, Sox17, Sox18, Sox2, Sox21, Sox3, Sox30, Sox4, Sox5, Sox6, Sox7, Sox8, Sox9, Sp1, Sp100, Sp2, Sp3, Sp5, Sp6, Sp7, Sp8, Sp9, Spaar, Spaca1, Spag16, Spag17, Spag6, Spag6l, Spag9, Sparc, Spart, Spast, Spata16, Spata2, Spata22, Spdef, Spdya, Specc1, Specc1l, Spef2, Speg, Spem1, Spem3, Spen, Spg11, Spg21, Sphk1, Sphk2, Spi1, Spib, Spic, Spink1, Spink2, Spink5, Spinkl, Spint1, Spint2, Spire1, Spn, Spns2, Spo11, Spock1, Spp1, Sppl2c, Spr, Spred1, Spred2, Spred3, Sprr1a, Sprr1b, Sprr2a1, Sprr2b, Sprr2d, Sprr2e, Sprr2f, Sprr2g, Sprr2h, Sprr2i, Sprr2k, Sprr3, Sprr4, Spry1, Spry2, Spry3, Spry4, Spsb3, Spta1, Sptb, Sptbn1, Sptbn2, Sptbn4, Sptlc2, Sra1, Src, Srcin1, Srd5a2, Srebf1, Srebf2, Srf, Srgap2, Srgap3, Srgn, Srp54a, Srp54b, Srp54c, Srpk2, Srpk3, Srpx2, Srrm4, Srrt, Srsf1, Srsf4, Srsf6, Sry, Ss18, Ss18l1, Ssbp3, Ssh1, Ssna1, Ssr2, Sstr1, Sstr2, Sstr3, Ssu2, St14, St3gal1, St8sia2, St8sia6, Stab1, Stac3, Stap1, Star, Stard13, Stard7, Stat1, Stat2, Stat3, Stat4, Stat5a, Stat5b, Stat6, Stau1, Stau2, Stc1, Stc2, Stfa1, Stfa2, Stfa2l1, Stfa3, Stil, Stim1, Stk11, Stk24, Stk25, Stk3, Stk33, Stk36, Stk4, Stk40, Stmn1, Stmn2, Stmn3, Stmn4, Ston2, Stox1, Stox2, Stra6, Stra8, Stradb, Strap, Strbp, Strc, Strip1, Strip2, Strn, Stx1b, Stx2, Stx3, Stxbp1, Stxbp3, Stxbp5, Styxl1, Suds3, Sufu, Sulf1, Sulf2, Sult1b1, Sult2b1, Sult4a1, Sumo1, Sun1, Sun2, Sun5, Supt20, Supt6, Suv39h1, Suz12, Svbp, Svep1, Svet1, Svil, Svs3a, Svs3b, Swap70, Sybu, Syce3, Sycp1, Sycp2, Sycp3, Syde1, Syf2, Syk, Syn1, Syna, Synb, Syndig1, Syne1, Syne2, Syne3, Syne4, Syngap1, Synj1, Synj2bp, Synpo2l, Sypl2, Syt1, Syt17, Syt2, Syt3, Syt4, Syvn1, Szt2, T, T2, Tab1, Tab2, Tacc1, Tacc2, Tacc3, Tacstd2, Tada2a, Tada3, Taf10, Taf4, Taf4b, Taf7l, Taf8, Tafa1, Tafa5, Tafazzin, Tagln, Tagln2, Tal1, Tal2, Tanc1, Tanc2, Taok1, Taok2, Taok3, Tapt1, Tarbp2, Tasor, Tbc1d20, Tbc1d21, Tbc1d23, Tbc1d24, Tbc1d32, Tbcb, Tbccd1, Tbcd, Tbce, Tbl1xr1, Tbpl1, Tbr1, Tbx1, Tbx15, Tbx18, Tbx19, Tbx2, Tbx20, Tbx21, Tbx3, Tbx4, Tbx5, Tbx6, Tbxa2r, Tcaf2, Tcap, Tcea1, Tcf12, Tcf15, Tcf21, Tcf23, Tcf3, Tcf4, Tcf7, Tcf7l1, Tcf7l2, Tcim, Tcirg1, Tcof1, Tcp11, Tcp11x2, Tcra, Tcra-V3.1, Tcta, Tctn1, Tdg, Tdp2, Tdrd1, Tdrd12, Tdrd5, Tdrd6, Tdrd7, Tdrkh, Tead1, Tead2, Tead3, Tead4, Tecta, Tek, Tenm1, Tenm2, Tenm3, Tenm4, Tent2, Tent5a, Tent5c, Terb2, Terc, Terf2, Tert, Tesc, Tescl, Tespa1, Tet1, Tet2, Tex11, Tex15, Tex19.1, Tex19.2, Tfap2a, Tfap2b, Tfap2c, Tfap2d, Tfap4, Tfcp2l1, Tfdp1, Tfe3, Tfeb, Tfip11, Tfpt, Tfrc, Tg, Tgfa, Tgfb1, Tgfb1i1, Tgfb2, Tgfb3, Tgfbi, Tgfbr1, Tgfbr2, Tgfbr3, Tgfbr3l, Tgif1, Tgif2, Tgm1, Tgm2, Tgm3, Th, Thap11, Thbd, Thbs1, Thbs2, Thbs3, Thbs4, Themis, Thoc2, Thoc2l, Thoc5, Thoc6, Thpo, Thra, Thrb, Thsd1, Thsd7a, Thy1, Tial1, Tiam1, Tiam2, Tie1, Tifab, Tigar, Timeless, Timp1, Timp2, Timp3, Tiparp, Tirap, Tjp1, Tjp2, Tjp3, Tle5, Tle6, Tll1, Tll2, Tlr2, Tlr3, Tlr4, Tlr9, Tlx1, Tlx2, Tlx3, Tm4sf1, Tm9sf5, Tmbim1, Tmc1, Tmed2, Tmeff2, Tmem100, Tmem106b, Tmem107, Tmem108, Tmem119, Tmem126a, Tmem131l, Tmem132e, Tmem135, Tmem143, Tmem14c, Tmem163, Tmem176a, Tmem176b, Tmem178, Tmem182, Tmem184a, Tmem190, Tmem204, Tmem215, Tmem231, Tmem30a, Tmem38b, Tmem41b, Tmem59l, Tmem64, Tmem65, Tmem67, Tmem79, Tmem91, Tmem94, Tmem98, Tmf1, Tmie, Tmigd1, Tmod1, Tmod2, Tmod3, Tmod4, Tmprss11f, Tmprss12, Tmprss13, Tmsb4x, Tmt1a, Tmt1a2, Tmt1a3, Tmtc3, Tmx2, Tnc, Tnf, Tnfaip2, Tnfaip3, Tnfaip6, Tnfrsf11a, Tnfrsf11b, Tnfrsf12a, Tnfrsf13b, Tnfrsf13c, Tnfrsf19, Tnfrsf1a, Tnfrsf1b, Tnfrsf21, Tnfrsf9, Tnfsf10, Tnfsf11, Tnfsf12, Tnfsf13, Tnfsf13b, Tnfsf14, Tnfsf18, Tnfsf4, Tnfsf8, Tnfsf9, Tnik, Tnk2, Tnmd, Tnn, Tnnc1, Tnni1, Tnni3, Tnnt1, Tnnt2, Tnnt3, Tnp1, Tnp2, Tnpo2, Tnr, Tnrc6a, Tnrc6c, Tns2, Tns3, Tnxb, Tob2, Tollip, Tomm70a, Tomt, Top1, Top2a, Top2b, Topaz1, Tor1a, Tox, Tpbg, Tpd52, Tpgs1, Tph1, Tpi1, Tpm1, Tpm4, Tpo, Tpp1, Tppp, Tppp3, Tpra1, Tprn, Tpt1, Tra2b, Tradd, Traf3ip1, Traf3ip2, Traf4, Traf6, Traj18, Trak1, Trak2, Trappc2, Trappc4, Trappc6b, Trappc9, Treh, Trem2, Trex1, Trf, Trib1, Trim10, Trim11, Trim28, Trim32, Trim45, Trim46, Trim47, Trim58, Trim62, Trim63, Trim67, Trim71, Trim72, Trio, Triobp, Trip10, Trip11, Trip12, Trip13, Trip4, Trip6, Trnp1, Trp53, Trp53bp1, Trp53bp2, Trp63, Trp73, Trpc4, Trpc4ap, Trpc5, Trpc6, Trpm1, Trpm2, Trpm4, Trps1, Trpv1, Trpv2, Trpv4, Tsc1, Tsc2, Tsc22d1, Tsc22d4, Tsg101, Tsga8, Tshr, Tshz1, Tshz3, Tsix, Tsku, Tspan12, Tspan18, Tspan2, Tspear, Tspo, Tspo2, Tssk1, Tssk2, Tssk3, Tssk4, Tssk6, Tst, Tsx, Ttbk2, Ttc12, Ttc21a, Ttc21b, Ttc3, Ttc36, Ttc39c, Ttc7, Ttc8, Ttc9, Ttl, Ttll1, Ttll4, Ttll5, Ttll7, Ttn, Ttpa, Ttyh1, Tub, Tuba1a, Tuba8, Tubb1, Tubb2a, Tubb2b, Tubb3, Tubb5, Tubgcp2, Tuft1, Tug1, Tulp1, Tulp3, Tunar, Tusc2, Tut4, Tut7, Twf1, Twf2, Twist1, Twist2, Twsg1, Txk, Txlng, Txnip, Txnrd1, Txnrd2, Txnrd3, Tymp, Tyms, Tyr, Tyro3, Tyrobp, Uba5, Uba6, Ubash3b, Ubb, Ubd, Ube2a, Ube2b, Ube2j1, Ube2m, Ube2q1, Ube2v2, Ube3a, Ube3b, Ube4b, Ubiad1, Ubn1, Ubp1, Ubr3, Ubtfl1, Uchl1, Uchl3, Uchl5, Ucma, Ucn, Ucp2, Ufc1, Ufl1, Ufm1, Ugcg, Ugdh, Ugp2, Ugt1a1, Ugt1a7c, Ugt1a8, Ugt1a9, Ugt8a, Uhmk1, Ulk1, Ulk2, Ulk4, Umod, Umodl1, Umps, Unc119, Unc119b, Unc13a, Unc13b, Unc13d, Unc45a, Unc45b, Unc5a, Unc5b, Unc5c, Unc5d, Unc93b1, Uncx, Ung, Unk, Upb1, Upf2, Upf3a, Upf3b, Upk1a, Upk1b, Upk2, Upk3a, Uprt, Uqcc2, Uqcrq, Usf2, Usf3, Ush1c, Ush1g, Ush2a, Usp1, Usp17lc, Usp19, Usp2, Usp20, Usp21, Usp33, Usp44, Usp45, Usp9x, Uspl1, Ust, Utp11, Utp25, Utp3, Utrn, Uts2, Uts2r, Uty, Vamp5, Vamp7, Vangl2, Vapa, Vash1, Vash2, Vasn, Vasp, Vat1, Vav1, Vav2, Vav3, Vax1, Vax2, Vax2os, Vcam1, Vcan, Vcl, Vdac1, Vdac3, Vdr, Vegfa, Vegfb, Vegfc, Vegfd, Vezf1, Vezt, Vgf, Vgll2, Vgll4, Vhl, Vil1, Vim, Vit, Vkorc1, Vldlr, Vmn1r13, Vmn1r214, Vmn2r1, Vmn2r120, Vmn2r26, Vmn2r65, Vmn2r74, Vmn2r81, Vmn2r82, Vmn2r83, Vmp1, Vnn1, Vpreb1a, Vpreb1b, Vps13a, Vps13b, Vps33a, Vps33b, Vps35, Vps4a, Vps4b, Vps51, Vps52, Vps54, Vrk1, Vrk3, Vsig1, Vsir, Vstm4, Vstm5, Vsx1, Vsx2, Vtn, Vwc2, Vwc2l, Vwf, Vxn, Wars1, Wars2, Wasf1, Wasf2, Wasf3, Washc1, Washc5, Wasl, Wbp1l, Wdpcp, Wdr1, Wdr11, Wdr19, Wdr36, Wdr37, Wdr38, Wdr47, Wdr48, Wdr5, Wdr62, Wdr7, Wdr72, Wdr74, Wdr77, Wdr83, Wdr89, Wdtc1, Wee1, Wee2, Wfikkn1, Wfikkn2, Wfs1, Whrn, Wls, Wnk1, Wnk4, Wnt1, Wnt10a, Wnt10b, Wnt11, Wnt16, Wnt2, Wnt2b, Wnt3, Wnt3a, Wnt4, Wnt5a, Wnt5b, Wnt6, Wnt7a, Wnt7b, Wnt8a, Wnt8b, Wnt9a, Wnt9b, Wt1, Wtip, Wwox, Wwp1, Wwtr1, Xab2, Xbp1, Xdh, Xirp1, Xirp2, Xist, Xk, Xkr4, Xkr6, Xkr7, Xkr8, Xlr, Xlr3a, Xlr3b, Xlr3c, Xlr4a, Xlr4b, Xlr4c, Xlr5a, Xlr5b, Xlr5c, Xrcc1, Xrcc2, Xrcc4, Xrcc5, Xrcc6, Xrn2, Xylt1, Yap1, Ybx1, Ybx2, Ybx3, Yeats2, Yif1b, Yipf6, Yjefn3, Yme1l1, Ypel4, Ythdc1, Ythdc2, Ythdf1, Ythdf2, Ythdf3, Ywhae, Ywhag, Ywhah, Ywhaz, Yy1, Zap70, Zar1, Zar1l, Zbed3, Zbed6, Zbtb1, Zbtb14, Zbtb16, Zbtb17, Zbtb18, Zbtb24, Zbtb32, Zbtb42, Zbtb45, Zbtb46, Zbtb7a, Zbtb7b, Zc3h12a, Zc3h8, Zc4h2, Zcchc24, Zdbf2, Zdhhc12, Zdhhc15, Zdhhc16, Zdhhc17, Zdhhc2, Zdhhc21, Zdhhc6, Zdhhc7, Zdhhc8, Zeb1, Zeb2, Zfand5, Zfas1, Zfat, Zfhx2, Zfhx3, Zfp14, Zfp157, Zfp212, Zfp219, Zfp24, Zfp281, Zfp296, Zfp335, Zfp35, Zfp354c, Zfp36, Zfp365, Zfp36l1, Zfp36l2, Zfp37, Zfp385a, Zfp418, Zfp42, Zfp420, Zfp422, Zfp423, Zfp469, Zfp488, Zfp513, Zfp516, Zfp521, Zfp536, Zfp568, Zfp57, Zfp608, Zfp609, Zfp64, Zfp640, Zfp683, Zfp689, Zfp703, Zfp750, Zfp784, Zfp800, Zfp804a, Zfp830, Zfp950, Zfp980, Zfpm1, Zfpm2, Zfx, Zfy2, Zfyve19, Zfyve27, Zglp1, Zhx2, Zic1, Zic2, Zic3, Zic4, Zic5, Zmiz1, Zmpste24, Zmym3, Zmym4, Zmym6, Zmynd12, Zmynd15, Zmynd8, Zng1, Znhit1, Znrf3, Zp3, Zpbp, Zpbp2, Zpr1, Zranb1, Zscan21, Zscan4a, Zscan4b, Zswim6, Zswim9, Zzef1, Zzz3
GO:0033036	macromolecule localization	3152	75	45.92	1.3e-05	0.0034029152542372878	1700009N14Rik, 1700017N19Rik, 2700049A03Rik, 4930550C14Rik, 4933427D14Rik, 5730455P16Rik, A1cf, Aaas, Aacs, Aagab, Aak1, Abat, Abca1, Abca12, Abca13, Abca14, Abca15, Abca16, Abca17, Abca2, Abca3, Abca4, Abca5, Abca6, Abca7, Abca8a, Abca8b, Abca9, Abcb11, Abcb1a, Abcb1b, Abcb4, Abcb9, Abcc1, Abcc10, Abcc2, Abcc3, Abcc4, Abcc8, Abcd1, Abcd2, Abcd3, Abcd4, Abcg1, Abcg2, Abcg4, Abcg5, Abcg8, Abhd17a, Abhd17b, Abhd17c, Abhd5, Abi3, Abl1, Abl2, Abra, Acacb, Acd, Ace, Acsl1, Acsl3, Acsl4, Acsl5, Acsl6, Actb, Actg1, Actn2, Actn4, Actr3, Acvr1c, Acvr2b, Adam10, Adam11, Adam22, Adam9, Adar, Adcy10, Adcy5, Adcy6, Adcy8, Adcyap1, Adgrv1, Adipoq, Adora1, Adora2a, Adra2a, Adrb1, Adtrp, Afdn, Afg2b, Afm, Aftph, Agap1, Agap2, Agap3, Ager, Agk, Agr2, Agrn, Agt, Agtr1a, Agtr2, Ahctf1, Ahcyl1, Ahi1, Ahr, Aifm1, Aip, Airn, Ajuba, Akain1, Akap1, Akap10, Akap11, Akap3, Akap4, Akap5, Akap7, Akap8, Akap8l, Akirin2, Akt1, Akt2, Aktip, Alkbh5, Alox5, Als2, Als2cl, Alyref, Alyref2, Alyreffm1, Alyreffm10, Alyreffm11, Alyreffm14, Alyreffm2, Alyreffm3, Alyreffm4, Alyreffm5, Alyreffm6, Alyreffm7, Alyreffm8, Alyreffm9, Amn, Amot, Amotl2, Ang, Ang2, Ang3, Ang4, Ang5, Ang6, Angpt1, Ank1, Ank2, Ank3, Ankle1, Ankrd1, Ankrd10, Ankrd13a, Ankrd13c, Ankrd27, Ankrd6, Ankrd66, Anks4b, Ano1, Ano3, Ano4, Ano6, Ano7, Ano9, Anp32b, Anxa1, Anxa2, Anxa5, Anxa7, Ap1ar, Ap1b1, Ap1g1, Ap1g2, Ap1m1, Ap1m2, Ap1s1, Ap1s2, Ap1s3, Ap2a1, Ap2a2, Ap2b1, Ap2m1, Ap2s1, Ap3b1, Ap3b2, Ap3d1, Ap3m1, Ap3m2, Ap3s1, Ap3s2, Ap4b1, Ap4e1, Ap4m1, Ap4s1, Ap5b1, Ap5m1, Ap5s1, Ap5z1, Apba1, Apba2, Apba3, Apbb1, Apbb3, Apc, Aplf, Apoa1, Apoa2, Apoa4, Apoa5, Apob, Apobec1, Apobr, Apoc1, Apoc2, Apoc2l, Apoc3, Apoc4, Apod, Apoe, Apof, Apoh, Apom, App, Appbp2, Appl1, Appl2, Aqp11, Aqp8, Aqp9, Ar, Arc, Arcn1, Arf1, Arf2, Arf3, Arf4, Arf5, Arf6, Arfgap1, Arfgap2, Arfgap3, Arfgef1, Arfgef2, Arfip1, Arfip2, Arfrp1, Arhgap1, Arhgap33, Arhgap44, Arhgdia, Arhgdig, Arhgef16, Arhgef18, Arhgef5, Arhgef9, Arl1, Arl11, Arl13a, Arl13b, Arl14, Arl2, Arl2bp, Arl3, Arl4a, Arl4c, Arl4d, Arl5a, Arl5b, Arl5c, Arl6, Arl6ip1, Arl6ip5, Arl8a, Arl8b, Armcx3, Arpc2, Arrb1, Arrb2, Arrdc1, Arrdc2, Arrdc3, Arrdc4, Arrdc5, Arv1, Arxes1, Arxes2, Asap1, Asb15, Asb3, Asic2, Asph, Aspscr1, Astn2, Asxl1, Asxl2, Atad1, Atcay, Atf2, Atg10, Atg13, Atg14, Atg16l1, Atg16l2, Atg2a, Atg2b, Atg3, Atg4a, Atg4b, Atg4c, Atg4d, Atg7, Atg9a, Atg9b, Atm, Atp10a, Atp10b, Atp10d, Atp11a, Atp11b, Atp11c, Atp13a1, Atp13a2, Atp1b1, Atp1b3, Atp2b4, Atp2c1, Atp2c2, Atp5if1, Atp5pf, Atp6ap1, Atp6v1d, Atp8a1, Atp8a2, Atp8b1, Atp8b2, Atp8b3, Atp8b4, Atp8b5, Atp9a, Atp9b, Atr, Atrx, Atxn3, AU015836, Aup1, Aurka, Aurkb, Avpr1b, Axin2, B3gat3, B3glct, B4galnt2, B9d1, Bad, Bag1, Bag3, Bag4, Bag6, Baiap2, Baiap3, Banp, Bard1, Bax, Bbc3, Bbip1, Bbs1, Bbs10, Bbs2, Bbs4, Bbs5, Bbs7, Bbs9, Bcap29, Bcap31, Bcl2, Bcl2l1, Bcl3, Bcl6, Bcr, Bcs1l, Bdkrb2, Becn1, Bet1, Bet1l, Bglap2, Bicd1, Bicd2, Bid, Bin3, Birc5, Blk, Bloc1s3, Bloc1s6, Bltp1, Bltp3b, Blzf1, Bmal1, Bmp4, Bmp6, Bmper, Bnip1, Bnip3l, Bora, Braf, Brca1, Brca2, Brd2, Brd3, Brme1, Brsk2, Bsg, Bsn, Btf3, Bub1b, Bub3, C1ql2, C1ql3, C1qtnf1, C1qtnf12, C1qtnf3, C1qtnf5, C2cd2l, C2cd3, C2cd5, C3, C9orf72, Cabp1, Cacna1a, Cacna1c, Cacna1d, Cacna1e, Cacna2d2, Cacnb1, Cacnb2, Cacnb3, Cacnb4, Cacng2, Cacng3, Cacng4, Cacng5, Cacng7, Cacng8, Cadm3, Cadps, Cadps2, Calcrl, Calr, Camk1, Camk2a, Camk2b, Camk2d, Camk2g, Camk2n1, Camk4, Caml, Camsap3, Capn10, Capn3, Caprin1, Card10, Carm1, Carmil2, Cartpt, Casc3, Cask, Casr, Cav1, Cav2, Cav3, Cavin1, Cbl, Cbln1, Cbln4, Cby1, Cc2d2a, Cc2d2b, Ccdc120, Ccdc14, Ccdc186, Ccdc22, Ccdc39, Ccdc40, Ccdc47, Ccdc66, Ccdc68, Ccdc85c, Ccdc88a, Ccdc91, Ccdc93, Cchcr1, Cckar, Ccl2, Ccl5, Ccn3, Ccne1, Ccne2, Cct2, Cct3, Cct4, Cct5, Cct6a, Cct7, Cct8, Cd177, Cd200, Cd247, Cd24a, Cd2ap, Cd36, Cd38, Cd3g, Cd4, Cd53, Cd63, Cd68, Cd74, Cd81, Cdan1, Cdc42, Cdh1, Cdh2, Cdh5, Cdk1, Cdk16, Cdk20, Cdk5, Cdk5r1, Cdk5rap3, Cdk9, Cdkl5, Cdkn1a, Cdkn2a, Ceacam1, Ceacam2, Cela2a, Celsr1, Celsr2, Celsr3, Cemip, Cenpa, Cenpe, Cenpf, Cenpq, Cep120, Cep128, Cep131, Cep135, Cep192, Cep250, Cep290, Cep295, Cep350, Cep41, Cep55, Cep63, Cep68, Cep72, Cep78, Cep83, Cer1, Cert1, Ces1a, Ces1b, Ces1c, Ces1d, Ces1e, Ces1f, Ces1g, Ces1h, Cetn2, Cetn3, Cfap53, Cfap58, Cfap70, Cfl1, Cftr, Cgnl1, Champ1, Chchd4, Chga, Chm, Chml, Chmp1a, Chmp1b, Chmp1b2, Chmp2a, Chmp2b, Chmp3, Chmp4b, Chmp4c, Chmp5, Chmp6, Chmp7, Chp1, Chp2, Chrd, Chrdl1, Chrm1, Chrm3, Chst11, Chtop, Cib1, Cidea, Cideb, Cidec, Cit, Ciz1, Ckap5, Clasp2, Cldn18, Clec2i, Clic5, Clip1, Clip3, Cln3, Clock, Clptm1l, Clstn1, Clstn3, Clta, Cltb, Cltc, Cltrn, Clu, Cmtm6, Cnep1r1, Cngb1, Cnih3, Cnih4, Cnpy4, Cnr1, Cnst, Cntln, Cntn2, Cntnap1, Cntnap2, Cog1, Cog2, Cog3, Cog4, Cog5, Cog6, Cog7, Cog8, Col1a1, Colq, Commd1, Comp, Comt, Copa, Copb1, Copb2, Cope, Copg1, Copg2, Copz1, Copz2, Coro1b, Coro1c, Coro2b, Coro7, Cox18, Cpap, Cpe, Cpeb1, Cplane1, Cplane2, Cplx1, Cplx3, Cpsf6, Cpt1a, Cpt1b, Cptp, Crabp1, Crabp2, Cracr2a, Crb1, Crb3, Crebbp, Crh, Crhr1, Crhr2, Cript, Crk, Crkl, Crocc, Crot, Crp, Cry1, Cry2, Cse1l, Csk, Csnk1d, Csnk1e, Csnk2a1, Csrp3, Ctcf, Ctcfl, Ctdnep1, Ctdspl2, Ctnna1, Ctnnb1, Ctnnd1, Ctns, Ctsd, Cttn, Cttnbp2nl, Cubn, Cuta, Cwh43, Cyb5r4, Cyld, Cyp19a1, Cyp2j5, Cyp46a1, Cyp4a10, Cyp4a31, Cyp4a32, Cyp51, Cyp7a1, Cyren, D1Pas1, Dab2, Dag1, Dand5, Daxx, Dbi, Dbn1, Dchs1, Dclk1, Dclk2, Dclk3, Dcp1a, Dcp1b, Dcp2, Dctn1, Dctn2, Ddit3, Ddrgk1, Ddx1, Ddx19a, Ddx19b, Ddx25, Ddx39a, Ddx39b, Ddx3x, Ddx4, Ddx42, Ddx5, Dennd10, Dennd1a, Dennd1b, Dennd2a, Dennd4c, Dennd5b, Derl1, Derl2, Derl3, Desi1, Dgat1, Dgkd, Dhcr24, Dhx36, Dhx9, Diaph1, Diaph2, Disc1, Dkc1, Dlg1, Dlg2, Dlg3, Dlg4, Dlg5, Dlgap1, Dmap1, Dmbt1, Dmd, Dmtn, Dnaaf11, Dnaja1, Dnaja3, Dnajb2, Dnajb6, Dnajc1, Dnajc14, Dnajc15, Dnajc19, Dnajc27, Dnlz, Dnm1l, Dnm2, Doc2b, Dok7, Dop1a, Dop1b, Dph3, Dpp10, Dpp6, Drd1, Drd2, Drd3, Drd4, Dsg3, Dsp, Dtnbp1, Dtx3l, Duoxa1, Duoxa2, Dusp18, Dusp21, Dvl1, Dvl2, Dvl3, Dync2h1, Dynll1, Dynlt1a, Dynlt1b, Dynlt1c, Dynlt1f, Dyrk1a, Dzip1, Dzip1l, E230001N04Rik, E2f3, Ecrg4, Ect2, Edem1, Edem2, Edn1, Ednra, Ednrb, Eepd1, Efcab7, Efna5, Efr3a, Efr3b, Egf, Egfr, Egr2, Ehbp1, Ehd1, Ehd2, Ehd3, Ehd4, Ei24, Eif2ak1, Eif2ak3, Eif3e, Eif4a3, Eif4e, Eif4enif1, Eif4g1, Eipr1, Elavl1, Elfn1, Elfn2, Elmod1, Elmod3, Emc1, Emc10, Emc2, Emc3, Emc4, Emc6, Emc7, Emc8, Emc9, Emd, Emp2, Ensa, Entr1, Eny2, Ep300, Epb41, Epb41l1, Epb41l2, Epb41l3, Epb41l5, Epha2, Epha3, Epha5, Ephb2, Epm2a, Eprs1, Eps15, Epsti1, Erbb2, Erbb4, Erbin, Erc1, Ercc3, Erfe, Ergic3, Erlec1, Erp29, Errfi1, Esam, Esco2, Esr1, Esyt1, Esyt2, Esyt3, Etnppl, Etv5, Exoc1, Exoc2, Exoc3, Exoc4, Exoc5, Exoc6, Exoc6b, Exoc7, Exoc8, Exosc10, Exph5, Ezh2, Ezr, F11r, F2, F2r, F2rl1, F2rl2, Fabp1, Fabp12, Fabp2, Fabp3, Fabp4, Fabp5, Fabp6, Fabp7, Fabp9, Faf2, Fam149b, Fam3a, Fam3b, Fam3d, Fam53a, Fam53b, Fam53c, Fam76b, Fam83d, Fam83h, Fam91a1, Farp1, Fasl, Fbl, Fbln5, Fbn1, Fbn2, Fbxo4, Fbxo7, Fbxw7, Fcer1g, Fcho2, Fchsd2, Fcnb, Fermt1, Fermt2, Ffar1, Ffar2, Ffar3, Fga, Fgb, Fgf10, Fgf13, Fgf15, Fgf7, Fgf9, Fgg, Fhip1a, Fhip1b, Filip1, Filip1l, Fis1, Fitm1, Fitm2, Fkbp1b, Fkbp8, Fkrp, Flna, Flot1, Flot2, Fmn2, Fmr1, Fndc1, Fnta, Folr1, Folr2, Foxa2, Foxj1, Foxo1, Fras1, Frat1, Frat2, Frey1, Frmd4a, Frmd6, Frmd8, Frmpd1, Frrs1l, Fsip2, Fto, Fubp3, Furin, Fuz, Fxn, Fxr1, Fxr2, Fyb1, Fyb2, Fyn, Fyttd1, Fzd4, Fzd9, G3bp2, G6pc2, Gabarap, Gabarapl2, Gak, Gal, Galr1, Gapvd1, Gas2l1, Gas2l2, Gas6, Gas8, Gbf1, Gbp2, Gbp4, Gbp5, Gcc2, Gcg, Gck, Gckr, Gdap1, Gdf9, Gdi1, Gdi2, Get1, Get3, Get4, Gfap, Gfy, Gga1, Gga2, Gga3, Ggn, Ghrh, Ghrl, Ghsr, Gip, Gipc1, Gipr, Git1, Gja1, Gja5, Gle1, Gli3, Glipr1l1, Glis2, Glmp, Glp1r, Glrb, Gltp, Gltpd2, Glud1, Glul, Gm14461, Gm2a, Gm44504, Gna11, Gnai1, Gnao1, Gnaq, Gnas, Gnat2, Gnaz, Gngt1, Gnl3, Gnl3l, Gnptab, Golga2, Golga4, Golga7, Golga7b, Golph3, Golph3l, Golt1a, Golt1b, Gopc, Gorasp1, Gorasp2, Gosr1, Gosr2, Got2, Gpc1, Gpc2, Gpc3, Gpc4, Gpc5, Gpc6, Gpd1l, Gper1, Gphn, Gpihbp1, Gpld1, Gpm6b, Gpr119, Gpr137b, Gpr158, Gpr179, Gpr27, Gpr39, Gpr68, Gpr89, Gprc6a, Gps2, Gpsm2, Gramd1a, Gramd1b, Gramd1c, Gria2, Grid2, Grik2, Grik5, Grin1, Grin2a, Grin2b, Grin2c, Grin3b, Grip1, Grip2, Gripap1, Grk2, Grk3, Grpel1, Grpel2, Grxcr2, Gsdmd, Gsk3a, Gsk3b, Gsn, Guk1, Gulp1, H13, H1f5, H2-DMa, H2ac4, H2ax, Hacl1, Hadh, Hap1, Haspin, Hbp1, Hcar2, Hcfc1, Hcls1, Hcn1, Hdac3, Hdac6, Hdgf, Hdlbp, Heatr3, Heatr5a, Heatr5b, Hectd1, Heg1, Hepacam, Herpud1, Hfe, Hgs, Hhex, Hif1a, Hikeshi, Hilpda, Hinfp, Hk1, Hk2, Hm629797, Hmga1, Hmgcr, Hmgn3, Hnf1a, Hnf1b, Hnf4a, Hnrnpa1, Hnrnpa2b1, Hnrnpa3, Hnrnpab, Hnrnpk, Hnrnpm, Hnrnpu, Homer1, Hook1, Hook2, Hook3, Hpca, Hps1, Hps4, Hps6, Hpse, Hras, Hrh2, Hrh3, Hsf1, Hsp90aa1, Hsp90ab1, Hsp90b1, Hspa1l, Hspa4, Hspa5, Hspa8, Hspa9, Hspb1, Hspd1, Hspg2, Htatsf1, Htr1a, Htr2a, Htt, Hyal2, Hycc1, Hycc2, Ice1, Icmt, Id4, Idh2, Idua, Ier3ip1, Iffo1, Ifi27, Ifnb1, Ifng, Ift122, Ift140, Ift20, Ift22, Ift25, Ift27, Ift46, Ift56, Ift80, Ift88, Igf1, Igf2bp1, Igf2bp2, Igf2bp3, Igfbp3, Igsf11, Igtp, Ik, Ikbkb, Ikbke, Ikzf1, Il10ra, Il12a, Il12b, Il13, Il1a, Il1b, Il1rn, Il33, Il6, Ildr1, Ildr2, Ilk, Ilrun, Immp1l, Immp2l, Impg2, Ing1, Inhba, Inhbb, Inpp5e, Inpp5k, Inppl1, Ins1, Ins2, Insc, Insig1, Insig2, Ints13, Intu, Invs, Ipo11, Ipo13, Ipo4, Ipo5, Ipo7, Ipo8, Ipo9, Iqce, Iqgap1, Iqsec2, Irak1, Irgm1, Irgm2, Irs1, Irs2, Isg15, Isl1, Ist1, Itga3, Itga4, Itga8, Itgal, Itgam, Itgav, Itgb1, Itgb1bp1, Itgb2, Itgb2l, Itgb3, Itgb7, Itpr1, Itsn1, Iws1, Jagn1, Jak1, Jak2, Jakmip1, Jam3, Jarid2, Jsrp1, Jup, Kalrn, Katna1, Kcna1, Kcnab2, Kcnb1, Kcnb2, Kcne1, Kcne2, Kcnip3, Kcnip4, Kcnj11, Kcnj6, Kcnj8, Kcnk9, Kcnn4, Kcnq1, Kcnq2, Kcnq3, Kdelr1, Kdelr2, Kdelr3, Kdm1a, Kdm5b, Khdc3, Khdrbs1, Khsrp, Kics2, Kif13a, Kif14, Kif17, Kif18a, Kif1a, Kif1b, Kif20a, Kif20b, Kif2c, Kif3a, Kif3b, Kif5a, Kif5b, Kif5c, Kifap3, Kiss1r, Klc1, Klf5, Klf7, Klhl20, Klhl21, Knl1, Kntc1, Kpna1, Kpna2, Kpna2rt, Kpna3, Kpna4, Kpna6, Kpna7, Kpnb1, Kptn, Krt18, Krt20, Krt5, Ktn1, L1cam, Lama5, Lamp1, Lamp2, Lamp3, Lamp5, Lamtor1, Lamtor2, Lamtor3, Lamtor4, Lamtor5, Laptm5, Large1, Larp7, Larp7-ps, Lats1, Lats2, Lbp, Lca5, Lcat, Lcp1, Ldlr, Ldlrap1, Lef1, Lemd2, Lep, Lepr, Leprot, Lgals3, Lgals9, Lgi1, Lhcgr, Lhfpl4, Lilrb4a, Lilrb4b, Limk2, Lims1, Lin7a, Lin7b, Lin7c, Lipa, Lipc, Lipg, Lman1, Lman2, Lman2l, Lmbrd1, Lmf1, Lmna, Lmnb1, Lmnb2, Lmtk2, Lonp2, Lpcat3, Lpl, Lrat, Lrba, Lrig2, Lrit3, Lrp1, Lrp10, Lrp2, Lrp4, Lrp5, Lrp6, Lrpprc, Lrrc15, Lrrc32, Lrrc4, Lrrc7, Lrrc8a, Lrrk2, Lrrtm1, Lrrtm4, Lrsam1, Lrwd1, Lsg1, Lsr, Ltbp1, Luzp1, Lyn, Lypd1, Lypla1, Lyplal1, Lyst, Lztfl1, Lzts2, M6pr, Macf1, Macir, Macroh2a1, Macroh2a2, Madcam1, Madd, Mafa, Maged1, Magi2, Magoh, Magohb, Maip1, Mal, Malrd1, Mamdc4, Man1a, Map1a, Map2, Map2k1, Map2k6, Map4k4, Map7, Mapk1, Mapk10, Mapk14, Mapk15, Mapk8, Mapk8ip3, Mapk9, Mapre1, Mapre2, Mapre3, Mapt, Marchf5, Marcks, Mark3, Mark4, Marveld3, Mavs, Mc4r, Mcc, Mcfd2, Mcm3ap, Mcm8, Mcm9, Mcoln2, Mcph1, Mcrs1, Mcu, Mdc1, Mdfic, Mdm2, Meak7, Mecp2, Med1, Meig1, Mepce, Mesd, Mex3b, Mexis, Mff, Mfhas1, Mfn2, Mfsd1, Mfsd2a, Mfsd2b, Mgarp, Mgat3, Mia2, Mia3, Micall1, Mid1, Mid2, Midn, Mief1, Mief2, Mif, Mip, Mipep, Mir130a, Mir200a, Mir208b, Mir410, Mis18a, Misp, Mlc1, Mlh3, Mlph, Mmd, Mmd2, Mmgt1, Mmp12, Mmp13, Mmp14, Mms22l, Moap1, Mon1a, Mon1b, Mon2, Morc3, Mosmo, Mpc2, Mpdz, Mpp4, Mpp7, Mprip, Mrap, Mrap2, Mrnip, Mrpl18, Msh2, Msn, Msr1, Msx1, Mtbp, Mtch1, Mtch2, Mtcl1, Mterf4, Mtm1, Mtnr1a, Mtnr1b, Mtor, Mttp, Mtx1, Mtx2, Mup1, Mup11, Mup2, Mup3, Mup4, Mup5, Musk, Mvb12a, Mvb12b, Myadm, Myb, Mycbp2, Myh10, Myh9, Myl12a, Mylk, Myo18a, Myo1a, Myo1b, Myo1c, Myo1d, Myo5a, Myo5b, Myo6, Myo7a, Myom1, Myrip, Myt1, Nabp2, Naca, Nacad, Nadk, Nagpa, Napa, Napb, Napg, Nasp, Naxe, Nbea, Nbeal1, Nbeal2, Nbl1, Nbn, Ncbp1, Ncbp2, Ncbp3, Ncf1, Nckap1, Ncln, Ncoa4, Ncoa6, Ndc1, Ndel1, Ndfip1, Ndfip2, Ndp, Ndufa13, Ndufaf2, Necab2, Necap1, Necap2, Nectin1, Nectin3, Nedd1, Nedd4, Nedd4l, Nedd8, Nedd9, Negr1, Neo1, Neto1, Neto2, Neurl1b, Neurl3, Neurod1, Nf1, Nf2, Nfasc, Nfatc3, Nfkbia, Ngdn, Ngfr, Nherf1, Nherf2, Nherf4, Nhlrc1, Nin, Nipbl, Nkd2, Nkx3-1, Nkx6-1, Nlgn1, Nlgn2, Nlgn3, Nlrp5, Nmb, Nmd3, Nme4, Nme7, Nmt1, Nmt2, Nmu, Nmur2, Nnat, Nol3, Nol6, Nol8, Nolc1, Nomo1, Nop53, Nop58, Nos1, Nos2, Notch1, Notch4, Npc1, Npc1l1, Npc2, Npff, Nphp1, Nphp4, Nphs1, Nploc4, Npm1, Npnt, Nptn, Nptx1, Nptx2, Nptxr, Nr0b1, Nr0b2, Nr1d1, Nr1h2, Nr1h3, Nr1h4, Nr5a1, Nrarp, Nrcam, Nrde2, Nrg1, Nrp1, Nrros, Nrxn1, Nrxn2, Nrxn3, Nsd2, Nsf, Nsfl1c, Nsg1, Nsun2, Ntsr1, Nuak2, Nubp1, Nucb1, Nucb2, Nudcd3, Numa1, Numb, Nup107, Nup133, Nup153, Nup155, Nup160, Nup188, Nup210, Nup214, Nup35, Nup37, Nup42, Nup43, Nup50, Nup50l, Nup54, Nup58, Nup62, Nup62cl, Nup85, Nup88, Nup93, Nup98, Nus1, Nutf2, Nutf2-ps1, Nutf2-ps2, Nvl, Nxf1, Nxf2, Nxf3, Nxf7, Nxt1, Nxt2, Oaz1, Oaz2, Oaz3, Obsl1, Oc90, Odad4, Odr4, Oga, Ogt, Olfm2, Ooep, Oprm1, Optn, Or51e2, Orai1, Ormdl3, Os9, Osbp, Osbp2, Osbpl10, Osbpl11, Osbpl1a, Osbpl2, Osbpl3, Osbpl5, Osbpl6, Osbpl8, Osbpl9, Otog, Otogl, Otud7b, Oxa1l, Oxct1, Oxt, P2rx7, P2ry1, P2ry2, P3h1, Pabpn1, Pacrg, Pacs1, Pacs2, Pacsin1, Pacsin2, Padi6, Paf1, Pafah1b1, Pak1, Pak2, Pakap, Palm, Pals1, Pam16, Pan3, Paqr3, Pard3, Pard3b, Pard6a, Park7, Parl, Parn, Parp1, Parp11, Parp3, Parp9, Pax6, Pcare, Pcid2, Pck2, Pclo, Pcm1, Pcnt, Pcsk1, Pcsk9, Pctp, Pdcd10, Pdcd5, Pdcd5-ps, Pdcd6, Pdcd6ip, Pde1c, Pde3b, Pde4c, Pde8b, Pdpk1, Pdx1, Pdzd7, Pdzd8, Pdzk1, Pecam1, Peg10, Peg12, Per2, Pes1, Pex1, Pex10, Pex12, Pex13, Pex14, Pex16, Pex19, Pex2, Pex26, Pex3, Pex5, Pex5l, Pex6, Pex7, Pfkfb2, Pfkl, Pfkm, Pgap1, Pgap2, Pgr, Pgrmc1, Phaf1, Phax, Phb2, Phip, Phldb2, Phyhip, Pias1, Pias4, Pibf1, Picalm, Pick1, Pid1, Pigr, Pigw, Pih1d1, Pik3c3, Pik3ca, Pik3r1, Pik3r2, Pik3r4, Pikfyve, Pim3, Pin1, Pin1rt1, Pink1, Pinx1, Pip4k2a, Pip5k1a, Pitpna, Pitpnb, Pitpnc1, Pitpnm1, Pitpnm2, Pitpnm3, Piwil4, Pkd1, Pkdcc, Pkia, Pkig, Pkp1, Pkp2, Pkp3, Pla2g10, Pla2g12a, Pla2g12b, Pla2g1b, Pla2g2a, Pla2g2c, Pla2g2d, Pla2g2e, Pla2g2f, Pla2g3, Pla2g4a, Pla2g4f, Pla2g5, Pla2g6, Pla2r1, Plcb1, Plec, Plek, Plekha1, Plekha8, Plekhf1, Plekhf2, Plekhm1, Plekhm2, Plin2, Plin3, Plin5, Plk1, Plk2, Plk3, Plod3, Plppr4, Plrg1, Pls1, Plscr1, Plscr1l1, Plscr2, Plscr3, Plscr4, Plscr5, Pltp, Pmaip1, Pmfbp1, Pml, Pmp2, Pmpca, Pmpcb, Pnpla2, Pnpla8, Pnpt1, Pola2, Poldip3, Polr1a, Pom121, Pom121l2, Pomc, Pon1, Porcn, Pot1a, Pot1b, Potefam3a, Potefam3b, Ppara, Ppard, Pparg, Ppfia1, Pphln1, Ppia, Ppid, Ppil2, Ppm1a, Ppm1f, Ppp1r15a, Ppp1r3c, Ppp1r9b, Ppp2r2b, Ppp2r5a, Ppp3ca, Ppp3cb, Ppp3r1, Ppt1, Praf2, Pram1, Prap1, Preb, Prelid1, Prelid2, Prelid3a, Prelid3b, Prepl, Prf1, Prickle1, Prkaa1, Prkaa2, Prkaca, Prkar1a, Prkcb, Prkcd, Prkce, Prkci, Prkcq, Prkcz, Prkd1, Prkg2, Prkn, Prnp, Proca1, Prpf19, Prpf4b, Prpf6, Prph2, Prr5l, Prrt1, Psap, Psen1, Psen2, Psmd9, Ptbp1, Ptch1, Ptger3, Ptger4, Ptges, Ptgs2, Ptn, Ptp4a3, Ptpmt1, Ptpn1, Ptpn11, Ptpn14, Ptpn2, Ptpn22, Ptpn23, Ptpn5, Ptpn9, Ptprk, Ptprn, Ptprn2, Ptpru, Ptprv, Pttg1ip, Pttg1ip2, Pum2, Pygo1, Qki, Rab10, Rab11a, Rab11b, Rab11fip1, Rab11fip2, Rab11fip3, Rab11fip5, Rab12, Rab13, Rab14, Rab15, Rab17, Rab18, Rab19, Rab1a, Rab1b, Rab20, Rab21, Rab22a, Rab23, Rab24, Rab25, Rab26, Rab27a, Rab27b, Rab28, Rab29, Rab2a, Rab2b, Rab31, Rab32, Rab33b, Rab34, Rab35, Rab36, Rab37, Rab38, Rab39, Rab39b, Rab3a, Rab3b, Rab3c, Rab3d, Rab3gap1, Rab3gap2, Rab3il1, Rab3ip, Rab43, Rab4a, Rab4b, Rab5a, Rab5b, Rab5c, Rab5if, Rab6a, Rab6b, Rab7, Rab7b, Rab8a, Rab8b, Rab9, Rab9b, Rabep1, Rabep2, Rabgap1l, Rabgef1, Rabif, Rabl2, Rabl3, Rac1, Rack1, Rad17, Rad21, Rae1, Raf1, Rala, Ralgapa2, Ralgapb, Ramp1, Ramp2, Ramp3, Ran, Ranbp17, Ranbp2, Ranbp3, Ranbp3l, Ranbp6, Rangap1, Rangrf, Rap1a, Rap1gds1, Rap2a, Rapgef2, Rapgef3, Rapgef4, Rapgef6, Rapsn, Rasl2-9, Rassf5, Rb1, Rbm15b, Rbm22, Rbm33, Rbm4, Rbm8a, Rbp1, Rbp2, Rbp4, Rbp7, Rbsn, Rcc2, Rcn3, Rcsd1, Rd3, Rdx, Reep1, Reep2, Relch, Reln, Ren1, Rep15, Repin1, Rer1, Rest, Retn, Rffl, Rft1, Rftn1, Rftn2, Rfx3, Rfx6, Rhbdd1, Rhbdd3, Rhbdf1, Rhbdf2, Rhno1, Rhob, Rhod, Rhog, Rhoq, Ric1, Ric3, Rilp, Rilpl1, Rilpl2, Rims1, Rims2, Rinl, Rint1, Ripor1, Ripor2, Rit2, Rnf168, Rnf186, Rnf26, Rnf26rt, Rnf4, Rock1, Rock2, Rom1, Romo1, Ropn1, Rp2, Rpa1, Rpa2, Rpain, Rpf2, Rph3a, Rph3al, Rpl11, Rps6kb1, Rptor, Rraga, Rragb, Rragc, Rrbp1, Rrp7a, Rrs1, Rsad2, Rsc1a1, Rsl1d1, Rtn2, Rtn4, Rtp1, Rtp2, Rtp3, Rtp4, Rufy1, Rufy3, Runx1, Ruvbl2, Ryr2, S100a10, S100a13, Sacm1l, Samm50, Sapcd2, Sar1a, Sar1b, Sarm1, Sarnp, Scamp1, Scamp2, Scamp3, Scamp4, Scamp5, Scarb1, Scarb2, Scfd1, Scfd2, Scg3, Scg5, Scml2, Scn3b, Sco1, Scp2, Scrib, Scyl1, Scyl3, Sdad1, Sec13, Sec16a, Sec16b, Sec22a, Sec22b, Sec22c, Sec23a, Sec23b, Sec24a, Sec31a, Sec31b, Sec61a1, Sec61a2, Sec61b, Sec61bl, Sec61g, Sec62, Sec63, Seh1l, Sel1l, Selenbp1, Selenbp2, Selenok, Selenom, Selenos, Selenot, Sem1, Senp2, Septin1, Septin10, Septin11, Septin12, Septin14, Septin2, Septin3, Septin4, Septin5, Septin6, Septin7, Septin8, Septin9, Serac1, Sergef, Serp1, Sesn2, Setd2, Sfn, Sfrp1, Sft2d1, Sft2d2, Sft2d3, Sgk1, Sgo2a, Sgpp1, Sgta, Sgtb, Sh3bp4, Sh3glb1, Sh3kbp1, Sh3pxd2b, Sh3tc2, Shank1, Shank3, Shh, Shisa6, Shisa7, Shroom2, Shroom3, Siah3, Sidt1, Sidt2, Sigmar1, Sik3, Sil1, Sin3a, Sirt1, Sirt3, Sirt4, Sirt6, Sirt7, Six1, Six2, Six3, Six4, Skap1, Skp1, Slbp, Slc10a1, Slc10a2, Slc10a3, Slc10a4, Slc10a4-ps, Slc10a5, Slc10a6, Slc10a7, Slc12a1, Slc12a2, Slc15a1, Slc15a2, Slc15a3, Slc15a4, Slc15a5, Slc16a1, Slc18a2, Slc1a1, Slc22a1, Slc22a2, Slc22a22, Slc22a6, Slc22a7, Slc22a8, Slc25a10, Slc25a11, Slc25a17, Slc25a20, Slc25a21, Slc25a22, Slc26a4, Slc27a1, Slc27a2, Slc27a3, Slc27a4, Slc27a5, Slc27a6, Slc28a2, Slc28a2b, Slc2a1, Slc2a2, Slc30a1, Slc30a8, Slc35d3, Slc43a3, Slc4a1, Slc4a8, Slc51a, Slc51b, Slc5a3, Slc5a8, Slc66a2, Slc7a11, Slc7a6os, Slc8b1, Slc9a2, Slc9b2, Slco1a1, Slco1a4, Slco1a5, Slco1a6, Slco1a7, Slco1a8, Slco1b2, Slco1c1, Slco2a1, Slco2b1, Slco3a1, Slco4a1, Slf1, Slf2, Slitrk3, Slmap, Slu7, Smad2, Smc5, Smo, Smpd3, Smurf1, Smyd3, Snap23, Snap25, Snap29, Snap47, Snap91, Snapin, Snca, Sncg, Snf8, Snhg15, Snord32a, Snord33, Snord34, Snord35a, Snord60, Snupn, Snx1, Snx10, Snx11, Snx12, Snx13, Snx14, Snx15, Snx16, Snx17, Snx18, Snx19, Snx2, Snx20, Snx21, Snx24, Snx25, Snx27, Snx3, Snx30, Snx31, Snx32, Snx33, Snx4, Snx5, Snx6, Snx7, Snx8, Snx9, Soat1, Soat2, Sorbs1, Sorbs2, Sorcs2, Sorl1, Sort1, Sox4, Sox9, Sp100, Spag17, Spag5, Spag6l, Spart, Spata33, Spata7, Spcs1, Spcs2, Spcs3, Spdl1, Spdya, Spg11, Spi1, Spidr, Spin1, Spire1, Spire2, Spns1, Spns2, Spns3, Spo11, Spp1, Sprn, Sptbn1, Sptbn4, Sptssa, Spx, Sqstm1, Src, Srcin1, Srebf1, Srebf2, Srgn, Sri, Srp14, Srp19, Srp54a, Srp54b, Srp54c, Srp68, Srp72, Srp9, Srpra, Srprb, Srsf1, Srsf3, Srsf7, Ssb, Ssh1, Ssna1, Ssr3, Sstr4, Sstr5, Stac, Stac2, Stac3, Stag3, Stam, Stam2, Star, Stard10, Stard3, Stard3nl, Stard4, Stard5, Stard6, Stat3, Stau1, Stau2, Steap3, Steep1, Stil, Stim1, Sting1, Stk11, Stk11ip, Stk3, Stk4, Stom, Stoml1, Stoml2, Stra6, Stra6l, Strada, Stradb, Strc, Stx11, Stx12, Stx16, Stx17, Stx18, Stx19, Stx1a, Stx1b, Stx2, Stx3, Stx4a, Stx5a, Stx6, Stx7, Stx8, Stxbp1, Stxbp2, Stxbp3, Stxbp4, Stxbp5, Stxbp5l, Sucnr1, Sumo1, Sumo2, Sumo3, Sun1, Sun2, Sun5, Supt6, Supt7l, Surf4, Svbp, Svip, Swap70, Sybu, Sycp1, Syk, Syndig1, Syne1, Syne3, Syngap1, Syngr1, Syngr2, Synj2bp, Synrg, Sys1, Syt11, Syt4, Syt7, Syt9, Sytl1, Sytl2, Sytl3, Sytl4, Sytl5, Syvn1, Szt2, Tac1, Tacr2, Taf3, Taf8, Tamalin, Tango2, Tango6, Tap1, Tap2, Tardbp, Tasor, Tax1bp1, Tax1bp3, Tbc1d1, Tbc1d13, Tbc1d17, Tbc1d32, Tbc1d5, Tbrg1, Tcaf1, Tcf7l2, Tcirg1, Tcp1, Tctn1, Tctn2, Tecpr2, Tek, Tenm1, Tent2, Terf1, Terf2, Terf2ip, Tert, Tesc, Tescl, Tesk1, Tespa1, Tex15, Tex2, Tfap2b, Tfr2, Tfrc, Tgfb1, Tgfb2, Tgfb3, Tgfbr2, Tgfbrap1, Thbs1, Thoc1, Thoc2, Thoc2l, Thoc3, Thoc5, Thoc6, Thoc7, Thy1, Tia1, Tiam1, Timm10, Timm10b, Timm13, Timm17a, Timm17b, Timm21, Timm22, Timm23, Timm29, Timm44, Timm50, Timm8a1, Timm8a2, Timm8b, Timm9, Tinf2, Tjp1, Tjp2, Tjp3, Tlk1, Tlr2, Tlr4, Tm7sf3, Tm9sf1, Tm9sf2, Tm9sf3, Tm9sf4, Tm9sf5, Tmbim1, Tmco1, Tmco6, Tmed1, Tmed10, Tmed10-ps, Tmed11, Tmed2, Tmed3, Tmed4, Tmed5, Tmed6, Tmed7, Tmed9, Tmem107, Tmem108, Tmem126a, Tmem129, Tmem132a, Tmem135, Tmem147, Tmem150a, Tmem167, Tmem184a, Tmem201, Tmem231, Tmem258, Tmem30a, Tmem30b, Tmem30c, Tmem35a, Tmem41b, Tmem59, Tmem88, Tmem9, Tmem97, Tmem98, Tmf1, Tmigd1, Tnf, Tnfaip3, Tnfaip6, Tnfaip8l3, Tnfrsf11a, Tnfrsf1a, Tnfsf11, Tnik, Tnks, Tnks2, Tnpo1, Tnpo2, Tnpo3, Tnrc6a, Tns4, Tollip, Tom1, Tom1l1, Tom1l2, Tomm20, Tomm20l, Tomm22, Tomm34, Tomm40, Tomm40l, Tomm5, Tomm6, Tomm7, Tomm70a, Tomt, Tonsl, Topbp1, Topors, Tor1a, Tor1aip1, Tor1aip2, Tor1b, Tpbg, Tpcn2, Tpp1, Tpr, Traf3ip2, Traf6, Traf7, Trak1, Trak2, Tram1, Tram1l1, Tram2, Trappc12, Trarg1, Trem2, Treml4, Trex1, Trh, Triap1, Trim12a, Trim12c, Trim17, Trim23, Trim25, Trim28, Trim29, Trim3, Trim30a, Trim30b, Trim30c, Trim30d, Trim37, Trim40, Trim46, Trim5, Trim50, Trim69, Trim8, Trip11, Trmt10b, Trp53, Trp53bp1, Trp53inp2, Trpa1, Trpc1, Trpc5, Trpm1, Trpm2, Trpm4, Trpm5, Tsc2, Tsg101, Tsku, Tspan10, Tspan14, Tspan15, Tspan17, Tspan18, Tspan33, Tspan5, Tspo, Tspo2, Tst, Ttbk2, Ttc21a, Ttc21b, Ttc39b, Ttc39d, Ttc7, Ttc7b, Ttc8, Ttk, Ttn, Ttpa, Tub, Tuba1a, Tulp1, Tulp2, Tulp3, Tunar, Tvp23a, Tvp23b, Txn1, Txnip, Tyk2, Tyrobp, Uaca, Ubac2, Ubap1, Ube2g2, Ube2j1, Ube2q1, Ubl4a, Ubr5, Ubxn2b, Ucn3, Ucp2, Ucp3, Uevld, Ufd1, Ufl1, Ufm1, Ugt8a, Uhmk1, Ulk1, Ulk2, Umod, Unc119, Unc119b, Unc13b, Unc50, Unc93b1, Uqcc2, Use1, Ush1c, Ush2a, Uso1, Usp17le, Usp4, Usp8, Usp9x, Utp25, Uts2, Uty, Vamp2, Vamp3, Vamp4, Vamp5, Vamp7, Vamp8, Vangl2, Vapa, Vapb, Vcl, Vcp, Vcpip1, Vdac1, Vdac2, Vegfa, Vegfc, Vgf, Vhl, Vil1, Vip, Vipas39, Vldlr, Vmp1, Vps11, Vps13a, Vps13b, Vps13c, Vps13d, Vps16, Vps18, Vps25, Vps26a, Vps26b, Vps26c, Vps28, Vps29, Vps33a, Vps33b, Vps35, Vps35l, Vps36, Vps37a, Vps37b, Vps37c, Vps37d, Vps39, Vps41, Vps45, Vps4a, Vps4b, Vps50, Vps51, Vps52, Vps53, Vps54, Vps8, Vrk1, Vsnl1, Vstm2a, Vta1, Vti1a, Vti1b, Vwc2, Wapl, Washc1, Washc2, Washc3, Washc4, Washc5, Wasl, Wbp2, Wdpcp, Wdr11, Wdr19, Wdr24, Wdr35, Wdr45, Wdr45b, Wdr59, Wdr72, Wdr83os, Whrn, Wipf1, Wipi1, Wipi2, Wls, Wnk1, Wnk3, Wnk4, Wnt11, Wnt3a, Wnt5a, Wnt7a, Wnt8a, Wrap53, Wrn, Wwp2, Wwtr1, Xbp1, Xirp1, Xirp2, Xkr4, Xkr6, Xkr7, Xkr8, Xkr9, Xpa, Xpo1, Xpo4, Xpo5, Xpo6, Xpo7, Xpot, Xrcc4, Xrcc5, Yap1, Ybx1, Yif1a, Yif1b, Yipf5, Yjefn3, Ykt6, Yod1, Ypel4, Ythdc1, Ywhab, Ywhae, Ywhag, Ywhah, Ywhaq, Ywhaz, Yy1, Zbed6, Zbtb16, Zbtb7a, Zc3h11a, Zc3h12a, Zc3h3, Zdhhc1, Zdhhc11, Zdhhc12, Zdhhc14, Zdhhc15, Zdhhc17, Zdhhc18, Zdhhc19, Zdhhc2, Zdhhc20, Zdhhc21, Zdhhc22, Zdhhc23, Zdhhc24, Zdhhc25, Zdhhc3, Zdhhc4, Zdhhc5, Zdhhc6, Zdhhc7, Zdhhc8, Zdhhc9, Zfand1, Zfand2a, Zfand2b, Zfand6, Zfp36, Zfp36l1, Zfp384, Zfp385a, Zfp423, Zfp827, Zfyve16, Zfyve27, Zg16, Zic1, Zmat3, Zmynd10, Zmynd8, Znhit3, Znhit6, Zpr1, Zw10, Zwilch
GO:0035556	intracellular signal transduction	3042	73	44.31	1.3e-05	0.0034029152542372878	1810024B03Rik, 2810408A11Rik, 3425401B19Rik, 4930544G11Rik, Aars1, Aars2, Abca1, Abca7, Abcc9, Abhd17a, Abi2, Abl1, Abl2, Abr, Abra, Abraxas1, Ace2, Acer2, Ackr2, Ackr3, Ackr4, Acot11, Acta2, Actn3, Actn4, Acvr1, Acvr2a, Acvrl1, Ada, Adam17, Adam8, Adam9, Adcy1, Adcy10, Adcy2, Adcy3, Adcy4, Adcy5, Adcy6, Adcy7, Adcy8, Adcy9, Adcyap1, Adcyap1r1, Adgrb2, Adgrg1, Adgrg3, Adgrg6, Adgrv1, Adipoq, Adipor1, Adissp, Adm, Adnp, Adora1, Adora2b, Adora3, Adra1a, Adra1b, Adra1d, Adra2a, Adra2b, Adra2c, Adrb1, Adrb2, Adrb3, Aen, Agap2, Ager, Ago1, Ago3, Agr2, Agrn, Agt, Agtr1a, Agtr1b, Agtr2, Ahr, Aida, Aif1, Aifm1, Aim2, Aip, Ajuba, Akap12, Akap13, Akap5, Akap6, Akap7, Akip1, Akr1b1, Akr1c18, Akt1, Akt1s1, Akt2, Akt3, Aldh1a2, Aldh1a3, Aldh2, Alg13, Alkal1, Alkal2, Alms1, Alox12b, Alox15, Alox8, Aloxe3, Alpk1, Als2, Ambra1, Amfr, Amh, Amot, Amotl1, Amotl2, Anapc15, Anapc15-ps, Angpt1, Ank2, Ank3, Ankrd1, Ankrd17, Ankrd2, Ankrd26, Ankrd54, Ankrd6, Apaf1, Apc, Apela, Apip, Aplnr, Apoa1, Apoc3, Apoe, App, Aqp1, Ar, Araf, Arf6, Arfgap1, Arfgef1, Arfgef2, Arfgef3, Arhgap1, Arhgap12, Arhgap15, Arhgap17, Arhgap18, Arhgap19, Arhgap20, Arhgap22, Arhgap24, Arhgap25, Arhgap27, Arhgap28, Arhgap29, Arhgap30, Arhgap31, Arhgap32, Arhgap33, Arhgap33os, Arhgap35, Arhgap40, Arhgap42, Arhgap44, Arhgap45, Arhgap5, Arhgap8, Arhgap9, Arhgdia, Arhgdib, Arhgdig, Arhgef10l, Arhgef11, Arhgef12, Arhgef18, Arhgef2, Arhgef28, Arhgef3, Arhgef4, Arhgef5, Arhgef6, Arhgef7, Arhgef9, Arid1a, Arl3, Arl6, Arl6ip5, Armc10, Armh4, Arnt, Arpc2, Arrb1, Arrb2, Arrdc3, Asb1, Asb10, Asb11, Asb13, Asb14, Asb15, Asb16, Asb17, Asb18, Asb2, Asb3, Asb4, Asb5, Asb6, Asb7, Asb8, Asb9, Ash1l, Asxl1, Asxl2, Atad3a, Atad5, Atat1, Atf1, Atf2, Atf3, Atf4, Atf6, Atf6b, Atf7, Atg10, Atg14, Atm, Atoh8, Atp1a1, Atp1a3, Atp1b1, Atp2a1, Atp2a2, Atp2a3, Atp2b4, Atp2c1, Atp6ap2, Atp6v0c, Atr, Atrip, Atrx, Atxn3, Aurka, Aurkb, Auts2, Avp, Avpi1, Avpr1a, Avpr1b, Avpr2, Axin1, Axl, Azi2, Babam1, Babam2, Bad, Bag4, Bag5, Bag6, Baiap2, Bak1, Banf1, Bank1, Bard1, Batf, Bax, Bbc3, BC028528, Bcap31, Bcar3, Bcl10, Bcl2, Bcl2a1a, Bcl2a1b, Bcl2a1c, Bcl2a1d, Bcl2l1, Bcl2l10, Bcl2l11, Bcl2l12, Bcl2l2, Bcl3, Bcl6, Bclaf1, Bcr, Bdkrb2, Bdnf, Becn1, Bfar, Bhlha15, Bid, Birc2, Birc3, Birc5, Birc7, Blm, Blnk, Bmal1, Bmp10, Bmp2, Bmp4, Bmp5, Bmp6, Bmp7, Bmper, Bmpr1a, Bmpr2, Bmx, Bmyc, Bnip1, Bnip2, Bnip3, Bok, Bop1, Braf, Brap, Brca1, Brca2, Brcc3, Brcc3dc, Brd4, Brk1, Brsk1, Brsk2, Bst1, Btbd10, Btk, Btn2a2, Btrc, Bub1, Bub1b, Bub3, C1qbp, C1ql4, C1qtnf1, C1qtnf12, C1qtnf2, C1qtnf3, C1qtnf4, C3, C3ar1, C5ar1, C9orf72, Cab39, Cab39l, Cabyr, Cacna1c, Cacna1d, Cactin, Cadm4, Calcoco1, Calcr, Calm1, Calm2, Calm3, Calr, Camk1, Camk2d, Camk4, Camkk1, Camkk2, Camta1, Cap1, Cap2, Capn1, Capn3, Car8, Card10, Card11, Card14, Card6, Card9, Carm1, Cartpt, Casp1, Casp12, Casp2, Casp3, Casp4, Casp6, Casp8, Casp9, Casq1, Casq2, Casr, Cass4, Castor1, Castor2, Cat, Cav1, Cav2, Cav3, Cavin3, Cavin4, Cbl, Cblb, Cblc, Cbs, Ccar2, Ccdc125, Ccdc22, Ccdc47, Ccdc88a, Ccdc88c, Cckbr, Ccl11, Ccl19, Ccl19-ps1, Ccl19-ps3, Ccl19-ps4, Ccl19-ps5, Ccl19-ps6, Ccl20, Ccl21a, Ccl21b, Ccl21d, Ccl21e, Ccl21f, Ccl3, Ccl5, Ccn1, Ccn2, Ccn3, Ccna2, Ccnb1, Ccnb1-ps, Ccnd1, Ccng1, Ccnq, Ccr1, Ccr10, Ccr1l1, Ccr2, Ccr3, Ccr4, Ccr5, Ccr6, Ccr7, Ccr8, Ccr9, Ccrl2, Cd160, Cd19, Cd22, Cd24a, Cd27, Cd28, Cd2ap, Cd300a, Cd300ld3, Cd36, Cd3e, Cd4, Cd40, Cd40lg, Cd44, Cd74, Cd81, Cd84, Cd86, Cd8a, Cdc14b, Cdc20, Cdc34, Cdc34b, Cdc42, Cdc42bpa, Cdc42ep1, Cdc42ep2, Cdc42ep3, Cdc42ep4, Cdc42ep5, Cdc42se1, Cdc42se2, Cdc5l, Cdc5lrt1, Cdc5lrt10, Cdc5lrt4, Cdc5lrt5, Cdc5lrt6, Cdc5lrt7, Cdc5lrt8, Cdc5lrt9, Cdc6, Cdca8, Cdh13, Cdh2, Cdip1, Cdk1, Cdk10, Cdk2, Cdk5rap2, Cdk5rap3, Cdkn1a, Cdkn2a, Cdkn2d, Cdon, Cdt1, Ceacam1, Ceacam2, Cebpb, Celsr1, Cenpe, Cep192, Cep55, Cep63, Cflar, Cgas, Cgnl1, Chac1, Chd5, Chek1, Chek2, Cherp, Chfr, Chga, Chi3l1, Chm, Chml, Chmp4c, Chn1, Chp1, Chp2, Chrm3, Chrna10, Chrna7, Chrna9, Chuk, Cib1, Cilk1, Cilp, Cish, Cit, Cited1, Cited2, Clcf1, Clec16a, Clec4d, Clec4n, Clec7a, Clnk, Clock, Clpb, Clspn, Clu, Cmklr1, Cmya5, Cnksr1, Cnksr2, Cnksr3, Cnot1, Cnot2, Cnot3, Cnot9, Cntf, Cntnap2, Coa8, Col1a2, Col3a1, Col6a1, Col6a2, Col6a3, Colec12, Commd1, Cops5, Cops8, Coro1b, Coro7, Cpne1, Cptp, Cracr2a, Creb1, Creb3, Creb3l1, Crebbp, Crebrf, Crh, Crhr1, Crhr2, Crip1, Cripto, Crk, Crkl, Crnn, Cry1, Cry2, Cryab, Cryba1, Csf1, Csf1r, Csf3, Csk, Csnk1a1, Csnk2b, Cspg4, Csrp3, Cst11, Ctbp2, Cth, Ctnnal1, Ctnnb1, Ctns, Ctsh, Cul1, Cul3, Cul4a, Cwh43, Cx3cl1, Cx3cr1, Cxcl12, Cxcl17, Cxcr1, Cxcr2, Cxcr3, Cxcr4, Cxcr5, Cxcr6, Cybb, Cycs, Cyct, Cyfip1, Cyld, Cyp19a1, Cyp1b1, Cyp26a1, Cyp26b1, Cyp27b1, Cyp2j6, Cyp7b1, Cyrib, Cysltr2, Cyth1, Cyth2, Cyth3, Cyth4, D130043K22Rik, D1Pas1, D7Ertd443e, Dab1, Dab2, Dab2ip, Dact1, Dag1, Dapk1, Dapk2, Dapk3, Daxx, Dbndd2, Dbnl, Dcc, Dcdc2a, Dcdc2c, Dchs1, Dclk1, Dclk2, Dclk3, Dcn, Dcx, Ddias, Ddit3, Ddit4, Ddr1, Ddr2, Ddrgk1, Ddx1, Ddx17, Ddx21, Ddx3x, Ddx5, Ddx60, Defb1, Defb25, Defb37, Dele1, Dennd1a, Dennd2b, Dennd3, Dennd4a, Dennd4b, Dennd4c, Depdc1a, Depdc1b, Depdc5, Depdc7, Deptor, Derl1, Derl2, Derl3, Dgka, Dgkb, Dgkd, Dgke, Dgkg, Dgkh, Dgki, Dgkk, Dgkq, Dgkz, Dhcr24, Dhrs3, Dhx15, Dhx33, Dhx36, Dhx58, Diablo, Diaph3, Dipk2a, Disc1, Dixdc1, Dkk1, Dlc1, Dlg1, Dlg5, Dmd, Dmpk, Dmrt1, Dna2, Dnaaf4, Dnaja1, Dnaja3, Dnajb9, Dnajc10, Dnajc27, Dnajc3, Dnm1l, Dnm2, Dnmbp, Dock1, Dock10, Dock11, Dock2, Dock3, Dock4, Dock5, Dock6, Dock7, Dock8, Dock9, Dok1, Dok2, Dok3, Dok4, Dok5, Dok7, Donson, Dot1l, Drd1, Drd2, Drd3, Drd4, Drd5, Dsc2, Dsg3, Dstyk, Dtl, Dtx3l, Dusp1, Dusp10, Dusp13b, Dusp15, Dusp16, Dusp19, Dusp2, Dusp22, Dusp26, Dusp29, Dusp3, Dusp4, Dusp5, Dusp6, Dusp7, Dusp8, Dusp9, Dvl1, Dvl2, Dvl3, Dync1li1, Dynlt1a, Dynlt1b, Dynlt1c, Dynlt1f, Dyrk1a, Dyrk2, Dyrk3, E130311K13Rik, E2f1, E2f2, Eaf2, Ece1, Ecel1, Ect2, Eda, Eda2r, Edar, Edaradd, Edem2, Edem3, Edn1, Edn2, Edn3, Ednra, Ednrb, Eef1e1, Efhb, Efna1, Egf, Egfr, Egln1, Ei24, Eid2, Eif2a, Eif2ak1, Eif2ak2, Eif2ak3, Eif2ak4, Eif2s1, Eif3a, Eif4ebp1, Eif4ebp2, Ell3, Elmo1, Elp6, Eme1, Eme2, Emilin1, Endog, Eng, Eno1, Eno1b, Ep300, Epg5, Epgn, Epha2, Epha4, Epha5, Epha7, Epha8, Ephb1, Ephb2, Epm2a, Epo, Epor, Eps8, Eps8l1, Eps8l2, Eps8l3, Eras, Erbb2, Erbb3, Erbb4, Erbin, Erc1, Ercc2, Ercc6, Erfe, Erlec1, Erlin1, Erlin2, Ermp1, Ern1, Ern2, Ero1a, Erp29, Errfi1, Esr1, Esr2, Esrrg, Etaa1, Eva1a, Exoc4, Extl3, Ezh2, Ezr, F10, F11r, F2, F2r, F2rl1, F3, F7, Fabp5, Fadd, Faim, Fam110c, Fam120b, Fam220a, Fam3c, Fam83d, Fam89b, Fancd2, Farp1, Farp2, Fas, Fasl, Fat4, Fbh1, Fbln1, Fbn1, Fbp1, Fbxl2, Fbxo21, Fbxo31, Fbxo4, Fbxo7, Fbxo8, Fbxo9, Fbxw11, Fbxw7, Fcer1a, Fcgr2b, Fem1a, Fem1b, Fer, Fermt2, Ffar4, Fga, Fgb, Fgd2, Fgd4, Fgf1, Fgf10, Fgf12, Fgf13, Fgf14, Fgf15, Fgf16, Fgf17, Fgf18, Fgf2, Fgf20, Fgf21, Fgf22, Fgf23, Fgf3, Fgf4, Fgf5, Fgf6, Fgf7, Fgf8, Fgf9, Fgfbp3, Fgfr1, Fgfr2, Fgfr3, Fgfr4, Fgg, Fgr, Fhit, Fhl2, Ficd, Fignl1, Fis1, Fkbp1b, Fkbp4, Fkrp, Fktn, Flcn, Flna, Flot1, Flot2, Flt1, Flt4, Fn1, Fnip1, Fnip2, Fnta, Fos, Foxa1, Foxh1, Foxm1, Foxn3, Foxo1, Foxo3, Foxo4, Foxp1, Fpr-rs3, Fpr-rs4, Fpr-rs6, Fpr-rs7, Fpr2, Frmd6, Frmd7, Frs2, Fshr, Fyn, Fzd1, Fzd10, Fzd4, Fzd5, Fzd7, Fzd8, Fzr1, G2e3, G3bp2, Gab1, Gab2, Gabarap, Gadd45a, Gadd45b, Gadd45g, Gal, Gapdh, Gapdh-ps15, Gapdhrt, Gapdhrt2, Garem1, Garnl3, Garre1, Gas6, Gata3, Gata4, Gba1, Gbf1, Gbp2, Gbp5, Gbp7, Gcg, Gcn1, Gcnt2, Gdf11, Gdf15, Gdf2, Gdf5, Gdf6, Gdf7, Gdi1, Gdi2, Gen1, Gfral, Gh, Ghrh, Ghrhr, Ghrl, Gigyf2, Gip, Gipr, Git1, Git2, Gkn2, Glce, Glipr2, Glp1r, Gm10662, Gm10668, Gm12250, Gm14137, Gm15441, Gm266, Gm4513, Gm5157, Gm527, Gm5890, Gm6176, Gm6882, Gmip, Gna12, Gna13, Gna15, Gnai1, Gnai2, Gnb1l, Golph3, Gpat3, Gpatch3, Gpbar1, Gpd1l, Gper1, Gphb5, Gpnmb, Gpr101, Gpr137, Gpr137b, Gpr137c, Gpr155, Gpr183, Gpr3, Gpr37, Gpr37l1, Gpr39, Gpr4, Gpr55, Gpr62, Gprc5b, Gps2, Gpx1, Gramd4, Grap, Grap2, Grb10, Grb2, Grem1, Gria1, Gria3, Grik1, Grik2, Grik3, Grin1, Grin2a, Grin2b, Grin2c, Grin2d, Grina, Grm1, Grm2, Grm4, Grm5, Gsdme, Gsk3a, Gsk3b, Gskip, Gsn, Gstp-ps, Gstp1, Gstp2, Gstp3, Guca1a, Guca2b, Gucy1a1, Gucy1a2, Gucy1b1, Gucy1b2, Gucy2c, Gucy2d, Gucy2e, Gucy2f, Gucy2g, H2-M3, H2ax, Hacd3, Hand2, Hapstr1, Haspin, Havcr2, Hax1, Hbegf, Hcfc2, Hck, Hcls1, Hcrtr1, Hcst, Hdac1, Hdac2, Hdac3, Hdac4, Hdac7, Heg1, Hells, Herpud1, Herpud2, Hesx1, Hexim1, Heyl, Hfe, Hgf, Hic1, Hif1a, Hinfp, Hint1, Hipk1, Hipk2, Hipk3, Hipk4, Hmga1, Hmga2, Hmgb1, Hmgcr, Hmox1, Hnf1a, Hnf4a, Hnrnpk, Homer2, Homer3, Hormad1, Hoxb3os, Hpca, Hpse, Hras, Hrh4, Hsf1, Hspa1b, Hspa5, Hspa8, Hspb1, Htr2a, Htr2b, Htr2c, Htr6, Htra2, Htt, Hunk, Hus1, Hus1b, Huwe1, Hyal2, Hyou1, Iapp, Icam1, Icmt, Id1, Ier3, Ifi203, Ifi203-ps, Ifi204, Ifi206, Ifi207, Ifi208, Ifi209, Ifi213, Ifi214, Ifi27, Ifi27l2a, Ifi27l2b, Ifi35, Ifih1, Ifng, Ift122, Ift80, Igf1, Igf1r, Igf2, Igfbp3, Igfbp4, Igfbp5, Igfbp6, Igh-7, Ighm, Igtp, Ik, Ikbkb, Ikbke, Ikbkg, Il10, Il11, Il18, Il18r1, Il19, Il1a, Il1b, Il20ra, Il3, Il34, Il6, Il6ra, Ilk, Impact, Inava, Incenp, Inhba, Inip, Inpp4b, Inpp5d, Inpp5e, Inpp5f, Inpp5k, Inppl1, Ins1, Ins2, Insig1, Insig2, Insl3, Insr, Ints3, Ints7, Ipo5, Iqgap1, Iqgap3, Iqschfp, Iqsec1, Iqsec2, Iqsec3, Irag1, Irak1, Irak1bp1, Irak2, Irak3, Irak4, Irf1, Irf2, Irf3, Irf7, Irgm1, Irgm2, Irs1, Irs2, Irs3, Isl1, Itch, Itfg2, Itga1, Itga3, Itgal, Itgav, Itgb1, Itgb1bp1, Itgb3, Itk, Itpkb, Itpr1, Itpr2, Itpr3, Itsn1, Ivns1abp, Jak1, Jak2, Jak3, Jcad, Jmjd8, Jmy, Jpt2, Jun, Jund, Kalrn, Kank1, Kank2, Kars1, Kat7, Kbtbd2, Kbtbd6, Kbtbd7, Kcnc2, Kcnj11, Kcnj8, Kcnk13, Kcnn4, Kctd10, Kctd13, Kctd9, Kdm1a, Kdm3a, Kdm4c, Kdm5d, Kdm6a, Kdm8, Kdr, Khdc3, Kics2, Kif14, Kiss1, Kiss1r, Kit, Kitl, Kl, Klb, Klf2, Klf4, Klf9, Klhdc10, Klhl22, Klhl31, Klk1b4, Klrh1, Kmt2d, Kmt2e, Kmt5a, Kndc1, Knl1, Kntc1, Kptn, Kras, Ksr1, Ksr2, L1cam, Lacc1, Lamp2, Lamtor1, Lamtor2, Lamtor3, Lamtor4, Lamtor5, Laptm5, Larp1, Lars1, Lat, Lat2, Lats1, Lats2, Lax1, Lbh, Lck, Lcmt1, Lcp1, Lcp2, Ldlrad4, Lemd2, Lep, Lepr, Lgals12, Lgals9, Lhcgr, Lif, Lilra5, Lilrb4a, Lilrb4b, Limd1, Lime1, Lims1, Lin28a, Lingo1, Lipa, Litaf, Lmcd1, Lmnb1, Lmo3, Lox, Lpar1, Lpar2, Lpar3, Lrp1, Lrp2, Lrp4, Lrr1, Lrrc10b, Lrrc19, Lrrc2, Lrrc30, Lrrc39, Lrrc40, Lrrc58, Lrrc63, Lrrc69, Lrrc8a, Lrrc8b, Lrrc8c, Lrrc8d, Lrrc8e, Lrrd1, Lrriq4, Lrrk1, Lrrk2, Lsm14a, Lta, Ltb, Ltbr, Ltf, Ltk, Lurap1, Lurap1l, Lyn, Lyplal1, Lztr1, Mad1l1, Mad2l1, Mad2l1bp, Mad2l2, Madd, Mael, Maged1, Magi2, Magi3, Mak, Malt1, Map1lc3a, Map2k1, Map2k2, Map2k3, Map2k4, Map2k5, Map2k6, Map2k7, Map3k1, Map3k10, Map3k11, Map3k12, Map3k13, Map3k14, Map3k15, Map3k2, Map3k20, Map3k21, Map3k3, Map3k4, Map3k5, Map3k6, Map3k7, Map3k8, Map3k9, Map4k1, Map4k2, Map4k3, Map4k4, Map4k5, Mapk1, Mapk10, Mapk11, Mapk12, Mapk13, Mapk14, Mapk15, Mapk3, Mapk4, Mapk6, Mapk7, Mapk8, Mapk8ip1, Mapk8ip2, Mapk8ip3, Mapk9, Mapkap1, Mapkapk2, Mapkapk3, Mapkapk5, Mapkbp1, Mapre2, Mapt, Marchf7, Marco, Mark1, Mark2, Mark3, Mark4, Marveld3, Mas1, Mast1, Mast2, Mast3, Mast4, Mastl, Mat2a, Mavs, Maz, Mbd4, Mbip, Mbp, Mbtps1, Mbtps2, Mc1r, Mcf2l, Mcl1, Mcoln1, Mcu, Mdc1, Mdfi, Mdfic, Mdfic2, Mdk, Mdm2, Mdm4, Meak7, Mecom, Med1, Mef2a, Mef2c, Mefv, Meis3, Melk, Men1, Mertk, Met, Mfhas1, Mfn2, Mfsd8, Mgrn1, Mid1, Mid2, Mif, Minar1, Mink1, Mios, Mir130a, Mir143, Mir181c, Mir181d, Mir185, Mir1a-1, Mir1a-2, Mir205, Mir25, Mir290a, Mir382, Mir423, Mir494, Mir504, Mir7-1, Mir7-2, Mir744, Mknk1, Mknk2, Mkrn2, Mlf1, Mlh1, Mllt11, Mlst8, Mmd2, Mmp2, Mmp3, Mmp9, Mn1, Mndal, Moap1, Mob1a, Mob1b, Mob3b, Mob4, Mok, Morn3, Mos, Mras, Mre11a, Mrnip, Mroh2b, Msh2, Msh6, Mst1r, Mstn, Msx1, Mt1, Mt2, Mt3, Mtbp, Mtch2, Mtcp1, Mtdh, Mtm1, Mtnr1b, Mtor, Mturn, Muc1, Muc20, Mul1, Mup1, Mup11, Mup2, Mup3, Mup4, Mup5, Mus81, Musk, Myadm, Mybbp1a, Myc, Myd88, Mydgf, Myh7b, Myh9, Mylk2, Myo16, Myo18a, Myo6, Myo9a, Myo9b, Myoc, Myom1, Myorg, Myoz1, Myoz2, Myzap, Nabp1, Nabp2, Nacc2, Nae1, Nagk, Naip1, Naip2, Naip5, Naip6, Naip7, Nbn, Nbr1, Ncald, Ncam1, Nck1, Nck2, Nckap1, Nckap1l, Ncoa1, Ncoa2, Ncoa3, Ncor1, Ncor2, Ncs1, Ndc80, Ndnf, Ndp, Ndrg1, Ndrg2, Ndrg4, Ndst1, Ndufa13, Ndufc2, Ndufs3, Ndufs6, Necab2, Nedd4, Negr1, Nek1, Nek10, Nek11, Nek7, Nek8, Nelfe, Nenf, Net1, Neurl2, Neurod2, Nf1, Nf2, Nfam1, Nfat5, Nfatc1, Nfatc2, Nfatc3, Nfatc4, Nfe2l2, Nfix, Nfkb1, Nfkb2, Nfkbia, Nfkbib, Nfkbid, Nfkbil1, Ngf, Ngfr, Nherf1, Nherf2, Nherf4, Nim1k, Nisch, Nkd1, Nkiras1, Nkiras2, Nkx3-1, Nlgn1, Nlk, Nlrc3, Nlrp12, Nlrp1a, Nlrp1b, Nlrp3, Nlrp6, Nlrx1, Nme2, Nme5, Nmi, Nmnat1, Nmur1, Noc2l, Nod1, Nod2, Nodal, Nog, Nol3, Nono, Nop2, Nop53, Nos1, Nos2, Nos3, Notch1, Notch2, Nox1, Nox4, Npc1, Npffr2, Nphs1, Nploc4, Npm1, Npnt, Nppa, Nppb, Nppc, Npr1, Npr2, Nprl2, Nprl3, Npsr1, Nptn, Npy, Npy2r, Npy5r, Nqo2, Nr0b1, Nr1d1, Nr1d2, Nr1h2, Nr1h3, Nr1h4, Nr1i2, Nr1i3, Nr2c1, Nr2c2, Nr2f2, Nr3c1, Nr3c2, Nr4a1, Nr4a2, Nr4a3, Nr5a1, Nr5a2, Nradd, Nras, Nrbp1, Nrbp2, Nrg1, Nrg2, Nrg3, Nrgn, Nrk, Nron, Nrp1, Nrxn1, Nsun2, Ntf3, Ntn1, Ntrk1, Ntrk2, Ntrk3, Nts, Ntsr2, Nuak2, Nucb1, Nucb2, Nuf2, Nup62, Nup93, Nupr1, Nyap1, Nyap2, Oas1a, Oas1b, Oas1c, Oas1d, Oas1e, Oas1f, Oas1g, Oas1h, Oas3, Oasl1, Obox4, Obscn, Ogt, Olfm4, Oma1, Opa1, Ophn1, Oprk1, Oprl1, Oprm1, Optn, Or2at4, Orai1, Orc1, Os9, Osbpl8, Osm, Otub1, Otud3, Otud5, Otud7b, Otulin, Ovol2, Oxsr1, Oxtr, P2rx1, P2rx4, P2rx7, P2ry1, P2ry12, P2ry6, P4hb, Pabir1, Pabpn1, Padi2, Pafah1b1, Pag1, Pagr1a, Pak1, Pak1ip1, Pak2, Pak3, Pak4, Pak5, Pak6, Paqr3, Park7, Parl, Parp1, Parp16, Parp6, Parp8, Parp9, Pask, Paxip1, Pbk, Pbp2, Pcbp2, Pcid2, Pcp4, Pdcd10, Pdcd4, Pdcd6, Pde10a, Pde11a, Pde1a, Pde1b, Pde1c, Pde2a, Pde3a, Pde3b, Pde4a, Pde4b, Pde4c, Pde4d, Pde5a, Pde6a, Pde6b, Pde6c, Pde6g, Pde6h, Pde7a, Pde7b, Pde8a, Pde8b, Pde9a, Pdgfa, Pdgfb, Pdgfc, Pdgfd, Pdgfra, Pdgfrb, Pdia6, Pdk1, Pdk2, Pdk3, Pdpk1, Pdpn, Pdx1, Pea15a, Pea15b-ps, Pear1, Pebp1, Pecam1, Peli1, Peli2, Peli3, Per1, Perp, Pex5l, Pgr, Phactr4, Phb1, Phb2, Phlda3, Phlpp1, Phlpp2, Pi4ka, Pi4kb, Pias2, Pias4, Picalm, Pick1, Pidd1, Pigbos1, Pih1d1, Pik3ap1, Pik3c2a, Pik3c2b, Pik3c2g, Pik3c3, Pik3ca, Pik3cb, Pik3cd, Pik3cg, Pik3ip1, Pik3r1, Pik3r2, Pik3r3, Pik3r4, Pik3r5, Pik3r6, Pikfyve, Pim1, Pim2, Pin1, Pin1rt1, Pink1, Pip4p1, Pja2, Pkd2, Pkhd1, Pkia, Pkn1, Pkn2, Pkn3, Pla2g2a, Pla2g5, Pla2g6, Pla2r1, Plaat1, Plagl2, Plaur, Plcb1, Plcb2, Plcb3, Plcb4, Plcd1, Plcd3, Plcd4, Plce1, Plcg1, Plcg2, Plch1, Plch2, Plcl1, Plcl2, Plcz1, Pld1, Pld2, Plek, Plek2, Plekha1, Plekhf1, Plekhg5, Plin5, Plk1, Plk2, Plk3, Pln, Plscr1, Plvap, Plxnb1, Pmaip1, Pmepa1, Pml, Pnp, Pnpla8, Polb, Pomc, Pou4f1, Pou4f2, Pp2d1, Ppara, Ppard, Pparg, Ppargc1b, Ppdpf, Ppef2, Ppia, Ppif, Ppm1a, Ppm1b, Ppm1d, Ppm1f, Ppm1k, Ppm1l, Ppm1n, Ppp1r10, Ppp1r13b, Ppp1r15a, Ppp1r15b, Ppp1r16b, Ppp1r1a, Ppp1r1b, Ppp1r1c, Ppp1r2, Ppp1r9a, Ppp1r9b, Ppp2ca, Ppp2cb, Ppp2r1a, Ppp2r5c, Ppp3ca, Ppp3cb, Ppp3cc, Ppp3r1, Ppp3r2, Ppp5c, Ppp6c, Ppt1, Prag1, Pramel7, Prap1, Prcp, Prdm11, Prdm15, Prdx1, Prdx2, Prex1, Prex2, Prkaa1, Prkaa2, Prkaca, Prkacb, Prkag2, Prkar1a, Prkar1b, Prkar2a, Prkar2b, Prkca, Prkcb, Prkcd, Prkce, Prkcg, Prkch, Prkci, Prkcq, Prkcz, Prkd1, Prkd2, Prkd3, Prkdc, Prkg1, Prkn, Prkra, Prl, Prmt1, Prmt2, Prmt5, Prmt6, Prnp, Prodh, Prok1, Pros1, Prox1, Prpf19, Prpf4b, Prr5, Prr5l, Prss33, Prxl2c, Psap, Psca, Psd, Psd2, Psd3, Psd4, Psen1, Psen2, Psmd10, Psmg2, Ptbp1, Pten, Ptf1a, Ptgdr2, Ptger3, Ptger4, Ptges3, Ptgis, Ptgs2, Pth, Ptk2, Ptk2b, Ptp4a3, Ptpmt1, Ptpn1, Ptpn11, Ptpn13, Ptpn2, Ptpn22, Ptpn6, Ptprc, Ptprj, Ptprr, Ptprs, Ptprv, Pttg1ip, Pum1, Pum2, Pxn, Pycard, Pycr1, Qars1, Qrich1, Rab12, Rab13, Rab15, Rab21, Rab30, Rab33a, Rab33b, Rab35, Rab39, Rab39b, Rab3gap1, Rab40b, Rab40c, Rab4a, Rab4b, Rab7b, Rab9, Rab9b, Rabgef1, Rabif, Rabl3, Rac1, Rac2, Rac3, Racgap1, Rack1, Rad1, Rad17, Rad50, Rad51, Rad9a, Rad9b, Raf1, Rala, Ralb, Ralbp1, Ralgapa1, Ralgapa2, Ralgapb, Ralgds, Ralgps1, Ralgps2, Ramp3, Ranbp9, Rap1a, Rap1b, Rap1gap, Rap1gap2, Rap1gds1, Rap2a, Rap2b, Rap2c, Rapgef1, Rapgef2, Rapgef3, Rapgef4, Rapgef5, Rapgef6, Rapgefl1, Rara, Rarb, Rarg, Rasa2, Rasa3, Rasa4, Rasal1, Rasal3, Rasd1, Rasd2, Rasgef1a, Rasgef1b, Rasgef1c, Rasgrf1, Rasgrf2, Rasgrp1, Rasgrp2, Rasgrp3, Rasgrp4, Rasip1, Rassf1, Rassf2, Rb1, Rb1cc1, Rbbp8, Rbck1, Rbfox2, Rbpms, Rbx1, Rbx1-ps, Rc3h1, Rc3h2, Rcan1, Rcan2, Rcan3, Rcn3, Rdx, Reg1, Rel, Rela, Relb, Rell1, Rell2, Reln, Rem1, Ren1, Ren2, Ret, Rffl, Rftn1, Rfwd3, Rfxank, Rgl1, Rgl2, Rgl3, Rgn, Rgs11, Rgs14, Rgs2, Rgs6, Rgs7, Rgs9, Rhbdd3, Rheb, Rhebl1, Rhno1, Rhoa, Rhob, Rhobtb1, Rhobtb2, Rhoc, Rhod, Rhof, Rhog, Rhoh, Rhoj, Rhoq, Rhou, Rhov, Rictor, Rigi, Rilpl1, Rint1, Riok3, Ripk1, Ripk2, Ripk3, Ripor1, Ripor2, Rit1, Rit2, Rln1, Rnaseh2b, Rnd1, Rnd2, Rnd3, Rnf125, Rnf13, Rnf135, Rnf14, Rnf149, Rnf152, Rnf167, Rnf170, Rnf183, Rnf186, Rnf31, Rnf34, Rnf41, Rnf6, Rnf7, Rnf8, Robo1, Rock1, Rock2, Ror1, Ror2, Rora, Rorb, Rorc, Ros1, Rp1, Rp1l1, Rpa2, Rpap2, Rpf2, Rpl11, Rpl23, Rpl24, Rpl26, Rpl37, Rpl37rt, Rpl5, Rps15, Rps20, Rps23rg1, Rps27l, Rps3, Rps6, Rps6-ps4, Rps6ka1, Rps6ka2, Rps6ka3, Rps6ka4, Rps6ka5, Rps6ka6, Rps6kb1, Rps6kb2, Rps7, Rptor, Rraga, Rragb, Rragc, Rragd, Rras, Rras2, Rrm2b, Rrn3, Rrp8, Rrs1, Rsad2, Rsu1, Rtkn, Rtkn2, Rtn4, Rtn4r, Rubcn, Rufy1, Rundc3a, Runx2, Rwdd1, Rwdd3, Rxfp2, Rxra, Rxrb, Rxrg, Ryk, Ryr1, Ryr2, Ryr3, S100a13, S100a4, S100a7l2, S100a8, S100a9, S100b, S2bpcox16, Saa3, Safb, Safb2, Samd14, Samd5, Samsn1, Samtor, Sar1a, Sar1b, Sash1, Sash3, Sav1, Sbk2, Scai, Scap, Scg2, Scgb2a2, Schip1, Scimp, Scn11a, Scn2a, Scn7a, Sco1, Sct, Sctr, Sdcbp, Sde2, Sec13, Sec14l1, Seh1l, Selenok, Selenos, Selp, Sema3e, Sema4c, Sema4d, Sema5a, Sema6a, Sema7a, Septin4, Serinc3, Serp1, Serp2, Serpina12, Serpine2, Serpinf2, Sesn1, Sesn2, Sesn3, Setmar, Sez6, Sez6l, Sez6l2, Sfn, Sfpq, Sfrp1, Sfrp2, Sfrp4, Sfrp5, Sgcd, Sgk1, Sgk2, Sgk3, Sgpp1, Sgsm3, Sh2b1, Sh2b2, Sh2b3, Sh2d3c, Sh2d6, Sh3bp1, Sh3bp4, Sh3bp5, Sh3bp5l, Sh3glb1, Sh3rf1, Sh3rf2, Sh3rf3, Shank2, Shank3, Sharpin, Shc1, Shc2, Shc3, Shc4, Shisa5, Shoc2, Shq1, Shtn1, Siah1a, Siah1b, Siglecg, Sik1, Sik2, Sik3, Sike1, Sipa1, Sipa1l1, Sipa1l2, Sipa1l3, Sirpa, Sirpb1a, Sirt1, Sirt2, Sirt3, Sirt7, Siva1, Ska1, Ska3, Ski, Skil, Skp2, Sla, Sla2, Slamf1, Slc15a2, Slc15a3, Slc15a4, Slc19a1, Slc24a4, Slc25a33, Slc26a6, Slc30a10, Slc38a9, Slc39a8, Slc46a2, Slc7a1, Slc7a3, Slc8a1, Slc8a2, Slc9a1, Slit2, Slk, Slmap, Smad1, Smad2, Smad3, Smad4, Smad5, Smad6, Smad7, Smad9, Smarca4, Smcr8, Smok3a, Smpd1, Smpd2, Smpd3, Smpdl3a, Smyd2, Snai1, Snai2, Snip1, Snw1, Socs1, Socs2, Socs3, Socs4, Socs5, Socs6, Socs7, Sod1, Sod2, Sorbs3, Sos1, Sos2, Sox11, Sox2, Sox4, Sox9, Sp100, Spaar, Spag9, Spata13, Spatc1l, Spc24, Spc25, Spdl1, Specc1l, Sphk1, Sphk2, Spi1, Spink1, Spop, Sppl3, Spred1, Spred2, Spred3, Spring1, Spry1, Spry2, Spry3, Spry4, Spsb2, Spsb3, Spsb4, Sptbn1, Sqstm1, Srarp, Src, Srebf1, Srebf2, Srgap1, Srms, Srpk1, Srpk2, Srpk3, Ss18, Sstr4, Ssx2ip, Stambp, Stambpl1, Stard10, Stard13, Stard8, Stat1, Stat3, Stc2, Steap3, Stil, Sting1, Stk10, Stk11, Stk17b, Stk19, Stk24, Stk25, Stk26, Stk3, Stk32a, Stk32b, Stk32c, Stk33, Stk38, Stk38l, Stk39, Stk4, Stk40, Stmn1, Stmn3, Stmp1, Stox1, Stradb, Strip1, Strn3, Strn4, Stub1, Styx, Styx-ps, Styxl1, Styxl2, Syap1, Syde1, Syde2, Syf2, Syk, Syngap1, Synj1, Synj2bp, Synpo2l, Syvn1, Szt2, Taar1, Tab1, Tab2, Tab3, Taf6, Taf7, Tagap, Tank, Taok1, Taok2, Taok3, Tarbp2, Tasl, Tax1bp1, Tax1bp3, Tbc1d10c, Tbc1d7, Tbck, Tbk1, Tbl2, Tbx1, Tbx20, Tcf21, Tcf7l2, Tcim, Tcl1, Tcl1b1, Tcl1b2, Tcl1b3, Tcl1b4, Tcl1b5, Tcp11, Tcp11x2, Tcrb, Tead1, Tead2, Tead3, Tead4, Tec, Tek, Tenm1, Terf2ip, Tex14, Tff2, Tfrc, Tgfa, Tgfb1, Tgfb2, Tgfb3, Tgfbr1, Tgfbr2, Tgfbr3, Tgif1, Tgm2, Thbs1, Them4, Thop1, Thpo, Thra, Thrb, Tial1, Tiam1, Tiam2, Ticam1, Ticam2, Ticrr, Tifa, Tifab, Timeless, Timp2, Tipin, Tiprl, Tirap, Tkfc, Tle1, Tlk1, Tlk2, Tlr1, Tlr13, Tlr2, Tlr3, Tlr4, Tlr6, Tlr7, Tlr8, Tlr9, Tmbim1, Tmbim4, Tmbim6, Tmco1, Tmed2, Tmem100, Tmem106a, Tmem109, Tmem117, Tmem127, Tmem161a, Tmem238l, Tmem33, Tmem38a, Tmem38b, Tmf1, Tmsb4x, Tmtc4, Tnf, Tnfaip1, Tnfaip3, Tnfaip8l1, Tnfaip8l3, Tnfrsf10b, Tnfrsf11a, Tnfrsf19, Tnfrsf1a, Tnfrsf1b, Tnfsf10, Tnfsf11, Tnfsf14, Tnfsf15, Tnik, Tnip1, Tnip2, Tnip3, Tnk1, Tnni3, Tns3, Tnxb, Tob1, Topbp1, Topors, Tox3, Tpbg, Tpbpa, Tpcn1, Tpcn2, Tpd52l1, Tpr, Tprg1l, Tpt1, Tradd, Traf1, Traf2, Traf3, Traf3ip2, Traf3ip3, Traf4, Traf5, Traf6, Traf7, Trap1, Trat1, Trem2, Treml1, Treml4, Trerf1, Trex1, Trf, Triap1, Trib1, Trib3, Trim11, Trim12a, Trim12c, Trim13, Trim15, Trim24, Trim25, Trim26, Trim3, Trim30a, Trim30b, Trim30c, Trim30d, Trim31, Trim32, Trim38, Trim39, Trim44, Trim5, Trim52, Trim55, Trim56, Trim59, Trim60, Trim62, Trim67, Trim68, Trim8, Trip13, Trip4, Trip6, Trp53, Trp53bp1, Trp53bp2, Trp63, Trp73, Trpa1, Trpm2, Trpm4, Trpv1, Trpv3, Trpv4, Trrap, Tsc1, Tsc2, Tspan6, Tspyl5, Tssk3, Tti1, Ttk, Ttn, Twf2, Twist1, Twsg1, Txn1, Txndc12, Tyk2, Tyro3, Uaca, Uba5, Ubb, Ubd, Ube2b, Ube2d1, Ube2i, Ube2k, Ube2n, Ube2v1, Ube2w, Ube3a, Ubqln1, Ubr1, Ubr2, Ubr5, Uchl1, Ucma, Ucn, Ufd1, Ufl1, Ufm1, Ufsp2, Uimc1, Ulk1, Ulk4, Unc5b, Unc5cl, Unc93b1, Uri1, Uso1, Usp10, Usp15, Usp17le, Usp20, Usp25, Usp26, Usp28, Usp32, Usp4, Usp44, Usp47, Usp49, Usp50, Usp7, Usp8, Usp9x, Vangl2, Vapb, Vav1, Vav2, Vav3, Vcp, Vdac2, Vdr, Vegfa, Vegfb, Veph1, Vgll4, Vhl, Vnn1, Vps11, Vps18, Vps4a, Vrk2, Vrk3, Vwf, Wac, Was, Wasf1, Wasf2, Washc4, Wbp2, Wdfy1, Wdr24, Wdr54, Wdr59, Wdr72, Wdr76, Wdr83, Wdr91, Wfs1, Wnk1, Wnk2, Wnk3, Wnk4, Wnt1, Wnt11, Wnt16, Wnt4, Wnt5a, Wnt7a, Wnt7b, Wsb1, Wsb2, Wtip, Wwc1, Wwc2, Wwox, Wwtr1, Xbp1, Xcr1, Xdh, Xiap, Xpa, Xpc, Xrcc3, Yap1, Ybx3, Yju2, Yod1, Ywhae, Ywhag, Ywhah, Ywhaq, Ywhaz, Zap70, Zbtb7a, Zbtb7b, Zc3h12a, Zc3hav1, Zcchc3, Zdhhc1, Zdhhc12, Zdhhc17, Zdhhc18, Zdhhc3, Zdhhc5, Zdhhc7, Zdhhc9, Zeb2, Zfand6, Zfas1, Zfp110, Zfp207, Zfp36, Zfp366, Zfp36l1, Zfp36l2, Zfp385a, Zfp385b, Zfp536, Zfp622, Zfp830, Zfp91, Zfy2, Zfyve19, Zmiz1, Zmpste24, Zmynd11, Znrf4, Zw10, Zwilch, Zwint
GO:0036211	protein modification process	2720	67	39.62	1.4e-05	0.0035445245901639345	2610042L04Rik, 4930568D16Rik, 6430550D23Rik, A4gnt, Aak1, Aanat, Aatk, Abca1, Abca2, Abca7, Abcb11, Abhd10, Abhd12, Abhd13, Abhd17a, Abhd17b, Abhd17c, Abi1, Abi2, Abi3, Abl1, Abl2, Abo, Abraxas2, Ace, Acer2, Acp4, Acvr1, Acvr1b, Acvr2a, Adam10, Adam17, Adam9, Adar, Adarb1, Adcy10, Adcy8, Adcyap1, Adgrb1, Adh5, Adipoq, Adipor2, Adm2, Adnp, Adprh, Adprhl1, Adprs, Adra2a, Adra2b, Adra2c, Adrb2, Adtrp, Aga, Agap2, Agbl1, Agbl2, Agbl3, Agbl4, Agbl5, Ager, Agrn, Agt, Agtpbp1, Ahrr, Aida, Aif1, Aimp2, Aipl1, Ajuba, Akap11, Akap5, Akap6, Akap9, Akt1, Akt1s1, Akt2, Akt3, Aktip, Alg1, Alg10b, Alg11, Alg12, Alg13, Alg14, Alg2, Alg3, Alg5, Alg6, Alg8, Alg9, Alk, Alox12b, Als2, Ambra1, Amer1, Amfr, Anapc1, Anapc10, Anapc11, Anapc13, Anapc15, Anapc15-ps, Anapc16, Anapc2, Anapc4, Anapc5, Anapc7, Ang, Ang2, Ang3, Ang4, Ang5, Ang6, Angpt1, Angpt4, Ankib1, Ankrd11, Ankrd54, Ankrd9, Antkmt, Anxa1, Anxa2, Ap3b1, Apc, Aplnr, Aplp2, Apoa1, Apoa2, Apoe, App, Appbp2, Aqp11, Araf, Areg, Arel1, Arfgef1, Arhgef2, Arhgef5, Arid5a, Arih1, Arih2, Ark2c, Arl2bp, Arnt, Arr3, Arrb1, Arrb2, Arrdc1, Arrdc3, Arrdc4, Asb1, Asb10, Asb11, Asb12, Asb13, Asb14, Asb15, Asb16, Asb17, Asb18, Asb2, Asb3, Asb4, Asb5, Asb6, Asb7, Asb8, Asb9, Asph, Aspscr1, Atat1, Ate1, Atf2, Atg10, Atg101, Atg13, Atg14, Atg16l1, Atg3, Atg4a, Atg4a-ps, Atg4b, Atg4c, Atg4d, Atg5, Atg7, Atm, Atp13a2, Atp2b4, Atp4b, Atp7a, Atpsckmt, Atr, Atxn3, Aurka, Aurkaip1, Aurkb, Aurkc, Avp, Axin1, Axin2, B3galnt1, B3galnt2, B3galt1, B3galt2, B3galt4, B3galt5, B3galt6, B3galt9, B3gat1, B3gat2, B3gat3, B3glct, B3gnt2, B3gnt3, B3gnt4, B3gnt5, B3gnt6, B3gnt7, B3gnt8, B3gnt9, B4galnt2, B4galt1, B4galt2, B4galt3, B4galt4, B4galt5, B4galt6, B4galt7, B4gat1, Bag1, Bag2, Bag4, Bag5, Bag6, Bak1, Bank1, Bap1, Bard1, Bax, Baz1b, Bcar3, Bccip, Bcl10, Bcl11a, Bcl2, Bdkrb1, Bdkrb2, Bdnf, Bex1, Bex2, Bex3, Bex4, Bex6, Bfar, Birc2, Birc3, Birc5, Birc6, Birc7, Blk, Blm, Bloc1s1, Bmal1, Bmi1, Bmp2, Bmp4, Bmp6, Bmpr2, Bmx, Bola3, Braf, Brap, Brat1, Brca1, Brcc3, Brcc3dc, Brd4, Brms1, Brsk1, Brsk2, Bst1, Btbd1, Btbd35f1, Btg1, Btg2, Btk, Btrc, C1galt1, C1galt1c1, C1qtnf4, C1qtnf9, C3, C9orf72, Cab39, Cactin, Cacul1, Cad, Cadm1, Cadm4, Camk1, Camk2a, Camk2b, Camk2d, Camk2g, Camk4, Camkk2, Camkmt, Caml, Camp, Cand1, Cand2, Capn3, Card10, Card14, Carm1, Cartpt, Casp3, Cass4, Cav1, Cav2, Cav3, Cbfb, Cbl, Cblb, Cblc, Cbll1, Cbx4, Ccar2, Ccdc88a, Cck, Ccl19, Ccl19-ps1, Ccl19-ps3, Ccl19-ps4, Ccl19-ps5, Ccl19-ps6, Ccl3, Ccl5, Ccn1, Ccn2, Ccna2, Ccnb1, Ccnb1ip1, Ccnc, Ccnd1, Ccnd2, Ccnd3, Ccne1, Ccnf, Ccnt1, Ccny, Ccnyl1, Ccr7, Cd109, Cd24a, Cd2ap, Cd300a, Cd300ld3, Cd36, Cd3e, Cd4, Cd40, Cd44, Cd6, Cd74, Cd80, Cdc14b, Cdc16, Cdc20, Cdc23, Cdc25b, Cdc26, Cdc27, Cdc34, Cdc34b, Cdc37, Cdc42, Cdc42bpa, Cdc42bpb, Cdc42bpg, Cdca3, Cdh5, Cdk1, Cdk10, Cdk12, Cdk2, Cdk2ap1, Cdk2ap1rt, Cdk4, Cdk5, Cdk5r1, Cdk5r2, Cdk5rap1, Cdk5rap3, Cdk6, Cdk8, Cdk9, Cdkl5, Cdkn1a, Cdkn1b, Cdkn1c, Cdkn2a, Cdkn2b, Cdkn2c, Cdkn2d, Cdon, Cdyl, Ceacam1, Celsr3, Cemip, Cenpe, Cep295, Cep41, Cep43, Cep63, Cep78, Cep85, Ces2a, Cfap20, Cfl1, Chchd4, Chek1, Chek2, Chfr, Chga, Chi3l1, Chm, Chml, Chmp6, Chordc1, Chp1, Chrna3, Chrna7, Chst4, Chuk, Cib1, Cilk1, Cish, Clcf1, Cldn19, Cldn3, Clec4n, Clec7a, Clip3, Clk1, Clk2, Clk3, Clk4, Cln3, Clock, Clspn, Cnksr3, Cnot4, Cnot7, Cnot9, Cntf, Cntn1, Cog3, Cog7, Col3a1, Col6a1, Commd1, Comt, Cop1, Cops2, Cops3, Cops4, Cops5, Cops6, Cops7a, Cops7b, Cops8, Cops9, Coro1c, Cox10, Crbn, Creb1, Crebbp, Crebl2, Crh, Cripto, Crkl, Crlf1, Crppa, Crtap, Cry1, Cryaa, Csf1, Csf1r, Csf2, Csf3, Csk, Csnk1a1, Csnk1d, Csnk1e, Csnk2a1, Csnk2a2, Csnk2b, Cspg4, Csta1, Csta2, Csta3, Cstdc3, Cstdc4, Cstdc5, Cstdc6, Ctdnep1, Ctdp1, Ctdsp1, Ctdsp2, Ctdspl, Ctdspl2, Ctf1, Cth, Ctnnb1, Ctnnd1, Ctsg, Cttnbp2nl, Ctu1, Ctu2, Cul1, Cul2, Cul3, Cul4a, Cul4b, Cul5, Cul7, Cul9, Cwh43, Cx3cl1, Cx3cr1, Cxcr4, Cyld, D1Pas1, D7Ertd443e, Dab1, Dab2, Dab2ip, Dad1, Dapk1, Dapk2, Dapk3, Daw1, Daxx, Dbi, Dbndd2, Dcaf1, Dcaf10, Dcaf11, Dcaf12, Dcaf13, Dcaf15, Dcaf17, Dcaf5, Dcaf6, Dcaf7, Dcaf8, Dclk1, Dclk2, Dclk3, Dcst1, Dcun1d1, Dcun1d2, Dcun1d3, Dcun1d4, Dcun1d5, Dda1, Ddah1, Ddb1, Ddb2, Ddost, Ddr1, Ddr2, Ddrgk1, Ddx3x, Deptor, Derl1, Derl3, Desi1, Det1, Dgkq, Dguok, Dhdds, Dhps, Dicer1, Dip2a, Dip2b, Dkk1, Dlg1, Dmd, Dmpk, Dmtn, Dnah12, Dnaja1, Dnaja3, Dnajb2, Dnajc10, Dnajc24, Dnajc3, Dock7, Dohh, Dok7, Dolk, Dolpp1, Dpagt1, Dph1, Dph2, Dph3, Dph5, Dph6, Dph7, Dpm1, Dpm2, Dpm3, Dpy19l1, Dpy19l3, Dr1, Drd1, Drd2, Drd4, Dscc1, Dsp, Dtl, Dtnbp1, Dtx1, Dtx2, Dtx3, Dtx3l, Dtx4, Dusp1, Dusp10, Dusp11, Dusp18, Dusp19, Dusp2, Dusp21, Dusp22, Dusp26, Dusp29, Dusp3, Dusp5, Dusp6, Dusp7, Dvl1, Dvl2, Dvl3, Dynap, Dynapl1, Dyrk1a, Dyrk1b, Dyrk2, Dyrk3, Dysf, Dzip3, E4f1, Ect2, Edem1, Edem2, Edem3, Edn1, Edn3, Ednra, Ednrb, Eef1akmt1, Eef1akmt2, Eef1akmt3, Eef2k, Eef2kmt, Efemp1, Efna1, Efna5, Egf, Egfr, Egln2, Egln3, Egr1, Egr2, Ehd4, Ehmt1, Ehmt2, Eif2a, Eif2ak1, Eif2ak2, Eif2ak3, Eif2ak4, Eif2s1, Eif4g1, Eif4g3, Eipr1, Elob, Eloc, Emp2, Enc1, Eng, Engase, Enpp1, Enpp2, Entpd5, Eogt, Ep300, Epas1, Epha1, Epha3, Epha4, Epha7, Epha8, Ephb1, Ephb2, Ephb3, Ephb4, Epm2a, Epo, Epsti1, Erbb2, Erbb4, Erc1, Ercc6, Ercc8, Ereg, Ern1, Ern2, Ero1a, Ero1b, Erp29, Errfi1, Esco1, Esco2, Etaa1, Etf1, Etfbkmt, Evpl, Ext1, Ext2, Extl1, Extl3, Eya1, Eya2, Eya3, Ezh2, F13a1, F2, Fabp4, Fam107a, Fam161a, Fam20a, Fam20c, Fam220a, Fam3c, Fam98a, Fam98b, Fancf, Fanci, Fancl, Fancm, Fas, Fastk, Fau, Faxdc2, Fbh1, Fbln1, Fbn1, Fbxl12, Fbxl15, Fbxl17, Fbxl2, Fbxl21, Fbxl22, Fbxl3, Fbxl5, Fbxl7, Fbxo10, Fbxo11, Fbxo2, Fbxo22, Fbxo25, Fbxo28, Fbxo3, Fbxo30, Fbxo31, Fbxo32, Fbxo33, Fbxo38, Fbxo4, Fbxo43, Fbxo45, Fbxo5, Fbxo6, Fbxo7, Fbxo9, Fbxw11, Fbxw15, Fbxw5, Fbxw7, Fbxw8, Fcer1a, Fcor, Fech, Fem1a, Fem1al, Fem1b, Fem1c, Fer, Fes, Fgd2, Fgd4, Fgf1, Fgf10, Fgf15, Fgf18, Fgf2, Fgf4, Fgf7, Fgf8, Fgfr1, Fgfr2, Fgfr3, Fgfr4, Fgr, Ficd, Firrm, Fiz1, Fkbp10, Fkbp8, Fkrp, Fktn, Flcn, Flna, Flot1, Flt1, Flt3, Flt3l, Flt4, Fmr1, Fn1, Fn3k, Fn3krp, Fndc1, Fnip1, Fnip2, Fnta, Fntb, Foxf2, Frey1, Fry, Fscb, Fshr, Fut1, Fut10, Fut11, Fut2, Fut4, Fut7, Fut8, Fut9, Fxn, Fxyd1, Fyn, Fzd1, Fzd4, Fzd5, Fzd8, Fzr1, G2e3, G6pd2, G6pdx, Gab1, Gabarap, Gadd45a, Gadd45b, Gadd45g, Galnt1, Galnt10, Galnt11, Galnt12, Galnt13, Galnt14, Galnt15, Galnt16, Galnt17, Galnt18, Galnt2, Galnt3, Galnt4, Galnt5, Galnt6, Galnt7, Galnt9, Galntl6, Gan, Gapdh, Garem1, Gas6, Gata1, Gba1, Gbgt1, Gbp4, Gcg, Gclc, Gcnt1, Gcnt2, Gcnt3, Gcnt4, Gcnt7, Gcsh, Gdnf, Gfpt1, Gfpt2, Gfra1, Gfra2, Ggcx, Ggnbp2, Ggta1, Gjc2, Glul, Glyctk, Gm11690, Gm15222, Gm36723, Gmppa, Gmppb, Gnaq, Gnas, Gnl3, Gnl3l, Golga2, Golga7, Gorasp1, Gp6, Gpd1l, Gper1, Gpnmb, Gpr39, Gprc5a, Gprc5b, Gps1, Gps2, Gpx1, Grem1, Grk1, Grk2, Grk3, Grk5, Gsk3a, Gsk3b, Gskip, Gspt1, Gstp-ps, Gstp1, Gstp2, Gstp3, Gtf2b, Gtpbp4, Gxylt1, Gxylt2, Hace1, Hamp, Hamp2, Haspin, Hax1, Hbb-b1, Hbegf, Hccs, Hck, Hcls1, Hcst, Hdac1, Hdac2, Hdac3, Hdac4, Hdac6, Hdac7, Hdac8, Hdac9, Hectd1, Hectd2, Hectd3, Hecw1, Hecw2, Heg1, Herc2, Herc3, Herc4, Herc6, Herpud1, Hes1, Hes5, Hexim2, Hgf, Hgs, Hhat, Hhatl, Hhex, Hif1a, Higd1a, Hint1, Hint2, Hipk1, Hipk2, Hipk3, Hipk4, Hlcs, Hltf, Hmg20a, Hmg20b, Hmga2, Hmgb1, Hmgcr, Hnf1a, Hnf4a, Hoxb3os, Hpx, Hras, Hrc, Hrg, Hs3st3b1, Hs3st5, Hsf1, Hsp90aa1, Hsp90ab1, Hspa1b, Hspa2, Hspa4, Hspa5, Hspb1, Hspbp1, Htatip2, Htr2a, Htr2b, Htt, Hunk, Hus1, Huwe1, Hyal2, Ibtk, Icam1, Icmt, Ifih1, Ifna, Ifnar1, Ifnb1, Ifng, Ifnz, Ift80, Igf1, Igf1r, Igfbp3, Igh-7, Ighm, Igtp, Ikbkb, Ikbke, Il11, Il12a, Il12b, Il12rb1, Il12rb2, Il13, Il15, Il18, Il1b, Il2, Il21, Il22, Il22ra2, Il23a, Il24, Il3, Il31ra, Il34, Il4, Il5, Il6, Il6ra, Il6st, Il7, Il9, Il9r, Ilf3, Ilk, Impact, Inava, Inca1, Ing4, Ing5, Inhba, Inpp5f, Inpp5j, Inpp5k, Ins1, Ins2, Insm1, Insr, Insrr, Invs, Ip6k2, Ip6k3, Iqgap1, Iqgap3, Irak1, Irak3, Irf1, Irf2bp1, Irf2bpl, Irgm1, Irgm2, Isg15, Isl1, Israa, Itch, Itga5, Itgb1, Itgb1bp1, Itgb2, Itgb2l, Itgb3, Itk, Itln1, Itlnb, Itpkb, Ivl, Ivns1abp, Jade2, Jak1, Jak2, Jak3, Jmjd4, Jmjd6, Jmjd7, Josd1, Josd2, Jtb, Jun, Kat14, Kat2a, Kat2b, Kat5, Kat6a, Kat7, Kbtbd13, Kbtbd2, Kbtbd6, Kbtbd7, Kbtbd8, Kcmf1, Kcnq2, Kcnq3, Kctd10, Kctd11, Kctd13, Kctd21, Kctd6, Kctd9, Kdm1a, Kdm4d, Kdm5a, Kdm6a, Kdr, Keap1, Khdc3, Kif14, Kif3a, Kirrel1, Kirrel2, Kit, Kitl, Klf15, Klhdc1, Klhdc10, Klhdc2, Klhdc3, Klhl10, Klhl12, Klhl13, Klhl15, Klhl17, Klhl18, Klhl2, Klhl20, Klhl21, Klhl22, Klhl24, Klhl25, Klhl3, Klhl31, Klhl36, Klhl40, Klhl41, Klhl42, Klhl7, Klhl8, Klhl9, Kmt2a, Kmt5a, Kndc1, Kras, Krt1, Krt10, Krt2, Krtcap2, Ksr1, L1cam, Lama1, Laptm5, Large1, Large2, Lats1, Lats2, Lck, Lcmt1, Lcmt2, Lep, Lepr, Lias, Liat1, Lif, Lilra5, Lilrb4a, Lilrb4b, Limch1, Lime1, Limk1, Limk2, Lipt1, Lipt2, Lmf1, Lmtk2, Lnx1, Lonp1, Loricrin, Lox, Loxl2, Loxl3, Lrp4, Lrp6, Lrp8, Lrr1, Lrrc41, Lrrc55os, Lrrk1, Lrrk2, Lrrn3, Lrsam1, Ltf, Ltk, Ltn1, Lyn, Lypla1, Lypla2, Lyplal1, Lztr1, Macrod1, Macrod2, Macroh2a1, Mad2l1, Mad2l2, Maged1, Magel2, Magi3, Magt1, Mak, Maml1, Man1a, Man1a2, Man1b1, Man2a1, Man2a2, Man2b1, Map2k1, Map2k2, Map2k3, Map2k4, Map2k6, Map2k7, Map3k1, Map3k10, Map3k11, Map3k12, Map3k13, Map3k20, Map3k3, Map3k4, Map3k5, Map3k6, Map3k7, Map3k9, Map4k1, Map4k2, Map4k3, Map4k4, Map6d1, Mapk1, Mapk10, Mapk12, Mapk13, Mapk14, Mapk15, Mapk3, Mapk6, Mapk7, Mapk8, Mapk8ip1, Mapk8ip3, Mapk9, Mapkap1, Mapkapk2, Mapkapk3, Mapkapk5, Mapre3, Mapt, Marchf1, Marchf11, Marchf2, Marchf3, Marchf4, Marchf5, Marchf6, Marchf7, Marchf8, Marchf9, Mark1, Mark2, Mark3, Mark4, Mas1, Mast1, Mast2, Mastl, Mavs, Mbip, Mboat4, Mdm2, Mdm4, Med1, Med10, Med11, Med12, Med17, Med18, Med20, Med21, Med23, Med24, Med27, Med30, Med31, Med6, Med7, Med8, Megf8, Melk, Men1, Met, Metap2, Mettl18, Mettl21a, Mettl21c, Mettl22, Mgat1, Mgat2, Mgat3, Mgat4a, Mgat4b, Mgat4c, Mgat4d, Mgat4e, Mgat4f, Mgat5, Mgat5b, Mgrn1, Mib1, Mib2, Mical1, Mid2, Mif, Minar1, Mindy3, Mindy4, Mink1, Mir1896, Mir26a-1, Mir26a-2, Mir26b, Mir301, Mir409, Mir423, Mir875, Mknk1, Mknk2, Mkrn1, Mkrn2, Mkrn3, Mlec, Mllt1, Mlst8, Mlxipl, Mmd, Mmd2, Mmp9, Mob1b, Mob2, Mocs3, Mogs, Morc3, Mos, Mprip, Mre11a, Mrnip, Msl2, Mst1, Mst1r, Mt3, Mta1, Mtbp, Mtm1, Mtmr3, Mtor, Mttp, Mul1, Musk, Mvp, Myadm, Mycbp2, Mydgf, Mylip, Mylk2, Mylk3, Myo3a, Myo3b, Myocd, N4bp1, N6amt1, Naa10, Naa11, Naa12, Naa15, Naa16, Naa20, Naa50, Naa60, Naa80, Nae1, Naglu, Nagpa, Nat10, Nat8, Nat8b-ps, Nat8f1, Nat8f7, Nbn, Ncam1, Nceh1, Nck1, Nck2, Ncl, Ncoa7, Ncor2, Ndfip1, Ndfip2, Ndn, Ndp, Ndst1, Ndufab1, Ndufab1-ps, Ndufaf5, Ndufaf7, Ndufs4, Nedd4, Nedd4l, Nedd8, Nedd9, Nek1, Nek10, Nek11, Nek2, Nek3, Nek4, Nek6, Nek7, Nelfa, Nelfe, Neurl1a, Neurl1b, Neurl2, Neurl3, Neurod2, Nf1, Nf2, Nfe2, Nfe2l1, Nfe2l2, Nfs1, Nfx1, Ngf, Nherf1, Nhlrc1, Nhlrc3, Niban1, Nim1k, Nktr, Nkx3-1, Nlk, Nlrc3, Nlrp12, Nmi, Nmt1, Nmt2, Nnmt, Nnt, Nod2, Nolc1, Nop53, Nos1, Nos2, Nosip, Notch2, Notum, Nox4, Npc1, Npm1, Nppa, Nptn, Nqo1, Nr2f2, Nras, Nrg1, Nrp1, Nrxn1, Nscme3l, Nsd1, Nsmce2, Nsmce3, Nt5c2, Ntaq1, Ntf3, Ntmt1, Ntmt2, Ntrk1, Ntrk2, Ntrk3, Nuak1, Nuak2, Nub1, Nup62, Nupr1, Nus1, Nxn, Oard1, Obi1, Obox4, Obscn, Ocln, Odam, Oga, Ogfod1, Ogt, Ooep, Oprd1, Os9, Osbp, Osm, Ost4, Ostc, Otub1, Otub2, Otud1, Otud3, Otud4, Otud5, Otud6a, Otud6b, Otud7a, Otud7b, Otulin, Oxr1, Oxsr1, P2rx7, P2ry1, P3h1, P3h2, P3h3, P3h4, P4ha1, P4ha2, P4hb, Pabpn1l, Padi4, Pak1, Pak2, Paqr3, Pard3, Pard6a, Park7, Parp1, Parp10, Parp11, Parp12, Parp14, Parp16, Parp2, Parp3, Parp4, Parp6, Parp8, Parp9, Pask, Pate6, Pax6, Paxip1, Pbk, Pck1, Pcmt1, Pcmtd1, Pcmtd2, Pcnp, Pdcd10, Pdcd4, Pdcd6, Pdcl3, Pde4d, Pde5a, Pdf, Pdgfa, Pdgfb, Pdgfc, Pdgfd, Pdgfra, Pdgfrb, Pdk3, Pdp1, Pdxp, Pdzrn3, Peak1, Pebp1, Pecam1, Pef1, Peli1, Peli2, Peli3, Per2, Pex10, Pex12, Pex2, Pfn2, Pggt1b, Pgm3, Phf2, Phf23, Phip, Phlpp1, Phpt1, Pias1, Pias2, Pias3, Pias4, Pibf1, Pick1, Pid1, Pih1d1, Pik3c3, Pik3ca, Pik3cg, Pik3r1, Pik3r3, Pik3r5, Pik3r6, Pikfyve, Pim1, Pim2, Pim3, Pin1, Pin1rt1, Pink1, Pinx1, Pip5kl1, Pja1, Pja2, Pkd1, Pkdcc, Pkia, Pkib, Pkig, Pkn1, Pkn2, Pla2g6, Plaa, Plaur, Plcg2, Plec, Plk1, Plk2, Plk4, Plod1, Plod2, Plod3, Plpp3, Plpp6, Plxnb2, Pml, Pmm1, Pmm2, Pnkp, Pofut1, Pofut2, Poglut1, Poglut2, Poglut3, Pomgnt1, Pomgnt2, Pomk, Pomt1, Pomt2, Porcn, Pparg, Ppargc1a, Ppef2, Ppia, Ppib, Ppic, Ppid, Ppie, Ppif, Ppig, Ppih, Ppihl, Ppil1, Ppil2, Ppm1a, Ppm1b, Ppm1d, Ppm1e, Ppm1f, Ppm1g, Ppm1j, Ppm1m, Ppme1, Ppp1ca, Ppp1cb, Ppp1cc, Ppp1r11, Ppp1r12a, Ppp1r15a, Ppp1r15b, Ppp1r9b, Ppp2ca, Ppp2r1a, Ppp2r2a, Ppp2r3c, Ppp2r3d, Ppp2r5a, Ppp2r5b, Ppp2r5d, Ppp3ca, Ppp3cb, Ppp3cc, Ppp3r1, Ppp4c, Ppp4r3a, Ppp4r3b, Ppp5c, Ppp6c, Ppt1, Pptc7, Ppwd1, Prdm1, Prdm12, Prdx3, Prdx4, Prex1, Prex2, Prickle1, Prkaa1, Prkaa2, Prkab1, Prkaca, Prkacb, Prkag1, Prkag2, Prkar1a, Prkar1b, Prkca, Prkcb, Prkcd, Prkce, Prkcg, Prkch, Prkci, Prkcq, Prkcz, Prkd1, Prkd2, Prkdc, Prkg1, Prkg2, Prkn, Prkra, Prkrip1, Prkx, Prlr, Prmt1, Prmt3, Prmt5, Prmt6, Prmt7, Prmt8, Prnp, Prom2, Prox1, Prpf19, Prr5, Prr5l, Prrt1, Psen1, Psen2, Pskh1, Psmd10, Psmd14, Psrc1, Pten, Ptger3, Ptger4, Ptgis, Ptgs2, Ptk2, Ptk2b, Ptk6, Ptpn1, Ptpn11, Ptpn12, Ptpn13, Ptpn2, Ptpn22, Ptpn3, Ptpn4, Ptpn5, Ptpn6, Ptpn7, Ptpn9, Ptpra, Ptprb, Ptprc, Ptprf, Ptprh, Ptprj, Ptprk, Ptprm, Ptpro, Ptprr, Ptprs, Ptprt, Ptpru, Ptprv, Ptprz1, Pttg1ip, Pxn, Pycard, Qars1, Qpct, Qpctl, Rab3b, Rab3d, Rab3gap1, Rab3gap2, Rab40b, Rab40c, Rab6a, Rabgef1, Rabggta, Rabggtb, Rabl3, Rac1, Rack1, Rad18, Rad50, Rad51, Raf1, Rag1, Ralb, Ralbp1, Ramp1, Ranbp2, Rangap1, Rap1a, Rap2a, Rap2b, Rap2c, Rapgef2, Rapgef3, Rara, Rarres2, Rasa1, Rasd2, Rasgrp1, Rasip1, Rassf1, Rassf2, Rassf5, Rb1, Rb1cc1, Rbbp6, Rbck1, Rbx1, Rbx1-ps, Rc3h1, Rc3h2, Rchy1, Reg1, Reg3b, Rela, Reln, Ret, Rffl, Rft1, Rfwd3, Rgcc, Rgma, Rgn, Rgs14, Rgs2, Rhbdd1, Rho, Rhoa, Rictor, Rimkla, Rimklb, Ring1, Riok2, Riox1, Ripk1, Ripk2, Ripk3, Rit2, Rlig1, Rlim, Rmnd5a, Rnf10, Rnf103, Rnf11, Rnf111, Rnf112, Rnf113a1, Rnf113a2, Rnf114, Rnf115, Rnf121, Rnf122, Rnf123, Rnf125, Rnf126, Rnf128, Rnf13, Rnf130, Rnf133, Rnf135, Rnf138, Rnf138rt1, Rnf139, Rnf14, Rnf141, Rnf144a, Rnf144b, Rnf146, Rnf149, Rnf152, Rnf157, Rnf166, Rnf167, Rnf168, Rnf169, Rnf170, Rnf180, Rnf181, Rnf182, Rnf183, Rnf185, Rnf186, Rnf187, Rnf19a, Rnf19b, Rnf2, Rnf20, Rnf208, Rnf212, Rnf212b, Rnf213, Rnf216, Rnf217, Rnf220, Rnf223, Rnf225, Rnf227, Rnf25, Rnf26, Rnf26rt, Rnf31, Rnf34, Rnf38, Rnf4, Rnf40, Rnf41, Rnf43, Rnf44, Rnf5, Rnf6, Rnf7, Rnf7l, Rnf8, Rnft1, Robo1, Rock1, Rock2, Ropn1, Ropn1l, Rorc, Ros1, Rpgr, Rpl11, Rpl23, Rpl5, Rpn1, Rpn2, Rps2, Rps23rg1, Rps27a, Rps3, Rps6ka1, Rps6ka2, Rps6ka4, Rps6ka5, Rps6kb1, Rps6kb2, Rps7, Rptor, Rspo1, Rsrc1, Rtraf, Runx3, Rusc1, Rwdd3, Rxylt1, S100a8, S100a9, S1pr2, Saa3, Sae1, Samsn1, Sash1, Sde2, Sdhaf2, Sec1, Selenok, Selenoo, Sema4d, Sema7a, Semp2l1, Semp2l2a, Semp2l2b, Senp1, Senp2, Senp3, Senp5, Senp6, Senp7, Senp8, Septin4, Serpina1a, Serpina1b, Sesn2, Setd2, Setd3, Setd6, Setd7, Sez6, Sez6l, Sez6l2, Sfn, Sfrp1, Sfrp2, Sfrp5, Sgf29, Sgk1, Sh2d1b1, Sh2d1b2, Sh3bp5, Sh3gl2, Sh3rf1, Sh3rf2, Sh3rf3, Sharpin, Shb, Shh, Shmt2, Shprh, Siah1a, Siah1b, Siah2, Sik1, Sik2, Sik3, Sirt1, Sirt2, Sirt3, Sirt4, Sirt5, Sirt6, Sirt7, Skp1, Skp2, Slc11a1, Slc12a3, Slc1a1, Slc35b2, Slc35b3, Slc35c1, Slc35c2, Slc39a8, Slc4a10, Slc51b, Slc8a1, Slc8a2, Slc8a3, Slco3a1, Slfn1, Slit2, Slk, Smad1, Smad2, Smad5, Smad7, Smad9, Smc5, Smg1, Smg8, Smo, Smok1, Smok2b, Smpd1, Smpd3, Smtnl1, Smurf1, Smurf2, Smyd2, Smyd3, Snca, Snhg20, Snrk, Snrpb, Snrpd3, Snta1, Snx9, Socs1, Socs2, Socs3, Socs4, Socs5, Socs6, Socs7, Sod1, Sox4, Sox9, Spag9, Spata2, Spatc1l, Spdya, Spdye4a, Sphk1, Spink1, Spn, Spop, Spopl, Spred1, Spred2, Sprr1a, Sprtn, Spry1, Spry2, Spry4, Spsb1, Spsb2, Spsb3, Spsb4, Sptbn4, Sqstm1, Src, Srcin1, Srd5a3, Srms, Srpk1, Srpk2, Srpk3, Ssh1, Ssh2, St3gal1, St3gal2, St3gal3, St3gal4, St3gal5, St3gal6, St6gal1, St6gal2, St6galnac1, St6galnac2, St6galnac3, St6galnac4, St6galnac5, St6galnac6, St8sia1, St8sia2, St8sia3, St8sia4, St8sia5, St8sia6, Stambp, Stambpl1, Stat2, Stat4, Stat5a, Stfa1, Stfa2, Stfa2l1, Stfa3, Stil, Stk10, Stk11, Stk16, Stk17b, Stk24, Stk25, Stk26, Stk3, Stk31, Stk33, Stk38, Stk38l, Stk39, Stk4, Stox1, Strada, Stradb, Stt3a, Stt3b, Stub1, Stx1a, Sumf1, Sumf2, Sumo1, Sumo2, Sumo3, Suz12, Svbp, Svip, Syap1, Syk, Synpo2, Syvn1, Tab1, Tab2, Tada2a, Tada3, Taf7, Tank, Taok1, Taok3, Tardbp, Tbc1d24, Tbc1d7, Tbk1, Tbx1, Tcf25, Tcim, Tcl1, Tcrb, Tead1, Tek, Tenm1, Terf2ip, Tes3-ps, Tesk1, Tesk2, Tet1, Tet2, Tet3, Tfap4, Tfrc, Tgfa, Tgfb1, Tgfb2, Tgfbr1, Tgfbr2, Tgm1, Tgm2, Tgm3, Thbs1, Thbs4, Thpo, Thy1, Ticam1, Timm50, Tirap, Tlk1, Tlk2, Tlr1, Tlr2, Tlr3, Tlr4, Tlr6, Tlr7, Tlr8, Tlr9, Tm9sf5, Tmed2, Tmem102, Tmem119, Tmem129, Tmem165, Tmem258, Tmem260, Tmem59, Tmtc1, Tmtc2, Tmtc3, Tmtc4, Tnf, Tnfaip1, Tnfaip3, Tnfrsf11a, Tnfrsf14, Tnfrsf18, Tnfrsf1a, Tnfrsf4, Tnfsf11, Tnfsf18, Tnik, Tnip1, Tnk1, Tnk2, Tnks, Tnks1bp1, Tnks2, Tns2, Tollip, Tom1l1, Top1, Topors, Toporsl, Tor1a, Tpd52l1, Tpgs1, Tppp, Tpst1, Tpst2, Tpx2, Trabd2b, Traf2, Traf3ip1, Traf3ip2, Traf4, Traf6, Traf7, Traip, Trak2, Trem2, Trib1, Trib2, Trib3, Trim11, Trim12a, Trim12c, Trim13, Trim17, Trim2, Trim21, Trim23, Trim24, Trim25, Trim26, Trim27, Trim28, Trim3, Trim30a, Trim30b, Trim30c, Trim30d, Trim31, Trim32, Trim33, Trim34a, Trim34b, Trim35, Trim37, Trim38, Trim39, Trim40, Trim41, Trim44, Trim45, Trim47, Trim5, Trim52, Trim55, Trim56, Trim58, Trim59, Trim6, Trim62, Trim63, Trim65, Trim68, Trim69, Trim7, Trim71, Trim8, Trim9, Triml1, Trip11, Trip12, Trmt112, Trp53, Trp53rka, Trp53rkb, Trpc4ap, Trpc5, Trpc6, Trpm4, Trpm7, Trpt1, Tsacc, Tsc1, Tsc2, Tsg101, Tspan9, Tspo, Tspyl2, Tspyl5, Tssk1, Tssk2, Tssk3, Tssk4, Tssk5, Tssk6, Ttbk1, Ttbk2, Ttc3, Ttc36, Ttk, Ttl, Ttll1, Ttll10, Ttll11, Ttll12, Ttll13, Ttll2, Ttll3, Ttll4, Ttll5, Ttll6, Ttll7, Ttll8, Ttll9, Tulp4, Tusc3, Txk, Txn1, Tyro3, U2af2, Uba1, Uba1y, Uba2, Uba3, Uba5, Uba52, Uba6, Uba7, Ubac1, Ubash3b, Ubb, Ubc, Ubd, Ube2a, Ube2b, Ube2c, Ube2d1, Ube2d2a, Ube2d2b, Ube2d3, Ube2d4, Ube2dnl1, Ube2dnl2, Ube2e1, Ube2e2, Ube2e3, Ube2f, Ube2frt, Ube2g1, Ube2g2, Ube2h, Ube2i, Ube2j1, Ube2j2, Ube2k, Ube2l3, Ube2l6, Ube2m, Ube2n, Ube2o, Ube2q1, Ube2q2, Ube2q2l, Ube2ql1, Ube2r2, Ube2s, Ube2srt, Ube2t, Ube2u, Ube2v1, Ube2v2, Ube2w, Ube2z, Ube3a, Ube3b, Ube3c, Ube3d, Ube4a, Ube4b, Ubl5, Ubl5b, Ubox5, Ubqln1, Ubr1, Ubr2, Ubr3, Ubr4, Ubr5, Ubr7, Ubxn1, Ubxn2a, Uchl1, Uchl3, Uchl4, Uchl5, Ucn, Uevld, Ufc1, Ufl1, Ufm1, Ugcg, Uggt1, Uggt2, Uhmk1, Uhrf1, Uhrf2, Ulk1, Ulk2, Ulk3, Ulk4, Umod, Unc119, Unkl, Urm1, Usp1, Usp10, Usp11, Usp12, Usp13, Usp14, Usp15, Usp16, Usp17la, Usp17lb, Usp17lc, Usp17ld, Usp17le, Usp18, Usp19, Usp2, Usp20, Usp21, Usp22, Usp24, Usp25, Usp26, Usp27x, Usp28, Usp29, Usp3, Usp30, Usp32, Usp33, Usp34, Usp36, Usp37, Usp38, Usp39, Usp4, Usp40, Usp42, Usp43, Usp44, Usp45, Usp46, Usp47, Usp48, Usp49, Usp5, Usp50, Usp51, Usp54, Usp7, Usp8, Usp9x, Usp9y, Uspl1, Uvrag, Uvssa, Vangl2, Vcp, Vcpip1, Vcpkmt, Vegfa, Vegfb, Vegfc, Vhl, Vipas39, Vkorc1, Vkorc1l1, Vldlr, Vps11, Vps18, Vps25, Vps28, Vps33b, Vrk1, Vrk2, Vtn, Wars1, Washc1, Wbp1l, Wdfy2, Wdr24, Wdr45, Wdr45b, Wdr48, Wdr5, Wdr59, Wdr77, Wdsub1, Wdtc1, Wee1, Wee2, Wfs1, Wipi1, Wipi2, Wnk1, Wnk2, Wnk3, Wnk4, Wnt1, Wnt11, Wnt3a, Wnt5a, Wnt9b, Wsb1, Wsb2, Wwp1, Wwp2, Wwtr1, Xbp1, Xdh, Xiap, Xrcc5, Xrcc6, Xxylt1, Yeats2, Yes1, Yod1, Ywhaz, Zap70, Zbed3, Zc3h12a, Zc3hc1, Zc4h2, Zdhhc1, Zdhhc11, Zdhhc12, Zdhhc14, Zdhhc15, Zdhhc16, Zdhhc17, Zdhhc18, Zdhhc19, Zdhhc2, Zdhhc20, Zdhhc21, Zdhhc22, Zdhhc23, Zdhhc3, Zdhhc5, Zdhhc6, Zdhhc7, Zdhhc8, Zdhhc9, Zeb2, Zfp418, Zfp451, Zfp592, Zfp598, Zfp91, Zfyve28, Zgpat, Zmiz1, Zmiz2, Znrf1, Znrf2, Znrf3, Znrf4, Zranb1, Zswim2, Zswim8, Zzef1, Zzz3
GO:0009893	positive regulation of metabolic process	3775	86	54.99	1.4e-05	0.0035445245901639345	4930402K13Rik, 4930480E11Rik, 4931414P19Rik, 6030468B19Rik, a, A1cf, Aadac, Aamdc, Aatf, Abat, Abca2, Abcb10, Abcb7, Abcc8, Abcd1, Abcd2, Abcf1, Abcg1, Abcg4, Abhd14b, Abhd5, Abhd6, Abi1, Abi2, Abi3, Abl1, Abl2, Ablim1, Ablim2, Ablim3, Abra, Abraxas1, Acadl, Acd, Ace, Ache, Acod1, Acsl1, Acsl3, Acsl5, Acss2, Acta1, Acta2, Actb, Actc1, Actg1, Actg2, Actl6a, Actl6b, Actn1, Actn2, Actn3, Actn4, Actr2, Actr3, Actr5, Actr6, Actr8, Acvr1, Acvr1b, Acvr2a, Acvrl1, Adam17, Adam19, Adam2, Adam3, Adam8, Adam9, Adar, Adarb1, Adcy10, Adcy8, Adcyap1, Adcyap1r1, Adgrb1, Adgrf5, Adipoq, Adipor1, Adipor2, Adm2, Adnp, Adora1, Adora2b, Adra1b, Adra2a, Adra2b, Adra2c, Adrb1, Adrb2, Adrb3, Adtrp, Afap1l2, Afdn, Aff1, Agap2, Agbl4, Ager, Ago1, Ago2, Ago3, Agpat1, Agpat2, Agr2, Agrn, Agt, Agtpbp1, Agtr1a, Agtr1b, Agtr2, Agxt2, Ahi1, Ahr, Ahrr, Aicda, Aif1, Aim2, Aimp2, Aire, Ajuba, Akap11, Akap12, Akap5, Akap6, Akap8l, Akap9, Akirin1, Akirin2, Akna, Akr1c18, Akt1, Akt2, Aktip, Aldh1a2, Alkbh1, Alkbh4, Alkbh5, Alms1, Alox12, Alox12b, Alox8, Alpl, Als2, Alx1, Alx4, Ambra1, Amer1, Amh, Ang, Ang2, Ang3, Ang4, Ang5, Ang6, Angel2, Angpt1, Angpt4, Angptl3, Angptl4, Angptl8, Ank2, Ank3, Ankrd1, Ankrd23, Ankrd31, Ankrd42, Ankrd49, Ankrd66, Antxr1, Anxa1, Anxa2, Anxa3, Ap3b1, Ap3d1, Apbb1, Apbb2, Apc, Apex1, Aph1a, Aph1b, Aph1c, Apln, Aplnr, Apoa1, Apoa2, Apoa4, Apoa5, Apob, Apobec1, Apobec2, Apoc2, Apoc2l, Apoc3, Apoe, Apoh, App, Appl1, Appl2, Ar, Araf, Arap1, Areg, Arf4, Arfgef2, Arglu1, Arhgef11, Arhgef2, Arhgef5, Arid1a, Arid1b, Arid2, Arid3a, Arid3b, Arid3c, Arid4a, Arid4b, Arid5a, Arid5b, Arl2bp, Armcx3, Arnt, Arnt2, Arpp19, Arrb1, Arrb2, Arrdc3, Arrdc4, Arx, Asb11, Asb5, Asb9, Ascl1, Ascl2, Ascl3, Ascl5, Ash1l, Ash2l, Asl, Asph, Aspscr1, Ass1, Astl, Asxl1, Asxl2, Asxl3, Atad2, Atad2b, Atad5, Atf1, Atf1-ps, Atf2, Atf3, Atf4, Atf5, Atf6, Atf6b, Atf7, Atf7ip, Atg10, Atg101, Atg13, Atg14, Atg16l1, Atg2a, Atg4b, Atg7, Atm, Atmin, Atn1, Atoh1, Atoh7, Atoh8, Atp13a2, Atp5if1, Atp6ap2, Atp7a, Atr, Atrx, Atxn1, Atxn3, Atxn7, Atxn7l3, Aurka, Aurkaip1, Aurkb, Auts2, Avp, Avpr1a, Avpr1b, Avpr2, Axin1, Axin2, Aym1, B2m, Babam1, Babam2, Bach1, Bad, Bag2, Bag3, Bag4, Bag6, Bak1, Bambi, Bank1, Banp, Barhl1, Barhl2, Barx2, Batf, Bax, Baz1a, Baz1b, Bbs7, Bcap31, Bcar3, Bcas3, Bcdin3d, Bcl10, Bcl11a, Bcl11b, Bcl2, Bcl2l1, Bcl2l11, Bcl2l12, Bcl3, Bcl7a, Bcl7b, Bcl7c, Bcl9, Bcl9l, Bclaf1, Bclaf3, Bdnf, Becn1, Bend3, Bex2, Bhlha15, Bhlhe22, Bhlhe23, Bicra, Bicral, Bid, Birc2, Birc3, Birc5, Birc7, Blm, Blnk, Bloc1s2, Bmal1, Bmal2, Bmi1, Bmp10, Bmp15, Bmp2, Bmp3, Bmp4, Bmp5, Bmp6, Bmp7, Bmpr1a, Bmpr1b, Bmpr2, Bmyc, Bnc1, Bnip3, Bnip3l, Boll, Bptf, Braf, Brat1, Brca1, Brca2, Brcc3, Brcc3dc, Brd3, Brd4, Brd7, Brd8, Brdt, Brf1, Brms1, Brpf1, Brpf3, Bscl2, Bsg, Bsx, Btbd18, Btg2, Btk, Btnl2, Btrc, Bud23, Bud31, C1qbp, C1qtnf1, C1qtnf2, C1qtnf3, C1qtnf4, C1qtnf9, C3, C3ar1, C4bp, C5ar1, C9orf72, Cab39, Cacul1, Cacybp, Cadm1, Calcoco1, Calcoco2, Calcr, Calr, Camk1, Camk1d, Camk2d, Camk4, Camkk2, Camp, Camta1, Camta2, Cand1, Capn2, Capn3, Caprin1, Caprin2, Card10, Card11, Card14, Card9, Carf, Carm1, Carmil2, Cartpt, Cask, Casp1, Casp3, Casp4, Casp8, Casr, Cass4, Casz1, Cav1, Cav2, Cavin2, Cavin4, Cbfa2t3, Cbfb, Cblb, Cbr1, Cbr1b, Cbx7, Cbx8, Ccar1, Ccbe1, Ccdc117, Ccdc22, Ccdc3, Ccdc62, Ccdc88a, Ccdc88b, Cck, Ccl1, Ccl19, Ccl19-ps1, Ccl19-ps3, Ccl19-ps4, Ccl19-ps5, Ccl19-ps6, Ccl2, Ccl20, Ccl21a, Ccl3, Ccl4, Ccl5, Ccm2l, Ccn1, Ccn2, Ccna2, Ccnb1, Ccnb1-ps, Ccnc, Ccnd1, Ccnd2, Ccnd3, Ccnk, Ccnt1, Ccnt2, Ccny, Ccpg1, Ccr2, Ccr5, Ccr7, Cct2, Cct3, Cct4, Cct5, Cct6a, Cct7, Cct8, Cd14, Cd160, Cd177, Cd1d1, Cd1d2, Cd2, Cd200, Cd209b, Cd209d, Cd226, Cd244a, Cd24a, Cd27, Cd274, Cd276, Cd28, Cd300c2, Cd300ld3, Cd34, Cd36, Cd37, Cd38, Cd3e, Cd4, Cd40, Cd40lg, Cd44, Cd46, Cd55, Cd55b, Cd6, Cd74, Cd80, Cd81, Cd83, Cd84, Cd86, Cdc14b, Cdc20, Cdc20b, Cdc25b, Cdc37, Cdc42, Cdc5l, Cdc5lrt1, Cdc5lrt10, Cdc5lrt4, Cdc5lrt5, Cdc5lrt6, Cdc5lrt7, Cdc5lrt8, Cdc5lrt9, Cdc7, Cdc73, Cdh1, Cdh13, Cdh3, Cdh5, Cdk1, Cdk12, Cdk13, Cdk16, Cdk2, Cdk2ap1, Cdk2ap1rt, Cdk4, Cdk5, Cdk5r1, Cdk5r2, Cdk5rap1, Cdk5rap2, Cdk5rap3, Cdk6, Cdk7, Cdk8, Cdk9, Cdkn1a, Cdkn1b, Cdkn1c, Cdkn2a, Cdon, Cdt1, Cdx1, Cdx2, Cdx4, Ceacam1, Ceacam20, Cebpa, Cebpb, Cebpd, Cebpe, Cebpg, Cebpz, Cela1, Celf1, Celf3, Celf4, Cemip, Cenpe, Cenpk, Cep290, Cep295, Cers1, Ces1a, Ces1b, Ces1c, Ces1d, Ces1e, Ces1f, Ces1g, Ces1h, Cfl1, Cga, Cgas, Chchd2, Chchd2-ps, Chchd4, Chd4, Chd6, Chd7, Chd8, Chek2, Chfr, Chga, Chi3l1, Chia1, Chil3, Chil4, Chil5, Chil6, Chp1, Chp2, Chrna3, Chrna7, Chtf18, Chtf8, Chuk, Churc1, Cib1, Ciita, Cimap3, Cir1, Cirbp, Cited1, Cited2, Cited4, Ciz1, Ckap2, Clcf1, Clcn3, Cldn13, Cldn19, Cldn3, Cldn4, Cldn5, Clec12a, Clec16a, Clec3b, Clec4e, Clec4n, Clec5a, Clec7a, Clec9a, Clip3, Cln3, Cln6, Clnk, Clns1a, Clock, Clspn, Clstn3, Clu, Clybl, Cmklr1, Cnbp, Cnep1r1, Cnn2, Cnot1, Cnot2, Cnot3, Cnot6, Cnot6l, Cnot7, Cnot8, Cnot9, Cntf, Cntn1, Cntn2, Coa3, Col1a1, Commd1, Comt, Cop1, Cops5, Cops8, Coq7, Cpap, Cpeb1, Cpeb3, Cpt1a, Cpt2, Creb1, Creb3, Creb3l1, Creb3l2, Creb3l3, Creb3l4, Creb5, Crebbp, Crebl2, Crebrf, Crebzf, Crem, Crh, Crhr2, Cripto, Crkl, Crlf1, Crlf2, Crlf3, Crnde, Crp, Crtam, Crtc1, Crtc2, Crtc3, Crx, Cry1, Cryaa, Csde1, Csf1, Csf1r, Csf2, Csf3, Csnk1a1, Csnk1d, Csnk1e, Csnk2a1, Cspg4, Csrnp1, Csrnp2, Csrnp3, Csrp3, Cst3, Ctbp2, Ctc1, Ctcf, Ctcfl, Ctdnep1, Ctf1, Ctnnb1, Ctnnd1, Ctns, Ctr9, Ctsc, Ctsh, Cul3, Cul4a, Cul4b, Cux2, Cx3cl1, Cx3cr1, Cxcl1, Cxcl17, Cxcr3, Cxcr4, Cxxc1, Cyba, Cybb, Cyfip2, Cyp17a1, Cyp1b1, Cyp26b1, Cyp2j6, Cyp3a13, Cyp7a1, Cyren, Cyrib, Cys1, Cytl1, D1Pas1, Dab1, Dab2, Dab2ip, Dact1, Daglb, Dapk1, Daxx, Dazap1, Dazl, Dbf4, Dbh, Dbi, Dbp, Dcaf1, Dcaf6, Dcn, Dcp1a, Dcp1b, Dcp2, Dcps, Dcun1d1, Dcun1d2, Dcun1d3, Dcun1d4, Dcun1d5, Dcxr, Dda1, Ddah1, Ddb1, Ddit3, Ddn, Ddr2, Ddrgk1, Ddx1, Ddx11, Ddx17, Ddx21, Ddx39b, Ddx3x, Ddx41, Ddx5, Deaf1, Decr1, Defb25, Dek, Dele1, Dennd1b, Depdc5, Deptor, Derl1, Det1, Dgat1, Dgat2, Dgcr8, Dgkq, Dhrsx, Dhx29, Dhx33, Dhx34, Dhx36, Dhx58, Dhx9, Dicer1, Dimt1, Dio2, Dip2a, Dip2b, Dis3l2, Disc1, Disp3, Dkc1, Dkk1, Dlg1, Dlk1, Dll1, Dll4, Dlx1, Dlx2, Dlx3, Dlx5, Dlx6os1, Dmap1, Dmrt1, Dmrt2, Dmtf1, Dna2, Dnaja3, Dnaja4, Dnajb2, Dnajb9, Dnajc2, Dnajc3, Dnd1, Dnm2, Dnmt1, Dnmt3b, Dnmt3l, Dock7, Dok7, Dot1l, Dpf1, Dpf2, Dpf3, Dpy30, Drd1, Drd2, Drd3, Drd4, Drosha, Dscam, Dscc1, Dstyk, Dtl, Dtnbp1, Dtx3l, Duoxa1, Duoxa2, Dusp19, Dvl1, Dvl2, Dvl3, Dxo, Dynap, Dynapl1, Dync1h1, Dyrk1a, Dyrk1b, Dyrk2, E2f1, E2f2, E2f3, E2f4, E2f5, E2f7, E2f8, E330034G19Rik, E4f1, Eaf1, Eaf2, Eapp, Ebf1, Ebf2, Ebf3, Ebf4, Ecd, Ece1, Ecscr, Ect2, Eda, Edar, Edf1, Edn1, Edn3, Ednra, Ednrb, Edrf1, Eed, Eef1a2, Eef1d, Eef2, Efcab7, Efna1, Efna3, Efna5, Egf, Egfr, Egln1, Egln2, Egr1, Egr2, Egr3, Egr4, Ehd4, Ehf, Ehmt1, Eif1, Eif2a, Eif2ak1, Eif2ak2, Eif2ak3, Eif2ak4, Eif2b5, Eif3d, Eif3e, Eif4a1, Eif4a3, Eif4a3l1, Eif4a3l2, Eif4enif1, Eif4g1, Eif4g2, Eif4g3, Eif5a, Eif5a2, Eif6, Elane, Elapor1, Elavl1, Elavl4, Elf1, Elf2, Elf3, Elf4, Elf5, Elk1, Elk3, Elk4, Ell, Ell2, Ell3, Elob, Eloc, Elovl3, Elovl5, Elovl6, Emilin1, Emp2, En1, En2, Endog, Eng, Eno1, Eno1b, Enpp2, Enpp7, Eny2, Eomes, Ep300, Ep400, Epas1, Epb41l4b, Epc1, Epc2, Epcam, Epha4, Epha7, Ephb2, Ephx2, Epm2a, Epm2aip1, Epo, Eps15, Epx, Erbb2, Erbb3, Erbb4, Ercc1, Ercc2, Ercc6, Ercc8, Ereg, Erg, Ern1, Ern2, Erp29, Esr1, Esr2, Esrra, Esrrb, Esrrg, Etaa1, Ets1, Ets2, Etv1, Etv2, Etv4, Etv5, Etv6, Evx1, Exosc10, Exosc3, Exosc6, Exosc9, Eya1, Eya2, Eya3, Eya4, Ezh1, Ezh2, Ezr, F12, F2, F2r, F2rl1, F3, Fabp1, Fabp3, Fabp4, Fabp5, Fadd, Faf1, Fam107a, Fam161a, Fam168a, Fam170a, Fam20a, Fam47c, Fam47e, Fam76b, Fam98a, Fam98b, Fancb, Fanci, Fancm, Fank1, Fas, Fastkd2, Fastkd3, Faxdc2, Fbh1, Fbln1, Fbln5, Fbn1, Fbxl5, Fbxo11, Fbxo22, Fbxo33, Fbxo4, Fbxo7, Fbxw11, Fbxw7, Fbxw8, Fcer1a, Fcer1g, Fcgr1, Fcgr2b, Fcgr3, Fcna, Fcnb, Fdps, Fermt1, Fev, Fezf1, Fezf2, Ffar2, Ffar3, Ffar4, Fgd2, Fgd4, Fgf1, Fgf10, Fgf15, Fgf18, Fgf2, Fgf21, Fgf23, Fgf4, Fgf7, Fgf8, Fgf9, Fgfr1, Fgfr2, Fgfr3, Fgfr4, Fgr, Fh1, Fhl5, Fhod1, Figla, Fiz1, Flcn, Fli1, Flot1, Flt1, Flt3, Flt3l, Flt4, Fmn2, Fmr1, Fn1, Fndc1, Fnip1, Fnip2, Fnta, Fos, Fosb, Fosl1, Fosl2, Foxa1, Foxa2, Foxa3, Foxc1, Foxc2, Foxd1, Foxd2, Foxd3, Foxe1, Foxf1, Foxf2, Foxh1, Foxi1, Foxj1, Foxj2, Foxj3, Foxk1, Foxk2, Foxl2, Foxm1, Foxn1, Foxn4, Foxo1, Foxo3, Foxo4, Foxp1, Foxp3, Foxr1, Fpr2, Frmd8, Fshb, Fstl3, Fto, Ftx, Fubp1, Fubp3, Fus, Fuz, Fxr1, Fxr2, Fyco1, Fyn, Fzd1, Fzd2, Fzd4, Fzd5, Fzd7, Fzd8, Fzr1, G0s2, G3bp1, Gab1, Gabarap, Gabpa, Gabpb1, Gabpb2, Gadd45a, Gadd45g, Gal, Galr1, Galr2, Galr3, Gapdh, Gapdh-ps15, Gapdhrt, Gapdhrt2, Gapdhs, Garin5a, Gas6, Gata1, Gata2, Gata3, Gata4, Gata5, Gata6, Gatad2a, Gatad2b, Gatm, Gba1, Gbp5, Gbx2, Gcg, Gcgr, Gch1, Gck, Gclc, Gcm1, Gcm2, Gdf15, Gdf2, Gdf6, Gdf7, Gdnf, Gfer, Gfra1, Gga1, Gga3, Gh, Ghrh, Ghrl, Ghsr, Gigyf2, Gimap3, Gimap5, Gipc1, Git1, Gja1, Gjc2, Gli1, Gli2, Gli3, Glis1, Glis2, Glis3, Glmn, Glmp, Glp1r, Glyr1, Gm7324, Gmeb1, Gmeb2, Gnai1, Gnai2, Gnai3, Gnas, Gnl3, Golga2, Gpam, Gpatch3, Gpbp1, Gpbp1l1, Gpc3, Gpd1, Gper1, Gpi1, Gpld1, Gpnmb, Gpr3, Gpr37, Gpr39, Gprc5b, Gps2, Gpsm1, Gpsm3, Gpt, Grb10, Grb2, Grem1, Grhl1, Grhl2, Grhl3, Gria1, Grin1, Grk1, Grk2, Grk3, Grn, Grsf1, Gsap, Gsdma3, Gsdmd, Gsk3a, Gsk3b, Gsn, Gstp1, Gsx1, Gtf2a1, Gtf2a2, Gtf2f1, Gtf2f2, Gtf2h1, Gtf2i, Gtpbp1, Gtsf1, Guf1, H2-M3, H2-Q9, H2-T23, H2az1, H60a, Habp4, Hadh, Hamp, Hamp2, Hand1, Hand2, Hand2os1, Has2, Has3, Havcr2, Hax1, Hbegf, Hc, Hcfc1, Hcls1, Hcrt, Hdac1, Hdac10, Hdac2, Hdac3, Hdac4, Hdac5, Hdac6, Hdgf, Hdgfl2, Heatr1, Heg1, Helq, Helt, Helz2, Herpud1, Hes1, Hes3, Hes5, Hexb, Hey1, Hey2, Heyl, Hfe, Hgf, Hgs, Hhex, Hif1a, Hif3a, Higd1a, Hilpda, Hinfp, Hipk2, Hivep1, Hivep2, Hivep3, Hjv, Hk1, Hk2, Hlf, Hltf, Hmbox1, Hmces, Hmga1, Hmga1b, Hmga2, Hmgb1, Hmgb2, Hmgn3, Hmgn5, Hmox1, Hmx2, Hnf1a, Hnf1b, Hnf4a, Hnf4g, Hnrnpa0, Hnrnpa1, Hnrnpa2b1, Hnrnpab, Hnrnpc, Hnrnpd, Hnrnpk, Hnrnpll, Hnrnpr, Hnrnpu, Hoxa1, Hoxa10, Hoxa11, Hoxa13, Hoxa2, Hoxa4, Hoxa5, Hoxa7, Hoxa9, Hoxb1, Hoxb2, Hoxb3, Hoxb4, Hoxb5, Hoxb7, Hoxb9, Hoxc10, Hoxc11, Hoxc13, Hoxc4, Hoxd10, Hoxd13, Hoxd3, Hoxd4, Hoxd8, Hoxd9, Hpn, Hprt1, Hpse, Hpx, Hras, Hrh1, Hsd17b13, Hsf1, Hsf2, Hsf3, Hsf5, Hsp90aa1, Hsp90ab1, Hspa1a, Hspa1b, Hspa2, Hspa5, Hspa8, Hspb1, Hspb8, Hspbp1, Hspd1, Hsph1, Htatip2, Htr2a, Htr2b, Htr2c, Htt, Huwe1, Hvcn1, Hyal2, Iapp, Icam1, Ice1, Ice2, Icosl, Id1, Id2, Id3, Id4, Ido1, Idua, Ier2, Ier3, Ier5, Ifi203, Ifi203-ps, Ifi206, Ifi207, Ifi208, Ifi209, Ifi213, Ifi214, Ifih1, Ifna, Ifnar1, Ifnb1, Ifng, Ifngr1, Ifnlr1, Ifrd1, Ift74, Igbp1, Igf1, Igf1r, Igf2, Igf2bp1, Igf2bp2, Igf2bp3, Igfbp3, Igh-7, Ighd, Ighm, Igtp, Ihh, Ikbkb, Ikbke, Ikbkg, Ikzf1, Ikzf2, Ikzf3, Ikzf4, Il10, Il10rb, Il11, Il12a, Il12b, Il12rb1, Il12rb2, Il13, Il13ra1, Il15, Il16, Il17a, Il17b, Il17c, Il17d, Il17f, Il17ra, Il17rb, Il17rc, Il18, Il18r1, Il1a, Il1b, Il1r1, Il1rap, Il1rl1, Il1rl2, Il2, Il20rb, Il21, Il22, Il23a, Il23r, Il24, Il25, Il27, Il27ra, Il2rg, Il3, Il31ra, Il33, Il34, Il36a, Il36b, Il36g, Il4, Il4i1, Il4i1b, Il4ra, Il5, Il6, Il6ra, Il6st, Il7, Il7r, Il9, Ilf2, Ilf3, Ilk, Inava, Ing1, Ing2, Ing3, Ing4, Inhba, Ino80, Ino80b, Ino80c, Ino80d, Ino80e, Inpp5f, Inpp5k, Ins1, Ins2, Insr, Ip6k2, Ippk, Iqce, Iqgap1, Iqgap3, Irak1, Irak3, Irf1, Irf2, Irf2bpl, Irf3, Irf4, Irf5, Irf6, Irf7, Irf8, Irf9, Irgm1, Irgm2, Irs1, Irs2, Irx1, Irx3, Irx4, Irx6, Iscu, Isg15, Isl1, Isl2, Ist1, Itch, Itga2, Itga3, Itga5, Itga6, Itga8, Itgam, Itgax, Itgb1, Itgb1bp1, Itgb2, Itgb2l, Itgb3, Itgb8, Itk, Itln1, Itlnb, Jade1, Jag1, Jak2, Jak3, Jchain, Jmjd4, Jmjd6, Jmy, Jpx, Jtb, Jun, Junb, Jund, Jup, Kansl1, Kansl2, Kansl3, Kars1, Kat2a, Kat2b, Kat5, Kat6a, Kat6b, Kat7, Kat8, Kcne2, Kcnh2, Kctd13, Kctd20, Kdm1a, Kdm1b, Kdm2a, Kdm3a, Kdm4a, Kdm4c, Kdm4d, Kdm5a, Kdm5b, Kdm6a, Kdm6b, Kdm7a, Kdm8, Kdr, Khdc3, Khdrbs1, Khdrbs3, Khsrp, Kif14, Kif1b, Kit, Kitl, Klf1, Klf10, Klf12, Klf13, Klf14, Klf15, Klf2, Klf4, Klf5, Klf6, Klf7, Klf9, Klhl25, Klhl40, Klk5, Klk7, Klre1, Klrh1, Klrk1, Kmt2a, Kmt2b, Kmt2c, Kmt2d, Kmt2e, Kmt5b, Kmt5c, Kndc1, Kpna2, Kpna2rt, Kpna6, Kpna7, Kras, Krt17, Ksr2, L3mbtl3, Lacc1, Lamp3, Lamtor5, Laptm5, Larp1, Larp4, Larp4b, Larp6, Larp7, Larp7-ps, Lats1, Lbh, Lbp, Lck, Lcn2, Lcor, Ldb1, Ldb2, Ldlr, Lef1, Leo1, Lep, Lepr, Letmd1, Lgals9, Lhcgr, Lhx1, Lhx2, Lhx3, Lhx4, Lhx5, Lif, Lilra5, Limch1, Limk2, Lims1, Lin28a, Lin28b, Lipt2, Litaf, Lmna, Lmntd2, Lmo1, Lmo2, Lmo3, Lmo4, Lmo7, Lmx1a, Lmx1b, Lpcat1, Lpgat1, Lpin1, Lpin2, Lpin3, Lpl, Lrp1, Lrp3, Lrp4, Lrp5, Lrp6, Lrp8, Lrrc32, Lrrfip2, Lrrk1, Lrrk2, Lrrn3, Lrrtm3, Lrsam1, Lsm1, Lta, Ltb, Ltbp1, Ltf, Lum, Lurap1, Ly9, Ly96, Lyar, Lyl1, Lyn, Macc1, Macroh2a1, Mad2l2, Maf, Mafa, Mafb, Maff, Mafg, Maged1, Magi3, Mak, Malt1, Maml1, Maml2, Maml3, Mamstr, Maob, Map2k1, Map2k2, Map2k3, Map2k4, Map2k5, Map2k6, Map2k7, Map3k1, Map3k10, Map3k11, Map3k12, Map3k13, Map3k4, Map3k5, Map3k7, Map4k2, Mapk1, Mapk11, Mapk13, Mapk14, Mapk15, Mapk3, Mapk7, Mapk8, Mapk8ip3, Mapk9, Mapkap1, Mapkapk2, Mapkapk5, Mapre3, Mapt, Marchf2, Marchf7, Mark1, Mars1, Mas1, Mastl, Mavs, Max, Maz, Mbd2, Mbd3, Mbip, Mbl2, Mbp, Mbtd1, Mbtps2, Mc1r, Mcf2l, Mcidas, Mcoln2, Mcrs1, Mdfic, Mdk, Mdm2, Meaf6, Mecom, Mecp2, Med1, Med10, Med11, Med12, Med12l, Med13, Med14, Med15, Med16, Med17, Med18, Med19, Med20, Med21, Med22, Med23, Med24, Med25, Med26, Med27, Med28, Med29, Med30, Med31, Med4, Med6, Med7, Med8, Med9, Mef2a, Mef2b, Mef2c, Mef2d, Mefv, Meioc, Meis1, Meis2, Meis3, Meltf, Men1, Meox1, Meox2, Mepce, Mesp1, Mesp2, Met, Mettl14, Mettl16, Mettl23, Mettl3, Mettl5, Mettl8, Mex3d, Mfap2, Mfn2, Mfsd2a, Mga, Mgmt, Mical2, Mid1ip1, Mid2, Mif, Mir103-1, Mir103-2, Mir125b-1, Mir125b-2, Mir133a-1, Mir133b, Mir135a-2, Mir143, Mir144, Mir155, Mir18, Mir184, Mir196a-1, Mir196a-2, Mir196b, Mir21a, Mir23a, Mir301, Mir324, Mir3960, Mir451a, Mir451b, Mir452, Mir466d, Mir466l, Mir505, Mir744, Mir7578, Mir98, Mirlet7a-1, Mirlet7a-2, Mitf, Mixl1, Mkrn2, Mkx, Mlh1, Mllt1, Mllt10, Mllt11, Mllt3, Mllt6, Mlst8, Mlx, Mlxip, Mlxipl, Mlycd, Mmd, Mmd2, Mmp12, Mmp14, Mmp8, Mmp9, Mms19, Mndal, Moap1, Mob2, Morf4l1, Morf4l2, Mospd1, Mov10, Mpl, Mprip, Mpv17l2, Mre11a, Mrgbp, Mrnip, Mrpl12, Mrps27, Mrtfa, Mrtfb, Msantd1, Msgn1, Msh2, Msl1, Msl2, Msl3, Msn, Mst1, Mst1r, Mstn, Msx1, Mt3, Mta1, Mta2, Mta3, Mtdh, Mtf1, Mtln, Mtmr9, Mtnap1, Mtor, Mtpn, Muc1, Mul1, Mup1, Mup11, Mup2, Mup3, Mup4, Mup5, Musk, Mustn1, Myb, Mybbp1a, Mybl1, Mybl2, Myc, Mycbp, Mycbp2, Mycn, Mycs, Myd88, Mydgf, Myf5, Myf6, Myh9, Mylip, Mylk2, Myo1c, Myocd, Myod1, Myog, Myom1, Myrf, Myrfl, Mysm1, Myt1, Myt1l, Mzb1, Mzf1, N6amt1, Naa15, Nabp2, Naf1, Naip5, Nampt, Nanog, Nanos1, Nanos2, Nanos3, Nat10, Nat8, Nat8b-ps, Nat8f1, Nat8f7, Nbas, Nbn, Ncbp1, Ncbp2, Nck1, Nck2, Nckap1l, Ncl, Ncoa1, Ncoa2, Ncoa3, Ncoa6, Ncoa7, Ncor2, Ncstn, Ndfip1, Ndfip2, Ndn, Ndp, Ndufa13, Ndufc2, Nedd4, Nedd4l, Nedd9, Nek10, Nek2, Nek4, Nek7, Nelfa, Nelfe, Neurl1a, Neurod1, Neurod2, Neurod4, Neurod6, Neurog1, Neurog2, Neurog3, Nfam1, Nfat5, Nfatc1, Nfatc2, Nfatc2ip, Nfatc3, Nfatc4, Nfe2, Nfe2l1, Nfe2l2, Nfia, Nfib, Nfic, Nfil3, Nfix, Nfkb1, Nfkb2, Nfkbia, Nfkbiz, Nfrkb, Nfya, Nfyb, Nfyc, Ngf, Ngfr, Ngrn, Nhlh1, Nhlh2, Nhlrc1, Niban1, Niban2, Nicol1, Nif3l1, Nipbl, Nkd1, Nkd2, Nkrf, Nkx2-1, Nkx2-2, Nkx2-2os, Nkx2-3, Nkx2-5, Nkx2-6, Nkx2-9, Nkx3-1, Nkx6-3, Nlrc4, Nlrc5, Nlrp10, Nlrp12, Nlrp1a, Nlrp1b, Nlrp3, Nlrp9b, Nmb, Nmbr, Nmd3, Nme2, Nmi, Nnmt, Nnt, Nobox, Noct, Nod1, Nod2, Nodal, Nog, Nol11, Nolc1, Nop53, Nos1, Nos2, Nos3, Notch1, Notch2, Notch3, Notch4, Nox1, Nox4, Npas2, Npas3, Npas4, Npat, Npm1, Npm2, Npnt, Nprl2, Nprl3, Nptn, Npy, Npy1r, Nqo2, Nr0b2, Nr1d1, Nr1d2, Nr1h2, Nr1h3, Nr1h4, Nr1h5, Nr1i2, Nr1i3, Nr2c2, Nr2e1, Nr2e3, Nr2f1, Nr2f2, Nr3c1, Nr3c2, Nr4a1, Nr4a2, Nr4a3, Nr5a1, Nr5a2, Nr6a1, Nras, Nrbf2, Nrdc, Nrde2, Nrf1, Nrg1, Nrip1, Nrl, Nrp1, Nrxn1, Nscme3l, Nsd1, Nsd2, Nsd3, Nsf, Nsg1, Nsmaf, Nsmce3, Nsun4, Nsun5, Ntf3, Ntrk1, Ntrk2, Ntrk3, Nts, Ntsr1, Nub1, Nucb2, Nucks1, Nufip1, Nup62, Nup85, Nup98, Nupr1, Nvl, Nwd1, Oas1a, Oas1b, Oas1c, Oas1d, Oas1e, Oas1f, Oas1g, Oas1h, Oas2, Oas3, Oaz1, Oaz2, Oaz3, Obi1, Obp2a, Ocln, Odam, Oga, Ogg1, Ogt, Olfm1, Olig1, Olig2, Olig3, Oma1, Onecut1, Onecut2, Onecut3, Ooep, Opa1, Opn3, Oprd1, Oprm1, Optn, Ormdl3, Osbp, Osbpl7, Osm, Osr1, Osr2, Otud6b, Otx1, Otx2, Ovol2, Oxt, Oxtr, P2rx2, P2rx7, P2ry1, P2ry2, P2ry6, Pabir1, Pabpc1, Pabpc1l, Pabpn1l, Pacsin3, Padi2, Paf1, Pafah1b2, Pagr1a, Paip1, Pak1, Pak2, Pak3, Pan2, Pan3, Panx1, Panx2, Panx3, Paox, Paqr3, Parg, Park7, Parn, Parp1, Parp14, Parp3, Parp9, Patl1, Patl2, Patz1, Pawr, Pax1, Pax2, Pax3, Pax5, Pax6, Pax7, Pax8, Pax9, Paxbp1, Paxip1, Pbrm1, Pbx1, Pbx2, Pbx3, Pbx4, Pbxip1, Pcbd1, Pcbd2, Pcbp1, Pcbp2, Pcgf5, Pcid2, Pcif1, Pck1, Pcna, Pcsk9, Pcx, Pdcd10, Pdcd5, Pdcd5-ps, Pdcd6, Pdcl3, Pde12, Pde2a, Pde4b, Pde4d, Pde5a, Pdgfa, Pdgfb, Pdgfc, Pdgfra, Pdgfrb, Pdlim1, Pdx1, Pebp1, Pecam1, Pef1, Peg3, Peli1, Peli2, Pelp1, Pemt, Per1, Per2, Perp, Pf4, Pfkfb1, Pfkm, Pfn1, Pfn2, Pgc, Pgr, Phactr1, Phb1, Phb2, Phf10, Phf2, Phf20, Phf23, Phf5a, Phf8, Phip, Phka1, Phkb, Phkg1, Phkg2, Phox2a, Phox2b, Pias1, Pias2, Pias3, Pias4, Pibf1, Picalm, Pid1, Pih1d1, Pik3c2a, Pik3c3, Pik3ca, Pik3cb, Pik3cd, Pik3cg, Pik3r1, Pik3r2, Pik3r3, Pik3r5, Pik3r6, Pim1, Pim2, Pin1, Pin1rt1, Pink1, Pip, Pip4k2a, Pip4k2b, Pip4k2c, Pithd1, Pitx1, Pitx2, Pitx3, Piwil1, Piwil2, Piwil4, Pkd1, Pkd2, Pkib, Pkm, Pkn1, Pknox1, Pkp1, Pkp3, Pla2g10, Pla2g3, Pla2g4a, Pla2g6, Pla2r1, Plac8, Plag1, Plagl1, Plagl2, Plau, Plaur, Plcb1, Plcd1, Plcg2, Pld1, Plek, Plekhf1, Plekhn1, Plgrkt, Plin5, Plk1, Plk2, Plk3, Plp1, Plpp3, Plscr1, Plxnb2, Pmaip1, Pmel, Pmf1, Pml, Pmp22, Pms2, Pnkp, Pnldc1, Pnp, Pnp2, Pnpla2, Pnpt1, Pogz, Poldip3, Polg2, Polr2a, Polr2g, Polr3a, Polr3b, Polr3c, Polr3d, Polr3f, Polr3g, Pomc, Pomt1, Pomt2, Popdc1, Por, Postn, Pot1a, Pot1b, Potefam3a, Potefam3b, Pou1f1, Pou2af1, Pou2af2, Pou2af3, Pou2f1, Pou2f2, Pou2f3, Pou3f1, Pou3f2, Pou3f3, Pou4f1, Pou4f2, Pou4f3, Pou5f1, Ppara, Ppard, Pparg, Ppargc1a, Ppargc1b, Ppia, Ppm1a, Ppm1f, Ppp1ca, Ppp1r10, Ppp1r12a, Ppp1r15a, Ppp1r3b, Ppp1r3e, Ppp1r3g, Ppp2ca, Ppp2r3a, Ppp2r3c, Ppp2r5b, Ppp2r5d, Ppp3ca, Ppp3cb, Ppp3r1, Ppp4r3a, Ppp4r3b, Pprc1, Pqbp1, Prdm1, Prdm10, Prdm11, Prdm15, Prdm16, Prdm2, Prdm4, Prdm5, Prdm9, Prdx5, Prdx6, Prdx6b, Preb, Prelid1, Prg2, Prg3, Prickle1, Prkaa1, Prkaa2, Prkab1, Prkab2, Prkaca, Prkag1, Prkag2, Prkag3, Prkca, Prkcb, Prkcd, Prkce, Prkcg, Prkch, Prkcq, Prkcz, Prkd1, Prkd2, Prkdc, Prkn, Prl, Prl2c2, Prlr, Prmt1, Prmt2, Prmt5, Prnp, Prom2, Prop1, Prox1, Prpf19, Prpf6, Prr16, Prr5, Prr5l, Prrx1, Prrx2, Prss22, Prxl2c, Psen1, Psen2, Psenen, Psg18, Psg22, Psg23, Psip1, Psmc3ip, Psmc6, Psmd10, Psmd9, Psrc1, Ptafr, Ptbp1, Ptch1, Pten, Ptf1a, Ptger3, Ptger4, Ptges2, Ptges3, Ptges3-ps, Ptgfr, Ptgis, Ptgs2, Pth, Pth1r, Pth2r, Ptk2, Ptk2b, Ptma, Ptms, Ptov1, Ptpn1, Ptpn11, Ptpn2, Ptpn22, Ptpn5, Ptprc, Ptprj, Ptprn, Ptprz1, Pttg1ip, Ptx3, Pum1, Purb, Pus1, Pwp1, Pwwp2a, Pwwp2b, Pxn, Pxylp1, Pycard, Pygo1, Pym1, Qki, Qrich1, Rab12, Rab1a, Rab1b, Rab27a, Rab29, Rab2b, Rab38, Rab3gap1, Rab3gap2, Rab7, Rab7b, Rac1, Rack1, Rad21, Rad23a, Rad50, Rad51ap1, Rad54l2, Raet1b, Raf1, Rai1, Ralb, Ralbp1, Ramp1, Ramp2, Ramp3, Ranbp9, Rap1a, Rap2a, Rap2b, Rap2c, Rapgef2, Rapgef3, Rara, Rarb, Rarg, Rarres2, Rasa1, Rasd2, Rasgrp1, Rasl11a, Rassf1, Rassf2, Rassf5, Rax, Rb1, Rb1cc1, Rbbp4, Rbbp5, Rbbp7, Rbbp9, Rbck1, Rbfox2, Rbm10, Rbm14, Rbm15, Rbm20, Rbm22, Rbm24, Rbm3, Rbm38, Rbm39, Rbm4, Rbm46, Rbm47, Rbm4b, Rbms3, Rbmx, Rbmxl1, Rbmxl2, Rbmy, Rbmyf1, Rbmyf3, Rbmyf6, Rbmyf9, Rbp4, Rbpj, Rbpjl, Rbpms, Rbx1, Rbx1-ps, Rc3h1, Rc3h2, Rcc1l, Rchy1, Rcn3, Rdh1, Rdh10, Rdh16, Rdh16f2, Rdh19, Rdh9, Rdx, Reg1, Reg3b, Rel, Rela, Relb, Reln, Reno1, Rere, Rest, Ret, Retn, Rfc1, Rfc2, Rfc3, Rfc4, Rfc5, Rftn1, Rfx2, Rfx3, Rfx4, Rfx5, Rfx6, Rfx7, Rfxank, Rfxap, Rgcc, Rgma, Rgmb, Rgn, Rhbdd1, Rhbdd3, Rhoa, Rhog, Rhoq, Rhox13, Rhox5, Rictor, Rida, Rif1, Rigi, Rilp, Rims1, Rims2, Riok1, Riok2, Riok3, Ripk1, Ripk2, Ripk3, Rit2, Rlf, Rmnd1, Rnasel, Rnf10, Rnf111, Rnf126, Rnf135, Rnf139, Rnf14, Rnf152, Rnf168, Rnf180, Rnf185, Rnf187, Rnf20, Rnf207, Rnf31, Rnf4, Rnf40, Rnf41, Rnf6, Rnf8, Rnft1, Rnft2, Robo1, Rock1, Rock2, Romo1, Ror2, Rora, Rorb, Rorc, Rpl11, Rpl23, Rpl26, Rpl5, Rprd1b, Rps19, Rps2, Rps27l, Rps3, Rps4x, Rps6ka1, Rps6ka2, Rps6ka3, Rps6ka4, Rps6ka5, Rps6kb1, Rps6kb2, Rps7, Rptor, Rpusd3, Rpusd4, Rreb1, Rrn3, Rrp1b, Rsad2, Rsf1, Rspo1, Rtel1, Rtn4, Rtraf, Rufy4, Runx1, Runx2, Runx3, Ruvbl1, Ruvbl2, Rwdd3, Rxra, Rxrb, Rxrg, Rybp, Rybp-ps, S100a10, S100a13, S1pr1, S1pr2, Sae1, Safb, Sall1, Sall2, Sall4, Samd1, Samd4, Samd4b, Sash1, Sash3, Satb2, Sbno2, Scaf8, Scamp5, Scand1, Scap, Scarb1, Scd1, Scimp, Scoc, Scp2, Scrib, Sct, Sctr, Scx, Sdcbp, Sec14l2, Sec16b, Sec22b, Secisbp2, Selenok, Sema4d, Sema7a, Senp1, Senp2, Septin4, Serp1, Serpinb7, Serpine1, Serpinf2, Sertad1, Sertad2, Sertad3, Sesn1, Sesn2, Sesn3, Setd1a, Setd2, Setd3, Setd4, Setd7, Setmar, Setx, Sez6, Sez6l, Sez6l2, Sf3b1, Sf3b3, Sf3b5, Sfpq, Sfr1, Sfrp1, Sfrp2, Sfrp4, Sfxn5, Sgf29, Sgms1, Sgms1os1, Sgsm1, Sgsm3, Sgta, Sh2d1b1, Sh2d1b2, Sh3bgrl, Sh3bp4, Sh3d19, Sh3glb1, Sh3pxd2b, Sh3rf1, Sh3rf2, Sh3rf3, Shc1, Shh, Shld1, Shld2, Shld3, Sirt1, Sirt2, Sirt3, Sirt4, Sirt6, Sirt7, Six1, Six2, Six3, Six4, Six5, Skap1, Ski, Skp1, Skp2, Slamf1, Slamf6, Slc11a1, Slc1a1, Slc22a2, Slc24a3, Slc24a4, Slc25a12, Slc25a37, Slc25a4, Slc25a5, Slc26a9, Slc27a1, Slc2a10, Slc2a13, Slc30a9, Slc35a4, Slc35d3, Slc38a2, Slc38a3, Slc39a5, Slc40a1, Slc45a3, Slc4a4, Slc51b, Slc5a3, Slc6a4, Slc6a9, Slc7a5, Slc8a2, Slc9a1, Slco1c1, Slco3a1, Slf1, Slf2, Slirp, Sln, Slx1b, Slx4, Smad1, Smad2, Smad3, Smad4, Smad5, Smad6, Smad9, Smarca1, Smarca2, Smarca4, Smarca5, Smarcad1, Smarcb1, Smarcc1, Smarcc2, Smarcd1, Smarcd2, Smarcd3, Smarce1, Smchd1, Smcr8, Smn1, Smo, Smoc2, Smpd3, Smurf1, Smyd3, Smyd5, Snai1, Snca, Snf8, Snrnp70, Snw1, Snx1, Snx18, Snx30, Snx33, Snx4, Snx5, Snx7, Snx9, Soat1, Socs4, Socs5, Sod1, Sod2, Sohlh1, Sohlh2, Sorbs1, Sorl1, Sost, Sox1, Sox10, Sox11, Sox12, Sox14, Sox15, Sox17, Sox18, Sox2, Sox21, Sox3, Sox30, Sox4, Sox6, Sox7, Sox8, Sox9, Sp1, Sp100, Sp3, Sp7, Spag8, Spata18, Spatc1l, Spdef, Spdya, Spdye4a, Spen, Sphk1, Sphk2, Spi1, Spib, Spic, Spidr, Spin1, Spire1, Spire2, Spn, Spon1, Spon2, Spp1, Sprtn, Spry2, Spsb4, Sptbn1, Sptlc1, Sptlc2, Spx, Spz1, Sqstm1, Sra1, Src, Srcin1, Srebf1, Srebf2, Srf, Srpk2, Srsf1, Srsf5, Sry, Ss18, Ss18l1, Ssb, Ssbp1, Ssbp2, Ssbp3, Ssbp4, St18, Stap1, Star, Stard4, Stat1, Stat2, Stat3, Stat4, Stat5a, Stat5b, Stat6, Stil, Sting1, Stk11, Stk16, Stk4, Stmp1, Stn1, Stoml2, Stox1, Stra8, Strada, Stradb, Strn3, Stub1, Stx4a, Stx5a, Sub1, Suco, Sulf1, Sulf2, Sumo1, Sumo2, Sumo3, Supt20, Supt4a, Supt4b, Supt5, Supt6, Supt7l, Supv3l1, Svip, Syap1, Syk, Syncrip, T, Tab1, Tab2, Tacc1, Tada1, Tada2a, Tada3, Taf1, Taf10, Taf11, Taf12, Taf13, Taf15, Taf2, Taf3, Taf4, Taf4b, Taf5, Taf5l, Taf6, Taf6l, Taf7, Taf8, Taf9, Tal1, Tank, Taok1, Taok3, Tarbp2, Tardbp, Tarm1, Tasp1, Tbc1d10a, Tbc1d23, Tbc1d7, Tbk1, Tbl1x, Tbl1xr1, Tbp, Tbr1, Tbx1, Tbx10, Tbx15, Tbx18, Tbx19, Tbx2, Tbx20, Tbx21, Tbx22, Tbx3, Tbx4, Tbx5, Tbx6, Tcea1, Tcea2, Tcerg1, Tcf12, Tcf15, Tcf20, Tcf21, Tcf23, Tcf3, Tcf4, Tcf7l1, Tcf7l2, Tcim, Tcl1, Tcp1, Tcrb, Tdrd3, Tead1, Tead2, Tead3, Tead4, Tef, Tek, Tenm1, Tent2, Tent4a, Tent4b, Tent5a, Tent5b, Tent5c, Tent5d, Terc, Terf1, Terf2, Terf2ip, Tert, Tes3-ps, Tesc, Tescl, Tesk1, Tet1, Tet2, Tet3, Tex24, Tfam, Tfap2a, Tfap2b, Tfap2c, Tfap2d, Tfap2e, Tfap4, Tfcp2, Tfdp1, Tfdp2, Tfe3, Tfeb, Tfec, Tfpt, Tfr2, Tfrc, Tgfa, Tgfb1, Tgfb1i1, Tgfb2, Tgfb3, Tgfbr1, Tgfbr2, Tgfbr3, Thap11, Thap3, Thbs1, Thbs4, Thpo, Thra, Thrap3, Thrb, Ticam1, Ticam2, Tigar, Tigit, Timeless, Timm17a, Timm23, Tinf2, Tiparp, Tirap, Tle1, Tlr1, Tlr2, Tlr3, Tlr4, Tlr5, Tlr6, Tlr7, Tlr8, Tlr9, Tlx1, Tlx2, Tm9sf5, Tmed10, Tmed10-ps, Tmed2, Tmem106a, Tmem119, Tmem135, Tmem161a, Tmem259, Tmem59, Tmem67, Tmf1, Tmprss6, Tmsb4x, Tmtc3, Tmx1, Tnc, Tnf, Tnfaip1, Tnfaip3, Tnfrsf11a, Tnfrsf13c, Tnfrsf14, Tnfrsf18, Tnfrsf1a, Tnfrsf1b, Tnfrsf4, Tnfrsf8, Tnfsf11, Tnfsf12, Tnfsf13, Tnfsf15, Tnfsf18, Tnfsf4, Tnfsf8, Tnfsf9, Tnik, Tnip1, Tnip2, Tnk2, Tnks, Tnks1bp1, Tnks2, Tnni2, Tnp1, Tnp2, Tnrc6a, Tnrc6b, Tnrc6c, Tob1, Tollip, Tom1, Tom1l1, Tomm7, Tomm70a, Top2a, Top2b, Topors, Tox, Tox2, Tox3, Tpcn1, Tpd52l1, Tpx2, Tra2a, Tra2b, Trabd2b, Tradd, Traf2, Traf3, Traf3ip2, Traf3ip3, Traf4, Traf5, Traf6, Traf7, Trappc2, Trem2, Trerf1, Trf, Triap1, Trib1, Trib2, Trib3, Trim13, Trim14, Trim15, Trim21, Trim23, Trim24, Trim25, Trim27, Trim28, Trim30a, Trim32, Trim37, Trim38, Trim44, Trim56, Trim6, Trim62, Trim65, Trim67, Trim71, Trim8, Trip4, Trmt10c, Trmt112, Trp53, Trp53bp1, Trp53inp1, Trp53inp2, Trp63, Trp73, Trpc5, Trpc6, Trpm8, Trpv1, Trpv2, Trpv4, Trrap, Trub1, Trub2, Tsacc, Tsc1, Tsc2, Tsc22d1, Tshr, Tsix, Tslp, Tspan9, Tspo, Tspyl5, Ttbk1, Ttc21b, Ttc5, Ttn, Tug1, Tunar, Tusc2, Tut4, Tut7, Twist1, Txk, Txn1, Tyk2, Tyrobp, Tyrp1, U2af2, Uap1, Uba2, Ubb, Ube2a, Ube2b, Ube2d1, Ube2e1, Ube2k, Ube2l3, Ube2n, Ube2s, Ube2srt, Ube2v1, Ube2v2, Ube3a, Ubp1, Ubqln1, Ubqln2, Ubr3, Ubr4, Ubr5, Ubtf, Ubtfl1, Ubxn2a, Uchl1, Uchl5, Ucn, Ucp1, Ucp2, Ufl1, Uhmk1, Uhrf1, Uimc1, Ulbp1, Ulk1, Unc119, Unc93b1, Upf1, Upf3a, Upf3b, Uqcc2, Usf1, Usf2, Usf3, Usp13, Usp16, Usp20, Usp21, Usp22, Usp5, Usp50, Usp8, Utf1, Utp15, Uts2, Vamp3, Vangl2, Vash1, Vcp, Vdac1, Vdr, Vegfa, Vegfb, Vegfc, Vegfd, Vezf1, Vgll2, Vgll4, Vim, Vip, Vldlr, Vps11, Vps13d, Vps28, Vps35, Vps72, Vsir, Vstm2a, Vsx2, Vtcn1, Vtn, Wac, Wars1, Was, Wasl, Wbp1l, Wbp2, Wbp2nl, Wdfy2, Wdr24, Wdr43, Wdr45, Wdr48, Wdr5, Wdr59, Wdr75, Wdr77, Wee2, Wfs1, Whrn, Wipi1, Wiz, Wnk1, Wnk3, Wnk4, Wnt1, Wnt10a, Wnt10b, Wnt11, Wnt16, Wnt2, Wnt3, Wnt3a, Wnt4, Wnt5a, Wnt6, Wnt7a, Wnt7b, Wnt8b, Wrap53, Wrn, Wt1, Wwc1, Wwox, Wwp2, Wwtr1, Xbp1, Xcl1, Xdh, Xiap, Xpa, Xpc, Xrcc1, Xrcc5, Xrcc6, Yaf2, Yap1, Ybx1, Ybx2, Yeats4, Yes1, Ythdf1, Ythdf2, Ythdf3, Ywhah, Yy1, Yy2, Zar1, Zbed3, Zbed4, Zbtb16, Zbtb17, Zbtb18, Zbtb20, Zbtb38, Zbtb48, Zbtb49, Zbtb7b, Zbtb7c, Zc3h10, Zc3h12a, Zc3h12d, Zc3h18, Zc3h8, Zc3hav1, Zcchc12, Zcchc13, Zcchc3, Zcchc4, Zcwpw1, Zdhhc19, Zeb1, Zeb2, Zer1, Zfand2a, Zfat, Zfhx3, Zfp13, Zfp131, Zfp142, Zfp143, Zfp148, Zfp175, Zfp212, Zfp219, Zfp24, Zfp263, Zfp281, Zfp287, Zfp292, Zfp318, Zfp326, Zfp335, Zfp36, Zfp36l1, Zfp36l2, Zfp36l3, Zfp384, Zfp395, Zfp407, Zfp410, Zfp42, Zfp423, Zfp462, Zfp516, Zfp521, Zfp523, Zfp541, Zfp580, Zfp593, Zfp609, Zfp622, Zfp639, Zfp64, Zfp646, Zfp677, Zfp683, Zfp711, Zfp715, Zfp750, Zfp758, Zfp804a, Zfp819, Zfp827, Zfp90, Zfp91, Zfpm1, Zfpm2, Zfx, Zglp1, Zic1, Zic2, Zic3, Zkscan17, Zkscan3, Zmiz1, Zmiz2, Zmpste24, Zmynd8, Znhit1, Zp3, Zp3r, Zpr1, Zscan21, Zswim8, Zxdb, Zxdc, Zyg11b
GO:0010646	regulation of cell communication	3837	87	55.89	1.5e-05	0.003736451612903226	1700109H08Rik, 2210016L21Rik, 2510002D24Rik, 2610042L04Rik, 3425401B19Rik, Aacs, Aak1, Aars1, Aars2, Aatf, Abat, Abca1, Abca12, Abca7, Abcc8, Abcg1, Abhd17a, Abhd6, Abl1, Abl2, Abr, Abra, Acaa2, Ace, Ace2, Ackr3, Acod1, Acp3, Acp4, Acsl4, Acsl5, Acta2, Actn3, Actn4, Actrt1, Acvr1, Acvr1b, Acvr1c, Acvr2a, Acvr2b, Acvrl1, Ada, Adam10, Adam17, Adam8, Adam9, Adamts12, Adamts20, Adamts3, Adamtsl2, Adar, Adcy1, Adcy10, Adcy5, Adcy8, Adcyap1, Adcyap1r1, Adgra2, Adgrb1, Adgrg1, Adgrg3, Adgrv1, Adipoq, Adipor1, Adissp, Adm, Adnp, Adora1, Adora2a, Adora2b, Adora3, Adra1a, Adra1b, Adra1d, Adra2a, Adra2b, Adra2c, Adrb1, Adrb2, Adrb3, Adrm1, Afap1, Afap1l2, Afdn, Agap2, Ager, Ago1, Ago3, Agr2, Agrn, Agt, Agtr1a, Agtr2, Ahsg, Aida, Aim2, Aimp1, Aip, Aipl1, Ajuba, Akap12, Akap13, Akap5, Akap6, Akap7, Akip1, Akr1b1, Akr1c18, Akt1, Akt1s1, Akt2, Akt3, Aldh1a3, Alg13, Alk, Alkal1, Alkal2, Alox12b, Alox15, Alox5, Alox8, Alpk1, Alpk2, Ambra1, Amer1, Amer2, Amer3, Amfr, Amh, Amot, Anapc15, Anapc15-ps, Anapc2, Angpt1, Ank2, Ank3, Ankrd1, Ankrd13c, Ankrd17, Ankrd2, Ankrd26, Ankrd54, Ankrd6, Ankrd66, Anks1, Ano1, Anxa1, Anxa5, Anxa7, Apaf1, Apba1, Apba2, Apc, Apc2, Apcdd1, Apela, Apip, Apln, Aplnr, Aplp1, Aplp2, Apoa1, Apoc3, Apod, Apoe, App, Appl1, Appl2, Ar, Araf, Arc, Arf1, Arf6, Arfgap1, Arfgef1, Arfgef2, Arfgef3, Arg1, Arhgap12, Arhgap17, Arhgap18, Arhgap19, Arhgap20, Arhgap22, Arhgap24, Arhgap25, Arhgap28, Arhgap29, Arhgap35, Arhgap40, Arhgap42, Arhgap44, Arhgap45, Arhgap8, Arhgdia, Arhgdib, Arhgef18, Arhgef2, Arhgef28, Arhgef3, Arhgef5, Arhgef7, Arid4a, Arid4b, Ark2c, Arl6, Arl6ip5, Armc10, Armc9, Armh4, Arr3, Arrb1, Arrb2, Arrdc1, Arrdc3, Asah2, Asb15, Asb3, Ascl1, Ash1l, Asic1, Aspm, Aspn, Asxl1, Asxl2, Atad1, Atad3a, Atad5, Atat1, Atf2, Atf3, Atf4, Atf6, Atf6b, Atg5, Atg7, Atm, Atoh8, Atp1a3, Atp2a2, Atp2b2, Atp2b4, Atp2c1, Atp6ap2, Atp6v0c, Atp6v1c2, Atr, Atxn1, Atxn3, Atxn7, Aurka, Aurkb, Auts2, Avp, Avpi1, Avpr1a, Avpr1b, Avpr2, Axin1, Axin2, Axl, Azi2, Babam2, Bace1, Bad, Bag4, Bag5, Baiap2, Baiap3, Bak1, Bambi, Banf1, Bank1, Bard1, Barx1, Bax, Bbc3, Bcap31, Bcar3, Bche, Bcl10, Bcl2, Bcl2l1, Bcl2l10, Bcl2l11, Bcl2l12, Bcl2l14, Bcl2l2, Bcl3, Bcl6, Bcl9l, Bclaf1, Bcr, Bdkrb2, Bdnf, Becn1, Becn2, Begain, Bend6, Best1, Bfar, Bglap, Bglap2, Bicc1, Bicd1, Bid, Birc2, Birc3, Birc5, Birc6, Birc7, Blk, Blvrb, Bmal1, Bmf, Bmi1, Bmp10, Bmp2, Bmp2k, Bmp4, Bmp5, Bmp6, Bmp7, Bmper, Bmpr1a, Bmpr1b, Bmpr2, Bmyc, Bnip2, Bok, Bop1, Bpifb1, Braf, Brap, Brca1, Brca2, Brcc3, Brcc3dc, Brd4, Brms1, Brms1l, Brsk1, Brsk2, Bsn, Bst1, Btbd10, Btbd9, Btk, Btn2a2, Btnl2, Btrc, Bub1, Bud31, C1qbp, C1ql4, C1qtnf1, C1qtnf12, C1qtnf2, C1qtnf3, C1qtnf4, C2cd2l, C2cd3, C3, C5ar1, C9orf72, Cabp1, Cacna1a, Cacna1b, Cacna1c, Cacna1d, Cacna1e, Cacna2d2, Cacnb3, Cacnb4, Cacng2, Cacng3, Cacng4, Cacng5, Cacng7, Cacng8, Cactin, Cadm1, Cadm4, Calb1, Calb2, Calcr, Calhm2, Calm1, Calm2, Calm3, Calr, Camk2a, Camk2b, Camk2d, Camk2g, Camk2n1, Camk4, Camkv, Camta1, Capn1, Capn10, Capn3, Caprin2, Car2, Car7, Car8, Card10, Card11, Card14, Card6, Card9, Carm1, Cartpt, Cask, Casp1, Casp2, Casp4, Casp8, Casq2, Casr, Cass4, Castor1, Castor2, Cat, Cav1, Cav2, Cav3, Cavin3, Cbfa2t2, Cbl, Cblb, Cblc, Cbln1, Cbln2, Cbln4, Cbs, Cby1, Ccar2, Ccbe1, Ccdc125, Ccdc22, Ccdc3, Ccdc88a, Ccdc88c, Cckar, Cckbr, Ccl19, Ccl19-ps1, Ccl19-ps3, Ccl19-ps4, Ccl19-ps5, Ccl19-ps6, Ccl2, Ccl21a, Ccl21b, Ccl21d, Ccl21e, Ccl21f, Ccl3, Ccl5, Ccn1, Ccn2, Ccn3, Ccn4, Ccnb1, Ccnb1-ps, Ccnc, Ccnk, Ccnq, Ccny, Ccnyl1, Ccr1, Ccr1l1, Ccr2, Ccr7, Cd109, Cd14, Cd160, Cd177, Cd180, Cd19, Cd22, Cd226, Cd24a, Cd27, Cd28, Cd2ap, Cd300a, Cd300ld3, Cd300lf, Cd36, Cd38, Cd3e, Cd4, Cd40, Cd40lg, Cd44, Cd46, Cd47, Cd55, Cd55b, Cd59a, Cd63, Cd74, Cd81, Cd84, Cd86, Cd8a, Cdc20, Cdc34, Cdc34b, Cdc37, Cdc42, Cdc42bpa, Cdc42se1, Cdc42se2, Cdc73, Cdca8, Cdh1, Cdh11, Cdh13, Cdh2, Cdh3, Cdh5, Cdk10, Cdk11b, Cdk13, Cdk14, Cdk16, Cdk20, Cdk3, Cdk5, Cdk5r1, Cdk5rap2, Cdk5rap3, Cdkl5, Cdkn1c, Cdkn2a, Cdkn2aip, Cdkn2b, Cdkn2d, Cdon, Ceacam1, Ceacam2, Cela2a, Celf4, Cep55, Cep63, Cer1, Cfl1, Cflar, Cftr, Cga, Cgas, Cgnl1, Chac1, Chat, Chd5, Chd7, Chd8, Chek2, Cherp, Chga, Chi3l1, Chmp2b, Chmp6, Chn1, Chp1, Chp2, Chrd, Chrdl1, Chrdl2, Chrm1, Chrm2, Chrm3, Chrna10, Chrna2, Chrna3, Chrna4, Chrna5, Chrna6, Chrna7, Chrna9, Chrnb2, Chrnb3, Chrnb4, Chst11, Chsy1, Chuk, Cib1, Cibar1, Cidea, Cilp, Cish, Cit, Cited2, Ckap5, Clcf1, Cldn18, Clec12b, Clec16a, Clec4d, Clec4n, Clec7a, Clmp, Cln3, Clock, Clstn1, Clstn2, Clstn3, Clu, Clxn, Cmah, Cmklr1, Cmtm3, Cmya5, Cnih2, Cnih3, Cnksr2, Cnksr3, Cnmd, Cnot1, Cnot2, Cnot3, Cnot7, Cnot9, Cnr1, Cnr2, Cnrip1, Cntf, Cntn2, Cntn6, Cntnap2, Cntnap4, Col1a1, Col2a1, Col3a1, Commd1, Cops5, Coro7, Cpap, Cpeb1, Cpeb2, Cpeb3, Cplane2, Cplx1, Cplx2, Cplx3, Cplx4, Cpne1, Cpt1a, Cptp, Cracr2a, Cradd, Crb2, Crbn, Creb1, Creb3, Creb3l1, Crebbp, Crebrf, Crh, Crhbp, Crhr1, Crhr2, Crim1, Cripto, Crk, Crkl, Crlf2, Crlf3, Crnn, Crtc1, Crtc3, Cry1, Cry2, Cryba1, Csf1, Csf1r, Csf2, Csf3, Csk, Csnk1a1, Csnk1d, Csnk1e, Csnk1g1, Csnk1g2, Csnk1g3, Csnk2a1, Csnk2b, Cspg4, Cspg5, Ctbp2, Ctdnep1, Ctdspl2, Cth, Cthrc1, Ctnna1, Ctnnb1, Ctnnbip1, Ctnnd1, Ctnnd2, Ctns, Ctsc, Ctsd, Ctsh, Cttn, Cul1, Cul3, Cul4a, Cux2, Cwh43, Cx3cl1, Cx3cr1, Cxadr, Cxcl12, Cxcl17, Cxcl5, Cxcr4, Cxxc4, Cyba, Cyct, Cyfip1, Cyfip2, Cyld, Cyp19a1, Cyp1b1, Cyp26b1, Cyp27b1, Cyp2j5, Cyp2j6, Cyp46a1, Cyp7b1, Cyrib, Cysltr2, Cyth1, Cyth2, Cyth3, Cyth4, D130043K22Rik, D1Pas1, Daam2, Dab1, Dab2, Dab2ip, Dact1, Dact2, Dact3, Dag1, Dand5, Dapk1, Dapk2, Dapk3, Daxx, Dbh, Dbi, Dbn1, Dbndd1, Dbndd2, Dcc, Dcdc2a, Dcn, Dcst1, Ddias, Ddit3, Ddit4, Ddit4l, Ddo, Ddr1, Ddr2, Ddrgk1, Ddx1, Ddx21, Ddx3x, Ddx5, Ddx60, Dedd2, Defb21, Dennd1a, Dennd2b, Dennd3, Dennd4a, Dennd4b, Dennd4c, Depdc1b, Depdc5, Deptor, Dgkb, Dgkd, Dgke, Dgkg, Dgki, Dgkq, Dgkz, Dhh, Dhrs3, Dhx15, Dhx33, Dhx36, Dhx58, Dicer1, Dipk2a, Disc1, Dixdc1, Dkk1, Dkk2, Dkk3, Dkk4, Dkkl1, Dlc1, Dlg1, Dlg4, Dlg5, Dlgap1, Dlgap2, Dlgap3, Dlgap4, Dlk1, Dlk2, Dll1, Dll3, Dll4, Dlx1, Dlx2, Dlx5, Dmd, Dmpk, Dmrt1, Dnaaf4, Dnaja1, Dnaja3, Dnajb9, Dnajc27, Dnm1, Dnm1l, Dnm2, Doc2b, Dock10, Dock11, Dock2, Dock6, Dock7, Dock8, Dock9, Dok1, Dok2, Dok4, Dok5, Dok7, Dot1l, Draxin, Drd1, Drd2, Drd3, Drd4, Drd5, Dsc2, Dsg3, Dstyk, Dtnbp1, Dtx1, Dusp1, Dusp10, Dusp13b, Dusp15, Dusp16, Dusp19, Dusp2, Dusp22, Dusp26, Dusp29, Dusp3, Dusp4, Dusp5, Dusp6, Dusp7, Dusp8, Dusp9, Dvl1, Dvl2, Dvl3, Dync1li1, Dync2h1, Dynll1, Dynlt1a, Dynlt1b, Dynlt1c, Dynlt1f, Dyrk1a, Dyrk2, Dyrk3, E130311K13Rik, Ece1, Ecm1, Ecrg4, Eda, Eda2r, Edar, Edaradd, Edn1, Edn2, Edn3, Ednra, Ednrb, Eef1e1, Efcab7, Efhb, Efna1, Efna5, Efnb3, Egf, Egfl7, Egfr, Egln1, Egr1, Egr2, Ei24, Eid2, Eif2a, Eif2ak2, Eif2ak3, Eif2ak4, Eif3a, Eif4a3, Eif4a3l1, Eif4a3l2, Eif4e, Eif4e2, Eif4ebp2, Eipr1, Elapor2, Elf1, Ell3, Elp2, Emd, Emilin1, Emp2, Endog, Eng, Enho, Eno1, Eno1b, Enpp1, Ensa, Entrep1, Eny2, Ep300, Epgn, Epha2, Epha4, Epha5, Epha7, Epha8, Ephb1, Ephb2, Epm2a, Epn2, Epo, Epor, Eps8, Eps8l1, Eps8l2, Eps8l3, Erbb2, Erbb3, Erbb4, Erbin, Ercc6, Erfe, Ern1, Ern2, Erp29, Errfi1, Esm1, Esr1, Esr2, Etaa1, Evc, Exoc4, Ext1, Extl3, Eya1, Eya2, Eya3, Eya4, Ezh2, Ezr, F10, F11r, F2, F2r, F2rl1, F2rl2, F3, F7, Faah, Fabp5, Fadd, Faf1, Faim, Faim2, Faiml, Fam107a, Fam110c, Fam20c, Fam3c, Fam3d, Fam53b, Fam83b, Fam83d, Fam89b, Fanca, Fancd2, Fas, Fasl, Fbh1, Fbln1, Fbn1, Fbn2, Fbp1, Fbxl15, Fbxl17, Fbxl2, Fbxl20, Fbxo2, Fbxo4, Fbxo45, Fbxo7, Fbxo8, Fbxo9, Fbxw11, Fbxw7, Fcer1a, Fcgr2b, Fcmr, Fcrl5, Fem1a, Fem1b, Fer, Fermt1, Fermt2, Ffar1, Ffar2, Ffar3, Ffar4, Fga, Fgb, Fgd2, Fgd4, Fgf1, Fgf10, Fgf12, Fgf14, Fgf15, Fgf16, Fgf17, Fgf18, Fgf2, Fgf20, Fgf21, Fgf22, Fgf23, Fgf3, Fgf4, Fgf5, Fgf6, Fgf7, Fgf8, Fgf9, Fgfbp1, Fgfbp3, Fgfr1, Fgfr2, Fgfr3, Fgfr4, Fgfrl1, Fgg, Fgr, Fhl2, Ficd, Fignl1, Fis1, Fkbp1a, Fkbp1b, Fkbp8, Fktn, Flcn, Flna, Flot1, Flot2, Flt1, Flt4, Fmr1, Fn1, Fnip1, Fnip2, Fnta, Folr1, Foxa1, Foxa2, Foxd1, Foxh1, Foxl1, Foxl2, Foxm1, Foxo1, Foxo3, Foxp1, Fpr-rs3, Fpr-rs4, Fpr-rs6, Fpr-rs7, Fpr2, Frat1, Frmd6, Frmd7, Frmd8, Frmpd1, Frrs1l, Frs2, Frzb, Fshb, Fshr, Fst, Fstl1, Fstl3, Fstl4, Fstl5, Fto, Furin, Fut7, Fuz, Fxn, Fxr1, Fxr2, Fyn, Fzd1, Fzd10, Fzd4, Fzd5, Fzd6, Fzd7, Fzd8, Fzd9, G0s2, G2e3, G3bp1, G6pc2, Gab1, Gabarap, Gabbr1, Gabrr1, Gadd45a, Gadd45b, Gadd45g, Gal, Galnt11, Galr1, Gapdh, Gapdh-ps15, Gapdhrt, Gapdhrt2, Garem1, Garnl3, Gas1, Gas2, Gas2l2, Gas6, Gas8, Gata1, Gata2, Gata3, Gata4, Gata5, Gata6, Gba1, Gbf1, Gbp2, Gbp5, Gbp7, Gcg, Gck, Gclc, Gclm, Gcnt2, Gcsam, Gdf11, Gdf15, Gdf2, Gdf3, Gdf5, Gdf6, Gdf7, Gdf9, Gdi1, Gdnf, Gdpd5, Gen1, Gfap, Gfi1, Gfral, Ggnbp2, Gh, Ghitm, Ghr, Ghrh, Ghrhr, Ghrl, Ghsr, Gid8, Gigyf2, Gip, Gipc1, Gipr, Git1, Git2, Gja1, Gja5, Gjd3, Gkap1, Glce, Glg1, Gli1, Gli2, Gli3, Glipr2, Glis2, Glp1r, Glra1, Glra2, Glra3, Glud1, Glul, Gm12250, Gmip, Gna11, Gna12, Gnai1, Gnai2, Gnai3, Gnal, Gnao1, Gnaq, Gnas, Gnaz, Golph3, Gorab, Got1, Gpat3, Gpatch3, Gpbar1, Gpc1, Gpc2, Gpc3, Gpc4, Gpc5, Gpc6, Gpd1l, Gper1, Gpha2, Gphb5, Gpld1, Gpnmb, Gpr101, Gpr108, Gpr137, Gpr137b, Gpr137c, Gpr151, Gpr155, Gpr158, Gpr161, Gpr183, Gpr21, Gpr27, Gpr3, Gpr35, Gpr37, Gpr37l1, Gpr39, Gpr4, Gpr55, Gpr62, Gpr68, Gprasp1, Gprc5a, Gprc5b, Gprc6a, Gps2, Gpsm1, Gpx1, Gramd4, Grap, Grap2, Grb10, Grb14, Grb2, Grem1, Grem2, Gria1, Gria2, Gria3, Gria4, Grid1, Grid2, Grid2ip, Grik1, Grik2, Grik3, Grik4, Grik5, Grin1, Grin2a, Grin2b, Grin2c, Grin2d, Grin3a, Grin3b, Grina, Grip1, Grip2, Grk1, Grk2, Grk3, Grk4, Grk5, Grk6, Grm1, Grm2, Grm3, Grm4, Grm5, Grm6, Grm7, Grm8, Grp, Gsc, Gsdma3, Gsdme, Gsg1l, Gsk3a, Gsk3b, Gskip, Gsn, Gstp-ps, Gstp1, Gstp2, Gstp3, Gsx2, Guca1a, Guca1b, Gucy1a1, Gucy1a2, Gucy2d, H2-M3, H2bc21, Hacd3, Hadh, Hand2, Hap1, Hapstr1, Havcr2, Hax1, Hbegf, Hcar2, Hcfc1, Hcfc2, Hcls1, Hcrt, Hcrtr1, Hcst, Hdac1, Hdac2, Hdac3, Hdac6, Hdac7, Heg1, Hells, Herc2, Herc4, Herpud1, Hes1, Hes5, Hexim1, Hey1, Hey2, Heyl, Hfe, Hgf, Hgs, Hhex, Hhip, Hic1, Hif1a, Hif1an, Higd1a, Hint1, Hip1, Hip1r, Hipk1, Hipk2, Hipk3, Hipk4, Hjv, Hm629797, Hmga1, Hmga2, Hmgb1, Hmgb2, Hmgcr, Hmgn3, Hmox1, Hnf1a, Hnf1b, Hnf4a, Hnrnpk, Homer1, Homer2, Homer3, Hoxa13, Hpca, Hpcal1, Hpcal4, Hpse, Hpx, Hras, Hrc, Hrg, Hrh1, Hrh2, Hrh4, Hsf1, Hsp90ab1, Hspa1b, Hspa5, Hspa8, Hspb1, Htr1a, Htr1b, Htr1d, Htr2a, Htr2b, Htr2c, Htr6, Htr7, Htra1, Htra2, Htra3, Htt, Huwe1, Hyal2, Hyou1, Iapp, Ica1, Icam1, Icmt, Id1, Ide, Ier3, Ifi203, Ifi203-ps, Ifi206, Ifi207, Ifi208, Ifi209, Ifi213, Ifi214, Ifi35, Ifnb1, Ifng, Ift122, Ift140, Ift172, Ift20, Ift80, Ift81, Ift88, Igbp1, Igbp1b, Igf1, Igf1r, Igf2, Igfbp1, Igfbp2, Igfbp3, Igfbp4, Igfbp5, Igfbp6, Igfbp7, Igfbpl1, Igh-7, Ighm, Igsf1, Igsf11, Igsf21, Igsf8, Igsf9b, Igtp, Ihh, Ikbkb, Ikbke, Ikbkg, Il10, Il10ra, Il10rb, Il11, Il12a, Il12b, Il17f, Il17rd, Il18, Il18r1, Il19, Il1a, Il1b, Il1r1, Il1r2, Il1rn, Il20, Il20ra, Il3, Il34, Il36rn, Il4, Il5, Il6, Il6ra, Il6st, Il7, Il7r, Il9, Ildr1, Ilk, Ina, Inava, Inca1, Incenp, Ing1, Ing2, Ing5, Inha, Inhba, Inhbb, Inpp4b, Inpp5a, Inpp5d, Inpp5e, Inpp5f, Inpp5k, Inppl1, Ins1, Ins2, Insig1, Insig2, Insl3, Insr, Ints9, Intu, Invs, Iqce, Iqgap1, Iqgap3, Iqschfp, Iqsec1, Iqsec2, Iqsec3, Irak1, Irak1bp1, Irak2, Irak3, Irak4, Irf1, Irf3, Irf4, Irf7, Irgm1, Irgm2, Irs1, Irs2, Irs3, Irx3, Isg15, Isl1, Itch, Itfg2, Itga1, Itga2, Itga3, Itga6, Itga8, Itgal, Itgav, Itgb1, Itgb1bp1, Itgb3, Itm2c, Itpka, Itpkb, Itpr1, Itpr3, Itprip, Itsn1, Ivns1abp, Jade1, Jag1, Jag2, Jagn1, Jak1, Jak2, Jak3, Jcad, Jmjd8, Jph3, Jph4, Jpt2, Jrk, Jun, Jund, Kalrn, Kank1, Kank2, Kat2a, Kazald1, Kbtbd6, Kbtbd7, Kcnb1, Kcnc3, Kcnc4, Kcnh1, Kcnip1, Kcnip2, Kcnip3, Kcnip4, Kcnj10, Kcnj11, Kcnj6, Kcnk13, Kcnk2, Kcnk9, Kcnn2, Kcnn4, Kcnq1, Kcnq2, Kcnq3, Kcnq4, Kcp, Kctd10, Kctd11, Kctd12, Kctd12b, Kctd13, Kctd16, Kctd21, Kctd6, Kctd8, Kdm1a, Kdm5b, Kdm5d, Kdm6a, Kdm8, Kdr, Kics2, Kif14, Kif26a, Kif5b, Kif7, Kiss1, Kiss1r, Kit, Kitl, Kl, Klb, Klf14, Klf15, Klf2, Klf4, Klf7, Klhdc10, Klhl22, Klhl31, Klk14, Klk1b4, Klk5, Klk6, Klrh1, Kmo, Kmt2a, Kmt2d, Kmt5a, Knl1, Kpna1, Kptn, Kras, Kremen1, Ksr1, Ksr2, L1cam, Lama1, Lama2, Lamb1, Lamb2, Lamc1, Lamp2, Lamp5, Lamtor1, Lamtor2, Lamtor3, Lamtor4, Lamtor5, Lancl2, Laptm5, Large1, Lars1, Lats1, Lats2, Lax1, Lbh, Lbp, Lbx2, Lck, Lcmt1, Ldlrad4, Ldoc1, Lect2, Lef1, Lefty1, Lemd2, Lemd3, Lep, Lepr, Leprot, Leprotl1, Lfng, Lgals3, Lgals9, Lgi1, Lgmn, Lgr4, Lgr5, Lgr6, Lhcgr, Lif, Lilra5, Lilrb4a, Lilrb4b, Limd1, Lime1, Lims1, Lims2, Lin28a, Lingo1, Lipa, Litaf, Llgl1, Llgl2, Lmbr1l, Lmcd1, Lmna, Lmnb1, Lmo3, Lmx1a, Lnpep, Lonp1, Lox, Loxl3, Lpar1, Lpar2, Lpar3, Lpxn, Lrch4, Lrfn2, Lrg1, Lrig2, Lrit3, Lrp1, Lrp2, Lrp4, Lrp5, Lrp6, Lrp8, Lrrc14, Lrrc19, Lrrc32, Lrrc4, Lrrc4c, Lrrc8a, Lrrk1, Lrrk2, Lrrtm1, Lrrtm2, Lsm14a, Lta, Ltb, Ltbp1, Ltbr, Ltf, Ltk, Lurap1, Lurap1l, Ly6g6e, Ly6g6g, Ly6m, Ly86, Ly96, Lyn, Lynx1, Lypd10, Lypd11, Lypd6, Lyplal1, Lztr1, Lzts1, Lzts2, Macf1, Mad1l1, Mad2l1, Mad2l1bp, Mad2l2, Madd, Maged1, Magi2, Magi3, Mal, Malt1, Maoa, Map1a, Map1b, Map2k1, Map2k2, Map2k3, Map2k4, Map2k5, Map2k6, Map2k7, Map3k1, Map3k10, Map3k11, Map3k12, Map3k13, Map3k20, Map3k3, Map3k4, Map3k5, Map3k7, Map4k1, Map4k2, Map4k4, Mapk1, Mapk14, Mapk3, Mapk7, Mapk8, Mapk8ip1, Mapk8ip2, Mapk8ip3, Mapk9, Mapkap1, Mapkapk5, Mapkbp1, Mapre2, Mapt, Marchf7, Marcks, Marco, Mark3, Mark4, Marveld3, Mas1, Mat2a, Mavs, Maz, Mbd2, Mbd5, Mbip, Mc1r, Mcc, Mcf2l, Mcl1, Mctp1, Mctp2, Mcu, Mdfi, Mdfic, Mdfic2, Mdk, Mdm2, Mdm4, Mecom, Mecp2, Med1, Mef2c, Mefv, Megf8, Meis3, Men1, Mertk, Mesp1, Met, Mettl3, Mfhas1, Mfn2, Mfng, Mgat5, Mgll, Mgrn1, Micu3, Mid1, Mid2, Midn, Mif, Minar1, Mink1, Mios, Mir100, Mir101a, Mir101b, Mir106a, Mir106b, Mir124-2hg, Mir124a-1hg, Mir125a, Mir125b-1, Mir125b-2, Mir126a, Mir127, Mir128-1, Mir128-2, Mir129, Mir129-1, Mir129-2, Mir130a, Mir132, Mir134, Mir137, Mir138-1, Mir138-2, Mir143, Mir145a, Mir148b, Mir149, Mir150, Mir151, Mir153, Mir154, Mir15a, Mir17, Mir181a-1, Mir181a-2, Mir181b-1, Mir181b-2, Mir181c, Mir181d, Mir185, Mir187, Mir191, Mir195a, Mir1983, Mir19a, Mir19b-1, Mir19b-2, Mir1a-1, Mir1a-2, Mir200a, Mir204, Mir205, Mir20a, Mir210, Mir211, Mir218, Mir218-1, Mir218-2, Mir22, Mir221, Mir222, Mir23a, Mir23b, Mir24-1, Mir24-2, Mir25, Mir26a-1, Mir26a-2, Mir26b, Mir27a, Mir27b, Mir28a, Mir290a, Mir29a, Mir29b-1, Mir29b-2, Mir300, Mir301, Mir301b, Mir30a, Mir30b, Mir30c-1, Mir30c-2, Mir30d, Mir30e, Mir320, Mir324, Mir328, Mir330, Mir337, Mir338, Mir342, Mir345, Mir369, Mir374b, Mir378a, Mir379, Mir381, Mir382, Mir383, Mir384, Mir410, Mir411, Mir421, Mir423, Mir425, Mir433, Mir434, Mir467a-1, Mir467a-10, Mir467a-2, Mir467a-3, Mir467a-4, Mir467a-5, Mir467a-6, Mir467a-7, Mir467a-8, Mir467a-9, Mir467b, Mir484, Mir486, Mir487b, Mir494, Mir500, Mir501, Mir539, Mir540, Mir541, Mir551b, Mir652, Mir667, Mir672, Mir673, Mir674, Mir675, Mir7-1, Mir7-2, Mir744, Mir760, Mir770, Mir7b, Mir872, Mir9-1, Mir9-2, Mir9-3, Mir92-1, Mir92-2, Mir92b, Mir93, Mir98, Mir99a, Mirlet7c-1, Mirlet7c-2, Mirlet7d, Mirlet7e, Mirlet7f-1, Mirlet7f-2, Mirlet7i, Mkrn2, Mks1, Mlf1, Mllt3, Mlst8, Mmd2, Mme, Mmp12, Mmp14, Mmp2, Mmp3, Mmp8, Mmp9, Mmrn1, Mmrn2, Mn1, Mndal, Mnt, Mob3b, Mob4, Morn3, Mos, Mosmo, Mpc2, Mpig6b, Mpp2, Mpv17l, Mrap, Mrap2, Mrtfa, Mst1, Mst1r, Mstn, Msx1, Msx2, Mt3, Mtch2, Mtdh, Mtm1, Mtmr2, Mtmr4, Mtnr1a, Mtnr1b, Mtor, Mturn, Muc1, Muc20, Mul1, Mup1, Mup11, Mup2, Mup3, Mup4, Mup5, Musk, Mvb12a, Mvb12b, Mvp, Myadm, Myb, Myc, Myd88, Mydgf, Myh7b, Myh9, Mylk2, Myo5a, Myo5b, Myo6, Myo9b, Myoc, Myocd, Myof, Myorg, Myoz1, Myoz2, Myrip, Myt1, Mzb1, n-TIaat17, n-TRtct5, Nacc2, Nadk, Nagk, Naip1, Naip2, Naip5, Naip6, Naip7, Nalcn, Nanog, Nanos3, Nbl1, Nbr1, Ncald, Ncam1, Ncan, Ncdn, Nck1, Nck2, Nckap1l, Ncl, Ncln, Ncoa1, Ncoa2, Ncoa3, Ncoa5, Ncoa6, Ncor1, Ncor2, Ncs1, Ncstn, Ndc80, Ndp, Ndrg2, Ndrg4, Ndst1, Ndufa13, Ndufaf2, Ndufc2, Ndufs3, Necab2, Nectin2, Nedd4, Nefh, Nefl, Negr1, Nek1, Nek10, Nek7, Nek8, Nelfe, Nell2, Nenf, Neo1, Nepn, Nepro, Net1, Neto1, Neu3, Neurl1a, Neurod1, Neurod2, Nf1, Nf2, Nfam1, Nfat5, Nfatc4, Nfe2l2, Nfkb1, Nfkbia, Nfkbib, Nfkbid, Nfkbil1, Ngdn, Ngf, Ngfr, Ngly1, Nherf1, Nherf2, Nherf4, Nid1, Ninj1, Nisch, Nkd1, Nkd2, Nkiras1, Nkiras2, Nkx2-1, Nkx2-5, Nkx3-1, Nkx6-1, Nle1, Nlgn1, Nlgn2, Nlgn3, Nlgn4l, Nlk, Nlrc3, Nlrc5, Nlrp12, Nlrp3, Nlrp6, Nlrx1, Nmb, Nme5, Nmi, Nmnat1, Nmu, Nmur1, Nnat, Noc2l, Nod1, Nod2, Nodal, Nog, Nol3, Nono, Nop2, Nop53, Nos1, Nos2, Notch1, Notch2, Notch4, Notum, Nox1, Nox4, Npas4, Npc1, Npff, Npffr2, Nphp3, Nphp4, Nploc4, Npm1, Npnt, Nppa, Nppb, Nppc, Npr1, Npr2, Nprl2, Nprl3, Nps, Npsr1, Nptn, Npvf, Npy, Npy1r, Npy2r, Npy5r, Nqo2, Nr0b1, Nr0b2, Nr1d1, Nr1h3, Nr1h4, Nr2c1, Nr2e1, Nr3c1, Nr3c2, Nr4a2, Nrarp, Nrep, Nrg1, Nrg3, Nrgn, Nrk, Nrn1, Nron, Nrp1, Nrros, Nrxn1, Nrxn2, Nrxn3, Nsg1, Nsmf, Ntf3, Ntf5, Ntng1, Ntng2, Ntrk1, Ntrk2, Ntrk3, Nts, Ntsr1, Ntsr2, Nuak2, Nucb2, Nucks1, Numa1, Nup62, Nup93, Nupr1, Nxn, Nxph1, Nxph4, Oas1a, Oas1b, Oas1c, Oas1d, Oas1e, Oas1f, Oas1g, Oas1h, Oas3, Oasl1, Obox4, Obscn, Ofd1, Oga, Ogt, Olfm4, Onecut1, Onecut2, Opa1, Ophn1, Oprk1, Oprl1, Oprm1, Optn, Or2at4, Orai1, Osbp, Osbpl8, Osm, Otop1, Otub1, Otud3, Otud4, Otud5, Otud7b, Otulin, Ovol2, Oxct1, Oxt, Oxtr, P2rx1, P2rx2, P2rx3, P2rx4, P2rx7, P2ry1, P2ry12, P2ry2, P2ry4, P2ry6, P4hb, Pacsin2, Padi2, Pafah1b1, Pagr1a, Paip2, Pak1, Pak1ip1, Pak2, Pak3, Pak4, Pak5, Pak6, Palm, Palm3, Pals1, Pam16, Paqr3, Park7, Parl, Parp1, Parp14, Parp9, Pask, Pate4, Pate6, Pawr, Pax8, Pbk, Pbld1, Pbld2, Pbp2, Pbxip1, Pcbp2, Pcdh17, Pcdh8, Pcgf2, Pcid2, Pck2, Pclo, Pcp4, Pcsk5, Pcsk9, Pdc, Pdcd10, Pdcd4, Pdcd6, Pdcd7, Pdcl, Pde10a, Pde11a, Pde1c, Pde2a, Pde3a, Pde3b, Pde4a, Pde4c, Pde4d, Pde5a, Pde6g, Pde6h, Pde8a, Pde8b, Pde9a, Pdgfa, Pdgfb, Pdgfc, Pdgfd, Pdgfra, Pdgfrb, Pdia3, Pdia6, Pdk2, Pdpk1, Pdx1, Pea15a, Pea15b-ps, Pebp1, Peg10, Peg12, Peli1, Peli2, Peli3, Pelo, Penk, Per1, Per2, Pex5l, Pfdn5, Pfkfb2, Pfkl, Pfkm, Pfn1, Pfn2, Phactr4, Phb1, Phb2, Phf14, Phf24, Phip, Phlda2, Phlda3, Phlpp1, Phpt1, Pias2, Pias3, Pias4, Pibf1, Picalm, Pick1, Pid1, Pidd1, Pigbos1, Pigu, Pih1d1, Pik3ap1, Pik3ca, Pik3cb, Pik3cg, Pik3ip1, Pik3r1, Pik3r2, Pik3r5, Pik3r6, Pim1, Pim2, Pim3, Pin1, Pin1rt1, Pink1, Pip4k2a, Pip4k2b, Pip4k2c, Pip4p1, Pirb, Piwil4, Pja2, Pkd2, Pkhd1, Pkia, Pla2g2a, Pla2g3, Pla2g5, Pla2g6, Pla2r1, Plagl2, Plat, Plau, Plaur, Plcb1, Plcb4, Plcg1, Plcg2, Plcl1, Plcl2, Pld2, Plek, Plekha1, Plekha4, Plekhf1, Plg, Plin5, Plk2, Plk3, Plpp3, Plppr4, Plscr1, Plscr2, Plxnb1, Pmaip1, Pmch, Pmepa1, Pml, Pmp22, Pnkd, Pofut1, Poglut1, Pomc, Por, Postn, Potefam3a, Potefam3b, Pou1f1, Pp2d1, Ppara, Ppard, Pparg, Ppef2, Ppfia2, Ppfia3, Ppia, Ppif, Ppm1a, Ppm1b, Ppm1d, Ppm1k, Ppm1n, Ppp1ca, Ppp1r10, Ppp1r16b, Ppp1r2, Ppp1r9a, Ppp1r9b, Ppp2ca, Ppp2cb, Ppp2r1a, Ppp2r1b, Ppp2r3a, Ppp2r5b, Ppp2r5d, Ppp3ca, Ppp3cb, Ppp3cc, Ppp3r1, Ppp3r2, Ppp5c, Ppp6c, Ppp6r1, Ppp6r2, Ppp6r3, Ppt1, Prag1, Pramel7, Prap1, Prcp, Prdm11, Prdm14, Prdm15, Prdm16, Prdx1, Prdx2, Prelid1, Prepl, Prex1, Prex2, Prickle1, Prkaa1, Prkaa2, Prkaca, Prkacb, Prkar1a, Prkar1b, Prkar2a, Prkar2b, Prkca, Prkcb, Prkcd, Prkce, Prkcg, Prkch, Prkcq, Prkcz, Prkd1, Prkd2, Prkdc, Prkn, Prkra, Prl, Prl2a1, Prl2b1, Prl2c1, Prl2c2, Prl2c3, Prl2c5, Prl3a1, Prl3b1, Prl3c1, Prl3d1, Prl3d2, Prl3d3, Prl4a1, Prl5a1, Prl6a1, Prl7a1, Prl7a2, Prl7b1, Prl7c1, Prl7d1, Prl8a1, Prl8a2, Prl8a6, Prl8a8, Prl8a9, Prlr, Prmt1, Prmt2, Prmt5, Prmt6, Prnp, Prodh, Prok1, Pros1, Prox1, Prpf4b, Prr5, Prr5l, Prrt1, Prrt2, Prrx1, Prrx2, Prxl2c, Psap, Psca, Psd, Psd2, Psd3, Psd4, Psen1, Psen2, Psmc5, Psmd10, Psmd9, Psme3, Ptbp1, Ptch1, Ptch2, Pten, Ptgdr2, Ptger3, Ptger4, Ptgir, Ptgis, Ptgs2, Ptgs2os, Pth, Ptk2, Ptk2b, Ptk7, Ptn, Ptp4a3, Ptpmt1, Ptpn1, Ptpn11, Ptpn12, Ptpn13, Ptpn2, Ptpn22, Ptpn23, Ptpn5, Ptpn6, Ptpra, Ptprc, Ptprd, Ptpre, Ptprf, Ptprj, Ptpro, Ptprr, Ptprs, Ptprt, Ptpru, Ptprv, Pttg1ip, Pum1, Pum2, Pvrig, Pxk, Pycard, Pycr1, Qars1, Rab11a, Rab11fip1, Rab11fip3, Rab11fip5, Rab23, Rab29, Rab34, Rab3a, Rab3gap1, Rab5a, Rab7, Rab7b, Rab8a, Rab8b, Rabgef1, Rabl3, Rac1, Rack1, Rad51, Rad9a, Raf1, Rala, Ralb, Ralbp1, Ralgapa1, Ralgapa2, Ralgapb, Ralgps1, Ramp1, Ramp2, Ramp3, Ranbp9, Rap1a, Rap1b, Rap1gap, Rap1gap2, Rap1gds1, Rap2a, Rapgef1, Rapgef2, Rapgef3, Rapgef4, Rapsn, Rara, Rarres2, Rasa2, Rasa3, Rasa4, Rasal1, Rasal3, Rasd2, Rasgef1a, Rasgrf1, Rasgrf2, Rasgrp1, Rasip1, Rasl10b, Rasl11b, Rassf2, Rb1, Rb1cc1, Rbbp4, Rbbp7, Rbck1, Rbm4, Rbm47, Rbms3, Rbp4, Rbpj, Rbpms2, Rbx1, Rbx1-ps, Rc3h1, Rc3h2, Rcan1, Rcn3, Rcvrn, Rdx, Reck, Rela, Rell1, Rell2, Reln, Ren1, Ren2, Rest, Ret, Retn, Rffl, Rfng, Rfwd3, Rfx3, Rfx4, Rfx6, Rgl2, Rgma, Rgn, Rgs1, Rgs10, Rgs11, Rgs12, Rgs13, Rgs14, Rgs16, Rgs17, Rgs18, Rgs19, Rgs2, Rgs20, Rgs22, Rgs3, Rgs4, Rgs5, Rgs6, Rgs7, Rgs7bp, Rgs8, Rgs9, Rgs9bp, Rhbdf1, Rhbdf2, Rheb, Rhoa, Rhoh, Rhot1, Rian, Ric8a, Rictor, Rims1, Rims2, Rims3, Rims4, Rin1, Riok3, Ripk1, Ripk2, Ripk3, Ripor1, Ripor2, Rit2, Rita1, Rln1, Rnaseh2b, Rnf111, Rnf113a1, Rnf113a2, Rnf115, Rnf125, Rnf126, Rnf13, Rnf14, Rnf146, Rnf149, Rnf152, Rnf167, Rnf170, Rnf183, Rnf185, Rnf19a, Rnf213, Rnf220, Rnf31, Rnf34, Rnf41, Rnf43, Rnf6, Robo1, Robo2, Rock1, Rock2, Ror1, Ror2, Rora, Ros1, Rpa2, Rpf2, Rpgrip1l, Rph3al, Rpl11, Rpl23, Rpl26, Rpl37, Rpl37rt, Rpl5, Rps12, Rps15, Rps20, Rps23rg1, Rps3, Rps6ka1, Rps6ka6, Rps6kb1, Rps6kb2, Rps7, Rptor, Rraga, Rragb, Rragc, Rragd, Rras, Rrm2b, Rrn3, Rrs1, Rsad2, Rspo1, Rspo2, Rspo3, Rspo4, Rtkn2, Rtn4, Rtn4r, Rubcn, Rundc3a, Runx1, Runx2, Runx3, Ruvbl1, Ruvbl2, Rwdd1, Rwdd3, Rxfp2, Rxra, Rxrb, Ryk, Ryr1, Ryr2, S100a13, S100a4, S100a7l2, S100a8, S100a9, S100b, S1pr2, S2bpcox16, Sac3d1, Safb, Safb2, Sag, Sall1, Sall3, Samd5, Samhd1, Samsn1, Samtor, Sap130, Sap30, Sap30l, Sar1a, Sar1b, Sarm1, Sash1, Sash3, Scai, Scel, Scg2, Scg5, Scgn, Schip1, Scimp, Sco1, Sct, Sctr, Scube1, Scube2, Scube3, Scyl2, Sdcbp, Sdhaf2, Sec13, Sec14l1, Seh1l, Selenok, Selenos, Selenot, Selp, Sema3e, Sema4c, Sema4d, Sema5a, Sema6a, Sema7a, Septin4, Serinc3, Serp1, Serpina12, Serpine1, Serpine2, Serpinf2, Sesn1, Sesn2, Sesn3, Sez6, Sez6l, Sez6l2, Sfpq, Sfrp1, Sfrp2, Sfrp4, Sfrp5, Sgk3, Sgsm3, Sh2b1, Sh2b2, Sh2b3, Sh2d1a, Sh2d1b1, Sh3bp1, Sh3bp4, Sh3gl1, Sh3glb1, Sh3rf1, Sh3rf2, Sh3rf3, Sh3tc2, Shank1, Shank2, Shank3, Sharpin, Shc1, Shh, Shisa2, Shisa3, Shisa6, Shisa7, Shisa8, Shisa9, Shkbp1, Shoc2, Shox2, Shq1, Siah1a, Siah1b, Siah2, Sidt2, Sigirr, Siglec1, Siglecg, Sik2, Sik3, Sike1, Sin3a, Sinhcaf, Sipa1, Sipa1l1, Sipa1l2, Sipa1l3, Sirpa, Sirt1, Sirt2, Sirt3, Sirt4, Sirt6, Sirt7, Six3, Ska1, Ska3, Ski, Skil, Skor1, Skor2, Skp2, Sla, Sla2, Slamf1, Slc12a2, Slc15a2, Slc15a3, Slc15a4, Slc16a1, Slc18a3, Slc19a1, Slc1a1, Slc1a3, Slc24a1, Slc24a2, Slc24a4, Slc25a22, Slc25a31, Slc25a4, Slc25a5, Slc27a4, Slc2a10, Slc2a2, Slc2a4, Slc30a1, Slc30a10, Slc30a8, Slc35c1, Slc35c2, Slc35f6, Slc38a1, Slc38a2, Slc38a9, Slc39a10, Slc39a14, Slc39a8, Slc46a2, Slc4a10, Slc4a8, Slc6a1, Slc6a4, Slc6a6, Slc6a9, Slc7a1, Slc7a10, Slc7a11, Slc7a3, Slc8a2, Slc8a3, Slc8b1, Slc9a1, Slc9a6, Slc9b2, Slit2, Slit3, Slitrk5, Slmap, Slurp2, Smad2, Smad3, Smad4, Smad5, Smad6, Smad7, Smarca4, Smarcb1, Smcr8, Smim30, Smo, Smoc2, Smpd1, Smpd3, Smpdl3a, Smpdl3b, Smurf1, Smurf2, Smyd2, Snai1, Snai2, Snap25, Snap29, Snap47, Snapin, Snca, Sncaip, Sncg, Snip1, Snw1, Snx1, Snx13, Snx14, Snx25, Snx3, Snx4, Snx5, Snx6, Socs1, Socs2, Socs3, Socs4, Socs5, Socs6, Socs7, Sod1, Sod2, Sorbs1, Sorbs3, Sorcs2, Sorcs3, Sorl1, Sos1, Sos2, Sost, Sostdc1, Sox10, Sox11, Sox13, Sox17, Sox2, Sox30, Sox4, Sox7, Sox9, Sp100, Spaar, Spag9, Spart, Spata2, Spatc1l, Specc1l, Spef1, Spg11, Sphk1, Sphk2, Spi1, Spin1, Spin4, Spink1, Spop, Spp1, Sppl3, Spred1, Spred2, Spred3, Spring1, Spry1, Spry2, Spry3, Spry4, Spsb3, Sptbn1, Sqstm1, Srarp, Src, Srebf1, Srebf2, Srf, Sri, Srms, Srpx, Ssh1, Sstr4, Sstr5, Ssx2ip, Stambp, Stambpl1, Stap1, Star, Stard10, Stard13, Stard8, Stat1, Stat2, Stat3, Stau1, Stau2, Steap3, Stim1, Sting1, Stk11, Stk19, Stk25, Stk3, Stk36, Stk38, Stk39, Stk4, Stk40, Stmn1, Stmn3, Stmp1, Stox1, Stra6, Stradb, Strap, Strip1, Strn, Strn3, Strn4, Stub1, Stx1a, Stx1b, Stx3, Stx4a, Stxbp1, Stxbp4, Stxbp5, Stxbp5l, Styx, Styx-ps, Styxl1, Styxl2, Suds3, Sufu, Sulf1, Sulf2, Suz12, Sv2b, Sv2c, Syap1, Sybu, Syde1, Syde2, Syk, Syn1, Syngap1, Syngr1, Synj2bp, Synpo, Synpo2l, Synpr, Syp, Syt1, Syt12, Syt13, Syt2, Syt4, Syt5, Syt7, Syt8, Syt9, Sytl4, Syvn1, Szt2, Taar1, Tab1, Tab2, Tab3, Tac1, Tacr1, Tacr2, Taf6, Tafa1, Tafa4, Tagap, Tank, Taok1, Taok2, Taok3, Tarbp2, Tardbp, Tasl, Tax1bp1, Tax1bp3, Tbc1d1, Tbc1d10c, Tbc1d24, Tbc1d7, Tbck, Tbk1, Tbl1x, Tbl1xr1, Tbx1, Tbx18, Tbx20, Tcf21, Tcf4, Tcf7l2, Tcim, Tcirg1, Tcrb, Tctn1, Tedc1, Tedc2, Tek, Tenm1, Tent2, Terf2ip, Tert, Tespa1, Tet1, Tfap2a, Tfap2b, Tff2, Tfr2, Tfrc, Tgfa, Tgfb1, Tgfb1i1, Tgfb2, Tgfb3, Tgfbr1, Tgfbr2, Tgfbr3, Tgfbr3l, Tgif1, Tgm2, Thap11, Thbs1, Them4, Thpo, Thra, Thrb, Thy1, Tial1, Tiam1, Ticam1, Ticam2, Tifa, Tifab, Timp1, Timp2, Tirap, Tjp2, Tkfc, Tle1, Tle2, Tle3, Tle4, Tle5, Tle6, Tle7, Tlr1, Tlr13, Tlr2, Tlr3, Tlr4, Tlr6, Tlr7, Tlr8, Tlr9, Tm7sf3, Tm9sf5, Tmbim1, Tmbim4, Tmbim6, Tmc8, Tmed2, Tmem100, Tmem106a, Tmem108, Tmem127, Tmem131l, Tmem132a, Tmem14a, Tmem161a, Tmem170b, Tmem198, Tmem198b, Tmem204, Tmem237, Tmem25, Tmem33, Tmem53, Tmem64, Tmem88, Tmem88b, Tmem9, Tmf1, Tmod2, Tmprss6, Tmsb4x, Tnf, Tnfaip1, Tnfaip3, Tnfaip6, Tnfaip8l1, Tnfaip8l3, Tnfrsf11a, Tnfrsf11b, Tnfrsf12a, Tnfrsf19, Tnfrsf1a, Tnfrsf22, Tnfrsf23, Tnfrsf4, Tnfsf10, Tnfsf11, Tnfsf12, Tnfsf14, Tnfsf15, Tnfsf4, Tnik, Tnip1, Tnip2, Tnip3, Tnk1, Tnks, Tnks2, Tnn, Tnr, Tns2, Tns3, Tnxb, Tob1, Tpbg, Tpbgl, Tpd52l1, Tpr, Tprg1l, Tpt1, Trabd2b, Tradd, Traf1, Traf2, Traf3, Traf3ip1, Traf3ip2, Traf4, Traf5, Traf6, Traf7, Traip, Trap1, Trat1, Trem2, Treml1, Treml4, Trex1, Trh, Triap1, Trib1, Trim11, Trim12a, Trim12c, Trim13, Trim15, Trim24, Trim25, Trim26, Trim3, Trim30a, Trim30b, Trim30c, Trim30d, Trim31, Trim32, Trim33, Trim38, Trim39, Trim41, Trim44, Trim5, Trim52, Trim55, Trim56, Trim59, Trim6, Trim60, Trim62, Trim67, Trim68, Trim72, Trim8, Trio, Trip6, Trp53, Trp63, Trp73, Trpa1, Trpc1, Trpm2, Trpm4, Trpm5, Trps1, Trpv4, Tsc1, Tsc2, Tsc22d1, Tsg101, Tshz3, Tsku, Tslp, Tspan14, Tspan15, Tspan32, Tspan5, Tspan6, Tspear, Tspo, Tspoap1, Tspyl5, Ttbk2, Ttc21b, Ttc23, Tti1, Ttll12, Tub, Tubb2b, Tubd1, Tulp3, Tunar, Tut4, Twist1, Twsg1, Txk, Txn1, Txndc12, Txndc15, Tyk2, Tymp, Tyro3, Tyrobp, Uaca, Uba5, Ubac2, Ubash3a, Ubash3b, Ubb, Ubd, Ube2b, Ube2d1, Ube2i, Ube2k, Ube2n, Ube2o, Ube2v1, Ube2w, Ube3a, Ubqln1, Ubqln2, Ubr1, Ubr2, Ubr5, Uchl1, Uchl5, Ucma, Ucn, Ucn2, Ucn3, Ucp2, Ufd1, Ufl1, Ufm1, Ufsp2, Ugcg, Ulk1, Ulk3, Ulk4, Unc13a, Unc13b, Unc13c, Unc5b, Unc5cl, Uqcc2, Uri1, Usp1, Usp10, Usp12, Usp15, Usp17le, Usp18, Usp20, Usp25, Usp26, Usp27x, Usp29, Usp32, Usp33, Usp34, Usp4, Usp44, Usp46, Usp47, Usp49, Usp50, Usp7, Usp8, Usp9x, Uts2, Vamp2, Vamp7, Vamp8, Vangl2, Vasn, Vav1, Vav2, Vav3, Vcp, Vdac2, Vdr, Vegfa, Vegfb, Vegfc, Vegfd, Veph1, Vgf, Vgll4, Vhl, Vip, Vnn1, Vps11, Vps13a, Vps18, Vps25, Vps35, Vrk2, Vrk3, Vsir, Vsnl1, Vwa2, Vwc2, Vwc2l, Vwf, Wac, Wasf1, Wbp2, Wdfy1, Wdr11, Wdr24, Wdr48, Wdr54, Wdr59, Wdr76, Wdr83, Wdr91, Wfikkn1, Wfikkn2, Wfs1, Wif1, Wls, Wnk1, Wnk2, Wnt1, Wnt10b, Wnt11, Wnt16, Wnt3, Wnt3a, Wnt4, Wnt5a, Wnt5b, Wnt7a, Wnt7b, Wnt9a, Wtip, Wwc1, Wwc2, Wwox, Wwtr1, Xbp1, Xdh, Xiap, Xrcc3, Yap1, Ybx3, Yjefn3, Yju2, Ythdf1, Ythdf2, Ythdf3, Ywhab, Ywhae, Ywhag, Ywhah, Ywhaz, Zap70, Zbed3, Zbed6, Zbp1, Zbtb7a, Zbtb7b, Zc3h12a, Zc3h3, Zc3hav1, Zcchc3, Zdhhc1, Zdhhc12, Zdhhc17, Zdhhc18, Zdhhc2, Zdhhc25, Zdhhc3, Zdhhc5, Zdhhc7, Zdhhc9, Zeb1, Zeb2, Zfand2b, Zfand6, Zfas1, Zfp110, Zfp366, Zfp385a, Zfp423, Zfp451, Zfp536, Zfp568, Zfp592, Zfp622, Zfp653, Zfp703, Zfyve28, Zfyve9, Zgpat, Zic1, Zmiz1, Zmpste24, Zmynd11, Zmynd8, Znrf1, Znrf3, Znrf4, Zp3, Zranb1, Zswim2, Zwint, Zzef1
GO:0043412	macromolecule modification	2875	69	41.88	2.4e-05	0.005883428571428572	2610042L04Rik, 4930568D16Rik, 6430550D23Rik, A1cf, A4gnt, Aak1, Aanat, Aars1, Aatk, Abca1, Abca2, Abca7, Abcb11, Abhd10, Abhd12, Abhd13, Abhd17a, Abhd17b, Abhd17c, Abi1, Abi2, Abi3, Abl1, Abl2, Abo, Abraxas2, Ace, Acer2, Acp4, Acvr1, Acvr1b, Acvr2a, Adad1, Adad2, Adam10, Adam17, Adam9, Adar, Adarb1, Adarb2, Adat2, Adcy10, Adcy8, Adcyap1, Adgrb1, Adh5, Adipoq, Adipor2, Adm2, Adnp, Adprh, Adprhl1, Adprs, Adra2a, Adra2b, Adra2c, Adrb2, Adtrp, Aga, Agap2, Agbl1, Agbl2, Agbl3, Agbl4, Agbl5, Ager, Agrn, Agt, Agtpbp1, Ahrr, Aicda, Aida, Aif1, Aimp2, Aipl1, Ajuba, Akap11, Akap5, Akap6, Akap9, Akt1, Akt1s1, Akt2, Akt3, Aktip, Alg1, Alg10b, Alg11, Alg12, Alg13, Alg14, Alg2, Alg3, Alg5, Alg6, Alg8, Alg9, Alk, Alkbh1, Alkbh8, Alox12b, Als2, Ambra1, Amer1, Amfr, Anapc1, Anapc10, Anapc11, Anapc13, Anapc15, Anapc15-ps, Anapc16, Anapc2, Anapc4, Anapc5, Anapc7, Ang, Ang2, Ang3, Ang4, Ang5, Ang6, Angpt1, Angpt4, Ankib1, Ankrd11, Ankrd16, Ankrd54, Ankrd9, Antkmt, Anxa1, Anxa2, Ap3b1, Apc, Aplnr, Aplp2, Apoa1, Apoa2, Apobec1, Apobec2, Apobec3, Apoe, App, Appbp2, Aqp11, Araf, Areg, Arel1, Arfgef1, Arhgef2, Arhgef5, Arid5a, Arih1, Arih2, Ark2c, Arl2bp, Arnt, Arr3, Arrb1, Arrb2, Arrdc1, Arrdc3, Arrdc4, Asb1, Asb10, Asb11, Asb12, Asb13, Asb14, Asb15, Asb16, Asb17, Asb18, Asb2, Asb3, Asb4, Asb5, Asb6, Asb7, Asb8, Asb9, Asph, Aspscr1, Atat1, Ate1, Atf2, Atg10, Atg101, Atg13, Atg14, Atg16l1, Atg3, Atg4a, Atg4a-ps, Atg4b, Atg4c, Atg4d, Atg5, Atg7, Atm, Atp13a2, Atp2b4, Atp4b, Atp7a, Atpsckmt, Atr, Atxn3, Aurka, Aurkaip1, Aurkb, Aurkc, Avp, Axin1, Axin2, B3galnt1, B3galnt2, B3galt1, B3galt2, B3galt4, B3galt5, B3galt6, B3galt9, B3gat1, B3gat2, B3gat3, B3glct, B3gnt2, B3gnt3, B3gnt4, B3gnt5, B3gnt6, B3gnt7, B3gnt8, B3gnt9, B3gntl1, B4galnt2, B4galt1, B4galt2, B4galt3, B4galt4, B4galt5, B4galt6, B4galt7, B4gat1, Bag1, Bag2, Bag4, Bag5, Bag6, Bak1, Bank1, Bap1, Bard1, Bax, Baz1b, Bcar3, Bccip, Bcdin3d, Bcl10, Bcl11a, Bcl2, Bdkrb1, Bdkrb2, Bdnf, Bex1, Bex2, Bex3, Bex4, Bex6, Bfar, Birc2, Birc3, Birc5, Birc6, Birc7, Blk, Blm, Bloc1s1, Bmal1, Bmi1, Bmp2, Bmp4, Bmp6, Bmpr2, Bmx, Bola3, Braf, Brap, Brat1, Brca1, Brcc3, Brcc3dc, Brd4, Brms1, Brsk1, Brsk2, Bst1, Btbd1, Btbd35f1, Btg1, Btg2, Btk, Btrc, Bud23, C1galt1, C1galt1c1, C1qtnf4, C1qtnf9, C3, C9orf72, Cab39, Cactin, Cacul1, Cad, Cadm1, Cadm4, Camk1, Camk2a, Camk2b, Camk2d, Camk2g, Camk4, Camkk2, Camkmt, Caml, Camp, Cand1, Cand2, Capn3, Card10, Card14, Carm1, Cartpt, Casp3, Cass4, Cav1, Cav2, Cav3, Cbfb, Cbl, Cblb, Cblc, Cbll1, Cbx4, Ccar2, Ccdc88a, Cck, Ccl19, Ccl19-ps1, Ccl19-ps3, Ccl19-ps4, Ccl19-ps5, Ccl19-ps6, Ccl3, Ccl5, Ccn1, Ccn2, Ccna2, Ccnb1, Ccnb1ip1, Ccnc, Ccnd1, Ccnd2, Ccnd3, Ccne1, Ccnf, Ccnt1, Ccny, Ccnyl1, Ccr7, Cd109, Cd24a, Cd2ap, Cd300a, Cd300ld3, Cd36, Cd3e, Cd4, Cd40, Cd44, Cd6, Cd74, Cd80, Cdadc1, Cdc14b, Cdc16, Cdc20, Cdc23, Cdc25b, Cdc26, Cdc27, Cdc34, Cdc34b, Cdc37, Cdc42, Cdc42bpa, Cdc42bpb, Cdc42bpg, Cdca3, Cdh5, Cdk1, Cdk10, Cdk12, Cdk2, Cdk2ap1, Cdk2ap1rt, Cdk4, Cdk5, Cdk5r1, Cdk5r2, Cdk5rap1, Cdk5rap3, Cdk6, Cdk8, Cdk9, Cdkal1, Cdkl5, Cdkn1a, Cdkn1b, Cdkn1c, Cdkn2a, Cdkn2b, Cdkn2c, Cdkn2d, Cdon, Cdyl, Ceacam1, Celsr3, Cemip, Cenpe, Cep295, Cep41, Cep43, Cep63, Cep78, Cep85, Ces2a, Cfap20, Cfl1, Chchd4, Chek1, Chek2, Chfr, Chga, Chi3l1, Chm, Chml, Chmp6, Chordc1, Chp1, Chrna3, Chrna7, Chst4, Chuk, Cib1, Cilk1, Cish, Clcf1, Cldn19, Cldn3, Clec4n, Clec7a, Clip3, Clk1, Clk2, Clk3, Clk4, Cln3, Clock, Clspn, Cnksr3, Cnot4, Cnot7, Cnot9, Cntf, Cntn1, Cog3, Cog7, Col3a1, Col6a1, Commd1, Comt, Cop1, Cops2, Cops3, Cops4, Cops5, Cops6, Cops7a, Cops7b, Cops8, Cops9, Coro1c, Cox10, Cpt1c, Crbn, Creb1, Crebbp, Crebl2, Crh, Cripto, Crkl, Crlf1, Crppa, Crtap, Cry1, Cryaa, Csf1, Csf1r, Csf2, Csf3, Csk, Csnk1a1, Csnk1d, Csnk1e, Csnk2a1, Csnk2a2, Csnk2b, Cspg4, Csta1, Csta2, Csta3, Cstdc3, Cstdc4, Cstdc5, Cstdc6, Ctdnep1, Ctdp1, Ctdsp1, Ctdsp2, Ctdspl, Ctdspl2, Ctf1, Cth, Ctnnb1, Ctnnd1, Ctsg, Cttnbp2nl, Ctu1, Ctu2, Cul1, Cul2, Cul3, Cul4a, Cul4b, Cul5, Cul7, Cul9, Cwh43, Cx3cl1, Cx3cr1, Cxcr4, Cyld, Cyp1b1, D1Pas1, D7Ertd443e, Dab1, Dab2, Dab2ip, Dad1, Dalrd3, Dapk1, Dapk2, Dapk3, Daw1, Daxx, Dbi, Dbndd2, Dcaf1, Dcaf10, Dcaf11, Dcaf12, Dcaf13, Dcaf15, Dcaf17, Dcaf5, Dcaf6, Dcaf7, Dcaf8, Dclk1, Dclk2, Dclk3, Dcst1, Dcun1d1, Dcun1d2, Dcun1d3, Dcun1d4, Dcun1d5, Dda1, Ddah1, Ddb1, Ddb2, Ddost, Ddr1, Ddr2, Ddrgk1, Ddx3x, Deptor, Derl1, Derl3, Desi1, Desi2, Det1, Dgkq, Dguok, Dhdds, Dhps, Dicer1, Dimt1, Dip2a, Dip2b, Dkc1, Dkk1, Dlg1, Dmd, Dmpk, Dmtn, Dnah12, Dnaja1, Dnaja3, Dnajb11, Dnajb2, Dnajc10, Dnajc24, Dnajc3, Dntt, Dock7, Dohh, Dok7, Dolk, Dolpp1, Dpagt1, Dph1, Dph2, Dph3, Dph5, Dph6, Dph7, Dpm1, Dpm2, Dpm3, Dpy19l1, Dpy19l3, Dr1, Drd1, Drd2, Drd4, Dscc1, Dsp, Dtl, Dtnbp1, Dtwd1, Dtwd2, Dtx1, Dtx2, Dtx3, Dtx3l, Dtx4, Dus1l, Dus2, Dus3l, Dus4l, Dusp1, Dusp10, Dusp11, Dusp18, Dusp19, Dusp2, Dusp21, Dusp22, Dusp26, Dusp29, Dusp3, Dusp5, Dusp6, Dusp7, Dvl1, Dvl2, Dvl3, Dynap, Dynapl1, Dyrk1a, Dyrk1b, Dyrk2, Dyrk3, Dysf, Dzip3, E4f1, Ect2, Edem1, Edem2, Edem3, Edn1, Edn3, Ednra, Ednrb, Eef1akmt1, Eef1akmt2, Eef1akmt3, Eef2k, Eef2kmt, Efemp1, Efna1, Efna5, Egf, Egfr, Egln2, Egln3, Egr1, Egr2, Ehd4, Ehmt1, Ehmt2, Eif2a, Eif2ak1, Eif2ak2, Eif2ak3, Eif2ak4, Eif2s1, Eif4g1, Eif4g3, Eipr1, Elob, Eloc, Elp1, Elp2, Elp3, Elp4, Elp5, Elp6, Emg1, Emp2, Enc1, Eng, Engase, Enpp1, Enpp2, Entpd5, Eogt, Ep300, Epas1, Epha1, Epha3, Epha4, Epha7, Epha8, Ephb1, Ephb2, Ephb3, Ephb4, Epm2a, Epo, Epsti1, Erbb2, Erbb4, Erc1, Ercc6, Ercc8, Ereg, Ern1, Ern2, Ero1a, Ero1b, Erp29, Errfi1, Esco1, Esco2, Etaa1, Etf1, Etfbkmt, Evpl, Exosc3, Exosc4, Exosc5, Exosc6, Ext1, Ext2, Extl1, Extl3, Eya1, Eya2, Eya3, Ezh2, F13a1, F2, Fabp4, Fam107a, Fam161a, Fam20a, Fam20c, Fam220a, Fam3c, Fam98a, Fam98b, Fancf, Fanci, Fancl, Fancm, Fas, Fastk, Fau, Faxdc2, Fbh1, Fbl, Fbll1, Fbln1, Fbn1, Fbxl12, Fbxl15, Fbxl17, Fbxl2, Fbxl21, Fbxl22, Fbxl3, Fbxl5, Fbxl7, Fbxo10, Fbxo11, Fbxo2, Fbxo22, Fbxo25, Fbxo28, Fbxo3, Fbxo30, Fbxo31, Fbxo32, Fbxo33, Fbxo38, Fbxo4, Fbxo43, Fbxo45, Fbxo5, Fbxo6, Fbxo7, Fbxo9, Fbxw11, Fbxw15, Fbxw5, Fbxw7, Fbxw8, Fcer1a, Fcor, Fdxacb1, Fech, Fem1a, Fem1al, Fem1b, Fem1c, Fer, Fes, Fgd2, Fgd4, Fgf1, Fgf10, Fgf15, Fgf18, Fgf2, Fgf4, Fgf7, Fgf8, Fgfr1, Fgfr2, Fgfr3, Fgfr4, Fgr, Ficd, Firrm, Fiz1, Fkbp10, Fkbp8, Fkrp, Fktn, Flcn, Flna, Flot1, Flt1, Flt3, Flt3l, Flt4, Fmr1, Fn1, Fn3k, Fn3krp, Fndc1, Fnip1, Fnip2, Fnta, Fntb, Foxf2, Frey1, Fry, Fscb, Fshr, Ftsj1, Ftsj3, Fut1, Fut10, Fut11, Fut2, Fut4, Fut7, Fut8, Fut9, Fxn, Fxyd1, Fyn, Fzd1, Fzd4, Fzd5, Fzd8, Fzr1, G2e3, G6pd2, G6pdx, Gab1, Gabarap, Gadd45a, Gadd45b, Gadd45g, Galnt1, Galnt10, Galnt11, Galnt12, Galnt13, Galnt14, Galnt15, Galnt16, Galnt17, Galnt18, Galnt2, Galnt3, Galnt4, Galnt5, Galnt6, Galnt7, Galnt9, Galntl6, Gan, Gapdh, Gar1, Garem1, Gas6, Gata1, Gba1, Gbgt1, Gbp4, Gcg, Gclc, Gcnt1, Gcnt2, Gcnt3, Gcnt4, Gcnt7, Gcsh, Gdnf, Gfpt1, Gfpt2, Gfra1, Gfra2, Ggcx, Ggnbp2, Ggta1, Gjc2, Glul, Glyctk, Gm11690, Gm15222, Gm36723, Gmppa, Gmppb, Gnaq, Gnas, Gnl3, Gnl3l, Golga2, Golga7, Gon7, Gorasp1, Gp6, Gpd1l, Gper1, Gpnmb, Gpr39, Gprc5a, Gprc5b, Gps1, Gps2, Gpx1, Grem1, Grk1, Grk2, Grk3, Grk5, Gsk3a, Gsk3b, Gskip, Gspt1, Gstp-ps, Gstp1, Gstp2, Gstp3, Gstt1, Gtdc1, Gtf2b, Gtpbp3, Gtpbp4, Gxylt1, Gxylt2, Hace1, Hamp, Hamp2, Haspin, Hax1, Hbb-b1, Hbegf, Hccs, Hck, Hcls1, Hcst, Hdac1, Hdac10, Hdac2, Hdac3, Hdac4, Hdac6, Hdac7, Hdac8, Hdac9, Hectd1, Hectd2, Hectd3, Hecw1, Hecw2, Heg1, Henmt1, Herc2, Herc3, Herc4, Herc6, Herpud1, Hes1, Hes5, Hexim2, Hgf, Hgs, Hhat, Hhatl, Hhex, Hif1a, Higd1a, Hint1, Hint2, Hipk1, Hipk2, Hipk3, Hipk4, Hlcs, Hltf, Hmg20a, Hmg20b, Hmga2, Hmgb1, Hmgcr, Hnf1a, Hnf4a, Hnrnpab, Hnrnpc, Hoxb3os, Hpx, Hras, Hrc, Hrg, Hs2st1, Hs3st3b1, Hs3st5, Hs6st1, Hs6st2, Hs6st3, Hsd17b10, Hsf1, Hsp90aa1, Hsp90ab1, Hspa1b, Hspa2, Hspa4, Hspa5, Hspb1, Hspbp1, Htatip2, Htr2a, Htr2b, Htt, Hunk, Hus1, Huwe1, Hyal2, Ibtk, Icam1, Icmt, Ifih1, Ifna, Ifnar1, Ifnb1, Ifng, Ifnz, Ift80, Igf1, Igf1r, Igfbp3, Igh-7, Ighm, Igtp, Ikbkb, Ikbke, Il11, Il12a, Il12b, Il12rb1, Il12rb2, Il13, Il15, Il18, Il1b, Il2, Il21, Il22, Il22ra2, Il23a, Il24, Il3, Il31ra, Il34, Il4, Il5, Il6, Il6ra, Il6st, Il7, Il9, Il9r, Ilf3, Ilk, Impact, Inava, Inca1, Ing4, Ing5, Inhba, Inpp5f, Inpp5j, Inpp5k, Ins1, Ins2, Insm1, Insr, Insrr, Invs, Ip6k2, Ip6k3, Iqgap1, Iqgap3, Irak1, Irak3, Irf1, Irf2bp1, Irf2bpl, Irgm1, Irgm2, Isg15, Isl1, Israa, Itch, Itga5, Itgb1, Itgb1bp1, Itgb2, Itgb2l, Itgb3, Itk, Itln1, Itlnb, Itpkb, Ivl, Ivns1abp, Jade2, Jak1, Jak2, Jak3, Jmjd4, Jmjd6, Jmjd7, Josd1, Josd2, Jtb, Jun, Kat14, Kat2a, Kat2b, Kat5, Kat6a, Kat7, Kbtbd13, Kbtbd2, Kbtbd6, Kbtbd7, Kbtbd8, Kcmf1, Kcnq2, Kcnq3, Kctd10, Kctd11, Kctd13, Kctd21, Kctd6, Kctd9, Kdm1a, Kdm4d, Kdm5a, Kdm6a, Kdr, Keap1, Khdc3, Kif14, Kif3a, Kirrel1, Kirrel2, Kit, Kitl, Klf15, Klhdc1, Klhdc10, Klhdc2, Klhdc3, Klhl10, Klhl12, Klhl13, Klhl15, Klhl17, Klhl18, Klhl2, Klhl20, Klhl21, Klhl22, Klhl24, Klhl25, Klhl3, Klhl31, Klhl36, Klhl40, Klhl41, Klhl42, Klhl7, Klhl8, Klhl9, Kmt2a, Kmt5a, Kndc1, Kras, Krt1, Krt10, Krt2, Krtcap2, Ksr1, Kti12, L1cam, Lama1, Laptm5, Large1, Large2, Larp7, Larp7-ps, Lats1, Lats2, Lck, Lcmt1, Lcmt2, Lep, Lepr, Lias, Liat1, Lif, Lilra5, Lilrb4a, Lilrb4b, Limch1, Lime1, Limk1, Limk2, Lipt1, Lipt2, Lmf1, Lmtk2, Lnx1, Lonp1, Loricrin, Lox, Loxl2, Loxl3, Lrp4, Lrp6, Lrp8, Lrr1, Lrrc41, Lrrc55os, Lrrk1, Lrrk2, Lrrn3, Lrsam1, Ltf, Ltk, Ltn1, Lyn, Lypla1, Lypla2, Lyplal1, Lztr1, Macrod1, Macrod2, Macroh2a1, Mad2l1, Mad2l2, Maged1, Magel2, Magi3, Magt1, Mak, Maml1, Man1a, Man1a2, Man1b1, Man2a1, Man2a2, Man2b1, Map2k1, Map2k2, Map2k3, Map2k4, Map2k6, Map2k7, Map3k1, Map3k10, Map3k11, Map3k12, Map3k13, Map3k20, Map3k3, Map3k4, Map3k5, Map3k6, Map3k7, Map3k9, Map4k1, Map4k2, Map4k3, Map4k4, Map6d1, Mapk1, Mapk10, Mapk12, Mapk13, Mapk14, Mapk15, Mapk3, Mapk6, Mapk7, Mapk8, Mapk8ip1, Mapk8ip3, Mapk9, Mapkap1, Mapkapk2, Mapkapk3, Mapkapk5, Mapre3, Mapt, Marchf1, Marchf11, Marchf2, Marchf3, Marchf4, Marchf5, Marchf6, Marchf7, Marchf8, Marchf9, Mark1, Mark2, Mark3, Mark4, Mas1, Mast1, Mast2, Mastl, Mavs, Mbip, Mboat4, Mdm2, Mdm4, Med1, Med10, Med11, Med12, Med17, Med18, Med20, Med21, Med23, Med24, Med27, Med30, Med31, Med6, Med7, Med8, Megf8, Melk, Men1, Mepce, Met, Metap2, Mettl1, Mettl14, Mettl15, Mettl16, Mettl18, Mettl2, Mettl21a, Mettl21c, Mettl22, Mettl3, Mettl4, Mettl5, Mettl6, Mettl8, Mgat1, Mgat2, Mgat3, Mgat4a, Mgat4b, Mgat4c, Mgat4d, Mgat4e, Mgat4f, Mgat5, Mgat5b, Mgrn1, Mib1, Mib2, Mical1, Mid2, Mif, Minar1, Mindy3, Mindy4, Mink1, Mir1896, Mir26a-1, Mir26a-2, Mir26b, Mir301, Mir409, Mir423, Mir875, Mknk1, Mknk2, Mkrn1, Mkrn2, Mkrn3, Mlec, Mllt1, Mlst8, Mlxipl, Mmd, Mmd2, Mmp9, Mob1b, Mob2, Mocs3, Mogs, Morc3, Mos, Mprip, Mre11a, Mrm1, Mrm2, Mrm3, Mrnip, Msl2, Mst1, Mst1r, Mt3, Mta1, Mtbp, Mtfmt, Mtm1, Mtmr3, Mto1, Mtor, Mttp, Mul1, Musk, Mvp, Myadm, Mycbp2, Mydgf, Mylip, Mylk2, Mylk3, Myo3a, Myo3b, Myocd, N4bp1, N6amt1, Naa10, Naa11, Naa12, Naa15, Naa16, Naa20, Naa50, Naa60, Naa80, Nae1, Naf1, Naglu, Nagpa, Nat10, Nat8, Nat8b-ps, Nat8f1, Nat8f7, Nbn, Ncam1, Nceh1, Nck1, Nck2, Ncl, Ncoa7, Ncor2, Ndfip1, Ndfip2, Ndn, Ndp, Ndst1, Ndufab1, Ndufab1-ps, Ndufaf5, Ndufaf7, Ndufs4, Nedd4, Nedd4l, Nedd8, Nedd9, Nek1, Nek10, Nek11, Nek2, Nek3, Nek4, Nek6, Nek7, Nelfa, Nelfe, Neurl1a, Neurl1b, Neurl2, Neurl3, Neurod2, Nf1, Nf2, Nfe2, Nfe2l1, Nfe2l2, Nfs1, Nfx1, Ngf, Nherf1, Nhlrc1, Nhlrc3, Nhp2, Niban1, Nim1k, Nktr, Nkx3-1, Nlk, Nlrc3, Nlrp12, Nmi, Nmt1, Nmt2, Nnmt, Nnt, Nod2, Nolc1, Nop10, Nop2, Nop53, Nos1, Nos2, Nosip, Notch2, Notum, Nox4, Npc1, Npm1, Nppa, Nptn, Nqo1, Nr2f2, Nras, Nrg1, Nrp1, Nrxn1, Nscme3l, Nsd1, Nsmce2, Nsmce3, Nsun2, Nsun3, Nsun4, Nsun5, Nsun6, Nt5c2, Ntaq1, Ntf3, Ntmt1, Ntmt2, Ntrk1, Ntrk2, Ntrk3, Nuak1, Nuak2, Nub1, Nup62, Nupr1, Nus1, Nxn, Oard1, Obi1, Obox4, Obscn, Ocln, Odam, Oga, Ogfod1, Ogt, Ooep, Oprd1, Os9, Osbp, Osgep, Osgepl1, Osm, Ost4, Ostc, Otub1, Otub2, Otud1, Otud3, Otud4, Otud5, Otud6a, Otud6b, Otud7a, Otud7b, Otulin, Oxr1, Oxsr1, P2rx7, P2ry1, P3h1, P3h2, P3h3, P3h4, P4ha1, P4ha2, P4hb, Pabpn1l, Padi4, Pak1, Pak2, Paqr3, Pard3, Pard6a, Park7, Parp1, Parp10, Parp11, Parp12, Parp14, Parp16, Parp2, Parp3, Parp4, Parp6, Parp8, Parp9, Pask, Pate6, Pax6, Paxip1, Pbk, Pck1, Pcmt1, Pcmtd1, Pcmtd2, Pcnp, Pdcd10, Pdcd4, Pdcd6, Pdcl3, Pde4d, Pde5a, Pdf, Pdgfa, Pdgfb, Pdgfc, Pdgfd, Pdgfra, Pdgfrb, Pdk3, Pdp1, Pdxp, Pdzrn3, Peak1, Pebp1, Pecam1, Pef1, Peli1, Peli2, Peli3, Per2, Pex10, Pex12, Pex2, Pfn2, Pggt1b, Pgm3, Phf2, Phf23, Phip, Phlpp1, Phpt1, Pias1, Pias2, Pias3, Pias4, Pibf1, Pick1, Pid1, Pih1d1, Pik3c3, Pik3ca, Pik3cg, Pik3r1, Pik3r3, Pik3r5, Pik3r6, Pikfyve, Pim1, Pim2, Pim3, Pin1, Pin1rt1, Pink1, Pinx1, Pip5kl1, Pja1, Pja2, Pkd1, Pkdcc, Pkia, Pkib, Pkig, Pkn1, Pkn2, Pla2g6, Plaa, Plaur, Plcg2, Plec, Plk1, Plk2, Plk4, Plod1, Plod2, Plod3, Plpp3, Plpp6, Plxnb2, Pml, Pmm1, Pmm2, Pnkp, Pofut1, Pofut2, Poglut1, Poglut2, Poglut3, Pomgnt1, Pomgnt2, Pomk, Pomt1, Pomt2, Porcn, Pparg, Ppargc1a, Ppef2, Ppia, Ppib, Ppic, Ppid, Ppie, Ppif, Ppig, Ppih, Ppihl, Ppil1, Ppil2, Ppm1a, Ppm1b, Ppm1d, Ppm1e, Ppm1f, Ppm1g, Ppm1j, Ppm1m, Ppme1, Ppp1ca, Ppp1cb, Ppp1cc, Ppp1r11, Ppp1r12a, Ppp1r15a, Ppp1r15b, Ppp1r9b, Ppp2ca, Ppp2r1a, Ppp2r2a, Ppp2r3c, Ppp2r3d, Ppp2r5a, Ppp2r5b, Ppp2r5d, Ppp3ca, Ppp3cb, Ppp3cc, Ppp3r1, Ppp4c, Ppp4r3a, Ppp4r3b, Ppp5c, Ppp6c, Ppt1, Ppt2, Pptc7, Ppwd1, Prdm1, Prdm12, Prdx3, Prdx4, Prex1, Prex2, Prickle1, Prkaa1, Prkaa2, Prkab1, Prkaca, Prkacb, Prkag1, Prkag2, Prkar1a, Prkar1b, Prkca, Prkcb, Prkcd, Prkce, Prkcg, Prkch, Prkci, Prkcq, Prkcz, Prkd1, Prkd2, Prkdc, Prkg1, Prkg2, Prkn, Prkra, Prkrip1, Prkx, Prlr, Prmt1, Prmt3, Prmt5, Prmt6, Prmt7, Prmt8, Prnp, Prom2, Prox1, Prpf19, Prr5, Prr5l, Prrt1, Psen1, Psen2, Pskh1, Psmd10, Psmd14, Psrc1, Pten, Ptger3, Ptger4, Ptgis, Ptgs2, Ptk2, Ptk2b, Ptk6, Ptpn1, Ptpn11, Ptpn12, Ptpn13, Ptpn2, Ptpn22, Ptpn3, Ptpn4, Ptpn5, Ptpn6, Ptpn7, Ptpn9, Ptpra, Ptprb, Ptprc, Ptprf, Ptprh, Ptprj, Ptprk, Ptprm, Ptpro, Ptprr, Ptprs, Ptprt, Ptpru, Ptprv, Ptprz1, Pttg1ip, Pus1, Pus10, Pus3, Pus7, Pus7l, Pusl1, Pxn, Pycard, Qars1, Qng1, Qpct, Qpctl, Qtrt1, Qtrt2, Rab3b, Rab3d, Rab3gap1, Rab3gap2, Rab40b, Rab40c, Rab6a, Rabgef1, Rabggta, Rabggtb, Rabl3, Rac1, Rack1, Rad18, Rad50, Rad51, Raf1, Rag1, Ralb, Ralbp1, Ramac, Ramp1, Ranbp2, Rangap1, Rap1a, Rap2a, Rap2b, Rap2c, Rapgef2, Rapgef3, Rara, Rarres2, Rasa1, Rasd2, Rasgrp1, Rasip1, Rassf1, Rassf2, Rassf5, Rb1, Rb1cc1, Rbbp6, Rbck1, Rbm15, Rbm15b, Rbm47, Rbx1, Rbx1-ps, Rc3h1, Rc3h2, Rchy1, Reg1, Reg3b, Rela, Reln, Ret, Rffl, Rft1, Rfwd3, Rgcc, Rgma, Rgn, Rgs14, Rgs2, Rhbdd1, Rho, Rhoa, Rictor, Rimkla, Rimklb, Ring1, Riok2, Riox1, Ripk1, Ripk2, Ripk3, Rit2, Rlig1, Rlim, Rmnd5a, Rnf10, Rnf103, Rnf11, Rnf111, Rnf112, Rnf113a1, Rnf113a2, Rnf114, Rnf115, Rnf121, Rnf122, Rnf123, Rnf125, Rnf126, Rnf128, Rnf13, Rnf130, Rnf133, Rnf135, Rnf138, Rnf138rt1, Rnf139, Rnf14, Rnf141, Rnf144a, Rnf144b, Rnf146, Rnf149, Rnf152, Rnf157, Rnf166, Rnf167, Rnf168, Rnf169, Rnf170, Rnf180, Rnf181, Rnf182, Rnf183, Rnf185, Rnf186, Rnf187, Rnf19a, Rnf19b, Rnf2, Rnf20, Rnf208, Rnf212, Rnf212b, Rnf213, Rnf216, Rnf217, Rnf220, Rnf223, Rnf225, Rnf227, Rnf25, Rnf26, Rnf26rt, Rnf31, Rnf34, Rnf38, Rnf4, Rnf40, Rnf41, Rnf43, Rnf44, Rnf5, Rnf6, Rnf7, Rnf7l, Rnf8, Rnft1, Rnmt, Robo1, Rock1, Rock2, Ropn1, Ropn1l, Rorc, Ros1, Rpgr, Rpl11, Rpl23, Rpl5, Rpn1, Rpn2, Rps2, Rps23rg1, Rps27a, Rps3, Rps6ka1, Rps6ka2, Rps6ka4, Rps6ka5, Rps6kb1, Rps6kb2, Rps7, Rptor, Rpusd1, Rpusd2, Rpusd3, Rpusd4, Rspo1, Rsrc1, Rtraf, Runx3, Rusc1, Rwdd3, Rxylt1, S100a8, S100a9, S1pr2, Saa3, Sae1, Samsn1, Sars1, Sash1, Sde2, Sdhaf2, Sec1, Selenok, Selenoo, Sema4d, Sema7a, Semp2l1, Semp2l2a, Semp2l2b, Senp1, Senp2, Senp3, Senp5, Senp6, Senp7, Senp8, Sepsecs, Septin4, Serpina1a, Serpina1b, Sesn2, Setd2, Setd3, Setd6, Setd7, Sez6, Sez6l, Sez6l2, Sfn, Sfrp1, Sfrp2, Sfrp5, Sgf29, Sgk1, Sh2d1b1, Sh2d1b2, Sh3bp5, Sh3gl2, Sh3rf1, Sh3rf2, Sh3rf3, Sharpin, Shb, Shh, Shmt2, Shprh, Siah1a, Siah1b, Siah2, Sik1, Sik2, Sik3, Sirt1, Sirt2, Sirt3, Sirt4, Sirt5, Sirt6, Sirt7, Skp1, Skp2, Slc11a1, Slc12a3, Slc1a1, Slc25a26, Slc35b2, Slc35b3, Slc35c1, Slc35c2, Slc39a8, Slc4a10, Slc51b, Slc8a1, Slc8a2, Slc8a3, Slco3a1, Slfn1, Slit2, Slk, Smad1, Smad2, Smad5, Smad7, Smad9, Smc5, Smg1, Smg8, Smo, Smok1, Smok2b, Smpd1, Smpd3, Smtnl1, Smurf1, Smurf2, Smyd2, Smyd3, Snca, Snhg20, Snrk, Snrpb, Snrpd3, Snta1, Snx9, Socs1, Socs2, Socs3, Socs4, Socs5, Socs6, Socs7, Sod1, Sox4, Sox9, Spag9, Spata2, Spatc1l, Spdya, Spdye4a, Sphk1, Spink1, Spn, Spop, Spopl, Spred1, Spred2, Sprr1a, Sprtn, Spry1, Spry2, Spry4, Spsb1, Spsb2, Spsb3, Spsb4, Sptbn4, Sqstm1, Src, Srcin1, Srd5a3, Srms, Srpk1, Srpk2, Srpk3, Ssh1, Ssh2, St3gal1, St3gal2, St3gal3, St3gal4, St3gal5, St3gal6, St6gal1, St6gal2, St6galnac1, St6galnac2, St6galnac3, St6galnac4, St6galnac5, St6galnac6, St8sia1, St8sia2, St8sia3, St8sia4, St8sia5, St8sia6, Stambp, Stambpl1, Stat2, Stat4, Stat5a, Stfa1, Stfa2, Stfa2l1, Stfa3, Stil, Stk10, Stk11, Stk16, Stk17b, Stk24, Stk25, Stk26, Stk3, Stk31, Stk33, Stk38, Stk38l, Stk39, Stk4, Stox1, Strada, Stradb, Stt3a, Stt3b, Stub1, Stx1a, Sumf1, Sumf2, Sumo1, Sumo2, Sumo3, Suz12, Svbp, Svip, Syap1, Syk, Syncrip, Synpo2, Syvn1, Tab1, Tab2, Tada2a, Tada3, Taf7, Tank, Taok1, Taok3, Tarbp1, Tardbp, Tbc1d24, Tbc1d7, Tbk1, Tbx1, Tcf25, Tcim, Tcl1, Tcrb, Tead1, Tek, Tenm1, Terf2ip, Tes3-ps, Tesk1, Tesk2, Tet1, Tet2, Tet3, Tfap4, Tfb1m, Tfb2m, Tfrc, Tgfa, Tgfb1, Tgfb2, Tgfbr1, Tgfbr2, Tgm1, Tgm2, Tgm3, Tgs1, Thada, Thbs1, Thbs4, Thg1l, Thpo, Thumpd1, Thumpd2, Thumpd3, Thy1, Ticam1, Timm50, Tirap, Tlk1, Tlk2, Tlr1, Tlr2, Tlr3, Tlr4, Tlr6, Tlr7, Tlr8, Tlr9, Tm9sf5, Tmed2, Tmem102, Tmem119, Tmem129, Tmem165, Tmem258, Tmem260, Tmem59, Tmtc1, Tmtc2, Tmtc3, Tmtc4, Tnf, Tnfaip1, Tnfaip3, Tnfrsf11a, Tnfrsf14, Tnfrsf18, Tnfrsf1a, Tnfrsf4, Tnfsf11, Tnfsf18, Tnik, Tnip1, Tnk1, Tnk2, Tnks, Tnks1bp1, Tnks2, Tns2, Tollip, Tom1l1, Top1, Topors, Toporsl, Tor1a, Tpd52l1, Tpgs1, Tppp, Tprkb, Tpst1, Tpst2, Tpx2, Trabd2b, Traf2, Traf3ip1, Traf3ip2, Traf4, Traf6, Traf7, Traip, Trak2, Trdmt1, Trem2, Trex1, Trib1, Trib2, Trib3, Trim11, Trim12a, Trim12c, Trim13, Trim17, Trim2, Trim21, Trim23, Trim24, Trim25, Trim26, Trim27, Trim28, Trim3, Trim30a, Trim30b, Trim30c, Trim30d, Trim31, Trim32, Trim33, Trim34a, Trim34b, Trim35, Trim37, Trim38, Trim39, Trim40, Trim41, Trim44, Trim45, Trim47, Trim5, Trim52, Trim55, Trim56, Trim58, Trim59, Trim6, Trim62, Trim63, Trim65, Trim68, Trim69, Trim7, Trim71, Trim8, Trim9, Triml1, Trip11, Trip12, Trit1, Trmo, Trmt1, Trmt10a, Trmt10b, Trmt10c, Trmt112, Trmt12, Trmt13, Trmt1l, Trmt2b, Trmt44, Trmt5, Trmt6, Trmt61a, Trmt9b, Trmu, Trp53, Trp53rka, Trp53rkb, Trpc4ap, Trpc5, Trpc6, Trpm4, Trpm7, Trpt1, Trub1, Trub2, Tsacc, Tsc1, Tsc2, Tsg101, Tspan9, Tspo, Tspyl2, Tspyl5, Tsr3, Tssk1, Tssk2, Tssk3, Tssk4, Tssk5, Tssk6, Ttbk1, Ttbk2, Ttc3, Ttc36, Ttk, Ttl, Ttll1, Ttll10, Ttll11, Ttll12, Ttll13, Ttll2, Ttll3, Ttll4, Ttll5, Ttll6, Ttll7, Ttll8, Ttll9, Tulp4, Tusc3, Txk, Txn1, Tyro3, Tyw1, Tyw3, Tyw5, U2af2, Uba1, Uba1y, Uba2, Uba3, Uba5, Uba52, Uba6, Uba7, Ubac1, Ubash3b, Ubb, Ubc, Ubd, Ube2a, Ube2b, Ube2c, Ube2d1, Ube2d2a, Ube2d2b, Ube2d3, Ube2d4, Ube2dnl1, Ube2dnl2, Ube2e1, Ube2e2, Ube2e3, Ube2f, Ube2frt, Ube2g1, Ube2g2, Ube2h, Ube2i, Ube2j1, Ube2j2, Ube2k, Ube2l3, Ube2l6, Ube2m, Ube2n, Ube2o, Ube2q1, Ube2q2, Ube2q2l, Ube2ql1, Ube2r2, Ube2s, Ube2srt, Ube2t, Ube2u, Ube2v1, Ube2v2, Ube2w, Ube2z, Ube3a, Ube3b, Ube3c, Ube3d, Ube4a, Ube4b, Ubl5, Ubl5b, Ubox5, Ubqln1, Ubr1, Ubr2, Ubr3, Ubr4, Ubr5, Ubr7, Ubxn1, Ubxn2a, Uchl1, Uchl3, Uchl4, Uchl5, Ucn, Uevld, Ufc1, Ufl1, Ufm1, Ugcg, Uggt1, Uggt2, Uhmk1, Uhrf1, Uhrf2, Ulk1, Ulk2, Ulk3, Ulk4, Umod, Unc119, Unkl, Urm1, Usp1, Usp10, Usp11, Usp12, Usp13, Usp14, Usp15, Usp16, Usp17la, Usp17lb, Usp17lc, Usp17ld, Usp17le, Usp18, Usp19, Usp2, Usp20, Usp21, Usp22, Usp24, Usp25, Usp26, Usp27x, Usp28, Usp29, Usp3, Usp30, Usp32, Usp33, Usp34, Usp36, Usp37, Usp38, Usp39, Usp4, Usp40, Usp42, Usp43, Usp44, Usp45, Usp46, Usp47, Usp48, Usp49, Usp5, Usp50, Usp51, Usp54, Usp7, Usp8, Usp9x, Usp9y, Uspl1, Uvrag, Uvssa, Vangl2, Vcp, Vcpip1, Vcpkmt, Vegfa, Vegfb, Vegfc, Vhl, Vipas39, Virma, Vkorc1, Vkorc1l1, Vldlr, Vps11, Vps18, Vps25, Vps28, Vps33b, Vrk1, Vrk2, Vtn, Wars1, Washc1, Wbp1l, Wdfy2, Wdr24, Wdr4, Wdr45, Wdr45b, Wdr48, Wdr5, Wdr59, Wdr6, Wdr77, Wdsub1, Wdtc1, Wee1, Wee2, Wfs1, Wipi1, Wipi2, Wnk1, Wnk2, Wnk3, Wnk4, Wnt1, Wnt11, Wnt3a, Wnt5a, Wnt9b, Wsb1, Wsb2, Wtap, Wwp1, Wwp2, Wwtr1, Xbp1, Xdh, Xiap, Xrcc5, Xrcc6, Xxylt1, Yeats2, Yes1, Yod1, Yrdc, Ywhaz, Zap70, Zbed3, Zc3h12a, Zc3hc1, Zc4h2, Zcchc4, Zdhhc1, Zdhhc11, Zdhhc12, Zdhhc14, Zdhhc15, Zdhhc16, Zdhhc17, Zdhhc18, Zdhhc19, Zdhhc2, Zdhhc20, Zdhhc21, Zdhhc22, Zdhhc23, Zdhhc3, Zdhhc5, Zdhhc6, Zdhhc7, Zdhhc8, Zdhhc9, Zeb2, Zfp418, Zfp451, Zfp592, Zfp598, Zfp91, Zfyve28, Zgpat, Zmiz1, Zmiz2, Znrf1, Znrf2, Znrf3, Znrf4, Zranb1, Zswim2, Zswim8, Zzef1, Zzz3
GO:0023057	negative regulation of signaling	1568	44	22.84	2.7e-05	0.0065154374999999995	2210016L21Rik, Aars1, Aars2, Aatf, Abca7, Abcc8, Abhd17a, Abhd6, Abl1, Abl2, Acaa2, Ace2, Ackr3, Acod1, Acp4, Actn3, Acvr1, Acvr1c, Ada, Adam17, Adamts12, Adamtsl2, Adar, Adcy8, Adgra2, Adgrg3, Adipoq, Adipor1, Adm, Adnp, Adora1, Adra1a, Adra1b, Adra2a, Adrb2, Agap2, Ager, Agt, Agtr2, Ahsg, Aida, Aim2, Ajuba, Akt1, Akt1s1, Akt2, Akt3, Alg13, Alpk2, Amer1, Amer2, Amfr, Ankrd26, Ankrd6, Anxa5, Ap1ar, Apc, Apc2, Apcdd1, Apela, Apln, Aplnr, Aplp1, Apoa1, Apod, Apoe, App, Appl1, Ar, Arc, Arf1, Arg1, Arhgap12, Arhgap17, Arhgap22, Arhgap24, Arhgap25, Arhgap29, Arhgap35, Arhgap42, Arhgap44, Arhgap45, Arid4a, Arid4b, Armc10, Arr3, Arrb1, Arrb2, Arrdc1, Arrdc3, Asah2, Asb15, Asb3, Ash1l, Aspn, Asxl1, Atad1, Atad3a, Atad5, Atf3, Atf4, Atf6b, Atm, Atp2b4, Atxn1, Atxn3, Atxn7, Aurka, Aurkb, Avp, Axin1, Axin2, Azi2, Bag5, Bak1, Bambi, Banf1, Bank1, Barx1, Bax, Bche, Bcl2, Bcl2l1, Bcl2l10, Bcl2l12, Bcl2l2, Bcl3, Bcl6, Bcl9l, Bdkrb2, Bdnf, Becn2, Bend6, Bfar, Bicc1, Bicd1, Bid, Birc6, Birc7, Blvrb, Bmal1, Bmf, Bmi1, Bmp2, Bmp4, Bmp5, Bmp7, Bmper, Bok, Bpifb1, Brap, Brca1, Brd4, Brms1, Brms1l, Btn2a2, Btnl2, Btrc, C1qbp, C1ql4, C1qtnf3, Cactin, Cadm1, Cadm4, Calr, Camk2b, Capn1, Cartpt, Casp8, Castor1, Castor2, Cav1, Cav2, Cav3, Cavin3, Cbfa2t2, Cbl, Cblb, Cblc, Cbln1, Cby1, Ccar2, Ccdc125, Ccdc22, Ccdc3, Ccdc88c, Ccl5, Ccn3, Ccnc, Cd109, Cd160, Cd22, Cd2ap, Cd300a, Cd300lf, Cd38, Cd3e, Cd44, Cd46, Cd59a, Cd74, Cdc34, Cdc34b, Cdc42se1, Cdh1, Cdh2, Cdh3, Cdk11b, Cdk20, Cdk3, Cdk5rap3, Cdkn2d, Ceacam1, Cep63, Cer1, Cflar, Cgas, Cgnl1, Chac1, Chd8, Chek2, Chga, Chmp6, Chp1, Chrd, Chrdl1, Chrdl2, Chrna10, Chrna7, Chrna9, Chst11, Cib1, Cidea, Cilp, Cish, Cit, Cldn18, Clec12b, Clock, Clu, Cmya5, Cnksr3, Cnmd, Cnot1, Cnot2, Cnot3, Cnot7, Cnot9, Cnr2, Cntnap2, Col2a1, Commd1, Cpne1, Cptp, Creb3, Creb3l1, Crebrf, Crh, Crhbp, Crhr2, Crim1, Cripto, Crtc3, Cry1, Cry2, Cryba1, Csf2, Csk, Csnk1a1, Csnk1e, Ctdspl2, Cth, Cthrc1, Ctnna1, Ctnnb1, Ctnnbip1, Ctnnd1, Cttn, Cul3, Cx3cl1, Cx3cr1, Cxcl12, Cxxc4, Cyld, Cyp26b1, Cyp2j6, Cyp7b1, Cyrib, D1Pas1, Dab1, Dab2, Dab2ip, Dact1, Dact2, Dact3, Dag1, Dand5, Dcn, Dcst1, Ddias, Ddit3, Ddit4, Ddit4l, Ddrgk1, Ddx3x, Defb21, Depdc5, Deptor, Dgkd, Dgkg, Dgki, Dgkz, Dhrs3, Dhx58, Dicer1, Dkk1, Dkk2, Dkk3, Dkk4, Dkkl1, Dlc1, Dlg1, Dlg5, Dlk1, Dlk2, Dll1, Dll3, Dll4, Dlx1, Dlx2, Dmd, Dnaja1, Dnaja3, Dnajb9, Dnm1, Dnm2, Dok1, Dok2, Draxin, Drd1, Drd2, Drd3, Drd4, Drd5, Dsg3, Dusp1, Dusp10, Dusp13b, Dusp16, Dusp19, Dusp2, Dusp22, Dusp26, Dusp29, Dusp3, Dusp4, Dusp5, Dusp6, Dusp7, Dusp8, Dusp9, Dynlt1b, Dyrk1a, Dyrk2, Dyrk3, E130311K13Rik, Ecm1, Edn1, Edn2, Edn3, Efna1, Egfl7, Egfr, Egln1, Egr1, Eid2, Eif3a, Eif4e2, Elf1, Ell3, Emd, Emilin1, Endog, Eno1, Eno1b, Enpp1, Entrep1, Eny2, Epha4, Ephb2, Epm2a, Epn2, Epo, Erbb3, Erbin, Errfi1, Esr1, Esr2, Eya1, Eya2, Eya3, Eya4, Ezh2, Ezr, F2rl1, Faim, Faim2, Faiml, Fam3d, Fam89b, Fbln1, Fbn1, Fbn2, Fbp1, Fbxl2, Fbxo7, Fbxw11, Fcmr, Fcrl5, Fem1a, Fermt1, Ffar2, Ffar3, Ffar4, Fga, Fgb, Fgf10, Fgf2, Fgf23, Fgf9, Fgfr3, Fgfrl1, Fgg, Fhl2, Fignl1, Fkbp1a, Fkbp1b, Fktn, Flcn, Fmr1, Fnip1, Foxh1, Foxm1, Foxo1, Foxo3, Foxp1, Frmd8, Frzb, Fst, Fstl3, Fstl4, Fuz, Fxn, Fyn, Fzd1, Fzd6, Fzd9, G2e3, G3bp1, Gabbr1, Gas1, Gas6, Gata1, Gata2, Gata3, Gata4, Gba1, Gbp7, Gcg, Gclc, Gclm, Gdf15, Gdf3, Gdnf, Gdpd5, Gfral, Ggnbp2, Ghitm, Ghrl, Ghsr, Gigyf2, Gipr, Git1, Gja1, Glg1, Gli1, Gli2, Gli3, Glis2, Gmip, Gnai1, Gnai2, Gnai3, Gnal, Gnao1, Gnaz, Gpatch3, Gpc1, Gpc3, Gpd1l, Gper1, Gpr108, Gpr155, Gpr161, Gpr21, Gpr37l1, Gprasp1, Gprc5a, Gps2, Gpx1, Gramd4, Grb10, Grb14, Grem1, Grem2, Gria1, Grid2, Grid2ip, Grik1, Grik2, Grik3, Grina, Grk2, Grk3, Grk4, Grk5, Grk6, Grm2, Grm5, Gsc, Gsdma3, Gsk3a, Gsk3b, Gstp-ps, Gstp1, Gstp2, Gstp3, H2-M3, H2bc21, Hacd3, Hadh, Hapstr1, Hdac1, Hdac2, Hdac3, Hdac7, Heg1, Hells, Herc2, Herc4, Herpud1, Hey1, Hey2, Heyl, Hgf, Hgs, Hhex, Hhip, Hic1, Hif1a, Hif1an, Higd1a, Hipk2, Hipk3, Hjv, Hmga2, Hmgb2, Hmgcr, Hmox1, Hnf4a, Homer2, Homer3, Hrg, Hspa1b, Hspa5, Hspa8, Hspb1, Htr1b, Htr2a, Htr6, Htra1, Htra3, Htt, Huwe1, Hyal2, Hyou1, Icam1, Ier3, Ifi203, Ifi203-ps, Ifi206, Ifi207, Ifi208, Ifi209, Ifi213, Ifi214, Ifi35, Ift122, Ift172, Ift80, Igbp1, Igf1, Igf1r, Igfbp3, Igfbp5, Igsf1, Igtp, Ikbkg, Il10, Il11, Il12a, Il12b, Il17rd, Il19, Il1b, Il1r2, Il1rn, Il36rn, Il4, Il6, Il6st, Il7, Ing1, Ing2, Inha, Inhbb, Inpp5a, Inpp5d, Inpp5e, Inpp5f, Inpp5k, Inppl1, Insig1, Insig2, Ints9, Invs, Iqsec2, Irak3, Irf1, Irf4, Irgm1, Irgm2, Irs1, Isg15, Isl1, Itch, Itfg2, Itga1, Itga3, Itga6, Itgav, Itgb1, Itgb1bp1, Itpr1, Itprip, Ivns1abp, Jade1, Jagn1, Kalrn, Kank1, Kank2, Kcnb1, Kcnj11, Kcnj6, Kcnk9, Kcnq1, Kcnq4, Kctd10, Kctd11, Kctd13, Kctd21, Kctd6, Kdm1a, Kdm6a, Kics2, Kif26a, Kif7, Klf4, Klf7, Klhl31, Klk14, Kptn, Kremen1, Lamp2, Laptm5, Lats1, Lats2, Lax1, Lbh, Ldlr, Ldlrad4, Lect2, Lefty1, Lemd2, Lemd3, Lep, Leprot, Leprotl1, Lfng, Lgals3, Lgmn, Lgr4, Lif, Lilrb4a, Lilrb4b, Limd1, Lingo1, Litaf, Lmbr1l, Lmna, Lmo3, Lonp1, Lox, Lpar1, Lpxn, Lrp1, Lrp2, Lrp4, Lrp6, Lrrc14, Lrrc32, Lrrk2, Ltbp1, Ltf, Ly6g6e, Lyn, Lyplal1, Lztr1, Lzts2, Mad1l1, Mad2l1bp, Mad2l2, Madd, Magi2, Map2k1, Map2k3, Map2k5, Map3k20, Map3k7, Map4k4, Mapk14, Mapk3, Mapk7, Mapk8ip1, Mapk8ip2, Mapkap1, Mapkapk5, Mapkbp1, Mapt, Marchf7, Mark3, Marveld3, Mavs, Maz, Mcc, Mcl1, Mdfi, Mdk, Mdm2, Mdm4, Mecom, Mefv, Megf8, Meis3, Men1, Mesp1, Met, Mettl3, Mfhas1, Mfn2, Mgll, Mgrn1, Midn, Mif, Minar1, Mir143, Mir154, Mir210, Mir423, Mir675, Mkrn2, Mllt3, Mmp12, Mmp14, Mmp3, Mmp9, Mmrn1, Mmrn2, Mndal, Mnt, Mob4, Morn3, Mosmo, Mpig6b, Mpv17l, Mrap, Mrap2, Mrtfa, Mstn, Mtm1, Mtmr4, Mtnr1a, Mtnr1b, Mtor, Muc1, Mul1, Mup1, Mup11, Mup2, Mup3, Mup4, Mup5, Mvp, Myadm, Myo5a, Myoc, Myocd, Myoz1, Myoz2, n-TIaat17, n-TRtct5, Naip1, Naip2, Naip5, Naip6, Naip7, Nanog, Nanos3, Nbl1, Nck1, Nck2, Ncl, Ncoa5, Ncor1, Ncor2, Ndrg2, Ndrg4, Ndufa13, Ndufaf2, Ndufc2, Ndufs3, Necab2, Nedd4, Nepn, Neurl1a, Neurod1, Nf1, Nf2, Nfatc4, Nfe2l2, Nfkbia, Nfkbid, Nfkbil1, Ngfr, Nherf1, Nherf2, Nherf4, Nkd1, Nkd2, Nkiras1, Nkiras2, Nkx2-1, Nkx2-5, Nkx3-1, Nlk, Nlrc3, Nlrc5, Nlrp12, Nlrp3, Nlrp6, Nlrx1, Nmb, Nme5, Nmi, Noc2l, Nod2, Nodal, Nog, Nol3, Nono, Nop53, Nos1, Notch1, Notch4, Notum, Npc1, Npff, Nphp3, Nphp4, Nploc4, Nppa, Nprl2, Nprl3, Npvf, Npy1r, Npy2r, Npy5r, Nr0b1, Nr1d1, Nr1h4, Nr4a2, Nrarp, Nrg1, Nrp1, Nrros, Nucb2, Nup62, Nxn, Oas1a, Oas1b, Oas1c, Oas1d, Oas1e, Oas1f, Oas1g, Oas1h, Oas3, Obox4, Obscn, Ofd1, Ogt, Olfm4, Onecut1, Onecut2, Opa1, Oprk1, Oprl1, Oprm1, Optn, Osm, Otop1, Otud3, Otud4, Otud5, Otud7b, Ovol2, P2rx7, Padi2, Pafah1b1, Pak1ip1, Pak5, Palm, Palm3, Pam16, Paqr3, Park7, Parl, Parp1, Parp14, Pawr, Pbk, Pbld1, Pbld2, Pbp2, Pcbp2, Pcdh17, Pcgf2, Pcsk9, Pdcd4, Pdcd6, Pde10a, Pde11a, Pde1c, Pde2a, Pde3a, Pde3b, Pde4c, Pde4d, Pde8b, Pdia6, Pdpk1, Pdx1, Pea15a, Pea15b-ps, Pebp1, Peg10, Peli1, Peli3, Penk, Per1, Pfdn5, Pfkl, Phactr4, Phb1, Phb2, Phf14, Phip, Phlda3, Phlpp1, Phpt1, Pias2, Pias4, Pibf1, Pick1, Pid1, Pik3ap1, Pik3cb, Pik3ip1, Pik3r2, Pim3, Pin1, Pin1rt1, Pink1, Pip4k2a, Pip4k2b, Pip4k2c, Pirb, Pkhd1, Pkia, Pla2g6, Plaur, Plcl2, Pld2, Plek, Plekha1, Plin5, Plk2, Plk3, Pmch, Pmepa1, Pp2d1, Ppara, Pparg, Ppef2, Ppia, Ppif, Ppm1a, Ppm1b, Ppp1r10, Ppp1r9a, Ppp2ca, Ppp2cb, Ppp2r1a, Ppp2r3a, Ppp3ca, Ppp3cb, Ppp6c, Ppt1, Prap1, Prdm14, Prdm15, Prdm16, Prdx2, Prelid1, Prex1, Prex2, Prickle1, Prkaa1, Prkaa2, Prkaca, Prkacb, Prkar1a, Prkar1b, Prkar2a, Prkar2b, Prkca, Prkcb, Prkcd, Prkcq, Prkcz, Prkdc, Prkn, Prmt1, Prnp, Prr5l, Prrt1, Psca, Psen1, Psen2, Psmd10, Psmd9, Psme3, Ptch1, Ptch2, Pten, Ptger3, Ptgir, Ptgs2, Ptgs2os, Ptk2b, Ptpmt1, Ptpn1, Ptpn11, Ptpn2, Ptpn22, Ptpn6, Ptprc, Ptprd, Ptpre, Ptprf, Ptprj, Ptpro, Ptprr, Ptprs, Ptprt, Ptpru, Ptprv, Pttg1ip, Pvrig, Pycard, Pycr1, Qars1, Rab11fip1, Rab11fip3, Rab11fip5, Rab7, Rab7b, Rabgef1, Rack1, Raf1, Ranbp9, Rapgef1, Rapgef4, Rasa2, Rasa3, Rasa4, Rasal1, Rasal3, Rasip1, Rasl11b, Rassf2, Rb1, Rb1cc1, Rbbp4, Rbbp7, Rbms3, Rbpms2, Rcan1, Rela, Rest, Rffl, Rfng, Rfx4, Rgs1, Rgs10, Rgs11, Rgs12, Rgs13, Rgs14, Rgs16, Rgs17, Rgs18, Rgs19, Rgs2, Rgs20, Rgs22, Rgs3, Rgs4, Rgs5, Rgs6, Rgs7, Rgs7bp, Rgs8, Rgs9, Rgs9bp, Rhoa, Rhoh, Rian, Riok3, Ripk1, Ripor1, Ripor2, Rita1, Rnf113a1, Rnf113a2, Rnf115, Rnf125, Rnf126, Rnf149, Rnf152, Rnf167, Rnf170, Rnf213, Rnf34, Rnf43, Robo1, Ror2, Rora, Rpgrip1l, Rph3al, Rps6ka1, Rps6ka6, Rps6kb1, Rps6kb2, Rptor, Rrm2b, Rrn3, Rtkn2, Rubcn, Runx2, Ruvbl2, Ryr1, S2bpcox16, Sac3d1, Sag, Sall1, Sall3, Samhd1, Samtor, Sap130, Sap30, Sap30l, Sar1a, Sar1b, Sarm1, Scai, Scg2, Sco1, Scyl2, Sdhaf2, Sec14l1, Selenos, Sema6a, Serpine1, Serpine2, Sesn1, Sesn2, Sesn3, Sfrp1, Sfrp2, Sfrp4, Sfrp5, Sgk3, Sh2b3, Sh2d1a, Sh3bp1, Sh3bp4, Sh3glb1, Sh3rf1, Sh3rf2, Shank2, Shank3, Shh, Shisa2, Shisa3, Shisa6, Siah2, Sigirr, Siglecg, Sike1, Sin3a, Sinhcaf, Sirpa, Sirt1, Sirt2, Sirt3, Sirt4, Sirt7, Six3, Ska1, Ska3, Ski, Skil, Skor1, Skor2, Sla2, Slamf1, Slc24a1, Slc24a2, Slc24a4, Slc25a31, Slc25a4, Slc25a5, Slc27a4, Slc2a10, Slc35c1, Slc35f6, Slc39a8, Slc6a1, Slc6a4, Slit2, Slit3, Slmap, Smad4, Smad5, Smad6, Smad7, Smarca4, Smim30, Smpd1, Smpd3, Smpdl3a, Smpdl3b, Smurf1, Smurf2, Snai1, Snai2, Snca, Snip1, Snx1, Snx13, Snx25, Snx5, Snx6, Socs1, Socs2, Socs3, Socs4, Socs5, Socs6, Socs7, Sod2, Sorcs2, Sorcs3, Sorl1, Sost, Sostdc1, Sox10, Sox13, Sox17, Sox2, Sox30, Sox9, Spaar, Spart, Spi1, Spink1, Spred1, Spred2, Spred3, Spry1, Spry2, Spry3, Spry4, Spsb3, Sqstm1, Src, Srebf1, Srf, Sstr4, Stambp, Stap1, Stat1, Stat2, Stau2, Stk11, Stk3, Stk38, Stk4, Stmn1, Stmn3, Stradb, Strap, Strip1, Strn3, Strn4, Stub1, Stxbp1, Stxbp5l, Styxl2, Suds3, Sufu, Sulf1, Sulf2, Suz12, Syngap1, Synj2bp, Syt4, Sytl4, Syvn1, Szt2, Tacr2, Tank, Taok3, Tarbp2, Tax1bp1, Tax1bp3, Tbc1d1, Tbc1d10c, Tbc1d7, Tbk1, Tbx1, Tbx18, Tbx20, Tcf21, Tcf7l2, Tcim, Tert, Tet1, Tfap2a, Tgfb2, Tgfb3, Tgfbr1, Tgfbr3, Tgif1, Thbs1, Them4, Thy1, Ticam2, Timp2, Tjp2, Tkfc, Tle1, Tle2, Tle3, Tle4, Tle5, Tle6, Tle7, Tlr4, Tlr6, Tlr9, Tmbim1, Tmbim6, Tmed2, Tmem127, Tmem131l, Tmem14a, Tmem161a, Tmem170b, Tmem53, Tmem64, Tmem88, Tmem88b, Tmprss6, Tmsb4x, Tnf, Tnfaip1, Tnfaip3, Tnfaip6, Tnfaip8l1, Tnfrsf11b, Tnfrsf22, Tnfrsf23, Tnfrsf4, Tnfsf4, Tnip1, Tnip2, Tnip3, Tnk1, Tnn, Tnr, Tns2, Tns3, Tob1, Tpbg, Tpbgl, Tprg1l, Tpt1, Trabd2b, Traf3ip1, Traip, Trap1, Trat1, Trem2, Treml1, Trex1, Triap1, Trib1, Trim11, Trim15, Trim30a, Trim31, Trim32, Trim33, Trim39, Trim59, Trim60, Trim67, Trim72, Trp53, Trp63, Tsc1, Tsc2, Tsg101, Tsku, Tspan15, Tspan6, Tspo, Ttll12, Tulp3, Twist1, Twsg1, Txndc12, Tyro3, Uaca, Ubac2, Ubash3a, Ubash3b, Ube2b, Ube2d1, Ube2n, Ube2w, Ube3a, Ubqln1, Ubqln2, Ubr1, Ubr2, Ubr5, Uchl1, Ucma, Ucn, Ucn2, Ucp2, Ufd1, Ufl1, Ulk3, Unc5b, Uri1, Usp10, Usp15, Usp18, Usp20, Usp25, Usp47, Usp49, Usp7, Uts2, Vasn, Vcp, Vdac2, Vegfa, Veph1, Vgll4, Vhl, Vps11, Vps13a, Vps18, Vps25, Vrk3, Vsnl1, Vwc2, Vwc2l, Wdr91, Wfikkn1, Wfikkn2, Wfs1, Wif1, Wnk2, Wnt1, Wnt11, Wnt16, Wnt4, Wnt5a, Wnt5b, Wnt7b, Wtip, Wwc1, Wwc2, Wwox, Wwtr1, Xbp1, Xdh, Xiap, Yap1, Ybx3, Yju2, Ythdf2, Ythdf3, Ywhab, Ywhae, Ywhag, Ywhaz, Zbtb7a, Zc3h12a, Zdhhc12, Zdhhc18, Zfp366, Zfp385a, Zfp451, Zfp536, Zfp592, Zfp653, Zfyve28, Zgpat, Zmynd11, Znrf3, Znrf4
GO:0010648	negative regulation of cell communication	1571	44	22.88	2.8e-05	0.006552	2210016L21Rik, Aars1, Aars2, Aatf, Abca7, Abcc8, Abhd17a, Abhd6, Abl1, Abl2, Acaa2, Ace2, Ackr3, Acod1, Acp4, Actn3, Acvr1, Acvr1c, Ada, Adam17, Adamts12, Adamtsl2, Adar, Adcy8, Adgra2, Adgrg3, Adipoq, Adipor1, Adm, Adnp, Adora1, Adra1a, Adra1b, Adra2a, Adrb2, Agap2, Ager, Agt, Agtr2, Ahsg, Aida, Aim2, Ajuba, Akt1, Akt1s1, Akt2, Akt3, Alg13, Alpk2, Amer1, Amer2, Amfr, Ankrd26, Ankrd6, Anxa5, Apc, Apc2, Apcdd1, Apela, Apln, Aplnr, Aplp1, Apoa1, Apod, Apoe, App, Appl1, Ar, Arc, Arf1, Arg1, Arhgap12, Arhgap17, Arhgap22, Arhgap24, Arhgap25, Arhgap29, Arhgap35, Arhgap42, Arhgap44, Arhgap45, Arid4a, Arid4b, Armc10, Arr3, Arrb1, Arrb2, Arrdc1, Arrdc3, Asah2, Asb15, Asb3, Ash1l, Aspn, Asxl1, Atad1, Atad3a, Atad5, Atf3, Atf4, Atf6b, Atm, Atp2b4, Atxn1, Atxn3, Atxn7, Aurka, Aurkb, Avp, Avpr1a, Axin1, Axin2, Azi2, Bag5, Bak1, Bambi, Banf1, Bank1, Barx1, Bax, Bche, Bcl2, Bcl2l1, Bcl2l10, Bcl2l12, Bcl2l2, Bcl3, Bcl6, Bcl9l, Bdkrb2, Bdnf, Becn2, Bend6, Bfar, Bicc1, Bicd1, Bid, Birc6, Birc7, Blvrb, Bmal1, Bmf, Bmi1, Bmp2, Bmp4, Bmp5, Bmp7, Bmper, Bok, Bpifb1, Brap, Brca1, Brd4, Brms1, Brms1l, Btn2a2, Btnl2, Btrc, C1qbp, C1ql4, C1qtnf3, Cabp1, Cactin, Cadm1, Cadm4, Calr, Camk2b, Capn1, Cartpt, Casp8, Castor1, Castor2, Cav1, Cav2, Cav3, Cavin3, Cbfa2t2, Cbl, Cblb, Cblc, Cbln1, Cby1, Ccar2, Ccdc125, Ccdc22, Ccdc3, Ccdc88c, Ccl5, Ccn3, Ccnc, Cd109, Cd160, Cd22, Cd2ap, Cd300a, Cd300lf, Cd38, Cd3e, Cd44, Cd46, Cd59a, Cd74, Cdc34, Cdc34b, Cdc42se1, Cdh1, Cdh2, Cdh3, Cdk11b, Cdk20, Cdk3, Cdk5rap3, Cdkn2d, Ceacam1, Cep63, Cer1, Cflar, Cgas, Cgnl1, Chac1, Chd8, Chek2, Chga, Chmp6, Chp1, Chrd, Chrdl1, Chrdl2, Chrna10, Chrna7, Chrna9, Chrnb2, Chst11, Cib1, Cidea, Cilp, Cish, Cit, Cldn18, Clec12b, Clock, Clu, Cmya5, Cnksr3, Cnmd, Cnot1, Cnot2, Cnot3, Cnot7, Cnot9, Cnr2, Cntnap2, Col2a1, Commd1, Cpne1, Cptp, Creb3, Creb3l1, Crebrf, Crh, Crhbp, Crhr2, Crim1, Cripto, Crtc3, Cry1, Cry2, Cryba1, Csf2, Csk, Csnk1a1, Csnk1e, Ctdspl2, Cth, Cthrc1, Ctnna1, Ctnnb1, Ctnnbip1, Ctnnd1, Cttn, Cul3, Cx3cl1, Cx3cr1, Cxcl12, Cxxc4, Cyld, Cyp26b1, Cyp2j6, Cyp7b1, Cyrib, D1Pas1, Dab1, Dab2, Dab2ip, Dact1, Dact2, Dact3, Dag1, Dand5, Dcn, Dcst1, Ddias, Ddit3, Ddit4, Ddit4l, Ddrgk1, Ddx3x, Defb21, Depdc5, Deptor, Dgkd, Dgkg, Dgki, Dgkz, Dhrs3, Dhx58, Dicer1, Dkk1, Dkk2, Dkk3, Dkk4, Dkkl1, Dlc1, Dlg1, Dlg5, Dlk1, Dlk2, Dll1, Dll3, Dll4, Dlx1, Dlx2, Dmd, Dnaja1, Dnaja3, Dnajb9, Dnm1, Dnm2, Dok1, Dok2, Draxin, Drd1, Drd2, Drd3, Drd4, Drd5, Dsg3, Dusp1, Dusp10, Dusp13b, Dusp16, Dusp19, Dusp2, Dusp22, Dusp26, Dusp29, Dusp3, Dusp4, Dusp5, Dusp6, Dusp7, Dusp8, Dusp9, Dynlt1b, Dyrk1a, Dyrk2, Dyrk3, E130311K13Rik, Ecm1, Edn1, Edn2, Edn3, Efna1, Egfl7, Egfr, Egln1, Egr1, Eid2, Eif3a, Eif4e2, Elf1, Ell3, Emd, Emilin1, Endog, Eno1, Eno1b, Enpp1, Entrep1, Eny2, Epha4, Ephb2, Epm2a, Epn2, Epo, Erbb3, Erbin, Errfi1, Esr1, Esr2, Eya1, Eya2, Eya3, Eya4, Ezh2, Ezr, F2rl1, Faim, Faim2, Faiml, Fam3d, Fam89b, Fbln1, Fbn1, Fbn2, Fbp1, Fbxl2, Fbxo7, Fbxw11, Fcmr, Fcrl5, Fem1a, Fermt1, Ffar2, Ffar3, Ffar4, Fga, Fgb, Fgf10, Fgf2, Fgf23, Fgf9, Fgfr3, Fgfrl1, Fgg, Fhl2, Fignl1, Fkbp1a, Fkbp1b, Fktn, Flcn, Fmr1, Fnip1, Foxh1, Foxm1, Foxo1, Foxo3, Foxp1, Frmd8, Frzb, Fst, Fstl3, Fstl4, Fuz, Fxn, Fyn, Fzd1, Fzd6, Fzd9, G2e3, G3bp1, Gabbr1, Gas1, Gas6, Gata1, Gata2, Gata3, Gata4, Gba1, Gbp7, Gcg, Gclc, Gclm, Gdf15, Gdf3, Gdnf, Gdpd5, Gfral, Ggnbp2, Ghitm, Ghrl, Ghsr, Gigyf2, Gipr, Git1, Gja1, Gjd3, Glg1, Gli1, Gli2, Gli3, Glis2, Glra1, Gmip, Gnai1, Gnai2, Gnai3, Gnal, Gnao1, Gnaz, Gpatch3, Gpc1, Gpc3, Gpd1l, Gper1, Gpr108, Gpr155, Gpr161, Gpr21, Gpr35, Gpr37l1, Gprasp1, Gprc5a, Gps2, Gpx1, Gramd4, Grb10, Grb14, Grem1, Grem2, Gria1, Grid2, Grid2ip, Grik1, Grik2, Grik3, Grina, Grk2, Grk3, Grk4, Grk5, Grk6, Grm2, Grm5, Gsc, Gsdma3, Gsk3a, Gsk3b, Gstp-ps, Gstp1, Gstp2, Gstp3, H2-M3, H2bc21, Hacd3, Hadh, Hapstr1, Hcrt, Hdac1, Hdac2, Hdac3, Hdac7, Heg1, Hells, Herc2, Herc4, Herpud1, Hey1, Hey2, Heyl, Hgf, Hgs, Hhex, Hhip, Hic1, Hif1a, Hif1an, Higd1a, Hipk2, Hipk3, Hjv, Hmga2, Hmgb2, Hmgcr, Hmox1, Hnf4a, Homer2, Homer3, Hrg, Hspa1b, Hspa5, Hspa8, Hspb1, Htr1b, Htr2a, Htr6, Htra1, Htra3, Htt, Huwe1, Hyal2, Hyou1, Icam1, Ier3, Ifi203, Ifi203-ps, Ifi206, Ifi207, Ifi208, Ifi209, Ifi213, Ifi214, Ifi35, Ift122, Ift172, Ift80, Igbp1, Igf1, Igf1r, Igfbp3, Igfbp5, Igsf1, Igtp, Ikbkg, Il10, Il11, Il12a, Il12b, Il17rd, Il19, Il1b, Il1r2, Il1rn, Il36rn, Il4, Il6, Il6st, Il7, Ing1, Ing2, Inha, Inhbb, Inpp5a, Inpp5d, Inpp5e, Inpp5f, Inpp5k, Inppl1, Insig1, Insig2, Ints9, Invs, Iqsec2, Irak3, Irf1, Irf4, Irgm1, Irgm2, Irs1, Isg15, Isl1, Itch, Itfg2, Itga1, Itga3, Itga6, Itgav, Itgb1, Itgb1bp1, Itpr1, Itprip, Ivns1abp, Jade1, Jagn1, Kalrn, Kank1, Kank2, Kcnb1, Kcnc4, Kcnj11, Kcnj6, Kcnk9, Kcnq1, Kcnq4, Kctd10, Kctd11, Kctd13, Kctd21, Kctd6, Kdm1a, Kdm6a, Kics2, Kif26a, Kif7, Klf4, Klf7, Klhl31, Klk14, Kptn, Kremen1, Lamp2, Laptm5, Lats1, Lats2, Lax1, Lbh, Ldlrad4, Lect2, Lefty1, Lemd2, Lemd3, Lep, Leprot, Leprotl1, Lfng, Lgals3, Lgmn, Lgr4, Lif, Lilrb4a, Lilrb4b, Limd1, Lingo1, Litaf, Lmbr1l, Lmna, Lmo3, Lonp1, Lox, Lpar1, Lpxn, Lrp1, Lrp2, Lrp4, Lrp6, Lrrc14, Lrrc32, Lrrk2, Ltbp1, Ltf, Ly6g6e, Lyn, Lyplal1, Lztr1, Lzts2, Mad1l1, Mad2l1bp, Mad2l2, Madd, Magi2, Map2k1, Map2k3, Map2k5, Map3k20, Map3k7, Map4k4, Mapk14, Mapk3, Mapk7, Mapk8ip1, Mapk8ip2, Mapkap1, Mapkapk5, Mapkbp1, Mapt, Marchf7, Mark3, Marveld3, Mavs, Maz, Mcc, Mcl1, Mdfi, Mdk, Mdm2, Mdm4, Mecom, Mefv, Megf8, Meis3, Men1, Mesp1, Met, Mettl3, Mfhas1, Mfn2, Mgll, Mgrn1, Midn, Mif, Minar1, Mir143, Mir154, Mir210, Mir423, Mir675, Mkrn2, Mllt3, Mmp12, Mmp14, Mmp3, Mmp9, Mmrn1, Mmrn2, Mndal, Mnt, Mob4, Morn3, Mosmo, Mpig6b, Mpv17l, Mrap, Mrap2, Mrtfa, Mstn, Mtm1, Mtmr4, Mtnr1a, Mtnr1b, Mtor, Muc1, Mul1, Mup1, Mup11, Mup2, Mup3, Mup4, Mup5, Mvp, Myadm, Myo5a, Myoc, Myocd, Myoz1, Myoz2, n-TIaat17, n-TRtct5, Naip1, Naip2, Naip5, Naip6, Naip7, Nanog, Nanos3, Nbl1, Nck1, Nck2, Ncl, Ncoa5, Ncor1, Ncor2, Ndrg2, Ndrg4, Ndufa13, Ndufaf2, Ndufc2, Ndufs3, Necab2, Nedd4, Nepn, Neurl1a, Neurod1, Nf1, Nf2, Nfatc4, Nfe2l2, Nfkbia, Nfkbid, Nfkbil1, Ngfr, Nherf1, Nherf2, Nherf4, Nkd1, Nkd2, Nkiras1, Nkiras2, Nkx2-1, Nkx2-5, Nkx3-1, Nlk, Nlrc3, Nlrc5, Nlrp12, Nlrp3, Nlrp6, Nlrx1, Nmb, Nme5, Nmi, Noc2l, Nod2, Nodal, Nog, Nol3, Nono, Nop53, Nos1, Notch1, Notch4, Notum, Npc1, Npff, Nphp3, Nphp4, Nploc4, Nppa, Nprl2, Nprl3, Npvf, Npy1r, Npy2r, Npy5r, Nr0b1, Nr1d1, Nr1h4, Nr4a2, Nrarp, Nrg1, Nrp1, Nrros, Nucb2, Nup62, Nxn, Oas1a, Oas1b, Oas1c, Oas1d, Oas1e, Oas1f, Oas1g, Oas1h, Oas3, Obox4, Obscn, Ofd1, Ogt, Olfm4, Onecut1, Onecut2, Opa1, Oprk1, Oprl1, Oprm1, Optn, Osm, Otop1, Otud3, Otud4, Otud5, Otud7b, Ovol2, P2rx7, Padi2, Pafah1b1, Pak1ip1, Pak5, Palm, Palm3, Pam16, Paqr3, Park7, Parl, Parp1, Parp14, Pawr, Pbk, Pbld1, Pbld2, Pbp2, Pcbp2, Pcdh17, Pcgf2, Pdcd4, Pdcd6, Pde10a, Pde11a, Pde1c, Pde2a, Pde3a, Pde3b, Pde4c, Pde4d, Pde8b, Pdia6, Pdpk1, Pdx1, Pea15a, Pea15b-ps, Pebp1, Peg10, Peli1, Peli3, Penk, Per1, Pfdn5, Pfkl, Phactr4, Phb1, Phb2, Phf14, Phip, Phlda3, Phlpp1, Phpt1, Pias2, Pias4, Pibf1, Pick1, Pid1, Pik3ap1, Pik3cb, Pik3ip1, Pik3r2, Pim3, Pin1, Pin1rt1, Pink1, Pip4k2a, Pip4k2b, Pip4k2c, Pirb, Pkhd1, Pkia, Pla2g6, Plaur, Plcl2, Pld2, Plek, Plekha1, Plin5, Plk2, Plk3, Pmch, Pmepa1, Pp2d1, Ppara, Pparg, Ppef2, Ppia, Ppif, Ppm1a, Ppm1b, Ppp1r10, Ppp1r9a, Ppp2ca, Ppp2cb, Ppp2r1a, Ppp2r3a, Ppp3ca, Ppp6c, Ppt1, Prap1, Prdm14, Prdm15, Prdm16, Prdx2, Prelid1, Prex1, Prex2, Prickle1, Prkaa1, Prkaa2, Prkaca, Prkacb, Prkar1a, Prkar1b, Prkar2a, Prkar2b, Prkca, Prkcb, Prkcd, Prkcq, Prkcz, Prkdc, Prkn, Prmt1, Prnp, Prr5l, Prrt1, Psca, Psen1, Psen2, Psmd10, Psmd9, Psme3, Ptch1, Ptch2, Pten, Ptger3, Ptgir, Ptgs2, Ptgs2os, Ptk2b, Ptpmt1, Ptpn1, Ptpn11, Ptpn2, Ptpn22, Ptpn6, Ptprc, Ptprd, Ptpre, Ptprf, Ptprj, Ptpro, Ptprr, Ptprs, Ptprt, Ptpru, Ptprv, Pttg1ip, Pvrig, Pycard, Pycr1, Qars1, Rab11fip1, Rab11fip3, Rab11fip5, Rab7, Rab7b, Rabgef1, Rack1, Raf1, Ranbp9, Rapgef1, Rapgef4, Rasa2, Rasa3, Rasa4, Rasal1, Rasal3, Rasip1, Rasl11b, Rassf2, Rb1, Rb1cc1, Rbbp4, Rbbp7, Rbms3, Rbpms2, Rcan1, Rela, Rest, Rffl, Rfng, Rfx4, Rgs1, Rgs10, Rgs11, Rgs12, Rgs13, Rgs14, Rgs16, Rgs17, Rgs18, Rgs19, Rgs2, Rgs20, Rgs22, Rgs3, Rgs4, Rgs5, Rgs6, Rgs7, Rgs7bp, Rgs8, Rgs9, Rgs9bp, Rhoa, Rhoh, Rian, Riok3, Ripk1, Ripor1, Ripor2, Rita1, Rnf113a1, Rnf113a2, Rnf115, Rnf125, Rnf126, Rnf149, Rnf152, Rnf167, Rnf170, Rnf213, Rnf34, Rnf43, Robo1, Ror2, Rora, Rpgrip1l, Rph3al, Rps6ka1, Rps6ka6, Rps6kb1, Rps6kb2, Rptor, Rrm2b, Rrn3, Rtkn2, Rubcn, Runx2, Ruvbl2, Ryr1, S2bpcox16, Sac3d1, Sag, Sall1, Sall3, Samhd1, Samtor, Sap130, Sap30, Sap30l, Sar1a, Sar1b, Sarm1, Scai, Scg2, Sco1, Scyl2, Sdhaf2, Sec14l1, Selenos, Sema6a, Serpine1, Serpine2, Sesn1, Sesn2, Sesn3, Sfrp1, Sfrp2, Sfrp4, Sfrp5, Sgk3, Sh2b3, Sh2d1a, Sh3bp1, Sh3bp4, Sh3glb1, Sh3rf1, Sh3rf2, Shank2, Shank3, Shh, Shisa2, Shisa3, Shisa6, Siah2, Sigirr, Siglecg, Sike1, Sin3a, Sinhcaf, Sirpa, Sirt1, Sirt2, Sirt3, Sirt4, Sirt7, Six3, Ska1, Ska3, Ski, Skil, Skor1, Skor2, Sla2, Slamf1, Slc24a1, Slc24a2, Slc24a4, Slc25a31, Slc25a4, Slc25a5, Slc27a4, Slc2a10, Slc35c1, Slc35f6, Slc39a8, Slc6a1, Slc6a4, Slit2, Slit3, Slmap, Smad4, Smad5, Smad6, Smad7, Smarca4, Smim30, Smpd1, Smpd3, Smpdl3a, Smpdl3b, Smurf1, Smurf2, Snai1, Snai2, Snca, Snip1, Snx1, Snx13, Snx25, Snx5, Snx6, Socs1, Socs2, Socs3, Socs4, Socs5, Socs6, Socs7, Sod2, Sorcs2, Sorcs3, Sorl1, Sost, Sostdc1, Sox10, Sox13, Sox17, Sox2, Sox30, Sox9, Spaar, Spart, Spi1, Spink1, Spred1, Spred2, Spred3, Spry1, Spry2, Spry3, Spry4, Spsb3, Sqstm1, Src, Srebf1, Srf, Sstr4, Stambp, Stap1, Stat1, Stat2, Stau2, Stk11, Stk3, Stk38, Stk4, Stmn1, Stmn3, Stradb, Strap, Strip1, Strn3, Strn4, Stub1, Stxbp1, Stxbp5l, Styxl2, Suds3, Sufu, Sulf1, Sulf2, Suz12, Syngap1, Synj2bp, Syt4, Sytl4, Syvn1, Szt2, Tacr2, Tank, Taok3, Tarbp2, Tax1bp1, Tax1bp3, Tbc1d1, Tbc1d10c, Tbc1d7, Tbk1, Tbx1, Tbx18, Tbx20, Tcf21, Tcf7l2, Tcim, Tert, Tet1, Tfap2a, Tgfb2, Tgfb3, Tgfbr1, Tgfbr3, Tgif1, Thbs1, Them4, Thy1, Ticam2, Timp2, Tjp2, Tkfc, Tle1, Tle2, Tle3, Tle4, Tle5, Tle6, Tle7, Tlr4, Tlr6, Tlr9, Tmbim1, Tmbim6, Tmed2, Tmem127, Tmem131l, Tmem14a, Tmem161a, Tmem170b, Tmem53, Tmem64, Tmem88, Tmem88b, Tmprss6, Tmsb4x, Tnf, Tnfaip1, Tnfaip3, Tnfaip6, Tnfaip8l1, Tnfrsf11b, Tnfrsf22, Tnfrsf23, Tnfrsf4, Tnfsf4, Tnip1, Tnip2, Tnip3, Tnk1, Tnn, Tnr, Tns2, Tns3, Tob1, Tpbg, Tpbgl, Tprg1l, Tpt1, Trabd2b, Traf3ip1, Traip, Trap1, Trem2, Treml1, Trex1, Triap1, Trib1, Trim11, Trim15, Trim30a, Trim31, Trim32, Trim33, Trim39, Trim59, Trim60, Trim67, Trim72, Trp53, Trp63, Tsc1, Tsc2, Tsg101, Tsku, Tspan15, Tspan6, Tspo, Ttll12, Tulp3, Twist1, Twsg1, Txndc12, Tyro3, Uaca, Ubac2, Ubash3a, Ubash3b, Ube2b, Ube2d1, Ube2n, Ube2w, Ube3a, Ubqln1, Ubqln2, Ubr1, Ubr2, Ubr5, Uchl1, Ucma, Ucn, Ucn2, Ucp2, Ufd1, Ufl1, Ulk3, Unc5b, Uri1, Usp10, Usp15, Usp18, Usp20, Usp25, Usp47, Usp49, Usp7, Uts2, Vasn, Vcp, Vdac2, Vegfa, Veph1, Vgll4, Vhl, Vps11, Vps13a, Vps18, Vps25, Vrk3, Vsnl1, Vwc2, Vwc2l, Wdr91, Wfikkn1, Wfikkn2, Wfs1, Wif1, Wnk2, Wnt1, Wnt11, Wnt16, Wnt4, Wnt5a, Wnt5b, Wnt7b, Wtip, Wwc1, Wwc2, Wwox, Wwtr1, Xbp1, Xdh, Xiap, Yap1, Ybx3, Yju2, Ythdf2, Ythdf3, Ywhab, Ywhae, Ywhag, Ywhaz, Zbtb7a, Zc3h12a, Zdhhc12, Zdhhc18, Zfp366, Zfp385a, Zfp451, Zfp536, Zfp592, Zfp653, Zfyve28, Zgpat, Zmynd11, Znrf3, Znrf4
GO:0010604	positive regulation of macromolecule metabolic process	3446	79	50.2	2.8e-05	0.006552	4930402K13Rik, 4930480E11Rik, 4931414P19Rik, 6030468B19Rik, A1cf, Aamdc, Aatf, Abca2, Abcb10, Abcc8, Abcf1, Abcg1, Abhd14b, Abi1, Abi2, Abi3, Abl1, Abl2, Ablim1, Ablim2, Ablim3, Abra, Abraxas1, Acd, Ace, Acss2, Acta1, Acta2, Actb, Actc1, Actg1, Actg2, Actl6a, Actl6b, Actn1, Actn2, Actn4, Actr2, Actr3, Actr5, Actr6, Actr8, Acvr1, Acvr1b, Acvr2a, Acvrl1, Adam17, Adam19, Adam2, Adam3, Adam8, Adam9, Adar, Adarb1, Adcy10, Adcy8, Adcyap1, Adipoq, Adipor2, Adm2, Adnp, Adora2b, Adra1b, Adra2a, Adra2b, Adra2c, Adrb2, Adtrp, Afap1l2, Afdn, Aff1, Agap2, Agbl4, Ager, Ago1, Ago2, Ago3, Agpat1, Agpat2, Agr2, Agrn, Agt, Agtpbp1, Agtr1a, Agtr1b, Agtr2, Ahi1, Ahr, Ahrr, Aicda, Aif1, Aim2, Aimp2, Aire, Ajuba, Akap11, Akap12, Akap5, Akap6, Akap8l, Akap9, Akirin1, Akirin2, Akna, Akt1, Akt2, Aktip, Aldh1a2, Alkbh1, Alkbh4, Alkbh5, Alox12, Alox12b, Alox8, Als2, Alx1, Alx4, Amer1, Amh, Ang, Ang2, Ang3, Ang4, Ang5, Ang6, Angel2, Angpt1, Angpt4, Angptl8, Ank2, Ank3, Ankrd1, Ankrd23, Ankrd31, Ankrd42, Ankrd49, Ankrd66, Antxr1, Anxa1, Anxa2, Anxa3, Ap3b1, Ap3d1, Apbb1, Apbb2, Apc, Apex1, Aph1a, Aph1b, Aph1c, Apln, Aplnr, Apoa2, Apob, Apobec1, Apobec2, Apoe, App, Appl1, Ar, Araf, Arap1, Areg, Arf4, Arfgef2, Arglu1, Arhgef11, Arhgef2, Arhgef5, Arid1a, Arid1b, Arid2, Arid3a, Arid3b, Arid3c, Arid4a, Arid4b, Arid5a, Arid5b, Arl2bp, Armcx3, Arnt, Arnt2, Arrb1, Arrb2, Arrdc3, Arrdc4, Arx, Asb11, Asb5, Asb9, Ascl1, Ascl2, Ascl3, Ascl5, Ash1l, Ash2l, Asph, Aspscr1, Astl, Asxl1, Asxl2, Asxl3, Atad2, Atad2b, Atad5, Atf1, Atf1-ps, Atf2, Atf3, Atf4, Atf5, Atf6, Atf6b, Atf7, Atf7ip, Atg10, Atg14, Atg4b, Atg7, Atm, Atmin, Atn1, Atoh1, Atoh7, Atoh8, Atp13a2, Atp5if1, Atp6ap2, Atr, Atrx, Atxn1, Atxn3, Atxn7, Atxn7l3, Aurka, Aurkaip1, Aurkb, Auts2, Avp, Avpr2, Axin1, Axin2, Aym1, B2m, Babam1, Babam2, Bach1, Bad, Bag2, Bag4, Bag6, Bak1, Bambi, Bank1, Banp, Barhl1, Barhl2, Barx2, Batf, Bax, Baz1a, Baz1b, Bbs7, Bcap31, Bcar3, Bcas3, Bcdin3d, Bcl10, Bcl11a, Bcl11b, Bcl2, Bcl2l12, Bcl3, Bcl7a, Bcl7b, Bcl7c, Bcl9, Bcl9l, Bclaf1, Bclaf3, Bdnf, Bex2, Bhlha15, Bhlhe22, Bhlhe23, Bicra, Bicral, Birc2, Birc3, Birc5, Birc7, Blm, Blnk, Bloc1s2, Bmal1, Bmal2, Bmi1, Bmp10, Bmp15, Bmp2, Bmp3, Bmp4, Bmp5, Bmp6, Bmp7, Bmpr1a, Bmpr1b, Bmpr2, Bmyc, Bnc1, Boll, Bptf, Braf, Brat1, Brca1, Brca2, Brcc3, Brcc3dc, Brd3, Brd4, Brd7, Brd8, Brdt, Brf1, Brms1, Brpf1, Brpf3, Bsg, Bsx, Btbd18, Btg2, Btk, Btnl2, Btrc, Bud23, Bud31, C1qbp, C1qtnf1, C1qtnf2, C1qtnf3, C1qtnf4, C1qtnf9, C3, C3ar1, C4bp, C5ar1, Cab39, Cacul1, Cacybp, Cadm1, Calcoco1, Calcr, Calr, Camk1, Camk2d, Camk4, Camkk2, Camp, Camta1, Camta2, Cand1, Capn3, Caprin1, Caprin2, Card10, Card11, Card14, Card9, Carf, Carm1, Carmil2, Cartpt, Cask, Casp1, Casp3, Casp4, Casp8, Casr, Cass4, Casz1, Cav1, Cav2, Cavin2, Cavin4, Cbfa2t3, Cbfb, Cblb, Cbx7, Cbx8, Ccar1, Ccbe1, Ccdc117, Ccdc22, Ccdc62, Ccdc88a, Ccdc88b, Cck, Ccl1, Ccl19, Ccl19-ps1, Ccl19-ps3, Ccl19-ps4, Ccl19-ps5, Ccl19-ps6, Ccl2, Ccl20, Ccl21a, Ccl3, Ccl4, Ccl5, Ccm2l, Ccn1, Ccn2, Ccna2, Ccnb1, Ccnc, Ccnd1, Ccnd2, Ccnd3, Ccnk, Ccnt1, Ccnt2, Ccny, Ccpg1, Ccr2, Ccr5, Ccr7, Cct2, Cct3, Cct4, Cct5, Cct6a, Cct7, Cct8, Cd14, Cd160, Cd1d1, Cd1d2, Cd2, Cd200, Cd209b, Cd209d, Cd226, Cd244a, Cd24a, Cd27, Cd274, Cd276, Cd28, Cd300c2, Cd300ld3, Cd34, Cd36, Cd37, Cd38, Cd3e, Cd4, Cd40, Cd40lg, Cd44, Cd46, Cd55, Cd55b, Cd6, Cd74, Cd80, Cd81, Cd83, Cd84, Cd86, Cdc14b, Cdc20, Cdc20b, Cdc25b, Cdc42, Cdc5l, Cdc5lrt1, Cdc5lrt10, Cdc5lrt4, Cdc5lrt5, Cdc5lrt6, Cdc5lrt7, Cdc5lrt8, Cdc5lrt9, Cdc7, Cdc73, Cdh1, Cdh13, Cdh3, Cdh5, Cdk1, Cdk12, Cdk13, Cdk2, Cdk2ap1, Cdk2ap1rt, Cdk4, Cdk5, Cdk5r1, Cdk5r2, Cdk5rap1, Cdk5rap2, Cdk5rap3, Cdk6, Cdk7, Cdk8, Cdk9, Cdkn1a, Cdkn1b, Cdkn1c, Cdkn2a, Cdon, Cdt1, Cdx1, Cdx2, Cdx4, Ceacam1, Ceacam20, Cebpa, Cebpb, Cebpd, Cebpe, Cebpg, Cebpz, Cela1, Celf1, Celf3, Celf4, Cemip, Cenpe, Cenpk, Cep290, Cep295, Ces1d, Cfl1, Cgas, Chchd2, Chchd2-ps, Chd4, Chd6, Chd7, Chd8, Chek2, Chfr, Chga, Chi3l1, Chia1, Chil3, Chil4, Chil5, Chil6, Chp1, Chp2, Chrna3, Chrna7, Chtf18, Chtf8, Chuk, Churc1, Cib1, Ciita, Cir1, Cirbp, Cited1, Cited2, Cited4, Ciz1, Ckap2, Clcf1, Cldn13, Cldn19, Cldn3, Cldn4, Cldn5, Clec12a, Clec3b, Clec4e, Clec4n, Clec5a, Clec7a, Clec9a, Clip3, Cln3, Cln6, Clnk, Clns1a, Clock, Clspn, Clu, Cnbp, Cnn2, Cnot1, Cnot2, Cnot3, Cnot6, Cnot6l, Cnot7, Cnot8, Cnot9, Cntf, Cntn1, Cntn2, Coa3, Col1a1, Commd1, Cop1, Cops5, Cops8, Coq7, Cpap, Cpeb1, Cpeb3, Creb1, Creb3, Creb3l1, Creb3l2, Creb3l3, Creb3l4, Creb5, Crebbp, Crebl2, Crebrf, Crebzf, Crem, Crh, Crhr2, Cripto, Crkl, Crlf1, Crlf2, Crlf3, Crnde, Crp, Crtam, Crtc1, Crtc2, Crtc3, Crx, Cry1, Cryaa, Csde1, Csf1, Csf1r, Csf2, Csf3, Csnk1a1, Csnk1d, Csnk1e, Csnk2a1, Cspg4, Csrnp1, Csrnp2, Csrnp3, Csrp3, Cst3, Ctbp2, Ctc1, Ctcf, Ctcfl, Ctf1, Ctnnb1, Ctnnd1, Ctr9, Ctsc, Ctsh, Cul3, Cul4a, Cul4b, Cux2, Cx3cl1, Cx3cr1, Cxcl17, Cxcr3, Cxcr4, Cxxc1, Cyba, Cybb, Cyfip2, Cyp1b1, Cyp26b1, Cyp2j6, Cyp3a13, Cyren, Cyrib, Cys1, Cytl1, D1Pas1, Dab1, Dab2, Dab2ip, Dact1, Daxx, Dazap1, Dazl, Dbf4, Dbp, Dcaf1, Dcaf6, Dcn, Dcp1a, Dcp1b, Dcp2, Dcps, Dcun1d1, Dcun1d2, Dcun1d3, Dcun1d4, Dcun1d5, Dda1, Ddb1, Ddit3, Ddn, Ddr2, Ddrgk1, Ddx1, Ddx11, Ddx17, Ddx21, Ddx39b, Ddx3x, Ddx41, Ddx5, Deaf1, Defb25, Dek, Dennd1b, Derl1, Det1, Dgcr8, Dgkq, Dhx29, Dhx33, Dhx34, Dhx36, Dhx58, Dhx9, Dicer1, Dimt1, Dip2a, Dip2b, Dis3l2, Disc1, Dkc1, Dkk1, Dlg1, Dlk1, Dll1, Dll4, Dlx1, Dlx2, Dlx3, Dlx5, Dlx6os1, Dmap1, Dmrt1, Dmrt2, Dmtf1, Dna2, Dnaja3, Dnaja4, Dnajb2, Dnajb9, Dnajc2, Dnajc3, Dnd1, Dnmt1, Dnmt3b, Dnmt3l, Dock7, Dok7, Dot1l, Dpf1, Dpf2, Dpf3, Dpy30, Drd1, Drd2, Drd3, Drd4, Drosha, Dscc1, Dtl, Dtnbp1, Dtx3l, Dusp19, Dvl1, Dvl2, Dvl3, Dxo, Dynap, Dynapl1, Dyrk1a, Dyrk1b, Dyrk2, E2f1, E2f2, E2f3, E2f4, E2f5, E2f7, E2f8, E330034G19Rik, E4f1, Eaf1, Eaf2, Eapp, Ebf1, Ebf2, Ebf3, Ebf4, Ecd, Ece1, Ecscr, Ect2, Eda, Edar, Edf1, Edn1, Edn3, Ednra, Ednrb, Edrf1, Eef1d, Eef2, Efcab7, Efna1, Efna3, Efna5, Egf, Egfr, Egln1, Egln2, Egr1, Egr2, Egr3, Egr4, Ehd4, Ehf, Eif1, Eif2a, Eif2ak2, Eif2ak3, Eif2ak4, Eif2b5, Eif3d, Eif3e, Eif4a1, Eif4a3, Eif4a3l1, Eif4a3l2, Eif4enif1, Eif4g1, Eif4g2, Eif4g3, Eif5a, Eif5a2, Eif6, Elane, Elavl1, Elavl4, Elf1, Elf2, Elf3, Elf4, Elf5, Elk1, Elk3, Elk4, Ell, Ell2, Ell3, Elob, Eloc, Emilin1, Emp2, En1, En2, Endog, Eng, Eno1, Eno1b, Enpp2, Eny2, Eomes, Ep300, Ep400, Epas1, Epb41l4b, Epc1, Epc2, Epcam, Epha4, Epha7, Ephb2, Ephx2, Epm2aip1, Epo, Eps15, Epx, Erbb2, Erbb3, Erbb4, Ercc1, Ercc2, Ercc6, Ercc8, Ereg, Erg, Ern1, Ern2, Erp29, Esr1, Esr2, Esrra, Esrrb, Esrrg, Etaa1, Ets1, Ets2, Etv1, Etv2, Etv4, Etv5, Etv6, Evx1, Exosc10, Exosc3, Exosc6, Exosc9, Eya1, Eya2, Eya3, Eya4, Ezh1, Ezh2, Ezr, F12, F2, F2r, F2rl1, F3, Fadd, Faf1, Fam107a, Fam161a, Fam168a, Fam170a, Fam20a, Fam47c, Fam47e, Fam76b, Fam98a, Fam98b, Fancb, Fanci, Fancm, Fank1, Fas, Fastkd2, Fastkd3, Faxdc2, Fbh1, Fbln1, Fbln5, Fbn1, Fbxl5, Fbxo11, Fbxo22, Fbxo33, Fbxo4, Fbxw11, Fbxw7, Fbxw8, Fcer1a, Fcer1g, Fcgr1, Fcgr2b, Fcgr3, Fcna, Fcnb, Fermt1, Fev, Fezf1, Fezf2, Ffar2, Ffar3, Fgd2, Fgd4, Fgf1, Fgf10, Fgf15, Fgf18, Fgf2, Fgf23, Fgf4, Fgf7, Fgf8, Fgf9, Fgfr1, Fgfr2, Fgfr3, Fgfr4, Fgr, Fh1, Fhl5, Fhod1, Figla, Fiz1, Fli1, Flot1, Flt1, Flt3, Flt3l, Flt4, Fmn2, Fmr1, Fn1, Fndc1, Fnip1, Fnip2, Fnta, Fos, Fosb, Fosl1, Fosl2, Foxa1, Foxa2, Foxa3, Foxc1, Foxc2, Foxd1, Foxd2, Foxd3, Foxe1, Foxf1, Foxf2, Foxh1, Foxi1, Foxj1, Foxj2, Foxj3, Foxk1, Foxk2, Foxl2, Foxm1, Foxn1, Foxn4, Foxo1, Foxo3, Foxo4, Foxp1, Foxp3, Foxr1, Frmd8, Fshb, Fstl3, Fto, Ftx, Fubp1, Fubp3, Fus, Fuz, Fxr1, Fxr2, Fyn, Fzd1, Fzd2, Fzd4, Fzd5, Fzd7, Fzd8, Fzr1, G3bp1, Gab1, Gabarap, Gabpa, Gabpb1, Gabpb2, Gal, Galr1, Galr2, Galr3, Gapdh, Gapdh-ps15, Gapdhrt, Gapdhrt2, Garin5a, Gas6, Gata1, Gata2, Gata3, Gata4, Gata5, Gata6, Gatad2a, Gatad2b, Gba1, Gbp5, Gbx2, Gcg, Gcgr, Gch1, Gck, Gclc, Gcm1, Gcm2, Gdf2, Gdf6, Gdf7, Gdnf, Gfer, Gfra1, Gga1, Gga3, Ghrh, Gigyf2, Gimap3, Gimap5, Git1, Gja1, Gjc2, Gli1, Gli2, Gli3, Glis1, Glis2, Glis3, Glmn, Glmp, Glp1r, Glyr1, Gm7324, Gmeb1, Gmeb2, Gnas, Gnl3, Golga2, Gpatch3, Gpbp1, Gpbp1l1, Gpc3, Gper1, Gpi1, Gpld1, Gpnmb, Gpr39, Gprc5b, Gps2, Gpsm3, Grem1, Grhl1, Grhl2, Grhl3, Gria1, Grin1, Grk2, Grk3, Grn, Grsf1, Gsap, Gsdma3, Gsdmd, Gsk3a, Gsk3b, Gsn, Gsx1, Gtf2a1, Gtf2a2, Gtf2f1, Gtf2f2, Gtf2h1, Gtf2i, Gtpbp1, Gtsf1, Guf1, H2-M3, H2-Q9, H2-T23, H2az1, H60a, Habp4, Hamp, Hamp2, Hand1, Hand2, Hand2os1, Has2, Has3, Havcr2, Hax1, Hbegf, Hc, Hcfc1, Hcls1, Hdac1, Hdac10, Hdac2, Hdac3, Hdac4, Hdac5, Hdac6, Hdgf, Hdgfl2, Heatr1, Heg1, Helq, Helt, Helz2, Herpud1, Hes1, Hes3, Hes5, Hexb, Hey1, Hey2, Heyl, Hfe, Hgf, Hgs, Hhex, Hif1a, Hif3a, Higd1a, Hilpda, Hinfp, Hipk2, Hivep1, Hivep2, Hivep3, Hjv, Hk1, Hlf, Hltf, Hmbox1, Hmces, Hmga1, Hmga1b, Hmga2, Hmgb1, Hmgb2, Hmgn3, Hmgn5, Hmx2, Hnf1a, Hnf1b, Hnf4a, Hnf4g, Hnrnpa0, Hnrnpa1, Hnrnpa2b1, Hnrnpab, Hnrnpc, Hnrnpd, Hnrnpk, Hnrnpll, Hnrnpr, Hnrnpu, Hoxa1, Hoxa10, Hoxa11, Hoxa13, Hoxa2, Hoxa4, Hoxa5, Hoxa7, Hoxa9, Hoxb1, Hoxb2, Hoxb3, Hoxb4, Hoxb5, Hoxb7, Hoxb9, Hoxc10, Hoxc11, Hoxc13, Hoxc4, Hoxd10, Hoxd13, Hoxd3, Hoxd4, Hoxd8, Hoxd9, Hpn, Hpse, Hpx, Hras, Hsf1, Hsf2, Hsf3, Hsf5, Hsp90aa1, Hspa1a, Hspa1b, Hspa2, Hspa5, Hspa8, Hspb1, Hspbp1, Hspd1, Hsph1, Htatip2, Htr2a, Htr2b, Huwe1, Hyal2, Iapp, Icam1, Ice1, Ice2, Icosl, Id1, Id2, Id3, Id4, Ido1, Ier2, Ier3, Ier5, Ifi203, Ifi203-ps, Ifi206, Ifi207, Ifi208, Ifi209, Ifi213, Ifi214, Ifih1, Ifna, Ifnar1, Ifnb1, Ifng, Ifngr1, Ifrd1, Ift74, Igbp1, Igf1, Igf1r, Igf2, Igf2bp1, Igf2bp2, Igf2bp3, Igfbp3, Igh-7, Ighd, Ighm, Igtp, Ihh, Ikbkb, Ikbke, Ikbkg, Ikzf1, Ikzf2, Ikzf3, Ikzf4, Il10, Il11, Il12a, Il12b, Il12rb1, Il12rb2, Il13, Il13ra1, Il15, Il16, Il17a, Il17b, Il17c, Il17d, Il17f, Il17ra, Il17rb, Il17rc, Il18, Il18r1, Il1a, Il1b, Il1r1, Il1rap, Il1rl1, Il1rl2, Il2, Il20rb, Il21, Il22, Il23a, Il23r, Il24, Il25, Il27, Il27ra, Il2rg, Il3, Il31ra, Il33, Il34, Il36a, Il36b, Il36g, Il4, Il4i1, Il4i1b, Il4ra, Il5, Il6, Il6ra, Il6st, Il7, Il7r, Il9, Ilf2, Ilf3, Ilk, Inava, Ing1, Ing2, Ing3, Ing4, Inhba, Ino80, Ino80b, Ino80c, Ino80d, Ino80e, Inpp5f, Inpp5k, Ins1, Ins2, Insr, Ip6k2, Ippk, Iqce, Iqgap1, Iqgap3, Irak1, Irak3, Irf1, Irf2, Irf2bpl, Irf3, Irf4, Irf5, Irf6, Irf7, Irf8, Irf9, Irgm1, Irgm2, Irs1, Irs2, Irx1, Irx3, Irx4, Irx6, Isg15, Isl1, Isl2, Ist1, Itch, Itga2, Itga3, Itga5, Itga6, Itga8, Itgax, Itgb1, Itgb1bp1, Itgb3, Itgb8, Itk, Itln1, Itlnb, Jade1, Jag1, Jak2, Jak3, Jmjd4, Jmjd6, Jmy, Jpx, Jtb, Jun, Junb, Jund, Jup, Kansl1, Kansl2, Kansl3, Kars1, Kat2a, Kat2b, Kat5, Kat6a, Kat6b, Kat7, Kat8, Kcne2, Kcnh2, Kctd13, Kdm1a, Kdm1b, Kdm2a, Kdm3a, Kdm4a, Kdm4c, Kdm4d, Kdm5a, Kdm5b, Kdm6a, Kdm6b, Kdm7a, Kdm8, Kdr, Khdc3, Khdrbs1, Khdrbs3, Khsrp, Kif14, Kif1b, Kit, Kitl, Klf1, Klf10, Klf12, Klf13, Klf14, Klf15, Klf2, Klf4, Klf5, Klf6, Klf7, Klf9, Klhl40, Klk5, Klk7, Klre1, Klrh1, Klrk1, Kmt2a, Kmt2b, Kmt2c, Kmt2d, Kmt2e, Kmt5b, Kmt5c, Kndc1, Kpna2, Kpna2rt, Kpna6, Kpna7, Kras, Krt17, L3mbtl3, Lacc1, Lamp3, Lamtor5, Laptm5, Larp1, Larp4, Larp4b, Larp7, Larp7-ps, Lats1, Lbh, Lbp, Lck, Lcn2, Lcor, Ldb1, Ldb2, Ldlr, Lef1, Leo1, Lep, Lepr, Lgals9, Lhx1, Lhx2, Lhx3, Lhx4, Lhx5, Lif, Lilra5, Limch1, Limk2, Lims1, Lin28a, Lin28b, Litaf, Lmna, Lmntd2, Lmo1, Lmo2, Lmo3, Lmo4, Lmo7, Lmx1a, Lmx1b, Lpcat1, Lpin1, Lpin2, Lpin3, Lpl, Lrp1, Lrp3, Lrp4, Lrp5, Lrp6, Lrp8, Lrrc32, Lrrfip2, Lrrk1, Lrrk2, Lrrn3, Lrrtm3, Lsm1, Lta, Ltb, Ltf, Lum, Lurap1, Ly9, Ly96, Lyar, Lyl1, Lyn, Macc1, Macroh2a1, Mad2l2, Maf, Mafa, Mafb, Maff, Mafg, Maged1, Magi3, Mak, Malt1, Maml1, Maml2, Maml3, Mamstr, Map2k1, Map2k2, Map2k3, Map2k4, Map2k5, Map2k6, Map2k7, Map3k1, Map3k10, Map3k11, Map3k12, Map3k13, Map3k4, Map3k5, Map3k7, Map4k2, Mapk1, Mapk11, Mapk13, Mapk14, Mapk15, Mapk3, Mapk7, Mapk8, Mapk8ip3, Mapk9, Mapkap1, Mapkapk2, Mapkapk5, Mapre3, Marchf2, Marchf7, Mark1, Mars1, Mas1, Mastl, Mavs, Max, Maz, Mbd2, Mbd3, Mbip, Mbl2, Mbp, Mbtd1, Mbtps2, Mc1r, Mcf2l, Mcidas, Mcoln2, Mcrs1, Mdfic, Mdk, Mdm2, Meaf6, Mecom, Mecp2, Med1, Med10, Med11, Med12, Med12l, Med13, Med14, Med15, Med16, Med17, Med18, Med19, Med20, Med21, Med22, Med23, Med24, Med25, Med26, Med27, Med28, Med29, Med30, Med31, Med4, Med6, Med7, Med8, Med9, Mef2a, Mef2b, Mef2c, Mef2d, Mefv, Meioc, Meis1, Meis2, Meis3, Meltf, Men1, Meox1, Meox2, Mepce, Mesp1, Mesp2, Met, Mettl14, Mettl16, Mettl23, Mettl3, Mettl5, Mettl8, Mex3d, Mfn2, Mga, Mgmt, Mical2, Mif, Mir103-1, Mir103-2, Mir125b-1, Mir125b-2, Mir133a-1, Mir133b, Mir135a-2, Mir143, Mir144, Mir155, Mir18, Mir184, Mir196a-1, Mir196a-2, Mir196b, Mir21a, Mir23a, Mir301, Mir324, Mir3960, Mir451a, Mir451b, Mir452, Mir466d, Mir466l, Mir505, Mir744, Mir7578, Mir98, Mirlet7a-1, Mirlet7a-2, Mitf, Mixl1, Mkrn2, Mkx, Mlh1, Mllt1, Mllt10, Mllt11, Mllt3, Mllt6, Mlst8, Mlx, Mlxip, Mlxipl, Mmd, Mmd2, Mmp12, Mmp14, Mmp8, Mmp9, Mms19, Mndal, Mob2, Morf4l1, Morf4l2, Mospd1, Mov10, Mpl, Mprip, Mpv17l2, Mre11a, Mrgbp, Mrnip, Mrpl12, Mrps27, Mrtfa, Mrtfb, Msantd1, Msgn1, Msh2, Msl1, Msl2, Msl3, Msn, Mst1, Mst1r, Mstn, Msx1, Mt3, Mta1, Mta2, Mta3, Mtdh, Mtf1, Mtnap1, Mtor, Mtpn, Muc1, Mul1, Mup1, Mup11, Mup2, Mup3, Mup4, Mup5, Musk, Mustn1, Myb, Mybbp1a, Mybl1, Mybl2, Myc, Mycbp, Mycbp2, Mycn, Mycs, Myd88, Mydgf, Myf5, Myf6, Myh9, Mylip, Mylk2, Myo1c, Myocd, Myod1, Myog, Myom1, Myrf, Myrfl, Mysm1, Myt1, Myt1l, Mzb1, Mzf1, N6amt1, Naa15, Nabp2, Naf1, Naip5, Nampt, Nanog, Nanos1, Nanos2, Nanos3, Nat10, Nat8, Nat8b-ps, Nat8f1, Nat8f7, Nbas, Nbn, Ncbp1, Ncbp2, Nck1, Nck2, Ncl, Ncoa1, Ncoa2, Ncoa3, Ncoa6, Ncoa7, Ncor2, Ncstn, Ndfip1, Ndfip2, Ndn, Ndp, Ndufa13, Nedd4, Nedd4l, Nedd9, Nek10, Nek2, Nek4, Nek7, Nelfa, Nelfe, Neurl1a, Neurod1, Neurod2, Neurod4, Neurod6, Neurog1, Neurog2, Neurog3, Nfam1, Nfat5, Nfatc1, Nfatc2, Nfatc2ip, Nfatc3, Nfatc4, Nfe2, Nfe2l1, Nfe2l2, Nfia, Nfib, Nfic, Nfil3, Nfix, Nfkb1, Nfkb2, Nfkbia, Nfkbiz, Nfrkb, Nfya, Nfyb, Nfyc, Ngf, Ngfr, Ngrn, Nhlh1, Nhlh2, Nhlrc1, Niban1, Niban2, Nicol1, Nif3l1, Nipbl, Nkd1, Nkd2, Nkrf, Nkx2-1, Nkx2-2, Nkx2-2os, Nkx2-3, Nkx2-5, Nkx2-6, Nkx2-9, Nkx3-1, Nkx6-3, Nlrc4, Nlrc5, Nlrp10, Nlrp12, Nlrp1a, Nlrp1b, Nlrp3, Nlrp9b, Nmb, Nmbr, Nmd3, Nme2, Nmi, Nnmt, Nobox, Noct, Nod1, Nod2, Nodal, Nog, Nol11, Nolc1, Nop53, Nos1, Nos2, Nos3, Notch1, Notch2, Notch3, Notch4, Nox1, Nox4, Npas2, Npas3, Npas4, Npat, Npm1, Npm2, Npnt, Nptn, Nr0b2, Nr1d1, Nr1d2, Nr1h2, Nr1h3, Nr1h4, Nr1h5, Nr1i2, Nr1i3, Nr2c2, Nr2e1, Nr2e3, Nr2f1, Nr2f2, Nr3c1, Nr3c2, Nr4a1, Nr4a2, Nr4a3, Nr5a1, Nr5a2, Nr6a1, Nras, Nrbf2, Nrdc, Nrde2, Nrf1, Nrg1, Nrip1, Nrl, Nrp1, Nrxn1, Nscme3l, Nsd1, Nsd2, Nsd3, Nsf, Nsg1, Nsmce3, Nsun4, Nsun5, Ntf3, Ntrk1, Ntrk2, Ntrk3, Nts, Ntsr1, Nub1, Nucks1, Nufip1, Nup62, Nup85, Nup98, Nupr1, Nvl, Nwd1, Oas1a, Oas1b, Oas1c, Oas1d, Oas1e, Oas1f, Oas1g, Oas1h, Oas2, Oas3, Oaz1, Oaz2, Oaz3, Obi1, Ocln, Odam, Oga, Ogg1, Ogt, Olfm1, Olig1, Olig2, Olig3, Onecut1, Onecut2, Onecut3, Ooep, Opa1, Oprd1, Optn, Osbp, Osbpl7, Osm, Osr1, Osr2, Otud6b, Otx1, Otx2, Ovol2, P2rx2, P2rx7, P2ry1, P2ry2, Pabir1, Pabpc1, Pabpc1l, Pabpn1l, Pacsin3, Padi2, Paf1, Pagr1a, Paip1, Pak1, Pak2, Pak3, Pan2, Pan3, Panx1, Panx2, Panx3, Paqr3, Parg, Park7, Parn, Parp1, Parp14, Parp3, Parp9, Patl1, Patl2, Patz1, Pawr, Pax1, Pax2, Pax3, Pax5, Pax6, Pax7, Pax8, Pax9, Paxbp1, Paxip1, Pbrm1, Pbx1, Pbx2, Pbx3, Pbx4, Pbxip1, Pcbd1, Pcbd2, Pcbp1, Pcbp2, Pcgf5, Pcid2, Pcif1, Pck1, Pcna, Pcsk9, Pdcd10, Pdcd5, Pdcd5-ps, Pdcd6, Pdcl3, Pde12, Pde2a, Pde4b, Pde4d, Pde5a, Pdgfa, Pdgfb, Pdgfc, Pdgfra, Pdgfrb, Pdlim1, Pdx1, Pecam1, Pef1, Peg3, Peli1, Peli2, Pelp1, Pemt, Per1, Per2, Perp, Pf4, Pfkm, Pfn1, Pfn2, Pgc, Pgr, Phactr1, Phb1, Phb2, Phf10, Phf2, Phf20, Phf23, Phf5a, Phf8, Phip, Phka1, Phkb, Phkg1, Phkg2, Phox2a, Phox2b, Pias1, Pias2, Pias3, Pias4, Pibf1, Picalm, Pid1, Pih1d1, Pik3c3, Pik3ca, Pik3cb, Pik3cd, Pik3cg, Pik3r1, Pik3r2, Pik3r3, Pik3r5, Pik3r6, Pim1, Pim2, Pin1, Pin1rt1, Pink1, Pip, Pithd1, Pitx1, Pitx2, Pitx3, Piwil1, Piwil2, Piwil4, Pkd1, Pkd2, Pkib, Pkm, Pkn1, Pknox1, Pkp1, Pkp3, Pla2g10, Pla2g3, Pla2g6, Pla2r1, Plac8, Plag1, Plagl1, Plagl2, Plaur, Plcb1, Plcg2, Pld1, Plekhn1, Plgrkt, Plk1, Plk2, Plk3, Plp1, Plpp3, Plscr1, Plxnb2, Pmf1, Pml, Pmp22, Pms2, Pnkp, Pnldc1, Pnp, Pnp2, Pnpt1, Pogz, Poldip3, Polg2, Polr2a, Polr2g, Polr3a, Polr3b, Polr3c, Polr3d, Polr3f, Polr3g, Pomc, Pomt1, Pomt2, Popdc1, Postn, Pot1a, Pot1b, Potefam3a, Potefam3b, Pou1f1, Pou2af1, Pou2af2, Pou2af3, Pou2f1, Pou2f2, Pou2f3, Pou3f1, Pou3f2, Pou3f3, Pou4f1, Pou4f2, Pou4f3, Pou5f1, Ppara, Ppard, Pparg, Ppargc1a, Ppargc1b, Ppia, Ppm1a, Ppm1f, Ppp1ca, Ppp1r10, Ppp1r12a, Ppp1r15a, Ppp1r3b, Ppp1r3e, Ppp1r3g, Ppp2ca, Ppp2r3a, Ppp2r3c, Ppp2r5b, Ppp2r5d, Ppp3ca, Ppp3cb, Ppp3r1, Pprc1, Pqbp1, Prdm1, Prdm10, Prdm11, Prdm15, Prdm16, Prdm2, Prdm4, Prdm5, Prdm9, Prdx6, Prdx6b, Preb, Prelid1, Prg2, Prg3, Prickle1, Prkaa1, Prkaa2, Prkab1, Prkag1, Prkag2, Prkca, Prkcb, Prkcd, Prkcg, Prkch, Prkcq, Prkcz, Prkd1, Prkd2, Prkdc, Prkn, Prl, Prl2c2, Prlr, Prmt1, Prmt2, Prmt5, Prnp, Prom2, Prop1, Prox1, Prpf19, Prpf6, Prr16, Prr5, Prr5l, Prrx1, Prrx2, Prss22, Psen1, Psen2, Psenen, Psg18, Psg22, Psg23, Psip1, Psmc3ip, Psmc6, Psmd10, Psmd9, Psrc1, Ptafr, Ptbp1, Ptch1, Pten, Ptf1a, Ptger3, Ptger4, Ptges2, Ptges3, Ptgfr, Ptgis, Ptgs2, Pth, Ptk2, Ptk2b, Ptma, Ptms, Ptov1, Ptpn1, Ptpn11, Ptpn22, Ptpn5, Ptprc, Ptprj, Ptprn, Ptprz1, Pttg1ip, Pum1, Purb, Pus1, Pwp1, Pwwp2a, Pwwp2b, Pxn, Pxylp1, Pycard, Pygo1, Pym1, Qki, Qrich1, Rab1a, Rab1b, Rab27a, Rab29, Rab2b, Rab3gap1, Rab3gap2, Rab7, Rab7b, Rac1, Rack1, Rad21, Rad23a, Rad50, Rad51ap1, Rad54l2, Raet1b, Raf1, Rai1, Ralb, Ralbp1, Ramp1, Ramp2, Ramp3, Ranbp9, Rap1a, Rap2a, Rap2b, Rap2c, Rapgef2, Rapgef3, Rara, Rarb, Rarg, Rarres2, Rasa1, Rasd2, Rasgrp1, Rasl11a, Rassf1, Rassf2, Rassf5, Rax, Rb1, Rb1cc1, Rbbp4, Rbbp5, Rbbp7, Rbbp9, Rbck1, Rbfox2, Rbm10, Rbm14, Rbm15, Rbm20, Rbm22, Rbm24, Rbm3, Rbm38, Rbm39, Rbm4, Rbm46, Rbm47, Rbm4b, Rbms3, Rbmx, Rbmxl1, Rbmxl2, Rbmy, Rbmyf1, Rbmyf3, Rbmyf6, Rbmyf9, Rbp4, Rbpj, Rbpjl, Rbpms, Rbx1, Rbx1-ps, Rc3h1, Rc3h2, Rcc1l, Rchy1, Rcn3, Rdx, Reg1, Reg3b, Rel, Rela, Relb, Reln, Reno1, Rere, Rest, Ret, Rfc1, Rfc2, Rfc3, Rfc4, Rfc5, Rftn1, Rfx2, Rfx3, Rfx4, Rfx5, Rfx6, Rfx7, Rfxank, Rfxap, Rgcc, Rgma, Rgmb, Rgn, Rhbdd1, Rhbdd3, Rhoa, Rhog, Rhoq, Rhox13, Rhox5, Rictor, Rida, Rif1, Rigi, Rilp, Rims1, Rims2, Riok1, Riok2, Riok3, Ripk1, Ripk2, Ripk3, Rit2, Rlf, Rmnd1, Rnasel, Rnf10, Rnf111, Rnf126, Rnf135, Rnf139, Rnf14, Rnf168, Rnf180, Rnf185, Rnf187, Rnf20, Rnf207, Rnf4, Rnf40, Rnf41, Rnf6, Rnf8, Rnft1, Rnft2, Robo1, Rock1, Rock2, Ror2, Rora, Rorb, Rorc, Rpl11, Rpl23, Rpl26, Rpl5, Rprd1b, Rps2, Rps27l, Rps3, Rps4x, Rps6ka1, Rps6ka2, Rps6ka3, Rps6ka4, Rps6ka5, Rps6kb1, Rps6kb2, Rps7, Rptor, Rpusd3, Rpusd4, Rreb1, Rrn3, Rrp1b, Rsad2, Rsf1, Rspo1, Rtel1, Rtn4, Rtraf, Runx1, Runx2, Runx3, Ruvbl1, Ruvbl2, Rwdd3, Rxra, Rxrb, Rxrg, Rybp, Rybp-ps, S100a10, S100a13, S1pr1, S1pr2, Sae1, Safb, Sall1, Sall2, Sall4, Samd1, Samd4, Samd4b, Sash1, Sash3, Satb2, Sbno2, Scaf8, Scamp5, Scand1, Scimp, Scrib, Scx, Sec16b, Sec22b, Secisbp2, Selenok, Sema4d, Sema7a, Senp1, Senp2, Septin4, Serp1, Serpinb7, Serpine1, Serpinf2, Sertad1, Sertad2, Sertad3, Sesn2, Setd1a, Setd2, Setd3, Setd4, Setd7, Setmar, Setx, Sez6, Sez6l, Sez6l2, Sf3b1, Sf3b3, Sf3b5, Sfpq, Sfr1, Sfrp1, Sfrp2, Sfrp4, Sgf29, Sgms1, Sgms1os1, Sgsm1, Sgsm3, Sgta, Sh2d1b1, Sh2d1b2, Sh3bgrl, Sh3d19, Sh3pxd2b, Sh3rf1, Sh3rf2, Sh3rf3, Shc1, Shh, Shld1, Shld2, Shld3, Sirt1, Sirt2, Sirt3, Sirt6, Sirt7, Six1, Six2, Six3, Six4, Six5, Skap1, Ski, Skp1, Skp2, Slamf1, Slamf6, Slc11a1, Slc1a1, Slc22a2, Slc24a3, Slc24a4, Slc25a37, Slc26a9, Slc2a10, Slc2a13, Slc30a9, Slc35a4, Slc38a2, Slc38a3, Slc39a5, Slc40a1, Slc51b, Slc6a4, Slc6a9, Slc7a5, Slc8a2, Slc9a1, Slco3a1, Slf1, Slf2, Slirp, Slx1b, Slx4, Smad1, Smad2, Smad3, Smad4, Smad5, Smad6, Smad9, Smarca1, Smarca2, Smarca4, Smarca5, Smarcad1, Smarcb1, Smarcc1, Smarcc2, Smarcd1, Smarcd2, Smarcd3, Smarce1, Smchd1, Smn1, Smo, Smoc2, Smurf1, Smyd3, Smyd5, Snai1, Snca, Snf8, Snrnp70, Snw1, Snx1, Snx33, Snx5, Snx9, Soat1, Socs4, Socs5, Sod1, Sohlh1, Sohlh2, Sorbs1, Sorl1, Sost, Sox1, Sox10, Sox11, Sox12, Sox14, Sox15, Sox17, Sox18, Sox2, Sox21, Sox3, Sox30, Sox4, Sox6, Sox7, Sox8, Sox9, Sp1, Sp100, Sp3, Sp7, Spag8, Spatc1l, Spdef, Spdya, Spdye4a, Spen, Sphk1, Sphk2, Spi1, Spib, Spic, Spidr, Spin1, Spire1, Spire2, Spn, Spon1, Spon2, Spp1, Sprtn, Spry2, Spsb4, Sptbn1, Spx, Spz1, Sqstm1, Sra1, Src, Srcin1, Srebf1, Srebf2, Srf, Srpk2, Srsf1, Srsf5, Sry, Ss18, Ss18l1, Ssb, Ssbp1, Ssbp2, Ssbp3, Ssbp4, St18, Stap1, Star, Stat1, Stat2, Stat3, Stat4, Stat5a, Stat5b, Stat6, Stil, Sting1, Stk11, Stk16, Stk4, Stmp1, Stn1, Stoml2, Stox1, Stra8, Strada, Stradb, Strn3, Stub1, Stx4a, Stx5a, Sub1, Sulf1, Sulf2, Sumo1, Sumo2, Sumo3, Supt20, Supt4a, Supt4b, Supt5, Supt6, Supt7l, Supv3l1, Svip, Syap1, Syk, Syncrip, T, Tab1, Tab2, Tacc1, Tada1, Tada2a, Tada3, Taf1, Taf10, Taf11, Taf12, Taf13, Taf15, Taf2, Taf3, Taf4, Taf4b, Taf5, Taf5l, Taf6, Taf6l, Taf7, Taf8, Taf9, Tal1, Tank, Taok1, Taok3, Tarbp2, Tardbp, Tarm1, Tasp1, Tbc1d10a, Tbc1d23, Tbc1d7, Tbk1, Tbl1x, Tbl1xr1, Tbp, Tbr1, Tbx1, Tbx10, Tbx15, Tbx18, Tbx19, Tbx2, Tbx20, Tbx21, Tbx22, Tbx3, Tbx4, Tbx5, Tbx6, Tcea1, Tcea2, Tcerg1, Tcf12, Tcf15, Tcf20, Tcf21, Tcf23, Tcf3, Tcf4, Tcf7l1, Tcf7l2, Tcim, Tcl1, Tcp1, Tcrb, Tdrd3, Tead1, Tead2, Tead3, Tead4, Tef, Tek, Tenm1, Tent2, Tent4a, Tent4b, Tent5a, Tent5b, Tent5c, Tent5d, Terc, Terf1, Terf2, Terf2ip, Tert, Tes3-ps, Tesc, Tescl, Tesk1, Tet1, Tet2, Tet3, Tex24, Tfam, Tfap2a, Tfap2b, Tfap2c, Tfap2d, Tfap2e, Tfap4, Tfcp2, Tfdp1, Tfdp2, Tfe3, Tfeb, Tfec, Tfpt, Tfr2, Tfrc, Tgfa, Tgfb1, Tgfb1i1, Tgfb2, Tgfb3, Tgfbr1, Tgfbr3, Thap11, Thap3, Thbs1, Thbs4, Thpo, Thra, Thrap3, Thrb, Ticam1, Ticam2, Tigar, Tigit, Timeless, Timm17a, Timm23, Tinf2, Tiparp, Tirap, Tle1, Tlr1, Tlr2, Tlr3, Tlr4, Tlr5, Tlr6, Tlr7, Tlr8, Tlr9, Tlx1, Tlx2, Tm9sf5, Tmed10, Tmed10-ps, Tmed2, Tmem106a, Tmem119, Tmem135, Tmem161a, Tmem259, Tmem67, Tmf1, Tmprss6, Tmsb4x, Tmtc3, Tmx1, Tnc, Tnf, Tnfaip1, Tnfaip3, Tnfrsf11a, Tnfrsf13c, Tnfrsf14, Tnfrsf18, Tnfrsf1a, Tnfrsf1b, Tnfrsf4, Tnfrsf8, Tnfsf11, Tnfsf12, Tnfsf13, Tnfsf15, Tnfsf18, Tnfsf4, Tnfsf8, Tnfsf9, Tnik, Tnip1, Tnip2, Tnk2, Tnks, Tnks1bp1, Tnks2, Tnni2, Tnp1, Tnp2, Tnrc6a, Tnrc6b, Tnrc6c, Tob1, Tollip, Tom1l1, Tomm70a, Top2a, Top2b, Topors, Tox, Tox2, Tox3, Tpd52l1, Tpx2, Tra2a, Tra2b, Trabd2b, Tradd, Traf2, Traf3, Traf3ip2, Traf3ip3, Traf4, Traf5, Traf6, Traf7, Trappc2, Trem2, Trerf1, Trf, Triap1, Trib1, Trib2, Trib3, Trim13, Trim14, Trim15, Trim23, Trim24, Trim25, Trim27, Trim28, Trim30a, Trim32, Trim37, Trim38, Trim44, Trim56, Trim6, Trim62, Trim65, Trim67, Trim71, Trim8, Trip4, Trmt10c, Trmt112, Trp53, Trp53bp1, Trp53inp1, Trp53inp2, Trp63, Trp73, Trpc5, Trpc6, Trpv4, Trrap, Trub1, Trub2, Tsacc, Tsc2, Tsc22d1, Tsix, Tslp, Tspan9, Tspyl5, Ttbk1, Ttc21b, Ttc5, Ttn, Tug1, Tunar, Tusc2, Tut4, Tut7, Twist1, Txk, Txn1, Tyk2, Tyrobp, U2af2, Uap1, Uba2, Ubb, Ube2b, Ube2d1, Ube2e1, Ube2k, Ube2l3, Ube2n, Ube2s, Ube2srt, Ube2v1, Ube2v2, Ube3a, Ubp1, Ubqln1, Ubqln2, Ubr3, Ubr5, Ubtf, Ubtfl1, Ubxn2a, Uchl5, Ucn, Ufl1, Uhmk1, Uhrf1, Uimc1, Ulbp1, Unc119, Unc93b1, Upf1, Upf3a, Upf3b, Uqcc2, Usf1, Usf2, Usf3, Usp13, Usp16, Usp21, Usp22, Usp5, Usp50, Usp8, Utf1, Utp15, Vamp3, Vangl2, Vash1, Vcp, Vdr, Vegfa, Vegfb, Vegfc, Vegfd, Vezf1, Vgll2, Vgll4, Vim, Vip, Vldlr, Vps11, Vps28, Vps35, Vps72, Vsir, Vstm2a, Vsx2, Vtcn1, Vtn, Wac, Wars1, Was, Wasl, Wbp1l, Wbp2, Wbp2nl, Wdfy2, Wdr24, Wdr43, Wdr48, Wdr5, Wdr59, Wdr75, Wdr77, Wfs1, Whrn, Wiz, Wnk1, Wnk3, Wnk4, Wnt1, Wnt10a, Wnt10b, Wnt11, Wnt16, Wnt2, Wnt3, Wnt3a, Wnt4, Wnt5a, Wnt6, Wnt7a, Wnt7b, Wnt8b, Wrap53, Wrn, Wt1, Wwc1, Wwox, Wwp2, Wwtr1, Xbp1, Xcl1, Xiap, Xpa, Xpc, Xrcc1, Xrcc5, Xrcc6, Yaf2, Yap1, Ybx1, Ybx2, Yeats4, Yes1, Ythdf1, Ythdf2, Ythdf3, Ywhah, Yy1, Yy2, Zar1, Zbed3, Zbed4, Zbtb16, Zbtb17, Zbtb18, Zbtb20, Zbtb38, Zbtb48, Zbtb49, Zbtb7b, Zbtb7c, Zc3h10, Zc3h12a, Zc3h12d, Zc3h18, Zc3h8, Zc3hav1, Zcchc12, Zcchc13, Zcchc3, Zcchc4, Zcwpw1, Zeb1, Zeb2, Zer1, Zfand2a, Zfat, Zfhx3, Zfp131, Zfp142, Zfp143, Zfp148, Zfp175, Zfp212, Zfp219, Zfp24, Zfp263, Zfp281, Zfp287, Zfp292, Zfp318, Zfp326, Zfp335, Zfp36, Zfp36l1, Zfp36l2, Zfp36l3, Zfp384, Zfp395, Zfp407, Zfp410, Zfp42, Zfp423, Zfp462, Zfp516, Zfp521, Zfp523, Zfp541, Zfp580, Zfp593, Zfp609, Zfp639, Zfp64, Zfp646, Zfp677, Zfp683, Zfp711, Zfp715, Zfp750, Zfp758, Zfp804a, Zfp819, Zfp827, Zfp90, Zfp91, Zfpm1, Zfpm2, Zfx, Zglp1, Zic1, Zic2, Zic3, Zkscan17, Zkscan3, Zmiz1, Zmiz2, Zmpste24, Zmynd8, Znhit1, Zp3, Zp3r, Zpr1, Zscan21, Zswim8, Zxdb, Zxdc, Zyg11b
GO:0032501	multicellular organismal process	8786	167	127.99	2.9e-05	0.006684716417910448	1700067K01Rik, 2510009E07Rik, 2610005L07Rik, 2610042L04Rik, 2810429I04Rik, 4933434E20Rik, 5730507C01Rik, 6030468B19Rik, 9130008F23Rik, 9630013A20Rik, a, A1cf, A2m, A430033K04Rik, A830082K12Rik, Aaas, Aacs, Aars1, Aatf, Aatk, Abat, Abca1, Abca12, Abca2, Abca3, Abca4, Abca5, Abca7, Abcb10, Abcb1a, Abcb1b, Abcb5, Abcb6, Abcc1, Abcc2, Abcc6, Abcc8, Abcc9, Abcd1, Abcd2, Abcg1, Abcg2, Abcg3, Abcg5, Abcg8, Abhd12, Abhd6, Abi1, Abi2, Abi3, Abi3bp, Abitram, Abl1, Abl2, Ablim1, Abr, Abt1, Abtb3, Acaca, Acacb, Acadl, Acadm, Acadvl, Acan, Acap3, Acat1, Acat2, Acbd7, Acd, Ace, Ace2, Ace3, Acer3, Ache, Acin1, Ackr1, Ackr3, Aco1, Aco2, Acod1, Acot11, Acot13, Acp2, Acp3, Acp4, Acp5, Acr, Acsl1, Acsl3, Acsl4, Acsl6, Acss2, Acta1, Acta2, Actb, Actbl2, Actc1, Acte1, Actg1, Actg2, Actl6a, Actl6b, Actn2, Actn3, Actn4, Actr2, Actr3, Actr5, Actr8, Acvr1, Acvr1b, Acvr1c, Acvr2a, Acvr2b, Acvrl1, Ada, Adam10, Adam11, Adam12, Adam15, Adam17, Adam18, Adam19, Adam1a, Adam1b, Adam2, Adam20, Adam21, Adam22, Adam24, Adam25, Adam26a, Adam26b, Adam29, Adam3, Adam30, Adam32, Adam33, Adam34, Adam34l, Adam39, Adam4, Adam5, Adam6a, Adam6b, Adam7, Adam8, Adam9, Adamts1, Adamts12, Adamts13, Adamts16, Adamts18, Adamts19, Adamts2, Adamts3, Adamts5, Adamts6, Adamts7, Adamts9, Adamtsl2, Adap2, Adar, Adarb1, Adcy1, Adcy10, Adcy3, Adcy5, Adcy6, Adcy7, Adcy8, Adcy9, Adcyap1, Add1, Add2, Add3, Adgra2, Adgrb1, Adgrb2, Adgrb3, Adgrd1, Adgre5, Adgrf1, Adgrf4, Adgrf5, Adgrg1, Adgrg3, Adgrg4, Adgrg6, Adgrl1, Adgrl2, Adgrl3, Adgrl4, Adgrv1, Adh1, Adh5, Adipoq, Adipor1, Adipor2, Adk, Adm, Adm2, Adnp, Adnp2, Adora1, Adora2a, Adora2b, Adora3, Adprhl1, Adra1a, Adra1b, Adra1d, Adra2a, Adra2b, Adra2c, Adrb1, Adrb2, Adrb3, Adrm1, Adtrp, Afap1l2, Afdn, Aff2, Aff3, Afg2a, Afg3l2, Afp, Agap2, Agbl4, Ager, Aggf1, Ago1, Ago2, Ago4, Agpat1, Agpat2, Agr2, Agrn, Agrp, Agt, Agtpbp1, Agtr1a, Agtr1b, Agtr2, Agtrap, Ahcy, Ahcyl, Ahdc1, Ahi1, Ahr, Ahsg, Ahsp, AI597479, Aicda, Aida, Aif1, Aifm1, Aim2, Aimp1, Aimp2, Aipl1, Aire, Ajap1, Ak7, Ak8, Akap1, Akap11, Akap12, Akap13, Akap3, Akap5, Akap6, Akap8, Akap9, Akirin2, Akna, Akp3, Akr1b1, Akr1c18, Akr1d1, Akt1, Akt2, Akt3, Alas1, Alas2, Alb, Alcam, Aldh1a1, Aldh1a2, Aldh1a3, Aldh1a7, Aldh2, Aldh3a2, Aldh5a1, Aldoa, Alg10b, Alg5, Alk, Alkal1, Alkal2, Alkbh1, Alkbh5, Alms1, Alox12, Alox12b, Alox15, Alox5, Alox5ap, Alox8, Aloxe3, Alpk2, Alpk3, Alpl, Als2, Alx1, Alx3, Alx4, Ambra1, Amer1, Amfr, Amh, Amhr2, Amigo1, Amigo2, Amigo3, Amn, Amot, Amotl1, Amotl2, Ampd2, Ampd3, Amph, Amtn, Anapc2, Anapc7, Ang, Ang2, Ang3, Ang4, Ang5, Ang6, Angpt1, Angpt2, Angpt4, Angptl1, Angptl2, Angptl3, Angptl4, Angptl6, Angptl7, Ank, Ank1, Ank2, Ank3, Ankfn1, Ankle2, Ankrd1, Ankrd11, Ankrd17, Ankrd2, Ankrd24, Ankrd26, Ankrd27, Ankrd42, Ankrd54, Ankrd7, Anks1, Anks1b, Anks6, Anln, Ano1, Ano6, Ano9, Anp32b, Anpep, Antxr1, Antxr2, Anxa1, Anxa2, Anxa3, Anxa4, Anxa5, Anxa6, Anxa7, Anxa8, Aoc3, Ap1b1, Ap1g1, Ap1s2, Ap2a1, Ap2b1, Ap3b1, Ap3d1, Ap5z1, Apaf1, Apba1, Apba2, Apba3, Apbb1, Apbb1ip, Apbb2, Apc, Apc2, Apcdd1, Apcs, Apela, Aph1a, Aph1b, Aph1c, Aplf, Apln, Aplnr, Aplp1, Aplp2, Apoa1, Apoa2, Apoa4, Apoa5, Apob, Apoc1, Apoc2, Apoc2l, Apoc3, Apod, Apoe, Apoh, Apold1, Apom, App, Appl1, Appl2, Aprt, Aqp1, Aqp11, Aqp2, Aqp3, Aqp4, Aqp5, Aqp6, Aqp7, Aqp8, Aqp9, Ar, Arc, Arcn1, Areg, Arf1, Arf4, Arf6, Arfgef1, Arfgef2, Arfrp1, Arg1, Arg2, Arhgap22, Arhgap24, Arhgap32, Arhgap33, Arhgap35, Arhgap4, Arhgap42, Arhgap44, Arhgap5, Arhgdib, Arhgdig, Arhgef10, Arhgef12, Arhgef15, Arhgef2, Arhgef25, Arhgef28, Arhgef5, Arhgef7, Arhgef9, Arid1a, Arid1b, Arid2, Arid4a, Arid4b, Arid5a, Arid5b, Ark2c, Arl13b, Arl3, Arl6, Arl6ip5, Armc5, Armcx1, Arnt, Arnt2, Arr3, Arrb1, Arrb2, Arrdc3, Arrdc4, Arsb, Arsg, Artn, Arx, Asah1, Asah2, Asap1, Asb1, Asb2, Asb4, Ascl1, Ascl2, Ascl3, Asf1a, Asf1b, Asgr2, Ash1l, Asic1, Asic2, Asic3, Asic4, Asl, Asmt, Asns, Aspa, Asph, Aspm, Aspn, Ass1, Astl, Astn1, Astn2, Asxl1, Asxl2, Atad1, Atad5, Atat1, Atcay, Atf1, Atf2, Atf4, Atf5, Atf6, Atf7, Atg12, Atg16l1, Atg5, Atg7, Atg9a, Atg9b, Atic, Atl1, Atm, Atn1, Atoh1, Atoh7, Atoh8, Atp11a, Atp11c, Atp1a1, Atp1a2, Atp1a3, Atp1b1, Atp1b2, Atp2a1, Atp2a2, Atp2b1, Atp2b2, Atp2b4, Atp5f1a, Atp5f1b, Atp5if1, Atp5pf, Atp6ap1, Atp6ap2, Atp6v0a4, Atp6v1b1, Atp7a, Atp8a1, Atp8a2, Atp8b1, Atp9a, Atpsckmt, Atr, Atraid, Atrn, Atrx, Atxn1, Atxn10, Atxn1l, Atxn2, Atxn3, AU040320, Aurka, Auts2, Avil, Avp, Avpr1a, Avpr1b, Avpr2, AW551984, Axin1, Axin2, Axl, Azgp1, Azi2, B2m, B3gat1, B3glct, B3gnt2, B3gnt5, B4galnt1, B4galt1, B4galt2, B4galt5, B4galt6, B4gat1, B9d1, Baat, Bace1, Bad, Bag1, Bag3, Bag5, Bag6, Bahcc1, Baiap2, Baiap3, Bak1, Bambi, Banf1, Bank1, Bap1, Barhl1, Barhl2, Barx1, Barx2, Basp1, Batf, Batf2, Batf3, Bax, Bbc3, Bbip1, Bbln, Bbs1, Bbs10, Bbs12, Bbs2, Bbs4, Bbs7, Bbx, BC004004, BC028528, Bc1, Bcam, Bcan, Bcar3, Bcas1, Bcas2, Bcas3, Bccip, Bche, Bcl10, Bcl11a, Bcl11b, Bcl2, Bcl2a1a, Bcl2a1d, Bcl2l1, Bcl2l11, Bcl2l2, Bcl3, Bcl6, Bcl6b, Bcl7a, Bcl7b, Bcl7c, Bcl9, Bcl9l, Bcor, Bcr, Bdkrb1, Bdkrb2, Bdnf, Becn1, Begain, Bend6, Best1, Best2, Bex1, Bfsp1, Bfsp2, Bglap, Bglap2, Bglap3, Bgn, Bhlha15, Bhlhb9, Bhlhe22, Bhlhe23, Bhlhe40, Bhlhe41, Bicc1, Bicdl1, Bicra, Bicral, Bid, Bik, Bin1, Birc5, Birc6, Birc7, Blm, Blnk, Bloc1s1, Bloc1s2, Bloc1s3, Bloc1s4, Bloc1s5, Bloc1s6, Bloodlinc, Bmal1, Bmerb1, Bmi1, Bmncr, Bmp1, Bmp10, Bmp2, Bmp2k, Bmp3, Bmp4, Bmp5, Bmp6, Bmp7, Bmp8a, Bmp8b, Bmper, Bmpr1a, Bmpr1b, Bmpr2, Bmyc, Bnc2, Bnip2, Bnip3, Boc, Bok, Bola3, Borcs5, Borcs7, Borcs8, Bpgm, Bpi, Bpifa1, Bpifa5, Bpifb9a, Bpnt2, Bptf, Braf, Brca1, Brca2, Brd1, Brd2, Brd3, Brd4, Brd7, Brd9, Brinp1, Brinp2, Brinp3, Brip1, Brk1, Brms1, Brms1l, Brpf1, Brpf3, Brsk1, Brsk2, Bscl2, Bsg, Bsn, Bsnd, Bst1, Bst2, Bsx, Btbd1, Btbd2, Btbd3, Btbd6, Btbd7, Btbd9, Btc, Btf3, Btg1, Btg2, Btk, Btla, Btn1a1, Btn2a2, Btnl1, Btnl10, Btnl12, Btnl2, Btnl4, Btnl6, Btnl9, Btrc, Bvht, Bysl, C1galt1, C1galt1c1, C1qa, C1qbp, C1qc, C1ql1, C1ql2, C1ql3, C1qtnf1, C1qtnf3, C1qtnf4, C1qtnf9, C2cd3, C2cd4a, C2cd4b, C3, C3ar1, C5ar1, C5ar2, C6, C9orf72, Cables1, Cabp1, Cabp2, Cabp4, Cacna1a, Cacna1b, Cacna1c, Cacna1d, Cacna1e, Cacna1f, Cacna1g, Cacna1h, Cacna1i, Cacna1s, Cacna2d1, Cacna2d2, Cacna2d4, Cacnb1, Cacnb2, Cacnb3, Cacnb4, Cacng1, Cacng2, Cacng3, Cacng4, Cacng5, Cacng7, Cacng8, Cactin, Cacybp, Cad, Cadm1, Cadps2, Calb1, Calca, Calcr, Calcrl, Cald1, Calhm1, Calhm2, Calhm3, Calhm6, Calm1, Calm2, Calm3, Calr, Camk1, Camk1d, Camk2a, Camk2b, Camk2d, Camk2g, Camk2n1, Camk4, Caml, Camp, Camsap1, Camsap2, Camsap3, Camta1, Camta2, Capg, Capn1, Capn2, Capn3, Capn7, Caprin1, Caprin2, Car2, Car6, Card10, Card11, Card9, Carm1, Carmil2, Carmil3, Cartpt, Cask, Caskin1, Casp1, Casp2, Casp3, Casp4, Casp6, Casp7, Casp8, Casp9, Casq1, Casq2, Casr, Cast, Casz1, Cat, Cav1, Cav3, Cavin4, Cbfa2t2, Cbfb, Cbl, Cblb, Cbln1, Cbln2, Cbln4, Cbr3, Cbs, Cbx2, Cby1, Cc2d1a, Cc2d2a, Ccbe1, Ccdc103, Ccdc134, Ccdc141, Ccdc154, Ccdc182, Ccdc198, Ccdc24, Ccdc39, Ccdc40, Ccdc47, Ccdc50, Ccdc62, Ccdc66, Ccdc78, Ccdc85c, Ccdc88a, Ccdc88b, Ccdc88c, Cck, Cckar, Cckbr, Ccl1, Ccl11, Ccl12, Ccl19, Ccl19-ps1, Ccl19-ps3, Ccl19-ps4, Ccl19-ps5, Ccl19-ps6, Ccl2, Ccl20, Ccl21a, Ccl21b, Ccl21d, Ccl21e, Ccl21f, Ccl24, Ccl3, Ccl4, Ccl5, Ccl9, Ccm2, Ccm2l, Ccn1, Ccn2, Ccn3, Ccn4, Ccn6, Ccnb1, Ccnb1ip1, Ccnb2, Ccnd1, Ccnd2, Ccnd3, Ccnk, Ccr1, Ccr1l1, Ccr2, Ccr3, Ccr4, Ccr5, Ccr6, Ccr7, Ccr9, Ccsap, Cd101, Cd109, Cd14, Cd151, Cd160, Cd177, Cd180, Cd19, Cd1d1, Cd1d2, Cd2, Cd200, Cd200r1, Cd209a, Cd209b, Cd209c, Cd209d, Cd209e, Cd22, Cd226, Cd244a, Cd247, Cd248, Cd24a, Cd27, Cd274, Cd276, Cd28, Cd2ap, Cd300a, Cd300c2, Cd300lb, Cd300ld, Cd300lf, Cd300lg, Cd320, Cd34, Cd36, Cd37, Cd38, Cd3d, Cd3e, Cd3g, Cd4, Cd40, Cd40lg, Cd44, Cd46, Cd47, Cd48, Cd5, Cd55, Cd55b, Cd59a, Cd59b, Cd6, Cd63, Cd69, Cd7, Cd70, Cd74, Cd79a, Cd79b, Cd80, Cd81, Cd83, Cd84, Cd86, Cd8a, Cd8b1, Cd9, Cd93, Cd96, Cd99, Cdc14a, Cdc20, Cdc27, Cdc40, Cdc42, Cdc73, Cdh1, Cdh11, Cdh13, Cdh17, Cdh2, Cdh23, Cdh26, Cdh3, Cdh4, Cdh5, Cdh9, Cdhr1, Cdin1, Cdk1, Cdk11b, Cdk16, Cdk18, Cdk20, Cdk2ap1, Cdk5, Cdk5r1, Cdk5r2, Cdk5rap2, Cdk5rap3, Cdk6, Cdk9, Cdkl3, Cdkl5, Cdkn1a, Cdkn1b, Cdkn1c, Cdkn2a, Cdkn2b, Cdkn2c, Cdkn2d, Cdnf, Cdon, Cdsn, Cdx1, Cdx2, Cdx4, Ceacam1, Ceacam11, Ceacam12, Ceacam13, Ceacam14, Ceacam15, Ceacam16, Ceacam2, Ceacam20, Ceacam23, Ceacam3, Ceacam5, Cebpa, Cebpb, Cebpd, Cebpg, Cecr2, Cel, Cela1, Cela2a, Celf1, Celf4, Celf6, Celsr1, Celsr2, Celsr3, Cemip, Cemip2, Cend1, Cenpu, Cep120, Cep250, Cep290, Cep85, Cep85l, Cer1, Cers1, Cers2, Cers3, Cert1, Ces1d, Ces1g, Cfap20, Cfap221, Cfap418, Cfap43, Cfap45, Cfap52, Cfap53, Cfap54, Cfap69, Cfap70, Cfb, Cfc1, Cfd, Cfh, Cfl1, Cflar, Cftr, Cga, Cgas, Chac1, Chad, Chadl, Chaer1, Chaserr, Chat, Chd4, Chd5, Chd7, Chd8, Chek1, Chga, Chi3l1, Chia1, Chid1, Chil3, Chil4, Chil5, Chil6, Chl1, Chm, Chmp2b, Chmp4b, Chmp4c, Chmp5, Chn1, Chodl, Chrd, Chrdl1, Chrdl2, Chrm1, Chrm2, Chrm3, Chrm5, Chrna1, Chrna10, Chrna2, Chrna3, Chrna4, Chrna5, Chrna6, Chrna7, Chrna9, Chrnb1, Chrnb2, Chrnb3, Chrnb4, Chrnd, Chrne, Chrng, Chst10, Chst11, Chst3, Chsy1, Chtop, Chuk, Ciart, Cib1, Cib2, Cibar1, Cic, Cidea, Cideb, Cimap3, Cip2a, Cir1, Cirop, Cit, Cited1, Cited2, Ckap5, Cks1b, Cks2, Clasp1, Clasp2, Clcf1, Clcn1, Clcn2, Clcn3, Clcn5, Clcnka, Clcnkb, Cldn1, Cldn11, Cldn15, Cldn16, Cldn18, Cldn19, Cldn2, Cldn3, Cldn4, Cldn5, Clec10a, Clec11a, Clec12a, Clec14a, Clec2d, Clec2g, Clec2i, Clec3a, Clec3b, Clec4a2, Clec4a3, Clec4a4, Clec4d, Clec4e, Clec4f, Clec4g, Clec4n, Clec5a, Clec7a, Clec9a, Clic1, Clic3, Clic4, Clic5, Clip1, Clmn, Clmp, Cln3, Cln5, Cln6, Cln8, Clnk, Clock, Clp1, Clps, Clpsl2, Clptm1, Clrn1, Clrn2, Clrn3, Clstn1, Clstn2, Clstn3, Cltc, Clu, Cluap1, Cma1, Cmip, Cmklr1, Cmtm3, Cmtm7, Cmtm8, Cmya5, Cnfn, Cnga1, Cnga2, Cnga3, Cnga4, Cngb1, Cngb3, Cnmd, Cnnm4, Cnot1, Cnot2, Cnot3, Cnot4, Cnp, Cnpy2, Cnr1, Cnr2, Cntf, Cntfr, Cntn1, Cntn2, Cntn3, Cntn4, Cntn5, Cntn6, Cntnap1, Cntnap2, Cntnap4, Cntrl, Coa5, Cobl, Coch, Col10a1, Col11a1, Col11a2, Col12a1, Col13a1, Col14a1, Col18a1, Col1a1, Col1a2, Col25a1, Col27a1, Col2a1, Col3a1, Col4a1, Col4a2, Col4a3, Col4a4, Col5a1, Col5a2, Col6a1, Col8a1, Col8a2, Col9a1, Colec10, Colq, Commd1, Commd5, Comp, Comt, Copa, Coprs, Cops2, Cops3, Coq7, Coq8b, Corin, Coro1a, Coro1c, Coro2b, Cort, Cox10, Cox7b, Cpa3, Cpb2, Cpe, Cpeb1, Cpeb3, Cplane1, Cplane2, Cplx2, Cplx3, Cplx4, Cpne1, Cpne5, Cpne6, Cpne9, Cps1, Cpt1a, Cpt2, Cptp, Cr1l, Cr2, Crabp2, Cracd, Cracr2a, Cramp1, Crb1, Crb2, Crbn, Creb1, Creb3l1, Creb3l2, Crebbp, Crebrf, Crh, Crhbp, Crhr1, Crhr2, Crim1, Crip3, Cript, Cripto, Crispld1, Crispld2, Crk, Crkl, Crlf1, Crlf2, Crmp1, Crocc, Crp, Crppa, Crtac1, Crtam, Crtc1, Crtc3, Crx, Crxos, Cry1, Cry2, Cryaa, Cryab, Cryba1, Cryba2, Cryba4, Crybb1, Crybb2, Crybb3, Crybg3, Cryga, Crygb, Crygc, Crygd, Cryge, Crygf, Crygn, Crygs, Crym, Csf1, Csf1r, Csf2, Csf3, Csf3r, Csgalnact1, Csk, Csmd1, Csmd2, Csmd3, Csnk1d, Csnk1e, Csnk2a1, Csnk2b, Cspg4, Cspg5, Csrnp1, Csrp3, Cst3, Cst5, Cst7, Cstb, Ctc1, Ctcf, Ctdp1, Ctdsp1, Ctf1, Ctf2, Cth, Cthrc1, Ctla2a, Ctla4, Ctnna1, Ctnna2, Ctnna3, Ctnnb1, Ctnnbip1, Ctnnbl1, Ctnnd1, Ctnnd2, Ctns, Ctps1, Ctr9, Ctrb1, Cts7, Cts8, Ctsb, Ctsc, Ctsg, Ctsh, Ctsk, Ctsl, Ctss, Ctsz, Cttn, Cubn, Cuedc2, Cul3, Cul4a, Cul4b, Cul5, Cul7, Cux1, Cux2, Cuzd1, Cwh43, Cx3cl1, Cx3cr1, Cxadr, Cxcl10, Cxcl12, Cxcl13, Cxcl17, Cxcl5, Cxcr2, Cxcr3, Cxcr4, Cxcr5, Cyb5d2, Cyba, Cybb, Cybrd1, Cyfip1, Cyfip2, Cygb, Cyld, Cyp11a1, Cyp11b2, Cyp19a1, Cyp1a1, Cyp1a2, Cyp1b1, Cyp24a1, Cyp26a1, Cyp26b1, Cyp26c1, Cyp27b1, Cyp2j5, Cyp2j6, Cyp39a1, Cyp4a10, Cyp4a12a, Cyp4a12b, Cyp4a14, Cyp4a29, Cyp4a30b, Cyp4a31, Cyp4a32, Cyp51, Cyp7b1, Cyp8b1, Cyren, Cyrib, Cys1, Cysltr1, Cysltr2, Cyth2, Cytl1, D130043K22Rik, D16Ertd472e, D1Pas1, D6Wsu163e, D930028M14Rik, Daam2, Dab1, Dab2, Dab2ip, Dach1, Dach2, Dact1, Dact2, Dact3, Dad1, Dag1, Dagla, Daglb, Dand5, Dao, Dapl1, Daw1, Daxx, Dazap1, Dbh, Dbi, Dbn1, Dbndd2, Dbnl, Dbx1, Dcaf1, Dcaf11, Dcaf12, Dcaf13, Dcaf15, Dcc, Dcdc2a, Dchs1, Dchs2, Dclk1, Dclk2, Dclre1c, Dcn, Dcpp1, Dcstamp, Dct, Dctn1, Dctn5, Dcx, Ddah1, Ddc, Ddhd2, Ddit3, Ddit4, Ddo, Ddost, Ddr1, Ddr2, Ddrgk1, Ddx1, Ddx21, Ddx39b, Ddx3x, Ddx5, Ddx56, Ddx6, Deaf1, Decr1, Dedd, Def8, Defb25, Degs1, Degs1l, Dennd1b, Dennd5a, Derl2, Dgat1, Dgat2, Dgcr2, Dgkg, Dgki, Dguok, Dhcr24, Dhcr7, Dhfr, Dhh, Dhps, Dhrs3, Dhrs7b, Dhx30, Dhx33, Dhx35, Dhx36, Dhx37, Dhx58, Dhx9, Diaph1, Diaph2, Diaph3, Dicer1, Dio2, Dio3, Dip2a, Dip2b, Dipk2a, Dis3l2, Disc1, Disp1, Disp3, Dixdc1, Dkk1, Dkk3, Dkk4, Dkkl1, Dlc1, Dld, Dleu2, Dlg1, Dlg2, Dlg3, Dlg4, Dlg5, Dlgap2, Dlgap4, Dlk1, Dll1, Dll3, Dll4, Dlx1, Dlx1as, Dlx2, Dlx3, Dlx4, Dlx5, Dlx6, Dmbt1, Dmbx1, Dmc1, Dmd, Dmp1, Dmpk, Dmrt1, Dmrt2, Dmrt3, Dmrta1, Dmrta2, Dmtn, Dmxl2, Dnaaf1, Dnaaf11, Dnaaf2, Dnaaf3, Dnaaf4, Dnah11, Dnah5, Dnah9, Dnai1, Dnai2, Dnai3, Dnaja3, Dnajb11, Dnajb6, Dnajb9, Dnajc19, Dnajc19-ps, Dnajc30, Dnase1, Dnase1l2, Dnase1l3, Dnase2a, Dner, Dnm1l, Dnm2, Dnm3, Dnm3os, Dnmt1, Dnmt3a, Dnmt3b, Dnmt3l, Dock1, Dock10, Dock11, Dock2, Dock4, Dock5, Dock7, Dock8, Dok4, Dok5, Dop1b, Dpcd, Dpf1, Dpf2, Dpf3, Dpp4, Dpp6, Dppa1, Dppa2, Dppa3, Dppa4, Dpysl2, Dpysl3, Dpysl5, Dr1, Dram2, Draxin, Drc1, Drd1, Drd2, Drd3, Drd4, Drd5, Drgx, Drosha, Drp2, Dsc1, Dsc2, Dsc3, Dscam, Dscaml1, Dsg2, Dsg4, Dsp, Dspp, Dst, Dtnb, Dtnbp1, Dtx1, Dubr, Duox1, Duox2, Duoxa1, Dusp1, Dusp10, Dusp15, Dusp2, Dusp22, Dusp3, Dusp4, Dusp5, Dusp6, Dut, Duxbl1, Dvl1, Dvl2, Dvl3, Dym, Dync1h1, Dync1i2, Dync2h1, Dync2i1, Dync2li1, Dynlrb1, Dynlt1a, Dynlt1b, Dynlt1c, Dynlt1f, Dyrk1a, Dyrk3, Dysf, Dzank1, Dzip1, Dzip1l, E2f1, E2f2, E2f4, E2f7, E2f8, E4f1, Eaf2, Ebf2, Ebi3, Ebp, Ece1, Ecel1, Ecm1, Ecrg4, Ecscr, Ecsit, Ect2, Eda, Edar, Edaradd, Edn1, Edn2, Edn3, Ednra, Ednrb, Eea1, Eed, Eef1ece2, Eef2k, Eeig1, Efemp1, Efemp2, Efhc1, Efhc2, Efhd1, Efna1, Efna2, Efna3, Efna4, Efna5, Efnb1, Efnb2, Efnb3, Efr3b, Egf, Egfbp2, Egfl7, Egfl8, Egfr, Egln1, Egr1, Egr2, Egr3, Ehbp1l1, Ehd1, Ehd3, Ehmt1, Ehmt2, Ei24, Eif2ak1, Eif2ak2, Eif2ak3, Eif2ak4, Eif2b1, Eif2b2, Eif2b3, Eif2b4, Eif2b5, Eif2s2, Eif4a3, Eif4a3l1, Eif4a3l2, Eif4e, Eif4e2, Eif4ebp2, Eif4enif1, Eif4g1, Eif4g2, Eif6, Elane, Elapor2, Elavl1, Elavl2, Elavl3, Elavl4, Elf1, Elf3, Elf4, Elf5, Elfn1, Elk1, Elk3, Ell, Ell3, Elmo1, Elmod3, Eln, Elovl3, Elovl6, Elp3, Elp6, Emb, Emc10, Emcn, Emg1, Emilin1, Emilin2, Eml1, Emp2, Emx1, Emx2, En1, En2, Enah, Enam, Enc1, Endog, Endou, Eng, Enkur, Eno1, Eno1b, Enpep, Enpp1, Enpp2, Enpp3, Enpp4, Enpp7, Entpd1, Entpd2, Entpd7, Eomes, Ep300, Epas1, Epb41, Epb41l3, Epb41l4b, Epb41l5, Epb42, Epc1, Epcam, Epg5, Epgn, Epha1, Epha10, Epha2, Epha3, Epha4, Epha5, Epha6, Epha7, Epha8, Ephb1, Ephb2, Ephb3, Ephb4, Ephb6, Ephx2, Epm2a, Epn1, Epn2, Epo, Epop, Epor, Eppk1, Eps8, Eps8l2, Eps8l3, Epsti1, Epx, Epyc, Erap1, Erbb2, Erbb3, Erbb4, Erbin, Ercc1, Ercc2, Ercc3, Ercc5, Ercc6, Erdr1x, Ereg, Erf, Erfe, Erh, Ermap, Ermn, Ermp1, Errfi1, Esm1, Esp1, Esp22, Espn, Espnl, Esr1, Esr2, Esrp1, Esrp2, Esrra, Esrrb, Esrrg, Ess2, Esx1, Etl4, Etnk2, Ets1, Ets2, Etv1, Etv2, Etv4, Etv5, Etv6, Eva1a, Evc, Evi2, Evi2b, Evl, Evpl, Evx1, Evx2, Exo1, Exoc1, Exoc3l2, Exoc4, Exoc6, Exosc3, Exosc6, Ext1, Ext2, Extl3, Eya1, Eya4, Ezh1, Ezh2, Ezr, F10, F11, F11r, F12, F13a1, F13b, F2, F2r, F2rl1, F2rl2, F2rl3, F3, F5, F7, F8, F9, Fa2h, Faah, Fabp1, Fabp2, Fabp4, Fabp5, Fabp7, Fadd, Fads2, Faim, Faim2, Fam107a, Fam107b, Fam114a1, Fam151b, Fam168b, Fam20c, Fam210b, Fam3d, Fam76b, Fanca, Fancb, Fancc, Fancd2, Fance, Fancf, Fancg, Fap, Farp1, Farp2, Fas, Fasl, Fat1, Fat2, Fat3, Fat4, Faxdc2, Fbll1, Fbln1, Fbln5, Fbn1, Fbn2, Fbxl15, Fbxl17, Fbxl20, Fbxl5, Fbxo11, Fbxo21, Fbxo31, Fbxo32, Fbxo38, Fbxo41, Fbxo45, Fbxo5, Fbxo7, Fbxw11, Fbxw4, Fbxw7, Fbxw7as1, Fbxw8, Fcer1a, Fcer1g, Fcer2a, Fcgr1, Fcgr2b, Fcgr3, Fcgr4, Fcho1, Fcmr, Fcna, Fcnb, Fcor, Fcrl1, Fdcsp, Fdps, Fech, Fem1b, Fen1, Fendrr, Fer, Ferd3l, Fermt1, Fermt2, Fermt3, Fes, Fev, Fez1, Fezf1, Fezf2, Ffar1, Ffar2, Ffar3, Ffar4, Fga, Fgb, Fgf1, Fgf10, Fgf11, Fgf12, Fgf13, Fgf14, Fgf15, Fgf16, Fgf17, Fgf18, Fgf2, Fgf20, Fgf21, Fgf22, Fgf23, Fgf3, Fgf4, Fgf5, Fgf6, Fgf7, Fgf8, Fgf9, Fgfbp1, Fgfbp3, Fgfr1, Fgfr2, Fgfr3, Fgfr4, Fgfrl1, Fgg, Fgl1, Fgl2, Fgr, Fh1, Fhl2, Fhod3, Fig4, Fign, Fignl1, Filip1, Filip1l, Fjx1, Fkbp10, Fkbp1a, Fkbp1b, Fkbp4, Fkbp8, Fkbpl, Fkrp, Fktn, Flcn, Fli1, Flii, Flna, Flot1, Flot2, Flrt1, Flrt2, Flrt3, Flt1, Flt3, Flt3l, Flt4, Flvcr1, Flvcr2, Fmc1, Fmn1, Fmnl3, Fmo1, Fmo2, Fmo4, Fmr1, Fn1, Fnbp1, Fndc3a, Fndc3b, Fnip1, Folr1, Fos, Fosb, Fosl1, Fosl2, Foxa1, Foxa2, Foxa3, Foxb1, Foxc1, Foxc2, Foxd1, Foxd3, Foxe1, Foxe3, Foxf1, Foxf2, Foxg1, Foxh1, Foxi1, Foxi3, Foxj1, Foxj2, Foxl1, Foxl2, Foxm1, Foxn1, Foxn3, Foxn4, Foxo1, Foxo3, Foxo4, Foxo6, Foxp1, Foxp2, Foxp3, Foxp4, Foxq1, Foxr1, Foxs1, Fpgs, Fras1, Frat1, Frem1, Frem2, Frmd7, Frmd8, Frs2, Fry, Fryl, Frzb, Fscn2, Fshb, Fshr, Fsip1, Fst, Fstl1, Fstl3, Fstl4, Fto, Ftsj1, Ftx, Fubp1, Fundc2, Fuom, Furin, Fut1, Fut10, Fut7, Fut8, Fut9, Fuz, Fxn, Fxr1, Fxr2, Fxyd1, Fyn, Fzd1, Fzd2, Fzd3, Fzd4, Fzd5, Fzd6, Fzd7, Fzd8, Fzd9, Fzr1, G0s2, G2e3, G3bp1, G6pc1, G6pd2, G6pdx, Gaa, Gab1, Gab2, Gabbr1, Gabpa, Gabra1, Gabra2, Gabra3, Gabra4, Gabra5, Gabra6, Gabrb1, Gabrb2, Gabrb3, Gabre, Gabrg1, Gabrg2, Gabrg3, Gabrr2, Gad1, Gadd45a, Gadd45g, Gak, Gal, Gal3st1, Galc, Galnt11, Galnt3, Galr1, Galr2, Gamt, Gap43, Gapdh, Gapdh-ps15, Gapdhrt, Gapdhrt2, Gapt, Garem1, Garem2, Garin5a, Gart, Gas1, Gas2, Gas5, Gas6, Gas7, Gas8, Gata1, Gata2, Gata3, Gata4, Gata5, Gata6, Gatad2a, Gatm, Gba1, Gba2, Gbf1, Gbp4, Gbp5, Gbp7, Gbx1, Gbx2, Gch1, Gclc, Gclm, Gcm1, Gcm2, Gcnt1, Gcnt2, Gcnt3, Gcnt4, Gdf1, Gdf10, Gdf11, Gdf15, Gdf2, Gdf3, Gdf5, Gdf6, Gdf7, Gdf9, Gdi1, Gdnf, Gdpd2, Gdpd5, Get1, Gfap, Gfer, Gfi1, Gfi1b, Gfra1, Gfra2, Gfra3, Gfra4, Gfral, Gfy, Ggn, Ggnbp2, Ggt1, Gh, Ghr, Ghrh, Ghrhr, Ghrl, Ghsr, Gigyf2, Gimap1, Gimap3, Gimap5, Gimap6, Gins1, Gins3, Gins4, Gip, Gipr, Git1, Git2, Gja1, Gja10, Gja3, Gja4, Gja5, Gja6, Gja8, Gjb1, Gjb2, Gjb3, Gjb4, Gjb5, Gjb6, Gjc1, Gjc2, Gjc3, Gjd2, Gjd3, Gjd4, Gje1, Gkn2, Gla, Gldn, Glg1, Gli1, Gli2, Gli3, Glipr2, Glis1, Glis2, Glmn, Glp1r, Glra1, Glra2, Glra3, Glra4, Glrb, Glrx3, Gls, Glud1, Glul, Gm11690, Gm12610, Gm13271, Gm13272, Gm13275, Gm13276, Gm13277, Gm13283, Gm15222, Gm15433, Gm15441, Gm15915, Gm17067, Gm28836, Gm2a, Gm30731, Gm36723, Gm4787, Gm527, Gm5414, Gm5478, Gm572, Gm5849, Gm7582, Gm7609, Gm773, Gmfb, Gmnc, Gmppa, Gna11, Gna12, Gna13, Gnai2, Gnal, Gnao1, Gnaq, Gnas, Gnasas1, Gnat1, Gnat2, Gnat3, Gnb1, Gnb1l, Gng13, Gng5, Gng7, Gng8, Gngt1, Gnl3, Gnpat, Gnrh1, Golga2, Golga4, Gon4l, Gorab, Gorasp1, Gp1ba, Gp1bb, Gp2, Gp5, Gp6, Gp9, Gpam, Gpat4, Gpatch3, Gpc1, Gpc2, Gpc3, Gpc4, Gpd1l, Gpd2, Gper1, Gpi1, Gpihbp1, Gpld1, Gpm6a, Gpm6b, Gpnmb, Gpr137, Gpr137b, Gpr149, Gpr15, Gpr155, Gpr157, Gpr158, Gpr15lg, Gpr161, Gpr17, Gpr171, Gpr173, Gpr174, Gpr176, Gpr179, Gpr18, Gpr183, Gpr21, Gpr3, Gpr35, Gpr37, Gpr37l1, Gpr39, Gpr4, Gpr52, Gpr55, Gpr68, Gpr83, Gpr88, Gpr89, Gprasp2, Gprc5b, Gprc5c, Gprc5d, Gprin1, Gprin2, Gprin3, Gps2, Gpsm1, Gpsm3, Gpx1, Gpx2, Gpx4, Grap, Grb10, Grb2, Grcc10, Greb1l, Grem1, Grem2, Grhl1, Grhl2, Grhl3, Gria1, Gria2, Grid1, Grid2, Grik1, Grik2, Grik5, Grin1, Grin2a, Grin2b, Grin2c, Grin2d, Grin3a, Grip1, Grip2, Grk1, Grk2, Grm1, Grm2, Grm3, Grm4, Grm5, Grm6, Grm7, Grm8, Grn, Grp, Grpr, Grsf1, Grxcr1, Grxcr2, Gsc, Gsdma3, Gsdmc2, Gsdmd, Gsdme, Gsk3a, Gsk3b, Gsn, Gsta3, Gstp-ps, Gstp1, Gstp2, Gstp3, Gsx1, Gsx2, Gtf2a1l, Gtf2b, Gtf2i, Gtf2ird1, Gtf2ird2, Guca1a, Guca1b, Guca2b, Gucy1a1, Gucy2d, Gucy2e, Gucy2f, Gys1, Gzf1, H13, H19, H2-Aa, H2-Ab1, H2-D1, H2-DMa, H2-DMb1, H2-DMb2, H2-Ea, H2-Eb1, H2-Eb2, H2-K1, H2-M3, H2-Oa, H2-Ob, H2-Q2, H2-Q7, H2-Q9, H2-T23, H2aj, H2ax, H3f3a, H3f3b, H60a, Hadh, Haglr, Hamp, Hamp2, Hand1, Hand2, Hand2os1, Hap1, Hapln1, Hapln2, Hapln3, Hapln4, Has2, Havcr1, Havcr2, Hax1, Hba-a1, Hba-a2, Hba-x, Hbb-b1, Hbb-b2, Hbegf, Hc, Hcar2, Hcfc1, Hcls1, Hcn1, Hcn4, Hcrt, Hcrtr1, Hcrtr2, Hdac1, Hdac11, Hdac2, Hdac3, Hdac4, Hdac5, Hdac6, Hdac7, Hdac8, Hdac9, Hdgfl3, Heatr3, Hectd1, Hecw1, Hecw2, Heg1, Hells, Helt, Hemgn, Heph, Hephl1, Herc1, Herc2, Hes1, Hes2, Hes3, Hes5, Hes6, Hes7, Hesx1, Hexa, Hexb, Hexim1, Hey1, Hey2, Heyl, Hfe, Hgf, Hgfac, Hgs, Hhex, Hhip, Hif1a, Hif3a, Hikeshi, Hilpda, Hinfp, Hip1r, Hipk1, Hipk2, Hira, Hjv, Hk1, Hk2, Hltf, Hlx, Hmbs, Hmces, Hmg20a, Hmg20b, Hmga1, Hmga2, Hmgb1, Hmgb2, Hmgb3, Hmgcl, Hmgcr, Hmgcs2, Hmgn1, Hmox1, Hmx2, Hmx3, Hnf1a, Hnf1b, Hnf4a, Hnrnpd, Hnrnpk, Hnrnpu, Homer1, Homer2, Homer3, Hook3, Hopx, Hormad1, Hotair, Hottip, Hoxa1, Hoxa10, Hoxa11, Hoxa13, Hoxa2, Hoxa3, Hoxa4, Hoxa5, Hoxa6, Hoxa7, Hoxa9, Hoxb1, Hoxb13, Hoxb2, Hoxb3, Hoxb4, Hoxb5, Hoxb6, Hoxb7, Hoxb8, Hoxb9, Hoxc10, Hoxc11, Hoxc13, Hoxc4, Hoxc5, Hoxc6, Hoxc8, Hoxc9, Hoxd1, Hoxd10, Hoxd11, Hoxd12, Hoxd13, Hoxd3, Hoxd4, Hoxd8, Hoxd9, Hp, Hpca, Hpgd, Hpgds, Hpn, Hprt1, Hps1, Hps4, Hps5, Hps6, Hpse, Hras, Hrc, Hrg, Hrh1, Hrh2, Hrh3, Hrnr, Hs1bp3, Hs2st1, Hs3st3a1, Hs3st3b1, Hs3st5, Hs3st6, Hs6st1, Hsbp1, Hscb, Hsd11b1, Hsd11b2, Hsd17b1, Hsd17b2, Hsd17b4, Hsd17b7, Hsf1, Hsf4, Hsh2d, Hsp90aa1, Hspa1b, Hspa4, Hspa5, Hspa8, Hspa9, Hspb1, Hspb6, Hspb7, Hspd1, Hspe1-rs1, Hspg2, Hsph1, Htatip2, Htr1a, Htr1b, Htr1d, Htr2a, Htr2b, Htr2c, Htr4, Htr5a, Htr6, Htr7, Htra2, Htt, Hus1, Hyal1, Hyal2, Hyal3, Hyal5, Hycc1, Hydin, Iapp, Ibsp, Icam1, Icam5, Icmt, Icos, Icosl, Id1, Id2, Id3, Id4, Ide, Idh1, Idh2, Ido1, Idua, Ier2, Ier3, Ier3ip1, Ifi203, Ifi203-ps, Ifi204, Ifi206, Ifi207, Ifi208, Ifi209, Ifi213, Ifi214, Ifi35, Ifih1, Ifitm1, Ifitm2, Ifitm5, Ifna, Ifna1, Ifna11, Ifna12, Ifna13, Ifna14, Ifna15, Ifna16, Ifna2, Ifna4, Ifna5, Ifna6, Ifna7, Ifna9, Ifnab, Ifnar1, Ifnar2, Ifnb1, Ifne, Ifng, Ifngr1, Ifngr2, Ifnk, Ifnz, Ifrd1, Ift122, Ift140, Ift172, Ift20, Ift25, Ift27, Ift52, Ift56, Ift57, Ift74, Ift80, Ift88, Igbp1, Igbp1b, Igdcc3, Igf1, Igf1r, Igf2, Igf2bp1, Igf2bp2, Igf2bp3, Igf2r, Igfals, Igfbp2, Igfbp3, Igfbp5, Igh-7, Ighd, Ighe, Ighg1, Ighg2a, Ighm, Ighmbp2, Igkc, Igkj5, Igsf10, Igsf11, Igsf21, Igsf3, Igsf9, Igsf9b, Igtp, Ihh, Ikbkb, Ikbke, Ikbkg, Ikzf1, Ikzf3, Il10, Il10ra, Il11ra1, Il11ra2, Il11ra3, Il12a, Il12b, Il12rb1, Il12rb2, Il13, Il13ra2, Il15, Il15ra, Il16, Il17a, Il17b, Il17c, Il17d, Il17f, Il17ra, Il17rb, Il17rc, Il17rd, Il18, Il18r1, Il18rap, Il19, Il1a, Il1b, Il1f10, Il1r1, Il1r2, Il1rap, Il1rapl1, Il1rapl2, Il1rl1, Il1rl2, Il1rn, Il2, Il20, Il20ra, Il20rb, Il21, Il23a, Il23r, Il25, Il27, Il27ra, Il2ra, Il2rg, Il3, Il31ra, Il33, Il34, Il36a, Il36b, Il36g, Il36rn, Il4, Il4i1, Il4i1b, Il4ra, Il5, Il5ra, Il6, Il6ra, Il6st, Il7, Il7r, Il9, Il9r, Ildr1, Ildr2, Ilk, Ilrun, Immp2l, Impact, Impdh1, Impdh2, Impg1, Impg2, Ina, Inava, Ing1, Ing2, Ing5, Inha, Inhba, Inhbb, Inka1, Ino80, Ino80b, Ino80c, Ino80d, Inpp4b, Inpp5b, Inpp5d, Inpp5f, Inpp5j, Inpp5k, Inppl1, Ins1, Ins2, Insc, Insig1, Insig2, Insl3, Insl5, Insl6, Insm1, Insm2, Insr, Insrr, Insyn1, Insyn2a, Ints1, Intu, Invs, Ip6k1, Ipmk, Ipo7, Iqcb1, Iqce, Iqgap1, Iqgap3, Iqschfp, Iqsec1, Iqsec2, Irag1, Irak1, Irak3, Irak4, Ireb2, Irf1, Irf2bp2, Irf2bpl, Irf3, Irf4, Irf5, Irf6, Irf7, Irf8, Irf9, Irgm1, Irgm2, Irs1, Irs2, Irx1, Irx2, Irx3, Irx4, Irx5, Irx6, Isg15, Isl1, Isl2, Islr2, Ism1, Israa, Ist1, Isx, Itch, Itfg2, Itga1, Itga2, Itga2b, Itga3, Itga4, Itga5, Itga6, Itga7, Itga8, Itga9, Itgad, Itgal, Itgam, Itgav, Itgax, Itgb1, Itgb1bp1, Itgb2, Itgb2l, Itgb3, Itgb4, Itgb6, Itgb8, Itk, Itm2a, Itm2c, Itpk1, Itpka, Itpkb, Itpr1, Itpr3, Itsn1, Itsn2, Ivl, Jade2, Jag1, Jag2, Jak1, Jak2, Jak3, Jakmip1, Jam2, Jam3, Jaml, Jarid2, Jcad, Jchain, Jhy, Jmjd1c, Jmjd6, Jmjd8, Jph2, Jph3, Jph4, Jsrp1, Jun, Junb, Jund, Jup, Kalrn, Kank1, Kank2, Kars1, Kat14, Kat2a, Kat2b, Kat5, Kat6a, Kat6b, Kat7, Kat8, Katna1, Katnb1, Katnip, Kazald1, Kazn, Kbtbd13, Kbtbd8, Kcna1, Kcna2, Kcna3, Kcna5, Kcnab1, Kcnab2, Kcnb1, Kcnc1, Kcnc2, Kcnc4, Kcnd2, Kcnd3, Kcne1, Kcne2, Kcne3, Kcne4, Kcne5, Kcnh1, Kcnh2, Kcnh6, Kcnip1, Kcnip2, Kcnip3, Kcnj1, Kcnj10, Kcnj11, Kcnj2, Kcnj5, Kcnj8, Kcnk18, Kcnk2, Kcnk3, Kcnk4, Kcnk6, Kcnk9, Kcnma1, Kcnmb1, Kcnmb2, Kcnmb3, Kcnmb4, Kcnn2, Kcnn4, Kcnq1, Kcnq2, Kcnq3, Kcnq4, Kctd10, Kctd11, Kdelr1, Kdf1, Kdm1a, Kdm2a, Kdm2b, Kdm3a, Kdm4a, Kdm4b, Kdm4c, Kdm4dl, Kdm5a, Kdm5b, Kdm6a, Kdm6b, Kdm7a, Kdm8, Kdr, Keap1, Kel, Kera, Khdc3, Khsrp, Kidins220, Kif13b, Kif14, Kif16b, Kif18a, Kif1a, Kif1b, Kif20b, Kif21a, Kif21b, Kif26a, Kif26b, Kif27, Kif2a, Kif3a, Kif3c, Kif5a, Kif5b, Kif5c, Kif7, Kifap3, Kifbp, Kifc2, Kirrel1, Kirrel3, Kiss1, Kit, Kitl, Kl, Klf1, Klf10, Klf13, Klf15, Klf2, Klf4, Klf5, Klf6, Klf7, Klf9, Klhl1, Klhl10, Klhl12, Klhl22, Klhl25, Klhl3, Klk1, Klk14, Klk1b1, Klk1b11, Klk1b16, Klk1b21, Klk1b22, Klk1b24, Klk1b26, Klk1b27, Klk1b3, Klk1b4, Klk1b5, Klk1b8, Klk1b9, Klk6, Klk8, Klkb1, Klrb1c, Klrd1, Klre1, Klrh1, Klrk1, Kmt2a, Kmt2b, Kmt2c, Kmt2d, Kmt2e, Kmt5b, Kmt5c, Kndc1, Kng1, Kng2, Kpna1, Kpna2, Kpna2rt, Kpna6, Kpna7, Kras, Kremen1, Kremen2, Krit1, Krt1, Krt12, Krt14, Krt16, Krt17, Krt19, Krt2, Krt25, Krt27, Krt28, Krt36, Krt4, Krt5, Krt6a, Krt6b, Krt7, Krt71, Krt72, Krt73, Krt74, Krt75, Krt76, Krt77, Krt78, Krt79, Krt8, Krt80, Krt81, Krt82, Krt83, Krt84, Krt85, Krt86, Krt87, Krt90, Krtap21-1, Krtap4-26, Krtap4-8, Krtap4-9, Krtap6-2, Krtap6-5, Ksr2, L1cam, L3mbtl1, L3mbtl3, Lacc1, Lag3, Lama1, Lama2, Lama3, Lama4, Lama5, Lamb1, Lamb2, Lamb3, Lamc1, Lamc2, Lamc3, Lamp1, Lamtor5, Laptm4b, Laptm5, Large1, Lat, Lat2, Lats1, Lats2, Lax1, Lbh, Lbp, Lbx1, Lbx2, Lca5, Lcat, Lce1a2, Lce1g, Lck, Lcn2, Lcp1, Lcp2, Lctl, Ldb1, Ldb2, Ldb3, Ldha, Ldlr, Ldlrad4, Ldlrap1, Ldoc1, Lef1, Lefty1, Lefty2, Lemd2, Lemd3, Leo1, Lep, Lepr, Letmd1, Lfng, Lgals1, Lgals2, Lgals3, Lgals8, Lgals9, Lgi1, Lgi2, Lgi4, Lgmn, Lgr4, Lgr5, Lhb, Lhcgr, Lhfpl2, Lhfpl3, Lhfpl4, Lhfpl5, Lhx1, Lhx2, Lhx3, Lhx4, Lhx5, Lhx6, Lhx8, Lhx9, Lias, Lichi, Lif, Lifr, Lig4, Lilra5, Lilrb4a, Lilrb4b, Lim2, Lima1, Limd1, Limk1, Limk2, Lims1, Lims2, Lin28a, Lin7a, Lin7b, Lin7c, Lingo1, Lingo2, Lingo4, Lins1, Lipa, Lipc, Lipg, Litaf, Litafd, Llgl1, Llgl2, Llph, Lmbr1, Lmbr1l, Lmbrd1, Lmcd1, Lmf1, Lmna, Lmo1, Lmo2, Lmo3, Lmo4, Lmod1, Lmod2, Lmod3, Lmtk2, Lmx1a, Lmx1b, Lncpint, Lnpep, Lnpk, Lnx1, Lnx2, Loricrin, Lox, Loxhd1, Loxl2, Loxl3, Lpar1, Lpar3, Lpar5, Lpar6, Lpcat1, Lpcat3, Lpin1, Lpl, Lpo, Lrat, Lrcol1, Lrfn1, Lrfn3, Lrfn4, Lrfn5, Lrg1, Lrig1, Lrig2, Lrig3, Lrit1, Lrit3, Lrp1, Lrp11, Lrp12, Lrp1b, Lrp2, Lrp3, Lrp4, Lrp5, Lrp6, Lrp8, Lrpap1, Lrrc10, Lrrc17, Lrrc19, Lrrc24, Lrrc32, Lrrc4, Lrrc4b, Lrrc4c, Lrrc55os, Lrrc7, Lrrc78, Lrrc8a, Lrrfip2, Lrrk1, Lrrk2, Lrrn1, Lrrn3, Lrrn4, Lrrtm1, Lrrtm2, Lrrtm3, Lrrtm4, Lrtm1, Lrtm2, Lsamp, Lsm1, Lsm14b, Lsr, Lst1, Lt1, Lta, Lta4h, Ltb, Ltb4r2, Ltbp1, Ltbp3, Ltbr, Ltf, Ltk, Luc7l, Lum, Lurap1, Luzp1, Lxn, Ly6d, Ly6e, Ly9, Ly96, Lyar, Lyl1, Lyn, Lypd1, Lypd10, Lypd11, Lyst, Lzts1, Lzts2, Lzts3, Mab21l1, Mab21l2, Macf1, Macir, Maco1, Macrod2, Macroh2a1, Macroh2a2, Mad1l1, Mad2l2, Madd, Maea, Mael, Maf, Mafb, Maff, Mafg, Mafk, Mag, Maged1, Maged2, Magi2, Magt1, Mak, Mal, Mal2, Mall, Malt1, Mamdc4, Maml1, Mamld1, Man1a2, Man2a1, Man2b1, Manf, Map1a, Map1b, Map1lc3b, Map1s, Map2, Map2k1, Map2k2, Map2k3, Map2k4, Map2k5, Map2k6, Map3k1, Map3k13, Map3k20, Map3k3, Map3k4, Map3k7, Map4, Map4k4, Map6, Map7, Mapk1, Mapk10, Mapk11, Mapk13, Mapk14, Mapk3, Mapk6, Mapk7, Mapk8, Mapk8ip1, Mapk8ip2, Mapk8ip3, Mapk9, Mapkapk2, Mapkapk5, Mapkbp1, Mapre2, Mapt, Marchf7, Marcks, Marcksl1, Marco, Mark1, Mark2, Mark4, Marveld1, Marveld2, Marveld3, Mas1, Mast1, Mast2, Matcap1, Matn1, Matn2, Matn3, Matr3, Mavs, Max, Mb, Mbd1, Mbd2, Mbd3, Mbd5, Mbip, Mbl1, Mbl2, Mbnl1, Mboat1, Mboat2, Mboat7, Mbp, Mbtd1, Mbtps2, Mc1r, Mc3r, Mc4r, Mcam, Mcc, Mcf2, Mchr1, Mcm3ap, Mcoln2, Mcoln3, Mcph1, Mcpt4, Mcrs1, Mcub, Mdfi, Mdga1, Mdga2, Mdk, Mdm1, Mdm2, Mdm4, Meaf6, Mecom, Mecp2, Med1, Med10, Med12, Med14, Med15, Med17, Med21, Med24, Med27, Med28, Med30, Med31, Med6, Med7, Mef2a, Mef2b, Mef2c, Mef2d, Mefv, Meg3, Megf10, Megf11, Megf8, Megf9, Meis1, Meis2, Meis3, Men1, Meox1, Meox2, Mepe, Mertk, Mesd, Mesp1, Mesp2, Met, Metrn, Metrnl, Mettl14, Mettl23, Mettl3, Mex3c, Mexis, Mfap2, Mfap5, Mfge8, Mfhas1, Mfn1, Mfn2, Mfng, Mfrp, Mfsd12, Mfsd2a, Mfsd2b, Mfsd8, Mgarp, Mgat1, Mgat3, Mgll, Mgp, Mgrn1, Mia3, Miat, Mib1, Mical2, Micall1, Micall2, Mif, Miga2, Mill1, Milr1, Minar1, Minar2, Mink1, Mios, Mip, Mir100, Mir103-1, Mir103-2, Mir106b, Mir107, Mir1193, Mir1195, Mir1197, Mir122, Mir124-2hg, Mir124a-1, Mir124a-1hg, Mir124a-2, Mir124a-3, Mir125a, Mir125b-1, Mir125b-2, Mir126b, Mir127, Mir128-1, Mir128-2, Mir130a, Mir130b, Mir132, Mir133a-1, Mir133a-1hg, Mir133a-2, Mir133b, Mir134, Mir135a-1, Mir135a-2, Mir137, Mir138-1, Mir138-2, Mir140, Mir141, Mir142hg, Mir143, Mir144, Mir145a, Mir146, Mir146b, Mir148a, Mir148b, Mir149, Mir150, Mir151, Mir152, Mir154, Mir155, Mir15a, Mir15b, Mir16-1, Mir16-2, Mir17, Mir18, Mir181a-1, Mir181a-2, Mir181b-1, Mir181b-2, Mir181c, Mir181d, Mir182, Mir183, Mir184, Mir188, Mir1896, Mir1897, Mir191, Mir193a, Mir193b, Mir1954, Mir195a, Mir199a-1, Mir199a-2, Mir199b, Mir19a, Mir19b-1, Mir19b-2, Mir1a-2, Mir200a, Mir200b, Mir200c, Mir202, Mir203, Mir204, Mir205, Mir205hg, Mir206, Mir208a, Mir208b, Mir20a, Mir20b, Mir210, Mir211, Mir212, Mir214, Mir216a, Mir216b, Mir217, Mir218-1, Mir218-2, Mir219a-1, Mir219a-2, Mir21a, Mir22, Mir221, Mir222, Mir223, Mir23a, Mir23b, Mir24-1, Mir24-2, Mir25, Mir26a-1, Mir26a-2, Mir27a, Mir27b, Mir2861, Mir28a, Mir290a, Mir294, Mir296, Mir298, Mir299a, Mir299b, Mir29a, Mir29b-1, Mir29b-2, Mir29c, Mir300, Mir301, Mir302a, Mir302b, Mir302c, Mir302d, Mir3065, Mir30a, Mir30b, Mir30c-1, Mir30c-2, Mir30d, Mir31, Mir322, Mir323, Mir324, Mir326, Mir329, Mir330, Mir331, Mir338, Mir342, Mir345, Mir34a, Mir34b, Mir34c, Mir351, Mir361, Mir367, Mir369, Mir370, Mir375, Mir376a, Mir376b, Mir376c, Mir377, Mir378a, Mir378b, Mir378d, Mir379, Mir380, Mir381, Mir382, Mir383, Mir3960, Mir409, Mir410, Mir411, Mir412, Mir429, Mir434, Mir449a, Mir449b, Mir449c, Mir451a, Mir451b, Mir452, Mir453, Mir455, Mir467a-1, Mir467a-10, Mir467a-2, Mir467a-3, Mir467a-4, Mir467a-5, Mir467a-6, Mir467a-7, Mir467a-8, Mir467a-9, Mir471, Mir483, Mir485, Mir487b, Mir491, Mir494, Mir495, Mir496a, Mir496b, Mir497, Mir501, Mir503, Mir505, Mir5100, Mir532, Mir539, Mir541, Mir542, Mir543, Mir544, Mir652, Mir654, Mir666, Mir667, Mir668, Mir671, Mir672, Mir674, Mir675, Mir676, Mir679, Mir7-1, Mir7-2, Mir706, Mir711, Mir7116, Mir741, Mir742, Mir743, Mir744, Mir758, Mir762, Mir770, Mir873a, Mir875, Mir877, Mir878, Mir880, Mir881, Mir883b, Mir9-1, Mir9-2, Mir9-3, Mir92-1, Mir92-2, Mir93, Mir96, Mir9718, Mir98, Mir99a, Mir99b, Mirlet7a-1, Mirlet7a-2, Mirlet7b, Mirlet7c-1, Mirlet7c-2, Mirlet7d, Mirlet7g, Mirlet7i, Mitf, Mixl1, Mki67, Mkks, Mks1, Mkx, Mlh1, Mlip, Mllt3, Mllt6, Mlxipl, Mmd, Mmd2, Mme, Mmp12, Mmp13, Mmp14, Mmp15, Mmp16, Mmp17, Mmp19, Mmp2, Mmp21, Mmp24, Mmp8, Mmp9, Mmrn1, Mmrn2, Mmut, Mn1, Mnat1, Mndal, Mns1, Mnx1, Mob2, Mobp, Mog, Mogat2, Morc1, Morc3, Mosmo, Mospd3, Mov10, Mpdz, Mpig6b, Mpl, Mpo, Mpp2, Mpst, Mpv17, Mpz, Mpzl2, Mpzl3, Mr1, Mrap2, Mreg, Mrgpra3, Mrgprb1, Mrgprd, Mrgprx1, Mrgprx2, Mrtfa, Mrtfb, Ms4a1, Ms4a2, Msc, Msgn1, Msh2, Msh3, Msh4, Msh6, Msi1, Msi2, Msn, Msr1, Mst1, Mst1r, Mstn, Msx1, Msx2, Msx3, mt-Co1, mt-Nd4, Mt3, Mta1, Mtch2, Mtdh, Mterf4, Mtf1, Mtf2, Mtg1, Mtg2, Mthfd1, Mthfd1l, Mthfr, Mtm1, Mtmr2, Mtmr4, Mtnr1b, Mtor, Mtpn, Mtr, Mtss1, Mttp, Mturn, Muc13, Muc16, Muc19, Muc2, Muc4, Muc5ac, Muc5b, Mug1, Mul1, Mup1, Mup11, Mup2, Mup20, Mup3, Mup4, Mup5, Musk, Mustn1, Mxi1, Mxra8, Myadm, Myb, Mybpc1, Mybpc2, Mybpc3, Mybphl, Myc, Mycbp2, Mycl, Mycn, Myct1, Myd88, Mydgf, Myf5, Myf6, Myg1, Myh1, Myh10, Myh11, Myh13, Myh14, Myh2, Myh3, Myh4, Myh6, Myh7, Myh7b, Myh8, Myh9, Myl1, Myl2, Myl3, Myl4, Myl6, Myl6b, Myl7, Mylip, Mylk, Mylk2, Mylk3, Mylpf, Mymk, Mynn, Myo15a, Myo16, Myo18a, Myo18b, Myo1a, Myo1e, Myo1f, Myo3a, Myo3b, Myo5a, Myo5b, Myo6, Myo7a, Myo7b, Myo9a, Myoc, Myocd, Myod1, Myog, Myom1, Myom2, Myot, Myoz1, Myoz2, Mypn, Myrf, Mysm1, Myt1, Myt1l, Mzb1, n-TUtca2, N4bp1, N4bp2l2, N4bp3, Naa15, Nab1, Nab2, Nae1, Naglu, Naip5, Nampt, Nanog, Nanos1, Nanos2, Nap1l1, Nap1l2, Napa, Napepld, Napsa, Nars1, Nasp, Nat8, Nat8f1, Nat8f2, Nat8f3, Nat8f5, Nav1, Nav2, Nav3, Naxe, Nbea, Nbeal2, Nbl1, Nbn, Nbr1, Ncald, Ncam1, Ncam2, Ncan, Ncapg2, Ncaph2, Ncdn, Ncf1, Ncf2, Nck1, Nck2, Nckap1, Nckap1l, Nckipsd, Ncl, Ncmap, Ncoa1, Ncoa2, Ncoa3, Ncoa6, Ncor1, Ncor2, Ncr3-ps, Ncs1, Ncstn, Nde1, Ndel1, Ndfip1, Ndn, Ndnf, Ndp, Ndrg1, Ndrg2, Ndrg3, Ndrg4, Ndst1, Ndst2, Ndufa2, Ndufs2, Ndufs4, Ndufs6, Ndufv2, Neb, Nebl, Necab1, Nectin1, Nectin2, Nectin3, Nedd4, Nedd4l, Nedd8, Nedd9, Nefh, Nefl, Nefm, Negr1, Nek1, Nek10, Nek2, Nek3, Nek8, Nell1, Nell2, Nemp1, Neo1, Nepro, Nes, Neto1, Neu1, Neu4, Neurl1a, Neurod1, Neurod2, Neurod4, Neurod6, Neurog1, Neurog2, Neurog3, Nexmif, Nexn, Nf1, Nf2, Nfam1, Nfasc, Nfat5, Nfatc1, Nfatc2, Nfatc2ip, Nfatc3, Nfatc4, Nfe2, Nfe2l1, Nfe2l2, Nfia, Nfib, Nfil3, Nfix, Nfkb1, Nfkb2, Nfkbia, Nfkbid, Nfkbil1, Nfkbiz, Nfrkb, Ngb, Ngef, Ngf, Ngfr, Ngp, Nhej1, Nherf1, Nherf2, Nhlh2, Nhs, Niban2, Nid1, Nif3l1, Nin, Ninj1, Nipal3, Nipbl, Nipsnap1, Nisch, Nkap, Nkg7, Nkiras1, Nkiras2, Nkx1-1, Nkx2-1, Nkx2-2, Nkx2-2os, Nkx2-3, Nkx2-5, Nkx2-6, Nkx2-9, Nkx3-1, Nkx3-2, Nkx6-1, Nkx6-2, Nkx6-3, Nle1, Nlgn1, Nlgn2, Nlgn3, Nlgn4l, Nlrc3, Nlrc4, Nlrp10, Nlrp12, Nlrp1a, Nlrp1b, Nlrp3, Nlrp4f, Nlrp5, Nlrp6, Nlrp9a, Nlrp9b, Nlrp9c, Nlrx1, Nmb, Nmbr, Nme1, Nme2, Nme5, Nme7, Nmi, Nms, Nmt1, Nmu, Nmur1, Nmur2, Nnat, Nob1, Nobox, Noct, Nod1, Nod2, Nodal, Nog, Nol3, Nolc1, Nom1, Nop2, Norad, Nos1, Nos1ap, Nos2, Nos3, Notch1, Notch2, Notch3, Notch4, Noto, Notum, Nova1, Nova2, Nox1, Nox3, Nox4, Npas1, Npas2, Npas3, Npas4, Npat, Npb, Npc1, Npc1l1, Npff, Nphp1, Nphp3, Nphp4, Nphs1, Nphs2, Nploc4, Npm2, Npnt, Nppa, Nppb, Nppc, Npr1, Npr2, Npr3, Nprl3, Nps, Npsr1, Nptn, Nptx1, Nptx2, Nptxr, Npvf, Npw, Npy, Npy1r, Npy2r, Npy5r, Nqo1, Nr0b1, Nr1d1, Nr1d2, Nr1h2, Nr1h3, Nr1h4, Nr1i3, Nr2c2, Nr2e1, Nr2e3, Nr2f1, Nr2f2, Nr2f6, Nr3c1, Nr3c2, Nr4a1, Nr4a2, Nr4a3, Nr5a1, Nrap, Nrarp, Nras, Nrbp1, Nrbp2, Nrcam, Nrdc, Nrep, Nrg1, Nrg2, Nrg3, Nrip1, Nrk, Nrl, Nrn1, Nrn1l, Nron, Nrp1, Nrp2, Nrros, Nrsn1, Nrsn2, Nrtn, Nrxn1, Nrxn2, Nrxn3, Nsd1, Nsd2, Nsdhl, Nsmf, Nsrp1, Nsun2, Nsun5, Nt5e, Ntan1, Ntf3, Ntf5, Ntm, Ntn1, Ntn3, Ntn4, Ntn5, Ntng1, Ntng2, Ntrk1, Ntrk2, Ntrk3, Nts, Ntsr1, Nudt1, Nuggc, Numa1, Numb, Numbl, Nup107, Nup133, Nup155, Nup160, Nup210l, Nup50, Nup85, Nupr1, Nus1, Nutf2, Nutf2-ps1, Nxn, Nxnl1, Nxnl2, Nyap1, Nyap2, Nyx, Oas1a, Oas1b, Oas1c, Oas1d, Oas1e, Oas1f, Oas1g, Oas1h, Oas2, Oas3, Obox1, Obox2, Obox3, Obox5, Obox6, Obox7, Obox8, Obp1a, Obp1b, Obsl1, Ocln, Ocrl, Ocstamp, Odad2, Odad3, Odad4, Odaph, Odc1, Ofd1, Oga, Ogdh, Ogn, Ogt, Oit3, Olfm1, Olfm2, Olfm3, Olfr100, Olfr1060-ps1, Olfr197, Olfr255, Olfr256, Olfr363-ps, Olfr908, Olig1, Olig2, Olig3, Oma1, Omg, Omp, Onecut1, Onecut2, Ooep, Oosp1, Opa1, Opa3, Opalin, Ophn1, Opn1mw, Opn1sw, Opn4, Opn5, Oprd1, Oprk1, Oprl1, Oprm1, Optc, Optn, Or10a2, Or10a3, Or10a3b, Or10a3m, Or10a3n, Or10a4, Or10a48, Or10a49, Or10a5, Or10aa1, Or10aa3, Or10ab4, Or10ab5, Or10ac1, Or10ad1, Or10ad1b, Or10ad1c, Or10ag2, Or10ag52, Or10ag53, Or10ag54, Or10ag56, Or10ag57, Or10ag58, Or10ag59, Or10ag60, Or10ah1-ps1, Or10ak11, Or10ak12, Or10ak13, Or10ak14, Or10ak16, Or10ak7, Or10ak8, Or10ak9, Or10al2, Or10al3, Or10al4, Or10al5, Or10al6, Or10al7, Or10am5, Or10b1, Or10c1, Or10d1, Or10d1b, Or10d1c, Or10d3, Or10d4, Or10d4b, Or10d4c, Or10d5, Or10d5j, Or10g1, Or10g1b, Or10g3, Or10g3b, Or10g6, Or10g7, Or10g9, Or10g9b, Or10h1, Or10h1b, Or10h28, Or10h5, Or10j2, Or10j27, Or10j3, Or10j3b, Or10j5, Or10j7, Or10k2, Or10n1, Or10p1, Or10p21, Or10p22, Or10q1, Or10q12, Or10q1b, Or10q3, Or10s1, Or10u3, Or10u4, Or10v1, Or10v5, Or10v9, Or10w1, Or10x1, Or10x4, Or10z1, Or11a4, Or11g1, Or11g2, Or11g24, Or11g25, Or11g26, Or11g27, Or11g7, Or11h23, Or11h4, Or11h4b, Or11h6, Or11h7, Or11i1, Or11j4, Or11l3, Or11m3, Or11n2, Or11q2, Or12d12, Or12d13, Or12d14-ps1, Or12d15, Or12d16-ps1, Or12d17, Or12d2, Or12e1, Or12e10, Or12e13, Or12e14, Or12e7, Or12e8, Or12e9, Or12j2, Or12j3, Or12j4, Or12j5, Or12k5, Or12k7, Or12k8, Or13a1, Or13a17, Or13a18, Or13a19, Or13a20, Or13a21, Or13a22, Or13a24, Or13a25, Or13a26, Or13a27, Or13a28, Or13ae2, Or13c25, Or13c3, Or13c7, Or13c7b, Or13c7c, Or13c7d, Or13d1, Or13e8, Or13f5, Or13g1, Or13j1, Or13l2, Or13n4, Or13p10, Or13p3, Or13p4, Or13p5, Or13p8, Or14a256, Or14a257, Or14a258, Or14a259, Or14a260, Or14c39, Or14c40, Or14c41, Or14c43, Or14c44, Or14c45, Or14c46, Or14j1, Or14j10, Or14j2, Or14j3, Or14j4, Or14j5, Or14j6, Or14j7, Or14j8, Or14j9, Or1a1, Or1a1b, Or1aa2, Or1ab2, Or1ad1, Or1ad6, Or1ad8, Or1af1, Or1ak2, Or1b1, Or1d2, Or1e1, Or1e16, Or1e17, Or1e19, Or1e1c, Or1e1f, Or1e21, Or1e22, Or1e23, Or1e25, Or1e26, Or1e29, Or1e30, Or1e32, Or1e33, Or1e34, Or1e35, Or1f12, Or1f19, Or1i2, Or1j1, Or1j10, Or1j11, Or1j12, Or1j13, Or1j14, Or1j15, Or1j16, Or1j17, Or1j18, Or1j19, Or1j20, Or1j21, Or1j4, Or1j8, Or1l4, Or1l8, Or1m1, Or1n1, Or1n1b, Or1n2, Or1o1, Or1o11, Or1o2, Or1o3, Or1o4, Or1p1, Or1q1, Or1r1, Or1s2, Or1x2, Or2a12, Or2a14, Or2a20, Or2a25, Or2a5, Or2a51, Or2a52, Or2a54, Or2a56, Or2a57, Or2a7, Or2aa1, Or2ab1, Or2ad1, Or2ag1, Or2ag12, Or2ag13, Or2ag15, Or2ag16, Or2ag17, Or2ag18, Or2ag19, Or2ag1b, Or2ag2, Or2ag20, Or2ag2b, Or2ah1, Or2aj4, Or2aj5, Or2aj6, Or2ak4, Or2ak5, Or2ak6, Or2ak7, Or2at1, Or2at4, Or2av9, Or2b11, Or2b2, Or2b28, Or2b2b, Or2b4, Or2b6, Or2b7, Or2bd2, Or2c1, Or2d2, Or2d2b, Or2d3, Or2d36, Or2d3b, Or2d3c, Or2d4, Or2f1, Or2f1b, Or2f2, Or2g1, Or2g25, Or2g7, Or2h1, Or2h15, Or2h1b, Or2h2, Or2h2c, Or2i1, Or2j3, Or2j6, Or2k2, Or2l13, Or2l13b, Or2l5, Or2m12, Or2m13, Or2n1, Or2n1b, Or2n1c, Or2n1d, Or2n1e, Or2o1, Or2p2, Or2q1, Or2r11, Or2r2, Or2r3, Or2t1, Or2t26, Or2t29, Or2t35, Or2t43, Or2t44, Or2t45, Or2t46, Or2t47, Or2t48, Or2t49, Or2t6, Or2v1, Or2v2, Or2w1, Or2w1b, Or2w2, Or2w25, Or2w3, Or2w3b, Or2w4, Or2w6, Or2y1, Or2y10, Or2y11, Or2y12, Or2y13, Or2y14, Or2y15, Or2y16, Or2y17, Or2y1b, Or2y1c, Or2y1d, Or2y1e, Or2y1f, Or2y1g, Or2y3, Or2y6, Or2y8, Or2z2, Or2z8, Or2z9, Or3a1, Or3a10, Or3a1b, Or3a1c, Or3a1d, Or3a4, Or4a15, Or4a2, Or4a27, Or4a39, Or4a47, Or4a66, Or4a67, Or4a68, Or4a69, Or4a70, Or4a71, Or4a72, Or4a73, Or4a74, Or4a75, Or4a76, Or4a77, Or4a78, Or4a79, Or4a81, Or4b1, Or4b12, Or4b13, Or4b1b, Or4b1c, Or4b1d, Or4c1, Or4c10, Or4c100, Or4c101, Or4c102, Or4c103, Or4c104, Or4c105, Or4c106, Or4c107, Or4c108, Or4c109, Or4c10b, Or4c11, Or4c110, Or4c111, Or4c112, Or4c113, Or4c114, Or4c115, Or4c116, Or4c117, Or4c118, Or4c11b, Or4c11c, Or4c12, Or4c120, Or4c121, Or4c122, Or4c123, Or4c124, Or4c125, Or4c126, Or4c127, Or4c12b, Or4c15, Or4c15b, Or4c29, Or4c3, Or4c31, Or4c35, Or4c3d, Or4c52, Or4c58, Or4d1, Or4d10, Or4d10b, Or4d10c, Or4d11, Or4d2, Or4d2b, Or4d5, Or4d6, Or4e1, Or4e2, Or4e5, Or4f14, Or4f14b, Or4f14d, Or4f15, Or4f17, Or4f47, Or4f4b, Or4f52, Or4f53, Or4f54, Or4f56, Or4f57, Or4f58, Or4f59, Or4f6, Or4f60, Or4f61, Or4f62, Or4f7, Or4g16, Or4g17, Or4g7, Or4k1, Or4k15, Or4k15b, Or4k15c, Or4k2, Or4k35, Or4k36, Or4k37, Or4k38, Or4k39, Or4k40, Or4k41, Or4k42, Or4k44, Or4k45, Or4k47, Or4k48, Or4k49, Or4k5, Or4k51, Or4k52, Or4k6, Or4k77, Or4l1, Or4l15, Or4m1, Or4n4, Or4n4b, Or4n5, Or4p18, Or4p19, Or4p20, Or4p22, Or4p23, Or4p7, Or4p8, Or4q3, Or4s2b, Or4x11, Or4x13, Or4x15, Or4x6, Or4z4, Or51a10, Or51a24, Or51a25, Or51a39, Or51a42, Or51a43, Or51a5, Or51a6, Or51a7, Or51a8, Or51aa2, Or51aa5, Or51ab3, Or51ac3, Or51af1, Or51ag1, Or51ah3, Or51ai2, Or51b17, Or51b4, Or51b6, Or51b6b, Or51d1, Or51e1, Or51e2, Or51f1, Or51f1d, Or51f1e, Or51f2, Or51f23, Or51f23b, Or51f5, Or51g1, Or51g2, Or51h1, Or51h5, Or51i1, Or51i2, Or51k1, Or51k2, Or51l14, Or51l4, Or51m1, Or51q1, Or51q1c, Or51r1, Or51s1, Or51t4, Or51v14, Or51v8, Or52a20, Or52a24, Or52a33, Or52a5, Or52a5b, Or52ab2, Or52ab4, Or52ab7, Or52ac1, Or52ad1, Or52ae7, Or52ae9, Or52b1, Or52b2, Or52b3, Or52b4, Or52b4i, Or52d1, Or52d13, Or52d3, Or52e15, Or52e18, Or52e19b, Or52e2, Or52e3, Or52e4, Or52e5, Or52e7, Or52e8, Or52e8b, Or52h1, Or52h2, Or52h7, Or52h9, Or52i2, Or52j3, Or52k2, Or52l1, Or52m1, Or52m2, Or52n1, Or52n2, Or52n20, Or52n2b, Or52n2c, Or52n3, Or52n4, Or52n4b, Or52n5, Or52p1, Or52p2, Or52r1, Or52r1b, Or52r1c, Or52s1, Or52s19, Or52s1b, Or52s6, Or52u1, Or52w1, Or52x1, Or52z1, Or52z12, Or52z13, Or52z14, Or55b10, Or55b3, Or55b4, Or56a3, Or56a3b, Or56a4, Or56a5, Or56b1, Or56b1b, Or56b2, Or56b2j, Or56b34, Or56b35, Or56b6, Or5a1, Or5a3, Or5ac15, Or5ac16, Or5ac17, Or5ac19, Or5ac20, Or5ac21, Or5ac22, Or5ac23, Or5ac24, Or5ac25, Or5ae1, Or5ae2, Or5af1, Or5af2, Or5ak20, Or5ak22, Or5ak23, Or5ak24, Or5ak25, Or5ak4, Or5al1, Or5al5, Or5al6, Or5al7, Or5an1, Or5an10, Or5an11, Or5an1b, Or5an1c, Or5an6, Or5an9, Or5ap2, Or5aq1, Or5aq1b, Or5aq6, Or5aq7, Or5ar1, Or5as1, Or5au1, Or5b101, Or5b102, Or5b104, Or5b105, Or5b106, Or5b107, Or5b108, Or5b109, Or5b111, Or5b112, Or5b113, Or5b116, Or5b117, Or5b118, Or5b119, Or5b12, Or5b120, Or5b121, Or5b122, Or5b123, Or5b124, Or5b12b, Or5b21, Or5b24, Or5b3, Or5b94, Or5b95, Or5b96, Or5b97, Or5b98, Or5b99, Or5bb10, Or5be3, Or5bh3, Or5bw2, Or5c1, Or5d14, Or5d16, Or5d18, Or5d20, Or5d3, Or5d35, Or5d36, Or5d37, Or5d38, Or5d39, Or5d40, Or5d41, Or5d43, Or5d44, Or5d45, Or5d46, Or5d47, Or5e1, Or5g23, Or5g25, Or5g26, Or5g27, Or5g29, Or5g9, Or5h17, Or5h18, Or5h19, Or5h22, Or5h23, Or5h24-ps1, Or5h25, Or5h26, Or5i1, Or5j1, Or5j3, Or5k1, Or5k14, Or5k15, Or5k16, Or5k17, Or5k1b, Or5k3, Or5l13, Or5l14, Or5m10, Or5m10b, Or5m11b, Or5m12, Or5m13, Or5m13b, Or5m3, Or5m3b, Or5m5, Or5m8, Or5m9, Or5m9b, Or5o1, Or5p1, Or5p4, Or5p5, Or5p50, Or5p51, Or5p52, Or5p53, Or5p54, Or5p55, Or5p56, Or5p57, Or5p58, Or5p59, Or5p5c-ps1, Or5p6, Or5p60, Or5p61, Or5p62, Or5p63, Or5p64, Or5p66, Or5p67, Or5p68, Or5p69, Or5p70, Or5p72, Or5p73, Or5p76, Or5p78, Or5p79, Or5p80, Or5p81, Or5t15, Or5t16, Or5t17, Or5t18, Or5t5, Or5t7, Or5t9, Or5v1, Or5v1b, Or5w1, Or5w10, Or5w11, Or5w12, Or5w13, Or5w14, Or5w15, Or5w16, Or5w17, Or5w18, Or5w19, Or5w1b, Or5w20, Or5w22, Or5w8, Or6a2, Or6aa1, Or6ae1, Or6b1, Or6b13, Or6b2, Or6b2b, Or6b3, Or6b6, Or6b9, Or6c1, Or6c1b, Or6c2, Or6c200-ps1, Or6c201, Or6c202, Or6c203, Or6c205, Or6c206, Or6c207, Or6c208, Or6c209, Or6c210, Or6c211, Or6c212, Or6c213, Or6c214, Or6c215, Or6c216, Or6c217, Or6c219, Or6c2b, Or6c3, Or6c33, Or6c35, Or6c38, Or6c3b, Or6c5, Or6c5c, Or6c6, Or6c63-ps1, Or6c65, Or6c66, Or6c66b, Or6c68, Or6c69, Or6c69b, Or6c69c, Or6c6b, Or6c6c, Or6c70, Or6c74, Or6c75, Or6c76, Or6c76b, Or6c8, Or6c88, Or6c8b, Or6d12, Or6d13, Or6d14, Or6d15, Or6e1, Or6f1, Or6f2, Or6k14, Or6k2, Or6k4, Or6k6, Or6k8, Or6n1, Or6n2, Or6p1, Or6s1, Or6x1, Or6y1, Or6z1, Or6z3, Or6z5, Or6z6, Or6z7, Or7a35, Or7a36, Or7a37, Or7a38, Or7a39, Or7a40, Or7a41, Or7a42, Or7c19, Or7c70, Or7d10, Or7d11, Or7d9, Or7e165, Or7e166, Or7e168, Or7e169, Or7e170, Or7e173, Or7e174, Or7e175, Or7e176, Or7e177, Or7e178, Or7g12, Or7g16, Or7g17, Or7g18, Or7g19, Or7g20, Or7g21, Or7g22, Or7g25, Or7g26, Or7g27, Or7g28, Or7g29, Or7g30, Or7g31, Or7g32, Or7g33, Or7g34, Or7g35, Or7h8, Or7r1, Or8a1, Or8a1b, Or8b1, Or8b101, Or8b12, Or8b12b, Or8b12c, Or8b12i, Or8b1b, Or8b1c, Or8b1d, Or8b3, Or8b35, Or8b36, Or8b37, Or8b38, Or8b39, Or8b3b, Or8b4, Or8b40, Or8b41, Or8b42, Or8b43, Or8b44, Or8b46, Or8b47, Or8b48, Or8b49, Or8b50, Or8b51, Or8b52, Or8b53, Or8b54, Or8b55, Or8b56, Or8b57, Or8b8, Or8b9, Or8c10, Or8c11, Or8c13, Or8c15, Or8c16, Or8c17, Or8c18, Or8c20, Or8c8, Or8c9, Or8d1, Or8d1b, Or8d2, Or8d23, Or8d2b, Or8d4, Or8d6, Or8g17, Or8g18, Or8g19, Or8g2, Or8g20, Or8g21, Or8g22, Or8g23, Or8g24, Or8g26, Or8g27, Or8g28, Or8g2b, Or8g30, Or8g32, Or8g33, Or8g34, Or8g35, Or8g36, Or8g37, Or8g4, Or8g50, Or8g51, Or8g52, Or8g53, Or8g54, Or8g55, Or8h10, Or8h6, Or8h7, Or8h8, Or8h9, Or8i2, Or8j3, Or8j3b, Or8j3c, Or8k1, Or8k16, Or8k17, Or8k18, Or8k20, Or8k22, Or8k23, Or8k24, Or8k25, Or8k27, Or8k28, Or8k3, Or8k30, Or8k32, Or8k33, Or8k35, Or8k37, Or8k38, Or8k39, Or8k3b, Or8k40, Or8k41, Or8k53, Or8s10, Or8s16, Or8s2, Or8s5, Or8s8, Or8u10, Or8u3, Or8u8, Or8u9, Or8w1, Or9a2, Or9a4, Or9a7, Or9e1, Or9g10, Or9g19, Or9g20, Or9g3, Or9g4, Or9g4b, Or9g8, Or9i1, Or9i14, Or9i16, Or9i1b, Or9i2, Or9k2, Or9k2b, Or9k7, Or9m1, Or9m1b, Or9m2, Or9q1, Or9q2, Or9r3, Or9r7, Or9s13, Or9s14, Or9s15, Or9s18, Or9s23, Or9s27, Orc3, Ormdl1, Ormdl3, Oscar, Osm, Osr1, Osr2, Ostn, Otc, Otoa, Otof, Otog, Otogl, Otop1, Otor, Otos, Otp, Otud5, Otud7b, Otulin, Otx1, Otx2, Ovol1, Ovol2, Oxr1, Oxsr1, Oxt, Oxtr, P2rx1, P2rx2, P2rx3, P2rx4, P2rx5, P2rx6, P2rx7, P2ry1, P2ry12, P2ry14, P2ry2, P3h1, P3h4, P4htm, Pacs1, Pacsin1, Padi4, Padi6, Paf1, Pafah1b1, Pag1, Pagr1a, Paip2, Pak1, Pak2, Pak3, Pak4, Pak5, Pak6, Palb2, Palm, Pals1, Pam16, Pam16l, Panct2, Pank2, Pantr2, Panx1, Panx2, Panx3, Pappa, Pappa2, Papss2, Paqr3, Pard3, Park7, Parp1, Parp2, Parp3, Parp6, Parva, Pask, Patz1, Paupar, Pawr, Pax1, Pax2, Pax3, Pax4, Pax5, Pax6, Pax7, Pax8, Paxip1, Pbld1, Pbld2, Pbrm1, Pbx1, Pbx2, Pbx3, Pbx4, Pbxip1, Pcare, Pcdh12, Pcdh15, Pcdh17, Pcdh18, Pcdh8, Pcdha8, Pcdha9, Pcdhac2, Pcgf2, Pcid2, Pck1, Pck2, Pclo, Pcm1, Pcna, Pcnt, Pcp4, Pcsk1, Pcsk1n, Pcsk2, Pcsk5, Pcsk6, Pcsk9, Pctp, Pcyt1a, Pcyt1b, Pdc, Pdcd1, Pdcd10, Pdcd1lg2, Pdcd4, Pdcd6, Pdcl, Pdcl3, Pde1b, Pde1c, Pde2a, Pde3a, Pde3b, Pde4a, Pde4b, Pde4d, Pde5a, Pde6a, Pde6b, Pde6c, Pde6d, Pde6g, Pde6h, Pde8b, Pde9a, Pdgfa, Pdgfb, Pdgfc, Pdgfd, Pdgfra, Pdgfrb, Pdia2, Pdia3, Pdia4, Pdia6, Pdk4, Pdlim1, Pdlim2, Pdlim3, Pdlim4, Pdlim5, Pdlim7, Pdpk1, Pdpn, Pds5a, Pds5b, Pdss2, Pdx1, Pdyn, Pdzd11, Pdzd7, Pdzk1, Pear1, Pebp1, Pecam1, Pef1, Peg12, Peli1, Peli3, Pelo, Pemt, Penk, Per1, Per2, Per3, Percc1, Perp, Pex13, Pex2, Pex5, Pex5l, Pex7, Pf4, Pfdn1, Pfdn5, Pfkfb3, Pfn1, Pfn2, Pgam2, Pgam5, Pgap1, Pgc, Pgf, Pgk1, Pglyrp1, Pglyrp2, Pglyrp3, Pglyrp4, Pgm3, Pgr, Pgrmc1, Phactr1, Phactr4, Phb1, Phb2, Phex, Phf10, Phf14, Phf19, Phf21a, Phf24, Phf6, Phf8, Phgdh, Phlda2, Phldb1, Phldb2, Phlpp1, Phospho1, Phox2a, Phox2b, Pi16, Pi4k2a, Pi4ka, Pianp, Pias1, Pias2, Pias3, Pias4, Pibf1, Picalm, Pick1, Pierce1, Pierce2, Piezo2, Pigr, Pigt, Pik3c2a, Pik3ca, Pik3cb, Pik3cd, Pik3cg, Pik3r1, Pik3r2, Pik3r3, Pik3r6, Pikfyve, Pilrb1, Pim1, Pin1, Pin1rt1, Pinc, Pip, Pip5k1c, Pira1, Pira6, Pirb, Pirt, Pithd1, Pitpna, Pitpnb, Pitx1, Pitx2, Pitx3, Piwil2, Piwil4, Pja2, Pjvk, Pkd1, Pkd1l1, Pkd1l3, Pkd2, Pkd2l1, Pkdcc, Pkhd1, Pkhd1l1, Pkm, Pkn1, Pkn2, Pkn3, Pknox1, Pkp1, Pkp2, Pkp3, Pla2g10, Pla2g12b, Pla2g2a, Pla2g2d, Pla2g2e, Pla2g2f, Pla2g3, Pla2g4a, Pla2g5, Pla2g6, Pla2g7, Pla2r1, Plaa, Plaat1, Plaat3, Plac1, Plac8, Plag1, Plagl2, Plat, Plau, Plaur, Plcb1, Plcb2, Plcb3, Plcd1, Plcd3, Plce1, Plcg1, Plcg2, Plcl1, Plcl2, Plcz1, Pld2, Pld3, Pld4, Pld6, Plec, Plek, Plekha1, Plekha5, Plekha7, Plekhm1, Plg, Plk2, Plk4, Plk5, Pllp, Pln, Plod3, Plp1, Plpp3, Plpp4, Plpp6, Plppr1, Plppr4, Plppr5, Pls1, Pls3, Plscr1, Plscr2, Pltp, Plvap, Plxdc1, Plxna1, Plxna2, Plxna3, Plxna4, Plxnb1, Plxnb2, Plxnb3, Plxnc1, Plxnd1, Pm20d1, Pmaip1, Pmch, Pml, Pmp22, Pms2, Pnkd, Pnldc1, Pnlip, Pnliprp1, Pnliprp2, Pnoc, Pnp, Pnp2, Pnpla3, Pnpla6, Pnpt1, Poc1a, Poc1b, Poc5, Podxl, Pofut1, Pofut2, Poglut1, Pola1, Polb, Pole, Polg, Polg2, Polm, Polq, Polr1b, Polr3a, Polr3b, Polr3c, Polr3d, Polr3f, Polr3g, Pomc, Pomgnt1, Pomgnt2, Pomk, Pomt2, Pon1, Pon3, Popdc1, Popdc2, Popdc3, Por, Postn, Pou1f1, Pou2af1, Pou2f1, Pou2f2, Pou3f1, Pou3f2, Pou3f3, Pou3f4, Pou4f1, Pou4f2, Pou4f3, Pou5f1, Ppara, Ppard, Pparg, Ppargc1a, Ppargc1b, Ppcs, Ppdpf, Ppef1, Ppef2, Ppfia2, Pphln1, Ppia, Ppib, Ppil1, Ppip5k2, Ppl, Ppm1b, Ppm1f, Ppme1, Ppp1ca, Ppp1cc, Ppp1r11, Ppp1r12a, Ppp1r12b, Ppp1r12c, Ppp1r13l, Ppp1r15a, Ppp1r16b, Ppp1r1b, Ppp1r35, Ppp1r9a, Ppp1r9b, Ppp2ca, Ppp2r1a, Ppp2r3a, Ppp2r3c, Ppp2r5b, Ppp2r5d, Ppp3ca, Ppp3cb, Ppp3cc, Ppp3r1, Ppp3r2, Ppp4r4, Pprc1, Ppt1, Ppy, Pqbp1, Prag1, Pram1, Pramel7, Prap1, Prcp, Prdm1, Prdm12, Prdm13, Prdm14, Prdm16, Prdm2, Prdm6, Prdm8, Prdx1, Prdx2, Prdx3, Prdx4, Prdx5, Prelid1, Prep, Prex1, Prex2, Prf1, Prg2, Prg3, Prg4, Prickle1, Prickle2, Prickle4, Prkaa1, Prkaa2, Prkab1, Prkab2, Prkaca, Prkacb, Prkag3, Prkar1a, Prkar1b, Prkar2b, Prkca, Prkcb, Prkcd, Prkce, Prkcg, Prkch, Prkci, Prkcq, Prkcsh, Prkcz, Prkd1, Prkd2, Prkdc, Prkg1, Prkg2, Prkn, Prkra, Prkrip1, Prkx, Prl, Prl2a1, Prl2b1, Prl2c1, Prl2c2, Prl2c3, Prl2c5, Prl3a1, Prl3b1, Prl3c1, Prl3d1, Prl3d2, Prl3d3, Prl4a1, Prl5a1, Prl6a1, Prl7a1, Prl7a2, Prl7b1, Prl7c1, Prl7d1, Prl8a1, Prl8a2, Prl8a6, Prl8a8, Prl8a9, Prlh, Prlhr, Prlr, Prmt1, Prmt3, Prmt5, Prnp, Proc, Procr, Prok1, Prok2, Prokr1, Prom1, Prop1, Pros1, Prox1, Prox2, Proz, Prpf19, Prph2, Prps1, Prpsap2, Prr7, Prrc1, Prrc2b, Prrg1, Prrg2, Prrg3, Prrg4, Prrt1, Prrt2, Prrx1, Prrx2, Prss2, Prss28, Prss29, Prss56, Prss8, Prtg, Prune1, Prx, Prxl2a, Psap, Psapl1, Psd, Psen1, Psen2, Psg16, Psg17, Psg18, Psg19, Psg21, Psg22, Psg23, Psg25, Psg26, Psg27, Psg28, Pskh1, Psmb10, Psmb11, Psmc3, Psmc4, Psmg1, Psph, Pspn, Ptafr, Ptbp1, Ptbp3, Ptcd2, Ptch1, Ptch2, Ptchd1, Pten, Ptf1a, Ptgdr, Ptgdr2, Ptgds, Ptger2, Ptger3, Ptger4, Ptges, Ptges3, Ptgis, Ptgs1, Ptgs2, Pth, Pth1r, Pth2r, Pthlh, Ptk2, Ptk2b, Ptk6, Ptk7, Ptn, Ptp4a3, Ptpn1, Ptpn11, Ptpn13, Ptpn14, Ptpn18, Ptpn2, Ptpn20, Ptpn22, Ptpn23, Ptpn3, Ptpn5, Ptpn6, Ptpn9, Ptpra, Ptprb, Ptprc, Ptprd, Ptpre, Ptprf, Ptprg, Ptprh, Ptprj, Ptprk, Ptprm, Ptprn, Ptpro, Ptprq, Ptprr, Ptprs, Ptprt, Ptpru, Ptprv, Ptprz1, Ptx3, Pum1, Pum2, Pura, Pwwp2b, Pxdn, Pxn, Pycard, Pygo1, Pygo2, Pyy, Pzp, Qars1, Qki, Qrfp, Qrich1, Rab10, Rab11a, Rab11b, Rab11fip1, Rab11fip3, Rab11fip5, Rab13, Rab14, Rab17, Rab18, Rab1a, Rab21, Rab23, Rab25, Rab26, Rab27a, Rab29, Rab2b, Rab33b, Rab35, Rab3a, Rab3d, Rab3gap1, Rab44, Rab5a, Rab7, Rab7b, Rab8a, Rab8b, Rabgef1, Rabl2, Rabl3, Rac1, Rac2, Rac3, Racgap1, Rack1, Rad21, Rad21l, Rad23b, Rad51b, Rad54b, Rad54l, Raet1b, Raf1, Rag1, Rag2, Rai1, Rala, Ramp1, Ramp2, Ramp3, Ranbp1, Ranbp3l, Rangrf, Rap1a, Rap1gap, Rap1gap2, Rap1gds1, Rap2a, Rap2b, Rapgef1, Rapgef2, Rapgef3, Rapgef4, Raph1, Rara, Rarb, Rarg, Rarres2, Rasa1, Rasa3, Rasal1, Rasal2, Rasal3, Rasd2, Rasgrf1, Rasgrp1, Rasip1, Rasl10b, Rassf10, Rassf2, Rassf5, Rax, Rb1, Rb1cc1, Rbbp4, Rbbp6, Rbbp7, Rbbp8, Rbbp9, Rbfox1, Rbfox2, Rbfox3, Rbm10, Rbm14, Rbm15, Rbm19, Rbm20, Rbm24, Rbm45, Rbm46, Rbm47, Rbmy, Rbmyf1, Rbmyf2, Rbmyf3, Rbmyf5, Rbmyf6, Rbmyf7, Rbmyf8, Rbmyf9, Rbp1, Rbp4, Rbpj, Rbpms2, Rbx1, Rbx1-ps, Rc3h1, Rc3h2, Rcan1, Rcan2, Rcbtb2, Rcn1, Rcn3, Rcor1, Rcsd1, Rcvrn, Rd3, Rdh10, Rdh11, Rdh12, Rdh13, Rdh5, Rdh8, Rec8, Reck, Recql4, Reep2, Reep6, Reg1, Reg2, Reg3a, Reg3g, Rel, Rela, Relb, Reln, Rem1, Ren1, Ren2, Reno1, Rere, Resp18, Rest, Ret, Retn, Retreg1, Retreg3, Rflna, Rflnb, Rfng, Rftn1, Rfx3, Rfx4, Rfx6, Rgcc, Rgma, Rgn, Rgr, Rgs14, Rgs2, Rgs21, Rgs4, Rgs6, Rgs9, Rgs9bp, Rhag, Rhbdd3, Rhd, Rheb, Rho, Rhoa, Rhob, Rhobtb3, Rhog, Rhoh, Rhoj, Rhpn1, Rhpn2, Rian, Ric8a, Ric8b, Rictor, Rif1, Rigi, Rims1, Rims2, Rin1, Rin2, Ring1, Riok3, Riox1, Ripk1, Ripk2, Ripk3, Ripor2, Ripply1, Ripply2, Ripply3, Rit2, Rita1, Rlbp1, Rln1, Rmi1, Rmrp, Rnase10, Rnaseh2b, Rnd1, Rnd2, Rnf10, Rnf111, Rnf112, Rnf125, Rnf128, Rnf135, Rnf157, Rnf168, Rnf170, Rnf180, Rnf19b, Rnf2, Rnf207, Rnf213, Rnf216, Rnf220, Rnf26, Rnf26rt, Rnf41, Rnf6, Rnf7, Rnf8, Rnh1, Rnls, Rnpep, Ro60, Robo1, Robo2, Robo3, Robo4, Rock1, Rock2, Rogdi, Rom1, Ror1, Ror2, Rora, Rorb, Rorc, Ros1, Rp1, Rp1l1, Rp9, Rpa1, Rpe65, Rpgr, Rpgrip1, Rpgrip1l, Rpl10, Rpl10-ps3, Rpl13, Rpl13-ps6, Rpl13a, Rpl22, Rpl24, Rpl29, Rpl38, Rpl4, Rpl7l1, Rps14, Rps17, Rps19, Rps24, Rps3, Rps6, Rps6ka1, Rps6ka2, Rps6ka6, Rps6kb1, Rps7, Rptor, Rras, Rras2, Rreb1, Rrh, Rrm1, Rrm2, Rrm2b, Rrn3, Rrp7a, Rrp8, Rs1, Rsad2, Rsc1a1, Rspo1, Rspo2, Rspo3, Rspo4, Rtca, Rtcb, Rtf1, Rtl1, Rtl4, Rtn1, Rtn2, Rtn3, Rtn4, Rtn4ip1, Rtn4r, Rtn4rl1, Rtn4rl2, Rtp1, Rtp2, Rtp3, Rtp4, Rttn, Rubie, Rufy3, Rundc1, Runx1, Runx1t1, Runx2, Runx3, Ruvbl1, Ruvbl2, Rxfp1, Rxfp2, Rxfp4, Rxra, Rxrb, Rxrg, Ryk, Ryr1, Ryr2, Ryr3, S100a1, S100a10, S100a13, S100a7a, S100a8, S100a9, S100b, S1pr1, S1pr2, S1pr3, S1pr5, S2bpcox16, Safb2, Sall1, Sall2, Sall3, Sall4, Samd11, Samd14, Samd4b, Samd7, Samd9l, Samhd1, Samsn1, Sanbr, Sap130, Sap30, Sap30l, Sarm1, Sars1, Sart1, Sart3, Sash1, Sash3, Satb1, Satb2, Sav1, Sbds, Sbno2, Scamp5, Scaper, Scarb1, Scarb2, Scarf1, Scart2, Scd1, Scel, Scg2, Scgb1a1, Schip1, Scimp, Scin, Sclt1, Scmh1, Scn10a, Scn11a, Scn1a, Scn1b, Scn2a, Scn2b, Scn3a, Scn3b, Scn4a, Scn4b, Scn5a, Scn8a, Scn9a, Scnn1a, Scnn1b, Scnn1g, Sco1, Sco2, Scpep1, Scrib, Scrt1, Scrt2, Sct, Sctr, Scube2, Scube3, Scx, Scyl1, Scyl2, Scyl3, Sdc1, Sdc2, Sdc4, Sdcbp, Sdccag8, Sdf4, Sdha, Sdhaf2, Sdk1, Sdk2, Sebox, Sec1, Sec24b, Sec24c, Sec24d, Sec61a1, Sec63, Secisbp2, Seh1l, Selenoi, Selenok, Selenom, Selenon, Selenop, Selenos, Selenow, Selp, Selplg, Sema3a, Sema3b, Sema3c, Sema3d, Sema3e, Sema3f, Sema3g, Sema4a, Sema4b, Sema4c, Sema4d, Sema4f, Sema4g, Sema5a, Sema5b, Sema6a, Sema6b, Sema6c, Sema6d, Sema7a, Senp1, Senp2, Septin14, Septin2, Septin4, Septin5, Septin7, Serinc5, Serp1, Serpina10, Serpina1b, Serpina5, Serpina7, Serpinb1a, Serpinb1b, Serpinb1c, Serpinb5, Serpinb6a, Serpinb6b, Serpinb6c, Serpinb6d, Serpinb6e, Serpinb7, Serpinc1, Serpind1, Serpine1, Serpine2, Serpinf1, Serpinf2, Serping1, Serpinh1, Serpini1, Setd1a, Setd2, Setd3, Setd4, Setd5, Setd6, Setdb1, Setdb2, Setx, Sez6, Sez6l, Sez6l2, Sf1, Sf3a2, Sf3b1, Sf3b6, Sfmbt1, Sfn, Sfrp1, Sfrp2, Sfrp4, Sfrp5, Sfta3, Sftpa1, Sftpb, Sftpc, Sftpd, Sfxn1, Sfxn5, Sgca, Sgcb, Sgcd, Sgcg, Sgcz, Sgf29, Sgip1, Sgk1, Sgms1os1, Sgms2, Sgpl1, Sgpp1, Sgsh, Sh2b2, Sh2b3, Sh2d1a, Sh2d1b1, Sh2d1b2, Sh2d2a, Sh3gl1, Sh3gl2, Sh3gl3, Sh3glb1, Sh3kbp1, Sh3pxd2a, Sh3pxd2b, Sh3rf1, Sh3tc2, Shank1, Shank2, Shank3, Sharpin, Shb, Shc1, Shc3, Shh, Shisa6, Shisa7, Shisa8, Shisa9, Shld1, Shld2, Shld3, Shoc2, Shox2, Shpk, Shroom2, Shroom3, Shroom4, Shtn1, Siah1a, Sidt2, Sigirr, Siglec1, Siglec15, Siglecg, Sigmar1, Sik1, Sik3, Sim1, Sim2, Sin3a, Sin3b, Sinhcaf, Sipa1l1, Sipa1l3, Sirpa, Sirt1, Sirt2, Sirt6, Sirt7, Sit1, Siva1, Six1, Six2, Six3, Six3os1, Six4, Six5, Six6, Skap2, Ski, Skic8, Skil, Skint1, Skint10, Skint11, Skint2, Skint3, Skint4, Skint5, Skint6, Skint7, Skint8, Skint9, Skor2, Sla2, Slamf1, Slamf6, Slamf7, Slamf8, Slamf9, Slc10a4, Slc10a7, Slc11a1, Slc11a2, Slc12a1, Slc12a2, Slc12a3, Slc12a5, Slc15a2, Slc15a4, Slc16a1, Slc16a2, Slc17a6, Slc17a7, Slc17a8, Slc18a2, Slc19a1, Slc1a1, Slc1a2, Slc1a3, Slc1a4, Slc1a5, Slc1a7, Slc20a2, Slc22a1, Slc22a2, Slc22a21, Slc22a5, Slc22a6, Slc23a1, Slc23a2, Slc24a1, Slc24a2, Slc24a3, Slc24a4, Slc25a12, Slc25a20, Slc25a23, Slc25a25, Slc25a34, Slc25a38, Slc25a4, Slc25a40, Slc25a44, Slc25a46, Slc25a5, Slc26a2, Slc26a5, Slc26a6, Slc26a7, Slc27a1, Slc27a4, Slc28a2, Slc28a2b, Slc28a3, Slc29a1, Slc2a1, Slc2a10, Slc2a12, Slc2a4, Slc2a5, Slc30a1, Slc31a1, Slc32a1, Slc34a1, Slc34a2, Slc35d1, Slc35d3, Slc35e2, Slc37a4, Slc38a1, Slc38a10, Slc38a2, Slc38a3, Slc38a8, Slc39a1, Slc39a10, Slc39a12, Slc39a14, Slc39a3, Slc39a5, Slc39a6, Slc39a7, Slc39a8, Slc40a1, Slc44a4, Slc45a2, Slc45a3, Slc46a2, Slc48a1, Slc4a1, Slc4a10, Slc4a2, Slc4a3, Slc4a5, Slc4a7, Slc4a8, Slc4a9, Slc52a3, Slc5a1, Slc5a2, Slc5a3, Slc5a6, Slc5a7, Slc6a1, Slc6a17, Slc6a18, Slc6a2, Slc6a3, Slc6a4, Slc7a1, Slc7a11, Slc7a2, Slc7a5, Slc8a1, Slc8a2, Slc8a3, Slc9a1, Slc9a4, Slc9a6, Slc9b2, Slco1a5, Slco1a6, Slco1b2, Slfn1, Slfn2, Slit1, Slit2, Slit3, Slitrk1, Slitrk2, Slitrk3, Slitrk4, Slitrk5, Slitrk6, Sln, Slurp1, Smad1, Smad2, Smad3, Smad4, Smad5, Smad6, Smad7, Smad9, Smap1, Smarca1, Smarca2, Smarca4, Smarca5, Smarcb1, Smarcc1, Smarcc2, Smarcd1, Smarcd2, Smarcd3, Smarce1, Smc1a, Smc3, Smc5, Smchd1, Smcp, Smg9, Smim14, Smim45, Smn1, Smo, Smoc1, Smoc2, Smpd3, Smpd4, Smr2, Smr2l, Smr3a, Smtn, Smtnl1, Smurf1, Smurf2, Smyd1, Smyd2, Smyd4, Snai1, Snai2, Snap23, Snap25, Snap91, Snapin, Snca, Sncg, Snhg15, Snhg20, Snorc, Snph, Snta1, Snw1, Snx1, Snx10, Snx17, Snx19, Snx27, Snx3, Snx4, Snx5, Soat1, Soat2, Sobp, Socs1, Socs2, Socs3, Socs5, Socs6, Socs7, Sod1, Sod2, Sod3, Sohlh1, Sohlh2, Sorbs2, Sorcs3, Sorl1, Sort1, Sos1, Sos2, Sost, Sostdc1, Sox1, Sox10, Sox11, Sox12, Sox13, Sox14, Sox15, Sox17, Sox18, Sox2, Sox21, Sox3, Sox4, Sox5, Sox6, Sox7, Sox8, Sox9, Sp1, Sp100, Sp2, Sp3, Sp4, Sp5, Sp7, Sp8, Sp9, Spaar, Spag11a, Spag16, Spag6, Spag6l, Spag9, Sparc, Spart, Spast, Spata2, Spata22, Spata7, Spdef, Specc1, Specc1l, Spef2, Speg, Spem1, Spem3, Spen, Spg11, Spg21, Sphk1, Sphk2, Spi1, Spib, Spic, Spink2, Spink7, Spinkl, Spint1, Spint2, Spire1, Spn, Spns2, Spo11, Spock1, Spon2, Spp1, Spp2, Spr, Spred1, Spred2, Spred3, Sprr1a, Sprr1b, Sprr2a1, Sprr2b, Sprr2d, Sprr2e, Sprr2f, Sprr2g, Sprr2h, Sprr2i, Sprr2k, Sprr3, Sprr4, Spry1, Spry2, Spry3, Spsb3, Spta1, Sptbn1, Sptbn2, Sptbn4, Spx, Sqstm1, Src, Srcin1, Srd5a2, Srebf1, Srebf2, Srf, Srgap2, Srgap3, Srgn, Sri, Srl, Srp54a, Srpk2, Srpx2, Srrm4, Srrt, Srsf1, Srsf6, Sry, Ss18, Ss18l1, Ssbp3, Ssc5d, Ssh1, Ssna1, Ssr2, Sstr1, Sstr2, Sstr3, St14, St3gal1, St3gal4, St6galnac1, St8sia2, St8sia6, Stab1, Stac, Stac2, Stac3, Stag2, Stap1, Star, Stard13, Stard7, Stat1, Stat3, Stat4, Stat5a, Stat5b, Stat6, Stau2, Stc1, Stc2, Stil, Stim1, Sting1, Stk11, Stk24, Stk25, Stk3, Stk36, Stk39, Stk4, Stk40, Stmn1, Stmn2, Stmn3, Stmn4, Stmp1, Stoml2, Stox1, Stox2, Stra6, Strap, Strbp, Strc, Strit1, Strn, Sts, Stub1, Stx11, Stx1a, Stx1b, Stx2, Stx3, Stx4a, Stxbp1, Stxbp2, Stxbp3, Stxbp5, Styxl1, Sucnr1, Suco, Suds3, Sufu, Sulf1, Sulf2, Sult1e1, Sult2b1, Sult4a1, Sumo1, Sun1, Sun2, Supt20, Supt6, Suv39h1, Suz12, Svbp, Svep1, Svet1, Svs3a, Swap70, Sybu, Sycp2, Syde1, Syf2, Syk, Syn1, Syna, Synb, Syndig1, Syne2, Syngap1, Synj1, Synj2bp, Synm, Synpo, Synpo2l, Sypl2, Syt1, Syt10, Syt11, Syt17, Syt2, Syt3, Syt4, Syt7, Sytl2, Syvn1, Szt2, T, T2, Taar3, Taar4, Taar5, Taar7f, Tab1, Tab2, Tac1, Tac2, Tac4, Tacc1, Tacc2, Tacc3, Taco1, Tacr1, Tacr2, Tacr3, Tacstd2, Tada2a, Tada3, Taf10, Taf4, Taf5l, Taf6l, Taf8, Tafa1, Tafa2, Tafa3, Tafa4, Tafa5, Tafazzin, Tal1, Tal2, Tanc1, Tanc2, Tank, Taok1, Taok2, Taok3, Tapt1, Tarbp2, Tarm1, Tas1r1, Tas1r2, Tas1r3, Tas2r102, Tas2r103, Tas2r104, Tas2r105, Tas2r106, Tas2r107, Tas2r108, Tas2r109, Tas2r110, Tas2r113, Tas2r114, Tas2r115, Tas2r116, Tas2r117, Tas2r118, Tas2r119, Tas2r120, Tas2r121, Tas2r122, Tas2r123, Tas2r124, Tas2r125, Tas2r126, Tas2r129, Tas2r130, Tas2r131, Tas2r134, Tas2r135, Tas2r136, Tas2r137, Tas2r138, Tas2r139, Tas2r140, Tas2r143, Tas2r144, Tasor, Tbc1d10c, Tbc1d20, Tbc1d23, Tbc1d24, Tbc1d32, Tbc1d8b, Tbcb, Tbcd, Tbce, Tbk1, Tbl1x, Tbl1xr1, Tbr1, Tbx1, Tbx15, Tbx18, Tbx19, Tbx2, Tbx20, Tbx21, Tbx3, Tbx4, Tbx5, Tbx6, Tbxa2r, Tbxas1, Tcap, Tcea1, Tcf12, Tcf15, Tcf21, Tcf23, Tcf3, Tcf4, Tcf7, Tcf7l1, Tcf7l2, Tcim, Tcirg1, Tcl1, Tcof1, Tcp11, Tcp11x2, Tcra, Tcra-V3.1, Tcrb, Tcta, Tctn1, Tdg, Tdp2, Tdrd1, Tdrd5, Tdrd6, Tdrd7, Tdrkh, Tead1, Tead2, Tead3, Tead4, Tec, Tecta, Tectb, Tek, Tekt3, Tekt4, Tenm1, Tenm2, Tenm3, Tenm4, Tent5a, Tent5c, Terc, Terf2, Tert, Tesc, Tescl, Tesk1, Tespa1, Tet1, Tet2, Tex101, Tex11, Tex15, Tex19.1, Tex19.2, Tfap2a, Tfap2b, Tfap2c, Tfap2d, Tfap4, Tfcp2l1, Tfe3, Tfeb, Tff1, Tff2, Tff3, Tfpi, Tfpi2, Tfpt, Tfr2, Tfrc, Tg, Tgfa, Tgfb1, Tgfb1i1, Tgfb2, Tgfb3, Tgfbi, Tgfbr1, Tgfbr2, Tgfbr3, Tgif1, Tgif2, Tgm1, Tgm2, Tgm3, Tgm4, Th, Thap11, Thbd, Thbs1, Thbs2, Thbs3, Thbs4, Themis, Themis2, Thoc2, Thoc2l, Thoc5, Thoc6, Thpo, Thra, Thrb, Thsd7a, Thy1, Tia1, Tiam1, Tiam2, Ticam1, Ticam2, Tie1, Tifab, Tigar, Tigit, Timd2, Timd5, Timd6, Timeless, Timp1, Timp2, Timp3, Tiparp, Tirap, Tjp1, Tjp2, Tjp3, Tle3, Tle5, Tle6, Tll1, Tll2, Tlr1, Tlr2, Tlr3, Tlr4, Tlr5, Tlr6, Tlr7, Tlr8, Tlr9, Tlx1, Tlx2, Tlx3, Tm4sf1, Tm9sf5, Tmbim1, Tmbim4, Tmc1, Tmc2, Tmc4, Tmc7, Tmco1, Tmed10, Tmed10-ps, Tmed2, Tmem100, Tmem106a, Tmem106b, Tmem107, Tmem108, Tmem119, Tmem120a, Tmem126a, Tmem131l, Tmem132e, Tmem135, Tmem14c, Tmem150c, Tmem161b, Tmem163, Tmem176a, Tmem176b, Tmem178, Tmem18, Tmem184a, Tmem204, Tmem215, Tmem229b, Tmem231, Tmem25, Tmem30a, Tmem38a, Tmem38b, Tmem41b, Tmem53, Tmem59l, Tmem63a, Tmem63b, Tmem63c, Tmem64, Tmem65, Tmem67, Tmem74, Tmem79, Tmem87a, Tmem94, Tmem98, Tmf1, Tmie, Tmigd1, Tmod1, Tmod2, Tmod3, Tmod4, Tmprss11e, Tmprss12, Tmprss3, Tmprss6, Tmt1a, Tmt1a2, Tmt1a3, Tmtc3, Tmtc4, Tmx1, Tmx2, Tnc, Tnf, Tnfaip2, Tnfaip3, Tnfaip6, Tnfaip8, Tnfaip8l2, Tnfrsf10b, Tnfrsf11a, Tnfrsf11b, Tnfrsf12a, Tnfrsf13b, Tnfrsf13c, Tnfrsf14, Tnfrsf17, Tnfrsf19, Tnfrsf1a, Tnfrsf1b, Tnfrsf21, Tnfrsf4, Tnfrsf8, Tnfrsf9, Tnfsf10, Tnfsf11, Tnfsf12, Tnfsf13, Tnfsf13b, Tnfsf14, Tnfsf15, Tnfsf18, Tnfsf4, Tnfsf8, Tnfsf9, Tnik, Tnip2, Tnks2, Tnmd, Tnn, Tnnc1, Tnnc2, Tnni1, Tnni2, Tnni3, Tnni3k, Tnnt1, Tnnt2, Tnnt3, Tnp2, Tnr, Tnrc6c, Tns2, Tns3, Tnxb, Tob1, Tob2, Tomm70a, Tomt, Top1, Top2a, Top2b, Tor1a, Tox, Tpbg, Tpcn2, Tpd52, Tpgs1, Tph1, Tpi1, Tpm1, Tpm2, Tpm3, Tpm3-rs7, Tpm4, Tpo, Tpp1, Tppp, Tppp3, Tpra1, Tprn, Tpsab1, Tpst2, Tpt1, Tra2b, Tradd, Traf2, Traf3, Traf3ip1, Traf3ip2, Traf3ip3, Traf4, Traf6, Traip, Traj18, Trak1, Trak2, Trappc2, Trappc4, Trappc6b, Trappc9, Trdn, Trem1, Trem2, Trem3, Treml1, Treml2, Trex1, Trf, Trgc1, Trh, Trib1, Trib2, Tril, Trim10, Trim11, Trim15, Trim27, Trim28, Trim30a, Trim32, Trim38, Trim45, Trim46, Trim47, Trim55, Trim56, Trim58, Trim6, Trim62, Trim63, Trim65, Trim67, Trim71, Trim72, Trim8, Trio, Triobp, Trip10, Trip11, Trip12, Trip6, Trmt1l, Trnp1, Trp53, Trp53bp1, Trp53bp2, Trp53inp2, Trp63, Trp73, Trpa1, Trpc1, Trpc2, Trpc3, Trpc4, Trpc4ap, Trpc5, Trpc6, Trpm1, Trpm2, Trpm4, Trpm7, Trpm8, Trps1, Trpv1, Trpv2, Trpv3, Trpv4, Trpv5, Trpv6, Tsc1, Tsc2, Tsc22d1, Tsc22d3, Tsc22d4, Tshr, Tshz1, Tshz3, Tsku, Tslp, Tspan12, Tspan18, Tspan2, Tspan32, Tspan8, Tspan9, Tspear, Tspo, Tspo2, Tsx, Ttbk1, Ttbk2, Ttc21b, Ttc3, Ttc36, Ttc39c, Ttc8, Ttc9, Ttl, Ttll1, Ttll4, Ttll5, Ttll7, Ttn, Ttpa, Ttr, Ttyh1, Tub, Tuba1a, Tuba3a, Tuba3b, Tubb1, Tubb2a, Tubb2b, Tubb3, Tubgcp2, Tug1, Tulp1, Tulp3, Tunar, Tusc2, Tusc3, Tut4, Twf1, Twf2, Twist1, Twist2, Twsg1, Txk, Txlna, Txlng, Txnrd1, Txnrd2, Txnrd3, Tyk2, Tymp, Tyms, Tyr, Tyro3, Tyrobp, Uap1, Uba5, Uba6, Ubap2l, Ubash3a, Ubash3b, Ubb, Ubd, Ube2a, Ube2b, Ube2j1, Ube2m, Ube2q1, Ube2v2, Ube3a, Ube3b, Ube4b, Ubiad1, Ubp1, Ubr3, Ubr5, Ubtfl1, Uchl1, Uchl3, Uchl5, Ucma, Ucn, Ucn2, Ucn3, Ucp1, Ucp2, Ufc1, Ufd1, Ufl1, Ufm1, Ufsp2, Ugcg, Ugdh, Ugp2, Ugt1a1, Ugt1a7c, Ugt1a8, Ugt1a9, Ugt2a1, Ugt8a, Uhmk1, Ulbp1, Ulbp3, Ulk1, Ulk2, Ulk3, Ulk4, Umod, Umodl1, Umps, Unc119, Unc119b, Unc13a, Unc13b, Unc13d, Unc45b, Unc5a, Unc5b, Unc5c, Unc5d, Unc79, Unc93b1, Uncx, Ung, Unk, Upb1, Upf2, Upf3a, Upf3b, Upk3a, Uprt, Uqcrq, Usf3, Ush1c, Ush1g, Ush2a, Uso1, Usp1, Usp17lc, Usp19, Usp2, Usp20, Usp21, Usp22, Usp25, Usp33, Usp44, Usp45, Usp46, Usp50, Usp53, Usp9x, Uspl1, Ust, Utp11, Utp25, Utp3, Uts2, Uts2b, Uts2r, Uty, V1ra8, Vamp2, Vamp7, Vamp8, Vangl1, Vangl2, Vapa, Vash1, Vash2, Vasn, Vasp, Vav1, Vav2, Vav3, Vax1, Vax2, Vax2os, Vcam1, Vcan, Vcl, Vdac1, Vdac3, Vdr, Vegfa, Vegfb, Vegfc, Vegfd, Vezf1, Vezt, Vgf, Vgll4, Vhl, Vil1, Vim, Vip, Vit, Vkorc1, Vldlr, Vmn1r10, Vmn1r11, Vmn1r13, Vmn1r14, Vmn1r15, Vmn1r239-ps, Vmn1r25, Vmn1r29, Vmn1r30, Vmn1r40, Vmn1r41, Vmn1r42, Vmn1r43, Vmn1r44, Vmn1r45, Vmn1r46, Vmn1r47, Vmn1r48, Vmn1r49, Vmn1r50, Vmn1r51, Vmn1r52, Vmn1r53, Vmn1r54, Vmn2r1, Vmn2r116, Vmn2r120, Vmn2r26, Vmn2r65, Vmn2r81, Vmn2r82, Vmn2r83, Vmp1, Vnn1, Vpreb1a, Vpreb1b, Vps13a, Vps13b, Vps33b, Vps35, Vps4a, Vps4b, Vps51, Vps52, Vps54, Vps72, Vrk1, Vsig1, Vsig4, Vsir, Vstm4, Vstm5, Vsx1, Vsx2, Vtcn1, Vti1a, Vtn, Vwa1, Vwc2, Vwc2l, Vwf, Vxn, Wars1, Wars2, Was, Wasf1, Wasf2, Wasf3, Washc1, Washc4, Washc5, Wasl, Wbp2nl, Wdfy4, Wdpcp, Wdr1, Wdr11, Wdr19, Wdr35, Wdr36, Wdr37, Wdr43, Wdr47, Wdr48, Wdr5, Wdr62, Wdr74, Wdr77, Wdr83, Wdr89, Wdtc1, Wee1, Wfikkn1, Wfikkn2, Wfs1, Whrn, Wls, Wnk1, Wnk3, Wnk4, Wnt1, Wnt10a, Wnt10b, Wnt11, Wnt16, Wnt2, Wnt2b, Wnt3, Wnt3a, Wnt4, Wnt5a, Wnt5b, Wnt6, Wnt7a, Wnt7b, Wnt8a, Wnt8b, Wnt9a, Wnt9b, Wrn, Wt1, Wwc1, Wwc2, Wwox, Wwp1, Wwtr1, Xab2, Xaf1, Xbp1, Xcl1, Xdh, Xiap, Xirp1, Xirp2, Xist, Xk, Xkr8, Xlr3b, Xpa, Xpnpep3, Xrcc1, Xrcc2, Xrcc4, Xrcc5, Xrcc6, Xrn2, Xylt1, Yap1, Ybx1, Ybx2, Ybx3, Yeats2, Yipf6, Yjefn3, Yme1l1, Ypel4, Ythdc1, Ythdf1, Ythdf2, Ythdf3, Ywhae, Ywhag, Ywhah, Ywhaz, Yy1, Zap70, Zbed3, Zbed6, Zbtb1, Zbtb12, Zbtb14, Zbtb16, Zbtb17, Zbtb18, Zbtb2, Zbtb20, Zbtb24, Zbtb25, Zbtb26, Zbtb32, Zbtb33, Zbtb34, Zbtb37, Zbtb39, Zbtb45, Zbtb46, Zbtb49, Zbtb6, Zbtb7a, Zbtb7b, Zc3h12a, Zc3h12d, Zc3h13, Zc3h8, Zc3hav1, Zc4h2, Zcchc24, Zcchc3, Zdhhc12, Zdhhc15, Zdhhc16, Zdhhc17, Zdhhc2, Zdhhc21, Zdhhc8, Zeb1, Zeb2, Zfand5, Zfas1, Zfat, Zfhx2, Zfhx3, Zfp1006, Zfp131, Zfp14, Zfp157, Zfp212, Zfp219, Zfp24, Zfp251, Zfp281, Zfp287, Zfp296, Zfp3, Zfp322a, Zfp335, Zfp35, Zfp354c, Zfp36, Zfp365, Zfp36l1, Zfp36l2, Zfp385a, Zfp418, Zfp42, Zfp420, Zfp423, Zfp488, Zfp513, Zfp516, Zfp521, Zfp536, Zfp568, Zfp580, Zfp608, Zfp609, Zfp640, Zfp683, Zfp703, Zfp706, Zfp750, Zfp800, Zfp804a, Zfp830, Zfp932, Zfp950, Zfp958, Zfp973, Zfpm1, Zfpm2, Zfx, Zfyve19, Zfyve27, Zg16, Zhx2, Zhx3, Zic1, Zic2, Zic3, Zic4, Zic5, Zmiz1, Zmpste24, Zmynd8, Zng1, Znhit1, Znrf3, Zp1, Zp2, Zp3, Zpr1, Zscan4a, Zscan4b, Zswim6, Zzef1, Zzz3
GO:0016071	mRNA metabolic process	772	27	11.25	3.0e-05	0.006714782608695653	A1cf, Aar2, Acin1, Adam3, Adar, Adarb1, Adarb2, Aff2, Ago1, Ago2, Ago3, Ago4, Ahcyl1, Aicda, Akap17b, Akap8l, Akr1c6, Alkbh5, Alyref, Alyref2, Angel2, Anxa2, Ap3b1, Apex1, Aplp1, Apobec1, Apobec2, Apobec4, App, Aqr, Arb2a, Arglu1, Arid5a, Arl6ip4, Armc7, Arvcf, Atf2, Atf4, Atm, Atxn2l, Axin2, Bag4, BC005624, Bcas2, Boll, Brdt, Brf1, Btg2, Bud13, Bud31, C1qbp, C5ar1, Cacng7, Cactin, Calcr, Caprin1, Carhsp1, Casc3, Cbll1, Ccar2, Ccnb1, Cd2bp2, Cdc40, Cdc5l, Cdc5lrt1, Cdc5lrt10, Cdc5lrt4, Cdc5lrt5, Cdc5lrt6, Cdc5lrt7, Cdc5lrt8, Cdc5lrt9, Cdc73, Cdk12, Cdk13, Cdk9, Cebpg, Celf1, Celf2, Celf3, Celf4, Celf5, Celf6, Cenatac, Chd8, Cir1, Cirbp, Clasrp, Clns1a, Clp1, Cmtr1, Cmtr2, Cnot1, Cnot10, Cnot2, Cnot3, Cnot6, Cnot6l, Cnot7, Cnot8, Cnot9, Coil, Cpeb1, Cpeb3, Cpsf1, Cpsf2, Cpsf3, Cpsf4, Cpsf6, Cpsf7, Creb1, Cript, Crnkl1, Csdc2, Csde1, Cstf1, Cstf2, Cstf2t, Cstf3, Ctif, Ctnnbl1, Cwc15, Cwc22, Cwc22rt1, Cwc22rt2, Cwc22rt3, Cwc22rt4, Cwc22rt5, Cwc22rt6, Cwc22rt7, Cwc25, Cwf19l1, Cwf19l2, Dazap1, Dazl, Dbr1, Dcp1a, Dcp1b, Dcp2, Dcps, Ddx1, Ddx17, Ddx20, Ddx23, Ddx39a, Ddx39b, Ddx41, Ddx42, Ddx46, Ddx47, Ddx5, Dhx15, Dhx16, Dhx34, Dhx36, Dhx38, Dhx40, Dhx8, Dhx9, Dicer1, Dis3, Dis3l, Dis3l2, Dkc1, Dnajb11, Dnajc17, Dnd1, Dus3l, Dxo, Dyrk1a, E2f1, Ecd, Edc3, Edc4, Eftud2, Eif1, Eif3e, Eif4a3, Eif4a3l1, Eif4a3l2, Eif4enif1, Elavl1, Elavl4, Enpp1, Epas1, Ereg, Ern1, Ern2, Esrp1, Esrp2, Ess2, Etf1, Exosc10, Exosc2, Exosc3, Exosc4, Exosc5, Exosc6, Exosc7, Exosc8, Exosc9, Fam50a, Fam76b, Fastk, Fastkd1, Fastkd2, Fastkd3, Fastkd5, Fbxo24, Fip1l1, Flna, Fmr1, Foxe3, Fra10ac1, Frg1, Fto, Fus, Fxr1, Fxr2, Gas5, Gcfc2, Gdnf, Gemin2, Gemin4, Gemin5, Gemin6, Gemin6-ps, Gemin7, Gemin8, Gigyf2, Gm7324, Gpatch1, Gpkow, Grsf1, Gspt1, Gspt2, Gtpbp1, Gtpbp2, Gtsf1, Habp4, Hbs1l, Hdac7, Hipk3, Hltf, Hmx2, Hnrnpa0, Hnrnpa1, Hnrnpa2b1, Hnrnpa3, Hnrnpab, Hnrnpc, Hnrnpd, Hnrnpdl, Hnrnpf, Hnrnph1, Hnrnpk, Hnrnpl, Hnrnpll, Hnrnpm, Hnrnpr, Hnrnpu, Hnrnpul1, Hnrnpul2, Hsf1, Hspa1a, Hspa1b, Hspa8, Htatsf1, Igf2bp1, Igf2bp2, Igf2bp3, Ik, Ikbke, Ilf3, Irf3, Isy1, Ivns1abp, Iws1, Jmjd6, Kat8, Khdc4, Khdrbs1, Khdrbs2, Khdrbs3, Khsrp, Kin, Larp1, Larp4b, Larp7, Larp7-ps, Leo1, Lgals3, Lmntd2, Lncbate1, Lsm1, Lsm10, Lsm11, Lsm14b, Lsm2, Lsm3, Lsm4, Lsm5, Lsm6, Lsm7, Lsm8, Luc7l, Luc7l2, Luc7l3, Magoh, Magohb, Malat1, Mapkapk2, Mblac1, Mbnl1, Mbnl2, Mbnl3, Med1, Meioc, Mettl14, Mettl16, Mettl3, Mettl8, Mex3d, Mfap1a, Mfap1b, Mir144, Mir196a-1, Mir196a-2, Mir196b, Mir451a, Mir451b, Mir466l, Mir7578, Mirlet7b, Mirlet7c-1, Mirlet7c-2, Mlh1, Mov10, Mrto4, Mtor, Mtpap, Mtrex, Myd88, Myg1, Myod1, Nanos1, Nanos2, Nanos3, Nbas, Nbdy, Ncbp1, Ncbp2, Ncbp3, Ncl, Ncoa1, Ncoa2, Nfkbiz, Nicol1, Noct, Nol3, Nono, Nova1, Nova2, Npm1, Nr1h2, Nr1h3, Nrde2, Nsrp1, Nsun2, Nudt12, Nudt16, Nudt16l2, Nudt21, Nup98, Obi1, Pabpc1, Pabpc1l, Pabpc2, Pabpc4, Pabpn1, Pabpn1l, Paf1, Paip1, Pan2, Pan3, Papola, Papolb, Papolg, Parn, Patl1, Patl2, Paxbp1, Pcbp1, Pcbp4, Pcf11, Pcid2, Pcif1, Pde12, Pelo, Phf5a, Phrf1, Pias4, Piwil1, Piwil2, Piwil4, Pkp1, Pkp3, Plcb1, Plekhn1, Plrg1, Pnldc1, Pnn, Pnpt1, Pnrc1, Pnrc2, Polr2g, Pparg, Ppie, Ppih, Ppil1, Ppil2, Ppil3, Ppp1r8, Ppp4r2, Ppwd1, Pqbp1, Prdx6, Prdx6b, Prkaca, Prkrip1, Prmt5, Prmt7, Prmt9, Prpf18, Prpf19, Prpf3, Prpf31, Prpf38a, Prpf38b, Prpf39, Prpf4, Prpf40a, Prpf40b, Prpf4b, Prpf6, Prpf8, Prr5l, Psip1, Ptbp1, Ptbp2, Ptbp3, Ptcd2, Puf60, Pum1, Pum2, Pus1, Pus3, Pus7, Pus7l, Pym1, Qki, Raly, Ramac, Rara, Rbbp6, Rbfox1, Rbfox2, Rbfox3, Rbm10, Rbm11, Rbm14, Rbm15, Rbm15b, Rbm17, Rbm20, Rbm22, Rbm24, Rbm25, Rbm28, Rbm3, Rbm33, Rbm38, Rbm39, Rbm4, Rbm41, Rbm42, Rbm44, Rbm46, Rbm47, Rbm48, Rbm4b, Rbm5, Rbm6, Rbm7, Rbm8a, Rbm8a2, Rbmx, Rbmx2, Rbmxl1, Rbmxl2, Rbmy, Rbmyf1, Rbmyf3, Rbmyf6, Rbmyf9, Rbpms, Rbpms2, Rc3h1, Rc3h2, Rest, Rida, Rnasel, Rnf113a1, Rnf113a2, Rngtt, Rnmt, Rnpc3, Rnps1, Rock1, Rock2, Rprd1a, Rprd1b, Rprd2, Rpusd2, Rpusd3, Rpusd4, Rrp1b, Rsrc1, Rsrp1, Rxra, Rxrb, S100a10, Safb, Safb2, Samd4, Samd4b, Sap18, Sap18b, Sart1, Sart3, Scaf1, Scaf11, Scaf4, Scaf8, Scgb1a1, Scnm1, Sde2, Secisbp2, Senp1, Setx, Sf1, Sf3a1, Sf3a2, Sf3a3, Sf3b1, Sf3b2, Sf3b3, Sf3b4, Sf3b5, Sf3b6, Sfpq, Sfswap, Skic2, Skic3, Skic8, Slbp, Slc11a1, Slc39a5, Slfn14, Slirp, Sltm, Slu7, Smg1, Smg5, Smg6, Smg7, Smg8, Smg9, Smn1, Smndc1, Smu1, Snd1, Snip1, Snrnp200, Snrnp25, Snrnp27, Snrnp35, Snrnp40, Snrnp48, Snrnp70, Snrpa, Snrpa1, Snrpb, Snrpb2, Snrpc, Snrpd1, Snrpd2, Snrpd3, Snrpe, Snrpert, Snrpf, Snrpg, Snrpn, Snu13, Snw1, Son, Sp1, Srebf1, Srek1, Srek1ip1, Srpk1, Srpk2, Srpk3, Srrm1, Srrm2, Srrm4, Srrt, Srsf1, Srsf10, Srsf12, Srsf19, Srsf2, Srsf3, Srsf4, Srsf5, Srsf6, Srsf7, Srsf9, Ssb, Ssu72, Stat3, Strap, Sugp1, Sugp2, Supt6, Supv3l1, Syf2, Sympk, Syncrip, Taf1, Taf10, Taf11, Taf12, Taf13, Taf15, Taf2, Taf3, Taf4, Taf4b, Taf5, Taf6, Taf7, Taf8, Taf9, Tardbp, Tbp, Tbrg4, Tcerg1, Tdrd6, Tent2, Tent4a, Tent4b, Tent5a, Tent5b, Tent5c, Tent5d, Tesk1, Tfcp2, Tfip11, Thoc1, Thoc2, Thoc3, Thoc5, Thoc6, Thoc7, Thra, Thrap3, Thrb, Tia1, Tirap, Tnrc6a, Tnrc6b, Tnrc6c, Tob1, Tra2a, Tra2b, Traf2, Traf3ip2, Traf5, Trim71, Trmt10c, Trmt2a, Trmt6, Trmt61a, Trp53, Trub1, Trub2, Tsen15, Tsen2, Tsen34, Tsen54, Tssc4, Ttc5, Ttf2, Tut1, Tut4, Tut7, Txnl4a, Txnl4b, U2af1, U2af1l4, U2af2, Ubl5, Ubl5b, Upf1, Upf2, Upf3a, Upf3b, Usp25, Usp39, Usp4, Usp49, Vdr, Vegfa, Vim, Vip, Virma, Wbp11, Wbp4, Wdr33, Wdr77, Wdr83, Wtap, Xab2, Xrn1, Xrn2, Ybx1, Ybx2, Yju2, Yju2b, Ythdc1, Ythdf1, Ythdf2, Ythdf3, Zar1, Zbtb1, Zbtb7a, Zc3h12a, Zc3h12d, Zc3h13, Zc3h14, Zc3h3, Zc3hav1, Zcchc7, Zcchc8, Zcrb1, Zfp326, Zfp36, Zfp36l1, Zfp36l2, Zfp36l3, Zfp473, Zfp64, Zfp830, Zhx2, Zic3, Zmat2, Zmat5, Zpr1, Zranb2, Zrsr2, Zrsr2-ps1
GO:0050896	response to stimulus	10547	194	153.64	3.0e-05	0.006714782608695653	1500002F19Rik, 1600014C10Rik, 1700109H08Rik, 1700123M08Rik, 1810014B01Rik, 1810024B03Rik, 1810065E05Rik, 2210016L21Rik, 2210409D07Rik, 2310040G24Rik, 2310075C17Rik, 2410002F23Rik, 2410137M14Rik, 2610005L07Rik, 2700049A03Rik, 2810403D21Rik, 2810408A11Rik, 3300005D01Rik, 3425401B19Rik, 4833427F10Rik, 4921509C19Rik, 4930447C04Rik, 4930544G11Rik, 4933438K21Rik, 5430416N02Rik, 5730416F02Rik, 6030468B19Rik, 6330407A03Rik, 9930111J21Rik1, a, A130040M12Rik, A1bg, A2m, A330069E16Rik, A3galt2, AA467197, Aaas, Aacs, Aak1, Aanat, Aard, Aars1, Aars2, Aatf, Abat, Abca1, Abca12, Abca2, Abca3, Abca7, Abcb10, Abcb11, Abcb1a, Abcb1b, Abcb4, Abcb6, Abcc1, Abcc2, Abcc6, Abcc8, Abcc9, Abcd1, Abcd2, Abcd3, Abcd4, Abcf3, Abcg1, Abcg2, Abcg4, Abcg5, Abcg8, Abhd12, Abhd17a, Abhd2, Abhd6, Abi1, Abi2, Abi3, Abl1, Abl2, Abr, Abra, Abraxas1, Abraxas2, Abtb2, Acaa1a, Acaa1b, Acaa2, Acaca, Acacb, Acadl, Acadm, Acadvl, Acap1, Acap2, Acat1, Acbd7, Acd, Ace, Ace2, Acer1, Acer2, Acer3, Ache, Ackr1, Ackr2, Ackr3, Ackr4, Aco1, Aco2, Acod1, Acot11, Acot2, Acp3, Acp4, Acp5, Acr, Acsbg1, Acsl1, Acsl5, Acta1, Acta2, Actb, Actc1, Actg1, Actl6a, Actl6b, Actn2, Actn3, Actn4, Actr2, Actr3, Actr5, Actr8, Actrt1, Acvr1, Acvr1b, Acvr1c, Acvr2a, Acvr2b, Acvrl1, Ada, Adal, Adam10, Adam11, Adam15, Adam17, Adam2, Adam23, Adam8, Adam9, Adamts12, Adamts13, Adamts18, Adamts20, Adamts3, Adamts4, Adamts5, Adamts7, Adamts9, Adamtsl2, Adar, Adcy1, Adcy10, Adcy2, Adcy3, Adcy4, Adcy5, Adcy6, Adcy7, Adcy8, Adcy9, Adcyap1, Adcyap1r1, Add1, Add3, Adgra1, Adgra2, Adgra3, Adgrb1, Adgrb2, Adgrb3, Adgrd1, Adgre1, Adgre4, Adgre5, Adgrf1, Adgrf2, Adgrf3, Adgrf4, Adgrf5, Adgrg1, Adgrg2, Adgrg3, Adgrg4, Adgrg5, Adgrg6, Adgrg7, Adgrl1, Adgrl2, Adgrl3, Adgrl4, Adgrv1, Adh1, Adh4, Adh5, Adh7, Adipoq, Adipor1, Adipor2, Adissp, Adk, Adm, Adm2, Adnp, Ado, Adora1, Adora2a, Adora2b, Adora3, Adprs, Adra1a, Adra1b, Adra1d, Adra2a, Adra2b, Adra2c, Adrb1, Adrb2, Adrb3, Adrm1, Adsl, Adss2, Adtrp, Aen, Afap1, Afap1l2, Afdn, Aff3, Aff4, Afg2b, Afg3l1, Afg3l2, Afp, Agap2, Agap3, Agbl4, Agbl5, Ager, Agl, Ago1, Ago3, Agpat2, Agr2, Agrn, Agrp, Agt, Agtr1a, Agtr1b, Agtr2, Agtrap, Agxt, Ahcy, Ahcyl, Ahcyl1, Ahi1, Ahr, Ahrr, Ahsg, AI506816, Aicda, Aida, Aif1, Aifm1, Aifm2, Aim2, Aimp1, Aip, Aipl1, Aire, Ajap1, Ajuba, Ak4, Ak7, Akap1, Akap12, Akap13, Akap3, Akap4, Akap5, Akap6, Akap7, Akap8, Akap9, Akip1, Akirin1, Akirin2, Akna, Akr1a1, Akr1b1, Akr1c12, Akr1c13, Akr1c18, Akr1c19, Akr1c20, Akr1c6, Akt1, Akt1s1, Akt2, Akt3, Aktip, Alad, Alas1, Alas2, Alb, Alcam, Aldh18a1, Aldh1a1, Aldh1a2, Aldh1a3, Aldh1a7, Aldh2, Aldh3a1, Aldh3a2, Aldh3b1, Aldob, Alg13, Alk, Alkal1, Alkal2, Alkbh1, Alkbh2, Alkbh3, Alkbh5, Alkbh7, Alkbh8, Alms1, Alox12, Alox12b, Alox15, Alox5, Alox5ap, Alox8, Aloxe3, Alpi, Alpk1, Alpk2, Alpl, Als2, Ambn, Ambp, Ambra1, Amelx, Amer1, Amer2, Amer3, Amfr, Amh, Amhr2, Amigo1, Amot, Amotl1, Amotl2, Amy1, Anapc15, Anapc15-ps, Ang, Ang2, Ang3, Ang4, Ang5, Ang6, Angpt1, Angpt2, Angpt4, Angptl1, Angptl2, Angptl3, Angptl4, Angptl6, Angptl7, Angptl8, Ank, Ank1, Ank2, Ank3, Ankdd1b, Ankfn1, Ankhd1, Ankk1, Ankle1, Ankrd1, Ankrd11, Ankrd13c, Ankrd17, Ankrd2, Ankrd23, Ankrd26, Ankrd27, Ankrd42, Ankrd54, Ankrd6, Ankrd66, Anks1, Anks1b, Anks4b, Ankzf1, Ano1, Ano3, Ano5, Ano6, Anxa1, Anxa11, Anxa2, Anxa3, Anxa4, Anxa5, Anxa6, Anxa7, Anxa8, Aoah, Aoc3, Aox1, Aox2, Aox3, Aox4, Ap1g1, Ap1m1, Ap1s2, Ap3b1, Ap3d1, Ap5s1, Ap5z1, Apaf1, Apbb1, Apbb1ip, Apc, Apc2, Apcdd1, Apcs, Apela, Apex1, Apex2, Aph1a, Aph1b, Aph1c, Apip, Aplf, Apln, Aplnr, Aplp1, Aplp2, Apoa1, Apoa2, Apoa4, Apob, Apobec1, Apobec3, Apoc3, Apod, Apoe, Apoh, Apol11a, Apom, App, Appl1, Appl2, Aptx, Aqp1, Aqp11, Aqp2, Aqp3, Aqp4, Aqp5, Aqp8, Aqp9, Ar, Araf, Arap1, Arap2, Arap3, Arc, Areg, Arel1, Arf1, Arf4, Arf6, Arfgap1, Arfgef1, Arfgef2, Arfgef3, Arg1, Arg2, Arhgap1, Arhgap10, Arhgap11a, Arhgap12, Arhgap15, Arhgap17, Arhgap18, Arhgap19, Arhgap20, Arhgap21, Arhgap22, Arhgap23, Arhgap24, Arhgap25, Arhgap26, Arhgap27, Arhgap28, Arhgap29, Arhgap30, Arhgap31, Arhgap32, Arhgap33, Arhgap33os, Arhgap35, Arhgap36, Arhgap39, Arhgap40, Arhgap42, Arhgap44, Arhgap45, Arhgap5, Arhgap6, Arhgap8, Arhgap9, Arhgdia, Arhgdib, Arhgdig, Arhgef1, Arhgef10l, Arhgef11, Arhgef12, Arhgef16, Arhgef18, Arhgef19, Arhgef2, Arhgef28, Arhgef3, Arhgef4, Arhgef5, Arhgef6, Arhgef7, Arhgef9, Arid1a, Arid2, Arid4a, Arid4b, Arid5a, Arid5b, Ark2c, Arl13b, Arl2bp, Arl3, Arl6, Arl6ip5, Arl8b, Armc10, Armc5, Armc9, Armh4, Armt1, Arnt, Arnt2, Arpc2, Arpp21, Arr3, Arrb1, Arrb2, Arrdc1, Arrdc3, Arsa, Arsb, Artn, As3mt, Asah1, Asah2, Asb1, Asb10, Asb11, Asb13, Asb14, Asb15, Asb16, Asb17, Asb18, Asb2, Asb3, Asb4, Asb5, Asb6, Asb7, Asb8, Asb9, Ascc1, Ascc2, Ascc3, Ascl1, Ascl2, Asf1a, Asgr1, Asgr2, Ash1l, Ash2l, Asic1, Asic2, Asic3, Asic4, Asl, Asns, Asph, Aspm, Aspn, Ass1, Aste1, Asxl1, Asxl2, Atad3a, Atad5, Atat1, Atf1, Atf2, Atf3, Atf4, Atf6, Atf6b, Atf7, Atg10, Atg12, Atg13, Atg14, Atg16l1, Atg4b, Atg5, Atg7, Atg9a, Atic, Atl2, Atl3, Atm, Atmin, Atn1, Atoh1, Atoh7, Atoh8, Atox1, Atp12a, Atp13a2, Atp1a1, Atp1a2, Atp1a3, Atp1b1, Atp2a1, Atp2a2, Atp2a3, Atp2b1, Atp2b2, Atp2b4, Atp2c1, Atp4a, Atp4b, Atp5f1a, Atp5f1b, Atp5if1, Atp6ap1, Atp6ap2, Atp6v0a2, Atp6v0c, Atp6v0d1, Atp6v1a, Atp6v1b1, Atp6v1c2, Atp6v1g1, Atp7a, Atp7b, Atp8a2, Atr, Atrip, Atrn, Atrnl1, Atrx, Atxn1, Atxn3, Atxn7, Atxn7l3, AU040320, Aunip, Aup1, Aurka, Aurkb, Auts2, Avp, Avpi1, Avpr1a, Avpr1b, Avpr2, Axin1, Axin2, Axl, AY074887, AY761185, Azgp1, Azi2, B2m, B3galt5, B3gat1, B3gnt2, B4galt1, B4galt2, B9d1, Babam1, Babam2, Bace1, Bach1, Bach2, Bad, Bag3, Bag4, Bag5, Bag6, Baiap2, Baiap3, Bak1, Bambi, Banf1, Bank1, Bap1, Bard1, Barx1, Batf, Batf2, Batf3, Bax, Baz1b, Bbc3, Bbip1, Bbln, Bbs1, Bbs10, Bbs2, Bbs4, Bbs7, BC004004, BC018473, BC028528, Bcap31, Bcar1, Bcar3, Bcas3, Bcat2, Bccip, Bche, Bckdhb, Bcl10, Bcl2, Bcl2a1a, Bcl2a1b, Bcl2a1c, Bcl2a1d, Bcl2l1, Bcl2l10, Bcl2l11, Bcl2l12, Bcl2l14, Bcl2l2, Bcl3, Bcl6, Bcl6b, Bcl7a, Bcl7b, Bcl7c, Bcl9, Bcl9l, Bclaf1, Bcr, Bdkrb1, Bdkrb2, Bdnf, Becn1, Becn2, Begain, Bend2, Bend6, Best1, Bex1, Bex2, Bex3, Bfar, Bglap, Bglap2, Bglap3, Bhlha15, Bhlhe40, Bicc1, Bicd1, Bid, Bik, Bin1, Bin2, Birc2, Birc3, Birc5, Birc6, Birc7, Blk, Blm, Blmh, Blnk, Bloc1s2, Bloc1s3, Bloc1s4, Bloc1s5, Bloc1s6, Bltp1, Blvrb, Bmal1, Bmf, Bmi1, Bmncr, Bmp1, Bmp10, Bmp15, Bmp2, Bmp2k, Bmp3, Bmp4, Bmp5, Bmp6, Bmp7, Bmp8a, Bmp8b, Bmper, Bmpr1a, Bmpr1b, Bmpr2, Bmx, Bmyc, Bnc1, Bnip1, Bnip2, Bnip3, Bnip3l, Bnip3l-ps, Boc, Bod1l, Bok, Bola3, Bop1, Borcs7, Bpgm, Bpi, Bpifa1, Bpifa2, Bpifa5, Bpifb1, Bpifc, Braf, Brap, Brat1, Brca1, Brca2, Brcc3, Brcc3dc, Brd1, Brd2, Brd4, Brd7, Brd8, Brf2, Brinp1, Brinp2, Brinp3, Brip1, Brk1, Brme1, Brms1, Brms1l, Brs3, Brsk1, Brsk2, Bsg, Bspry, Bst1, Bst2, Btbd10, Btc, Btg1, Btg2, Btk, Btla, Btn1a1, Btn2a2, Btnl1, Btnl10, Btnl12, Btnl2, Btnl4, Btnl6, Btnl9, Btrc, Bub1, Bub1b, Bub3, Bud31, C130074G19Rik, C1galt1c1, C1qa, C1qb, C1qbp, C1qc, C1ql4, C1qtnf1, C1qtnf12, C1qtnf2, C1qtnf3, C1qtnf4, C1qtnf9, C1ra, C1rb, C1rl, C1s1, C1s2, C2, C2cd2l, C2cd3, C2cd4a, C2cd4b, C2cd5, C3, C3ar1, C4a, C4b, C4bp, C530030P08Rik, C5ar1, C5ar2, C6, C7, C8a, C8b, C8g, C9, C9orf72, Cab39, Cab39l, Cabin1, Cabp1, Cabp4, Cabyr, Cacna1a, Cacna1b, Cacna1c, Cacna1d, Cacna1e, Cacna1f, Cacna1g, Cacna1s, Cacna2d1, Cacna2d4, Cacnb1, Cacnb3, Cacnb4, Cacng2, Cacng3, Cacng4, Cacng5, Cacng7, Cacng8, Cactin, Cacybp, Cad, Cadm1, Cadm4, Cadps2, Calb1, Calca, Calcb, Calcoco1, Calcoco2, Calcr, Calcrl, Calhm2, Calhm6, Calm1, Calm2, Calm3, Calm4, Calr, Calr3, Calr4, Camk1, Camk1d, Camk1g, Camk2a, Camk2b, Camk2d, Camk2g, Camk2n1, Camk4, Camkk1, Camkk2, Camkv, Caml, Camp, Camta1, Camta2, Canx, Cap1, Cap2, Capg, Capn1, Capn10, Capn2, Capn3, Caprin2, Car2, Car3, Car5b, Car6, Car8, Car9, Card10, Card11, Card14, Card6, Card9, Carf, Carlr, Carm1, Carmil2, Cartpt, Cask, Caskin1, Casp1, Casp12, Casp2, Casp3, Casp4, Casp6, Casp7, Casp8, Casp8ap2, Casp9, Casq1, Casq2, Casr, Cass4, Castor1, Castor2, Cat, Cav1, Cav2, Cav3, Cavin3, Cavin4, Cbfa2t2, Cbfa2t3, Cbl, Cblb, Cblc, Cbln1, Cbr1, Cbr1b, Cbs, Cbx1, Cbx3, Cbx5, Cbx8, Cby1, Cc2d2a, Ccar2, Ccbe1, Ccdc115, Ccdc117, Ccdc125, Ccdc13, Ccdc186, Ccdc22, Ccdc3, Ccdc39, Ccdc47, Ccdc62, Ccdc66, Ccdc80, Ccdc85c, Ccdc88a, Ccdc88b, Ccdc88c, Ccdc92, Cck, Cckar, Cckbr, Ccl1, Ccl11, Ccl12, Ccl17, Ccl19, Ccl19-ps1, Ccl19-ps3, Ccl19-ps4, Ccl19-ps5, Ccl19-ps6, Ccl2, Ccl20, Ccl21a, Ccl21b, Ccl21d, Ccl21e, Ccl21f, Ccl22, Ccl24, Ccl25, Ccl26, Ccl27a, Ccl27al, Ccl27b, Ccl28, Ccl3, Ccl4, Ccl5, Ccl6, Ccl7, Ccl8, Ccl9, Ccm2l, Ccn1, Ccn2, Ccn3, Ccn4, Ccn5, Ccn6, Ccna2, Ccnb1, Ccnb1-ps, Ccnc, Ccnd1, Ccnd2, Ccnd3, Ccne1, Ccng1, Ccnk, Ccno, Ccnq, Ccnt1, Ccny, Ccnyl1, Ccr1, Ccr10, Ccr1l1, Ccr2, Ccr3, Ccr4, Ccr5, Ccr6, Ccr7, Ccr8, Ccr9, Ccrl2, Ccs, Cct5, Cd109, Cd14, Cd151, Cd160, Cd163, Cd177, Cd180, Cd19, Cd1d1, Cd1d2, Cd2, Cd200, Cd200l1, Cd200l2, Cd200r1, Cd200r1l, Cd200r2, Cd200r3, Cd200r4, Cd207, Cd209a, Cd209b, Cd209c, Cd209d, Cd209e, Cd209f, Cd209g, Cd22, Cd226, Cd244a, Cd247, Cd24a, Cd27, Cd274, Cd276, Cd28, Cd2ap, Cd300a, Cd300c, Cd300c2, Cd300e, Cd300lb, Cd300ld, Cd300ld2, Cd300ld3, Cd300ld4, Cd300lf, Cd300lg, Cd320, Cd34, Cd36, Cd37, Cd38, Cd3d, Cd3e, Cd3g, Cd4, Cd40, Cd40lg, Cd44, Cd46, Cd47, Cd48, Cd5, Cd52, Cd55, Cd55b, Cd59a, Cd59b, Cd5l, Cd6, Cd63, Cd68, Cd69, Cd7, Cd70, Cd74, Cd79a, Cd79b, Cd80, Cd81, Cd84, Cd86, Cd8a, Cd8b1, Cd9, Cd96, Cda, Cdc14b, Cdc20, Cdc25a, Cdc34, Cdc34b, Cdc37, Cdc42, Cdc42bpa, Cdc42ep1, Cdc42ep2, Cdc42ep3, Cdc42ep4, Cdc42ep5, Cdc42se1, Cdc42se2, Cdc45, Cdc5l, Cdc5lrt1, Cdc5lrt10, Cdc5lrt4, Cdc5lrt5, Cdc5lrt6, Cdc5lrt7, Cdc5lrt8, Cdc5lrt9, Cdc6, Cdc7, Cdc73, Cdca5, Cdca8, Cdh1, Cdh13, Cdh17, Cdh2, Cdh23, Cdh3, Cdh5, Cdh6, Cdh8, Cdhr2, Cdip1, Cdk1, Cdk10, Cdk11b, Cdk13, Cdk14, Cdk16, Cdk19, Cdk2, Cdk20, Cdk3, Cdk4, Cdk5, Cdk5r1, Cdk5rap2, Cdk5rap3, Cdk6, Cdk7, Cdk9, Cdkn1a, Cdkn1b, Cdkn1c, Cdkn2a, Cdkn2aip, Cdkn2b, Cdkn2d, Cdkn3, Cdnf, Cdo1, Cdon, Cds2, Cdt1, Ceacam1, Ceacam10, Ceacam11, Ceacam12, Ceacam13, Ceacam14, Ceacam15, Ceacam2, Ceacam20, Ceacam23, Ceacam3, Ceacam5, Cebpa, Cebpb, Cebpe, Cebpg, Cela1, Cela2a, Celf1, Celf4, Celsr1, Celsr2, Celsr3, Cenpe, Cenps, Cenpx, Cep164, Cep192, Cep250, Cep290, Cep55, Cep57, Cep63, Cer1, Cers1, Cers2, Cers6, Cert1, Ces1a, Ces1b, Ces1c, Ces1d, Ces1e, Ces1f, Ces1g, Ces1h, Ces2c, Cetn1, Cetn2, Cfap410, Cfap58, Cfap69, Cfb, Cfc1, Cfd, Cfh, Cfhr1, Cfhr2, Cfhr4, Cfi, Cfl1, Cflar, Cfp, Cftr, Cga, Cgas, Cgnl1, Ch25h, Chac1, Chaer1, Chaf1a, Chaf1b, Chchd10, Chchd2, Chchd2-ps, Chchd4, Chchd6, Chd1l, Chd2, Chd4, Chd5, Chd7, Chd8, Chek1, Chek2, Cherp, Chfr, Chga, Chi3l1, Chia1, Chid1, Chil3, Chil4, Chil5, Chil6, Chka, Chl1, Chlsn, Chm, Chml, Chmp1a, Chmp1b, Chmp1b2, Chmp2a, Chmp2b, Chmp3, Chmp4b, Chmp4c, Chmp5, Chmp6, Chmp7, Chn1, Chn2, Chordc1, Chp1, Chp2, Chrd, Chrdl1, Chrdl2, Chrm1, Chrm2, Chrm3, Chrm4, Chrm5, Chrna1, Chrna10, Chrna2, Chrna3, Chrna4, Chrna5, Chrna6, Chrna7, Chrna9, Chrnb1, Chrnb2, Chrnb3, Chrnb4, Chrnd, Chrne, Chrng, Chst1, Chst11, Chst2, Chst4, Chsy1, Chuk, Churc1, Ciao3, Cib1, Cib2, Cibar1, Cidea, Ciita, Cilk1, Cilp, Cinp, Cip2a, Cirbp, Cish, Cit, Cited1, Cited2, Cited4, Ckap5, Cklf, Ckm, Clasp1, Clasp2, Clca1, Clca3a2, Clcf1, Clcn2, Clcn6, Clcn7, Cldn1, Cldn13, Cldn18, Cldn19, Cldn2, Cldn3, Cldn4, Cldn5, Cldn7, Clec10a, Clec11a, Clec12a, Clec12b, Clec14a, Clec16a, Clec1a, Clec1b, Clec2d, Clec2h, Clec2i, Clec4a1, Clec4a2, Clec4a3, Clec4a4, Clec4b1, Clec4b2, Clec4d, Clec4e, Clec4f, Clec4g, Clec4n, Clec5a, Clec7a, Clgn, Clic4, Clic5, Clk2, Cln3, Clnk, Clock, Clpb, Clps, Clpsl2, Clspn, Cltrn, Clu, Cluap1, Clxn, Cma1, Cmah, Cmklr1, Cmklr2, Cmpk2, Cmtm2a, Cmtm2b, Cmtm3, Cmtm5, Cmtm7, Cmtm8, Cmya5, Cnga3, Cngb1, Cnih2, Cnih3, Cnksr1, Cnksr2, Cnksr3, Cnmd, Cnn2, Cnot1, Cnot2, Cnot3, Cnot7, Cnot9, Cnp, Cnpy3, Cnr1, Cnr2, Cnrip1, Cntf, Cntfr, Cntn1, Cntn2, Cntn6, Cntnap2, Coa8, Col11a1, Col16a1, Col1a1, Col1a2, Col2a1, Col3a1, Col4a1, Col4a2, Col4a3, Col4a5, Col4a6, Col5a1, Col5a2, Col6a1, Col6a2, Col6a3, Colec10, Colec11, Colec12, Commd1, Commd4, Commd6, Commd7, Commd8, Comp, Comt, Cop1, Copa, Cops5, Cops8, Cops9, Coq7, Coro1a, Coro1b, Coro2b, Coro7, Cort, Cotl1, Cp, Cpa1, Cpap, Cpb2, Cpe, Cpeb1, Cpeb2, Cpeb3, Cpeb4, Cplane2, Cplx2, Cpn1, Cpne1, Cpne2, Cpne3, Cpne4, Cpne5, Cpne6, Cpne7, Cpne8, Cpne9, Cps1, Cpt1a, Cpt1b, Cptp, Cpz, Cr1l, Cr2, Cracr2a, Cradd, Crb1, Crb2, Crbn, Crcp, Creb1, Creb3, Creb3l1, Creb3l2, Creb3l3, Creb3l4, Crebbp, Crebrf, Crebzf, Crem, Crh, Crhbp, Crhr1, Crhr2, Crim1, Crip1, Cripto, Crk, Crkl, Crlf1, Crlf2, Crlf3, Crls1, Crmp1, Crnn, Crot, Crp, Crtam, Crtc1, Crtc2, Crtc3, Cry1, Cry2, Cryaa, Cryab, Cryba1, Crygd, Cryge, Crygf, Cryz, Csf1, Csf1r, Csf2, Csf2ra, Csf2rb, Csf2rb2, Csf3, Csf3r, Csk, Csmd1, Csn1s1, Csnk1a1, Csnk1d, Csnk1e, Csnk1g1, Csnk1g2, Csnk1g3, Csnk2a1, Csnk2a2, Csnk2b, Cspg4, Cspg5, Csrnp1, Csrp3, Cst11, Cst3, Cst7, Cst9, Cstdc2, Cstf2, Ctbp1, Ctbp2, Ctc1, Ctdnep1, Ctdp1, Ctdspl2, Ctf1, Ctf2, Cth, Cthrc1, Ctla2a, Ctla4, Ctnna1, Ctnna2, Ctnnal1, Ctnnb1, Ctnnbip1, Ctnnbl1, Ctnnd1, Ctnnd2, Ctns, Ctr9, Ctrb1, Ctsb, Ctsc, Ctsd, Ctsg, Ctsh, Ctsk, Ctsl, Ctss, Cttn, Cubn, Cuedc2, Cul1, Cul3, Cul4a, Cul4b, Cul5, Cuta, Cux2, Cuzd1, Cwh43, Cx3cl1, Cx3cr1, Cxadr, Cxcl1, Cxcl10, Cxcl11, Cxcl12, Cxcl13, Cxcl14, Cxcl15, Cxcl16, Cxcl17, Cxcl2, Cxcl3, Cxcl5, Cxcl9, Cxcr1, Cxcr2, Cxcr3, Cxcr4, Cxcr5, Cxcr6, Cxxc4, Cyb5r4, Cyba, Cybb, Cybc1, Cybrd1, Cyc1, Cycs, Cyct, Cyfip1, Cyfip2, Cygb, Cyld, Cyp11a1, Cyp11b1, Cyp11b2, Cyp19a1, Cyp1a1, Cyp1a2, Cyp1b1, Cyp24a1, Cyp26a1, Cyp26b1, Cyp27b1, Cyp2a12, Cyp2a22, Cyp2a4, Cyp2a5, Cyp2ab1, Cyp2b10, Cyp2b13, Cyp2b19, Cyp2b23, Cyp2b9, Cyp2c23, Cyp2c29, Cyp2c37, Cyp2c38, Cyp2c39, Cyp2c40, Cyp2c50, Cyp2c54, Cyp2c55, Cyp2c65, Cyp2c66, Cyp2c67, Cyp2c68, Cyp2c69, Cyp2c70, Cyp2d10, Cyp2d11, Cyp2d12, Cyp2d22, Cyp2d26, Cyp2d34, Cyp2d9, Cyp2e1, Cyp2f2, Cyp2g1, Cyp2j11, Cyp2j12, Cyp2j13, Cyp2j5, Cyp2j6, Cyp2j7, Cyp2j8, Cyp2j9, Cyp2r1, Cyp2s1, Cyp2t4, Cyp2u1, Cyp2w1, Cyp3a11, Cyp3a16, Cyp3a25, Cyp3a41a, Cyp3a41b, Cyp3a44, Cyp46a1, Cyp7a1, Cyp7b1, Cyren, Cyrib, Cysltr1, Cysltr2, Cyth1, Cyth2, Cyth3, Cyth4, D130043K22Rik, D1Pas1, D2hgdh, D6Wsu163e, D7Ertd443e, Daam1, Daam2, Dab1, Dab2, Dab2ip, Dach1, Dact1, Dact2, Dact3, Dag1, Dagla, Daglb, Dancr, Dand5, Dao, Dap, Dapk1, Dapk2, Dapk3, Dapl1, Daxx, Dbh, Dbi, Dbn1, Dbndd1, Dbndd2, Dbnl, Dbx2, Dcaf11, Dcbld2, Dcc, Dcdc2a, Dcdc2c, Dchs1, Dclk1, Dclk2, Dclk3, Dclre1a, Dclre1b, Dclre1c, Dcn, Dcp1a, Dcp1b, Dcst1, Dcstamp, Dct, Dctpp1, Dcun1d3, Dcun1d5, Dcx, Ddah1, Ddb1, Ddb2, Ddc, Ddhd2, Ddi1, Ddi2, Ddias, Ddit3, Ddit4, Ddit4l, Ddost, Ddr1, Ddr2, Ddrgk1, Ddt, Ddx1, Ddx11, Ddx17, Ddx19a, Ddx21, Ddx39b, Ddx3x, Ddx41, Ddx47, Ddx5, Ddx56, Ddx60, Deaf1, Dedd, Dedd2, Defa-rs10, Defa-rs12, Defa-rs2, Defa-rs4, Defa1, Defa10, Defa11, Defa13, Defa14, Defa15, Defa16, Defa17, Defa2, Defa20, Defa21, Defa22, Defa23, Defa24, Defa25, Defa26, Defa28, Defa29, Defa3, Defa30, Defa31, Defa34, Defa35, Defa37, Defa38, Defa39, Defa4, Defa40, Defa41, Defa42, Defa5, Defa6, Defa7, Defa8, Defa9, Defb1, Defb10, Defb11, Defb12, Defb13, Defb14, Defb15, Defb18, Defb19, Defb2, Defb20, Defb21, Defb22, Defb25, Defb29, Defb3, Defb30, Defb33, Defb34, Defb35, Defb36, Defb37, Defb38, Defb39, Defb4, Defb40, Defb41, Defb42, Defb43, Defb46, Defb47, Defb48, Defb5, Defb50, Defb6, Defb7, Defb8, Defb9, Dek, Dele1, Dennd1a, Dennd1b, Dennd2b, Dennd3, Dennd4a, Dennd4b, Dennd4c, Depdc1a, Depdc1b, Depdc5, Depdc7, Deptor, Derl1, Derl2, Derl3, Dgat2, Dgcr2, Dgcr8, Dgka, Dgkb, Dgkd, Dgke, Dgkg, Dgkh, Dgki, Dgkk, Dgkq, Dgkz, Dhcr24, Dhfr, Dhh, Dhrs2, Dhrs3, Dhrs7b, Dhx15, Dhx16, Dhx33, Dhx36, Dhx58, Dhx9, Diablo, Diaph1, Diaph2, Diaph3, Dicer1, Dido1, Dio3, Dipk2a, Diras1, Diras2, Disc1, Disp1, Disp2, Dixdc1, Dkk1, Dkk2, Dkk3, Dkk4, Dkkl1, Dlc1, Dlec1, Dlg1, Dlg2, Dlg4, Dlg5, Dlgap2, Dlk1, Dlk2, Dll1, Dll3, Dll4, Dlx1, Dlx2, Dlx3, Dlx5, Dmap1, Dmbt1, Dmc1, Dmd, Dmpk, Dmrt1, Dmtn, Dna2, Dnaaf2, Dnaaf4, Dnai1, Dnaja1, Dnaja2, Dnaja3, Dnaja4, Dnajb1, Dnajb12, Dnajb14, Dnajb2, Dnajb9, Dnajc10, Dnajc15, Dnajc18, Dnajc27, Dnajc3, Dnase1, Dnase1l3, Dnase2a, Dner, Dnm1, Dnm1l, Dnm2, Dnmbp, Dnmt1, Dnmt3a, Dnmt3b, Dntt, Dock1, Dock10, Dock11, Dock2, Dock3, Dock4, Dock5, Dock6, Dock7, Dock8, Dock9, Dok1, Dok2, Dok3, Dok4, Dok5, Dok6, Dok7, Donson, Dot1l, Dpep1, Dpf1, Dpf2, Dpf3, Dpm1, Dpp4, Dpp9, Dpyd, Dpysl3, Draxin, Drd1, Drd2, Drd3, Drd4, Drd5, Drgx, Drosha, Dsc2, Dscam, Dsg2, Dsg3, Dsg4, Dsp, Dspp, Dst, Dstyk, Dtl, Dtnbp1, Dtx1, Dtx2, Dtx3, Dtx3l, Dtx4, Dtymk, Duox1, Duox2, Duoxa1, Duoxa2, Dus2, Dusp1, Dusp10, Dusp13b, Dusp15, Dusp16, Dusp18, Dusp19, Dusp2, Dusp22, Dusp26, Dusp29, Dusp3, Dusp4, Dusp5, Dusp6, Dusp7, Dusp8, Dusp9, Dvl1, Dvl2, Dvl3, Dynap, Dynapl1, Dync1li1, Dync1li2, Dync2h1, Dynll1, Dynlrb1, Dynlt1a, Dynlt1b, Dynlt1c, Dynlt1f, Dyrk1a, Dyrk1b, Dyrk2, Dyrk3, Dysf, Dzip1, Dzip1l, E130311K13Rik, E230001N04Rik, E2f1, E2f2, Eaf2, Ear1, Ear10, Ear14, Ear2, Ear3, Ear4, Ear6, Ebag9, Ebi3, Ece1, Ecel1, Echdc3, Ecm1, Ecpas, Ecrg4, Ecscr, Ecsit, Ect2, Eda, Eda2r, Edar, Edaradd, Edem1, Edem2, Edem3, Edn1, Edn2, Edn3, Ednra, Ednrb, Eea1, Eed, Eef1a1, Eef1b2, Eef1d, Eef1e1, Eef1g, Eef2k, Eepd1, Efcab7, Efemp1, Efhb, Efhc2, Efhd1, Efna1, Efna2, Efna3, Efna4, Efna5, Efnb1, Efnb2, Efnb3, Efs, Egf, Egfl7, Egfr, Egln1, Egln2, Egln3, Egr1, Egr2, Egr3, Ehd1, Ehd4, Ehmt1, Ehmt2, Ei24, Eid2, Eid3, Eif2a, Eif2ak1, Eif2ak2, Eif2ak3, Eif2ak4, Eif2b1, Eif2b2, Eif2b3, Eif2b4, Eif2b5, Eif2s1, Eif3a, Eif4a2, Eif4a3, Eif4a3l1, Eif4a3l2, Eif4e, Eif4e2, Eif4ebp1, Eif4ebp2, Eif4g1, Eif6, Elane, Elapor1, Elapor2, Elavl2, Elavl4, Eldr, Elf1, Elf3, Elf4, Elk1, Elk3, Ell3, Elmo1, Elmo2, Elmod2, Elp2, Elp6, Emd, Eme1, Eme2, Emilin1, Emilin2, Emp2, Emsy, Emx1, Emx2, En1, Enah, Endod1, Endog, Endou, Endov, Eng, Enho, Eno1, Eno1b, Enpp1, Enpp2, Enpp3, Enpp4, Entpd1, Entpd2, Entpd6, Entpd7, Entrep1, Eny2, Eomes, Ep300, Ep400, Epas1, Epb41l4b, Epb41l5, Epc1, Epc2, Epcam, Epg5, Epgn, Epha1, Epha10, Epha2, Epha3, Epha4, Epha5, Epha6, Epha7, Epha8, Ephb1, Ephb2, Ephb3, Ephb4, Ephb6, Ephx1, Ephx2, Epm2a, Epm2aip1, Epn1, Epn2, Epo, Epor, Eppin, Eppk1, Eprs1, Eps8, Eps8l1, Eps8l2, Eps8l3, Epsti1, Epx, Erap1, Eras, Erbb2, Erbb3, Erbb4, Erbin, Erc1, Ercc1, Ercc2, Ercc3, Ercc4, Ercc5, Ercc6, Ercc6l, Ercc6l2, Ercc8, Ereg, Erfe, Erlec1, Erlin1, Erlin2, Ermap, Ermp1, Ern1, Ern2, Ero1a, Erp27, Erp29, Erp44, Errfi1, Esco2, Esd, Esm1, Esp1, Esp22, Esp6, Esr1, Esr2, Esrra, Esrrb, Esrrg, Etaa1, Etfdh, Etnppl, Ets1, Etv1, Etv2, Etv3, Etv5, EU599041, Eva1a, Evc, Evc2, Evl, Evpl, Exd2, Exo1, Exo5, Exoc4, Exosc10, Exosc3, Exosc4, Exosc5, Exosc6, Ext1, Ext2, Extl3, Eya1, Eya2, Eya3, Eya4, Ezh1, Ezh2, Ezr, F10, F11, F11r, F12, F13a1, F13b, F2, F2r, F2rl1, F2rl2, F2rl3, F3, F5, F7, F8, F830016B08Rik, F9, Faap100, Faap20, Faap24, Fabp1, Fabp4, Fabp5, Fabp7, Fadd, Fads1, Fads2, Faf1, Faf2, Faim, Faim2, Faiml, Fam107a, Fam110c, Fam111a, Fam114a1, Fam120b, Fam13b, Fam162a, Fam168a, Fam20a, Fam20c, Fam210b, Fam220a, Fam3a, Fam3b, Fam3c, Fam3d, Fam53b, Fam76b, Fam83a, Fam83b, Fam83c, Fam83d, Fam83e, Fam83f, Fam83g, Fam83h, Fam89b, Fan1, Fanca, Fancb, Fancc, Fancd2, Fancf, Fancg, Fanci, Fancl, Fancm, Fap, Farp1, Farp2, Fas, Fasl, Fasn, Fat4, Fau, Fbh1, Fbln1, Fbln5, Fbn1, Fbn2, Fbp1, Fbrs, Fbxl15, Fbxl17, Fbxl2, Fbxl20, Fbxl21, Fbxl3, Fbxo17, Fbxo2, Fbxo21, Fbxo22, Fbxo27, Fbxo3, Fbxo31, Fbxo32, Fbxo38, Fbxo4, Fbxo44, Fbxo45, Fbxo5, Fbxo6, Fbxo7, Fbxo8, Fbxo9, Fbxw10, Fbxw11, Fbxw4, Fbxw7, Fbxw7as1, Fcamr, Fcer1a, Fcer1g, Fcer2a, Fcgr1, Fcgr2b, Fcgr3, Fcgr4, Fcgrt, Fcho1, Fchsd1, Fcmr, Fcna, Fcnb, Fcor, Fcrl2, Fcrl5, Fcrl6, Fcrla, Fcrlb, Fcsk, Fdcsp, Fdps, Fdx1, Fech, Fem1a, Fem1al, Fem1b, Fen1, Fer, Fer1l5, Fer1l6, Fermt1, Fermt2, Fermt3, Fes, Fez1, Fezf2, Ffar1, Ffar2, Ffar3, Ffar4, Fga, Fgb, Fgd2, Fgd4, Fgf1, Fgf10, Fgf11, Fgf12, Fgf13, Fgf14, Fgf15, Fgf16, Fgf17, Fgf18, Fgf2, Fgf20, Fgf21, Fgf22, Fgf23, Fgf3, Fgf4, Fgf5, Fgf6, Fgf7, Fgf8, Fgf9, Fgfbp1, Fgfbp3, Fgfr1, Fgfr1op2, Fgfr2, Fgfr3, Fgfr4, Fgfrl1, Fgg, Fgl1, Fgl2, Fgr, Fh1, Fhit, Fhl2, Ficd, Fignl1, Firrm, Fis1, Fkbp10, Fkbp1a, Fkbp1b, Fkbp4, Fkbp5, Fkbp8, Fkrp, Fktn, Flcn, Flicr, Flna, Flnb, Flot1, Flot2, Flrt1, Flrt2, Flrt3, Flt1, Flt3, Flt3l, Flt4, Flywch1, Fmc1, Fmn2, Fmo1, Fmo2, Fmo3, Fmo4, Fmo5, Fmr1, Fn1, Fnbp1, Fnbp1l, Fndc1, Fndc4, Fndc5, Fnip1, Fnip2, Fnta, Fntb, Folr1, Folr2, Fos, Fosb, Fosl1, Fosl2, Foxa1, Foxa2, Foxa3, Foxb1, Foxc1, Foxc2, Foxd1, Foxd3, Foxf1, Foxh1, Foxj1, Foxk1, Foxk2, Foxl1, Foxl2, Foxm1, Foxn3, Foxo1, Foxo3, Foxo4, Foxp1, Foxp2, Foxp3, Foxred2, Fpr-rs3, Fpr-rs4, Fpr-rs6, Fpr-rs7, Fpr1, Fpr2, Fpr3, Frat1, Frat2, Frk, Frmd6, Frmd7, Frmd8, Frmpd1, Frrs1l, Frs2, Frs3, Frzb, Fshb, Fshr, Fst, Fstl1, Fstl3, Fstl4, Fstl5, Fth1, Fto, Fuca2, Fundc1, Fundc2, Furin, Fus, Fut4, Fut7, Fut8, Fuz, Fv1, Fxn, Fxr1, Fyb1, Fyb2, Fyn, Fzd1, Fzd10, Fzd2, Fzd3, Fzd4, Fzd5, Fzd6, Fzd7, Fzd8, Fzd9, Fzr1, G0s2, G2e3, G3bp1, G3bp2, G6pd2, G6pdx, Gab1, Gab2, Gab3, Gabarap, Gabarapl1, Gabarapl2, Gabbr1, Gabbr2, Gabra1, Gabra5, Gabrb1, Gabrb2, Gabrb3, Gabrg2, Gabrg3, Gad2, Gadd45a, Gadd45b, Gadd45g, Gal, Galnt11, Galp, Galr1, Galr2, Galr3, Gap43, Gapdh, Gapdh-ps15, Gapdhrt, Gapdhrt2, Gapt, Garem1, Garem2, Garin5a, Garnl3, Garre1, Gas1, Gas2, Gas2l1, Gas2l2, Gas2l3, Gas5, Gas6, Gas8, Gast, Gata1, Gata2, Gata3, Gata4, Gata5, Gata6, Gatm, Gba1, Gbf1, Gbp10, Gbp2, Gbp2b, Gbp3, Gbp4, Gbp5, Gbp6, Gbp7, Gbp8, Gbp9, Gcg, Gcgr, Gch1, Gck, Gckr, Gclc, Gclm, Gcn1, Gcnt1, Gcnt2, Gcnt3, Gcsam, Gdap1, Gdap10, Gdap2, Gdap5, Gdap6, Gdap7, Gdap8, Gdap9, Gde1, Gdf1, Gdf10, Gdf11, Gdf15, Gdf2, Gdf3, Gdf5, Gdf6, Gdf7, Gdf9, Gdi1, Gdi2, Gdnf, Gdpd5, Gen1, Get1, Get4, Gfap, Gfer, Gfi1, Gfpt2, Gfra1, Gfra2, Gfra3, Gfra4, Gfral, Gfus, Ggct, Ggh, Ggn, Ggnbp2, Ggt1, Ggt5, Ggt7, Gh, Ghitm, Ghr, Ghrh, Ghrhr, Ghrl, Ghsr, Gid8, Gigyf1, Gigyf2, Gimap3, Gimap5, Gimap6, Gins2, Gins3, Gins4, Gip, Gipc1, Gipr, Git1, Git2, Gja1, Gja10, Gja3, Gja4, Gjb2, Gjb3, Gjb4, Gjb6, Gjc2, Gjd3, Gjd4, Gk, Gkap1, Gkn1, Gkn2, Gla, Glb1, Glce, Gldc, Gldn, Glg1, Gli1, Gli2, Gli3, Glipr2, Glis2, Glmn, Glp1r, Glp2r, Glra1, Glra2, Glra3, Glra4, Glrb, Glrx3, Gltp, Glud1, Glul, Glyat, Glycam1, Gm10002, Gm10662, Gm10668, Gm10708, Gm10768, Gm10791, Gm10796, Gm11690, Gm11772, Gm12185, Gm12250, Gm12610, Gm13271, Gm13272, Gm13275, Gm13276, Gm13277, Gm13283, Gm14137, Gm14151, Gm14335, Gm15222, Gm15433, Gm15441, Gm15645, Gm22053, Gm23054, Gm24787, Gm25038, Gm266, Gm36723, Gm4513, Gm4841, Gm5127, Gm5157, Gm527, Gm5431, Gm5849, Gm5890, Gm6040, Gm6176, Gm6882, Gm7582, Gm7609, Gm8884, Gmds, Gmfb, Gmfg, Gmip, Gmps, Gna11, Gna12, Gna13, Gna14, Gna15, Gnai1, Gnai2, Gnai3, Gnal, Gnao1, Gnaq, Gnas, Gnat1, Gnat2, Gnat3, Gnaz, Gnb1, Gnb1l, Gnb2, Gnb3, Gnb4, Gnb5, Gng10, Gng11, Gng12, Gng13, Gng14, Gng2, Gng3, Gng4, Gng5, Gng5c, Gng7, Gng8, Gngt1, Gngt2, Gnl1, Gnpat, Gnpnat1, Gnrh1, Gnrhr, Golph3, Gorab, Gorasp2, Got1, Got2, Gp1ba, Gp1bb, Gp2, Gp5, Gp6, Gp9, Gpam, Gpat3, Gpatch3, Gpbar1, Gpc1, Gpc2, Gpc3, Gpc4, Gpc5, Gpc6, Gpd1, Gpd1l, Gper1, Gpha2, Gphb5, Gphn, Gpi1, Gpihbp1, Gpld1, Gpm6a, Gpnmb, Gpr101, Gpr108, Gpr119, Gpr12, Gpr132, Gpr135, Gpr137, Gpr137b, Gpr137c, Gpr139, Gpr141, Gpr142, Gpr143, Gpr146, Gpr149, Gpr15, Gpr150, Gpr151, Gpr152, Gpr153, Gpr155, Gpr156, Gpr157, Gpr158, Gpr15lg, Gpr160, Gpr161, Gpr162, Gpr165, Gpr17, Gpr171, Gpr173, Gpr174, Gpr176, Gpr179, Gpr18, Gpr180, Gpr182, Gpr183, Gpr19, Gpr20, Gpr21, Gpr22, Gpr25, Gpr26, Gpr27, Gpr3, Gpr31b, Gpr33, Gpr34, Gpr35, Gpr37, Gpr37l1, Gpr39, Gpr4, Gpr45, Gpr50, Gpr52, Gpr55, Gpr6, Gpr61, Gpr62, Gpr63, Gpr65, Gpr68, Gpr75, Gpr82, Gpr83, Gpr84, Gpr85, Gpr87, Gpr88, Gprasp1, Gprc5a, Gprc5b, Gprc5c, Gprc5d, Gprc6a, Gps2, Gpsm1, Gpsm2, Gpsm3, Gpt, Gpx1, Gpx2, Gpx3, Gpx4, Gpx5, Gpx6, Gpx7, Gpx8, Gramd1a, Gramd1b, Gramd1c, Gramd4, Grap, Grap2, Grb10, Grb14, Grb2, Grb7, Grem1, Grem2, Grhl3, Gria1, Gria2, Gria3, Gria4, Grid2, Grid2ip, Grik1, Grik2, Grik3, Grik5, Grin1, Grin2a, Grin2b, Grin2c, Grin2d, Grin3a, Grin3b, Grina, Grip1, Grip2, Grk1, Grk2, Grk3, Grk4, Grk5, Grk6, Grm1, Grm2, Grm3, Grm4, Grm5, Grm6, Grm7, Grm8, Grn, Grp, Grpr, Gsc, Gsdma, Gsdma2, Gsdma3, Gsdmc, Gsdmc2, Gsdmc3, Gsdmc4, Gsdmd, Gsdme, Gsg1l, Gsk3a, Gsk3b, Gskip, Gsn, Gsr, Gss, Gsta1, Gsta13, Gsta2, Gsta3, Gsta4, Gsta5, Gstk1, Gstm1, Gstm2, Gstm3, Gstm4, Gstm5, Gstm6, Gstm7, Gsto1, Gsto2, Gstp-ps, Gstp1, Gstp2, Gstp3, Gstt1, Gstt2, Gsx2, Gtf2f1, Gtf2h1, Gtf2h2, Gtf2h3, Gtf2h4, Gtf2h5, Gtf2ird1, Gtf2ird2, Guca1a, Guca1b, Guca2b, Gucy1a1, Gucy1a2, Gucy1b1, Gucy1b2, Gucy2c, Gucy2d, Gucy2e, Gucy2f, Gucy2g, Guk1, Gypa, Gys2, Gzma, Gzmb, Gzmc, Gzmk, Gzmm, Gzmn, H13, H2-Aa, H2-Ab1, H2-Bl, H2-D1, H2-DMa, H2-DMb1, H2-DMb2, H2-Ea, H2-Eb1, H2-Eb2, H2-K1, H2-L, H2-M1, H2-M10.1, H2-M10.2, H2-M10.3, H2-M10.4, H2-M10.5, H2-M10.6, H2-M11, H2-M2, H2-M3, H2-M5, H2-M9, H2-Oa, H2-Ob, H2-Q1, H2-Q10, H2-Q2, H2-Q4, H2-Q6, H2-Q7, H2-Q8, H2-Q9, H2-T22, H2-T23, H2-T24, H2-T26, H2-T27, H2-T3, H2ac25, H2aj, H2ax, H2az1, H2bc1, H2bc12, H2bc21, H60a, H60b, H60c, Haao, Habp4, Hacd3, Hadh, Hadha, Hadhb, Halr1, Hamp, Hamp2, Hand2, Hao1, Hap1, Hapstr1, Has1, Has2, Haspin, Havcr1, Havcr2, Hax1, Hba-a1, Hba-a2, Hbb-b1, Hbegf, Hbp1, Hc, Hcar1, Hcar2, Hcfc1, Hcfc2, Hck, Hcls1, Hcn1, Hcn2, Hcn3, Hcn4, Hcrt, Hcrtr1, Hcrtr2, Hcst, Hdac1, Hdac10, Hdac2, Hdac3, Hdac4, Hdac5, Hdac6, Hdac7, Hdac8, Hdac9, Hdgf, Hdgfl2, Hdgfl3, Heg1, Helb, Hells, Helq, Hepacam, Herc2, Herc4, Herc6, Herpud1, Herpud2, Hes1, Hes5, Hes7, Hesx1, Hexim1, Hey1, Hey2, Heyl, Hfe, Hgf, Hgfac, Hgs, Hhat, Hhex, Hhip, Hic1, Hif1a, Hif1an, Hif3a, Higd1a, Hikeshi, Hilpda, Hinfp, Hint1, Hip1, Hip1r, Hipk1, Hipk2, Hipk3, Hipk4, Hivep1, Hivep2, Hjv, Hk1, Hk2, Hk3, Hlcs, Hltf, Hlx, Hm629797, Hmbs, Hmces, Hmcn1, Hmga1, Hmga1b, Hmga2, Hmga2-ps1, Hmgb1, Hmgb2, Hmgb3, Hmgcr, Hmgcs1, Hmgcs2, Hmgn1, Hmgn2, Hmgn2-ps, Hmgn3, Hmox1, Hmox2, Hnf1a, Hnf1b, Hnf4a, Hnmt, Hnrnpa0, Hnrnpa1, Hnrnpd, Hnrnph1, Hnrnpk, Hnrnpu, Homer1, Homer2, Homer3, Hopx, Hormad1, Hoxa1, Hoxa10, Hoxa11, Hoxa13, Hoxa2, Hoxa9, Hoxb13, Hoxb3os, Hoxb9, Hoxd13, Hoxd3, Hp, Hp1bp3, Hpca, Hpcal1, Hpcal4, Hpf1, Hpgd, Hpgds, Hpn, Hprt1, Hps1, Hps4, Hps5, Hps6, Hpse, Hpx, Hras, Hrg, Hrh1, Hrh2, Hrh3, Hrh4, Hrk, Hrob, Hs1bp3, Hsbp1, Hsbp1l1, Hsd11b2, Hsd17b1, Hsd17b2, Hsd3b4, Hsd3b5, Hsd3b7, Hsf1, Hsf2bp, Hsf3, Hsh2d, Hsp90aa1, Hsp90ab1, Hsp90b1, Hspa1a, Hspa1b, Hspa2, Hspa4, Hspa4l, Hspa5, Hspa8, Hspb1, Hspb2, Hspb6, Hspb8, Hspd1, Hspg2, Hsph1, Htatsf1, Htr1a, Htr1b, Htr1d, Htr1e, Htr1f, Htr2a, Htr2b, Htr2c, Htr3a, Htr3b, Htr4, Htr5a, Htr5b, Htr6, Htr7, Htra1, Htra2, Htra3, Htt, Hunk, Hus1, Hus1b, Huwe1, Hvcn1, Hyal1, Hyal2, Hyal3, Hyou1, Iapp, Ibsp, Icam1, Icmt, Icosl, Id1, Id2, Id3, Ide, Idh1, Idi1, Ido1, Idua, Ier2, Ier3, Ier5, Ierepo2, Iffo1, Ifi202b, Ifi203, Ifi203-ps, Ifi204, Ifi205, Ifi206, Ifi207, Ifi208, Ifi209, Ifi211, Ifi213, Ifi214, Ifi27, Ifi27l2a, Ifi27l2b, Ifi35, Ifi44, Ifi44l, Ifi47, Ifih1, Ifit1, Ifit1bl1, Ifit1bl2, Ifit2, Ifit3, Ifit3b, Ifitm1, Ifitm2, Ifitm3, Ifitm6, Ifitm7, Ifna, Ifna1, Ifna11, Ifna12, Ifna13, Ifna14, Ifna15, Ifna16, Ifna2, Ifna4, Ifna5, Ifna6, Ifna7, Ifna9, Ifnab, Ifnar1, Ifnar2, Ifnb1, Ifne, Ifng, Ifngr1, Ifngr2, Ifnk, Ifnl2, Ifnl3, Ifnlr1, Ifnz, Ift122, Ift140, Ift172, Ift20, Ift25, Ift27, Ift46, Ift52, Ift56, Ift57, Ift74, Ift80, Ift81, Ift88, Igbp1, Igbp1b, Igf1, Igf1r, Igf2, Igf2bp1, Igf2r, Igfals, Igfbp1, Igfbp2, Igfbp3, Igfbp4, Igfbp5, Igfbp6, Igfbp7, Igfbpl1, Igh-7, Igh-8, Igh-J, Igh-VJ558, Igh-VX24, Igha, Ighd, Ighe, Ighg, Ighg1, Ighg2a, Ighg2b, Ighg2c, Ighg3, Ighm, Ighv1-11, Ighv1-12, Ighv1-15, Ighv1-16, Ighv1-22, Ighv1-23, Ighv1-24, Ighv1-26, Ighv1-31, Ighv1-34, Ighv1-39, Ighv1-4, Ighv1-42, Ighv1-43, Ighv1-47, Ighv1-49, Ighv1-5, Ighv1-50, Ighv1-53, Ighv1-54, Ighv1-55, Ighv1-56, Ighv1-58, Ighv1-61, Ighv1-62-3, Ighv1-63, Ighv1-64, Ighv1-66, Ighv1-67, Ighv1-7, Ighv1-71, Ighv1-72, Ighv1-75, Ighv1-76, Ighv1-77, Ighv1-78, Ighv1-80, Ighv1-81, Ighv1-82, Ighv1-84, Ighv1-85, Ighv10-1, Ighv10-3, Ighv11-1, Ighv11-2, Ighv12-3, Ighv13-2, Ighv14-1, Ighv14-2, Ighv14-3, Ighv14-4, Ighv16-1, Ighv2-2, Ighv2-3, Ighv2-4, Ighv2-5, Ighv2-6, Ighv2-6-8, Ighv2-7, Ighv2-9, Ighv2-9-1, Ighv3-1, Ighv3-3, Ighv3-4, Ighv3-5, Ighv3-6, Ighv3-8, Ighv4-1, Ighv5-12, Ighv5-12-4, Ighv5-16, Ighv5-17, Ighv5-4, Ighv5-6, Ighv5-9, Ighv6-3, Ighv6-4, Ighv6-5, Ighv6-6, Ighv6-7, Ighv7-1, Ighv7-3, Ighv8-11, Ighv8-12, Ighv8-13, Ighv8-2, Ighv8-4, Ighv8-5, Ighv8-6, Ighv8-8, Ighv8-9, Ighv9-1, Ighv9-2, Ighv9-3, Ighv9-4, Igk-V28, Igkc, Igkj1, Igkv1-110, Igkv1-117, Igkv1-122, Igkv1-131, Igkv1-132, Igkv1-133, Igkv1-135, Igkv1-88, Igkv10-94, Igkv10-95, Igkv10-96, Igkv11-125, Igkv12-41, Igkv12-44, Igkv12-46, Igkv13-84, Igkv13-85, Igkv14-111, Igkv14-126, Igkv15-103, Igkv16-104, Igkv17-121, Igkv17-127, Igkv2-109, Igkv2-112, Igkv2-137, Igkv20-101-2, Igkv3-1, Igkv3-10, Igkv3-12, Igkv3-2, Igkv3-3, Igkv3-4, Igkv3-5, Igkv3-7, Igkv3-9, Igkv4-50, Igkv4-51, Igkv4-53, Igkv4-55, Igkv4-57, Igkv4-57-1, Igkv4-58, Igkv4-59, Igkv4-61, Igkv4-63, Igkv4-68, Igkv4-69, Igkv4-70, Igkv4-72, Igkv4-74, Igkv4-78, Igkv4-79, Igkv4-80, Igkv4-81, Igkv4-90, Igkv4-91, Igkv4-92, Igkv5-37, Igkv5-39, Igkv5-43, Igkv5-45, Igkv5-48, Igkv6-13, Igkv6-14, Igkv6-15, Igkv6-17, Igkv6-20, Igkv6-23, Igkv6-25, Igkv6-32, Igkv7-33, Igkv8-18, Igkv8-19, Igkv8-21, Igkv8-24, Igkv8-26, Igkv8-27, Igkv8-28, Igkv8-30, Igkv8-34, Igkv9-120, Igkv9-123, Igkv9-124, Iglc1, Iglc2, Iglc3, Igll1, Iglv1, Iglv3, Igsf1, Igsf11, Igsf9b, Igtp, Ihh, Iigp1, Iigp1c, Ik, Ikbkb, Ikbke, Ikbkg, Ikzf3, Il10, Il10ra, Il10rb, Il11, Il11ra1, Il11ra2, Il11ra3, Il12a, Il12b, Il12rb1, Il12rb2, Il13, Il13ra1, Il13ra2, Il15, Il15ra, Il16, Il17a, Il17b, Il17c, Il17d, Il17f, Il17ra, Il17rb, Il17rc, Il17rd, Il17re, Il18, Il18bp, Il18r1, Il18rap, Il19, Il1a, Il1b, Il1f10, Il1r1, Il1r2, Il1rap, Il1rapl1, Il1rapl2, Il1rl1, Il1rl2, Il1rn, Il2, Il20, Il20ra, Il20rb, Il21, Il21r, Il22, Il22b, Il22ra1, Il22ra2, Il23a, Il23r, Il24, Il25, Il27, Il27ra, Il2ra, Il2rb, Il2rg, Il3, Il31, Il31ra, Il33, Il34, Il36a, Il36b, Il36g, Il36rn, Il3ra, Il4, Il4i1, Il4i1b, Il4ra, Il5, Il5ra, Il6, Il6ra, Il6st, Il7, Il7r, Il9, Il9r, Ildr1, Ildr2, Ilf3, Ilk, Ilkap, Ilrun, Immp2l, Impa1, Impa2, Impact, Impdh2, Ina, Inava, Inca1, Incenp, Ing1, Ing2, Ing3, Ing5, Inha, Inhba, Inhbb, Inhbc, Inhbe, Inhca, Inip, Inmt, Ino80, Ino80b, Ino80c, Ino80d, Inpp4b, Inpp5a, Inpp5b, Inpp5d, Inpp5e, Inpp5f, Inpp5k, Inppl1, Ins1, Ins2, Insig1, Insig2, Insl3, Insl5, Insl6, Insr, Insrr, Insyn1, Insyn2a, Ints3, Ints7, Ints9, Intu, Invs, Ip6k2, Ipo5, Ipo7, Iqce, Iqgap1, Iqgap2, Iqgap3, Iqschfp, Iqsec1, Iqsec2, Iqsec3, Iqub, Irag1, Irak1, Irak1bp1, Irak2, Irak3, Irak4, Ireb2, Irf1, Irf2, Irf3, Irf4, Irf5, Irf7, Irf8, Irgm1, Irgm2, Irs1, Irs2, Irs3, Irs4, Irx6, Isg15, Isg20, Isl1, Itch, Itfg2, Itga1, Itga10, Itga11, Itga2, Itga2b, Itga3, Itga4, Itga5, Itga6, Itga7, Itga8, Itga9, Itgad, Itgae, Itgal, Itgam, Itgav, Itgax, Itgb1, Itgb1bp1, Itgb2, Itgb2l, Itgb3, Itgb4, Itgb5, Itgb6, Itgb7, Itgb8, Itgbl1, Itih4, Itk, Itln1, Itlnb, Itm2a, Itm2c, Itpka, Itpkb, Itpkc, Itpr1, Itpr2, Itpr3, Itprip, Itsn1, Ivl, Ivns1abp, Jade1, Jag1, Jag2, Jagn1, Jak1, Jak2, Jak3, Jam3, Jaml, Jarid2, Jcad, Jchain, Jkamp, Jmjd6, Jmjd8, Jmy, Jpt2, Jrk, Jun, Junb, Jund, Jup, Kalrn, Kank1, Kank2, Kars1, Kash5, Kat2a, Kat2b, Kat5, Kat6a, Kat6b, Kat7, Kazald1, Kbtbd2, Kbtbd6, Kbtbd7, Kcmf1, Kcna1, Kcna5, Kcnb1, Kcnc1, Kcnc2, Kcnd2, Kcnd3, Kcne1, Kcne2, Kcnh1, Kcnh2, Kcnip1, Kcnip2, Kcnip3, Kcnip4, Kcnj1, Kcnj10, Kcnj11, Kcnj16, Kcnj2, Kcnj3, Kcnj8, Kcnk1, Kcnk13, Kcnk18, Kcnk2, Kcnk3, Kcnk4, Kcnk9, Kcnma1, Kcnmb1, Kcnmb2, Kcnmb3, Kcnmb4, Kcnn4, Kcnq1, Kcnq2, Kcnq3, Kcp, Kctd10, Kctd11, Kctd12, Kctd12b, Kctd13, Kctd16, Kctd20, Kctd21, Kctd6, Kctd8, Kctd9, Kdelr1, Kdm1a, Kdm2a, Kdm3a, Kdm3b, Kdm4a, Kdm4c, Kdm4d, Kdm5b, Kdm5c, Kdm5d, Kdm6a, Kdm6b, Kdm8, Kdr, Keap1, Khdc3, Khdrbs1, Khk, Khsrp, Kics2, Kidins220, Kif14, Kif16b, Kif18a, Kif21a, Kif22, Kif26a, Kif3a, Kif5b, Kif7, Kin, Kir3dl1, Kir3dl2, Kiss1, Kiss1r, Kit, Kitl, Kl, Klb, Klf10, Klf11, Klf14, Klf15, Klf16, Klf2, Klf3, Klf4, Klf5, Klf6, Klf7, Klf9, Klhdc10, Klhl12, Klhl15, Klhl22, Klhl31, Klhl6, Klk14, Klk1b1, Klk1b3, Klk1b4, Klk5, Klk6, Klk7, Klk8, Klkb1, Klra8, Klrb1, Klrb1a, Klrb1b, Klrb1c, Klrb1f, Klrc1, Klrc2, Klrc3, Klrd1, Klre1, Klrg1, Klrh1, Klri1, Klri2, Klrk1, Kmo, Kmt2a, Kmt2d, Kmt2e, Kmt5a, Kmt5b, Kmt5c, Kndc1, Kng1, Kng2, Knl1, Knstrn, Kntc1, Kpna1, Kpna2, Kpna4, Kpna6, Kptn, Kras, Kremen1, Kremen2, Krt1, Krt10, Krt13, Krt14, Krt16, Krt18, Krt19, Krt20, Krt5, Krt6a, Krt8, Krtap21-1, Ksr1, Ksr2, Kyat1, Kynu, L1cam, Lacc1, Lag3, Lair1, Lalba, Lama1, Lama2, Lama5, Lamb1, Lamb2, Lamc1, Lamp1, Lamp2, Lamp3, Lamtor1, Lamtor2, Lamtor3, Lamtor4, Lamtor5, Lancl1, Lancl2, Laptm5, Large1, Larp1, Lars1, Lat, Lat2, Lats1, Lats2, Lax1, Lbh, Lbp, Lbx2, Lcat, Lce1d, Lck, Lcmt1, Lcn2, Lcn8, Lcor, Lcp1, Lcp2, Lct, Ldb1, Ldlr, Ldlrad4, Ldlrap1, Ldoc1, Leap2, Lect2, Lef1, Lefty1, Lefty2, Lemd2, Lemd3, Leo1, Lep, Lepr, Leprot, Leprotl1, Letm1, Letmd1, Lfng, Lgals1, Lgals12, Lgals2, Lgals3, Lgals4, Lgals6, Lgals8, Lgals9, Lgmn, Lgr4, Lgr5, Lgr6, Lhb, Lhcgr, Lhfpl5, Lhx1, Lias, Lif, Lifr, Lig1, Lig3, Lig4, Lilra5, Lilra6, Lilrb4a, Lilrb4b, Limd1, Lime1, Lims1, Lims2, Lin28a, Lingo1, Lipa, Lipe, Lipg, Litaf, Llgl1, Llgl2, Lmbr1, Lmbr1l, Lmbrd2, Lmcd1, Lmna, Lmnb1, Lmo3, Lmtk2, Lmx1a, Lmx1b, Lncbate10, Lnclep, Lnpep, Lnpk, Lonp1, Lox, Loxl2, Loxl3, Lpar1, Lpar2, Lpar3, Lpar4, Lpar5, Lpar6, Lpcat3, Lpin1, Lpin2, Lpin3, Lpl, Lpo, Lpxn, Lrat, Lrba, Lrch1, Lrch4, Lrfn5, Lrg1, Lrig2, Lrit3, Lrp1, Lrp11, Lrp2, Lrp4, Lrp5, Lrp6, Lrp8, Lrpap1, Lrr1, Lrrc10b, Lrrc14, Lrrc15, Lrrc19, Lrrc2, Lrrc30, Lrrc32, Lrrc39, Lrrc40, Lrrc55os, Lrrc58, Lrrc63, Lrrc69, Lrrc8a, Lrrc8b, Lrrc8c, Lrrc8d, Lrrc8e, Lrrd1, Lrrfip2, Lrriq4, Lrrk1, Lrrk2, Lrrn4, Lrsam1, Lsm14a, Lsm5, Lsp1, Lst1, Lta, Lta4h, Ltb, Ltb4r1, Ltb4r2, Ltbp1, Ltbp3, Ltbp4, Ltbr, Ltf, Ltk, Lurap1, Lurap1l, Lxn, Ly6a, Ly6c1, Ly6c2, Ly6d, Ly6e, Ly6f, Ly6g, Ly6g2, Ly6g6c, Ly6g6d, Ly6g6e, Ly6g6g, Ly6h, Ly6i, Ly6m, Ly86, Ly9, Ly96, Lyar, Lyg1, Lyg2, Lyn, Lynx1, Lypd1, Lypd10, Lypd11, Lypd6, Lypd8, Lypd8l, Lyplal1, Lyst, Lyz1, Lyz2, Lyz3, Lyzl6, Lztr1, Lzts2, Macf1, Macir, Maco1, Macrod1, Macrod2, Macroh2a1, Mad1l1, Mad2l1, Mad2l1bp, Mad2l2, Madcam1, Madd, Mael, Mafa, Mag, Maged1, Magi1, Magi2, Magi3, Majin, Mak, Mal, Malt1, Maml1, Maml2, Maml3, Man1a, Man1a2, Man1b1, Man1c1, Manf, Maoa, Maob, Map1b, Map1lc3a, Map1lc3b, Map2k1, Map2k2, Map2k3, Map2k4, Map2k5, Map2k6, Map2k7, Map3k1, Map3k10, Map3k11, Map3k12, Map3k13, Map3k14, Map3k15, Map3k19, Map3k2, Map3k20, Map3k21, Map3k3, Map3k4, Map3k5, Map3k6, Map3k7, Map3k8, Map3k9, Map4k1, Map4k2, Map4k3, Map4k4, Map4k5, Map7, Mapk1, Mapk10, Mapk11, Mapk12, Mapk13, Mapk14, Mapk15, Mapk3, Mapk4, Mapk6, Mapk7, Mapk8, Mapk8ip1, Mapk8ip2, Mapk8ip3, Mapk9, Mapkap1, Mapkapk2, Mapkapk3, Mapkapk5, Mapkbp1, Mapre2, Mapt, Marchf1, Marchf2, Marchf6, Marchf7, Marchf8, Marcks, Marco, Marf1, Mark1, Mark2, Mark3, Mark4, Mars1, Marveld3, Mas1, Masp1, Masp2, Mast1, Mast2, Mast3, Mast4, Mastl, Mat2a, Matn2, Matn4, Matr3, Mavs, Max, Maz, Mb, Mbd2, Mbd3, Mbd4, Mbd5, Mbip, Mbl1, Mbl2, Mbp, Mbtd1, Mbtps1, Mbtps2, Mc1r, Mc2r, Mc3r, Mc4r, Mc5r, Mcam, Mcc, Mcf2, Mcf2l, Mchr1, Mcl1, Mcm10, Mcm2, Mcm3, Mcm4, Mcm5, Mcm6, Mcm7, Mcm8, Mcm9, Mcmdc2, Mcoln1, Mcoln2, Mcph1, Mcpt1, Mcrs1, Mctp1, Mcts1, Mcu, Mdc1, Mdfi, Mdfic, Mdfic2, Mdk, Mdm2, Mdm4, Me1, Meaf6, Meak7, Mecom, Mecp2, Med1, Med12, Mef2a, Mef2c, Mefv, Megf8, Meiob, Meioc, Meiosin, Meis2, Meis3, Melk, Men1, Mep1b, Mertk, Mesd, Mesp1, Mesp2, Mest, Met, Metrnl, Mettl1, Mettl14, Mettl21c, Mettl3, Mexis, Mfap4, Mff, Mfhas1, Mfn2, Mfng, Mfsd2a, Mfsd2b, Mfsd6, Mfsd8, Mga, Mgarp, Mgat3, Mgat5, Mgl2, Mgll, Mgme1, Mgmt, Mgrn1, Mgst1, Mgst2, Mgst3, Mia, Mia3, Mib1, Mib2, Micall1, Micu1, Micu2, Micu3, Mid1, Mid2, Mief1, Mif, Mill1, Mill2, Milr1, Minar1, Mink1, Mios, Mir100, Mir101a, Mir101b, Mir103-1, Mir103-2, Mir106a, Mir106b, Mir107, Mir10a, Mir10b, Mir1192, Mir1195, Mir1198, Mir122, Mir1224, Mir125a, Mir125b-1, Mir125b-2, Mir126a, Mir127, Mir129, Mir130a, Mir130b, Mir132, Mir133a-1, Mir133a-2, Mir133b, Mir134, Mir135a-1, Mir135a-2, Mir135b, Mir137, Mir138-1, Mir138-2, Mir139, Mir140, Mir142, Mir143, Mir144, Mir145a, Mir145b, Mir146, Mir146b, Mir147, Mir148a, Mir148b, Mir149, Mir150, Mir151, Mir152, Mir154, Mir155, Mir15a, Mir15b, Mir16-1, Mir16-2, Mir17, Mir17hg, Mir18, Mir181a-1, Mir181a-2, Mir181b-1, Mir181b-2, Mir181c, Mir181d, Mir182, Mir183, Mir184, Mir185, Mir1894, Mir1895, Mir1896, Mir1897, Mir1899, Mir18b, Mir190a, Mir190b, Mir191, Mir192, Mir1934, Mir193a, Mir193b, Mir194-1, Mir194-2, Mir1948, Mir195a, Mir196a-1, Mir196a-2, Mir1983, Mir199a-1, Mir199a-2, Mir199b, Mir199s, Mir19b-1, Mir19b-2, Mir1a-1, Mir1a-2, Mir200a, Mir200b, Mir200c, Mir202, Mir203, Mir204, Mir205, Mir206, Mir207, Mir208a, Mir208b, Mir20a, Mir20b, Mir210, Mir211, Mir214, Mir215, Mir216a, Mir216b, Mir217, Mir218, Mir218-1, Mir218-2, Mir219a-1, Mir219a-2, Mir21a, Mir22, Mir221, Mir222, Mir223, Mir224, Mir22hg, Mir23a, Mir23b, Mir24-1, Mir24-2, Mir25, Mir26a-1, Mir26a-2, Mir26b, Mir27a, Mir27b, Mir28a, Mir290a, Mir291a, Mir291b, Mir292, Mir293, Mir294, Mir295, Mir296, Mir297-1, Mir297c, Mir298, Mir29a, Mir29b-1, Mir29b-2, Mir29c, Mir300, Mir301, Mir301b, Mir302a, Mir302b, Mir302c, Mir302d, Mir3065, Mir3072, Mir3092, Mir3099, Mir30a, Mir30b, Mir30c-1, Mir30c-2, Mir30d, Mir30e, Mir31, Mir32, Mir320, Mir322, Mir323, Mir324, Mir325, Mir326, Mir327, Mir329, Mir330, Mir331, Mir335, Mir337, Mir338, Mir339, Mir340, Mir342, Mir344, Mir344-2, Mir345, Mir346, Mir3473c, Mir34a, Mir34b, Mir34c, Mir350, Mir351, Mir362, Mir363, Mir365-1, Mir365-2, Mir367, Mir369, Mir370, Mir374b, Mir376a, Mir376b, Mir376c, Mir377, Mir378a, Mir379, Mir380, Mir381, Mir382, Mir383, Mir384, Mir409, Mir410, Mir421, Mir423, Mir425, Mir429, Mir431, Mir433, Mir434, Mir449a, Mir449c, Mir450-1, Mir450-2, Mir451a, Mir455, Mir465b-1, Mir465b-2, Mir465c-1, Mir465c-2, Mir466, Mir466f-1, Mir466f-2, Mir466f-3, Mir466f-4, Mir466g, Mir466h, Mir466i, Mir466j, Mir467a-1, Mir467a-10, Mir467a-2, Mir467a-3, Mir467a-4, Mir467a-5, Mir467a-6, Mir467a-7, Mir467a-8, Mir467a-9, Mir467b, Mir467d, Mir467f, Mir470, Mir483, Mir484, Mir485, Mir486, Mir487b, Mir489, Mir491, Mir493, Mir494, Mir495, Mir496a, Mir497, Mir499, Mir500, Mir501, Mir503, Mir504, Mir511, Mir5128, Mir532, Mir539, Mir540, Mir542, Mir543, Mir544, Mir5621, Mir574, Mir592, Mir598, Mir615, Mir652, Mir654, Mir665, Mir666, Mir667, Mir668, Mir669c, Mir669f, Mir670, Mir671, Mir672, Mir674, Mir675, Mir676, Mir679, Mir680-1, Mir680-2, Mir680-3, Mir687, Mir690, Mir691, Mir695, Mir696, Mir7-1, Mir7-2, Mir700, Mir705, Mir706, Mir708, Mir709, Mir711, Mir7116, Mir714, Mir741, Mir743b, Mir744, Mir7578, Mir760, Mir762, Mir764, Mir7b, Mir802, Mir872, Mir873a, Mir874, Mir875, Mir878, Mir881, Mir883b, Mir9-1, Mir9-2, Mir9-3, Mir92-1, Mir92-2, Mir92b, Mir93, Mir96, Mir98, Mir99a, Mirlet7a-1, Mirlet7a-2, Mirlet7b, Mirlet7d, Mirlet7e, Mirlet7f-1, Mirlet7f-2, Mirlet7g, Mirlet7i, Mirt1, Mirt2, Mitf, Mkks, Mknk1, Mknk2, Mkrn1, Mkrn2, Mks1, Mkx, Mlc1, Mlf1, Mlh1, Mlh3, Mlip, Mlkl, Mllt11, Mllt3, Mlst8, Mlx, Mlxipl, Mlycd, Mmd2, Mme, Mmp12, Mmp13, Mmp14, Mmp15, Mmp19, Mmp1a, Mmp1b, Mmp2, Mmp24, Mmp28, Mmp3, Mmp7, Mmp8, Mmp9, Mmrn1, Mmrn2, Mms19, Mms22l, Mn1, Mnat1, Mndal, Mnt, Moap1, Mob1a, Mob1b, Mob2, Mob3a, Mob3b, Mob3c, Mob4, Mog, Mok, Morc1, Morc2a, Morc2b, Morc3, Morf4l1, Morf4l2, Morn3, Morn4, Mos, Mosmo, Mospd2, Mov10, Mpc1, Mpc2, Mpeg1, Mpg, Mpig6b, Mpl, Mpnd, Mpo, Mpp1, Mpp2, Mptx1, Mptx2, Mpv17, Mpv17l, Mr1, Mrap, Mrap2, Mras, Mrc1, Mre11a, Mrgbp, Mrgpra1, Mrgpra2a, Mrgpra2b, Mrgpra3, Mrgpra4, Mrgpra5, Mrgpra6, Mrgpra7, Mrgpra8, Mrgpra9, Mrgprb1, Mrgprb2, Mrgprb3, Mrgprb4, Mrgprb5, Mrgprb8, Mrgprd, Mrgpre, Mrgprf, Mrgprg, Mrgprh, Mrgprx1, Mrgprx2, Mrln, Mrnip, Mroh2b, Mrpl15, Mrtfa, Ms4a1, Ms4a10, Ms4a12, Ms4a13, Ms4a14, Ms4a15, Ms4a18, Ms4a19, Ms4a2, Ms4a5, Ms4a6b, Ms4a6c, Ms4a6d, Ms4a7, Ms4a8a, Msc, Msh2, Msh3, Msh4, Msh5, Msh6, Msi1, Msl2, Msmp, Msn, Msra, Msrb1, Msrb2, Msrb3, Mst1, Mst1r, Mstn, Msx1, Msx2, mt-Atp6, mt-Co1, mt-Co2, mt-Cytb, mt-Nd1, mt-Nd3, mt-Nd4, mt-Nd5, mt-Nd6, Mt1, Mt2, Mt3, Mt4, Mta1, Mtarc1, Mtarc2, Mtbp, Mtch2, Mtcl2, Mtcp1, Mtdh, Mtf1, Mtf2, Mtfp1, Mtm1, Mtmr2, Mtmr3, Mtmr4, Mtnr1a, Mtnr1b, Mtor, Mtpn, Mtr, Mtrex, Mtss1, Mtss2, Mttp, Mturn, Mtus1, Muc1, Muc16, Muc19, Muc2, Muc20, Muc4, Muc5b, Mul1, Mup1, Mup11, Mup2, Mup20, Mup3, Mup4, Mup5, Mus81, Musk, Mutyh, Mvb12a, Mvb12b, Mvk, Mvp, Mx1, Mx2, Myadm, Myb, Mybbp1a, Mybl2, Myc, Mycbp2, Myd88, Mydgf, Myh10, Myh13, Myh2, Myh4, Myh6, Myh7, Myh7b, Myh9, Myhas, Mylip, Mylk, Mylk2, Mylk3, Mylk4, Mylpf, Mymk, Mynn, Myo15a, Myo16, Myo18a, Myo1c, Myo1e, Myo1f, Myo1g, Myo5a, Myo6, Myo9a, Myo9b, Myoc, Myocd, Myod1, Myof, Myog, Myom1, Myorg, Myoz1, Myoz2, Myrf, Myt1, Myzap, Mzb1, n-TUtca2, N4bp1, N4bp3, N6amt1, Naaladl2, Nabp1, Nabp2, Nacc2, Nadk, Nae1, Nagk, Naglu, Naip1, Naip2, Naip5, Naip6, Naip7, Nampt, Nanog, Nanos3, Napepld, Naprt, Nbeal2, Nbl1, Nbn, Nbr1, Ncald, Ncam1, Ncbp1, Ncbp3, Nccrp1, Nceh1, Ncf1, Ncf2, Nck1, Nck2, Nckap1, Nckap1l, Ncl, Ncln, Ncoa1, Ncoa2, Ncoa3, Ncoa4, Ncoa5, Ncoa6, Ncoa7, Ncor1, Ncor2, Ncr1, Ncr3-ps, Ncs1, Ncstn, Ndc80, Ndel1, Ndfip1, Ndn, Ndnf, Ndp, Ndrg1, Ndrg2, Ndrg3, Ndrg4, Ndst1, Ndufa12, Ndufa13, Ndufa6, Ndufaf2, Ndufaf4, Ndufb4, Ndufb4b, Ndufb4c, Ndufc2, Ndufs2, Ndufs3, Ndufs4, Ndufs6, Ndufs8, Neat1, Necab2, Nectin2, Nedd4, Nedd4l, Nedd9, Nefh, Nefl, Negr1, Neil1, Neil2, Neil3, Nek1, Nek10, Nek11, Nek4, Nek7, Nek8, Nelfe, Nenf, Neo1, Nepn, Nepro, Net1, Neto1, Neu3, Neurl1a, Neurl1b, Neurl2, Neurl3, Neurl4, Neurod1, Neurod2, Neurod4, Neurog1, Nexn, Nf1, Nf2, Nfam1, Nfat5, Nfatc1, Nfatc2, Nfatc3, Nfatc4, Nfe2l1, Nfe2l2, Nfia, Nfib, Nfil3, Nfix, Nfkb1, Nfkb2, Nfkbia, Nfkbib, Nfkbid, Nfkbil1, Nfkbiz, Nfrkb, Nfyb, Ngb, Ngef, Ngf, Ngfr, Ngly1, Ngp, Nhej1, Nherf1, Nherf2, Nherf4, Nhlrc1, Niban1, Nid1, Nim1k, Ninj1, Nipbl, Nisch, Nkap, Nkd1, Nkd2, Nkg7, Nkiras1, Nkiras2, Nkx2-1, Nkx2-2, Nkx2-3, Nkx2-5, Nkx3-1, Nkx6-1, Nle1, Nlgn1, Nlgn2, Nlgn3, Nlgn4l, Nlk, Nlrc3, Nlrc4, Nlrc5, Nlrp10, Nlrp12, Nlrp14, Nlrp1a, Nlrp1b, Nlrp2, Nlrp3, Nlrp4a, Nlrp4b, Nlrp4c, Nlrp4e, Nlrp4f, Nlrp5, Nlrp6, Nlrp9a, Nlrp9b, Nlrp9c, Nlrx1, Nmb, Nmbr, Nme2, Nme3, Nme5, Nme7, Nme8, Nmi, Nmnat1, Nmnat3, Nms, Nmu, Nmur1, Nmur2, Nnat, Nnmt, Nnt, Noc2l, Noct, Nod1, Nod2, Nodal, Nog, Nol3, Nol8, Nono, Nop2, Nop53, Nos1, Nos2, Nos3, Nostrin, Notch1, Notch2, Notch3, Notch4, Notum, Nova2, Nox1, Nox3, Nox4, Npas1, Npas2, Npas3, Npas4, Npb, Npbwr1, Npc1, Npc1l1, Npc2, Npepps, Npff, Npffr1, Npffr2, Nphp3, Nphp4, Nphs1, Nploc4, Npm1, Npnt, Nppa, Nppb, Nppc, Npr1, Npr2, Npr3, Nprl2, Nprl3, Nps, Npsr1, Nptn, Nptx1, Npvf, Npw, Npy, Npy1r, Npy2r, Npy4r, Npy5r, Npy6r, Nqo1, Nqo2, Nr0b1, Nr0b2, Nr1d1, Nr1d2, Nr1h2, Nr1h3, Nr1h4, Nr1h5, Nr1i2, Nr1i3, Nr2c1, Nr2c2, Nr2e1, Nr2f2, Nr2f6, Nr3c1, Nr3c2, Nr4a1, Nr4a2, Nr4a3, Nr5a1, Nr5a2, Nradd, Nrarp, Nras, Nrbf2, Nrbp1, Nrbp2, Nrde2, Nrep, Nrf1, Nrg1, Nrg2, Nrg3, Nrg4, Nrgn, Nrip1, Nrip2, Nrk, Nron, Nrp1, Nrp2, Nrros, Nrtn, Nrxn1, Nrxn2, Nscme3l, Nsd2, Nsdhl, Nsmaf, Nsmce1, Nsmce2, Nsmce3, Nsmce4a, Nsmf, Nsun2, Nt5c2, Nt5c3, Nt5e, Ntf3, Ntf5, Nthl1, Ntn1, Ntrk1, Ntrk2, Ntrk3, Nts, Ntsr1, Ntsr2, Nuak1, Nuak2, Nucb1, Nucb2, Nucks1, Nudc, Nudt1, Nudt15, Nudt16l1, Nuf2, Nuggc, Numa1, Numbl, Nup35, Nup62, Nup85, Nup93, Nupr1, Nupr2, Nus1, Nxn, Nyap1, Nyap2, Oard1, Oas1a, Oas1b, Oas1c, Oas1d, Oas1e, Oas1f, Oas1g, Oas1h, Oas2, Oas3, Oasl1, Oasl2, Oaz1, Obox4, Obp2a, Obscn, Ociad2, Ocln, Ocm, Ocrl, Ocstamp, Odam, Odc1, Ofd1, Oga, Ogg1, Ogn, Ogt, Olfm1, Olfm2, Olfm3, Olfm4, Olfm5, Olfml2a, Olfml2b, Olfml3, Olfr100, Olfr1060-ps1, Olfr197, Olfr255, Olfr256, Olfr363-ps, Olfr908, Olr1, Oma1, Omg, Omp, Onecut1, Onecut2, Ooep, Opa1, Ophn1, Opn1mw, Opn1sw, Opn3, Opn4, Opn5, Oprd1, Oprk1, Oprl1, Oprm1, Optn, Or10a2, Or10a3, Or10a3b, Or10a3m, Or10a3n, Or10a4, Or10a48, Or10a49, Or10a5, Or10aa1, Or10aa3, Or10ab4, Or10ab5, Or10ac1, Or10ad1, Or10ad1b, Or10ad1c, Or10ag2, Or10ag52, Or10ag53, Or10ag54, Or10ag56, Or10ag57, Or10ag58, Or10ag59, Or10ag60, Or10ah1-ps1, Or10ak11, Or10ak12, Or10ak13, Or10ak14, Or10ak16, Or10ak7, Or10ak8, Or10ak9, Or10al2, Or10al3, Or10al4, Or10al5, Or10al6, Or10al7, Or10am5, Or10b1, Or10c1, Or10d1, Or10d1b, Or10d1c, Or10d3, Or10d4, Or10d4b, Or10d4c, Or10d5, Or10d5j, Or10g1, Or10g1b, Or10g3, Or10g3b, Or10g6, Or10g7, Or10g9, Or10g9b, Or10h1, Or10h1b, Or10h28, Or10h5, Or10j2, Or10j27, Or10j3, Or10j3b, Or10j5, Or10j7, Or10k2, Or10n1, Or10p1, Or10p21, Or10p22, Or10q1, Or10q12, Or10q1b, Or10q3, Or10s1, Or10u3, Or10u4, Or10v1, Or10v5, Or10v9, Or10w1, Or10x1, Or10x4, Or10z1, Or11a4, Or11g1, Or11g2, Or11g24, Or11g25, Or11g26, Or11g27, Or11g7, Or11h23, Or11h4, Or11h4b, Or11h6, Or11h7, Or11i1, Or11j4, Or11l3, Or11m3, Or11n2, Or11q2, Or12d12, Or12d13, Or12d14-ps1, Or12d15, Or12d16-ps1, Or12d17, Or12d2, Or12e1, Or12e10, Or12e13, Or12e14, Or12e7, Or12e8, Or12e9, Or12j2, Or12j3, Or12j4, Or12j5, Or12k5, Or12k7, Or12k8, Or13a1, Or13a17, Or13a18, Or13a19, Or13a20, Or13a21, Or13a22, Or13a24, Or13a25, Or13a26, Or13a27, Or13a28, Or13ae2, Or13c25, Or13c3, Or13c7, Or13c7b, Or13c7c, Or13c7d, Or13d1, Or13e8, Or13f5, Or13g1, Or13j1, Or13l2, Or13n4, Or13p10, Or13p3, Or13p4, Or13p5, Or13p8, Or14a256, Or14a257, Or14a258, Or14a259, Or14a260, Or14c39, Or14c40, Or14c41, Or14c43, Or14c44, Or14c45, Or14c46, Or14j1, Or14j10, Or14j2, Or14j3, Or14j4, Or14j5, Or14j6, Or14j7, Or14j8, Or14j9, Or1a1, Or1a1b, Or1aa2, Or1ab2, Or1ad1, Or1ad6, Or1ad8, Or1af1, Or1ak2, Or1b1, Or1d2, Or1e1, Or1e16, Or1e17, Or1e19, Or1e1c, Or1e1f, Or1e21, Or1e22, Or1e23, Or1e25, Or1e26, Or1e29, Or1e30, Or1e31, Or1e32, Or1e33, Or1e34, Or1e35, Or1f12, Or1f19, Or1i2, Or1j1, Or1j10, Or1j11, Or1j12, Or1j13, Or1j14, Or1j15, Or1j16, Or1j17, Or1j18, Or1j19, Or1j20, Or1j21, Or1j4, Or1j8, Or1l4, Or1l4b, Or1l8, Or1m1, Or1n1, Or1n1b, Or1n2, Or1o1, Or1o11, Or1o2, Or1o3, Or1o4, Or1p1, Or1p1c, Or1q1, Or1r1, Or1s2, Or1x2, Or1x6, Or2a12, Or2a14, Or2a20, Or2a25, Or2a5, Or2a51, Or2a52, Or2a54, Or2a56, Or2a57, Or2a7, Or2aa1, Or2ab1, Or2ad1, Or2ag1, Or2ag12, Or2ag13, Or2ag15, Or2ag16, Or2ag17, Or2ag18, Or2ag19, Or2ag1b, Or2ag2, Or2ag20, Or2ag2b, Or2ah1, Or2aj4, Or2aj5, Or2aj6, Or2ak4, Or2ak5, Or2ak6, Or2ak7, Or2at1, Or2at4, Or2av9, Or2b11, Or2b2, Or2b28, Or2b2b, Or2b4, Or2b6, Or2b7, Or2bd2, Or2c1, Or2d2, Or2d2b, Or2d3, Or2d36, Or2d3b, Or2d3c, Or2d4, Or2f1, Or2f1b, Or2f2, Or2g1, Or2g25, Or2g7, Or2h1, Or2h15, Or2h1b, Or2h2, Or2h2c, Or2i1, Or2j3, Or2j6, Or2k2, Or2l13, Or2l13b, Or2l5, Or2m12, Or2m13, Or2n1, Or2n1b, Or2n1c, Or2n1d, Or2n1e, Or2o1, Or2p2, Or2q1, Or2r11, Or2r2, Or2r3, Or2t1, Or2t26, Or2t29, Or2t35, Or2t43, Or2t44, Or2t45, Or2t46, Or2t47, Or2t48, Or2t49, Or2t6, Or2v1, Or2v2, Or2w1, Or2w1b, Or2w2, Or2w25, Or2w3, Or2w3b, Or2w4, Or2w6, Or2y1, Or2y10, Or2y11, Or2y12, Or2y13, Or2y14, Or2y15, Or2y16, Or2y17, Or2y1b, Or2y1c, Or2y1d, Or2y1e, Or2y1f, Or2y1g, Or2y3, Or2y6, Or2y8, Or2z2, Or2z8, Or2z9, Or3a1, Or3a10, Or3a1b, Or3a1c, Or3a1d, Or3a4, Or4a15, Or4a2, Or4a27, Or4a39, Or4a47, Or4a66, Or4a67, Or4a68, Or4a69, Or4a70, Or4a71, Or4a72, Or4a73, Or4a74, Or4a75, Or4a76, Or4a77, Or4a78, Or4a79, Or4a81, Or4b1, Or4b12, Or4b13, Or4b1b, Or4b1c, Or4b1d, Or4c1, Or4c10, Or4c100, Or4c101, Or4c102, Or4c103, Or4c104, Or4c105, Or4c106, Or4c107, Or4c108, Or4c109, Or4c10b, Or4c11, Or4c110, Or4c111, Or4c112, Or4c113, Or4c114, Or4c115, Or4c116, Or4c117, Or4c118, Or4c11b, Or4c11c, Or4c12, Or4c120, Or4c121, Or4c122, Or4c123, Or4c124, Or4c125, Or4c126, Or4c127, Or4c12b, Or4c15, Or4c15b, Or4c29, Or4c3, Or4c31, Or4c35, Or4c3d, Or4c52, Or4c58, Or4d1, Or4d10, Or4d10b, Or4d10c, Or4d11, Or4d2, Or4d2b, Or4d5, Or4d6, Or4e1, Or4e2, Or4e5, Or4f14, Or4f14b, Or4f14d, Or4f15, Or4f17, Or4f47, Or4f4b, Or4f52, Or4f53, Or4f54, Or4f56, Or4f57, Or4f58, Or4f59, Or4f6, Or4f60, Or4f61, Or4f62, Or4f7, Or4g16, Or4g17, Or4g7, Or4k1, Or4k15, Or4k15b, Or4k15c, Or4k2, Or4k35, Or4k36, Or4k37, Or4k38, Or4k39, Or4k40, Or4k41, Or4k42, Or4k44, Or4k45, Or4k47, Or4k48, Or4k49, Or4k5, Or4k51, Or4k52, Or4k6, Or4k77, Or4l1, Or4l15, Or4m1, Or4n4, Or4n4b, Or4n5, Or4p18, Or4p19, Or4p20, Or4p22, Or4p23, Or4p7, Or4p8, Or4q3, Or4s2b, Or4x11, Or4x13, Or4x15, Or4x6, Or4z4, Or51a10, Or51a24, Or51a25, Or51a39, Or51a42, Or51a43, Or51a5, Or51a6, Or51a7, Or51a8, Or51aa2, Or51aa5, Or51ab3, Or51ac3, Or51af1, Or51ag1, Or51ah3, Or51ai2, Or51b17, Or51b4, Or51b6, Or51b6b, Or51d1, Or51e1, Or51e2, Or51f1, Or51f1d, Or51f1e, Or51f2, Or51f23, Or51f23b, Or51f5, Or51g1, Or51g2, Or51h1, Or51h5, Or51i1, Or51i2, Or51k1, Or51k2, Or51l14, Or51l4, Or51m1, Or51q1, Or51q1c, Or51r1, Or51s1, Or51t4, Or51v14, Or51v8, Or52a20, Or52a24, Or52a33, Or52a5, Or52a5b, Or52ab2, Or52ab4, Or52ab7, Or52ac1, Or52ad1, Or52ae7, Or52ae9, Or52b1, Or52b2, Or52b3, Or52b4, Or52d1, Or52d13, Or52d3, Or52e15, Or52e18, Or52e19b, Or52e2, Or52e3, Or52e4, Or52e5, Or52e7, Or52e8, Or52e8b, Or52h1, Or52h2, Or52h7, Or52h9, Or52i2, Or52j3, Or52k2, Or52l1, Or52m1, Or52m2, Or52n1, Or52n2, Or52n20, Or52n2b, Or52n2c, Or52n3, Or52n4, Or52n4b, Or52n5, Or52p1, Or52p2, Or52r1, Or52r1b, Or52r1c, Or52s1, Or52s19, Or52s1b, Or52s6, Or52u1, Or52w1, Or52x1, Or52z1, Or52z12, Or52z13, Or52z14, Or55b10, Or55b3, Or55b4, Or56a3, Or56a3b, Or56a4, Or56a5, Or56b1, Or56b1b, Or56b2, Or56b2j, Or56b34, Or56b35, Or56b6, Or5a1, Or5a3, Or5ac15, Or5ac16, Or5ac17, Or5ac19, Or5ac20, Or5ac21, Or5ac22, Or5ac23, Or5ac24, Or5ac25, Or5ae1, Or5ae2, Or5af1, Or5af2, Or5ak20, Or5ak22, Or5ak23, Or5ak24, Or5ak25, Or5ak4, Or5al1, Or5al5, Or5al6, Or5al7, Or5an1, Or5an10, Or5an11, Or5an1b, Or5an1c, Or5an6, Or5an9, Or5ap2, Or5aq1, Or5aq1b, Or5aq6, Or5aq7, Or5ar1, Or5as1, Or5au1, Or5b101, Or5b102, Or5b104, Or5b105, Or5b106, Or5b107, Or5b108, Or5b109, Or5b111, Or5b112, Or5b113, Or5b116, Or5b117, Or5b118, Or5b119, Or5b12, Or5b120, Or5b121, Or5b122, Or5b123, Or5b124, Or5b12b, Or5b21, Or5b24, Or5b3, Or5b94, Or5b95, Or5b96, Or5b97, Or5b98, Or5b99, Or5bb10, Or5be3, Or5bh3, Or5bw2, Or5c1, Or5d14, Or5d16, Or5d18, Or5d20, Or5d3, Or5d35, Or5d36, Or5d37, Or5d38, Or5d39, Or5d40, Or5d41, Or5d43, Or5d44, Or5d45, Or5d46, Or5d47, Or5e1, Or5g23, Or5g25, Or5g26, Or5g27, Or5g29, Or5g9, Or5h17, Or5h18, Or5h19, Or5h22, Or5h23, Or5h24-ps1, Or5h25, Or5h26, Or5i1, Or5j1, Or5j3, Or5k1, Or5k14, Or5k15, Or5k16, Or5k17, Or5k1b, Or5k3, Or5l13, Or5l14, Or5m10, Or5m10b, Or5m11b, Or5m12, Or5m13, Or5m13b, Or5m3, Or5m3b, Or5m5, Or5m8, Or5m9, Or5m9b, Or5o1, Or5p1, Or5p4, Or5p5, Or5p50, Or5p51, Or5p52, Or5p53, Or5p54, Or5p55, Or5p56, Or5p57, Or5p58, Or5p59, Or5p5c-ps1, Or5p6, Or5p60, Or5p61, Or5p62, Or5p63, Or5p64, Or5p66, Or5p67, Or5p68, Or5p69, Or5p70, Or5p72, Or5p73, Or5p76, Or5p78, Or5p79, Or5p80, Or5p81, Or5t15, Or5t16, Or5t17, Or5t18, Or5t5, Or5t7, Or5t9, Or5v1, Or5v1b, Or5w1, Or5w10, Or5w11, Or5w12, Or5w13, Or5w14, Or5w15, Or5w16, Or5w17, Or5w18, Or5w19, Or5w1b, Or5w20, Or5w22, Or5w8, Or6a2, Or6aa1, Or6ae1, Or6b1, Or6b13, Or6b2, Or6b2b, Or6b3, Or6b6, Or6b9, Or6c1, Or6c1b, Or6c2, Or6c200-ps1, Or6c201, Or6c202, Or6c203, Or6c205, Or6c206, Or6c207, Or6c208, Or6c209, Or6c210, Or6c211, Or6c212, Or6c213, Or6c214, Or6c215, Or6c216, Or6c217, Or6c219, Or6c2b, Or6c3, Or6c33, Or6c35, Or6c38, Or6c3b, Or6c5, Or6c5c, Or6c6, Or6c63-ps1, Or6c65, Or6c66, Or6c66b, Or6c68, Or6c69, Or6c69b, Or6c69c, Or6c6b, Or6c6c, Or6c70, Or6c74, Or6c75, Or6c76, Or6c76b, Or6c8, Or6c88, Or6c8b, Or6d12, Or6d13, Or6d14, Or6d15, Or6e1, Or6f1, Or6f2, Or6k14, Or6k2, Or6k4, Or6k6, Or6k8, Or6n1, Or6n2, Or6p1, Or6s1, Or6x1, Or6y1, Or6z1, Or6z3, Or6z5, Or6z6, Or6z7, Or7a35, Or7a36, Or7a37, Or7a38, Or7a39, Or7a40, Or7a41, Or7a42, Or7c19, Or7c70, Or7d10, Or7d11, Or7d9, Or7e165, Or7e166, Or7e168, Or7e169, Or7e170, Or7e173, Or7e174, Or7e175, Or7e176, Or7e177, Or7e178, Or7g12, Or7g16, Or7g17, Or7g18, Or7g19, Or7g20, Or7g21, Or7g22, Or7g23, Or7g25, Or7g26, Or7g27, Or7g28, Or7g29, Or7g30, Or7g31, Or7g32, Or7g33, Or7g34, Or7g35, Or7h8, Or7r1, Or8a1, Or8a1b, Or8b1, Or8b101, Or8b12, Or8b12b, Or8b12c, Or8b12i, Or8b1b, Or8b1c, Or8b1d, Or8b3, Or8b35, Or8b36, Or8b37, Or8b38, Or8b39, Or8b3b, Or8b4, Or8b40, Or8b41, Or8b42, Or8b43, Or8b44, Or8b46, Or8b47, Or8b48, Or8b49, Or8b50, Or8b51, Or8b52, Or8b53, Or8b54, Or8b55, Or8b56, Or8b57, Or8b8, Or8b9, Or8c10, Or8c11, Or8c13, Or8c15, Or8c16, Or8c17, Or8c18, Or8c20, Or8c8, Or8c9, Or8d1, Or8d1b, Or8d2, Or8d23, Or8d2b, Or8d4, Or8d6, Or8g17, Or8g18, Or8g19, Or8g2, Or8g20, Or8g21, Or8g22, Or8g23, Or8g24, Or8g26, Or8g27, Or8g28, Or8g2b, Or8g30, Or8g32, Or8g33, Or8g34, Or8g35, Or8g36, Or8g37, Or8g4, Or8g50, Or8g51, Or8g52, Or8g53, Or8g54, Or8g55, Or8h10, Or8h6, Or8h7, Or8h8, Or8h9, Or8i2, Or8j3, Or8j3b, Or8j3c, Or8k1, Or8k16, Or8k17, Or8k18, Or8k20, Or8k22, Or8k23, Or8k24, Or8k25, Or8k27, Or8k28, Or8k3, Or8k30, Or8k32, Or8k33, Or8k35, Or8k37, Or8k38, Or8k39, Or8k3b, Or8k40, Or8k41, Or8k53, Or8s10, Or8s16, Or8s2, Or8s5, Or8s8, Or8u10, Or8u3, Or8u8, Or8u9, Or8w1, Or9a2, Or9a4, Or9a7, Or9e1, Or9g10, Or9g19, Or9g20, Or9g3, Or9g4, Or9g4b, Or9g8, Or9i1, Or9i14, Or9i16, Or9i1b, Or9i2, Or9k2, Or9k2b, Or9k7, Or9m1, Or9m1b, Or9m2, Or9q1, Or9q2, Or9r3, Or9r7, Or9s13, Or9s14, Or9s15, Or9s18, Or9s23, Or9s27, Orai1, Orc1, Orm1, Orm2, Orm3, Os9, Osbp, Osbpl7, Osbpl8, Oscar, Oscp1, Oser1, Osgin1, Osm, Osmr, Osr1, Ostf1, Ostn, Otc, Otof, Otop1, Otub1, Otud3, Otud4, Otud5, Otud7b, Otulin, Otx2, Ovca2, Ovol2, Oxct1, Oxgr1, Oxr1, Oxsr1, Oxt, Oxtr, P2rx1, P2rx2, P2rx3, P2rx4, P2rx5, P2rx6, P2rx7, P2ry1, P2ry10, P2ry10b, P2ry12, P2ry13, P2ry14, P2ry2, P2ry4, P2ry6, P3r3urf, P4hb, Pabir1, Pabpn1, Pacrg, Pacsin1, Pacsin2, Padi2, Padi4, Paf1, Pafah1b1, Pag1, Pagr1a, Pak1, Pak1ip1, Pak2, Pak3, Pak4, Pak5, Pak6, Pakap, Palb2, Palm, Palm3, Pals1, Pam, Pam16, Panx1, Panx2, Pappa, Pappa2, Papss2, Paqr3, Paqr7, Paqr8, Pard3, Parg, Park7, Parl, Parp1, Parp10, Parp14, Parp16, Parp2, Parp3, Parp4, Parp6, Parp8, Parp9, Parpbp, Parva, Pask, Pate4, Pawr, Pax2, Pax4, Pax6, Pax8, Pax9, Paxip1, Paxx, Pbk, Pbld1, Pbld2, Pbp2, Pbrm1, Pbxip1, Pcare, Pcbp2, Pcdh15, Pcgf2, Pcid2, Pck1, Pck2, Pclaf, Pclo, Pcna, Pcnt, Pcolce, Pcolce2, Pcp2, Pcp4, Pcsk1, Pcsk1n, Pcsk5, Pcsk9, Pcyox1l, Pcyt1a, Pdap1, Pdc, Pdcd1, Pdcd10, Pdcd1lg2, Pdcd4, Pdcd5, Pdcd5-ps, Pdcd6, Pdcd7, Pdcl, Pdcl3, Pde10a, Pde11a, Pde12, Pde1a, Pde1b, Pde1c, Pde2a, Pde3a, Pde3b, Pde4a, Pde4b, Pde4c, Pde4d, Pde5a, Pde6a, Pde6b, Pde6c, Pde6d, Pde6g, Pde6h, Pde7a, Pde7b, Pde8a, Pde8b, Pde9a, Pdgfa, Pdgfb, Pdgfc, Pdgfd, Pdgfra, Pdgfrb, Pdia2, Pdia3, Pdia4, Pdia6, Pdk1, Pdk2, Pdk3, Pdk4, Pdlim1, Pdp1, Pdp2, Pdpk1, Pdpn, Pds5a, Pds5b, Pdx1, Pdxp, Pdyn, Pdzd7, Pea15a, Pea15b-ps, Pear1, Pebp1, Pecam1, Pef1, Peg10, Peg12, Peli1, Peli2, Peli3, Pelo, Pelp1, Pemt, Penk, Per1, Per2, Per3, Perm1, Perp, Pex10, Pex11a, Pex11b, Pex12, Pex13, Pex14, Pex2, Pex5, Pex5l, Pf4, Pfas, Pfdn5, Pfkfb1, Pfkfb2, Pfkl, Pfkp, Pfpl, Pgam2, Pgc, Pgf, Pggt1b, Pgk1, Pglyrp1, Pglyrp2, Pglyrp3, Pglyrp4, Pgr, Pgr15l, Phactr4, Phb1, Phb2, Phc1, Phex, Phf1, Phf10, Phf11a, Phf13, Phf14, Phf24, Phip, Phkg1, Phkg2, Phlda2, Phlda3, Phldb2, Phlpp1, Phlpp2, Phox2b, Phpt1, Pi16, Pi4k2a, Pi4ka, Pi4kb, Pianp, Pias1, Pias2, Pias3, Pias4, Pibf1, Picalm, Pick1, Pid1, Pidd1, Pierce1, Piezo1, Piezo2, Pif1, Piga, Pigbos1, Pigr, Pigu, Pih1d1, Pik3ap1, Pik3c2a, Pik3c2b, Pik3c2g, Pik3c3, Pik3ca, Pik3cb, Pik3cd, Pik3cg, Pik3ip1, Pik3r1, Pik3r2, Pik3r3, Pik3r4, Pik3r5, Pik3r6, Pikfyve, Pilra, Pim1, Pim2, Pim3, Pin1, Pin1rt1, Pink1, Pip, Pip4k2a, Pip4k2b, Pip4k2c, Pip4p1, Pip5k1a, Pip5k1c, Pira12, Pira13, Pira2, Pirb, Pirt, Pisd-ps1, Pitpnc1, Pitx2, Pitx3, Piwil4, Pja2, Pjvk, Pkd1, Pkd1l1, Pkd1l2, Pkd1l3, Pkd2, Pkd2l1, Pkd2l2, Pkdrej, Pkhd1, Pkia, Pklr, Pkm, Pkn1, Pkn2, Pkn3, Pkp3, Pla2g10, Pla2g1b, Pla2g2a, Pla2g2d, Pla2g2e, Pla2g2f, Pla2g3, Pla2g4a, Pla2g4f, Pla2g5, Pla2g6, Pla2g7, Pla2r1, Plaa, Plaat1, Plaat3, Plac8, Plagl2, Plat, Plau, Plaur, Plcb1, Plcb2, Plcb3, Plcb4, Plcd1, Plcd3, Plcd4, Plce1, Plcg1, Plcg2, Plch1, Plch2, Plcl1, Plcl2, Plcxd2, Plcxd3, Plcz1, Pld1, Pld2, Pld3, Pld4, Plec, Plek, Plek2, Plekha1, Plekha4, Plekhf1, Plekhg5, Plekhm2, Plekhn1, Plet1, Plg, Plgrkt, Plin1, Plin2, Plin3, Plin5, Plk1, Plk2, Plk3, Plk5, Pln, Plod1, Plp1, Plpp1, Plpp2, Plpp3, Plpp6, Plppr1, Plppr2, Plppr3, Plppr4, Plppr5, Plscr1, Plscr2, Plscr3, Plscr4, Plvap, Plxna1, Plxna2, Plxna3, Plxna4, Plxnb1, Plxnb2, Plxnb3, Plxnc1, Plxnd1, Pmaip1, Pmch, Pmepa1, Pml, Pmm1, Pmp22, Pms1, Pms2, Pmvk, Pnck, Pnkp, Pnliprp2, Pnma1, Pnoc, Pnp, Pnp2, Pnpla2, Pnpla3, Pnpla8, Pnpt1, Pofut1, Poglut1, Pogz, Pola1, Polb, Pold1, Pold2, Pold3, Pold4, Poldip2, Pole, Pole2, Pole3, Polg, Polg2, Polh, Poli, Polk, Poll, Polm, Poln, Polq, Polr1f, Polr2a, Polr2i, Polr3a, Polr3b, Polr3c, Polr3d, Polr3e, Polr3f, Polr3g, Polr3h, Polr3k, Pomc, Pomgnt1, Pomt2, Pon1, Pon2, Pon3, Popdc1, Por, Porcn, Postn, Pot1a, Pot1b, Potefam3a, Potefam3b, Pou1f1, Pou2af1, Pou2f2, Pou2f3, Pou4f1, Pou4f2, Pou5f1, Pp2d1, Ppan, Ppara, Ppard, Pparg, Ppargc1a, Ppargc1b, Ppbp, Ppdpf, Ppef1, Ppef2, Ppia, Ppib, Ppid, Ppif, Ppl, Ppm1a, Ppm1b, Ppm1d, Ppm1e, Ppm1f, Ppm1g, Ppm1h, Ppm1j, Ppm1k, Ppm1l, Ppm1m, Ppm1n, Ppnr, Ppox, Ppp1ca, Ppp1cb, Ppp1cc, Ppp1r10, Ppp1r11, Ppp1r12a, Ppp1r12b, Ppp1r12c, Ppp1r13b, Ppp1r13l, Ppp1r14a, Ppp1r14b, Ppp1r14bl, Ppp1r14c, Ppp1r15a, Ppp1r15b, Ppp1r16b, Ppp1r1a, Ppp1r1b, Ppp1r1c, Ppp1r2, Ppp1r9a, Ppp1r9b, Ppp2ca, Ppp2cb, Ppp2r1a, Ppp2r1b, Ppp2r2a, Ppp2r3a, Ppp2r3c, Ppp2r5a, Ppp2r5b, Ppp2r5c, Ppp2r5d, Ppp2r5e, Ppp3ca, Ppp3cb, Ppp3cc, Ppp3r1, Ppp3r2, Ppp4c, Ppp4r2, Ppp4r3a, Ppp4r3b, Ppp4r3c1, Ppp4r3c2, Ppp5c, Ppp6c, Ppp6r1, Ppp6r2, Ppp6r3, Ppt1, Ppy, Pqbp1, Prag1, Pram1, Pramel7, Prap1, Prcp, Prdm1, Prdm11, Prdm12, Prdm14, Prdm15, Prdm16, Prdm2, Prdm5, Prdm9, Prdx1, Prdx2, Prdx3, Prdx4, Prdx5, Prdx6, Prdx6b, Prelid1, Prelp, Prex1, Prex2, Prf1, Prg2, Prg3, Prg4, Prickle1, Prickle2, Primpol, Prkaa1, Prkaa2, Prkab1, Prkab2, Prkaca, Prkacb, Prkag1, Prkag2, Prkag3, Prkar1a, Prkar1b, Prkar2a, Prkar2b, Prkca, Prkcb, Prkcd, Prkce, Prkcg, Prkch, Prkci, Prkcq, Prkcz, Prkd1, Prkd2, Prkd3, Prkdc, Prkg1, Prkg2, Prkn, Prkra, Prkx, Prl, Prl2a1, Prl2b1, Prl2c1, Prl2c2, Prl2c3, Prl2c5, Prl3a1, Prl3b1, Prl3c1, Prl3d1, Prl3d2, Prl3d3, Prl4a1, Prl5a1, Prl6a1, Prl7a1, Prl7a2, Prl7b1, Prl7c1, Prl7d1, Prl8a1, Prl8a2, Prl8a6, Prl8a8, Prl8a9, Prlh, Prlhr, Prlr, Prmt1, Prmt2, Prmt5, Prmt6, Prnp, Proc, Procr, Prodh, Prok1, Prok2, Prokr1, Prokr2, Pros1, Prox1, Proz, Prpf19, Prpf4b, Prpf8, Prph2, Prr33, Prr5, Prr5l, Prr7, Prrg1, Prrg2, Prrg3, Prrg4, Prrt1, Prrx1, Prrx2, Prss2, Prss33, Prss56, Prxl2a, Prxl2b, Prxl2c, Psap, Psapl1, Psca, Psd, Psd2, Psd3, Psd4, Psen1, Psen2, Psenen, Psg16, Psg17, Psg18, Psg19, Psg21, Psg22, Psg23, Psg25, Psg26, Psg27, Psg28, Psg29, Psip1, Psma1, Psma2, Psmb4, Psmb5, Psmb9, Psmc6, Psmd10, Psmd14, Psme3, Psme4, Psmg2, Pspc1, Psph, Pspn, Pstpip1, Ptafr, Ptbp1, Ptch1, Ptch2, Ptchd1, Pten, Pter, Ptf1a, Ptgdr, Ptgdr2, Ptgds, Ptger1, Ptger2, Ptger3, Ptger4, Ptges, Ptges3, Ptgfr, Ptgir, Ptgis, Ptgr1, Ptgs1, Ptgs2, Ptgs2os, Pth, Pth1r, Pth2, Pth2r, Pthlh, Ptk2, Ptk2b, Ptk6, Ptk7, Ptn, Ptp4a3, Ptpdc1, Ptpmt1, Ptpn1, Ptpn11, Ptpn12, Ptpn13, Ptpn2, Ptpn22, Ptpn5, Ptpn6, Ptpn7, Ptpn9, Ptpra, Ptprc, Ptprd, Ptpre, Ptprf, Ptprg, Ptprh, Ptprj, Ptprk, Ptprm, Ptprn, Ptprn2, Ptpro, Ptprq, Ptprr, Ptprs, Ptprt, Ptpru, Ptprv, Ptprz1, Pttg1, Pttg1ip, Ptx3, Pum1, Pum2, Pvr, Pvrig, Pvt1, Pwwp3a, Pxdn, Pxk, Pxn, Pycard, Pycr1, Pycr2, Pygl, Pygm, Pygo1, Pygo2, Pyroxd1, Pyy, Qars1, Qrfp, Qrfpr, Qrfprl, Qrich1, Rab10, Rab11b, Rab11fip2, Rab11fip5, Rab12, Rab13, Rab14, Rab15, Rab17, Rab1a, Rab20, Rab21, Rab23, Rab27a, Rab29, Rab2b, Rab30, Rab31, Rab32, Rab33a, Rab33b, Rab34, Rab35, Rab38, Rab39, Rab39b, Rab3a, Rab3gap1, Rab40b, Rab40c, Rab43, Rab44, Rab4a, Rab4b, Rab5a, Rab7, Rab7b, Rab8a, Rab9, Rab9b, Rabep1, Rabep2, Rabgef1, Rabif, Rabl3, Rac1, Rac2, Rac3, Racgap1, Rack1, Rad1, Rad17, Rad18, Rad21, Rad21l, Rad23a, Rad23b, Rad50, Rad51, Rad51ap1, Rad51b, Rad51c, Rad51d, Rad52, Rad54b, Rad54l, Rad9a, Rad9b, Radil, Radx, Raet1a, Raet1b, Raet1c, Raet1d, Raet1e, Raf1, Rag1, Rag2, Rala, Ralb, Ralbp1, Ralgapa1, Ralgapa2, Ralgapb, Ralgds, Ralgps1, Ralgps2, Ramp1, Ramp2, Ramp3, Ranbp1, Ranbp2, Ranbp9, Rangap1, Rap1a, Rap1b, Rap1gap, Rap1gap2, Rap1gds1, Rap2a, Rap2b, Rap2c, Rapgef1, Rapgef2, Rapgef3, Rapgef4, Rapgef5, Rapgef6, Rapgefl1, Rara, Rarb, Rarg, Rarres2, Rasa1, Rasa2, Rasa3, Rasa4, Rasal1, Rasal2, Rasal3, Rasd1, Rasd2, Rasgef1a, Rasgef1b, Rasgef1c, Rasgrf1, Rasgrf2, Rasgrp1, Rasgrp2, Rasgrp3, Rasgrp4, Rasip1, Rasl11b, Rassf1, Rassf10, Rassf2, Rassf3, Rassf4, Rassf5, Rassf6, Rassf7, Rassf8, Rassf9, Rb1, Rb1cc1, Rbbp4, Rbbp5, Rbbp6, Rbbp7, Rbbp8, Rbbp9, Rbck1, Rbfox2, Rbl1, Rbm10, Rbm11, Rbm14, Rbm15, Rbm22, Rbm24, Rbm3, Rbm4, Rbm47, Rbm4b, Rbms3, Rbmx, Rbmxl1, Rbp1, Rbp4, Rbpj, Rbpms, Rbpms2, Rbx1, Rbx1-ps, Rc3h1, Rc3h2, Rcan1, Rcan2, Rcan3, Rcc2, Rcn3, Rcsd1, Rcvrn, Rdh11, Rdh12, Rdh13, Rdh18-ps, Rdx, Rec8, Reck, Recql, Recql4, Recql5, Reep6, Reg1, Reg2, Reg3a, Reg3b, Reg3d, Reg3g, Reg4, Rel, Rela, Relb, Rell1, Rell2, Reln, Rem1, Ren1, Ren2, Rerg, Resf1, Rest, Ret, Retn, Retnla, Retnlb, Retnlg, Rev1, Rev3l, Rexo4, Rfc1, Rfc2, Rfc3, Rfc4, Rfc5, Rffl, Rfng, Rfpl4, Rftn1, Rftn2, Rfwd3, Rfx2, Rfx4, Rfx6, Rfxank, Rgcc, Rgl1, Rgl2, Rgl3, Rgma, Rgmb, Rgn, Rgr, Rgs1, Rgs10, Rgs11, Rgs12, Rgs13, Rgs14, Rgs16, Rgs17, Rgs18, Rgs19, Rgs2, Rgs20, Rgs22, Rgs3, Rgs4, Rgs5, Rgs6, Rgs7, Rgs7bp, Rgs8, Rgs9, Rgs9bp, Rhbdd1, Rhbdd3, Rhbdf1, Rhbdf2, Rheb, Rhebl1, Rhno1, Rho, Rhoa, Rhob, Rhobtb1, Rhobtb2, Rhoc, Rhod, Rhof, Rhog, Rhoh, Rhoj, Rhoq, Rhot1, Rhot2, Rhou, Rhov, Rhox13, Rhpn1, Rhpn2, Rian, Ric8a, Ric8b, Rictor, Rif1, Rigi, Rilpl1, Rims1, Rims2, Rin1, Rin2, Rin3, Rint1, Riok3, Ripk1, Ripk2, Ripk3, Ripor1, Ripor2, Ripply1, Ripply2, Rit1, Rit2, Rita1, Rlig1, Rln1, Rln3, Rmi1, Rmi2, Rnase1, Rnase10, Rnase11, Rnase12, Rnase13, Rnase2a, Rnase2b, Rnase4, Rnase6, Rnase9, Rnaseh2a, Rnaseh2b, Rnaseh2c, Rnasel, Rnaset2a, Rnaset2b, Rnd1, Rnd2, Rnd3, Rnf10, Rnf103, Rnf111, Rnf112, Rnf113a1, Rnf113a2, Rnf115, Rnf121, Rnf125, Rnf126, Rnf13, Rnf135, Rnf138, Rnf138rt1, Rnf139, Rnf14, Rnf144a, Rnf145, Rnf146, Rnf149, Rnf152, Rnf166, Rnf167, Rnf168, Rnf169, Rnf170, Rnf183, Rnf185, Rnf186, Rnf19b, Rnf213, Rnf216, Rnf220, Rnf26, Rnf26rt, Rnf31, Rnf34, Rnf39, Rnf4, Rnf41, Rnf43, Rnf5, Rnf6, Rnf7, Rnf8, Rnft1, Rnft2, Rnls, Rnmt, Ro60, Robo1, Robo2, Robo3, Rock1, Rock2, Rogdi, Rom1, Romo1, Ror1, Ror2, Rora, Rorb, Rorc, Ros1, Rp1, Rp1l1, Rpa1, Rpa2, Rpa3, Rpain, Rpap2, Rpe65, Rpf2, Rpgr, Rpgrip1l, Rph3al, Rpl11, Rpl13a, Rpl23, Rpl24, Rpl26, Rpl27, Rpl3, Rpl30, Rpl36al, Rpl37, Rpl37rt, Rpl39, Rpl5, Rplp0, Rpp21, Rps12, Rps15, Rps15a, Rps16, Rps19, Rps2, Rps20, Rps23rg1, Rps27l, Rps3, Rps6, Rps6-ps4, Rps6ka1, Rps6ka2, Rps6ka3, Rps6ka4, Rps6ka5, Rps6ka6, Rps6kb1, Rps6kb2, Rps7, Rpsa, Rptor, Rraga, Rragb, Rragc, Rragd, Rras, Rras2, Rrbp1, Rreb1, Rrh, Rrm1, Rrm2b, Rrn3, Rrp1b, Rrp8, Rrs1, Rsad2, Rsl1d1, Rspo1, Rspo2, Rspo3, Rspo4, Rsrc1, Rsu1, Rtca, Rtel1, Rtf1, Rtf2, Rtkn, Rtkn2, Rtn4, Rtn4r, Rtn4rl1, Rtn4rl2, Rtp1, Rtp2, Rtp3, Rtp4, Rubcn, Rufy1, Rufy4, Rundc3a, Runx1, Runx2, Runx3, Ruvbl1, Ruvbl2, Rwdd1, Rwdd3, Rxfp1, Rxfp2, Rxfp3, Rxfp4, Rxra, Rxrb, Rxrg, Ryk, Ryr1, Ryr2, Ryr3, S100a10, S100a13, S100a14, S100a16, S100a4, S100a7a, S100a7l2, S100a8, S100a9, S100b, S1pr1, S1pr2, S1pr3, S1pr4, S1pr5, S2bpcox16, Saa1, Saa2, Saa3, Sac3d1, Safb, Safb2, Sag, Sall1, Sall3, Samd10, Samd12, Samd14, Samd15, Samd5, Samhd1, Samsn1, Samtor, Sanbr, Sap130, Sap30, Sap30bp, Sap30l, Sar1a, Sar1b, Sarm1, Sash1, Sash3, Satb1, Sav1, Saxo1, Sbds, Sbk2, Sbno2, Scai, Scamp3, Scamp5, Scap, Scara5, Scarb1, Scarf1, Scd1, Scd2, Scd3, Scd4, Scel, Scfd1, Scg2, Scg5, Scgb1a1, Scgb2a2, Scgb3a1, Schip1, Scimp, Scly, Scn10a, Scn11a, Scn1a, Scn1b, Scn2a, Scn2b, Scn3a, Scn5a, Scn7a, Scn8a, Scn9a, Scnn1a, Scnn1b, Scnn1g, Sco1, Sco2, Scrib, Sct, Sctr, Scube1, Scube2, Scube3, Scx, Scyl1, Scyl2, Scyl3, Sdad1, Sdc1, Sdc4, Sdcbp, Sde2, Sdf2l1, Sdf4, Sdhaf2, Sdhaf4, Sdhd, Sdk1, Sec13, Sec14l1, Sec16a, Sec31a, Sec61b, Sec61bl, Sectm1a, Sectm1b, Seh1l, Sel1l, Sel1l2, Sele, Selenof, Selenok, Selenom, Selenon, Selenop, Selenos, Selenot, Selenov, Selenow, Sell, Selp, Sem1, Sema3a, Sema3b, Sema3c, Sema3d, Sema3e, Sema3f, Sema3g, Sema4a, Sema4b, Sema4c, Sema4d, Sema4f, Sema4g, Sema5a, Sema5b, Sema6a, Sema6b, Sema6c, Sema6d, Sema7a, Senp1, Senp2, Senp3, Senp7, Septin2, Septin4, Serinc3, Serinc5, Serp1, Serp2, Serpina10, Serpina12, Serpina1a, Serpina1b, Serpina1c, Serpina1d, Serpina1e, Serpina3c, Serpina3f, Serpina3g, Serpina3h, Serpina3i, Serpina3k, Serpina3m, Serpina3n, Serpina7, Serpinb1a, Serpinb6a, Serpinb6b, Serpinb6c, Serpinb6d, Serpinb6e, Serpinb9, Serpinb9b, Serpinb9c, Serpinb9d, Serpinb9e, Serpinb9f, Serpinb9g, Serpinb9h, Serpinc1, Serpind1, Serpine1, Serpine2, Serpinf1, Serpinf2, Serping1, Sertad3, Sesn1, Sesn2, Sesn3, Setd1a, Setd2, Setd4, Setd6, Setd7, Setmar, Setx, Sez6, Sez6l, Sez6l2, Sf3b3, Sf3b5, Sfn, Sfpq, Sfr1, Sfrp1, Sfrp2, Sfrp4, Sfrp5, Sftpd, Sgca, Sgcb, Sgcd, Sgf29, Sgip1, Sgk1, Sgk2, Sgk3, Sgms1, Sgpl1, Sgpp1, Sgsm3, Sgta, Sh2b1, Sh2b2, Sh2b3, Sh2d1a, Sh2d1b1, Sh2d1b2, Sh2d3c, Sh2d6, Sh3bp1, Sh3bp2, Sh3bp4, Sh3bp5, Sh3bp5l, Sh3gl1, Sh3gl2, Sh3glb1, Sh3rf1, Sh3rf2, Sh3rf3, Sh3tc2, Shank1, Shank2, Shank3, Sharpin, Shb, Shc1, Shc2, Shc3, Shc4, Shcbp1, Shfl, Shh, Shisa2, Shisa3, Shisa5, Shisa6, Shisa7, Shisa8, Shisa9, Shkbp1, Shld1, Shld2, Shld3, Shmt1, Shmt2, Shoc2, Shox2, Shpk, Shprh, Shq1, Shroom2, Shroom3, Shtn1, Siah1a, Siah1b, Siah2, Sidt2, Sigirr, Siglec1, Siglece, Siglecg, Sigmar1, Sik1, Sik2, Sik3, Sike1, Sin3a, Sinhcaf, Sipa1, Sipa1l1, Sipa1l2, Sipa1l3, Sirpa, Sirpb1a, Sirt1, Sirt2, Sirt3, Sirt4, Sirt5, Sirt6, Sirt7, Sit1, Siva1, Six1, Six3, Ska1, Ska3, Skap1, Ski, Skic8, Skil, Skint1, Skint10, Skint11, Skint2, Skint3, Skint4, Skint5, Skint6, Skint7, Skint8, Skint9, Skor1, Skor2, Skp2, Sla, Sla2, Slamf1, Slamf6, Slamf7, Slamf8, Slamf9, Slc10a1, Slc10a2, Slc10a3, Slc10a4, Slc11a1, Slc11a2, Slc12a2, Slc12a3, Slc12a5, Slc12a6, Slc12a7, Slc13a2, Slc13a5, Slc15a2, Slc15a3, Slc15a4, Slc16a1, Slc17a3, Slc17a5, Slc17a7, Slc18a2, Slc19a1, Slc1a1, Slc1a2, Slc1a3, Slc1a7, Slc22a1, Slc22a12, Slc22a13, Slc22a18, Slc22a19, Slc22a2, Slc22a21, Slc22a22, Slc22a3, Slc22a5, Slc22a7, Slc22a8, Slc23a1, Slc23a2, Slc24a4, Slc25a12, Slc25a13, Slc25a14, Slc25a23, Slc25a24, Slc25a25, Slc25a27, Slc25a31, Slc25a33, Slc25a39, Slc25a4, Slc25a5, Slc26a3, Slc26a5, Slc26a6, Slc27a1, Slc27a4, Slc29a1, Slc29a4, Slc2a1, Slc2a10, Slc2a2, Slc2a4, Slc2a5, Slc2a8, Slc30a1, Slc30a10, Slc30a2, Slc30a3, Slc30a4, Slc30a5, Slc30a8, Slc31a1, Slc34a1, Slc34a2, Slc35a4, Slc35c1, Slc35c2, Slc35f6, Slc37a4, Slc38a2, Slc38a3, Slc38a9, Slc39a10, Slc39a12, Slc39a14, Slc39a4, Slc39a5, Slc39a6, Slc39a8, Slc39a9, Slc3a2, Slc41a1, Slc46a2, Slc46a3, Slc47a1, Slc47a2, Slc4a1, Slc4a10, Slc4a11, Slc4a7, Slc52a3, Slc5a5, Slc6a1, Slc6a11, Slc6a14, Slc6a19, Slc6a2, Slc6a3, Slc6a4, Slc6a9, Slc7a1, Slc7a11, Slc7a2, Slc7a3, Slc7a5, Slc8a1, Slc8a2, Slc8a3, Slc8b1, Slc9a1, Slc9a6, Slc9a9, Slc9b2, Slco1a1, Slco1a6, Slco1b2, Slf1, Slf2, Slfn1, Slfn14, Slfn2, Slfn4, Slfn8, Slfn9, Slit1, Slit2, Slit3, Slitrk5, Slitrk6, Slk, Slmap, Slpi, Slu7, Slurp1, Slurp2, Slx1b, Slx4, Smad1, Smad2, Smad3, Smad4, Smad5, Smad6, Smad7, Smad9, Smarca2, Smarca4, Smarca5, Smarcad1, Smarcal1, Smarcb1, Smarcc1, Smarcc2, Smarcd1, Smarcd2, Smarcd3, Smarce1, Smc1a, Smc2, Smc3, Smc4, Smc5, Smc6, Smchd1, Smcr8, Smdt1, Smg1, Smim30, Smo, Smoc2, Smok3a, Smpd1, Smpd2, Smpd3, Smpd4, Smpdl3a, Smpdl3b, Smtnl1, Smug1, Smurf1, Smurf2, Smyd2, Smyd3, Snai1, Snai2, Snap23, Snca, Sncg, Snhg1, Snhg15, Snhg17, Snhg20, Snip1, Snord3a, Snrpn, Snw1, Snx1, Snx10, Snx13, Snx17, Snx25, Snx27, Snx3, Snx4, Snx5, Snx6, Socs1, Socs2, Socs3, Socs4, Socs5, Socs6, Socs7, Sod1, Sod2, Sod3, Sorbs1, Sorbs2, Sorbs3, Sord, Sorl1, Sort1, Sos1, Sos2, Sost, Sostdc1, Sox1, Sox10, Sox11, Sox13, Sox14, Sox15, Sox17, Sox2, Sox30, Sox4, Sox5, Sox6, Sox7, Sox8, Sox9, Sp1, Sp100, Sp110, Sp7, Spaar, Spag11a, Spag11b, Spag9, Sparc, Sparcl1, Spart, Spata13, Spata18, Spata2, Spata22, Spatc1l, Spc24, Spc25, Spdl1, Spdya, Specc1l, Speer5-ps1, Spef1, Spen, Spg21, Sphk1, Sphk2, Spi1, Spidr, Spin1, Spin4, Spindoc, Spink1, Spink7, Spint1, Spire1, Spire2, Spn, Spns2, Spo11, Spock2, Spon2, Spop, Spp1, Sppl2a, Sppl2b, Sppl3, Spred1, Spred2, Spred3, Spring1, Sprr2a1, Sprr2a3, Sprr2b, Sprr2c-ps, Sprr2d, Sprr2e, Sprr2f, Sprr2g, Sprtn, Spry1, Spry2, Spry3, Spry4, Spsb2, Spsb3, Spsb4, Sptbn1, Spx, Sqle, Sqstm1, Sra1, Srarp, Src, Srd5a1, Srd5a2, Srebf1, Srebf2, Srf, Srgap1, Srgap2, Srgap3, Srgn, Sri, Srl, Srm, Srms, Srp54a, Srp68, Srpk1, Srpk2, Srpk3, Srpx, Srr, Srsf1, Srsf2, Srsf3, Srsf5, Srsf6, Srsf7, Srsf9, Srxn1, Ss18, Ssc5d, Ssh1, Ssrp1, Sst, Sstr1, Sstr2, Sstr3, Sstr4, Sstr5, Ssx2ip, St13, St18, St3gal1, St3gal4, St3gal6, St6gal1, St8sia1, St8sia2, Stab1, Stab2, Stac, Stam2, Stambp, Stambpl1, Stap1, Star, Stard10, Stard13, Stard7, Stard8, Stat1, Stat2, Stat3, Stat4, Stat5a, Stat5b, Stat6, Stau2, Stc1, Stc2, Steap2, Steap3, Stil, Stim1, Sting1, Stip1, Stk-ps2, Stk10, Stk11, Stk16, Stk17b, Stk19, Stk24, Stk25, Stk26, Stk3, Stk32a, Stk32b, Stk32c, Stk33, Stk36, Stk38, Stk38l, Stk39, Stk4, Stk40, Stmn1, Stmn2, Stmn3, Stmp1, Stoml1, Stoml2, Stoml3, Ston1, Stox1, Stox2, Stra6, Stra8, Stradb, Strap, Strbp, Strc, Strip1, Strn, Strn3, Strn4, Sts, Stt3b, Stub1, Stx11, Stx1a, Stx1b, Stx2, Stx3, Stx4a, Stx7, Stx8, Stxbp1, Stxbp2, Stxbp3, Stxbp4, Styx, Styx-ps, Styxl1, Styxl2, Sucnr1, Suds3, Sufu, Sulf1, Sulf2, Sult1a1, Sult1b1, Sult1c1, Sult2a1, Sult2a2, Sult2a3, Sult2a4, Sult2a5, Sult2a6, Sult2a7, Sult2a8, Sumo1, Sun1, Suox, Supt16, Supt20, Supt6, Supt7l, Susd4, Susd5, Susd6, Suv39h1, Suv39h2, Suz12, Sva, Svep1, Svip, Swap70, Swi5, Swsap1, Syap1, Sybu, Sycp1, Sycp3, Syde1, Syde2, Syf2, Syk, Syncrip, Syngap1, Syngr1, Synj1, Synj2bp, Synpo, Synpo2l, Syp, Syt1, Syt11, Syt3, Syt7, Sytl4, Syvn1, Szt2, T, Taar1, Taar2, Taar3, Taar4, Taar5, Taar6, Taar7a, Taar7b, Taar7d, Taar7e, Taar7f, Taar8a, Taar8b, Taar8c, Taar9, Tab1, Tab2, Tab3, Tac1, Tac2, Tac4, Tacc3, Tacr1, Tacr2, Tacr3, Tada1, Tada3, Taf10, Taf12, Taf2, Taf5, Taf5l, Taf6, Taf6l, Taf7, Taf9, Tafa1, Tafa2, Tafa3, Tafa4, Tafa5, Tagap, Tamalin, Tanc1, Tank, Taok1, Taok2, Taok3, Tap1, Tap2, Tapbp, Tarbp2, Tardbp, Tarm1, Tas1r1, Tas1r2, Tas1r3, Tas2r102, Tas2r103, Tas2r104, Tas2r105, Tas2r106, Tas2r107, Tas2r108, Tas2r109, Tas2r110, Tas2r113, Tas2r114, Tas2r115, Tas2r116, Tas2r117, Tas2r118, Tas2r119, Tas2r120, Tas2r121, Tas2r122, Tas2r123, Tas2r124, Tas2r125, Tas2r126, Tas2r129, Tas2r130, Tas2r131, Tas2r134, Tas2r135, Tas2r136, Tas2r137, Tas2r138, Tas2r139, Tas2r140, Tas2r143, Tas2r144, Tasl, Tat, Tax1bp1, Tax1bp3, Tbc1d1, Tbc1d10c, Tbc1d23, Tbc1d24, Tbc1d32, Tbc1d4, Tbc1d5, Tbc1d7, Tbce, Tbck, Tbk1, Tbkbp1, Tbl1x, Tbl1xr1, Tbl2, Tbr1, Tbx1, Tbx18, Tbx2, Tbx20, Tbx21, Tbx3, Tbx6, Tbxa2r, Tbxas1, Tcap, Tcf12, Tcf21, Tcf3, Tcf4, Tcf7, Tcf7l1, Tcf7l2, Tcim, Tcirg1, Tcl1, Tcl1b1, Tcl1b2, Tcl1b3, Tcl1b4, Tcl1b5, Tcp11, Tcp11l1, Tcp11l2, Tcp11x2, Tcra, Tcra-J, Tcrb, Tcrd-V8, Tctn1, Tctn2, Tctn3, Tdg, Tdg-ps, Tdo2, Tdp1, Tdp2, Tead1, Tead2, Tead3, Tead4, Tec, Tedc1, Tedc2, Tek, Tenm1, Tenm2, Tenm3, Tenm4, Tent4a, Tent5a, Terb1, Terb2, Terf1, Terf2, Terf2ip, Tert, Tesc, Tescl, Tespa1, Tet1, Tex12, Tex14, Tex15, Tex264, Tfam, Tfap2a, Tfap2b, Tfe3, Tfeb, Tfec, Tff1, Tff2, Tfpi, Tfpi2, Tfpt, Tfr2, Tfrc, Tg, Tgfa, Tgfb1, Tgfb1i1, Tgfb2, Tgfb3, Tgfbr1, Tgfbr2, Tgfbr3, Tgfbr3l, Tgfbrap1, Tgif1, Tgif2, Tgm2, Tgtp1, Tgtp2, Th, Thap11, Thbd, Thbs1, Thbs4, Them4, Themis, Themis2, Themis3, Thg1l, Thoc1, Thop1, Thpo, Thra, Thrb, Thrsp, Thy1, Tial1, Tiam1, Tiam2, Ticam1, Ticam2, Ticrr, Tie1, Tifa, Tifab, Tigar, Timeless, Timm50, Timp1, Timp2, Timp3, Timp4, Tiparp, Tipin, Tiprl, Tirap, Tjp1, Tjp2, Tkfc, Tldc2, Tle1, Tle2, Tle3, Tle4, Tle5, Tle6, Tle7, Tlk1, Tlk2, Tln1, Tlr1, Tlr11, Tlr12, Tlr13, Tlr2, Tlr3, Tlr4, Tlr5, Tlr6, Tlr7, Tlr8, Tlr9, Tm2d1, Tm7sf3, Tm9sf4, Tm9sf5, Tmbim1, Tmbim4, Tmbim6, Tmc1, Tmc2, Tmc8, Tmco1, Tmed2, Tmeff1, Tmeff2, Tmem100, Tmem102, Tmem106a, Tmem107, Tmem108, Tmem109, Tmem116, Tmem117, Tmem120a, Tmem126a, Tmem126b, Tmem127, Tmem129, Tmem131l, Tmem132a, Tmem135, Tmem145, Tmem14a, Tmem150c, Tmem161a, Tmem17, Tmem170b, Tmem198, Tmem198b, Tmem199, Tmem204, Tmem229b, Tmem231, Tmem237, Tmem238l, Tmem25, Tmem255a, Tmem258, Tmem259, Tmem33, Tmem38a, Tmem38b, Tmem43, Tmem45b, Tmem53, Tmem64, Tmem67, Tmem74, Tmem87a, Tmem88, Tmem88b, Tmem9, Tmem97, Tmem98, Tmf1, Tmigd1, Tmigd3, Tmod2, Tmprss4, Tmprss6, Tmsb4x, Tmtc3, Tmtc4, Tmub1, Tmub2, Tmx1, Tnc, Tnf, Tnfaip1, Tnfaip3, Tnfaip6, Tnfaip8, Tnfaip8l1, Tnfaip8l2, Tnfaip8l3, Tnfrsf10b, Tnfrsf11a, Tnfrsf11b, Tnfrsf12a, Tnfrsf13b, Tnfrsf13c, Tnfrsf14, Tnfrsf17, Tnfrsf18, Tnfrsf19, Tnfrsf1a, Tnfrsf1b, Tnfrsf21, Tnfrsf22, Tnfrsf23, Tnfrsf4, Tnfrsf8, Tnfsf10, Tnfsf11, Tnfsf12, Tnfsf13, Tnfsf13b, Tnfsf14, Tnfsf15, Tnfsf18, Tnfsf4, Tnfsf8, Tnfsf9, Tnik, Tnip1, Tnip2, Tnip3, Tnk1, Tnk2, Tnks, Tnks1bp1, Tnks2, Tnn, Tnnc1, Tnni1, Tnni3, Tnni3k, Tnnt1, Tnnt2, Tnp1, Tnr, Tnrc6a, Tnrc6c, Tns2, Tns3, Tnxb, Tob1, Tollip, Tom1, Tom1l1, Tom1l2, Tomm20, Tomm70a, Tonsl, Top1, Top2a, Top2b, Top3a, Top3b, Topbp1, Topors, Tor1a, Tox3, Tpbg, Tpbgl, Tpbpa, Tpcn1, Tpcn2, Tpd52l1, Tph1, Tpm1, Tpmt, Tpo, Tpr, Tpra1, Tprg1l, Tpsab1, Tpsb2, Tpt1, Tra2b, Trabd2b, Trac, Tradd, Traf1, Traf2, Traf3, Traf3ip1, Traf3ip2, Traf3ip3, Traf4, Traf5, Traf6, Traf7, Trafd1, Traip, Tram1, Trap1, Trarg1, Trat1, Trav10, Trav10n, Trav11, Trav15n-2, Trav16, Trav16d-dv11, Trav16n, Trav2, Trav21-dv12, Trav3-1, Trav3-3, Trav3-4, Trav3d-3, Trav5-1, Trav5-4, Trav5d-4, Trav7-2, Trav8-1, Trav8d-1, Trav8d-2, Trav8n-2, Trbv12-1, Trbv12-2, Trbv13-1, Trbv13-2, Trbv13-3, Trbv14, Trbv15, Trbv16, Trbv17, Trbv19, Trbv2, Trbv20, Trbv21, Trbv23, Trbv26, Trbv29, Trbv3, Trbv30, Trbv4, Trbv5, Trdmt1, Trdn, Trdv2-1, Trdv2-2, Trdv4, Trdv5, Trem1, Trem2, Trem3, Treml1, Treml4, Trerf1, Trex1, Trex2, Trf, Trh, Trhr, Trhr2, Triap1, Trib1, Trib3, Tril, Trim10, Trim11, Trim12a, Trim12c, Trim13, Trim14, Trim15, Trim17, Trim2, Trim21, Trim24, Trim25, Trim26, Trim27, Trim28, Trim29, Trim3, Trim30a, Trim30b, Trim30c, Trim30d, Trim31, Trim32, Trim33, Trim34a, Trim34b, Trim35, Trim38, Trim39, Trim40, Trim41, Trim43a, Trim43b, Trim43c, Trim44, Trim45, Trim5, Trim50, Trim52, Trim54, Trim55, Trim56, Trim58, Trim59, Trim6, Trim60, Trim61, Trim62, Trim63, Trim65, Trim67, Trim68, Trim69, Trim7, Trim71, Trim72, Trim75, Trim8, Triml1, Triml2, Trip10, Trip12, Trip13, Trip4, Trip6, Trp53, Trp53bp1, Trp53bp2, Trp53i13, Trp53inp1, Trp63, Trp73, Trpa1, Trpc1, Trpc2, Trpc3, Trpc6, Trpm1, Trpm2, Trpm4, Trpm5, Trpm6, Trpm8, Trps1, Trpv1, Trpv2, Trpv3, Trpv4, Trpv6, Trrap, Tsc1, Tsc2, Tsc22d1, Tsc22d2, Tsc22d3, Tsc22d4, Tsg101, Tshb, Tshr, Tsku, Tslp, Tspan12, Tspan14, Tspan15, Tspan18, Tspan2, Tspan32, Tspan5, Tspan6, Tspan8, Tspan9, Tspear, Tspo, Tspyl5, Tssk3, Ttbk1, Ttbk2, Ttc21b, Ttc23, Ttc36, Ttc39aos1, Ttc4, Ttc5, Ttf2, Tti1, Ttk, Ttll1, Ttll12, Ttn, Ttpa, Ttr, Ttyh1, Tub, Tuba1a, Tuba1b, Tubb1, Tubb2b, Tubb3, Tubd1, Tufm, Tulp1, Tulp3, Tunar, Tusc2, Tut4, Twf1, Twf2, Twist1, Twist2, Twnk, Twsg1, Txk, Txn1, Txn2, Txndc12, Txndc15, Txndc17, Txndc2, Txnip, Txnrd1, Txnrd2, Txnrd3, Tyk2, Tymp, Tyms, Tyr, Tyro3, Tyrobp, U90926, Uaca, Uap1, Uba1, Uba1y, Uba5, Uba6, Uba7, Ubac2, Ubash3a, Ubash3b, Ubb, Ubd, Ube2a, Ube2b, Ube2d1, Ube2d3, Ube2e2, Ube2g2, Ube2i, Ube2j1, Ube2j2, Ube2k, Ube2l3, Ube2l6, Ube2n, Ube2o, Ube2t, Ube2v1, Ube2v2, Ube2w, Ube3a, Ube4a, Ube4b, Ubiad1, Ubl7, Ubqln1, Ubqln2, Ubqln4, Ubr1, Ubr2, Ubr3, Ubr4, Ubr5, Ubtf, Ubxn1, Ubxn10, Ubxn2a, Ubxn4, Ubxn6, Ubxn8, Uchl1, Uchl1os, Uchl3, Uchl5, Ucma, Ucn, Ucn2, Ucn3, Ucp1, Ucp2, Ucp3, Ufc1, Ufd1, Ufl1, Ufm1, Ufsp2, Ugcg, Uggt1, Uggt2, Ugt1a1, Ugt1a6a, Ugt1a6b, Ugt2b1, Ugt3a1, Ugt3a2, Ugt8a, Uhrf1, Uimc1, Ulbp1, Ulbp3, Ulk1, Ulk2, Ulk3, Ulk4, Umod, Umodl1, Umps, Unc13a, Unc13b, Unc13d, Unc5a, Unc5b, Unc5c, Unc5cl, Unc5d, Unc79, Unc93b1, Ung, Upf1, Upf2, Upk1b, Upk3bl, Upp1, Uprt, Uqcrc1, Uqcrc2, Uqcrfs1, Uri1, Uros, Usf1, Usf2, Uso1, Usp1, Usp10, Usp12, Usp13, Usp14, Usp15, Usp16, Usp17le, Usp18, Usp19, Usp2, Usp20, Usp22, Usp25, Usp26, Usp27x, Usp28, Usp29, Usp3, Usp32, Usp33, Usp34, Usp38, Usp4, Usp44, Usp45, Usp46, Usp47, Usp49, Usp50, Usp51, Usp53, Usp7, Usp8, Usp9x, Uts2, Uts2b, Uts2r, Uvrag, Uvssa, V1ra8, V1rg10, Vac14, Vamp2, Vamp3, Vamp4, Vamp7, Vamp8, Vangl2, Vapb, Vash1, Vasn, Vav1, Vav2, Vav3, Vax2, Vcam1, Vcp, Vcpip1, Vdac1, Vdac2, Vdac3, Vdr, Vegfa, Vegfb, Vegfc, Vegfd, Veph1, Vgf, Vgll4, Vhl, Vil1, Vim, Vip, Vipr1, Vipr2, Vkorc1, Vkorc1l1, Vldlr, Vmn1r16, Vmn1r17, Vmn1r18, Vmn1r185, Vmn1r188, Vmn1r189, Vmn1r19, Vmn1r190-ps, Vmn1r191, Vmn1r192, Vmn1r193, Vmn1r195, Vmn1r196, Vmn1r197, Vmn1r198, Vmn1r199, Vmn1r200, Vmn1r201, Vmn1r202, Vmn1r203, Vmn1r205, Vmn1r206, Vmn1r208, Vmn1r21, Vmn1r210, Vmn1r211, Vmn1r212, Vmn1r213, Vmn1r214, Vmn1r215, Vmn1r216, Vmn1r217, Vmn1r218, Vmn1r219, Vmn1r22, Vmn1r220, Vmn1r222, Vmn1r225, Vmn1r226, Vmn1r227, Vmn1r228, Vmn1r229, Vmn1r23, Vmn1r230, Vmn1r231, Vmn1r232, Vmn1r233, Vmn1r234, Vmn1r235, Vmn1r236, Vmn1r237, Vmn1r24, Vmn1r26, Vmn1r27, Vmn1r28, Vmn1r30, Vmn1r32, Vmn1r33, Vmn1r35, Vmn1r36, Vmn1r37, Vmn1r38, Vmn1r4, Vmn1r40, Vmn1r41, Vmn1r42, Vmn1r43, Vmn1r44, Vmn1r45, Vmn1r46, Vmn1r47, Vmn1r48, Vmn1r49, Vmn1r5, Vmn1r50, Vmn1r51, Vmn1r52, Vmn1r53, Vmn1r54, Vmn1r6, Vmn1r66, Vmn1r67, Vmn1r7, Vmn1r70, Vmn1r73, Vmn1r74, Vmn1r75, Vmn1r76, Vmn1r78, Vmn1r8, Vmn1r80, Vmn1r81, Vmn1r82, Vmn1r83, Vmn1r84, Vmn1r87, Vmn1r89, Vmn1r9, Vmn2r1, Vmn2r116, Vmn2r26, Vmn2r81, Vnn1, Vpreb1a, Vpreb1b, Vpreb3, Vps11, Vps13a, Vps13c, Vps18, Vps25, Vps26b, Vps33b, Vps35, Vps41, Vps4a, Vps4b, Vps54, Vps72, Vrk1, Vrk2, Vrk3, Vsig4, Vsir, Vsnl1, Vstm2a, Vstm5, Vtcn1, Vtn, Vwa1, Vwa2, Vwc2, Vwc2l, Vwce, Vwf, Wac, Wap, Was, Wasf1, Wasf2, Washc1, Washc4, Wasl, Wbp1l, Wbp2, Wdfy1, Wdfy4, Wdhd1, Wdpcp, Wdr11, Wdr12, Wdr19, Wdr24, Wdr35, Wdr4, Wdr41, Wdr45, Wdr45b, Wdr47, Wdr48, Wdr54, Wdr59, Wdr72, Wdr76, Wdr83, Wdr91, Wdtc1, Wfdc1, Wfdc10, Wfdc11, Wfdc12, Wfdc13, Wfdc15a, Wfdc15b, Wfdc16, Wfdc17, Wfdc18, Wfdc2, Wfdc21, Wfdc3, Wfdc5, Wfdc6a, Wfdc9, Wfikkn1, Wfikkn2, Wfs1, Whrn, Wif1, Wipf1, Wipi1, Wipi2, Wls, Wnk1, Wnk2, Wnk3, Wnk4, Wnt1, Wnt10a, Wnt10b, Wnt11, Wnt16, Wnt2, Wnt2b, Wnt3, Wnt3a, Wnt4, Wnt5a, Wnt5b, Wnt6, Wnt7a, Wnt7b, Wnt8a, Wnt8b, Wnt9a, Wnt9b, Wrap53, Wrn, Wrnip1, Wsb1, Wsb2, Wt1, Wtip, Wwc1, Wwc2, Wwox, Wwtr1, Xab2, Xaf1, Xbp1, Xcl1, Xcr1, Xdh, Xiap, Xirp1, Xlr4a, Xlr4b, Xpa, Xpc, Xpr1, Xrcc1, Xrcc2, Xrcc3, Xrcc4, Xrcc5, Xrcc6, Xrn2, Xrra1, Xylt1, Yap1, Yars1, Ybx1, Ybx3, Yeats4, Yes1, Yjefn3, Yju2, Yju2b, Yme1l1, Yod1, Ypel3, Ythdc2, Ythdf1, Ythdf2, Ythdf3, Ywhab, Ywhae, Ywhag, Ywhah, Ywhaq, Ywhaz, Yy1, Zap70, Zbed3, Zbed6, Zbp1, Zbtb1, Zbtb20, Zbtb33, Zbtb38, Zbtb4, Zbtb40, Zbtb7a, Zbtb7b, Zc3h12a, Zc3h15, Zc3h3, Zc3h8, Zc3hav1, Zcchc12, Zcchc3, Zcwpw1, Zdhhc1, Zdhhc11, Zdhhc12, Zdhhc16, Zdhhc17, Zdhhc18, Zdhhc21, Zdhhc25, Zdhhc3, Zdhhc4, Zdhhc5, Zdhhc7, Zdhhc9, Zeb1, Zeb2, Zfand1, Zfand2a, Zfand2b, Zfand5, Zfand6, Zfas1, Zfhx3, Zfp106, Zfp110, Zfp128, Zfp13, Zfp207, Zfp212, Zfp217, Zfp277, Zfp35, Zfp36, Zfp365, Zfp366, Zfp36l1, Zfp36l2, Zfp385a, Zfp385b, Zfp418, Zfp42, Zfp423, Zfp451, Zfp516, Zfp536, Zfp580, Zfp592, Zfp616, Zfp622, Zfp640, Zfp653, Zfp658, Zfp668, Zfp683, Zfp703, Zfp735, Zfp747, Zfp747l1, Zfp764, Zfp764l1, Zfp809, Zfp830, Zfp91, Zfp950, Zfp976, Zfp983, Zfy2, Zfyve1, Zfyve19, Zfyve26, Zfyve27, Zfyve28, Zfyve9, Zg16, Zgpat, Zgrf1, Zic1, Zic2, Zic3, Zkscan3, Zmat3, Zmiz1, Zmpste24, Zmynd11, Zmynd8, Znfx1, Znrf1, Znrf3, Znrf4, Zp3, Zp3r, Zpld1, Zpr1, Zranb1, Zranb3, Zswim2, Zswim7, Zw10, Zwilch, Zwint, Zyx, Zzef1
GO:0010608	post-transcriptional regulation of gene expression	604	23	8.8	3.2e-05	0.007060114285714286	A1cf, Aars1, Abce1, Abcf1, Ace, Aco1, Adar, Ago1, Ago2, Ago3, Ago4, Aire, Ajuba, Akap6, Akt1, Akt2, Alkbh1, Alkbh3, Alkbh5, Ang, Ang3, Angel2, Apex1, Aplp1, Apobec1, App, Arid5a, Atg14, Axin2, B3gntl1, Bank1, Barhl2, Bc1, Bcdin3d, Bcl3, Bmp4, Boll, Brf1, Btg2, Bzw1, Bzw2, C1qbp, Cacng7, Calcr, Calr, Caprin1, Caprin2, Carhsp1, Carlr, Casc3, Cav1, Cdc37, Cdk4, Cdk5rap1, Celf1, Celf2, Cirbp, Ckap5, Clp1, Cnbp, Cnot1, Cnot10, Cnot11, Cnot2, Cnot3, Cnot6, Cnot6l, Cnot7, Cnot8, Cnot9, Coa3, Cpeb1, Cpeb2, Cpeb3, Cpeb4, Csdc2, Csde1, Ctif, Cyfip1, Cyp1b1, D1Pas1, Dap, Dapk1, Dapk3, Dapl1, Dazl, Dcp1a, Dcp1b, Dcp2, Dcps, Ddx25, Ddx39b, Ddx3x, Ddx49, Ddx6, Dgcr8, Dhx29, Dhx36, Dhx9, Dicer1, Dis3l2, Dkc1, Dnajc1, Dnajc3, Dnd1, Dus3l, Dxo, E2f1, Eef2, Eef2k, Eefsec, Eif1, Eif2a, Eif2ak1, Eif2ak2, Eif2ak3, Eif2ak4, Eif2b5, Eif2s1, Eif3b, Eif3d, Eif3e, Eif3k, Eif4a3, Eif4a3l1, Eif4a3l2, Eif4e, Eif4e2, Eif4e3, Eif4ebp1, Eif4ebp2, Eif4ebp3, Eif4enif1, Eif4g1, Eif4g2, Eif4g3, Eif5, Eif5a, Eif5a2, Eif5b, Eif6, Elavl1, Elavl4, Elob, Eloc, Enc1, Endou, Ep300, Epb41l5, Eprs1, Erbb2, Ern1, Etf1, Fam76b, Fastk, Fastkd1, Fastkd2, Fastkd3, Fastkd5, Fbxo4, Fech, Fmr1, Focad, Foxo3, Fto, Fus, Fxr1, Fxr2, Gapdh, Gapdh-ps15, Gapdhrt, Gapdhrt2, Gcn1, Gcnt2, Gdnf, Gemin5, Gigyf2, Grb7, Gspt1, Gtdc1, Gtsf1, Guf1, Gzmb, Gzmc, Gzmn, Habp4, Hbb-b1, Hbs1l, Helz, Helz2, Hnf1a, Hnrnpa0, Hnrnpc, Hnrnpd, Hnrnpr, Hnrnpu, Ifna, Ifrd2, Igf1, Igf2bp1, Igf2bp2, Igf2bp3, Igfbp5, Ikbke, Il6, Ilf3, Impact, Inpp5e, Ireb2, Itga2, Jmjd4, Kbtbd8, Khdrbs1, Khsrp, Klhl25, Krt13, Krt17, Larp1, Larp4, Larp4b, Larp6, Limd1, Lin28a, Lin28b, Lrpprc, Lsm1, Lsm14a, Lsm14b, Mael, Magoh, Malsu1, Map3k20, Mapk1, Mapk3, Mapkapk2, Mapkapk5, Matr3, Mcts1, Mecp2, Meioc, Mettl1, Mettl14, Mettl16, Mettl18, Mettl3, Mettl5, Mettl8, Mex3d, Mif4gd, Mir100, Mir101a, Mir101b, Mir107, Mir10a, Mir124-2hg, Mir1247, Mir124a-1, Mir124a-1hg, Mir124a-2, Mir124a-3, Mir125a, Mir125b-1, Mir125b-2, Mir129, Mir129-1, Mir129-2, Mir133a-1, Mir133a-2, Mir135a-1, Mir137, Mir139, Mir143, Mir144, Mir146, Mir153, Mir154, Mir155, Mir17, Mir182, Mir183, Mir186, Mir196a-1, Mir196a-2, Mir196b, Mir1a-1, Mir1a-2, Mir200a, Mir200b, Mir203, Mir205, Mir214, Mir21a, Mir21b, Mir21c, Mir221, Mir223, Mir23a, Mir26a-1, Mir26a-2, Mir26b, Mir301, Mir30a, Mir324, Mir33, Mir34a, Mir34c, Mir351, Mir3960, Mir423, Mir448, Mir450b, Mir451a, Mir451b, Mir466l, Mir489, Mir494, Mir495, Mir504, Mir505, Mir511, Mir668, Mir7-1, Mir7-2, Mir7116, Mir7578, Mir7b, Mir873a, Mir874, Mir875, Mir9-1, Mir96, Mirlet7a-1, Mirlet7a-2, Mirlet7b, Mirlet7c-1, Mirlet7c-2, Mirlet7e, Mirlet7g, Mknk1, Mknk2, Mlh1, Mov10, Mov10l1, Mpv17l2, Mrpl13, Mrps27, Msi1, Msi2, Mtg1, Mtg2, Mtor, Mvk, Myd88, n-TUtca2, Naf1, Nanos1, Nanos2, Nanos3, Nat10, Ncbp1, Ncbp2, Ncbp3, Nck1, Nck2, Ncl, Neurl1a, Ngdn, Ngrn, Niban1, Nicol1, Nlrp5, Nmnat2, Noct, Nolc1, Npm1, Nrde2, Nsun2, Nsun3, Nsun4, Nsun5, Nudt21, Ogfod1, Ogt, Otud6b, Pa2g4, Pabpc1, Pabpc4, Pabpn1l, Padi6, Paip1, Paip2, Paip2b, Pan2, Pan3, Parn, Parp16, Parp9, Patl1, Patl2, Pcbp1, Pcbp4, Pcid2, Pcif1, Pde12, Pelo, Per1, Phax, Pias4, Pink1, Piwil1, Piwil2, Piwil4, Pkm, Pkp1, Pld1, Plekhn1, Plxnb2, Pml, Pnldc1, Pnpt1, Poldip3, Polr2g, Ppp1ca, Ppp1r15a, Ppp1r15b, Prg3, Prkca, Prkch, Prkdc, Prmt1, Prr16, Pstk, Ptafr, Ptbp1, Ptcd3, Ptk2b, Pum1, Pum2, Pum3, Pura, Pus7, Pym1, Qki, Rack1, Rara, Rbm10, Rbm24, Rbm3, Rbm33, Rbm38, Rbm4, Rbm46, Rbm47, Rbm4b, Rbm8a, Rbms3, Rc3h1, Rc3h2, Rcc1l, Rgs2, Rida, Ripk1, Rmnd1, Rnasel, Rnf139, Rock1, Rock2, Rpl10, Rpl10-ps3, Rpl13a, Rpl26, Rpl38, Rpl5, Rplp1, Rps14, Rps27l, Rps3, Rps4x, Rps6kb1, Rps6kb2, Rps9, Rpusd3, Rpusd4, Rxra, S100a9, Samd4, Samd4b, Sarnp, Sars1, Scgb1a1, Sco1, Scrib, Secisbp2, Senp1, Sepsecs, Serbp1, Serp1, Sesn2, Sgms1os1, Sh3bgrl, Shfl, Shmt1, Shmt2, Slc11a1, Slc35a4, Slfn2, Smyd5, Sox4, Spout1, Srp9, Srsf1, Ssb, Stat3, Syncrip, Taco1, Taf15, Tarbp2, Tardbp, Tbrg4, Tcof1, Tdrd7, Tent2, Tent4a, Tent4b, Tent5a, Tent5b, Tent5c, Tent5d, Tex19.1, Tgfb1, Thbs1, Thrap3, Tia1, Tial1, Tirap, Tmed2, Tnf, Tnfrsf1b, Tnrc6a, Tnrc6b, Tnrc6c, Tob1, Tpr, Traf2, Traf3ip2, Traf5, Trap1, Trdmt1, Trim71, Trmt10c, Trnau1ap, Trp53, Trub1, Trub2, Tsc1, Tsfm, Tsn, Tsnax, Tut4, Tut7, Tyms, Ucn, Uhmk1, Unk, Upf1, Upf3a, Upf3b, Uqcc2, Usp16, Vegfa, Vim, Vip, Wfs1, Wt1, Wtip, Xpo5, Xrn1, Ybx1, Ybx2, Ythdc1, Ythdf1, Ythdf2, Ythdf3, Zar1, Zar1l, Zc3h10, Zc3h12a, Zc3h12d, Zc3h14, Zc3h18, Zc3h7a, Zc3h7b, Zcchc13, Zcchc17, Zcchc4, Zfp36, Zfp36l1, Zfp36l2, Zfp36l3, Zfp385a, Zfp598, Zfp706, Zmpste24, Zswim8
GO:0006417	regulation of translation	375	17	5.46	4.2e-05	0.009135887323943662	Aars1, Abce1, Abcf1, Aco1, Ago1, Ago2, Ago3, Ago4, Aire, Ajuba, Akap6, Akt1, Akt2, Alkbh1, Alkbh3, Alkbh5, Ang, Ang3, Aplp1, App, B3gntl1, Bank1, Barhl2, Bc1, Bcl3, Boll, Btg2, Bzw1, Bzw2, C1qbp, Calr, Caprin1, Caprin2, Casc3, Cdk4, Cdk5rap1, Cirbp, Cnbp, Cnot1, Cnot10, Cnot11, Cnot2, Cnot3, Cnot6, Cnot6l, Cnot7, Cnot8, Cnot9, Coa3, Cpeb1, Cpeb2, Cpeb3, Cpeb4, Csde1, Ctif, Cyfip1, Cyp1b1, D1Pas1, Dap, Dapk1, Dapk3, Dapl1, Dazl, Ddx25, Ddx39b, Ddx3x, Ddx6, Dhx29, Dhx36, Dhx9, Dnajc1, Dnajc3, Dus3l, Eef2, Eef2k, Eefsec, Eif1, Eif2a, Eif2ak1, Eif2ak2, Eif2ak3, Eif2ak4, Eif2b5, Eif2s1, Eif3b, Eif3d, Eif3e, Eif3k, Eif4a3, Eif4a3l1, Eif4a3l2, Eif4e, Eif4e2, Eif4e3, Eif4ebp1, Eif4ebp2, Eif4ebp3, Eif4enif1, Eif4g1, Eif4g2, Eif4g3, Eif5, Eif5a, Eif5a2, Eif5b, Eif6, Elavl1, Elavl4, Enc1, Ep300, Eprs1, Erbb2, Ern1, Etf1, Fastkd2, Fastkd3, Fech, Fmr1, Foxo3, Fxr1, Fxr2, Gapdh, Gapdh-ps15, Gapdhrt, Gapdhrt2, Gcn1, Gemin5, Gigyf2, Grb7, Gspt1, Gtdc1, Guf1, Gzmb, Gzmc, Gzmn, Habp4, Hbb-b1, Hbs1l, Hnrnpd, Hnrnpu, Ifna, Ifrd2, Igf1, Igf2bp1, Igf2bp2, Igf2bp3, Igfbp5, Il6, Ilf3, Impact, Inpp5e, Ireb2, Itga2, Jmjd4, Kbtbd8, Khdrbs1, Klhl25, Krt13, Krt17, Larp1, Larp4, Larp4b, Larp6, Limd1, Lin28a, Lrpprc, Lsm14a, Lsm14b, Magoh, Malsu1, Map3k20, Mapk1, Mapk3, Mapkapk5, Mcts1, Mettl14, Mettl18, Mettl3, Mettl5, Mettl8, Mif4gd, Mir1247, Mir125a, Mir129, Mir135a-1, Mir143, Mir186, Mir1a-1, Mir1a-2, Mir3960, Mir448, Mir466l, Mir7116, Mir7b, Mir875, Mir9-1, Mirlet7b, Mirlet7g, Mknk1, Mknk2, Mpv17l2, Mrpl13, Mrps27, Msi1, Msi2, Mtg1, Mtg2, Mtor, Mvk, n-TUtca2, Nanos1, Nanos2, Nanos3, Nat10, Ncbp1, Ncbp2, Nck1, Nck2, Ncl, Neurl1a, Ngdn, Ngrn, Niban1, Nmnat2, Nolc1, Npm1, Nsun3, Nsun4, Nsun5, Ogfod1, Ogt, Otud6b, Pa2g4, Pabpc1, Padi6, Paip1, Paip2, Paip2b, Parp16, Patl1, Patl2, Pcbp1, Pcif1, Pelo, Pink1, Piwil1, Piwil2, Piwil4, Pkm, Pkp1, Pld1, Plxnb2, Pml, Poldip3, Polr2g, Ppp1ca, Ppp1r15a, Ppp1r15b, Prg3, Prkca, Prkch, Prkdc, Prmt1, Prr16, Pstk, Ptafr, Ptbp1, Ptcd3, Ptk2b, Pum1, Pum2, Pum3, Pura, Pus7, Pym1, Qki, Rack1, Rara, Rbm24, Rbm3, Rbm4, Rbm4b, Rbm8a, Rbms3, Rcc1l, Rgs2, Rida, Rmnd1, Rnf139, Rpl10, Rpl10-ps3, Rpl13a, Rpl26, Rpl38, Rpl5, Rplp1, Rps14, Rps27l, Rps3, Rps4x, Rps6kb1, Rps6kb2, Rps9, Rpusd3, Rpusd4, Rxra, S100a9, Samd4, Samd4b, Sarnp, Sars1, Scrib, Secisbp2, Sepsecs, Serbp1, Serp1, Sesn2, Sh3bgrl, Shfl, Shmt1, Shmt2, Slc35a4, Smyd5, Sox4, Srp9, Ssb, Syncrip, Taco1, Tarbp2, Tcof1, Tent2, Tent5b, Thbs1, Tia1, Tmed2, Tnf, Tnrc6a, Tnrc6b, Tnrc6c, Tob1, Tpr, Trap1, Trim71, Trmt10c, Trnau1ap, Trub2, Tsc1, Tsfm, Tyms, Ucn, Uhmk1, Unk, Upf1, Upf3a, Upf3b, Uqcc2, Usp16, Wfs1, Wt1, Wtip, Xrn1, Ybx1, Ybx2, Ythdf1, Ythdf2, Ythdf3, Zar1, Zar1l, Zcchc13, Zcchc4, Zfp36, Zfp36l1, Zfp385a, Zfp598, Zfp706
GO:0023051	regulation of signaling	3833	85	55.84	4.4e-05	0.009438	1700109H08Rik, 2210016L21Rik, 2510002D24Rik, 2610042L04Rik, 3425401B19Rik, Aacs, Aak1, Aars1, Aars2, Aatf, Abat, Abca1, Abca12, Abca7, Abcc8, Abcg1, Abhd17a, Abhd6, Abl1, Abl2, Abr, Abra, Acaa2, Ace, Ace2, Ache, Ackr3, Acod1, Acp3, Acp4, Acsl4, Acsl5, Acta2, Actn3, Actn4, Actrt1, Acvr1, Acvr1b, Acvr1c, Acvr2a, Acvr2b, Acvrl1, Ada, Adam10, Adam17, Adam8, Adam9, Adamts12, Adamts20, Adamts3, Adamtsl2, Adar, Adcy1, Adcy10, Adcy5, Adcy8, Adcyap1, Adcyap1r1, Adgra2, Adgrb1, Adgrg1, Adgrg3, Adgrv1, Adipoq, Adipor1, Adissp, Adm, Adnp, Adora1, Adora2a, Adora2b, Adora3, Adra1a, Adra1b, Adra1d, Adra2a, Adra2b, Adra2c, Adrb1, Adrb2, Adrb3, Adrm1, Afap1, Afap1l2, Afdn, Agap2, Ager, Ago1, Ago3, Agr2, Agrn, Agt, Agtr1a, Agtr2, Ahsg, Aida, Aim2, Aimp1, Aip, Aipl1, Ajuba, Akap12, Akap13, Akap5, Akap6, Akap7, Akip1, Akr1b1, Akr1c18, Akt1, Akt1s1, Akt2, Akt3, Aldh1a3, Alg13, Alk, Alkal1, Alkal2, Alox12b, Alox15, Alox5, Alox8, Alpk1, Alpk2, Ambra1, Amer1, Amer2, Amer3, Amfr, Amh, Amot, Anapc15, Anapc15-ps, Anapc2, Angpt1, Ank3, Ankrd1, Ankrd13c, Ankrd17, Ankrd2, Ankrd26, Ankrd54, Ankrd6, Ankrd66, Anks1, Ano1, Anxa1, Anxa2, Anxa5, Anxa7, Ap1ar, Apaf1, Apba1, Apba2, Apc, Apc2, Apcdd1, Apela, Apip, Apln, Aplnr, Aplp1, Aplp2, Apoa1, Apoc3, Apod, Apoe, App, Appl1, Appl2, Ar, Araf, Arap1, Arc, Arf1, Arf6, Arfgap1, Arfgef1, Arfgef2, Arfgef3, Arg1, Arhgap12, Arhgap17, Arhgap18, Arhgap19, Arhgap20, Arhgap22, Arhgap24, Arhgap25, Arhgap28, Arhgap29, Arhgap35, Arhgap40, Arhgap42, Arhgap44, Arhgap45, Arhgap8, Arhgdia, Arhgdib, Arhgef18, Arhgef2, Arhgef28, Arhgef3, Arhgef5, Arhgef7, Arid4a, Arid4b, Ark2c, Arl6, Arl6ip5, Armc10, Armc9, Armh4, Arr3, Arrb1, Arrb2, Arrdc1, Arrdc3, Asah2, Asb15, Asb3, Ascl1, Ash1l, Asic1, Aspm, Aspn, Asxl1, Asxl2, Atad1, Atad3a, Atad5, Atat1, Atf2, Atf3, Atf4, Atf6, Atf6b, Atg5, Atg7, Atm, Atoh8, Atp1a3, Atp2a2, Atp2b2, Atp2b4, Atp2c1, Atp6ap2, Atp6v0c, Atp6v1c2, Atr, Atxn1, Atxn3, Atxn7, Aurka, Aurkb, Auts2, Avp, Avpi1, Avpr1b, Avpr2, Axin1, Axin2, Axl, Azi2, Babam2, Bace1, Bad, Bag4, Bag5, Baiap2, Baiap3, Bak1, Bambi, Banf1, Bank1, Bard1, Barx1, Bax, Bbc3, Bcap31, Bcar3, Bche, Bcl10, Bcl2, Bcl2l1, Bcl2l10, Bcl2l11, Bcl2l12, Bcl2l14, Bcl2l2, Bcl3, Bcl6, Bcl9l, Bclaf1, Bcr, Bdkrb2, Bdnf, Becn1, Becn2, Begain, Bend6, Best1, Bfar, Bglap, Bglap2, Bicc1, Bicd1, Bid, Birc2, Birc3, Birc5, Birc6, Birc7, Blk, Blvrb, Bmal1, Bmf, Bmi1, Bmp10, Bmp2, Bmp2k, Bmp4, Bmp5, Bmp6, Bmp7, Bmper, Bmpr1a, Bmpr1b, Bmpr2, Bmyc, Bnip2, Bok, Bop1, Bpifb1, Braf, Brap, Brca1, Brca2, Brcc3, Brcc3dc, Brd4, Brms1, Brms1l, Brsk1, Brsk2, Bsn, Bst1, Btbd10, Btbd9, Btk, Btn2a2, Btnl2, Btrc, Bub1, Bud31, C1qbp, C1ql4, C1qtnf1, C1qtnf12, C1qtnf2, C1qtnf3, C1qtnf4, C2cd2l, C2cd3, C3, C5ar1, C9orf72, Cabp1, Cacna1a, Cacna1b, Cacna1c, Cacna1d, Cacna1e, Cacna2d2, Cacnb3, Cacnb4, Cacng2, Cacng3, Cacng4, Cacng5, Cacng7, Cacng8, Cactin, Cadm1, Cadm4, Calb1, Calb2, Calcr, Calhm2, Calm1, Calm2, Calm3, Calr, Camk2a, Camk2b, Camk2d, Camk2g, Camk2n1, Camk4, Camkv, Camta1, Capn1, Capn10, Capn3, Caprin2, Car2, Car7, Car8, Card10, Card11, Card14, Card6, Card9, Carm1, Cartpt, Cask, Casp1, Casp2, Casp4, Casp8, Casr, Cass4, Castor1, Castor2, Cat, Cav1, Cav2, Cav3, Cavin3, Cbfa2t2, Cbl, Cblb, Cblc, Cbln1, Cbln2, Cbln4, Cbs, Cby1, Ccar2, Ccbe1, Ccdc125, Ccdc22, Ccdc3, Ccdc88a, Ccdc88c, Cckar, Cckbr, Ccl19, Ccl19-ps1, Ccl19-ps3, Ccl19-ps4, Ccl19-ps5, Ccl19-ps6, Ccl2, Ccl21a, Ccl21b, Ccl21d, Ccl21e, Ccl21f, Ccl3, Ccl5, Ccn1, Ccn2, Ccn3, Ccn4, Ccnb1, Ccnb1-ps, Ccnc, Ccnk, Ccnq, Ccny, Ccnyl1, Ccr1, Ccr1l1, Ccr2, Ccr7, Cd109, Cd14, Cd160, Cd177, Cd180, Cd19, Cd22, Cd226, Cd24a, Cd27, Cd28, Cd2ap, Cd300a, Cd300ld3, Cd300lf, Cd36, Cd38, Cd3e, Cd4, Cd40, Cd40lg, Cd44, Cd46, Cd47, Cd55, Cd55b, Cd59a, Cd63, Cd74, Cd81, Cd84, Cd86, Cd8a, Cdc20, Cdc34, Cdc34b, Cdc37, Cdc42, Cdc42bpa, Cdc42se1, Cdc42se2, Cdc73, Cdca8, Cdh1, Cdh11, Cdh13, Cdh2, Cdh3, Cdh5, Cdk10, Cdk11b, Cdk13, Cdk14, Cdk16, Cdk20, Cdk3, Cdk5, Cdk5r1, Cdk5rap2, Cdk5rap3, Cdkl5, Cdkn1c, Cdkn2a, Cdkn2aip, Cdkn2b, Cdkn2d, Cdon, Ceacam1, Ceacam2, Cela2a, Celf4, Cep55, Cep63, Cer1, Cfl1, Cflar, Cftr, Cga, Cgas, Cgnl1, Chac1, Chat, Chd5, Chd7, Chd8, Chek2, Cherp, Chga, Chi3l1, Chmp2b, Chmp5, Chmp6, Chn1, Chp1, Chp2, Chrd, Chrdl1, Chrdl2, Chrm1, Chrm2, Chrm3, Chrna10, Chrna2, Chrna3, Chrna4, Chrna5, Chrna6, Chrna7, Chrna9, Chrnb2, Chrnb3, Chst11, Chsy1, Chuk, Cib1, Cibar1, Cidea, Cilp, Cish, Cit, Cited2, Ckap5, Clcf1, Cldn18, Clec12b, Clec16a, Clec4d, Clec4n, Clec7a, Clmp, Cln3, Clock, Clstn1, Clstn2, Clstn3, Clu, Clxn, Cmah, Cmklr1, Cmtm3, Cmya5, Cnih2, Cnih3, Cnksr2, Cnksr3, Cnmd, Cnot1, Cnot2, Cnot3, Cnot7, Cnot9, Cnr1, Cnr2, Cnrip1, Cntf, Cntn2, Cntn6, Cntnap2, Cntnap4, Col1a1, Col2a1, Col3a1, Commd1, Cops5, Coro7, Cpap, Cpeb1, Cpeb2, Cpeb3, Cplane2, Cplx1, Cplx2, Cplx3, Cplx4, Cpne1, Cpt1a, Cptp, Cracr2a, Cradd, Crb2, Crbn, Creb1, Creb3, Creb3l1, Crebbp, Crebrf, Crh, Crhbp, Crhr1, Crhr2, Crim1, Cripto, Crk, Crkl, Crlf2, Crlf3, Crnn, Crtc1, Crtc3, Cry1, Cry2, Cryba1, Csf1, Csf1r, Csf2, Csf3, Csk, Csnk1a1, Csnk1d, Csnk1e, Csnk1g1, Csnk1g2, Csnk1g3, Csnk2a1, Csnk2b, Cspg4, Cspg5, Ctbp2, Ctdnep1, Ctdspl2, Cth, Cthrc1, Ctnna1, Ctnnb1, Ctnnbip1, Ctnnd1, Ctnnd2, Ctns, Ctsc, Ctsd, Ctsh, Cttn, Cul1, Cul3, Cul4a, Cux2, Cwh43, Cx3cl1, Cx3cr1, Cxcl12, Cxcl17, Cxcl5, Cxcr4, Cxxc4, Cyba, Cyct, Cyfip1, Cyfip2, Cyld, Cyp19a1, Cyp1b1, Cyp26b1, Cyp27b1, Cyp2j5, Cyp2j6, Cyp46a1, Cyp7b1, Cyrib, Cysltr2, Cyth1, Cyth2, Cyth3, Cyth4, D130043K22Rik, D1Pas1, Daam2, Dab1, Dab2, Dab2ip, Dact1, Dact2, Dact3, Dag1, Dand5, Dapk1, Dapk2, Dapk3, Daxx, Dbh, Dbi, Dbn1, Dbndd1, Dbndd2, Dcc, Dcdc2a, Dcn, Dcst1, Ddias, Ddit3, Ddit4, Ddit4l, Ddr1, Ddr2, Ddrgk1, Ddx1, Ddx21, Ddx3x, Ddx5, Ddx60, Dedd2, Defb21, Dennd1a, Dennd2b, Dennd3, Dennd4a, Dennd4b, Dennd4c, Depdc1b, Depdc5, Deptor, Dgkb, Dgkd, Dgke, Dgkg, Dgki, Dgkq, Dgkz, Dhh, Dhrs3, Dhx15, Dhx33, Dhx36, Dhx58, Dicer1, Dipk2a, Disc1, Dixdc1, Dkk1, Dkk2, Dkk3, Dkk4, Dkkl1, Dlc1, Dlg1, Dlg4, Dlg5, Dlgap1, Dlgap2, Dlgap3, Dlgap4, Dlk1, Dlk2, Dll1, Dll3, Dll4, Dlx1, Dlx2, Dlx5, Dmd, Dmpk, Dmrt1, Dnaaf4, Dnaja1, Dnaja3, Dnajb9, Dnajc27, Dnm1, Dnm1l, Dnm2, Doc2b, Dock10, Dock11, Dock2, Dock6, Dock7, Dock8, Dock9, Dok1, Dok2, Dok4, Dok5, Dok7, Dot1l, Draxin, Drd1, Drd2, Drd3, Drd4, Drd5, Dsc2, Dsg3, Dstyk, Dtnbp1, Dtx1, Dusp1, Dusp10, Dusp13b, Dusp15, Dusp16, Dusp19, Dusp2, Dusp22, Dusp26, Dusp29, Dusp3, Dusp4, Dusp5, Dusp6, Dusp7, Dusp8, Dusp9, Dvl1, Dvl2, Dvl3, Dync1li1, Dync2h1, Dynll1, Dynlt1a, Dynlt1b, Dynlt1c, Dynlt1f, Dyrk1a, Dyrk2, Dyrk3, E130311K13Rik, Ece1, Ecm1, Ecrg4, Eda, Eda2r, Edar, Edaradd, Edn1, Edn2, Edn3, Ednra, Ednrb, Eef1e1, Efcab7, Efhb, Efna1, Efna5, Efnb3, Egf, Egfl7, Egfr, Egln1, Egr1, Egr2, Ei24, Eid2, Eif2a, Eif2ak2, Eif2ak3, Eif2ak4, Eif3a, Eif4a3, Eif4a3l1, Eif4a3l2, Eif4e, Eif4e2, Eif4ebp2, Eipr1, Elapor2, Elf1, Ell3, Elp2, Emd, Emilin1, Emp2, Endog, Eng, Enho, Eno1, Eno1b, Enpp1, Ensa, Entrep1, Eny2, Ep300, Epgn, Epha2, Epha4, Epha5, Epha7, Epha8, Ephb1, Ephb2, Epm2a, Epn2, Epo, Epor, Eps15, Eps8, Eps8l1, Eps8l2, Eps8l3, Erbb2, Erbb3, Erbb4, Erbin, Ercc6, Erfe, Ern1, Ern2, Erp29, Errfi1, Esm1, Esr1, Esr2, Etaa1, Evc, Exoc4, Ext1, Extl3, Eya1, Eya2, Eya3, Eya4, Ezh2, Ezr, F10, F11r, F2, F2r, F2rl1, F2rl2, F3, F7, Faah, Fabp5, Fadd, Faf1, Faim, Faim2, Faiml, Fam107a, Fam110c, Fam20c, Fam3c, Fam3d, Fam53b, Fam83b, Fam83d, Fam89b, Fanca, Fancd2, Fas, Fasl, Fbh1, Fbln1, Fbn1, Fbn2, Fbp1, Fbxl15, Fbxl17, Fbxl2, Fbxl20, Fbxo2, Fbxo4, Fbxo45, Fbxo7, Fbxo8, Fbxo9, Fbxw11, Fbxw7, Fcer1a, Fcgr2b, Fcmr, Fcrl5, Fem1a, Fem1b, Fer, Fermt1, Fermt2, Ffar1, Ffar2, Ffar3, Ffar4, Fga, Fgb, Fgd2, Fgd4, Fgf1, Fgf10, Fgf14, Fgf15, Fgf16, Fgf17, Fgf18, Fgf2, Fgf20, Fgf21, Fgf22, Fgf23, Fgf3, Fgf4, Fgf5, Fgf6, Fgf7, Fgf8, Fgf9, Fgfbp1, Fgfbp3, Fgfr1, Fgfr2, Fgfr3, Fgfr4, Fgfrl1, Fgg, Fgr, Fhl2, Ficd, Fignl1, Fis1, Fkbp1a, Fkbp1b, Fkbp8, Fktn, Flcn, Flna, Flot1, Flot2, Flt1, Flt4, Fmr1, Fn1, Fnip1, Fnip2, Fnta, Folr1, Foxa1, Foxa2, Foxd1, Foxh1, Foxl1, Foxl2, Foxm1, Foxo1, Foxo3, Foxp1, Fpr-rs3, Fpr-rs4, Fpr-rs6, Fpr-rs7, Fpr2, Frat1, Frmd6, Frmd7, Frmd8, Frmpd1, Frrs1l, Frs2, Frzb, Fshb, Fshr, Fst, Fstl1, Fstl3, Fstl4, Fstl5, Fto, Furin, Fut7, Fuz, Fxn, Fxr1, Fxr2, Fyn, Fzd1, Fzd10, Fzd4, Fzd5, Fzd6, Fzd7, Fzd8, Fzd9, G0s2, G2e3, G3bp1, G6pc2, Gab1, Gabarap, Gabbr1, Gabrr1, Gadd45a, Gadd45b, Gadd45g, Gal, Galnt11, Galr1, Gapdh, Gapdh-ps15, Gapdhrt, Gapdhrt2, Garem1, Garnl3, Gas1, Gas2, Gas2l2, Gas6, Gas8, Gata1, Gata2, Gata3, Gata4, Gata5, Gata6, Gba1, Gbf1, Gbp2, Gbp5, Gbp7, Gcg, Gck, Gclc, Gclm, Gcnt2, Gcsam, Gdf11, Gdf15, Gdf2, Gdf3, Gdf5, Gdf6, Gdf7, Gdf9, Gdi1, Gdnf, Gdpd5, Gen1, Gfap, Gfi1, Gfral, Ggnbp2, Gh, Ghitm, Ghr, Ghrh, Ghrhr, Ghrl, Ghsr, Gid8, Gigyf2, Gip, Gipc1, Gipr, Git1, Git2, Gja1, Gkap1, Glce, Glg1, Gli1, Gli2, Gli3, Glipr2, Glis2, Glp1r, Glra2, Glra3, Glud1, Glul, Gm12250, Gmip, Gna11, Gna12, Gnai1, Gnai2, Gnai3, Gnal, Gnao1, Gnaq, Gnas, Gnaz, Golph3, Gorab, Got1, Gpat3, Gpatch3, Gpbar1, Gpc1, Gpc2, Gpc3, Gpc4, Gpc5, Gpc6, Gpd1l, Gper1, Gpha2, Gphb5, Gpld1, Gpnmb, Gpr101, Gpr108, Gpr137, Gpr137b, Gpr137c, Gpr151, Gpr155, Gpr158, Gpr161, Gpr183, Gpr21, Gpr27, Gpr3, Gpr37, Gpr37l1, Gpr39, Gpr4, Gpr55, Gpr62, Gpr68, Gprasp1, Gprc5a, Gprc5b, Gprc6a, Gps2, Gpsm1, Gpx1, Gramd4, Grap, Grap2, Grb10, Grb14, Grb2, Grem1, Grem2, Gria1, Gria2, Gria3, Gria4, Grid1, Grid2, Grid2ip, Grik1, Grik2, Grik3, Grik4, Grik5, Grin1, Grin2a, Grin2b, Grin2c, Grin2d, Grin3a, Grin3b, Grina, Grip1, Grip2, Grk1, Grk2, Grk3, Grk4, Grk5, Grk6, Grm1, Grm2, Grm3, Grm4, Grm5, Grm6, Grm7, Grm8, Grp, Gsc, Gsdma3, Gsdme, Gsg1l, Gsk3a, Gsk3b, Gskip, Gsn, Gstp-ps, Gstp1, Gstp2, Gstp3, Gsx2, Guca1a, Guca1b, Gucy1a1, Gucy1a2, Gucy2d, H2-M3, H2bc21, Hacd3, Hadh, Hand2, Hap1, Hapstr1, Havcr2, Hax1, Hbegf, Hcar2, Hcfc1, Hcfc2, Hcls1, Hcrt, Hcrtr1, Hcst, Hdac1, Hdac2, Hdac3, Hdac6, Hdac7, Heg1, Hells, Herc2, Herc4, Herpud1, Hes1, Hes5, Hexim1, Hey1, Hey2, Heyl, Hfe, Hgf, Hgs, Hhex, Hhip, Hic1, Hif1a, Hif1an, Higd1a, Hint1, Hip1, Hip1r, Hipk1, Hipk2, Hipk3, Hipk4, Hjv, Hm629797, Hmga1, Hmga2, Hmgb1, Hmgb2, Hmgcr, Hmgn3, Hmox1, Hnf1a, Hnf1b, Hnf4a, Hnrnpk, Homer1, Homer2, Homer3, Hoxa13, Hpca, Hpcal1, Hpcal4, Hpse, Hpx, Hras, Hrg, Hrh1, Hrh2, Hrh4, Hsf1, Hsp90ab1, Hspa1b, Hspa5, Hspa8, Hspb1, Htr1a, Htr1b, Htr1d, Htr2a, Htr2b, Htr2c, Htr6, Htr7, Htra1, Htra2, Htra3, Htt, Huwe1, Hyal2, Hyou1, Iapp, Ica1, Icam1, Icmt, Id1, Ide, Ier3, Ifi203, Ifi203-ps, Ifi206, Ifi207, Ifi208, Ifi209, Ifi213, Ifi214, Ifi35, Ifnb1, Ifng, Ift122, Ift140, Ift172, Ift20, Ift80, Ift81, Ift88, Igbp1, Igbp1b, Igf1, Igf1r, Igf2, Igfbp1, Igfbp2, Igfbp3, Igfbp4, Igfbp5, Igfbp6, Igfbp7, Igfbpl1, Igh-7, Ighm, Igsf1, Igsf11, Igsf21, Igsf8, Igsf9b, Igtp, Ihh, Ikbkb, Ikbke, Ikbkg, Il10, Il10ra, Il10rb, Il11, Il12a, Il12b, Il17f, Il17rd, Il18, Il18r1, Il19, Il1a, Il1b, Il1r1, Il1r2, Il1rn, Il20, Il20ra, Il3, Il34, Il36rn, Il4, Il5, Il6, Il6ra, Il6st, Il7, Il7r, Il9, Ildr1, Ilk, Ina, Inava, Inca1, Incenp, Ing1, Ing2, Ing5, Inha, Inhba, Inhbb, Inpp4b, Inpp5a, Inpp5d, Inpp5e, Inpp5f, Inpp5k, Inppl1, Ins1, Ins2, Insig1, Insig2, Insl3, Insr, Ints9, Intu, Invs, Iqce, Iqgap1, Iqgap3, Iqschfp, Iqsec1, Iqsec2, Iqsec3, Irak1, Irak1bp1, Irak2, Irak3, Irak4, Irf1, Irf3, Irf4, Irf7, Irgm1, Irgm2, Irs1, Irs2, Irs3, Isg15, Isl1, Itch, Itfg2, Itga1, Itga3, Itga6, Itga8, Itgal, Itgav, Itgb1, Itgb1bp1, Itgb3, Itm2c, Itpka, Itpkb, Itpr1, Itpr3, Itprip, Itsn1, Ivns1abp, Jade1, Jag1, Jag2, Jagn1, Jak1, Jak2, Jak3, Jcad, Jmjd8, Jph3, Jph4, Jpt2, Jrk, Jun, Jund, Kalrn, Kank1, Kank2, Kat2a, Kazald1, Kbtbd6, Kbtbd7, Kcnb1, Kcnc3, Kcnc4, Kcnh1, Kcnip1, Kcnip2, Kcnip3, Kcnip4, Kcnj10, Kcnj11, Kcnj6, Kcnk13, Kcnk2, Kcnk9, Kcnn2, Kcnn4, Kcnq1, Kcnq2, Kcnq3, Kcnq4, Kcp, Kctd10, Kctd11, Kctd12, Kctd12b, Kctd13, Kctd16, Kctd21, Kctd6, Kctd8, Kdm1a, Kdm5b, Kdm5d, Kdm6a, Kdm8, Kdr, Kics2, Kif14, Kif16b, Kif26a, Kif5b, Kif7, Kiss1, Kiss1r, Kit, Kitl, Kl, Klb, Klf14, Klf15, Klf2, Klf4, Klf7, Klhdc10, Klhl22, Klhl31, Klk14, Klk1b4, Klk5, Klk6, Klrh1, Kmo, Kmt2a, Kmt2d, Kmt5a, Knl1, Kpna1, Kptn, Kras, Kremen1, Ksr1, Ksr2, L1cam, Lama1, Lama2, Lamb1, Lamb2, Lamc1, Lamp2, Lamp5, Lamtor1, Lamtor2, Lamtor3, Lamtor4, Lamtor5, Lancl2, Laptm5, Large1, Lars1, Lats1, Lats2, Lax1, Lbh, Lbp, Lbx2, Lck, Lcmt1, Ldlr, Ldlrad4, Ldoc1, Lect2, Lef1, Lefty1, Lemd2, Lemd3, Lep, Lepr, Leprot, Leprotl1, Lfng, Lgals3, Lgals9, Lgi1, Lgmn, Lgr4, Lgr5, Lgr6, Lhcgr, Lif, Lilra5, Lilrb4a, Lilrb4b, Limd1, Lime1, Lims1, Lims2, Lin28a, Lingo1, Lipa, Litaf, Llgl1, Llgl2, Lmbr1l, Lmcd1, Lmna, Lmnb1, Lmo3, Lmx1a, Lnpep, Lonp1, Lox, Loxl3, Lpar1, Lpar2, Lpar3, Lpxn, Lrch4, Lrfn2, Lrg1, Lrig2, Lrit3, Lrp1, Lrp2, Lrp4, Lrp5, Lrp6, Lrp8, Lrrc14, Lrrc19, Lrrc32, Lrrc4, Lrrc4c, Lrrc8a, Lrrk1, Lrrk2, Lrrtm1, Lrrtm2, Lsm14a, Lta, Ltb, Ltbp1, Ltbr, Ltf, Ltk, Lurap1, Lurap1l, Ly6g6e, Ly6g6g, Ly6m, Ly86, Ly96, Lyn, Lynx1, Lypd10, Lypd11, Lypd6, Lyplal1, Lztr1, Lzts1, Lzts2, Macf1, Mad1l1, Mad2l1, Mad2l1bp, Mad2l2, Madd, Maged1, Magi2, Magi3, Mal, Malt1, Maoa, Map1a, Map1b, Map2k1, Map2k2, Map2k3, Map2k4, Map2k5, Map2k6, Map2k7, Map3k1, Map3k10, Map3k11, Map3k12, Map3k13, Map3k20, Map3k3, Map3k4, Map3k5, Map3k7, Map4k1, Map4k2, Map4k4, Mapk1, Mapk14, Mapk3, Mapk7, Mapk8, Mapk8ip1, Mapk8ip2, Mapk8ip3, Mapk9, Mapkap1, Mapkapk5, Mapkbp1, Mapre2, Mapt, Marchf7, Marcks, Marco, Mark3, Mark4, Marveld3, Mas1, Mat2a, Mavs, Maz, Mbd2, Mbd5, Mbip, Mc1r, Mcc, Mcf2l, Mcl1, Mctp1, Mctp2, Mcu, Mdfi, Mdfic, Mdfic2, Mdk, Mdm2, Mdm4, Mecom, Mecp2, Med1, Mef2c, Mefv, Megf8, Meis3, Men1, Mertk, Mesp1, Met, Mettl3, Mfhas1, Mfn2, Mfng, Mgat5, Mgll, Mgrn1, Micu3, Mid1, Mid2, Midn, Mif, Minar1, Mink1, Mios, Mir100, Mir101a, Mir101b, Mir106a, Mir106b, Mir124-2hg, Mir124a-1hg, Mir125a, Mir125b-1, Mir125b-2, Mir126a, Mir127, Mir128-1, Mir128-2, Mir129, Mir129-1, Mir129-2, Mir130a, Mir132, Mir134, Mir137, Mir138-1, Mir138-2, Mir143, Mir145a, Mir148b, Mir149, Mir150, Mir151, Mir153, Mir154, Mir15a, Mir17, Mir181a-1, Mir181a-2, Mir181b-1, Mir181b-2, Mir181c, Mir181d, Mir185, Mir187, Mir191, Mir195a, Mir1983, Mir19a, Mir19b-1, Mir19b-2, Mir1a-1, Mir1a-2, Mir200a, Mir204, Mir205, Mir20a, Mir210, Mir211, Mir218, Mir218-1, Mir218-2, Mir22, Mir221, Mir222, Mir23a, Mir23b, Mir24-1, Mir24-2, Mir25, Mir26a-1, Mir26a-2, Mir26b, Mir27a, Mir27b, Mir28a, Mir290a, Mir29a, Mir29b-1, Mir29b-2, Mir300, Mir301, Mir301b, Mir30a, Mir30b, Mir30c-1, Mir30c-2, Mir30d, Mir30e, Mir320, Mir324, Mir328, Mir330, Mir337, Mir338, Mir342, Mir345, Mir369, Mir374b, Mir378a, Mir379, Mir381, Mir382, Mir383, Mir384, Mir410, Mir411, Mir421, Mir423, Mir425, Mir433, Mir434, Mir467a-1, Mir467a-10, Mir467a-2, Mir467a-3, Mir467a-4, Mir467a-5, Mir467a-6, Mir467a-7, Mir467a-8, Mir467a-9, Mir467b, Mir484, Mir486, Mir487b, Mir494, Mir500, Mir501, Mir539, Mir540, Mir541, Mir551b, Mir652, Mir667, Mir672, Mir673, Mir674, Mir675, Mir7-1, Mir7-2, Mir744, Mir760, Mir770, Mir7b, Mir872, Mir9-1, Mir9-2, Mir9-3, Mir92-1, Mir92-2, Mir92b, Mir93, Mir98, Mir99a, Mirlet7c-1, Mirlet7c-2, Mirlet7d, Mirlet7e, Mirlet7f-1, Mirlet7f-2, Mirlet7i, Mkrn2, Mks1, Mlf1, Mllt3, Mlst8, Mmd2, Mme, Mmp12, Mmp14, Mmp2, Mmp3, Mmp8, Mmp9, Mmrn1, Mmrn2, Mn1, Mndal, Mnt, Mob3b, Mob4, Morn3, Mos, Mosmo, Mpc2, Mpig6b, Mpp2, Mpv17l, Mrap, Mrap2, Mrtfa, Mst1, Mst1r, Mstn, Msx1, Msx2, Mt3, Mtch2, Mtdh, Mtm1, Mtmr2, Mtmr4, Mtnr1a, Mtnr1b, Mtor, Mturn, Muc1, Muc20, Mul1, Mup1, Mup11, Mup2, Mup3, Mup4, Mup5, Musk, Mvb12a, Mvb12b, Mvp, Myadm, Myb, Myc, Myd88, Mydgf, Myh7b, Myh9, Mylk2, Myo5a, Myo5b, Myo6, Myo9b, Myoc, Myocd, Myof, Myorg, Myoz1, Myoz2, Myrip, Myt1, Mzb1, n-TIaat17, n-TRtct5, Nacc2, Nadk, Nagk, Naip1, Naip2, Naip5, Naip6, Naip7, Nalcn, Nanog, Nanos3, Nbl1, Nbr1, Ncald, Ncam1, Ncan, Ncdn, Nck1, Nck2, Nckap1l, Ncl, Ncln, Ncoa1, Ncoa2, Ncoa3, Ncoa5, Ncoa6, Ncor1, Ncor2, Ncs1, Ncstn, Ndc80, Ndp, Ndrg2, Ndrg4, Ndst1, Ndufa13, Ndufaf2, Ndufc2, Ndufs3, Necab2, Nectin2, Nedd4, Nefh, Nefl, Negr1, Nek1, Nek10, Nek7, Nek8, Nelfe, Nell2, Nenf, Neo1, Nepn, Nepro, Net1, Neto1, Neu3, Neurl1a, Neurod1, Neurod2, Nf1, Nf2, Nfam1, Nfat5, Nfatc4, Nfe2l2, Nfkb1, Nfkbia, Nfkbib, Nfkbid, Nfkbil1, Ngdn, Ngf, Ngfr, Ngly1, Nherf1, Nherf2, Nherf4, Nid1, Ninj1, Nisch, Nkd1, Nkd2, Nkiras1, Nkiras2, Nkx2-1, Nkx2-5, Nkx3-1, Nkx6-1, Nle1, Nlgn1, Nlgn2, Nlgn3, Nlgn4l, Nlk, Nlrc3, Nlrc5, Nlrp12, Nlrp3, Nlrp6, Nlrx1, Nmb, Nme5, Nmi, Nmnat1, Nmu, Nmur1, Nnat, Noc2l, Nod1, Nod2, Nodal, Nog, Nol3, Nono, Nop2, Nop53, Nos1, Nos2, Notch1, Notch2, Notch4, Notum, Nox1, Nox4, Npas4, Npc1, Npff, Npffr2, Nphp3, Nphp4, Nploc4, Npm1, Npnt, Nppa, Nppb, Nppc, Npr1, Npr2, Nprl2, Nprl3, Nps, Npsr1, Nptn, Npvf, Npy, Npy1r, Npy2r, Npy5r, Nqo2, Nr0b1, Nr0b2, Nr1d1, Nr1h3, Nr1h4, Nr2c1, Nr2e1, Nr3c1, Nr3c2, Nr4a2, Nrarp, Nrep, Nrg1, Nrg3, Nrgn, Nrk, Nrn1, Nron, Nrp1, Nrros, Nrxn1, Nrxn2, Nrxn3, Nsf, Nsg1, Nsmf, Ntf3, Ntf5, Ntng1, Ntng2, Ntrk1, Ntrk2, Ntrk3, Nts, Ntsr1, Ntsr2, Nuak2, Nucb2, Nucks1, Numa1, Nup62, Nup93, Nupr1, Nxn, Nxph1, Nxph4, Oas1a, Oas1b, Oas1c, Oas1d, Oas1e, Oas1f, Oas1g, Oas1h, Oas3, Oasl1, Obox4, Obscn, Ofd1, Oga, Ogt, Olfm4, Onecut1, Onecut2, Opa1, Ophn1, Oprk1, Oprl1, Oprm1, Optn, Or2at4, Orai1, Osbp, Osbpl8, Osm, Otop1, Otub1, Otud3, Otud4, Otud5, Otud7b, Otulin, Ovol2, Oxct1, Oxt, Oxtr, P2rx1, P2rx2, P2rx3, P2rx4, P2rx7, P2ry1, P2ry12, P2ry2, P2ry4, P2ry6, P4hb, Pacsin2, Padi2, Pafah1b1, Pagr1a, Paip2, Pak1, Pak1ip1, Pak2, Pak3, Pak4, Pak5, Pak6, Palm, Palm3, Pals1, Pam16, Paqr3, Park7, Parl, Parp1, Parp14, Parp9, Pask, Pate4, Pate6, Pawr, Pax8, Pbk, Pbld1, Pbld2, Pbp2, Pbxip1, Pcbp2, Pcdh17, Pcdh8, Pcgf2, Pcid2, Pck2, Pclo, Pcp4, Pcsk5, Pcsk9, Pdc, Pdcd10, Pdcd4, Pdcd6, Pdcd7, Pdcl, Pde10a, Pde11a, Pde1c, Pde2a, Pde3a, Pde3b, Pde4a, Pde4c, Pde4d, Pde5a, Pde6g, Pde6h, Pde8a, Pde8b, Pde9a, Pdgfa, Pdgfb, Pdgfc, Pdgfd, Pdgfra, Pdgfrb, Pdia3, Pdia6, Pdk2, Pdpk1, Pdx1, Pea15a, Pea15b-ps, Pebp1, Peg10, Peg12, Peli1, Peli2, Peli3, Pelo, Penk, Per1, Per2, Pex5l, Pfdn5, Pfkfb2, Pfkl, Pfkm, Pfn1, Pfn2, Phactr4, Phb1, Phb2, Phf14, Phf24, Phip, Phlda2, Phlda3, Phlpp1, Phpt1, Pias2, Pias3, Pias4, Pibf1, Picalm, Pick1, Pid1, Pidd1, Pigbos1, Pigu, Pih1d1, Pik3ap1, Pik3ca, Pik3cb, Pik3cg, Pik3ip1, Pik3r1, Pik3r2, Pik3r5, Pik3r6, Pim1, Pim2, Pim3, Pin1, Pin1rt1, Pink1, Pip4k2a, Pip4k2b, Pip4k2c, Pip4p1, Pirb, Piwil4, Pja2, Pkd2, Pkhd1, Pkia, Pla2g2a, Pla2g3, Pla2g5, Pla2g6, Pla2r1, Plagl2, Plat, Plau, Plaur, Plcb1, Plcb4, Plcg1, Plcg2, Plcl1, Plcl2, Pld2, Plek, Plekha1, Plekha4, Plekhf1, Plg, Plin5, Plk2, Plk3, Plpp3, Plppr4, Plscr1, Plscr2, Plxnb1, Pmaip1, Pmch, Pmepa1, Pml, Pmp22, Pnkd, Pofut1, Poglut1, Pomc, Popdc1, Por, Postn, Potefam3a, Potefam3b, Pou1f1, Pp2d1, Ppara, Ppard, Pparg, Ppef2, Ppfia2, Ppfia3, Ppia, Ppif, Ppm1a, Ppm1b, Ppm1d, Ppm1k, Ppm1n, Ppp1ca, Ppp1r10, Ppp1r16b, Ppp1r2, Ppp1r9a, Ppp1r9b, Ppp2ca, Ppp2cb, Ppp2r1a, Ppp2r1b, Ppp2r3a, Ppp2r5b, Ppp2r5d, Ppp3ca, Ppp3cb, Ppp3cc, Ppp3r1, Ppp3r2, Ppp5c, Ppp6c, Ppp6r1, Ppp6r2, Ppp6r3, Ppt1, Prag1, Pramel7, Prap1, Prcp, Prdm11, Prdm14, Prdm15, Prdm16, Prdx1, Prdx2, Prelid1, Prepl, Prex1, Prex2, Prickle1, Prkaa1, Prkaa2, Prkaca, Prkacb, Prkar1a, Prkar1b, Prkar2a, Prkar2b, Prkca, Prkcb, Prkcd, Prkce, Prkcg, Prkch, Prkcq, Prkcz, Prkd1, Prkd2, Prkdc, Prkn, Prkra, Prl, Prl2a1, Prl2b1, Prl2c1, Prl2c2, Prl2c3, Prl2c5, Prl3a1, Prl3b1, Prl3c1, Prl3d1, Prl3d2, Prl3d3, Prl4a1, Prl5a1, Prl6a1, Prl7a1, Prl7a2, Prl7b1, Prl7c1, Prl7d1, Prl8a1, Prl8a2, Prl8a6, Prl8a8, Prl8a9, Prlr, Prmt1, Prmt2, Prmt5, Prmt6, Prnp, Prodh, Prok1, Pros1, Prox1, Prpf4b, Prr5, Prr5l, Prrt1, Prrt2, Prrx1, Prrx2, Prxl2c, Psap, Psca, Psd, Psd2, Psd3, Psd4, Psen1, Psen2, Psmc5, Psmd10, Psmd9, Psme3, Ptbp1, Ptch1, Ptch2, Pten, Ptgdr2, Ptger3, Ptger4, Ptgir, Ptgis, Ptgs2, Ptgs2os, Pth, Ptk2, Ptk2b, Ptk7, Ptn, Ptp4a3, Ptpmt1, Ptpn1, Ptpn11, Ptpn12, Ptpn13, Ptpn2, Ptpn22, Ptpn23, Ptpn5, Ptpn6, Ptpra, Ptprc, Ptprd, Ptpre, Ptprf, Ptprj, Ptpro, Ptprr, Ptprs, Ptprt, Ptpru, Ptprv, Pttg1ip, Pum1, Pum2, Pvrig, Pxk, Pycard, Pycr1, Qars1, Rab11a, Rab11fip1, Rab11fip3, Rab11fip5, Rab23, Rab29, Rab34, Rab3a, Rab3gap1, Rab5a, Rab7, Rab7b, Rab8a, Rab8b, Rabgef1, Rabl3, Rac1, Rack1, Rad51, Rad9a, Raf1, Rala, Ralb, Ralbp1, Ralgapa1, Ralgapa2, Ralgapb, Ralgps1, Ramp1, Ramp2, Ramp3, Ranbp9, Rap1a, Rap1b, Rap1gap, Rap1gap2, Rap1gds1, Rap2a, Rapgef1, Rapgef2, Rapgef3, Rapgef4, Rapsn, Rara, Rarres2, Rasa2, Rasa3, Rasa4, Rasal1, Rasal3, Rasd2, Rasgef1a, Rasgrf1, Rasgrf2, Rasgrp1, Rasip1, Rasl10b, Rasl11b, Rassf2, Rb1, Rb1cc1, Rbbp4, Rbbp7, Rbck1, Rbm4, Rbm47, Rbms3, Rbp4, Rbpj, Rbpms2, Rbx1, Rbx1-ps, Rc3h1, Rc3h2, Rcan1, Rcn3, Rcvrn, Rdx, Reck, Rela, Rell1, Rell2, Reln, Ren1, Ren2, Rest, Ret, Retn, Rffl, Rfng, Rfwd3, Rfx3, Rfx4, Rfx6, Rgl2, Rgma, Rgn, Rgs1, Rgs10, Rgs11, Rgs12, Rgs13, Rgs14, Rgs16, Rgs17, Rgs18, Rgs19, Rgs2, Rgs20, Rgs22, Rgs3, Rgs4, Rgs5, Rgs6, Rgs7, Rgs7bp, Rgs8, Rgs9, Rgs9bp, Rhbdf1, Rhbdf2, Rheb, Rhoa, Rhoh, Rhot1, Rian, Ric8a, Rictor, Rims1, Rims2, Rims3, Rims4, Rin1, Riok3, Ripk1, Ripk2, Ripk3, Ripor1, Ripor2, Rit2, Rita1, Rln1, Rnaseh2b, Rnf111, Rnf113a1, Rnf113a2, Rnf115, Rnf125, Rnf126, Rnf13, Rnf14, Rnf146, Rnf149, Rnf152, Rnf167, Rnf170, Rnf183, Rnf185, Rnf19a, Rnf213, Rnf220, Rnf31, Rnf34, Rnf41, Rnf43, Rnf6, Robo1, Robo2, Rock1, Rock2, Ror1, Ror2, Rora, Ros1, Rpa2, Rpf2, Rpgrip1l, Rph3al, Rpl11, Rpl23, Rpl26, Rpl37, Rpl37rt, Rpl5, Rps12, Rps15, Rps20, Rps23rg1, Rps3, Rps6ka1, Rps6ka6, Rps6kb1, Rps6kb2, Rps7, Rptor, Rraga, Rragb, Rragc, Rragd, Rras, Rrm2b, Rrn3, Rrs1, Rsad2, Rspo1, Rspo2, Rspo3, Rspo4, Rtkn2, Rtn4, Rtn4r, Rubcn, Rundc3a, Runx1, Runx2, Runx3, Ruvbl1, Ruvbl2, Rwdd1, Rwdd3, Rxfp2, Rxra, Rxrb, Ryk, Ryr1, S100a13, S100a4, S100a7l2, S100a8, S100a9, S100b, S1pr2, S2bpcox16, Sac3d1, Safb, Safb2, Sag, Sall1, Sall3, Samd5, Samhd1, Samsn1, Samtor, Sap130, Sap30, Sap30l, Sar1a, Sar1b, Sarm1, Sash1, Sash3, Scai, Scel, Scg2, Scg5, Scgn, Schip1, Scimp, Sco1, Scrib, Sct, Sctr, Scube1, Scube2, Scube3, Scyl2, Sdcbp, Sdhaf2, Sec13, Sec14l1, Seh1l, Selenok, Selenos, Selenot, Selp, Sema3e, Sema4c, Sema4d, Sema5a, Sema6a, Sema7a, Septin4, Serinc3, Serp1, Serpina12, Serpine1, Serpine2, Serpinf2, Sesn1, Sesn2, Sesn3, Sez6, Sez6l, Sez6l2, Sfpq, Sfrp1, Sfrp2, Sfrp4, Sfrp5, Sgk3, Sgsm3, Sh2b1, Sh2b2, Sh2b3, Sh2d1a, Sh2d1b1, Sh3bp1, Sh3bp4, Sh3gl1, Sh3glb1, Sh3rf1, Sh3rf2, Sh3rf3, Sh3tc2, Shank1, Shank2, Shank3, Sharpin, Shc1, Shh, Shisa2, Shisa3, Shisa6, Shisa7, Shisa8, Shisa9, Shkbp1, Shoc2, Shox2, Shq1, Siah1a, Siah1b, Siah2, Sidt2, Sigirr, Siglec1, Siglecg, Sik2, Sik3, Sike1, Sin3a, Sinhcaf, Sipa1, Sipa1l1, Sipa1l2, Sipa1l3, Sirpa, Sirt1, Sirt2, Sirt3, Sirt4, Sirt6, Sirt7, Six3, Ska1, Ska3, Ski, Skil, Skor1, Skor2, Skp2, Sla, Sla2, Slamf1, Slc12a2, Slc15a2, Slc15a3, Slc15a4, Slc16a1, Slc18a3, Slc19a1, Slc1a1, Slc1a3, Slc24a1, Slc24a2, Slc24a4, Slc25a22, Slc25a31, Slc25a4, Slc25a5, Slc27a4, Slc2a10, Slc2a2, Slc2a4, Slc30a1, Slc30a10, Slc30a8, Slc35c1, Slc35c2, Slc35f6, Slc38a1, Slc38a2, Slc38a9, Slc39a10, Slc39a14, Slc39a8, Slc46a2, Slc4a10, Slc4a8, Slc6a1, Slc6a4, Slc6a6, Slc6a9, Slc7a1, Slc7a10, Slc7a11, Slc7a3, Slc8a2, Slc8a3, Slc8b1, Slc9a1, Slc9a6, Slc9b2, Slit2, Slit3, Slitrk5, Slmap, Slurp2, Smad2, Smad3, Smad4, Smad5, Smad6, Smad7, Smarca4, Smarcb1, Smcr8, Smim30, Smo, Smoc2, Smpd1, Smpd3, Smpdl3a, Smpdl3b, Smurf1, Smurf2, Smyd2, Snai1, Snai2, Snap25, Snap29, Snap47, Snapin, Snca, Sncaip, Sncg, Snip1, Snw1, Snx1, Snx13, Snx14, Snx25, Snx3, Snx4, Snx5, Snx6, Socs1, Socs2, Socs3, Socs4, Socs5, Socs6, Socs7, Sod1, Sod2, Sorbs1, Sorbs3, Sorcs2, Sorcs3, Sorl1, Sos1, Sos2, Sost, Sostdc1, Sox10, Sox11, Sox13, Sox17, Sox2, Sox30, Sox4, Sox7, Sox9, Sp100, Spaar, Spag9, Spart, Spata2, Spatc1l, Specc1l, Spef1, Spg11, Sphk1, Sphk2, Spi1, Spin1, Spin4, Spink1, Spop, Spp1, Sppl3, Spred1, Spred2, Spred3, Spring1, Spry1, Spry2, Spry3, Spry4, Spsb3, Sptbn1, Sqstm1, Srarp, Src, Srebf1, Srebf2, Srf, Sri, Srms, Srpx, Ssh1, Sstr4, Sstr5, Ssx2ip, Stambp, Stambpl1, Stap1, Star, Stard10, Stard13, Stard8, Stat1, Stat2, Stat3, Stau1, Stau2, Steap3, Stim1, Sting1, Stk11, Stk19, Stk25, Stk3, Stk36, Stk38, Stk39, Stk4, Stk40, Stmn1, Stmn3, Stmp1, Stox1, Stra6, Stradb, Strap, Strip1, Strn, Strn3, Strn4, Stub1, Stx1a, Stx1b, Stx3, Stx4a, Stxbp1, Stxbp4, Stxbp5, Stxbp5l, Styx, Styx-ps, Styxl1, Styxl2, Suds3, Sufu, Sulf1, Sulf2, Suz12, Sv2b, Sv2c, Syap1, Sybu, Syde1, Syde2, Syk, Syn1, Syngap1, Syngr1, Synj2bp, Synpo, Synpo2l, Synpr, Syp, Syt1, Syt12, Syt13, Syt2, Syt4, Syt5, Syt7, Syt8, Syt9, Sytl4, Syvn1, Szt2, Taar1, Tab1, Tab2, Tab3, Tac1, Tacr1, Tacr2, Taf6, Tafa1, Tafa4, Tagap, Tank, Taok1, Taok2, Taok3, Tarbp2, Tardbp, Tasl, Tax1bp1, Tax1bp3, Tbc1d1, Tbc1d10c, Tbc1d16, Tbc1d24, Tbc1d7, Tbck, Tbk1, Tbl1x, Tbl1xr1, Tbx1, Tbx18, Tbx20, Tcf21, Tcf4, Tcf7l2, Tcim, Tcirg1, Tcrb, Tctn1, Tedc1, Tedc2, Tek, Tenm1, Tent2, Terf2ip, Tert, Tespa1, Tet1, Tfap2a, Tfap2b, Tff2, Tfr2, Tfrc, Tgfa, Tgfb1, Tgfb1i1, Tgfb2, Tgfb3, Tgfbr1, Tgfbr2, Tgfbr3, Tgfbr3l, Tgif1, Tgm2, Thap11, Thbs1, Them4, Thpo, Thra, Thrb, Thy1, Tial1, Tiam1, Ticam1, Ticam2, Tifa, Tifab, Timp1, Timp2, Tirap, Tjp2, Tkfc, Tle1, Tle2, Tle3, Tle4, Tle5, Tle6, Tle7, Tlr1, Tlr13, Tlr2, Tlr3, Tlr4, Tlr6, Tlr7, Tlr8, Tlr9, Tm7sf3, Tm9sf5, Tmbim1, Tmbim4, Tmbim6, Tmc8, Tmed2, Tmem100, Tmem106a, Tmem108, Tmem127, Tmem131l, Tmem132a, Tmem14a, Tmem161a, Tmem170b, Tmem198, Tmem198b, Tmem204, Tmem237, Tmem25, Tmem33, Tmem53, Tmem64, Tmem88, Tmem88b, Tmem9, Tmf1, Tmod2, Tmprss6, Tmsb4x, Tnf, Tnfaip1, Tnfaip3, Tnfaip6, Tnfaip8l1, Tnfaip8l3, Tnfrsf11a, Tnfrsf11b, Tnfrsf12a, Tnfrsf19, Tnfrsf1a, Tnfrsf22, Tnfrsf23, Tnfrsf4, Tnfsf10, Tnfsf11, Tnfsf12, Tnfsf14, Tnfsf15, Tnfsf4, Tnik, Tnip1, Tnip2, Tnip3, Tnk1, Tnks, Tnks2, Tnn, Tnr, Tns2, Tns3, Tnxb, Tob1, Tpbg, Tpbgl, Tpd52l1, Tpr, Tprg1l, Tpt1, Trabd2b, Tradd, Traf1, Traf2, Traf3, Traf3ip1, Traf3ip2, Traf4, Traf5, Traf6, Traf7, Traip, Trap1, Trat1, Trem2, Treml1, Treml4, Trex1, Trh, Triap1, Trib1, Trim11, Trim12a, Trim12c, Trim13, Trim15, Trim24, Trim25, Trim26, Trim3, Trim30a, Trim30b, Trim30c, Trim30d, Trim31, Trim32, Trim33, Trim38, Trim39, Trim41, Trim44, Trim5, Trim52, Trim55, Trim56, Trim59, Trim6, Trim60, Trim62, Trim67, Trim68, Trim72, Trim8, Trio, Trip6, Trp53, Trp63, Trp73, Trpa1, Trpc1, Trpm2, Trpm4, Trpm5, Trps1, Trpv4, Tsc1, Tsc2, Tsc22d1, Tsg101, Tshz3, Tsku, Tslp, Tspan14, Tspan15, Tspan32, Tspan5, Tspan6, Tspear, Tspo, Tspoap1, Tspyl5, Ttbk2, Ttc21b, Ttc23, Tti1, Ttll12, Tub, Tubb2b, Tubd1, Tulp3, Tunar, Tut4, Twist1, Twsg1, Txk, Txn1, Txndc12, Txndc15, Tyk2, Tyro3, Tyrobp, Uaca, Uba5, Ubac2, Ubash3a, Ubash3b, Ubb, Ubd, Ube2b, Ube2d1, Ube2i, Ube2k, Ube2n, Ube2o, Ube2v1, Ube2w, Ube3a, Ubqln1, Ubqln2, Ubr1, Ubr2, Ubr5, Uchl1, Uchl5, Ucma, Ucn, Ucn2, Ucn3, Ucp2, Ufd1, Ufl1, Ufm1, Ufsp2, Ugcg, Ulk1, Ulk3, Ulk4, Unc13a, Unc13b, Unc13c, Unc5b, Unc5cl, Uqcc2, Uri1, Usp1, Usp10, Usp12, Usp15, Usp17le, Usp18, Usp20, Usp25, Usp26, Usp27x, Usp29, Usp32, Usp33, Usp34, Usp4, Usp44, Usp46, Usp47, Usp49, Usp50, Usp7, Usp8, Usp9x, Uts2, Vamp2, Vamp3, Vamp7, Vamp8, Vangl2, Vasn, Vav1, Vav2, Vav3, Vcp, Vdac2, Vdr, Vegfa, Vegfb, Vegfc, Vegfd, Veph1, Vgf, Vgll4, Vhl, Vip, Vnn1, Vps11, Vps13a, Vps18, Vps25, Vps35, Vrk2, Vrk3, Vsir, Vsnl1, Vwa2, Vwc2, Vwc2l, Vwf, Wac, Wasf1, Wbp2, Wdfy1, Wdr11, Wdr24, Wdr48, Wdr54, Wdr59, Wdr76, Wdr83, Wdr91, Wfikkn1, Wfikkn2, Wfs1, Wif1, Wls, Wnk1, Wnk2, Wnt1, Wnt10b, Wnt11, Wnt16, Wnt3, Wnt3a, Wnt4, Wnt5a, Wnt5b, Wnt7a, Wnt7b, Wnt9a, Wtip, Wwc1, Wwc2, Wwox, Wwtr1, Xbp1, Xdh, Xiap, Xrcc3, Yap1, Ybx3, Yjefn3, Yju2, Ythdf1, Ythdf2, Ythdf3, Ywhab, Ywhae, Ywhag, Ywhah, Ywhaz, Zap70, Zbed3, Zbed6, Zbp1, Zbtb7a, Zbtb7b, Zc3h12a, Zc3h3, Zc3hav1, Zcchc3, Zdhhc1, Zdhhc12, Zdhhc17, Zdhhc18, Zdhhc2, Zdhhc25, Zdhhc3, Zdhhc5, Zdhhc7, Zdhhc9, Zeb1, Zeb2, Zfand2b, Zfand6, Zfas1, Zfp110, Zfp366, Zfp385a, Zfp423, Zfp451, Zfp536, Zfp592, Zfp622, Zfp653, Zfp703, Zfyve28, Zfyve9, Zgpat, Zic1, Zmiz1, Zmpste24, Zmynd11, Zmynd8, Znrf1, Znrf3, Znrf4, Zp3, Zranb1, Zswim2, Zwint, Zzef1
GO:0009653	anatomical structure morphogenesis	2989	70	43.54	4.6e-05	0.009731835616438356	2210016L21Rik, 2610005L07Rik, 4930550C14Rik, Abca2, Abcc8, Abcc9, Abi1, Abi2, Abi3, Abi3bp, Abitram, Abl1, Abl2, Ablim1, Abr, Acan, Acd, Ace, Ache, Ackr3, Acp4, Acp5, Acrbp, Acta1, Acta2, Actb, Actbl2, Actc1, Acte1, Actg1, Actg2, Actl6a, Actl7a, Actl9, Actn1, Actn2, Actn3, Actr2, Actr3, Acvr1, Acvr2a, Acvr2b, Acvrl1, Ada, Adam10, Adam12, Adam15, Adam17, Adam7, Adam8, Adam9, Adamts1, Adamts12, Adamts15, Adamts16, Adamts19, Adamts5, Adamts9, Adarb1, Adck1, Adcy1, Adcy10, Add1, Adgra2, Adgrb1, Adgrb2, Adgrb3, Adgrf4, Adgrf5, Adgrg1, Adgrg6, Adipoq, Adipor2, Adm, Adm2, Adnp, Adora2a, Adprhl1, Adra2b, Adrb2, Adtrp, Afdn, Aff3, Afg3l2, Agfg1, Agfg2, Aggf1, Ago1, Ago2, Ago4, Agr2, Agrn, Agt, Agtpbp1, Agtr1a, Agtr1b, Agtr2, Ahdc1, Ahi1, Ahr, AI597479, Aimp1, Aire, Ajap1, Ajuba, Akap13, Akap5, Akp3, Akt1, Akt3, Alcam, Aldh1a1, Aldh1a2, Aldh1a3, Aldoa, Alms1, Alox12, Alox5, Alpk2, Alpl, Als2, Alx1, Alx3, Alx4, Ambn, Amelx, Amh, Amigo1, Amot, Amotl1, Amotl2, Amtn, Anapc2, Ang, Ang2, Ang3, Ang4, Ang5, Ang6, Angpt1, Angpt2, Angpt4, Angptl3, Angptl4, Angptl6, Ank, Ank3, Ankrd1, Ankrd11, Ankrd23, Ankrd24, Ankrd27, Ano1, Anpep, Anxa1, Anxa2, Anxa3, Anxa7, Ap3b1, Apaf1, Apbb1, Apbb2, Apc, Apcdd1, Apela, Apln, Aplnr, Aplp1, Aplp2, Apoa1, Apob, Apoe, Apoh, Apold1, App, Aqp1, Aqp3, Aqp5, Aqp6, Ar, Arap1, Arc, Areg, Arfrp1, Arhgap12, Arhgap15, Arhgap18, Arhgap22, Arhgap24, Arhgap32, Arhgap33, Arhgap35, Arhgap4, Arhgap44, Arhgdia, Arhgef15, Arhgef18, Arhgef2, Arhgef25, Arhgef26, Arhgef28, Arid1a, Arid2, Arid5b, Ark2c, Arl13b, Arl6, Armc2, Armc5, Arpin, Artn, Arx, Asb2, Asb4, Ascl5, Ash1l, Asph, Aspn, Astn2, Asxl1, Asxl2, Asxl3, Atf2, Atf4, Atg7, Atg9a, Atg9b, Atl1, Atm, Atoh1, Atoh7, Atoh8, Atp2b2, Atp2b4, Atp5f1b, Atp6ap2, Atp6v1b1, Atp7a, Atp8a2, Atp8b1, Atp9a, Atrx, Atxn2, AU040320, Aurka, Auts2, Axin1, Axin2, B3gnt2, B4galt1, B4galt5, B4galt6, B4gat1, B9d1, Baiap2, Bak1, Bambi, Bap1, Barhl2, Barx2, Bax, Bbs1, Bbs10, Bbs2, Bbs4, BC028528, Bcam, Bcan, Bcar3, Bcas3, Bcl10, Bcl11a, Bcl11b, Bcl2, Bcl2l11, Bcl3, Bcl6, Bcl7a, Bcl9l, Bcor, Bcr, Bdnf, Becn1, Bhlhb9, Bhlhe22, Bhlhe23, Bin3, Bloc1s5, Bmerb1, Bmi1, Bmp10, Bmp2, Bmp4, Bmp5, Bmp6, Bmp7, Bmp8b, Bmper, Bmpr1a, Bmpr1b, Bmpr2, Bnip3, Boc, Bpnt2, Braf, Brca1, Brd2, Brd3, Brpf1, Brsk1, Brsk2, Brwd1, Brwd3, Bsg, Bsx, Btbd3, Btbd7, Btg1, Btrc, Bysl, C1galt1, C1galt1c1, C2cd3, C3, C3ar1, C5ar1, C9orf72, Cabp4, Cacna1a, Cacna1c, Cacna1f, Cacna1s, Cacng7, Cadm1, Calb1, Calcrl, Camk1, Camk2a, Camk2b, Camp, Camsap1, Camsap3, Cap1, Cap2, Capn1, Capn2, Capn3, Caprin1, Caprin2, Capzb, Car2, Car9, Card10, Carlr, Carm1, Carmil2, Cask, Casp1, Casp3, Casp6, Casp8, Casq1, Casq2, Casr, Casz1, Cav1, Cav3, Cavin4, Cbln1, Cbs, Cc2d1a, Cc2d2a, Ccbe1, Ccdc103, Ccdc134, Ccdc136, Ccdc146, Ccdc154, Ccdc38, Ccdc39, Ccdc40, Ccdc42, Ccdc88c, Cck, Cckar, Ccl11, Ccl12, Ccl2, Ccl24, Ccl3, Ccl5, Ccl7, Ccl8, Ccm2, Ccm2l, Ccn1, Ccn2, Ccn3, Ccn6, Ccnb1ip1, Ccng1, Ccr2, Ccr3, Ccr5, Cd109, Cd151, Cd160, Cd248, Cd2ap, Cd34, Cd36, Cd40, Cd44, Cd47, Cd53, Cd59a, Cd81, Cd9, Cd93, Cdc42, Cdc42ep1, Cdc42ep2, Cdc42ep3, Cdc42ep4, Cdc42ep5, Cdc42se1, Cdc42se2, Cdc73, Cdh1, Cdh10, Cdh11, Cdh12, Cdh13, Cdh15, Cdh17, Cdh18, Cdh19, Cdh2, Cdh20, Cdh22, Cdh23, Cdh24, Cdh26, Cdh3, Cdh4, Cdh5, Cdh6, Cdh7, Cdh8, Cdh9, Cdhr1, Cdhr18, Cdk20, Cdk2ap1, Cdk5, Cdk5r1, Cdk5r2, Cdkl3, Cdkl5, Cdkn1c, Cdkn2a, Cdon, Cdsn, Cdx1, Cdx2, Ceacam1, Ceacam2, Cebpb, Cecr2, Cela1, Celsr1, Celsr2, Celsr3, Cemip2, Cend1, Cep290, Cer1, Cert1, Cfap410, Cfap418, Cfap43, Cfap44, Cfap70, Cfc1, Cfdp1, Cfh, Cfl1, Cfl2, Cflar, Cftr, Cgn, Chad, Chd7, Chi3l1, Chl1, Chn1, Chn2, Chodl, Chrd, Chrna10, Chrna3, Chrna7, Chrna9, Chrnb2, Chst11, Chsy1, Chuk, Cib1, Cibar1, Cit, Cited1, Cited2, Ckap5, Clasp1, Clasp2, Cldn13, Cldn3, Cldn4, Cldn5, Clec14a, Clec1b, Clic3, Clic4, Clic5, Clrn1, Clrn2, Clstn3, Clu, Cluap1, Cma1, Cnga3, Cnmd, Cnnm4, Cnot1, Cnot2, Cnot3, Cnp, Cntf, Cntn1, Cntn2, Cntn5, Cntn6, Cntnap1, Cntnap2, Cobl, Coch, Col10a1, Col11a1, Col11a2, Col12a1, Col13a1, Col18a1, Col1a1, Col1a2, Col25a1, Col27a1, Col2a1, Col3a1, Col4a1, Col4a2, Col4a3, Col5a1, Col5a2, Col6a1, Col8a1, Col8a2, Col9a1, Commd5, Comp, Comt, Coq7, Coq8b, Coro1a, Coro1b, Coro1c, Cpb2, Cpe, Cplane1, Cplane2, Cpne1, Cpne5, Cpne6, Cpne9, Crabp2, Crb1, Crb2, Crb3, Creb1, Creb3l1, Crebbp, Crhr2, Cripto, Crispld1, Crispld2, Crk, Crkl, Crppa, Cryaa, Cryab, Crygb, Crygs, Csf1, Csf1r, Csf3r, Csgalnact1, Csmd1, Csnk1a1, Csnk2b, Cspg4, Cspg5, Csrnp1, Csrp1, Csrp2, Csrp3, Cst3, Cst5, Cthrc1, Ctnna1, Ctnna2, Ctnnb1, Ctnnbip1, Ctnnd1, Ctnnd2, Ctns, Ctr9, Ctsh, Ctsl, Ctsz, Cttn, Cul1, Cul3, Cul7, Cux1, Cux2, Cx3cl1, Cx3cr1, Cxcl10, Cxcl12, Cxcl17, Cxcl9, Cxcr2, Cxcr3, Cxcr4, Cybb, Cyfip1, Cyfip2, Cylc1, Cylc2, Cyp1b1, Cyp26b1, Cyp27b1, Cyp7b1, Cyrib, Cysltr1, Cysltr2, D130043K22Rik, Dab1, Dab2, Dab2ip, Dact1, Dact2, Dag1, Dapk3, Dbn1, Dbnl, Dcaf17, Dcc, Dcdc2a, Dchs1, Dclk1, Dcn, Dcstamp, Dcx, Ddah1, Ddhd1, Ddhd2, Ddr1, Deaf1, Dhodh, Dhrs3, Dhx36, Diaph1, Diaph2, Dicer1, Dio3, Dip2a, Dip2b, Disc1, Dixdc1, Dkk1, Dkk4, Dlc1, Dld, Dlg1, Dlg3, Dlg4, Dlg5, Dll1, Dll3, Dll4, Dlx1, Dlx1as, Dlx2, Dlx3, Dlx5, Dlx6, Dmd, Dmp1, Dmrt1, Dmrt2, Dmrt3, Dmtn, Dnaaf1, Dnah11, Dnajb6, Dnm1l, Dnm2, Dnm3, Dnmbp, Dock1, Dock10, Dock2, Dock5, Dock7, Dpysl5, Draxin, Drd2, Drgx, Dsc1, Dscam, Dscaml1, Dsp, Dspp, Dst, Dtnbp1, Dubr, Duox2, Dusp1, Dusp2, Dusp4, Dusp5, Dvl1, Dvl2, Dvl3, Dync2h1, Dync2i1, Dynlt1a, Dynlt1b, Dynlt1c, Dynlt1f, Dyrk1b, Dysf, Dzank1, E2f2, E2f4, E2f5, E2f7, E2f8, Ece1, Ecm1, Ecscr, Ecsit, Ect2, Eda, Edar, Edaradd, Edn1, Edn2, Edn3, Ednra, Eef2k, Efemp1, Efemp2, Efna1, Efna2, Efna3, Efna4, Efna5, Efnb1, Efnb2, Efnb3, Egf, Egfl7, Egfl8, Egfr, Egln1, Egr2, Egr3, Ehbp1l1, Ehd1, Ehd2, Eif2ak3, Eif2ak4, Eif2b2, Eif4a3, Eif4a3l1, Eif4a3l2, Eif4g2, Elavl4, Elf3, Elf5, Elk3, Eln, Emb, Emc10, Emcn, Emilin1, Emilin2, Emp2, Emx1, Emx2, En1, Enah, Enam, Eng, Enpep, Enpp1, Enpp2, Eomes, Ep300, Epas1, Epb41, Epb41l2, Epb41l3, Epb41l5, Epb42, Epgn, Epha1, Epha10, Epha2, Epha3, Epha4, Epha5, Epha6, Epha7, Epha8, Ephb1, Ephb2, Ephb3, Ephb4, Ephb6, Epn1, Epn2, Epo, Epor, Eps8, Eqtn, Erap1, Erbb2, Erbb4, Ercc1, Ercc2, Ereg, Erf, Ermn, Errfi1, Esm1, Esr1, Esr2, Esrp1, Esrp2, Esrrb, Esx1, Ets1, Ets2, Etv1, Etv2, Etv4, Etv5, Eva1a, Evl, Evx1, Evx2, Exoc4, Exoc5, Ext1, Ext2, Eya1, Eya4, Ezr, F11r, F2, F3, Faim2, Fam114a1, Fam168b, Fam171a1, Fam209, Fam20a, Fam20c, Fancc, Fancd2, Fap, Farp1, Fasl, Fat1, Fat3, Fat4, Fblim1, Fbln5, Fbn1, Fbn2, Fbxo31, Fbxo45, Fbxw11, Fbxw4, Fbxw7, Fbxw8, Fem1b, Fermt1, Fermt2, Fes, Fezf1, Fezf2, Fgd1, Fgd4, Fgf1, Fgf10, Fgf13, Fgf18, Fgf2, Fgf3, Fgf4, Fgf6, Fgf7, Fgf8, Fgf9, Fgfbp1, Fgfr1, Fgfr2, Fgfr3, Fgfr4, Fgfrl1, Fgl1, Fgr, Fhl2, Fhod3, Fig4, Fis1, Fitm2, Fjx1, Fkbp10, Fkbp1a, Fkbpl, Fkrp, Flg2, Fli1, Flii, Flna, Flnb, Flnc, Flot1, Flrt1, Flrt2, Flrt3, Flt1, Flt3l, Flt4, Flvcr1, Flvcr2, Fmn1, Fmnl1, Fmnl2, Fmnl3, Fn1, Folr1, Fosl2, Foxa1, Foxa2, Foxa3, Foxb1, Foxb2, Foxc1, Foxc2, Foxd1, Foxd2, Foxd3, Foxd4, Foxe1, Foxe3, Foxf1, Foxf2, Foxg1, Foxh1, Foxi1, Foxi2, Foxi3, Foxj1, Foxj2, Foxl1, Foxl2, Foxl3, Foxm1, Foxn1, Foxn3, Foxn4, Foxo1, Foxo3, Foxo4, Foxp1, Foxp2, Foxp4, Foxq1, Foxs1, Fras1, Frem1, Frem2, Frem3, Frmd6, Frs2, Fry, Fryl, Frzb, Fscn2, Fsip1, Fst, Fstl4, Ftx, Furin, Fut1, Fuz, Fxn, Fyn, Fzd1, Fzd2, Fzd3, Fzd4, Fzd5, Fzd6, Fzd7, Fzd8, Gaa, Gab1, Gabpa, Gadd45a, Gak, Galnt3, Gamt, Gap43, Garem2, Garin1a, Garin1b, Garin2, Garin3, Garin4, Garin5a, Garin5b, Gas1, Gas2, Gas7, Gata1, Gata2, Gata3, Gata4, Gata5, Gata6, Gatad2a, Gba1, Gbx1, Gbx2, Gcm1, Gcnt1, Gcnt3, Gcnt4, Gdf11, Gdf15, Gdf2, Gdf3, Gdf5, Gdf7, Gdi1, Gdnf, Gfi1, Gfra1, Gfra3, Ghrl, Ghsr, Gja1, Gja5, Gjb5, Gjb6, Gjc1, Gje1, Gla, Glg1, Gli1, Gli2, Gli3, Glmn, Glul, Gm14137, Gmnn, Gmppa, Gna12, Gna13, Gnaq, Gnas, Gnat1, Gnat2, Gng5, Gngt1, Gnpat, Golga2, Golga4, Gorab, Gorasp1, Gp1ba, Gpc1, Gpc3, Gpi1, Gpld1, Gpm6a, Gpr15, Gpr4, Gpx1, Grb2, Grcc10, Greb1, Greb1l, Grem1, Grem2, Grhl2, Grhl3, Grid2, Grin1, Grip1, Grk1, Grn, Grsf1, Grxcr2, Gsc, Gsdma3, Gsk3a, Gsk3b, Gsx2, Gtf2i, Gzf1, H2-DMa, H2-M3, Hacd1, Hand1, Hand2, Hand2os1, Has2, Hbegf, Hc, Hck, Hcn1, Hdac1, Hdac2, Hdac5, Hdac6, Hdac7, Hdac9, Hectd1, Hecw1, Hecw2, Heg1, Herc1, Hes1, Hes3, Hes5, Hes7, Hesx1, Hexa, Hexb, Hey1, Hey2, Heyl, Hgf, Hgs, Hhex, Hhip, Hif1a, Hif3a, Hipk1, Hipk2, Hira, Hk2, Hlx, Hmga1, Hmga2, Hmgb1, Hmgn1, Hmox1, Hmx2, Hmx3, Hnf1a, Hnf1b, Hnf4a, Hnrnpk, Hopx, Hotair, Hottip, Hoxa1, Hoxa10, Hoxa11, Hoxa13, Hoxa2, Hoxa3, Hoxa4, Hoxa5, Hoxa7, Hoxa9, Hoxb1, Hoxb13, Hoxb2, Hoxb3, Hoxb4, Hoxb5, Hoxb6, Hoxb7, Hoxb8, Hoxb9, Hoxc10, Hoxc11, Hoxc13, Hoxc4, Hoxc8, Hoxc9, Hoxd10, Hoxd11, Hoxd12, Hoxd13, Hoxd3, Hoxd4, Hoxd8, Hoxd9, Hpgd, Hpn, Hprt1, Hps1, Hpse, Hrg, Hrh2, Hs2st1, Hs3st3a1, Hs3st3b1, Hs6st1, Hsbp1, Hspa5, Hspb1, Hspb6, Hspg2, Htatip2, Htr2b, Htt, Huwe1, Hyal1, Hyal2, Icam1, Id1, Id2, Id3, Id4, Idua, Ifitm1, Ifitm5, Ifng, Ifrd1, Ift122, Ift140, Ift172, Ift20, Ift52, Ift56, Ift57, Ift80, Ift88, Igf1, Igf1r, Igf2, Igf2bp1, Igfals, Igfbp5, Ighm, Igtp, Ihh, Ikzf1, Il10, Il12a, Il12b, Il17f, Il18, Il1a, Il1b, Il1rapl1, Il1rn, Il36g, Il4, Il4ra, Il6, Il7r, Ilk, Impact, Impg2, Inf2, Inhba, Inppl1, Ins2, Insig1, Insig2, Insr, Intu, Ipmk, Iqce, Iqgap1, Irgm1, Irgm2, Irx1, Irx2, Irx3, Irx4, Irx5, Irx6, Isl1, Isl2, Islr2, Ism1, Ist1, Itga1, Itga2, Itga2b, Itga3, Itga4, Itga5, Itga6, Itga7, Itga8, Itgav, Itgax, Itgb1, Itgb1bp1, Itgb2, Itgb2l, Itgb3, Itgb4, Itgb5, Itgb6, Itgb8, Itpka, Itpr1, Itsn2, Izumo1, Izumo3, Jade2, Jag1, Jag2, Jak1, Jam3, Jcad, Jhy, Jmjd1c, Jmjd6, Jmjd8, Jun, Junb, Jup, Kalrn, Kank1, Kat2a, Kat6a, Kbtbd8, Kcna2, Kcnj8, Kcnq1, Kcnq4, Kctd10, Kdf1, Kdm1a, Kdm2a, Kdm2b, Kdm4c, Kdm5b, Kdm6a, Kdm6b, Kdr, Kel, Kidins220, Kif13b, Kif14, Kif16b, Kif1a, Kif20b, Kif21a, Kif26b, Kif3a, Kif5a, Kif5b, Kif5c, Kifbp, Kifc2, Kirrel3, Kit, Klf2, Klf4, Klf5, Klf7, Klhl10, Klhl12, Klhl3, Klhl41, Klhl6, Klk14, Klk1b1, Klk4, Klk5, Klk8, Kndc1, Kras, Krit1, Krt12, Krt13, Krt16, Krt17, Krt19, Krt25, Krt27, Krt28, Krt6a, Krt6b, Krt71, Krt8, L1cam, Lama1, Lama2, Lama3, Lama5, Lamb1, Lamb2, Lamb3, Lamc1, Lamc2, Lamc3, Large1, Larp4, Lats1, Lats2, Lbx1, Lbx2, Lcn2, Lctl, Ldb1, Ldb3, Ldlr, Lef1, Lefty1, Lemd2, Lemd3, Leo1, Lep, Lepr, Lfng, Lgals3, Lgals8, Lgi1, Lgr4, Lgr5, Lhfpl5, Lhx1, Lhx2, Lhx3, Lhx4, Lhx5, Lhx8, Lhx9, Lias, Lichi, Lif, Lifr, Limd1, Limk1, Lims1, Lims2, Lin7c, Lipa, Llgl1, Llgl2, Llph, Lmbr1, Lmbrd1, Lmo4, Lmod1, Lmod2, Lmod3, Lmtk2, Lmx1a, Lmx1b, Lncbate1, Lnpk, Lox, Loxl2, Lpar1, Lpar3, Lratd1, Lrg1, Lrig1, Lrig3, Lrp1, Lrp2, Lrp4, Lrp5, Lrp6, Lrp8, Lrrc4c, Lrrc78, Lrrk2, Lst1, Ltbp3, Ltf, Luzp1, Ly6e, Lyn, Lzts1, Lzts2, Lzts3, Mab21l2, Macf1, Macroh2a1, Mael, Mafb, Mag, Maged1, Magi1, Man2a1, Map1a, Map1b, Map1s, Map2, Map2k1, Map2k2, Map2k5, Map3k1, Map3k13, Map3k20, Map3k3, Map3k7, Map4k4, Map6, Map7, Mapk1, Mapk14, Mapk3, Mapk7, Mapk8, Mapk8ip2, Mapk8ip3, Mapt, Marchf5, Marcks, Mark2, Matn1, Matn2, Matr3, Mbnl1, Mboat7, Mbp, Mcam, Mcu, Mdfi, Mdk, Mdm2, Mdm4, Mecom, Mecp2, Med1, Med12, Mef2a, Mef2c, Mef2d, Megf11, Megf8, Megf9, Meis1, Meis2, Meis3, Men1, Meox1, Meox2, Mesp1, Mesp2, Met, Metrn, Mettl3, Mfap2, Mfap5, Mff, Mfge8, Mfn1, Mfn2, Mfng, Mfrp, Mfsd14a, Mfsd2a, Mgll, Mgp, Mia3, Miat, Mib1, Mical2, Mief1, Mief2, Minar1, Minar2, Mink1, Mios, Mir124a-1, Mir124a-2, Mir126b, Mir143, Mir145a, Mir17, Mir18, Mir182, Mir183, Mir19a, Mir19b-1, Mir1a-2, Mir200a, Mir200b, Mir200c, Mir205, Mir20a, Mir216a, Mir216b, Mir217, Mir23a, Mir23b, Mir24-1, Mir24-2, Mir27a, Mir27b, Mir329, Mir376a, Mir452, Mir539, Mir875, Mir9-1, Mir9-2, Mir9-3, Mir92-1, Mir96, Mixl1, Mki67, Mkks, Mkln1, Mks1, Mkx, Mmp12, Mmp13, Mmp14, Mmp15, Mmp16, Mmp19, Mmp2, Mmp20, Mmp8, Mmp9, Mmrn1, Mmrn2, Mnx1, Mobp, Mosmo, Mov10, Mpig6b, Mpl, Mrtfa, Mrtfb, Msgn1, Msn, Mst1, Msx1, Msx2, Msx3, Mt3, Mtch2, Mtdh, Mthfd1, Mthfd1l, Mthfr, Mtmr2, Mtor, Mtpn, Mtss1, Muc19, Muc3a, Mul1, Mxi1, Myadm, Mybpc1, Mybpc2, Mybpc3, Mybph, Myc, Mycbp2, Mycn, Mydgf, Myf5, Myf6, Myh10, Myh11, Myh14, Myh6, Myh7, Myh9, Myl12a, Myl12b, Myl2, Myl3, Myl9, Mylk, Mylk2, Mylk3, Mymk, Mymx, Myo10, Myo15a, Myo16, Myo18b, Myo19, Myo1e, Myo3a, Myo3b, Myo5a, Myo5b, Myo6, Myo7a, Myo9a, Myo9b, Myocd, Myod1, Myog, Myom1, Myom2, Myom3, Myot, Myoz1, Myoz2, Mypn, n-TUtca2, Naa15, Nab1, Nab2, Naglu, Nanog, Nat8, Nat8f1, Nat8f2, Nat8f3, Nat8f5, Naxe, Nbeal2, Nbl1, Ncam1, Nckap1, Nckap1l, Ncl, Ncmap, Ncoa1, Ncoa3, Ncor2, Ndel1, Ndn, Ndnf, Ndp, Ndst1, Neb, Nebl, Nectin1, Nectin2, Nectin3, Nedd4, Nedd4l, Nefh, Nefl, Nefm, Negr1, Nek3, Nek8, Nell2, Neo1, Nes, Neurl2, Neurod1, Neurog1, Neurog2, Neurog3, Nexn, Nf1, Nf2, Nfasc, Nfatc1, Nfatc2, Nfatc3, Nfatc4, Nfe2, Nfe2l2, Nfia, Nfib, Nfic, Nfix, Nfkb1, Nfkb2, Ngef, Ngf, Ngfr, Ngp, Nherf1, Nin, Ninj1, Nipbl, Nkd1, Nkx2-1, Nkx2-3, Nkx2-5, Nkx2-9, Nkx3-1, Nkx3-2, Nkx6-1, Nle1, Nlgn1, Nlgn3, Nlrp5, Nodal, Nog, Nolc1, Nop2, Nos3, Notch1, Notch2, Notch3, Notch4, Noto, Nova2, Nox1, Nox4, Nphp1, Nphp3, Nphs1, Npnt, Nppc, Npr2, Npr3, Nprl3, Nptn, Nptx1, Npy1r, Npy2r, Npy5r, Nr0b1, Nr2e1, Nr2e3, Nr2f2, Nr3c1, Nr4a1, Nr4a2, Nr4a3, Nr5a2, Nrap, Nrarp, Nras, Nrcam, Nrdc, Nrg1, Nrg3, Nrl, Nrn1, Nrn1l, Nrp1, Nrp2, Nrxn1, Nrxn3, Nsd1, Nsd2, Nsmf, Ntf3, Ntf5, Ntn1, Ntn3, Ntn4, Ntn5, Ntng1, Ntng2, Ntrk1, Ntrk2, Ntrk3, Numb, Numbl, Nup50, Nus1, Nyap1, Nyap2, Obsl1, Ocstamp, Odad3, Odam, Odaph, Ofd1, Olfm1, Olfm3, Oma1, Omg, Onecut1, Onecut2, Opa1, Ophn1, Opn4, Opn5, Optc, Or10a4, Or10j5, Or8a1b, Osr1, Osr2, Ostn, Otop1, Otor, Otulin, Otx1, Otx2, Ovol2, P2rx7, P2ry1, Pacsin1, Pacsin2, Paf1, Pafah1b1, Pak1, Pak2, Pak3, Pak4, Pak6, Pakap, Palb2, Palld, Palm, Palm3, Palmd, Pals1, Pank2, Pantr2, Pappa2, Pard3, Parp6, Parva, Parvb, Parvg, Pax1, Pax2, Pax3, Pax4, Pax5, Pax6, Pax7, Pax8, Pax9, Paxip1, Pbrm1, Pbx1, Pbx2, Pbx3, Pbx4, Pcdh15, Pcdh8, Pcdha9, Pcdhac2, Pcgf2, Pcnt, Pcsk5, Pdcd10, Pdcd4, Pdcd6, Pdcl2, Pdcl3, Pde3b, Pde6c, Pdgfa, Pdgfb, Pdgfc, Pdgfra, Pdgfrb, Pdlim5, Pdpk1, Pdpn, Pds5a, Pdx1, Pdzd7, Pdzd8, Pecam1, Pef1, Percc1, Perp, Pex7, Pf4, Pfn1, Pfn4, Pgam5, Pgf, Pgk1, Pgm5, Pgr, Phactr1, Phactr4, Phb2, Phex, Phip, Phlda2, Phldb1, Phldb2, Phospho1, Phox2a, Phox2b, Pias2, Picalm, Pik3c2a, Pik3ca, Pik3cb, Pik3cd, Pik3cg, Pik3r2, Pik3r3, Pik3r6, Pikfyve, Pim1, Pink1, Pip5k1c, Pitpna, Pitx1, Pitx2, Pitx3, Pkd1, Pkd2, Pkdcc, Pkhd1, Pkm, Pkn1, Pknox1, Pkp2, Pla2g10, Pla2g3, Plaa, Plag1, Plau, Plcd1, Plcd3, Plcg1, Pld6, Plec, Plekha1, Plekho1, Plet1, Plg, Plk2, Pln, Plod3, Plpp3, Plppr4, Pls1, Plxna1, Plxna2, Plxna3, Plxna4, Plxnb1, Plxnb2, Plxnb3, Plxnc1, Plxnd1, Pml, Pmp22, Pnldc1, Pnpla6, Poc1a, Poc1b, Poc5, Podxl, Pof1b, Pofut1, Pofut2, Poglut1, Polb, Polr1b, Popdc1, Por, Postn, Pou2f1, Pou3f2, Pou3f4, Pou4f1, Pou4f2, Pou4f3, Pou5f1, Ppara, Pparg, Ppargc1a, Ppargc1b, Ppfia2, Ppp1ca, Ppp1r12a, Ppp1r12b, Ppp1r12c, Ppp1r13l, Ppp1r15a, Ppp1r16b, Ppp1r35, Ppp1r9a, Ppp2r1b, Ppp2r3a, Ppp3ca, Ppp3cb, Ppp3r1, Pqbp1, Prag1, Pramel7, Prcp, Prdm1, Prdm14, Prdm8, Prex2, Prickle1, Prkaca, Prkacb, Prkar1a, Prkar1b, Prkca, Prkcb, Prkci, Prkcz, Prkd1, Prkd2, Prkdc, Prkg1, Prkn, Prkra, Prkx, Prl2c2, Prl7d1, Prmt3, Prok1, Prok2, Prom1, Prop1, Prox1, Prpf40a, Prrx1, Prrx2, Prtg, Prx, Psap, Psen1, Psen2, Psg22, Psmb10, Pspn, Ptcd2, Ptch1, Pten, Ptf1a, Ptger4, Ptgfrn, Ptgis, Ptgs2, Pthlh, Ptk2, Ptk2b, Ptk7, Ptn, Ptpn11, Ptpn14, Ptpn18, Ptpn20, Ptpn6, Ptprb, Ptprd, Ptprf, Ptprh, Ptprj, Ptprm, Ptpro, Ptprq, Ptprs, Ptprv, Ptprz1, Pum2, Pxdn, Pxn, Qki, Rab10, Rab1a, Rab21, Rab23, Rab25, Rab33b, Rab3a, Rab3gap1, Rab8a, Rabl2, Rac1, Rac2, Rac3, Rack1, Rala, Ralbp1, Ramp1, Ramp2, Rap1a, Rap2a, Rapgef2, Rapgef3, Raph1, Rara, Rarb, Rarg, Rasa1, Rasal1, Rasip1, Rb1, Rbfox2, Rbm14, Rbm15, Rbm20, Rbm46, Rbp4, Rbpj, Rbpms2, Rc3h1, Rdh10, Rdh13, Rdx, Reck, Recql4, Reg1, Rela, Reln, Relt, Rere, Rest, Ret, Rflna, Rflnb, Rfx2, Rgcc, Rgma, Rho, Rhoa, Rhob, Rhobtb1, Rhobtb2, Rhoc, Rhog, Rhoj, Rhoq, Rhou, Rhpn1, Ric8a, Rilpl1, Rilpl2, Rims1, Rims2, Rin2, Ring1, Ripk4, Ripor2, Ripply1, Ripply2, Rln1, Rnase10, Rnd2, Rnf157, Rnf2, Rnf207, Rnf213, Rnf6, Rnh1, Rnls, Robo1, Robo2, Robo3, Robo4, Rock1, Rock2, Rogdi, Rom1, Ror2, Rora, Rorb, Rp1, Rpgr, Rpgrip1, Rpgrip1l, Rpl13a, Rpl24, Rpl38, Rpl4, Rpl7l1, Rps6, Rps6ka1, Rps7, Rras, Rreb1, Rrp7a, Rs1, Rspo2, Rspo3, Rtf1, Rtl1, Rtn4, Rtn4r, Rtn4rl1, Rufy3, Runx1, Runx2, Runx3, Rxfp1, Rxra, Ryk, Ryr1, Ryr2, S100a1, S100a13, S100b, S1pr1, S2bpcox16, Sall1, Sall3, Sall4, Samd11, Samd7, Sapcd2, Sarm1, Sars1, Sart3, Sash1, Satb2, Sav1, Sbno2, Scfd1, Scg2, Scgb3a1, Schip1, Scn11a, Scn1b, Scnn1b, Scnn1g, Scrib, Scube2, Scx, Sdc2, Sdc4, Sdccag8, Sdk1, Sdk2, Sec1, Sec23ip, Sec24b, Sema3a, Sema3b, Sema3c, Sema3d, Sema3e, Sema3f, Sema3g, Sema4a, Sema4b, Sema4c, Sema4d, Sema4f, Sema4g, Sema5a, Sema5b, Sema6a, Sema6b, Sema6c, Sema6d, Sema7a, Septin4, Septin7, Serp1, Serpinb5, Serpine1, Serpine2, Serpinf1, Serpinf2, Serpinh1, Setd2, Setdb2, Sf3b1, Sf3b6, Sfrp1, Sfrp2, Sfrp4, Sfrp5, Sgcd, Sgk1, Sgpl1, Sh2b3, Sh3bp1, Sh3d19, Sh3gl2, Sh3glb1, Sh3kbp1, Sh3pxd2a, Sh3pxd2b, Shank1, Shank3, Shb, Shc1, Shh, Shox2, Shroom1, Shroom2, Shroom3, Shtn1, Sidt2, Sik3, Sin3a, Sipa1l1, Sipa1l3, Sirt1, Sirt6, Six1, Six2, Six3, Six4, Ski, Skil, Skor2, Slc11a2, Slc12a2, Slc17a6, Slc1a1, Slc1a3, Slc23a2, Slc24a4, Slc25a46, Slc26a4, Slc26a5, Slc30a1, Slc31a1, Slc39a1, Slc39a12, Slc39a3, Slc40a1, Slc44a4, Slc4a10, Slc4a2, Slc4a7, Slc6a3, Slc6a4, Slc8a1, Slc9a6, Slc9a8, Slit1, Slit2, Slit3, Slitrk1, Slitrk2, Slitrk3, Slitrk4, Slitrk5, Slitrk6, Smad1, Smad2, Smad3, Smad4, Smad5, Smad6, Smad7, Smad9, Smarca4, Smarcc1, Smarcd3, Smn1, Smo, Smoc2, Smpd3, Smtnl1, Smurf1, Snai1, Snai2, Snap25, Snap91, Snx1, Snx10, Snx2, Sobp, Socs3, Socs7, Sod1, Sos1, Sostdc1, Sox1, Sox10, Sox11, Sox12, Sox17, Sox18, Sox2, Sox3, Sox30, Sox4, Sox5, Sox6, Sox7, Sox8, Sox9, Sp1, Sp100, Sp3, Sp5, Sp6, Sp7, Sp8, Sp9, Spaca1, Spag6, Spag6l, Spag9, Sparc, Spart, Spast, Specc1l, Spef2, Spem1, Spem3, Spg11, Spg21, Sphk1, Spi1, Spink2, Spint1, Spint2, Spire1, Sppl2c, Spr, Spred1, Sprr1b, Sprr2a1, Spry1, Spry2, Spry3, Spta1, Sptbn1, Sptbn2, Sptbn4, Src, Srcin1, Srf, Srgap2, Srpk2, Srpx2, Srsf6, Ss18, Ss18l1, Ssbp3, Ssh1, Ssna1, Ssu2, St14, St8sia2, Stab1, Stard13, Stat1, Stat2, Stat3, Stat5a, Stat6, Stau2, Stc1, Stil, Stim1, Stk11, Stk25, Stk3, Stk4, Stk40, Stmn1, Stox1, Stra6, Stradb, Strc, Strip1, Strip2, Stx2, Stxbp1, Stxbp5, Sufu, Sulf1, Sulf2, Sult4a1, Supt20, Supt6, Svep1, Sycp2, Syf2, Syk, Syna, Synb, Syne3, Syne4, Syngap1, Synj2bp, Synpo2l, Syt1, Syt17, Syt2, Syt3, Syt4, Szt2, T, T2, Tab1, Tacstd2, Taf10, Tafa5, Tafazzin, Tal1, Tanc1, Tanc2, Taok2, Taok3, Tasor, Tbc1d20, Tbc1d24, Tbc1d32, Tbccd1, Tbcd, Tbce, Tbpl1, Tbr1, Tbx1, Tbx15, Tbx18, Tbx19, Tbx2, Tbx20, Tbx3, Tbx4, Tbx5, Tbx6, Tbxa2r, Tcap, Tcf15, Tcf21, Tcf3, Tcf4, Tcf7, Tcf7l1, Tcf7l2, Tcirg1, Tcof1, Tcta, Tctn1, Tdrd7, Tead1, Tead2, Tead4, Tecta, Tek, Tenm3, Tenm4, Tert, Tet1, Tet2, Tfap2a, Tfap2b, Tfap2c, Tfcp2l1, Tfrc, Tgfa, Tgfb1, Tgfb1i1, Tgfb2, Tgfb3, Tgfbi, Tgfbr1, Tgfbr2, Tgfbr3, Tgif1, Tgif2, Tgm1, Tgm2, Th, Thbs1, Thbs2, Thbs3, Thbs4, Thoc2, Thoc5, Thra, Thrb, Thsd7a, Thy1, Tiam1, Tiam2, Tie1, Tifab, Timeless, Tiparp, Tjp1, Tlr2, Tlr3, Tlx1, Tlx2, Tm4sf1, Tmbim1, Tmed2, Tmeff2, Tmem100, Tmem106b, Tmem107, Tmem108, Tmem119, Tmem135, Tmem182, Tmem215, Tmem231, Tmem59l, Tmem67, Tmem79, Tmf1, Tmie, Tmod1, Tmod2, Tmod3, Tmod4, Tmprss12, Tmt1a, Tmt1a2, Tmt1a3, Tmtc3, Tnc, Tnf, Tnfaip2, Tnfaip3, Tnfrsf11b, Tnfrsf12a, Tnfrsf13c, Tnfrsf1a, Tnfrsf1b, Tnfsf11, Tnfsf12, Tnfsf13, Tnfsf13b, Tnfsf14, Tnik, Tnmd, Tnn, Tnnc1, Tnni1, Tnni3, Tnnt1, Tnnt2, Tnnt3, Tnr, Tnrc6c, Top2b, Tor1a, Tpbg, Tpm1, Tpm4, Tppp, Tprn, Traf3ip1, Traf6, Trak1, Trak2, Treh, Trem2, Trex1, Trim28, Trim46, Trim71, Trio, Triobp, Trip11, Trnp1, Trp53, Trp63, Trp73, Trpc5, Trpc6, Trpm1, Trpv2, Trpv4, Tsc1, Tsc2, Tsc22d4, Tshr, Tshz1, Tshz3, Tsku, Tspan12, Tspan18, Tspear, Ttbk2, Ttc21b, Ttc3, Ttc39c, Ttc8, Ttl, Ttll1, Ttn, Ttyh1, Tuba1a, Tubb1, Tubb2b, Tubb3, Tulp1, Tulp3, Tunar, Twf2, Twist1, Twist2, Twsg1, Txnrd1, Txnrd3, Tymp, Tyrobp, Ubb, Ube3a, Ube4b, Ubp1, Uchl1, Uchl5, Ugdh, Ugt8a, Ulk1, Ulk2, Ulk4, Unc13a, Unc13d, Unc5a, Unc5b, Unc5c, Unc5d, Unc93b1, Uncx, Unk, Upk3a, Ush1c, Ush1g, Ush2a, Usp33, Usp9x, Uspl1, Ust, Uts2, Uts2r, Uty, Vamp7, Vangl2, Vash1, Vash2, Vasp, Vat1, Vav2, Vav3, Vax1, Vax2, Vax2os, Vcam1, Vcl, Vdr, Vegfa, Vegfb, Vegfc, Vegfd, Vezf1, Vhl, Vil1, Vim, Vldlr, Vpreb1a, Vpreb1b, Vps13a, Vps13b, Vps33a, Vps33b, Vps35, Vps4b, Vps51, Vps52, Vps54, Vsig1, Vstm4, Vsx1, Vsx2, Vtn, Wars1, Wars2, Wasf1, Wasf2, Wasf3, Wasl, Wdpcp, Wdr1, Wdr19, Wdr36, Wdr47, Wdr48, Wdr72, Wdr74, Wdr83, Wee1, Whrn, Wls, Wnk1, Wnk4, Wnt1, Wnt10a, Wnt10b, Wnt11, Wnt16, Wnt2, Wnt2b, Wnt3, Wnt3a, Wnt4, Wnt5a, Wnt5b, Wnt6, Wnt7a, Wnt7b, Wnt8a, Wnt8b, Wnt9a, Wnt9b, Wt1, Wtip, Wwox, Wwtr1, Xbp1, Xdh, Xirp1, Xirp2, Xk, Xlr3b, Xrcc1, Xrcc2, Yap1, Ybx1, Yjefn3, Yme1l1, Ypel4, Ythdf1, Ythdf2, Ywhah, Ywhaz, Yy1, Zbtb16, Zbtb17, Zc3h12a, Zdhhc15, Zdhhc17, Zdhhc6, Zdhhc7, Zeb1, Zeb2, Zfand5, Zfp157, Zfp219, Zfp281, Zfp335, Zfp354c, Zfp365, Zfp36l1, Zfp385a, Zfp422, Zfp568, Zfp640, Zfp950, Zfpm1, Zfpm2, Zfyve27, Zhx2, Zic1, Zic2, Zic3, Zic5, Zmiz1, Zmpste24, Zmym3, Zmym4, Zmym6, Zp3, Zpbp, Zpbp2, Zranb1, Zswim6
GO:0035278	miRNA-mediated gene silencing by inhibition of translation	28	5	0.41	4.8e-05	0.010017729729729731	Ago1, Ago2, Ago3, Ago4, Ajuba, Ddx6, Eif4e2, Eif4enif1, Eif4g1, Eif6, Limd1, Mir1247, Mir125a, Mir129, Mir135a-1, Mir143, Mir186, Mir3960, Mir875, Mir9-1, Mirlet7b, Mirlet7g, Rbm4, Tnrc6a, Tnrc6b, Trim71, Wtip, Zfp36
GO:0043488	regulation of mRNA stability	175	11	2.55	5.6e-05	0.01153152	Ago1, Ago2, Ago3, Alkbh5, Angel2, Apex1, Apobec1, Arid5a, Axin2, Boll, Brf1, Btg2, Cacng7, Calcr, Caprin1, Carhsp1, Celf1, Cirbp, Cnot1, Cnot2, Cnot3, Cnot6, Cnot6l, Cnot7, Cnot8, Cpeb3, Csdc2, Csde1, Dazl, Dcp1a, Dcp1b, Dcp2, Dcps, Dhx36, Dhx9, Dicer1, Dis3l2, Dnd1, E2f1, Eif4enif1, Elavl1, Elavl4, Fam76b, Fastk, Fastkd1, Fastkd2, Fastkd3, Fastkd5, Fmr1, Fto, Fus, Fxr1, Fxr2, Gdnf, Gigyf2, Gtsf1, Hnrnpa0, Hnrnpc, Hnrnpd, Hnrnpr, Hnrnpu, Igf2bp1, Igf2bp2, Igf2bp3, Ikbke, Khsrp, Larp1, Larp4b, Lsm1, Mapkapk2, Meioc, Mettl14, Mettl16, Mettl3, Mex3d, Mir144, Mir196a-1, Mir196a-2, Mir196b, Mir451a, Mir451b, Mir466l, Mlh1, Mov10, Mtor, Myd88, Nanos1, Nanos2, Nanos3, Nicol1, Noct, Npm1, Nrde2, Pabpc1, Pabpc4, Pabpn1l, Paip1, Pan2, Pan3, Parn, Patl1, Patl2, Pcbp4, Pcid2, Pde12, Pias4, Piwil1, Piwil2, Piwil4, Plekhn1, Pnldc1, Pnpt1, Polr2g, Ptbp1, Pum1, Pum2, Qki, Rbm10, Rbm24, Rbm33, Rbm38, Rbm46, Rbm47, Rc3h1, Rc3h2, Rida, Rnasel, Rock1, Rock2, Samd4, Samd4b, Scgb1a1, Secisbp2, Senp1, Slc11a1, Srsf1, Syncrip, Taf15, Tardbp, Tbrg4, Tent4a, Tent4b, Tent5a, Tent5b, Tent5c, Tent5d, Thrap3, Tirap, Tnrc6a, Tnrc6b, Tnrc6c, Tob1, Traf2, Traf3ip2, Traf5, Trim71, Tut4, Tut7, Upf1, Vegfa, Vim, Vip, Ybx1, Ybx2, Ythdf1, Ythdf2, Ythdf3, Zar1, Zc3h12a, Zc3h12d, Zc3h14, Zfp36, Zfp36l1, Zfp36l2, Zfp36l3
GO:0007275	multicellular organism development	5216	108	75.98	5.7e-05	0.011583000000000001	1700067K01Rik, 2510009E07Rik, 2610005L07Rik, 2610042L04Rik, 2810429I04Rik, 4933434E20Rik, 9130008F23Rik, 9630013A20Rik, A1cf, A2m, A830082K12Rik, Aacs, Aars1, Aatf, Aatk, Abat, Abca12, Abca2, Abca3, Abcb10, Abcb1a, Abcb1b, Abcb5, Abcb6, Abcc1, Abcc8, Abcc9, Abcd1, Abcd2, Abcg2, Abi1, Abi2, Abi3, Abi3bp, Abitram, Abl1, Abl2, Ablim1, Abr, Abt1, Acacb, Acadm, Acan, Acap3, Acat1, Acd, Ace, Acer3, Ache, Acin1, Ackr3, Aco1, Aco2, Acod1, Acp2, Acp4, Acp5, Acsl3, Acsl4, Acsl6, Acta2, Actb, Actbl2, Actc1, Acte1, Actg1, Actl6a, Actl6b, Actn2, Actn3, Actn4, Actr2, Actr3, Actr5, Actr8, Acvr1, Acvr1b, Acvr1c, Acvr2a, Acvr2b, Acvrl1, Ada, Adam10, Adam12, Adam15, Adam17, Adam18, Adam19, Adam1a, Adam1b, Adam2, Adam20, Adam21, Adam22, Adam24, Adam25, Adam26a, Adam26b, Adam29, Adam3, Adam30, Adam32, Adam34, Adam34l, Adam39, Adam4, Adam5, Adam6a, Adam6b, Adam7, Adam8, Adamts1, Adamts12, Adamts16, Adamts18, Adamts19, Adamts2, Adamts3, Adamts5, Adamts6, Adamts7, Adamts9, Adamtsl2, Adap2, Adar, Adarb1, Adcy1, Adcy10, Adcy6, Adcy9, Adcyap1, Add1, Add2, Adgra2, Adgrb1, Adgrb2, Adgrb3, Adgrd1, Adgre5, Adgrf1, Adgrf4, Adgrf5, Adgrg1, Adgrg4, Adgrg6, Adgrl1, Adgrl2, Adgrl3, Adgrl4, Adgrv1, Adipoq, Adipor2, Adm, Adm2, Adnp, Adnp2, Adora2a, Adprhl1, Adra1a, Adra1b, Adra2b, Adra2c, Adrb1, Adrb2, Adrm1, Adtrp, Afdn, Aff3, Afg2a, Afg3l2, Afp, Agbl4, Ager, Aggf1, Ago1, Ago2, Ago4, Agr2, Agrn, Agt, Agtpbp1, Agtr1a, Agtr1b, Agtr2, Ahdc1, Ahi1, Ahr, Ahsg, AI597479, Aicda, Aida, Aifm1, Aim2, Aimp1, Aimp2, Aire, Ajap1, Ak7, Ak8, Akap11, Akap13, Akap3, Akap5, Akap6, Akap9, Akirin2, Akna, Akp3, Akr1b1, Akt1, Akt2, Akt3, Alcam, Aldh1a1, Aldh1a2, Aldh1a3, Aldh3a2, Aldh5a1, Alg10b, Alg5, Alk, Alkal1, Alkal2, Alkbh1, Alms1, Alox12, Alox5, Alox8, Alpk2, Alpk3, Alpl, Als2, Alx1, Alx3, Alx4, Ambra1, Amer1, Amh, Amhr2, Amigo1, Amigo2, Amigo3, Amot, Amotl1, Amotl2, Ampd2, Amtn, Anapc2, Anapc7, Ang, Ang2, Ang3, Ang4, Ang5, Ang6, Angpt1, Angpt2, Angpt4, Angptl3, Angptl4, Angptl6, Angptl7, Ank, Ank2, Ank3, Ankle2, Ankrd1, Ankrd11, Ankrd17, Ankrd24, Ankrd27, Ankrd54, Ankrd7, Anks1, Anks6, Ano1, Ano6, Anp32b, Anpep, Antxr1, Antxr2, Anxa1, Anxa2, Anxa3, Anxa4, Anxa7, Ap1b1, Ap2a1, Ap2b1, Ap3b1, Ap3d1, Ap5z1, Apaf1, Apba1, Apba2, Apba3, Apbb1, Apbb2, Apc, Apc2, Apcdd1, Apcs, Apela, Aph1a, Aph1c, Aplf, Apln, Aplnr, Aplp1, Aplp2, Apoa1, Apoa4, Apob, Apod, Apoe, Apoh, Apold1, App, Appl2, Aqp1, Aqp11, Aqp2, Aqp5, Ar, Arc, Arcn1, Areg, Arf1, Arf4, Arf6, Arfgef1, Arfrp1, Arg2, Arhgap22, Arhgap24, Arhgap32, Arhgap33, Arhgap35, Arhgap4, Arhgap44, Arhgdib, Arhgdig, Arhgef10, Arhgef15, Arhgef2, Arhgef25, Arhgef28, Arhgef7, Arhgef9, Arid1a, Arid1b, Arid2, Arid4a, Arid4b, Arid5a, Arid5b, Ark2c, Arl13b, Arl3, Arl6, Armc5, Arnt, Arnt2, Arrb1, Arrb2, Arsb, Arsg, Artn, Arx, Asah1, Asap1, Asb1, Asb2, Asb4, Ascl1, Ascl2, Ascl3, Asf1b, Ash1l, Asic1, Asic2, Asl, Asmt, Asns, Aspa, Asph, Aspm, Aspn, Ass1, Astn1, Astn2, Asxl1, Asxl2, Atad5, Atat1, Atcay, Atf1, Atf2, Atf4, Atf5, Atf6, Atf7, Atg16l1, Atg5, Atg7, Atg9a, Atg9b, Atic, Atl1, Atm, Atn1, Atoh1, Atoh7, Atoh8, Atp11a, Atp11c, Atp1a2, Atp1a3, Atp1b1, Atp1b2, Atp2b1, Atp2b2, Atp2b4, Atp5f1a, Atp5f1b, Atp6ap1, Atp6ap2, Atp6v1b1, Atp7a, Atp8a2, Atp8b1, Atp9a, Atr, Atraid, Atrn, Atrx, Atxn1, Atxn10, Atxn1l, Atxn2, AU040320, Aurka, Auts2, Avil, Avpr1a, Avpr2, AW551984, Axin1, Axin2, Axl, B2m, B3glct, B3gnt2, B3gnt5, B4galnt1, B4galt1, B4galt2, B4galt5, B4galt6, B4gat1, B9d1, Baat, Bad, Bag1, Bag3, Bag5, Bag6, Bahcc1, Baiap2, Bak1, Bap1, Barhl1, Barhl2, Barx1, Barx2, Basp1, Batf, Bax, Bbln, Bbs1, Bbs10, Bbs2, Bbs4, Bbs7, Bbx, BC028528, Bcam, Bcan, Bcar3, Bcas1, Bcas2, Bcas3, Bccip, Bche, Bcl10, Bcl11a, Bcl11b, Bcl2, Bcl2l1, Bcl2l11, Bcl2l2, Bcl3, Bcl6, Bcl7a, Bcor, Bcr, Bdnf, Becn1, Bend6, Bex1, Bfsp1, Bfsp2, Bglap, Bglap2, Bglap3, Bgn, Bhlha15, Bhlhb9, Bhlhe22, Bhlhe23, Bhlhe40, Bhlhe41, Bicc1, Bicdl1, Bik, Bin1, Birc5, Birc6, Birc7, Bloc1s1, Bloc1s2, Bloc1s3, Bloc1s4, Bloc1s5, Bloc1s6, Bmal1, Bmerb1, Bmi1, Bmncr, Bmp1, Bmp10, Bmp2, Bmp2k, Bmp3, Bmp4, Bmp5, Bmp6, Bmp7, Bmp8a, Bmp8b, Bmper, Bmpr1a, Bmpr1b, Bmpr2, Bmyc, Bnc2, Bnip2, Bnip3, Boc, Bok, Borcs5, Borcs7, Borcs8, Bpgm, Bpnt2, Bptf, Braf, Brca1, Brca2, Brd1, Brd2, Brd3, Brd4, Brd7, Brinp1, Brinp2, Brinp3, Brip1, Brk1, Brpf1, Brpf3, Brsk1, Brsk2, Bsg, Bsn, Bsx, Btbd1, Btbd2, Btbd3, Btbd6, Btbd7, Btf3, Btg1, Btg2, Btn2a2, Btrc, Bvht, Bysl, C1galt1, C1qa, C1qbp, C1qc, C1ql1, C1ql2, C1ql3, C2cd3, C3, C3ar1, C5ar1, C6, C9orf72, Cables1, Cabp4, Cacna1a, Cacna1c, Cacna1f, Cacna1s, Cacnb4, Cacng7, Cacybp, Cad, Cadm1, Calb1, Calcrl, Calr, Camk1, Camk1d, Camk2a, Camk2b, Camk2d, Camk2g, Camp, Camsap1, Camsap2, Camsap3, Capg, Capn2, Capn3, Caprin1, Caprin2, Car2, Card10, Card11, Carm1, Carmil2, Carmil3, Cartpt, Cask, Caskin1, Casp2, Casp3, Casp6, Casp7, Casp8, Casp9, Casr, Casz1, Cat, Cav1, Cav3, Cavin4, Cbfa2t2, Cbfb, Cbl, Cblb, Cbln1, Cbln2, Cbln4, Cbs, Cbx2, Cby1, Cc2d1a, Cc2d2a, Ccbe1, Ccdc103, Ccdc134, Ccdc141, Ccdc154, Ccdc182, Ccdc24, Ccdc39, Ccdc40, Ccdc47, Ccdc62, Ccdc85c, Ccdc88a, Cck, Cckar, Cckbr, Ccl11, Ccl12, Ccl19, Ccl2, Ccl21a, Ccl21b, Ccl24, Ccl3, Ccl5, Ccl9, Ccm2, Ccm2l, Ccn1, Ccn2, Ccn3, Ccn4, Ccn6, Ccnb1, Ccnb1ip1, Ccnb2, Ccnd1, Ccnd2, Ccnk, Ccr1, Ccr1l1, Ccr2, Ccr3, Ccr4, Ccr5, Ccr6, Ccr7, Ccsap, Cd101, Cd109, Cd160, Cd1d1, Cd248, Cd24a, Cd27, Cd276, Cd28, Cd2ap, Cd34, Cd36, Cd38, Cd3e, Cd4, Cd40, Cd40lg, Cd44, Cd46, Cd47, Cd59a, Cd69, Cd74, Cd83, Cd86, Cd9, Cd93, Cdc20, Cdc27, Cdc40, Cdc42, Cdc73, Cdh1, Cdh11, Cdh13, Cdh17, Cdh2, Cdh23, Cdh3, Cdh4, Cdh5, Cdh9, Cdhr1, Cdk1, Cdk11b, Cdk16, Cdk18, Cdk20, Cdk2ap1, Cdk5, Cdk5r1, Cdk5r2, Cdk5rap2, Cdk5rap3, Cdk6, Cdkl3, Cdkl5, Cdkn1a, Cdkn1b, Cdkn1c, Cdkn2a, Cdkn2b, Cdkn2c, Cdnf, Cdon, Cdx1, Cdx2, Cdx4, Ceacam1, Ceacam2, Cebpa, Cebpb, Cebpg, Cecr2, Cela1, Celf1, Celf4, Celsr1, Celsr2, Celsr3, Cemip2, Cend1, Cenpu, Cep120, Cep290, Cep85, Cep85l, Cer1, Cers1, Cers2, Cert1, Cfap418, Cfap43, Cfap45, Cfap52, Cfap53, Cfc1, Cfd, Cfh, Cfl1, Cflar, Cftr, Cga, Chac1, Chad, Chadl, Chaserr, Chat, Chd4, Chd5, Chd7, Chd8, Chek1, Chi3l1, Chl1, Chm, Chmp4c, Chn1, Chodl, Chrd, Chrdl1, Chrdl2, Chrna10, Chrna3, Chrna7, Chrna9, Chrnb2, Chst11, Chsy1, Chtop, Cib1, Cibar1, Cic, Cimap3, Cip2a, Cir1, Cirop, Cit, Cited1, Cited2, Ckap5, Cks1b, Cks2, Clasp1, Clasp2, Clcf1, Clcn2, Clcnka, Cldn1, Cldn11, Cldn18, Cldn19, Cldn3, Cldn5, Clec12a, Clec14a, Clec2d, Clec2g, Clec2i, Clec3b, Clec4g, Clic3, Clic4, Clic5, Clip1, Clmn, Clmp, Cln5, Cln8, Clock, Clp1, Clptm1, Clrn1, Clrn2, Clstn1, Clstn2, Clstn3, Clu, Cluap1, Cma1, Cmip, Cmtm3, Cmtm8, Cnga3, Cngb1, Cnmd, Cnot1, Cnot2, Cnot3, Cnot4, Cnp, Cnr1, Cntf, Cntn1, Cntn2, Cntn3, Cntn4, Cntn5, Cntn6, Cntnap1, Cntnap2, Cntnap4, Cntrl, Coa5, Cobl, Col10a1, Col11a1, Col11a2, Col12a1, Col13a1, Col14a1, Col18a1, Col1a1, Col1a2, Col25a1, Col27a1, Col2a1, Col3a1, Col4a1, Col4a2, Col4a3, Col4a4, Col5a1, Col5a2, Col6a1, Col8a1, Col8a2, Col9a1, Colec10, Colq, Commd5, Comp, Comt, Coprs, Cops2, Cops3, Coq7, Coq8b, Corin, Coro1c, Cox7b, Cpb2, Cpe, Cpeb1, Cpeb3, Cplane1, Cplane2, Cplx2, Cpne1, Cpne5, Cpne6, Cpne9, Cps1, Cpt1a, Cpt2, Cr1l, Cr2, Crabp2, Cramp1, Crb1, Crb2, Creb1, Creb3l1, Creb3l2, Crebbp, Crh, Crhr1, Crhr2, Cript, Cripto, Crispld2, Crk, Crkl, Crlf1, Crmp1, Crp, Crppa, Crtac1, Crtam, Crtc1, Crx, Crxos, Cryaa, Cryab, Cryba1, Cryba2, Cryba4, Crybb1, Crybb2, Crybb3, Crybg3, Cryga, Crygb, Crygc, Crygd, Cryge, Crygf, Crygn, Crygs, Csf1, Csf1r, Csf2, Csf3, Csf3r, Csgalnact1, Csk, Csmd1, Csmd2, Csmd3, Csnk1d, Csnk2a1, Csnk2b, Cspg4, Cspg5, Csrnp1, Csrp3, Cst5, Cst7, Ctc1, Ctcf, Ctdp1, Ctdsp1, Ctf1, Ctf2, Cth, Cthrc1, Ctla2a, Ctla4, Ctnna1, Ctnna2, Ctnnb1, Ctnnbip1, Ctnnbl1, Ctnnd1, Ctnnd2, Ctns, Ctr9, Cts7, Cts8, Ctsc, Ctsh, Ctsk, Ctsl, Ctsz, Cttn, Cubn, Cul3, Cul4a, Cul4b, Cul5, Cul7, Cux1, Cux2, Cwh43, Cx3cl1, Cx3cr1, Cxadr, Cxcl10, Cxcl12, Cxcl13, Cxcl17, Cxcl5, Cxcr2, Cxcr3, Cxcr4, Cxcr5, Cyb5d2, Cybb, Cyfip1, Cyfip2, Cyld, Cyp19a1, Cyp1a1, Cyp1a2, Cyp1b1, Cyp26a1, Cyp26b1, Cyp26c1, Cyp27b1, Cyp4a10, Cyp4a12a, Cyp4a12b, Cyp4a14, Cyp4a29, Cyp4a30b, Cyp4a31, Cyp4a32, Cyp7b1, Cyren, Cys1, Cysltr1, Cysltr2, Cyth2, Cytl1, D130043K22Rik, D16Ertd472e, D930028M14Rik, Daam2, Dab1, Dab2, Dab2ip, Dach1, Dach2, Dact1, Dact2, Dad1, Dag1, Dagla, Daglb, Dand5, Daw1, Dbi, Dbn1, Dbndd2, Dbnl, Dbx1, Dcaf1, Dcc, Dcdc2a, Dchs1, Dchs2, Dclk1, Dclk2, Dclre1c, Dcn, Dcpp1, Dcstamp, Dct, Dctn1, Dctn5, Dcx, Ddah1, Ddc, Ddit3, Ddit4, Ddr1, Ddr2, Ddrgk1, Ddx39b, Ddx56, Ddx6, Deaf1, Degs1, Degs1l, Dennd5a, Dgkg, Dguok, Dhcr24, Dhcr7, Dhfr, Dhh, Dhrs3, Dhx30, Dhx35, Dhx36, Dhx37, Diaph1, Diaph2, Diaph3, Dicer1, Dio3, Dip2a, Dip2b, Dipk2a, Disc1, Disp1, Disp3, Dixdc1, Dkk1, Dkk3, Dkk4, Dlc1, Dld, Dleu2, Dlg1, Dlg2, Dlg3, Dlg4, Dlg5, Dlgap4, Dlk1, Dll1, Dll3, Dll4, Dlx1, Dlx1as, Dlx2, Dlx3, Dlx4, Dlx5, Dlx6, Dmbt1, Dmbx1, Dmc1, Dmd, Dmp1, Dmrt1, Dmrt2, Dmrt3, Dmrta1, Dmrta2, Dmxl2, Dnaaf1, Dnaaf11, Dnaaf2, Dnaaf3, Dnaaf4, Dnah11, Dnah5, Dnai1, Dnai2, Dnaja3, Dnajb11, Dnajb6, Dnajc19, Dnajc19-ps, Dnajc30, Dner, Dnm1l, Dnm2, Dnm3, Dnm3os, Dnmt1, Dnmt3a, Dnmt3b, Dnmt3l, Dock1, Dock10, Dock4, Dock7, Dok4, Dok5, Dop1b, Dpcd, Dpf1, Dpf2, Dpf3, Dppa2, Dppa3, Dppa4, Dpysl2, Dpysl3, Dpysl5, Dr1, Dram2, Draxin, Drc1, Drd1, Drd2, Drd3, Drgx, Drosha, Drp2, Dsc3, Dscam, Dscaml1, Dsg2, Dsp, Dspp, Dst, Dtnb, Dtnbp1, Dtx1, Dubr, Duox1, Duox2, Duoxa1, Dusp1, Dusp10, Dusp15, Dusp2, Dusp3, Dusp4, Dusp5, Dusp6, Dut, Duxbl1, Dvl1, Dvl2, Dvl3, Dym, Dync1i2, Dync2h1, Dync2i1, Dync2li1, Dynlt1a, Dynlt1b, Dynlt1c, Dynlt1f, Dyrk1a, Dysf, Dzank1, Dzip1, Dzip1l, E2f1, E2f2, E2f7, E2f8, E4f1, Eaf2, Ebp, Ece1, Ecm1, Ecrg4, Ecscr, Ecsit, Ect2, Eda, Edar, Edaradd, Edn1, Edn2, Edn3, Ednra, Ednrb, Eed, Eef1ece2, Eef2k, Eeig1, Efemp1, Efemp2, Efhc1, Efhc2, Efhd1, Efna1, Efna2, Efna3, Efna4, Efna5, Efnb1, Efnb2, Efnb3, Egf, Egfl7, Egfl8, Egfr, Egln1, Egr1, Egr2, Egr3, Ehbp1l1, Ehd1, Ehmt1, Ehmt2, Eif2ak3, Eif2ak4, Eif2b1, Eif2b2, Eif2b3, Eif2b4, Eif2b5, Eif2s2, Eif4a3, Eif4a3l1, Eif4a3l2, Eif4e, Eif4e2, Eif4enif1, Eif4g1, Eif4g2, Eif6, Elapor2, Elavl2, Elavl3, Elavl4, Elf3, Elf5, Elfn1, Elk1, Elk3, Ell, Ell3, Elmo1, Elmod3, Eln, Elp3, Elp6, Emb, Emc10, Emcn, Emg1, Emilin1, Emilin2, Eml1, Emp2, Emx1, Emx2, En1, En2, Enah, Enam, Enc1, Endog, Eng, Enkur, Eno1, Enpep, Enpp1, Enpp2, Eomes, Ep300, Epas1, Epb41l3, Epb41l5, Epb42, Epc1, Epcam, Epg5, Epgn, Epha1, Epha10, Epha2, Epha3, Epha4, Epha5, Epha6, Epha7, Epha8, Ephb1, Ephb2, Ephb3, Ephb4, Ephb6, Epm2a, Epn1, Epn2, Epo, Epop, Epor, Eppk1, Epyc, Erap1, Erbb2, Erbb3, Erbb4, Ercc1, Ercc2, Ercc3, Ercc6, Ereg, Erf, Erfe, Ermp1, Errfi1, Esm1, Esr1, Esr2, Esrp1, Esrp2, Esrra, Esrrb, Ess2, Esx1, Etl4, Etnk2, Ets1, Ets2, Etv1, Etv2, Etv4, Etv5, Etv6, Eva1a, Evc, Evi2, Evi2b, Evl, Evx1, Evx2, Exo1, Exoc1, Exoc3l2, Exoc4, Exosc3, Exosc6, Ext1, Ext2, Extl3, Eya1, Eya4, Ezh1, Ezh2, F11r, F2, F3, Fa2h, Fabp7, Fadd, Faim, Faim2, Fam107a, Fam114a1, Fam151b, Fam168b, Fam20c, Fam210b, Fam3d, Fanca, Fancb, Fancc, Fancd2, Fance, Fancf, Fancg, Fap, Farp1, Farp2, Fas, Fasl, Fat1, Fat3, Fat4, Faxdc2, Fbll1, Fbln1, Fbln5, Fbn1, Fbn2, Fbxl15, Fbxl17, Fbxo31, Fbxo38, Fbxo41, Fbxo45, Fbxo5, Fbxo7, Fbxw11, Fbxw4, Fbxw7, Fbxw7as1, Fbxw8, Fcgr2b, Fdcsp, Fdps, Fem1b, Fendrr, Fer, Ferd3l, Fermt1, Fermt2, Fes, Fev, Fez1, Fezf1, Fezf2, Fgf1, Fgf10, Fgf11, Fgf12, Fgf13, Fgf14, Fgf15, Fgf16, Fgf17, Fgf18, Fgf2, Fgf20, Fgf21, Fgf22, Fgf23, Fgf3, Fgf4, Fgf5, Fgf6, Fgf7, Fgf8, Fgf9, Fgfbp1, Fgfr1, Fgfr2, Fgfr3, Fgfr4, Fgfrl1, Fgl1, Fgl2, Fgr, Fhl2, Fhod3, Fig4, Filip1, Filip1l, Fjx1, Fkbp10, Fkbp1a, Fkbp1b, Fkbp4, Fkbp8, Fkbpl, Fkrp, Fktn, Flcn, Flii, Flna, Flot1, Flrt1, Flrt2, Flrt3, Flt1, Flt3, Flt3l, Flt4, Flvcr1, Flvcr2, Fmc1, Fmn1, Fmnl3, Fmr1, Fn1, Fnbp1, Fndc3a, Fndc3b, Folr1, Fos, Fosl1, Fosl2, Foxa1, Foxa2, Foxa3, Foxb1, Foxc1, Foxc2, Foxd1, Foxd3, Foxe1, Foxe3, Foxf1, Foxf2, Foxg1, Foxh1, Foxi1, Foxi3, Foxj1, Foxj2, Foxl1, Foxl2, Foxm1, Foxn1, Foxn3, Foxn4, Foxo1, Foxo3, Foxo4, Foxo6, Foxp1, Foxp2, Foxp3, Foxp4, Foxr1, Foxs1, Fpgs, Fras1, Frat1, Frem1, Frem2, Frmd7, Frs2, Fry, Fryl, Frzb, Fscn2, Fshb, Fshr, Fst, Fstl3, Fstl4, Ftsj1, Ftx, Fubp1, Fuom, Furin, Fut1, Fut10, Fut7, Fut9, Fuz, Fxn, Fxr1, Fxr2, Fyn, Fzd1, Fzd2, Fzd3, Fzd4, Fzd5, Fzd6, Fzd7, Fzd8, Fzd9, Fzr1, G2e3, G6pd2, G6pdx, Gaa, Gab1, Gabpa, Gabra1, Gabra2, Gabra3, Gabra4, Gabra5, Gabra6, Gabrb1, Gabrb2, Gabrb3, Gabre, Gabrg1, Gabrg2, Gabrg3, Gadd45a, Gak, Gal, Gal3st1, Galc, Galnt11, Galnt3, Galr2, Gap43, Gapdh, Garem2, Gart, Gas1, Gas2, Gas5, Gas6, Gas7, Gas8, Gata1, Gata2, Gata3, Gata4, Gata5, Gata6, Gatad2a, Gatm, Gba1, Gba2, Gbx1, Gbx2, Gcm1, Gcm2, Gcnt1, Gcnt3, Gcnt4, Gdf1, Gdf10, Gdf11, Gdf2, Gdf3, Gdf5, Gdf6, Gdf7, Gdf9, Gdi1, Gdnf, Gdpd5, Get1, Gfap, Gfer, Gfi1, Gfi1b, Gfra1, Gfra2, Gfra3, Gfra4, Gfral, Ggn, Ggnbp2, Ggt1, Gh, Ghrh, Ghrhr, Ghrl, Ghsr, Gigyf2, Gimap3, Gimap5, Gimap6, Gins1, Gins3, Gins4, Gip, Gipr, Git1, Git2, Gja1, Gja10, Gja4, Gja5, Gja6, Gja8, Gjb1, Gjb2, Gjb3, Gjb5, Gjb6, Gjc1, Gjc2, Gjc3, Gjd4, Gje1, Gla, Gldn, Glg1, Gli1, Gli2, Gli3, Glis2, Glmn, Glrb, Glud1, Glul, Gm12610, Gm28836, Gm30731, Gm4787, Gm527, Gm572, Gm5849, Gmppa, Gna11, Gna12, Gna13, Gnaq, Gnas, Gnasas1, Gnat1, Gnat2, Gnb1, Gng5, Gng8, Gngt1, Gnpat, Gnrh1, Golga2, Golga4, Gorasp1, Gpc1, Gpc2, Gpc3, Gpc4, Gpd2, Gper1, Gpi1, Gpld1, Gpm6a, Gpm6b, Gpr137, Gpr137b, Gpr149, Gpr15, Gpr157, Gpr158, Gpr161, Gpr17, Gpr171, Gpr173, Gpr183, Gpr37, Gpr37l1, Gpr4, Gpr55, Gpr68, Gprc5b, Gprin1, Gprin2, Gprin3, Gpsm1, Gpx1, Gpx4, Grb2, Grcc10, Greb1l, Grem1, Grem2, Grhl1, Grhl2, Grhl3, Gria1, Grid2, Grik1, Grin1, Grin2a, Grin2b, Grin3a, Grip1, Grip2, Grk1, Grk2, Grm5, Grm6, Grm7, Grn, Grsf1, Grxcr1, Grxcr2, Gsc, Gsdma3, Gsdmc2, Gsdme, Gsk3a, Gsk3b, Gsn, Gsta3, Gstp1, Gsx1, Gsx2, Gtf2b, Gtf2i, Gtf2ird1, Gys1, Gzf1, H13, H2-Aa, H2-D1, H2-DMa, H2-Ea, H2-K1, H2-M3, H2-Oa, H2-Q7, H2-T23, H2aj, H2ax, H3f3b, Hamp, Hamp2, Hand1, Hand2, Hand2os1, Hap1, Hapln1, Hapln2, Hapln3, Hapln4, Has2, Havcr2, Hax1, Hba-a1, Hba-a2, Hbb-b2, Hbegf, Hc, Hcfc1, Hcls1, Hcn1, Hcn4, Hdac1, Hdac11, Hdac2, Hdac3, Hdac4, Hdac5, Hdac6, Hdac7, Hdac9, Hdgfl3, Hectd1, Hecw1, Hecw2, Heg1, Hells, Helt, Herc1, Herc2, Hes1, Hes2, Hes3, Hes5, Hes6, Hes7, Hesx1, Hexa, Hexb, Hexim1, Hey1, Hey2, Heyl, Hfe, Hgf, Hgs, Hhex, Hhip, Hif1a, Hif3a, Hikeshi, Hinfp, Hip1r, Hipk1, Hipk2, Hira, Hk2, Hltf, Hlx, Hmbs, Hmces, Hmg20a, Hmg20b, Hmga1, Hmga2, Hmgb1, Hmgb2, Hmgb3, Hmgcl, Hmgcr, Hmgcs2, Hmgn1, Hmox1, Hmx2, Hmx3, Hnf1a, Hnf1b, Hnf4a, Hnrnpd, Hnrnpk, Hnrnpu, Hook3, Hopx, Hormad1, Hotair, Hottip, Hoxa1, Hoxa10, Hoxa11, Hoxa13, Hoxa2, Hoxa3, Hoxa4, Hoxa5, Hoxa6, Hoxa7, Hoxa9, Hoxb1, Hoxb13, Hoxb2, Hoxb3, Hoxb4, Hoxb5, Hoxb6, Hoxb7, Hoxb8, Hoxb9, Hoxc10, Hoxc11, Hoxc13, Hoxc4, Hoxc5, Hoxc6, Hoxc8, Hoxc9, Hoxd1, Hoxd10, Hoxd11, Hoxd12, Hoxd13, Hoxd3, Hoxd4, Hoxd8, Hoxd9, Hp, Hpca, Hpgd, Hpn, Hprt1, Hps1, Hpse, Hras, Hrg, Hrh2, Hs2st1, Hs3st3a1, Hs3st3b1, Hs3st6, Hs6st1, Hsbp1, Hscb, Hsd11b1, Hsd17b1, Hsd17b2, Hsd17b4, Hsd17b7, Hsf1, Hsf4, Hsp90aa1, Hspa1b, Hspa5, Hspa8, Hspa9, Hspb1, Hspb6, Hspb7, Hspd1, Hspg2, Htatip2, Htr2b, Htr4, Htr5a, Htr6, Htr7, Htra2, Htt, Hus1, Hyal1, Hyal2, Hyal3, Hycc1, Hydin, Iapp, Icam1, Icam5, Icmt, Icos, Icosl, Id1, Id2, Id3, Id4, Idh1, Idh2, Ido1, Idua, Ier2, Ier3ip1, Ifitm1, Ifitm2, Ifitm5, Ifna, Ifnb1, Ifng, Ifngr1, Ifrd1, Ift122, Ift140, Ift172, Ift20, Ift25, Ift27, Ift52, Ift56, Ift57, Ift74, Ift80, Ift88, Igf1, Igf1r, Igf2, Igf2bp1, Igf2bp2, Igf2bp3, Igf2r, Igfals, Igfbp5, Ighd, Ighmbp2, Igsf10, Igsf11, Igsf21, Igsf3, Igsf9, Igsf9b, Ihh, Ikbkb, Ikzf1, Ikzf3, Il10, Il11ra1, Il11ra2, Il11ra3, Il12a, Il12b, Il15, Il15ra, Il17a, Il17d, Il17f, Il18, Il1a, Il1b, Il1r1, Il1rap, Il1rapl1, Il1rapl2, Il1rl2, Il1rn, Il2, Il20, Il21, Il23a, Il27, Il27ra, Il2ra, Il2rg, Il3, Il33, Il34, Il36b, Il4, Il4i1, Il4i1b, Il4ra, Il5, Il6, Il6ra, Il6st, Il7, Il7r, Ilk, Immp2l, Impact, Impg2, Ina, Ing2, Ing5, Inha, Inhba, Inhbb, Inka1, Ino80, Ino80b, Ino80c, Ino80d, Inpp4b, Inpp5b, Inpp5d, Inpp5f, Inpp5j, Inpp5k, Inppl1, Insc, Insig1, Insig2, Insl3, Insl6, Insm1, Insm2, Insr, Insrr, Ints1, Intu, Invs, Ipmk, Ipo7, Iqce, Iqgap1, Iqschfp, Iqsec1, Iqsec2, Irak3, Ireb2, Irf1, Irf2bpl, Irf6, Irgm1, Irs2, Irx1, Irx2, Irx3, Irx4, Irx5, Irx6, Isg15, Isl1, Isl2, Islr2, Ism1, Ist1, Itch, Itga1, Itga2, Itga2b, Itga3, Itga4, Itga5, Itga6, Itga7, Itga8, Itgam, Itgav, Itgax, Itgb1, Itgb1bp1, Itgb2, Itgb2l, Itgb3, Itgb4, Itgb6, Itgb8, Itm2c, Itpk1, Itpka, Itpkb, Itpr1, Itsn1, Itsn2, Jade2, Jag1, Jag2, Jak1, Jak2, Jak3, Jam2, Jam3, Jarid2, Jcad, Jhy, Jmjd1c, Jmjd6, Jmjd8, Jph2, Jun, Junb, Jup, Kalrn, Kank1, Kank2, Kat14, Kat2a, Kat2b, Kat5, Kat6a, Kat6b, Kat7, Kat8, Katna1, Katnb1, Kbtbd8, Kcna1, Kcna2, Kcna3, Kcnb1, Kcnc1, Kcnc2, Kcne1, Kcnip2, Kcnj1, Kcnj10, Kcnj11, Kcnj8, Kcnk18, Kcnk2, Kcnma1, Kcnq1, Kcnq2, Kcnq3, Kcnq4, Kctd10, Kctd11, Kdf1, Kdm1a, Kdm2a, Kdm2b, Kdm4a, Kdm4b, Kdm4c, Kdm4dl, Kdm5a, Kdm5b, Kdm6a, Kdm6b, Kdm7a, Kdm8, Kdr, Keap1, Kel, Kera, Khdc3, Kidins220, Kif13b, Kif14, Kif16b, Kif18a, Kif1a, Kif1b, Kif20b, Kif21a, Kif21b, Kif26a, Kif26b, Kif27, Kif2a, Kif3a, Kif3c, Kif5a, Kif5b, Kif5c, Kif7, Kifap3, Kifbp, Kifc2, Kirrel3, Kit, Kitl, Kl, Klf1, Klf10, Klf13, Klf15, Klf2, Klf4, Klf5, Klf7, Klf9, Klhl1, Klhl10, Klhl12, Klhl25, Klhl3, Klk1b1, Klk6, Klk8, Kmt2a, Kmt2b, Kmt2c, Kmt2d, Kmt5b, Kmt5c, Kndc1, Kpna7, Kras, Kremen1, Kremen2, Krit1, Krt12, Krt17, Krt19, Krt36, Krt8, Krt84, Krtap21-1, L1cam, L3mbtl1, Lag3, Lama1, Lama2, Lama3, Lama4, Lama5, Lamb1, Lamb2, Lamb3, Lamc1, Lamc2, Lamc3, Large1, Lats1, Lats2, Lbx1, Lbx2, Lck, Lcn2, Lctl, Ldb1, Ldb2, Ldb3, Ldha, Ldlr, Lef1, Lefty1, Lefty2, Lemd2, Lemd3, Leo1, Lep, Lepr, Lfng, Lgals1, Lgals3, Lgals8, Lgals9, Lgi1, Lgi2, Lgi4, Lgr4, Lgr5, Lhb, Lhcgr, Lhfpl2, Lhfpl4, Lhfpl5, Lhx1, Lhx2, Lhx3, Lhx4, Lhx5, Lhx6, Lhx8, Lhx9, Lias, Lichi, Lif, Lifr, Lig4, Lilrb4a, Lilrb4b, Lim2, Limk1, Limk2, Lims1, Lims2, Lin28a, Lin7a, Lin7b, Lin7c, Lingo1, Lingo2, Lingo4, Lipa, Llgl1, Llgl2, Llph, Lmbr1, Lmbrd1, Lmna, Lmo2, Lmo4, Lmtk2, Lmx1a, Lmx1b, Lncpint, Lnpk, Lnx1, Lnx2, Lox, Loxl2, Loxl3, Lpar1, Lpar3, Lpar6, Lpcat1, Lpin1, Lrat, Lrfn1, Lrfn3, Lrfn4, Lrfn5, Lrg1, Lrig1, Lrig2, Lrig3, Lrit3, Lrp1, Lrp12, Lrp1b, Lrp2, Lrp4, Lrp5, Lrp6, Lrp8, Lrrc10, Lrrc17, Lrrc24, Lrrc4, Lrrc4b, Lrrc4c, Lrrc7, Lrrc78, Lrrk1, Lrrk2, Lrrn1, Lrrn3, Lrrtm1, Lrrtm2, Lrrtm3, Lrrtm4, Lrtm1, Lrtm2, Lsm1, Lsm14b, Lsr, Lst1, Lt1, Lta, Lta4h, Ltb, Ltbp1, Ltbp3, Ltbr, Ltf, Ltk, Luzp1, Ly6e, Lyl1, Lyn, Lzts1, Lzts2, Lzts3, Mab21l1, Mab21l2, Macf1, Maco1, Macrod2, Macroh2a1, Macroh2a2, Mad1l1, Mad2l2, Maf, Mafb, Maff, Mafg, Mafk, Mag, Maged1, Magi2, Mal, Mal2, Mall, Malt1, Mamdc4, Maml1, Mamld1, Man1a2, Man2a1, Map1a, Map1b, Map1s, Map2, Map2k1, Map2k2, Map2k3, Map2k4, Map2k5, Map2k6, Map3k1, Map3k13, Map3k20, Map3k3, Map3k4, Map3k7, Map4, Map4k4, Map6, Map7, Mapk1, Mapk11, Mapk14, Mapk3, Mapk6, Mapk7, Mapk8, Mapk8ip2, Mapk8ip3, Mapk9, Mapkapk5, Mapt, Marchf7, Marcks, Marcksl1, Mark1, Mark2, Mark4, Marveld1, Mas1, Mast1, Matcap1, Matn1, Matn2, Matn3, Matr3, Max, Mb, Mbd1, Mbd2, Mbd3, Mbd5, Mbip, Mbnl1, Mboat1, Mboat2, Mboat7, Mbp, Mbtd1, Mbtps2, Mcam, Mcf2, Mcm3ap, Mcoln3, Mcph1, Mcrs1, Mdfi, Mdga1, Mdga2, Mdk, Mdm1, Mdm2, Mdm4, Meaf6, Mecom, Mecp2, Med1, Med12, Med21, Med31, Mef2a, Mef2b, Mef2c, Mef2d, Meg3, Megf11, Megf8, Megf9, Meis1, Meis2, Meis3, Men1, Meox1, Meox2, Mepe, Mertk, Mesp1, Mesp2, Met, Metrn, Mettl14, Mettl3, Mex3c, Mexis, Mfap2, Mfap5, Mfge8, Mfn1, Mfn2, Mfng, Mfrp, Mfsd2a, Mfsd8, Mgarp, Mgat1, Mgll, Mgp, Mgrn1, Mia3, Miat, Mib1, Mical2, Micall1, Micall2, Miga2, Minar1, Minar2, Mink1, Mios, Mip, Mir100, Mir106b, Mir124-2hg, Mir124a-1, Mir124a-1hg, Mir124a-2, Mir124a-3, Mir125a, Mir125b-1, Mir125b-2, Mir126b, Mir127, Mir132, Mir133a-1, Mir133a-2, Mir133b, Mir135a-1, Mir135a-2, Mir138-1, Mir138-2, Mir140, Mir141, Mir143, Mir144, Mir145a, Mir146b, Mir150, Mir17, Mir18, Mir181b-1, Mir181b-2, Mir182, Mir183, Mir184, Mir188, Mir193a, Mir1954, Mir195a, Mir19a, Mir19b-1, Mir1a-2, Mir200a, Mir200b, Mir200c, Mir202, Mir203, Mir204, Mir208a, Mir20a, Mir212, Mir214, Mir216a, Mir216b, Mir217, Mir218-1, Mir218-2, Mir219a-1, Mir219a-2, Mir223, Mir23a, Mir23b, Mir24-1, Mir24-2, Mir25, Mir26a-1, Mir26a-2, Mir27a, Mir27b, Mir2861, Mir301, Mir302a, Mir302b, Mir302c, Mir302d, Mir30a, Mir326, Mir329, Mir330, Mir338, Mir34a, Mir34b, Mir34c, Mir367, Mir375, Mir376a, Mir429, Mir449a, Mir449b, Mir449c, Mir452, Mir455, Mir471, Mir503, Mir541, Mir672, Mir675, Mir7-1, Mir7-2, Mir741, Mir742, Mir743, Mir878, Mir880, Mir881, Mir9-1, Mir9-2, Mir9-3, Mir92-1, Mir93, Mir96, Mir9718, Mirlet7a-1, Mirlet7a-2, Mirlet7b, Mirlet7c-1, Mirlet7c-2, Mirlet7d, Mitf, Mixl1, Mki67, Mkks, Mks1, Mkx, Mlh1, Mllt3, Mmd, Mmd2, Mme, Mmp12, Mmp13, Mmp14, Mmp15, Mmp16, Mmp17, Mmp19, Mmp2, Mmp21, Mmp24, Mmp8, Mmp9, Mmrn1, Mmrn2, Mmut, Mnat1, Mns1, Mnx1, Mob2, Mobp, Morc3, Mosmo, Mospd3, Mov10, Mpdz, Mpl, Mpst, Mpv17, Mpz, Mrtfa, Mrtfb, Msc, Msgn1, Msh2, Msh3, Msh4, Msh6, Msi1, Msi2, Mst1, Mst1r, Msx1, Msx2, Msx3, mt-Co1, mt-Nd4, Mt3, Mtdh, Mterf4, Mtf1, Mtf2, Mthfd1, Mthfd1l, Mthfr, Mtmr2, Mtor, Mtpn, Mtr, Mtss1, Mturn, Muc19, Mug1, Mul1, Mup20, Musk, Mustn1, Mxi1, Mxra8, Myadm, Myb, Mybpc3, Mybphl, Myc, Mycbp2, Mycl, Mycn, Myd88, Mydgf, Myf5, Myf6, Myh10, Myh11, Myh6, Myh7, Myh9, Myl2, Myl3, Myl7, Mylip, Mylk, Mylk2, Mylk3, Myo15a, Myo16, Myo18b, Myo1e, Myo3a, Myo3b, Myo5a, Myo5b, Myo6, Myo7a, Myo9a, Myoc, Myocd, Myod1, Myom1, Myot, Myoz1, Mypn, Myrf, Mysm1, Myt1, Myt1l, n-TUtca2, N4bp2l2, N4bp3, Naa15, Nab1, Nab2, Nae1, Naglu, Nanog, Nanos1, Nap1l1, Nap1l2, Napa, Nars1, Nasp, Nat8, Nat8f1, Nat8f2, Nat8f3, Nat8f5, Nav1, Nav2, Nav3, Naxe, Nbl1, Nbn, Nbr1, Ncam1, Ncam2, Ncan, Ncapg2, Ncdn, Nck1, Nck2, Nckap1, Nckap1l, Nckipsd, Ncl, Ncmap, Ncoa1, Ncoa3, Ncoa6, Ncor1, Ncor2, Ncs1, Ncstn, Nde1, Ndel1, Ndfip1, Ndn, Ndnf, Ndp, Ndrg1, Ndrg2, Ndrg4, Ndst1, Ndufa2, Ndufs2, Ndufs4, Ndufs6, Ndufv2, Neb, Nebl, Necab1, Nectin1, Nectin3, Nedd4, Nedd4l, Nedd8, Nedd9, Nefh, Nefl, Nefm, Negr1, Nek1, Nek2, Nek3, Nek8, Nell1, Nell2, Neo1, Nepro, Nes, Neu1, Neu4, Neurl1a, Neurod1, Neurod2, Neurod4, Neurod6, Neurog1, Neurog2, Neurog3, Nexmif, Nexn, Nf1, Nf2, Nfam1, Nfasc, Nfatc1, Nfatc2, Nfatc3, Nfatc4, Nfe2, Nfe2l1, Nfe2l2, Nfia, Nfib, Nfix, Nfkb1, Nfkb2, Nfkbia, Nfkbid, Nfkbiz, Nfrkb, Ngb, Ngef, Ngf, Ngfr, Ngp, Nhej1, Nherf1, Nhlh2, Nhs, Nid1, Nif3l1, Nin, Ninj1, Nipbl, Nkap, Nkiras1, Nkiras2, Nkx2-1, Nkx2-2, Nkx2-2os, Nkx2-3, Nkx2-5, Nkx2-6, Nkx2-9, Nkx3-1, Nkx3-2, Nkx6-1, Nkx6-2, Nkx6-3, Nle1, Nlgn1, Nlgn2, Nlgn3, Nlgn4l, Nlrp3, Nlrp4f, Nlrp5, Nlrp9a, Nlrp9b, Nlrp9c, Nme1, Nme2, Nme5, Nme7, Nmt1, Nnat, Nobox, Noct, Nodal, Nog, Nolc1, Nop2, Norad, Nos1, Nos3, Notch1, Notch2, Notch3, Notch4, Noto, Notum, Nova1, Nova2, Nox1, Nox4, Npas4, Npat, Npc1, Nphp1, Nphp3, Nphp4, Nphs1, Nphs2, Npm2, Npnt, Nppb, Nppc, Npr2, Npr3, Nprl3, Nptn, Nptx1, Nptxr, Npy, Npy1r, Npy2r, Npy5r, Nr0b1, Nr1d1, Nr2c2, Nr2e1, Nr2e3, Nr2f1, Nr2f2, Nr2f6, Nr3c1, Nr4a1, Nr4a2, Nr4a3, Nr5a1, Nrap, Nrarp, Nras, Nrbp1, Nrbp2, Nrcam, Nrdc, Nrep, Nrg1, Nrg2, Nrg3, Nrip1, Nrk, Nrl, Nrn1, Nrn1l, Nrp1, Nrp2, Nrros, Nrsn1, Nrsn2, Nrtn, Nrxn1, Nrxn2, Nrxn3, Nsd1, Nsd2, Nsdhl, Nsmf, Nsrp1, Nsun2, Nsun5, Ntf3, Ntf5, Ntm, Ntn1, Ntn3, Ntn4, Ntn5, Ntng1, Ntng2, Ntrk1, Ntrk2, Ntrk3, Nudt1, Nuggc, Numa1, Numb, Numbl, Nup107, Nup133, Nup160, Nup210l, Nup50, Nup85, Nupr1, Nus1, Nxn, Nyap1, Nyap2, Oas1d, Oas2, Obox1, Obox2, Obox3, Obox5, Obox6, Obox7, Obox8, Obsl1, Ocrl, Ocstamp, Odad2, Odad3, Odad4, Odaph, Odc1, Ofd1, Ogdh, Ogn, Ogt, Olfm1, Olfm3, Olig1, Olig2, Olig3, Omg, Omp, Onecut1, Onecut2, Ooep, Oosp1, Opa1, Opa3, Opalin, Ophn1, Opn4, Opn5, Oprm1, Optc, Or10a4, Or10j5, Or8a1b, Orc3, Ormdl1, Ormdl3, Osm, Osr1, Osr2, Ostn, Otc, Otog, Otogl, Otop1, Otor, Otp, Otud7b, Otulin, Otx1, Otx2, Ovol1, Ovol2, Oxt, Oxtr, P2rx4, P2rx5, P2rx7, P2ry1, P2ry12, P2ry2, P3h1, P4htm, Pacsin1, Padi6, Paf1, Pafah1b1, Pagr1a, Pak1, Pak2, Pak3, Pak4, Pak6, Palb2, Palm, Pals1, Pank2, Pantr2, Pappa2, Papss2, Paqr3, Pard3, Parp2, Parp3, Parp6, Parva, Patz1, Paupar, Pax1, Pax2, Pax3, Pax4, Pax5, Pax6, Pax7, Pax8, Paxip1, Pbrm1, Pbx1, Pbx2, Pbx3, Pbx4, Pbxip1, Pcare, Pcdh12, Pcdh15, Pcdh17, Pcdh18, Pcdh8, Pcdha8, Pcdha9, Pcdhac2, Pcgf2, Pcid2, Pck1, Pck2, Pclo, Pcm1, Pcna, Pcnt, Pcp4, Pcsk1, Pcsk2, Pcsk5, Pcsk6, Pcsk9, Pcyt1a, Pcyt1b, Pdcd1, Pdcd10, Pdcd4, Pdcd6, Pdcl3, Pde2a, Pde3b, Pde4d, Pde6a, Pde6b, Pde6c, Pdgfa, Pdgfb, Pdgfc, Pdgfd, Pdgfra, Pdgfrb, Pdlim1, Pdlim2, Pdlim3, Pdlim4, Pdlim5, Pdlim7, Pdpk1, Pdpn, Pds5a, Pds5b, Pdss2, Pdx1, Pdzd11, Pdzd7, Pdzk1, Pecam1, Pef1, Peg12, Pelo, Pemt, Penk, Per1, Per2, Percc1, Perp, Pex13, Pex2, Pex5, Pex7, Pf4, Pfdn1, Pfdn5, Pfkfb3, Pfn1, Pgap1, Pgf, Pgk1, Pglyrp1, Pglyrp2, Pglyrp3, Pglyrp4, Pgm3, Pgr, Phactr1, Phactr4, Phb1, Phb2, Phex, Phf10, Phf14, Phf6, Phf8, Phgdh, Phlda2, Phldb1, Phldb2, Phlpp1, Phospho1, Phox2a, Phox2b, Pi16, Pi4ka, Pianp, Pias2, Pias3, Pias4, Picalm, Pick1, Pierce1, Pierce2, Pigt, Pik3c2a, Pik3ca, Pik3cb, Pik3cd, Pik3cg, Pik3r1, Pik3r2, Pik3r3, Pik3r6, Pikfyve, Pilrb1, Pim1, Pin1, Pin1rt1, Pinc, Pip5k1c, Pira1, Pira6, Pithd1, Pitpna, Pitpnb, Pitx1, Pitx2, Pitx3, Pjvk, Pkd1, Pkd1l1, Pkd2, Pkdcc, Pkhd1, Pkm, Pkn1, Pknox1, Pkp1, Pkp2, Pkp3, Pla2g10, Pla2g3, Pla2g4a, Plaa, Plaat1, Plaat3, Plac1, Plag1, Plagl2, Plau, Plaur, Plcb1, Plcd1, Plcd3, Plce1, Plcg1, Pld2, Pld6, Plec, Plekha1, Plekha5, Plg, Plk2, Plk4, Plk5, Pllp, Pln, Plod3, Plp1, Plpp3, Plpp4, Plppr1, Plppr4, Plppr5, Pls1, Pls3, Plxdc1, Plxna1, Plxna2, Plxna3, Plxna4, Plxnb1, Plxnb2, Plxnb3, Plxnc1, Plxnd1, Pml, Pmp22, Pms2, Pnldc1, Pnlip, Pnp, Pnpla6, Pnpt1, Poc1a, Poc5, Podxl, Pofut1, Pofut2, Poglut1, Polb, Pole, Polg2, Polm, Polq, Polr1b, Pomgnt1, Pomgnt2, Pomk, Pomt2, Popdc1, Popdc2, Popdc3, Por, Postn, Pou1f1, Pou2f1, Pou3f1, Pou3f2, Pou3f3, Pou3f4, Pou4f1, Pou4f2, Pou4f3, Pou5f1, Ppara, Ppard, Pparg, Ppargc1b, Ppdpf, Ppfia2, Ppia, Ppib, Ppil1, Ppp1ca, Ppp1cc, Ppp1r12a, Ppp1r12b, Ppp1r12c, Ppp1r13l, Ppp1r15a, Ppp1r16b, Ppp1r35, Ppp1r9a, Ppp1r9b, Ppp2r3a, Ppp2r3c, Ppp2r5b, Ppp2r5d, Ppp3ca, Ppp3cb, Ppp3r1, Ppp4r4, Ppt1, Pqbp1, Prag1, Pramel7, Prcp, Prdm1, Prdm12, Prdm13, Prdm14, Prdm16, Prdm6, Prdm8, Prdx2, Prdx4, Prelid1, Prex1, Prex2, Prickle1, Prickle2, Prickle4, Prkab1, Prkaca, Prkacb, Prkar1a, Prkca, Prkcb, Prkcg, Prkch, Prkci, Prkcsh, Prkcz, Prkd1, Prkd2, Prkdc, Prkg1, Prkg2, Prkn, Prkra, Prkx, Prl, Prl2a1, Prl2b1, Prl2c1, Prl2c2, Prl2c3, Prl2c5, Prl3a1, Prl3b1, Prl3c1, Prl3d1, Prl3d2, Prl3d3, Prl4a1, Prl5a1, Prl6a1, Prl7a1, Prl7a2, Prl7b1, Prl7c1, Prl7d1, Prl8a1, Prl8a2, Prl8a6, Prl8a8, Prl8a9, Prlh, Prlr, Prmt1, Prmt3, Prmt5, Proc, Prok1, Prok2, Prokr1, Prom1, Prop1, Prox1, Prox2, Prpf19, Prph2, Prps1, Prpsap2, Prrc2b, Prrx1, Prrx2, Prss28, Prss29, Prss56, Prtg, Prune1, Prx, Prxl2a, Psap, Psapl1, Psd, Psen1, Psen2, Psg22, Pskh1, Psmc3, Psmc4, Psmg1, Psph, Pspn, Ptbp1, Ptcd2, Ptch1, Ptch2, Ptchd1, Pten, Ptf1a, Ptgdr, Ptger3, Ptger4, Ptges3, Ptgis, Ptgs2, Pth, Pth1r, Pthlh, Ptk2, Ptk2b, Ptk6, Ptk7, Ptn, Ptpn1, Ptpn11, Ptpn13, Ptpn14, Ptpn18, Ptpn2, Ptpn20, Ptpn3, Ptpn5, Ptpn6, Ptpn9, Ptpra, Ptprb, Ptprc, Ptprd, Ptprf, Ptprg, Ptprh, Ptprj, Ptprk, Ptprm, Ptprn, Ptpro, Ptprq, Ptprr, Ptprs, Ptprt, Ptpru, Ptprv, Ptprz1, Ptx3, Pum2, Pura, Pxdn, Pxn, Pygo1, Pygo2, Pzp, Qars1, Qki, Qrich1, Rab10, Rab11a, Rab13, Rab14, Rab17, Rab18, Rab21, Rab23, Rab26, Rab29, Rab33b, Rab35, Rab3a, Rab3gap1, Rab7b, Rab8a, Rabl2, Rac1, Rac3, Racgap1, Rack1, Rad21l, Rad23b, Rad51b, Raf1, Rag1, Rag2, Rai1, Rala, Ramp1, Ramp2, Ranbp1, Ranbp3l, Rap1a, Rap1gap, Rap1gap2, Rap2a, Rapgef1, Rapgef2, Rapgef3, Rapgef4, Raph1, Rara, Rarb, Rarg, Rarres2, Rasa1, Rasal1, Rasgrf1, Rasgrp1, Rasip1, Rassf10, Rassf2, Rax, Rb1, Rb1cc1, Rbbp4, Rbbp6, Rbbp7, Rbbp8, Rbbp9, Rbfox1, Rbfox2, Rbfox3, Rbm10, Rbm14, Rbm15, Rbm19, Rbm20, Rbm24, Rbm45, Rbm46, Rbmy, Rbmyf1, Rbmyf2, Rbmyf3, Rbmyf5, Rbmyf6, Rbmyf7, Rbmyf8, Rbmyf9, Rbp1, Rbp4, Rbpj, Rbpms2, Rc3h1, Rc3h2, Rcbtb2, Rcn1, Rcn3, Rcor1, Rd3, Rdh10, Rdh13, Rec8, Reck, Recql4, Reg1, Reg2, Reg3a, Reg3g, Rela, Reln, Ren1, Ren2, Reno1, Rere, Resp18, Rest, Ret, Retn, Retreg3, Rflna, Rflnb, Rfng, Rfx3, Rfx4, Rfx6, Rgcc, Rgma, Rgn, Rgs14, Rgs2, Rgs4, Rgs6, Rgs9, Rhbdd3, Rheb, Rho, Rhoa, Rhob, Rhobtb3, Rhog, Rhoh, Rhoj, Rhpn1, Ric8a, Rictor, Rif1, Rims1, Rims2, Rin2, Ring1, Ripk1, Ripk2, Ripk3, Ripor2, Ripply1, Ripply2, Ripply3, Rit2, Rita1, Rln1, Rmrp, Rnase10, Rnaseh2b, Rnd1, Rnd2, Rnf10, Rnf111, Rnf112, Rnf157, Rnf168, Rnf2, Rnf207, Rnf213, Rnf220, Rnf41, Rnf6, Rnf7, Rnf8, Rnh1, Rnls, Ro60, Robo1, Robo2, Robo3, Robo4, Rock1, Rock2, Rogdi, Rom1, Ror1, Ror2, Rora, Rorb, Rorc, Ros1, Rp1, Rp1l1, Rpa1, Rpe65, Rpgr, Rpgrip1, Rpgrip1l, Rpl10, Rpl10-ps3, Rpl13, Rpl13-ps6, Rpl13a, Rpl24, Rpl38, Rpl4, Rpl7l1, Rps6, Rps6ka1, Rps6ka2, Rps6ka6, Rps7, Rptor, Rras, Rras2, Rrm1, Rrm2, Rrm2b, Rrn3, Rrp7a, Rs1, Rspo2, Rspo3, Rspo4, Rtca, Rtcb, Rtf1, Rtl1, Rtn1, Rtn2, Rtn3, Rtn4, Rtn4ip1, Rtn4r, Rtn4rl1, Rtn4rl2, Rttn, Rubie, Rufy3, Rundc1, Runx1, Runx1t1, Runx2, Runx3, Ruvbl1, Ruvbl2, Rxfp1, Rxfp2, Rxra, Rxrb, Rxrg, Ryk, Ryr1, Ryr2, S100a1, S100a10, S100a8, S100a9, S100b, S1pr1, S1pr2, S1pr3, S1pr5, S2bpcox16, Safb2, Sall1, Sall2, Sall3, Sall4, Samd11, Samd14, Samd4b, Samd7, Samd9l, Samhd1, Sanbr, Sarm1, Sars1, Sart1, Sash1, Sash3, Satb2, Sav1, Sbds, Scaper, Scarb2, Scarf1, Scel, Scg2, Schip1, Scin, Sclt1, Scmh1, Scn11a, Scn1a, Scn1b, Scn2a, Scn2b, Scn3b, Scn5a, Scn8a, Scn9a, Sco1, Sco2, Scrib, Scrt1, Scrt2, Sct, Scube2, Scx, Scyl1, Scyl2, Scyl3, Sdc1, Sdc2, Sdc4, Sdcbp, Sdccag8, Sdf4, Sdha, Sdk1, Sdk2, Sebox, Sec1, Sec24b, Sec24c, Sec24d, Sec61a1, Sec63, Secisbp2, Selenoi, Selenon, Selenop, Sema3a, Sema3b, Sema3c, Sema3d, Sema3e, Sema3f, Sema3g, Sema4a, Sema4b, Sema4c, Sema4d, Sema4f, Sema4g, Sema5a, Sema5b, Sema6a, Sema6b, Sema6c, Sema6d, Sema7a, Senp1, Senp2, Septin14, Septin2, Septin4, Septin7, Serinc5, Serp1, Serpina10, Serpina1b, Serpina5, Serpina7, Serpinb5, Serpinb6a, Serpinb7, Serpine1, Serpine2, Serpinf1, Serpinf2, Serpinh1, Serpini1, Setd1a, Setd2, Setd5, Setdb1, Setdb2, Setx, Sez6, Sez6l, Sez6l2, Sf1, Sf3a2, Sf3b1, Sf3b6, Sfn, Sfrp1, Sfrp2, Sfrp4, Sfrp5, Sfta3, Sftpd, Sgcb, Sgcd, Sgcg, Sgcz, Sgf29, Sgk1, Sgms1os1, Sgms2, Sgpl1, Sgpp1, Sh2b2, Sh2b3, Sh3gl2, Sh3gl3, Sh3glb1, Sh3pxd2a, Sh3pxd2b, Sh3rf1, Sh3tc2, Shank1, Shank2, Shank3, Shb, Shc1, Shh, Shld1, Shld2, Shld3, Shoc2, Shox2, Shroom2, Shroom3, Shroom4, Shtn1, Siah1a, Sidt2, Siglec15, Sigmar1, Sik1, Sik3, Sim1, Sim2, Sin3a, Sin3b, Sipa1l1, Sipa1l3, Sirt1, Sirt2, Sirt6, Six1, Six2, Six3, Six3os1, Six4, Six5, Six6, Ski, Skic8, Skil, Skint1, Skor2, Slamf8, Slc10a7, Slc11a2, Slc12a1, Slc12a2, Slc12a5, Slc15a4, Slc17a6, Slc17a8, Slc18a2, Slc1a1, Slc1a2, Slc1a3, Slc20a2, Slc22a1, Slc22a5, Slc22a6, Slc23a1, Slc23a2, Slc24a4, Slc25a12, Slc25a20, Slc25a25, Slc25a34, Slc25a4, Slc25a46, Slc26a2, Slc2a1, Slc2a10, Slc2a12, Slc30a1, Slc31a1, Slc32a1, Slc34a2, Slc35d1, Slc35e2, Slc37a4, Slc38a10, Slc38a2, Slc38a8, Slc39a1, Slc39a12, Slc39a14, Slc39a3, Slc39a5, Slc40a1, Slc44a4, Slc45a3, Slc46a2, Slc4a10, Slc4a2, Slc4a5, Slc4a7, Slc4a8, Slc5a1, Slc5a3, Slc5a7, Slc6a17, Slc6a3, Slc6a4, Slc7a11, Slc7a5, Slc8a1, Slc8a3, Slc9a1, Slc9a6, Slc9b2, Slco1b2, Slit1, Slit2, Slit3, Slitrk1, Slitrk2, Slitrk3, Slitrk4, Slitrk5, Slitrk6, Smad1, Smad2, Smad3, Smad4, Smad5, Smad6, Smad7, Smad9, Smap1, Smarca1, Smarca2, Smarca4, Smarca5, Smarcb1, Smarcc1, Smarcc2, Smarcd1, Smarcd2, Smarcd3, Smarce1, Smchd1, Smg9, Smim14, Smim45, Smn1, Smo, Smoc1, Smoc2, Smpd3, Smpd4, Smurf1, Smurf2, Smyd1, Smyd2, Smyd4, Snai1, Snai2, Snap25, Snap91, Snapin, Snca, Snorc, Snph, Snw1, Snx1, Snx10, Snx17, Snx19, Snx27, Snx3, Sobp, Socs1, Socs2, Socs3, Socs5, Socs7, Sod1, Sod2, Sohlh1, Sohlh2, Sorbs2, Sorl1, Sos1, Sos2, Sostdc1, Sox1, Sox10, Sox11, Sox12, Sox13, Sox14, Sox15, Sox17, Sox18, Sox2, Sox21, Sox3, Sox4, Sox5, Sox6, Sox7, Sox8, Sox9, Sp1, Sp100, Sp2, Sp3, Sp5, Sp8, Sp9, Spaar, Spag6, Spag6l, Spag9, Sparc, Spart, Spast, Spata2, Spata22, Spdef, Specc1, Specc1l, Spef2, Speg, Spem1, Spem3, Spen, Spg11, Spg21, Sphk1, Sphk2, Spi1, Spic, Spink2, Spint1, Spint2, Spire1, Spns2, Spo11, Spock1, Spp1, Spr, Spred1, Spred2, Spred3, Sprr2d, Spry1, Spry2, Spry3, Sptbn1, Sptbn2, Sptbn4, Src, Srcin1, Srd5a2, Srebf1, Srebf2, Srf, Srgap2, Srgap3, Srgn, Srp54a, Srpk2, Srpx2, Srrm4, Srrt, Srsf1, Srsf6, Sry, Ss18l1, Ssbp3, Ssna1, Ssr2, Sstr1, Sstr2, Sstr3, St14, St8sia2, St8sia6, Stab1, Stap1, Star, Stard13, Stat1, Stat3, Stat5a, Stat5b, Stat6, Stau2, Stc1, Stc2, Stil, Stim1, Stk11, Stk24, Stk25, Stk3, Stk36, Stk4, Stk40, Stmn1, Stmn2, Stmn3, Stmn4, Stox1, Stox2, Stra6, Strap, Strc, Strn, Stx1b, Stx2, Stx3, Stxbp1, Stxbp3, Stxbp5, Styxl1, Suds3, Sufu, Sulf1, Sulf2, Sult2b1, Sult4a1, Sun1, Sun2, Supt20, Supt6, Suv39h1, Suz12, Svbp, Svep1, Svet1, Swap70, Sybu, Sycp2, Syde1, Syf2, Syk, Syn1, Syna, Synb, Syndig1, Syne2, Syngap1, Synj1, Synj2bp, Synpo2l, Sypl2, Syt1, Syt17, Syt2, Syt3, Syt4, Syvn1, Szt2, T, T2, Tab1, Tab2, Tacc1, Tacc2, Tacc3, Tacstd2, Tada2a, Tada3, Taf10, Taf4, Taf8, Tafa1, Tafa5, Tafazzin, Tal1, Tal2, Tanc2, Taok1, Taok2, Taok3, Tapt1, Tasor, Tbc1d20, Tbc1d23, Tbc1d24, Tbc1d32, Tbcb, Tbcd, Tbce, Tbl1xr1, Tbr1, Tbx1, Tbx15, Tbx18, Tbx19, Tbx2, Tbx20, Tbx21, Tbx3, Tbx4, Tbx5, Tbx6, Tbxa2r, Tcap, Tcf12, Tcf15, Tcf21, Tcf3, Tcf4, Tcf7, Tcf7l1, Tcf7l2, Tcim, Tcirg1, Tcof1, Tcta, Tctn1, Tdg, Tdp2, Tdrd1, Tdrd5, Tdrd6, Tdrd7, Tdrkh, Tead1, Tead2, Tead3, Tead4, Tecta, Tek, Tenm1, Tenm2, Tenm3, Tenm4, Tent5a, Tent5c, Terc, Terf2, Tert, Tesc, Tescl, Tespa1, Tet1, Tet2, Tex11, Tex15, Tex19.1, Tex19.2, Tfap2a, Tfap2b, Tfap2c, Tfap2d, Tfap4, Tfcp2l1, Tfe3, Tfeb, Tfpt, Tfrc, Tg, Tgfa, Tgfb1, Tgfb1i1, Tgfb2, Tgfb3, Tgfbi, Tgfbr1, Tgfbr2, Tgfbr3, Tgif1, Tgif2, Tgm2, Tgm3, Th, Thap11, Thbd, Thbs1, Thbs2, Thbs3, Thbs4, Thoc2, Thoc2l, Thoc5, Thoc6, Thpo, Thra, Thrb, Thsd7a, Thy1, Tiam1, Tiam2, Tie1, Tifab, Tigar, Timeless, Timp1, Timp2, Timp3, Tiparp, Tjp1, Tjp2, Tle5, Tle6, Tll1, Tll2, Tlr2, Tlr3, Tlr4, Tlr9, Tlx1, Tlx2, Tlx3, Tm4sf1, Tm9sf5, Tmc1, Tmed2, Tmem100, Tmem106b, Tmem107, Tmem108, Tmem119, Tmem126a, Tmem131l, Tmem132e, Tmem135, Tmem163, Tmem176a, Tmem176b, Tmem178, Tmem184a, Tmem204, Tmem215, Tmem231, Tmem30a, Tmem38b, Tmem41b, Tmem59l, Tmem64, Tmem65, Tmem67, Tmem79, Tmem94, Tmem98, Tmf1, Tmie, Tmigd1, Tmod1, Tmtc3, Tmx2, Tnc, Tnf, Tnfaip2, Tnfaip3, Tnfaip6, Tnfrsf11a, Tnfrsf11b, Tnfrsf12a, Tnfrsf1a, Tnfrsf1b, Tnfrsf21, Tnfsf10, Tnfsf11, Tnfsf12, Tnfsf13, Tnfsf18, Tnfsf4, Tnfsf9, Tnik, Tnmd, Tnn, Tnnc1, Tnni1, Tnni3, Tnnt2, Tnr, Tnrc6c, Tns2, Tns3, Tnxb, Tob2, Tomm70a, Tomt, Top1, Top2a, Top2b, Tor1a, Tox, Tpbg, Tpi1, Tpm1, Tpo, Tpp1, Tppp, Tppp3, Tpra1, Tprn, Tra2b, Tradd, Traf3ip1, Traf3ip2, Traf4, Traf6, Trak1, Trak2, Trappc2, Trappc4, Trappc6b, Trappc9, Trem2, Trex1, Trf, Trib1, Trim11, Trim28, Trim32, Trim45, Trim46, Trim47, Trim67, Trim71, Trio, Triobp, Trip10, Trip11, Trip12, Trip6, Trnp1, Trp53, Trp53bp1, Trp53bp2, Trp63, Trp73, Trpc4, Trpc5, Trpc6, Trpm1, Trpm4, Trps1, Trpv1, Trpv2, Trpv4, Tsc1, Tsc2, Tsc22d1, Tsc22d4, Tshr, Tshz1, Tshz3, Tsku, Tspan12, Tspan18, Tspan2, Tspo, Tsx, Ttbk2, Ttc21b, Ttc3, Ttc36, Ttc39c, Ttc8, Ttc9, Ttl, Ttll1, Ttll4, Ttll5, Ttll7, Ttn, Ttpa, Ttyh1, Tub, Tuba1a, Tubb1, Tubb2a, Tubb2b, Tubb3, Tubgcp2, Tug1, Tulp1, Tulp3, Tunar, Twf1, Twf2, Twist1, Twist2, Twsg1, Txlng, Txnrd1, Txnrd2, Txnrd3, Tymp, Tyms, Tyr, Tyro3, Tyrobp, Uba6, Ubash3b, Ubb, Ube2a, Ube2b, Ube2m, Ube2q1, Ube2v2, Ube3a, Ube3b, Ube4b, Ubiad1, Ubp1, Ubr3, Ubtfl1, Uchl1, Uchl3, Uchl5, Ucma, Ucn, Ucp2, Ufc1, Ufl1, Ufm1, Ugcg, Ugdh, Ugp2, Ugt1a1, Ugt1a7c, Ugt1a8, Ugt1a9, Ugt8a, Uhmk1, Ulk1, Ulk2, Ulk4, Umod, Umodl1, Unc119, Unc119b, Unc13a, Unc13b, Unc45b, Unc5a, Unc5b, Unc5c, Unc5d, Uncx, Ung, Unk, Upb1, Upf2, Upf3a, Upf3b, Upk3a, Uqcrq, Ush1c, Ush1g, Ush2a, Usp1, Usp17lc, Usp20, Usp21, Usp33, Usp45, Usp9x, Uspl1, Ust, Utp11, Utp25, Utp3, Uts2, Uts2r, Uty, Vamp7, Vangl2, Vapa, Vash1, Vash2, Vasp, Vav2, Vav3, Vax1, Vax2, Vax2os, Vcam1, Vcan, Vcl, Vdr, Vegfa, Vegfb, Vegfc, Vegfd, Vezf1, Vezt, Vgf, Vgll4, Vhl, Vim, Vit, Vkorc1, Vldlr, Vmn2r1, Vmn2r120, Vmn2r26, Vmn2r65, Vmn2r81, Vmn2r82, Vmn2r83, Vmp1, Vnn1, Vps13a, Vps13b, Vps35, Vps4a, Vps4b, Vps51, Vps52, Vps54, Vrk1, Vsir, Vstm4, Vstm5, Vsx1, Vsx2, Vtn, Vwc2, Vwc2l, Vwf, Vxn, Wars1, Wars2, Wasf1, Wasf2, Wasf3, Washc5, Wasl, Wdpcp, Wdr1, Wdr11, Wdr19, Wdr36, Wdr37, Wdr47, Wdr48, Wdr5, Wdr62, Wdr74, Wdr77, Wdr83, Wdr89, Wdtc1, Wee1, Wfikkn1, Wfikkn2, Wfs1, Whrn, Wls, Wnk1, Wnk4, Wnt1, Wnt10a, Wnt10b, Wnt11, Wnt16, Wnt2, Wnt2b, Wnt3, Wnt3a, Wnt4, Wnt5a, Wnt5b, Wnt6, Wnt7a, Wnt7b, Wnt8a, Wnt8b, Wnt9a, Wnt9b, Wt1, Wwox, Wwp1, Wwtr1, Xab2, Xbp1, Xdh, Xirp1, Xirp2, Xist, Xk, Xkr8, Xlr3b, Xrcc1, Xrcc2, Xrcc4, Xrcc5, Xrcc6, Xrn2, Xylt1, Yap1, Ybx1, Ybx3, Yeats2, Yipf6, Yjefn3, Ypel4, Ythdc1, Ythdf1, Ythdf2, Ythdf3, Ywhae, Ywhag, Ywhah, Ywhaz, Yy1, Zap70, Zbed3, Zbed6, Zbtb1, Zbtb14, Zbtb16, Zbtb17, Zbtb18, Zbtb45, Zbtb46, Zbtb7a, Zbtb7b, Zc3h12a, Zc3h8, Zc4h2, Zcchc24, Zdhhc12, Zdhhc15, Zdhhc16, Zdhhc17, Zdhhc2, Zdhhc21, Zdhhc8, Zeb1, Zeb2, Zfand5, Zfat, Zfhx2, Zfhx3, Zfp14, Zfp157, Zfp212, Zfp219, Zfp24, Zfp281, Zfp296, Zfp335, Zfp35, Zfp354c, Zfp36, Zfp365, Zfp36l1, Zfp36l2, Zfp418, Zfp42, Zfp420, Zfp423, Zfp488, Zfp513, Zfp521, Zfp536, Zfp568, Zfp608, Zfp609, Zfp640, Zfp683, Zfp800, Zfp804a, Zfp830, Zfp950, Zfpm1, Zfpm2, Zfx, Zfyve19, Zfyve27, Zhx2, Zic1, Zic2, Zic3, Zic4, Zic5, Zmiz1, Zmpste24, Zmynd8, Zng1, Znrf3, Zp3, Zpr1, Zscan4a, Zscan4b, Zswim6, Zzef1, Zzz3
GO:0009968	negative regulation of signal transduction	1421	40	20.7	5.9e-05	0.011833714285714286	2210016L21Rik, Aars1, Aars2, Aatf, Abca7, Abhd17a, Abl1, Abl2, Acaa2, Ace2, Ackr3, Acod1, Acp4, Actn3, Acvr1, Ada, Adam17, Adamts12, Adamtsl2, Adar, Adgra2, Adgrg3, Adipoq, Adipor1, Adm, Adra1a, Adra1b, Adrb2, Agap2, Agt, Agtr2, Ahsg, Aida, Aim2, Ajuba, Akt1, Akt1s1, Akt2, Akt3, Alg13, Alpk2, Amer1, Amer2, Amfr, Ankrd26, Ankrd6, Apc, Apc2, Apcdd1, Apela, Apln, Aplnr, Aplp1, Apoa1, Apod, Apoe, App, Appl1, Ar, Arg1, Arhgap12, Arhgap17, Arhgap22, Arhgap24, Arhgap25, Arhgap29, Arhgap35, Arhgap42, Arhgap44, Arhgap45, Arid4a, Arid4b, Armc10, Arr3, Arrb1, Arrb2, Arrdc1, Arrdc3, Asah2, Asb15, Asb3, Ash1l, Aspn, Asxl1, Atad3a, Atad5, Atf3, Atf4, Atf6b, Atm, Atp2b4, Atxn1, Atxn3, Atxn7, Aurka, Aurkb, Avp, Axin1, Axin2, Azi2, Bag5, Bak1, Bambi, Banf1, Bank1, Barx1, Bax, Bcl2, Bcl2l1, Bcl2l10, Bcl2l12, Bcl2l2, Bcl3, Bcl6, Bcl9l, Bdkrb2, Bdnf, Becn2, Bend6, Bfar, Bicc1, Bicd1, Bid, Birc6, Birc7, Blvrb, Bmal1, Bmf, Bmi1, Bmp2, Bmp4, Bmp5, Bmp7, Bmper, Bok, Bpifb1, Brap, Brca1, Brd4, Brms1, Brms1l, Btn2a2, Btnl2, Btrc, C1qbp, C1ql4, C1qtnf3, Cactin, Cadm1, Cadm4, Calr, Camk2b, Capn1, Casp8, Castor1, Castor2, Cav1, Cav2, Cav3, Cavin3, Cbfa2t2, Cbl, Cblb, Cblc, Cby1, Ccar2, Ccdc125, Ccdc22, Ccdc3, Ccdc88c, Ccl5, Ccn3, Ccnc, Cd109, Cd160, Cd22, Cd2ap, Cd300a, Cd300lf, Cd3e, Cd44, Cd46, Cd59a, Cd74, Cdc34, Cdc34b, Cdc42se1, Cdh1, Cdh2, Cdh3, Cdk11b, Cdk20, Cdk3, Cdk5rap3, Cdkn2d, Ceacam1, Cep63, Cer1, Cflar, Cgas, Cgnl1, Chac1, Chd8, Chek2, Chmp6, Chp1, Chrd, Chrdl1, Chrdl2, Chrna10, Chrna7, Chrna9, Chst11, Cib1, Cidea, Cilp, Cish, Cit, Cldn18, Clec12b, Clock, Clu, Cmya5, Cnksr3, Cnmd, Cnot1, Cnot2, Cnot3, Cnot7, Cnot9, Cntnap2, Col2a1, Commd1, Cpne1, Cptp, Creb3, Creb3l1, Crebrf, Crhbp, Crim1, Cripto, Crtc3, Cry1, Cry2, Cryba1, Csf2, Csk, Csnk1a1, Csnk1e, Ctdspl2, Cth, Cthrc1, Ctnna1, Ctnnb1, Ctnnbip1, Ctnnd1, Cttn, Cul3, Cx3cl1, Cx3cr1, Cxcl12, Cxxc4, Cyld, Cyp26b1, Cyp2j6, Cyp7b1, Cyrib, D1Pas1, Dab1, Dab2, Dab2ip, Dact1, Dact2, Dact3, Dag1, Dand5, Dcn, Dcst1, Ddias, Ddit3, Ddit4, Ddit4l, Ddrgk1, Ddx3x, Defb21, Depdc5, Deptor, Dgkd, Dgkg, Dgkz, Dhrs3, Dhx58, Dicer1, Dkk1, Dkk2, Dkk3, Dkk4, Dkkl1, Dlc1, Dlg1, Dlg5, Dlk1, Dlk2, Dll1, Dll3, Dll4, Dlx1, Dlx2, Dmd, Dnaja1, Dnaja3, Dnajb9, Dnm1, Dnm2, Dok1, Dok2, Draxin, Drd2, Drd3, Dsg3, Dusp1, Dusp10, Dusp13b, Dusp16, Dusp19, Dusp2, Dusp22, Dusp26, Dusp29, Dusp3, Dusp4, Dusp5, Dusp6, Dusp7, Dusp8, Dusp9, Dynlt1b, Dyrk1a, Dyrk2, Dyrk3, E130311K13Rik, Ecm1, Efna1, Egfl7, Egfr, Egln1, Egr1, Eid2, Eif3a, Eif4e2, Elf1, Ell3, Emd, Emilin1, Endog, Eno1, Eno1b, Enpp1, Entrep1, Epha4, Ephb2, Epm2a, Epn2, Epo, Erbb3, Erbin, Errfi1, Esr1, Esr2, Eya1, Eya2, Eya3, Eya4, Ezh2, Ezr, F2rl1, Faim, Faim2, Faiml, Fam89b, Fbln1, Fbn1, Fbn2, Fbp1, Fbxl2, Fbxo7, Fbxw11, Fcmr, Fcrl5, Fem1a, Fermt1, Fga, Fgb, Fgf10, Fgf2, Fgf9, Fgfr3, Fgfrl1, Fgg, Fhl2, Fignl1, Fkbp1a, Fkbp1b, Fktn, Flcn, Fnip1, Foxh1, Foxm1, Foxo1, Foxo3, Foxp1, Frmd8, Frzb, Fst, Fstl3, Fstl4, Fuz, Fxn, Fyn, Fzd1, Fzd6, Fzd9, G2e3, G3bp1, Gas1, Gas6, Gata1, Gata2, Gata3, Gata4, Gba1, Gbp7, Gcg, Gclc, Gclm, Gdf15, Gdf3, Gdnf, Gdpd5, Gfral, Ggnbp2, Ghitm, Gigyf2, Gipr, Git1, Glg1, Gli1, Gli2, Gli3, Glis2, Gmip, Gnai2, Gnai3, Gpatch3, Gpc1, Gpc3, Gpd1l, Gper1, Gpr108, Gpr155, Gpr161, Gpr21, Gpr37l1, Gprasp1, Gprc5a, Gps2, Gpx1, Gramd4, Grb10, Grb14, Grem1, Grem2, Grina, Grk2, Grk3, Grk4, Grk5, Grk6, Grm5, Gsc, Gsdma3, Gsk3a, Gsk3b, Gstp-ps, Gstp1, Gstp2, Gstp3, H2-M3, H2bc21, Hacd3, Hapstr1, Hdac1, Hdac2, Hdac3, Hdac7, Heg1, Hells, Herc2, Herc4, Herpud1, Hey1, Hey2, Heyl, Hgf, Hgs, Hhex, Hhip, Hic1, Hif1a, Hif1an, Higd1a, Hipk2, Hipk3, Hjv, Hmga2, Hmgb2, Hmgcr, Hmox1, Hnf4a, Homer2, Homer3, Hrg, Hspa1b, Hspa5, Hspa8, Hspb1, Htra1, Htra3, Htt, Huwe1, Hyal2, Hyou1, Icam1, Ier3, Ifi203, Ifi203-ps, Ifi206, Ifi207, Ifi208, Ifi209, Ifi213, Ifi214, Ifi35, Ift122, Ift172, Ift80, Igbp1, Igf1, Igf1r, Igfbp5, Igsf1, Igtp, Ikbkg, Il10, Il12a, Il12b, Il17rd, Il19, Il1b, Il1r2, Il1rn, Il36rn, Il4, Il6, Il6st, Il7, Ing1, Ing2, Inpp5a, Inpp5d, Inpp5e, Inpp5f, Inpp5k, Inppl1, Insig1, Insig2, Ints9, Invs, Irak3, Irf1, Irf4, Irgm1, Irgm2, Irs1, Isg15, Isl1, Itch, Itfg2, Itga1, Itga3, Itga6, Itgav, Itgb1, Itgb1bp1, Itpr1, Itprip, Ivns1abp, Jade1, Kank1, Kank2, Kctd10, Kctd11, Kctd13, Kctd21, Kctd6, Kdm1a, Kdm6a, Kics2, Kif26a, Kif7, Klf4, Klhl31, Klk14, Kptn, Kremen1, Lamp2, Laptm5, Lats1, Lats2, Lax1, Lbh, Ldlrad4, Lect2, Lefty1, Lemd2, Lemd3, Leprot, Leprotl1, Lfng, Lgals3, Lgmn, Lgr4, Lif, Lilrb4a, Lilrb4b, Limd1, Lingo1, Litaf, Lmbr1l, Lmna, Lmo3, Lonp1, Lox, Lpar1, Lpxn, Lrp1, Lrp2, Lrp4, Lrp6, Lrrc14, Lrrc32, Lrrk2, Ltbp1, Ltf, Ly6g6e, Lyn, Lyplal1, Lztr1, Lzts2, Mad1l1, Mad2l1bp, Mad2l2, Madd, Magi2, Map2k1, Map2k3, Map2k5, Map3k20, Map3k7, Mapk14, Mapk3, Mapk7, Mapk8ip1, Mapk8ip2, Mapkap1, Mapkapk5, Mapkbp1, Marchf7, Mark3, Marveld3, Mavs, Maz, Mcc, Mcl1, Mdfi, Mdk, Mdm2, Mdm4, Mecom, Mefv, Megf8, Meis3, Men1, Mesp1, Met, Mettl3, Mfhas1, Mfn2, Mgrn1, Mif, Minar1, Mir143, Mir154, Mir210, Mir423, Mir675, Mkrn2, Mllt3, Mmp12, Mmp14, Mmp3, Mmp9, Mmrn1, Mmrn2, Mndal, Mnt, Mob4, Morn3, Mosmo, Mpig6b, Mpv17l, Mrap, Mrap2, Mrtfa, Mstn, Mtm1, Mtmr4, Mtnr1b, Mtor, Muc1, Mul1, Mvp, Myadm, Myoc, Myocd, Myoz1, Myoz2, Naip1, Naip2, Naip5, Naip6, Naip7, Nanog, Nanos3, Nbl1, Nck1, Nck2, Ncl, Ncoa5, Ncor1, Ncor2, Ndrg2, Ndrg4, Ndufa13, Ndufc2, Ndufs3, Necab2, Nedd4, Nepn, Neurl1a, Neurod1, Nf1, Nf2, Nfatc4, Nfe2l2, Nfkbia, Nfkbid, Nfkbil1, Ngfr, Nherf1, Nherf2, Nherf4, Nkd1, Nkd2, Nkiras1, Nkiras2, Nkx2-1, Nkx2-5, Nkx3-1, Nlk, Nlrc3, Nlrc5, Nlrp12, Nlrp3, Nlrp6, Nlrx1, Nme5, Nmi, Noc2l, Nod2, Nodal, Nog, Nol3, Nono, Nop53, Notch1, Notch4, Notum, Npc1, Nphp3, Nphp4, Nploc4, Nppa, Nprl2, Nprl3, Npy2r, Nr0b1, Nr1d1, Nr1h4, Nr4a2, Nrarp, Nrg1, Nrp1, Nrros, Nucb2, Nup62, Nxn, Oas1a, Oas1b, Oas1c, Oas1d, Oas1e, Oas1f, Oas1g, Oas1h, Oas3, Obox4, Obscn, Ofd1, Ogt, Olfm4, Onecut1, Onecut2, Opa1, Oprl1, Oprm1, Optn, Otop1, Otud3, Otud4, Otud5, Otud7b, Ovol2, P2rx7, Padi2, Pafah1b1, Pak1ip1, Pak5, Palm, Palm3, Pam16, Paqr3, Park7, Parl, Parp1, Parp14, Pawr, Pbk, Pbld1, Pbld2, Pbp2, Pcbp2, Pcgf2, Pdcd4, Pdcd6, Pde10a, Pde11a, Pde2a, Pde3a, Pde3b, Pde4d, Pdia6, Pdpk1, Pdx1, Pea15a, Pea15b-ps, Pebp1, Peg10, Peli1, Peli3, Per1, Pfdn5, Phactr4, Phb1, Phb2, Phf14, Phip, Phlda3, Phlpp1, Phpt1, Pias2, Pias4, Pibf1, Pid1, Pik3ap1, Pik3cb, Pik3ip1, Pik3r2, Pin1, Pin1rt1, Pink1, Pip4k2a, Pip4k2b, Pip4k2c, Pkhd1, Pkia, Plaur, Plcl2, Pld2, Plek, Plekha1, Plin5, Plk3, Pmepa1, Pp2d1, Ppara, Pparg, Ppef2, Ppia, Ppif, Ppm1a, Ppm1b, Ppp1r10, Ppp2ca, Ppp2cb, Ppp2r1a, Ppp2r3a, Ppp3ca, Ppp6c, Ppt1, Prap1, Prdm14, Prdm15, Prdm16, Prdx2, Prelid1, Prex1, Prex2, Prickle1, Prkaa1, Prkaa2, Prkaca, Prkacb, Prkar1a, Prkar1b, Prkar2a, Prkar2b, Prkca, Prkcb, Prkcd, Prkcq, Prkcz, Prkdc, Prkn, Prmt1, Prnp, Prr5l, Psca, Psen1, Psen2, Psmd10, Psme3, Ptch1, Ptch2, Pten, Ptger3, Ptgir, Ptgs2, Ptgs2os, Ptpn1, Ptpn2, Ptpn22, Ptpn6, Ptprc, Ptprd, Ptpre, Ptprf, Ptprj, Ptpro, Ptprr, Ptprs, Ptprt, Ptpru, Pttg1ip, Pvrig, Pycard, Pycr1, Qars1, Rab7, Rab7b, Rabgef1, Rack1, Raf1, Ranbp9, Rapgef1, Rasa2, Rasa3, Rasa4, Rasal1, Rasal3, Rasip1, Rasl11b, Rassf2, Rb1, Rb1cc1, Rbbp4, Rbbp7, Rbms3, Rbpms2, Rcan1, Rela, Rffl, Rfng, Rfx4, Rgs1, Rgs10, Rgs11, Rgs12, Rgs13, Rgs14, Rgs16, Rgs17, Rgs18, Rgs19, Rgs2, Rgs20, Rgs22, Rgs3, Rgs4, Rgs5, Rgs6, Rgs7, Rgs7bp, Rgs8, Rgs9, Rgs9bp, Rhoa, Rhoh, Rian, Riok3, Ripk1, Ripor1, Ripor2, Rita1, Rnf113a1, Rnf113a2, Rnf115, Rnf125, Rnf126, Rnf149, Rnf152, Rnf167, Rnf170, Rnf213, Rnf34, Rnf43, Robo1, Ror2, Rora, Rpgrip1l, Rph3al, Rps6ka1, Rps6ka6, Rps6kb1, Rps6kb2, Rrm2b, Rrn3, Rtkn2, Rubcn, Runx2, Ruvbl2, Ryr1, S2bpcox16, Sac3d1, Sag, Sall1, Sall3, Samhd1, Samtor, Sap130, Sap30, Sap30l, Sar1a, Sar1b, Sarm1, Scai, Scg2, Sco1, Scyl2, Sdhaf2, Sec14l1, Selenos, Sema6a, Serpine1, Serpine2, Sesn1, Sesn2, Sesn3, Sfrp1, Sfrp2, Sfrp4, Sfrp5, Sgk3, Sh2b3, Sh2d1a, Sh3bp1, Sh3bp4, Sh3glb1, Sh3rf1, Sh3rf2, Shank2, Shh, Shisa2, Shisa3, Shisa6, Siah2, Sigirr, Siglecg, Sike1, Sin3a, Sinhcaf, Sirpa, Sirt1, Sirt2, Sirt3, Sirt7, Six3, Ska1, Ska3, Ski, Skil, Skor1, Skor2, Sla2, Slamf1, Slc24a4, Slc25a31, Slc25a4, Slc25a5, Slc27a4, Slc2a10, Slc35c1, Slc35f6, Slc39a8, Slit2, Slit3, Slmap, Smad4, Smad5, Smad6, Smad7, Smarca4, Smim30, Smpd1, Smpd3, Smpdl3a, Smpdl3b, Smurf1, Smurf2, Snai1, Snai2, Snca, Snip1, Snx1, Snx13, Snx25, Snx5, Snx6, Socs1, Socs2, Socs3, Socs4, Socs5, Socs6, Socs7, Sod2, Sorl1, Sost, Sostdc1, Sox10, Sox13, Sox17, Sox2, Sox30, Sox9, Spaar, Spart, Spi1, Spink1, Spred1, Spred2, Spred3, Spry1, Spry2, Spry3, Spry4, Spsb3, Sqstm1, Src, Sstr4, Stambp, Stap1, Stat1, Stat2, Stk11, Stk3, Stk38, Stk4, Stmn1, Stmn3, Stradb, Strap, Strip1, Strn3, Strn4, Stub1, Styxl2, Suds3, Sufu, Sulf1, Sulf2, Suz12, Syngap1, Synj2bp, Syvn1, Szt2, Tank, Taok3, Tarbp2, Tax1bp1, Tax1bp3, Tbc1d10c, Tbc1d7, Tbk1, Tbx1, Tbx18, Tbx20, Tcf21, Tcf7l2, Tcim, Tert, Tet1, Tfap2a, Tgfb2, Tgfb3, Tgfbr1, Tgfbr3, Tgif1, Thbs1, Them4, Thy1, Ticam2, Timp2, Tjp2, Tkfc, Tle1, Tle2, Tle3, Tle4, Tle5, Tle6, Tle7, Tlr4, Tlr6, Tlr9, Tmbim1, Tmbim6, Tmed2, Tmem127, Tmem131l, Tmem14a, Tmem161a, Tmem170b, Tmem53, Tmem64, Tmem88, Tmem88b, Tmprss6, Tmsb4x, Tnf, Tnfaip1, Tnfaip3, Tnfaip6, Tnfaip8l1, Tnfrsf11b, Tnfrsf22, Tnfrsf23, Tnfrsf4, Tnfsf4, Tnip1, Tnip2, Tnip3, Tnk1, Tnn, Tns2, Tns3, Tob1, Tpbg, Tpbgl, Tpt1, Trabd2b, Traf3ip1, Traip, Trap1, Trem2, Treml1, Trex1, Triap1, Trib1, Trim11, Trim15, Trim30a, Trim31, Trim32, Trim33, Trim39, Trim59, Trim60, Trim67, Trim72, Trp53, Trp63, Tsc1, Tsc2, Tsg101, Tsku, Tspan15, Tspan6, Ttll12, Tulp3, Twist1, Twsg1, Txndc12, Tyro3, Uaca, Ubac2, Ubash3a, Ubash3b, Ube2b, Ube2d1, Ube2n, Ube2w, Ube3a, Ubqln1, Ubqln2, Ubr1, Ubr2, Ubr5, Uchl1, Ucma, Ufd1, Ufl1, Ulk3, Unc5b, Uri1, Usp10, Usp15, Usp18, Usp20, Usp25, Usp47, Usp49, Usp7, Vasn, Vcp, Vdac2, Vegfa, Veph1, Vgll4, Vhl, Vps11, Vps18, Vps25, Vrk3, Vwc2, Vwc2l, Wdr91, Wfikkn1, Wfikkn2, Wfs1, Wif1, Wnk2, Wnt1, Wnt11, Wnt16, Wnt4, Wnt5a, Wnt5b, Wnt7b, Wtip, Wwc1, Wwc2, Wwox, Wwtr1, Xbp1, Xdh, Xiap, Yap1, Ybx3, Yju2, Ythdf2, Ythdf3, Ywhab, Ywhae, Ywhag, Ywhaz, Zbtb7a, Zc3h12a, Zdhhc12, Zdhhc18, Zfp366, Zfp385a, Zfp451, Zfp536, Zfp592, Zfp653, Zfyve28, Zgpat, Zmynd11, Znrf3, Znrf4
GO:0044085	cellular component biogenesis	3414	77	49.73	6.3e-05	0.012474	1700009N14Rik, 1700028K03Rik, 2610042L04Rik, 2700049A03Rik, 4930447C04Rik, 4930544G11Rik, 4933427D14Rik, 9930111J21Rik1, Aaas, Aar2, Aatf, Abca1, Abca2, Abca3, Abca7, Abcb6, Abcb7, Abcc4, Abcg2, Abhd17a, Abi2, Abi3, Abi3bp, Abitram, Abl1, Abl2, Ablim1, Ablim2, Ablim3, Abraxas1, Abraxas2, Abt1, Acaca, Acacb, Acad9, Acd, Ace, Ace2, Ache, Acot13, Acrbp, Acsl3, Acta1, Actb, Actc1, Actg1, Actl7a, Actl9, Actn1, Actn2, Actn3, Actn4, Actr2, Actr3, Acvr1c, Acvrl1, Adam10, Adamts16, Adar, Adcy8, Add1, Add2, Add3, Adgrb1, Adgrb2, Adgrb3, Adgre5, Adgrf1, Adgrl1, Adgrl2, Adgrl3, Adgrl4, Adnp, Adprhl1, Adrm1, Adrm1b, Afdn, Afg2a, Afg2b, Agfg1, Agfg2, Ago1, Ago2, Ago3, Ago4, Agrn, Agt, Ahctf1, Ahi1, Ahr, Ahsg, Aida, Aif1, Aif1l, Aifm1, Aim2, Aimp2, Airim, Ajuba, AK157302, Ak6, Ak7, Akain1, Akap13, Akap4, Akap5, Akap9, Akirin1, Akt1, Alad, Aldh1a2, Aldh1a3, Aldh9a1, Aldoa, Aldob, Alkbh5, Alms1, Alox15, Alox5ap, Alpk1, Als2, Ambra1, Amigo1, Amigo2, Amigo3, Ang, Angpt1, Ank3, Ankle2, Ankra2, Ankrd23, Ankrd27, Ankrd53, Anks4b, Anln, Ano6, Anp32b, Antxr1, Anxa2, Ap1b1, Ap1g1, Ap1m1, Ap1s1, Ap1s2, Ap1s3, Ap2b1, Ap2m1, Ap3b1, Ap3d1, Ap3m1, Ap3s1, Ap3s2, Ap4m1, Ap5z1, Apc, Apcs, Apip, Aplnr, Apoa1, Apoa2, Apoa4, Apod, Apoe, Apom, App, Appl2, Aqp1, Aqp11, Aqp2, Aqp4, Aqp5, Ar, Arap1, Arc, Arf1, Arf4, Arf6, Arfgef1, Arfip2, Arhgap18, Arhgap24, Arhgap28, Arhgap33, Arhgap35, Arhgap40, Arhgap44, Arhgap6, Arhgef10, Arhgef10l, Arhgef15, Arhgef18, Arhgef2, Arhgef26, Arhgef4, Arhgef5, Arhgef6, Arhgef7, Arhgef9, Arid1b, Arl13a, Arl13b, Arl2, Arl3, Arl6, Arl6ip1, Arl8b, Armc12, Armc2, Armc9, Arpc2, Arpc3, Arpc4, Arpc5, Arpc5l, Arrb1, Arrdc1, Arrdc4, Asap1, Asap3, Asb2, Asf1a, Asf1b, Asic1, Asic2, Aspm, Atad2, Atad2b, Atat1, Atf1, Atg10, Atg101, Atg12, Atg13, Atg14, Atg16l1, Atg16l2, Atg2a, Atg2b, Atg3, Atg4a, Atg4a-ps, Atg4b, Atg4c, Atg4d, Atg5, Atg7, Atg9a, Atg9b, Atl1, Atl2, Atl3, Atm, Atmin, Atp13a2, Atp1a3, Atp23, Atp2a2, Atp5f1d, Atp5mc2, Atp5mc3, Atp6v0d1, Atp6v1b1, Atp6v1d, Atp7a, Atp8b1, Atp9a, Atpaf1, Atpaf2, Atr, Atrx, Atxn10, Atxn2, Atxn2l, AU040320, Aup1, Aurka, Aurkb, Auts2, Avil, Axdnd1, Axin1, B2m, B3glct, B9d1, B9d2, Bad, Bag4, Bag5, Bag6, Baiap2, Baiap2l1, Baiap2l2, Bak1, Banf1, Basp1, Bax, Baz1a, Bbc3, Bbip1, Bbln, Bbof1, Bbs1, Bbs10, Bbs12, Bbs2, Bbs4, Bbs5, Bbs7, Bbs9, BC048507, Bcas2, Bccip, Bcl10, Bcl2, Bcl2l11, Bcr, Bcs1l, Bdnf, Bdp1, Becn1, Becn2, Bend3, Best1, Bhlhb9, Bicd1, Bid, Bik, Bin1, Bin2, Bin3, Birc2, Birc5, Blm, Bloc1s6, Bmf, Bmncr, Bmp10, Bmp7, Bms1, Bok, Bola2, Bola3, Bop1, Braf, Brcc3, Brcc3dc, Brd2, Brf1, Brf2, Brip1, Brix1, Brk1, Brox, Brsk1, Bscl2, Bsn, Btk, Bud23, Bysl, C1d, C1qbp, C1ql2, C1ql3, C2cd3, C2cd6, C9, C9orf72, Cabcoco1, Cacna1a, Cadm1, Cadps, Cadps2, Cald1, Calhm1, Calhm3, Calml4, Calr, Caly, Camsap1, Camsap2, Camsap3, Cand1, Cand2, Capg, Capn1, Capn3, Caprin1, Capza1, Capza1b, Capza2, Capza3, Capzb, Card11, Card9, Carmil1, Carmil2, Carmil3, Caskin1, Casp1, Casp4, Casq1, Casq2, Catip, Cav1, Cav2, Cav3, Cavin4, Cbln1, Cbln2, Cbln4, Cbr4, Cby1, Cc2d1a, Cc2d2a, Cc2d2b, Ccdc103, Ccdc113, Ccdc115, Ccdc13, Ccdc136, Ccdc146, Ccdc159, Ccdc28b, Ccdc38, Ccdc39, Ccdc40, Ccdc42, Ccdc57, Ccdc61, Ccdc63, Ccdc65, Ccdc66, Ccdc69, Ccdc78, Ccdc88a, Ccdc96, Cck, Ccl11, Ccl19, Ccl21a, Ccl21b, Ccl21d, Ccl21e, Ccl21f, Ccl24, Ccl26, Ccl5, Ccn1, Ccn2, Ccnb1, Ccnb1ip1, Ccnb2, Ccno, Ccp110, Ccr7, Ccsap, Cct2, Cd247, Cd24a, Cd2ap, Cd34, Cd36, Cd3d, Cd47, Cd74, Cd9, Cdc123, Cdc14a, Cdc14b, Cdc20, Cdc20b, Cdc34, Cdc34b, Cdc42, Cdc42ep1, Cdc42ep2, Cdc42ep3, Cdc42ep4, Cdc42ep5, Cdc45, Cdca8, Cdh1, Cdh10, Cdh11, Cdh12, Cdh13, Cdh15, Cdh17, Cdh18, Cdh19, Cdh2, Cdh20, Cdh22, Cdh24, Cdh26, Cdh3, Cdh4, Cdh5, Cdh6, Cdh7, Cdh8, Cdh9, Cdhr18, Cdhr2, Cdhr5, Cdk1, Cdk10, Cdk2, Cdk5, Cdk5rap2, Cdkl1, Cdkl5, Cdkn1b, Cdkn2a, Cds1, Cds2, Cdt1, Celf1, Celf2, Celf3, Celf4, Celf5, Celf6, Celsr2, Celsr3, Cenpa, Cenpc1, Cenpe, Cenph, Cenpi, Cenpk, Cenpn, Cenpo, Cenpp, Cenpt, Cenpv, Cenpw, Cenpx, Cep120, Cep126, Cep128, Cep131, Cep135, Cep152, Cep162, Cep164, Cep19, Cep192, Cep20, Cep250, Cep290, Cep295, Cep295nl, Cep350, Cep41, Cep44, Cep57, Cep63, Cep70, Cep72, Cep76, Cep83, Cep85, Cep89, Cep97, Ces1d, Ces1g, Cetn1, Cetn2, Cetn4, Cfap100, Cfap119, Cfap157, Cfap161, Cfap20, Cfap206, Cfap221, Cfap298, Cfap410, Cfap43, Cfap44, Cfap47, Cfap53, Cfap54, Cfap57, Cfap58, Cfap61, Cfap65, Cfap69, Cfap70, Cfap73, Cfap74, Cfap91, Cfap97d1, Cfl1, Cfl2, Cflar, Cgn, Cgnl1, Chaer1, Chaf1a, Chaf1b, Chchd10, Chchd4, Chchd7, Chd4, Chd7, Chek2, Chga, Chmp1a, Chmp1b, Chmp1b2, Chmp2a, Chmp2b, Chmp3, Chmp4b, Chmp4c, Chmp5, Chmp6, Chmp7, Chn2, Chp1, Chrac1, Chrna3, Chrnb2, Ciao1, Ciao2a, Ciao2b, Ciao3, Ciapin1, Cibar1, Cibar2, Cideb, Cilk1, Cinp, Cirbp, Ckap5, Clasp1, Clasp2, Clcn4, Cldn1, Cldn10, Cldn11, Cldn13, Cldn14, Cldn15, Cldn16, Cldn17, Cldn18, Cldn19, Cldn2, Cldn22, Cldn23, Cldn24, Cldn3, Cldn34a, Cldn34b1, Cldn34b2, Cldn34b3, Cldn34b4, Cldn34c1, Cldn34c2, Cldn34c3, Cldn34c4, Cldn34c5, Cldn34c6, Cldn34d, Cldn4, Cldn5, Cldn6, Cldn7, Cldn8, Cldn9, Clec2i, Clec7a, Clgn, Clint1, Clip1, Clip3, Cln3, Clns1a, Clp1, Clrn1, Clstn1, Clstn2, Clstn3, Clta, Cltc, Cltrn, Clu, Cluap1, Clxn, Clybl, Cnot1, Cnot2, Cnot6, Cnot6l, Cnot7, Cntln, Cntn1, Cntn5, Cntnap1, Cntnap2, Cntrob, Coa3, Coa4, Coa5, Coa6, Coa7, Coa8, Cobl, Coil, Col16a1, Col17a1, Col1a2, Col3a1, Col6a1, Colq, Comp, Cops5, Cops7a, Cops7b, Cops8, Coro1a, Coro1b, Coro1c, Coro2b, Coro7, Cotl1, Cox10, Cox14, Cox15, Cox16, Cox17, Cox18, Cox19, Cox20, Cox7a1, Cox7a2, Cox7a2l, Cpap, Cpeb1, Cpeb3, Cplane1, Cplane2, Cpsf6, Cpsf7, Cptp, Cracd, Crb3, Crbn, Creb1, Cript, Crk, Crkl, Crmp1, Crnkl1, Crocc, Crp, Crtac1, Crtc1, Crtc2, Crtc3, Cryaa, Cryab, Cryz, Csde1, Csf2, Csf3, Csmd2, Csnk1a1, Csnk1d, Cspg4, Csrp1, Csrp2, Csrp3, Cth, Ctnna1, Ctnnb1, Ctnnbip1, Ctns, Ctsd, Cttn, Cul3, Cul4a, Cul4b, Cutc, Cux2, Cx3cl1, Cxcl12, Cxcl13, Cyba, Cyfip1, Cyfip2, Cylc1, Cylc2, Cyld, Cyren, Cyria, Cyrib, D1Pas1, D7Ertd443e, Daam2, Dab2, Dab2ip, Dact1, Dag1, Dapk3, Daw1, Daxx, Dazap2, Dbn1, Dbnl, Dcaf13, Dcaf17, Dcdc2a, Dclk1, Dctn1, Dcx, Ddb1, Ddx10, Ddx17, Ddx18, Ddx20, Ddx21, Ddx27, Ddx28, Ddx31, Ddx39b, Ddx3x, Ddx42, Ddx46, Ddx47, Ddx49, Ddx51, Ddx52, Ddx54, Ddx56, Ddx6, Def8, Dele1, Denr, Det1, Deup1, Dgat1, Dhx29, Dhx30, Dhx33, Dhx37, Dhx9, Diaph1, Diaph2, Diaph3, Dicer1, Dimt1, Dis3, Disc1, Dkc1, Dkk1, Dlc1, Dlg1, Dlg4, Dlg5, Dlgap1, Dlgap3, Dlgap5, Dmac1, Dmac2, Dmc1, Dmd, Dmkn, Dmtn, Dnaaf1, Dnaaf10, Dnaaf11, Dnaaf2, Dnaaf3, Dnaaf4, Dnaaf5, Dnaaf6, Dnaaf6rt, Dnah1, Dnah17, Dnah2, Dnah5, Dnah7a, Dnah7b, Dnah7c, Dnah8, Dnai1, Dnai2, Dnai3, Dnai4, Dnaja4, Dnajb1, Dnajb12, Dnajb13, Dnajb14, Dnajb2, Dnajb6, Dnajb8, Dnajc15, Dnajc6, Dnajc9, Dnal1, Dnali1, Dnhd1, Dnlz, Dnm1, Dnm1l, Dnm2, Dnm3, Dnmbp, Dnttip2, Dock1, Dock10, Dock11, Dock4, Dock5, Dock7, Dpysl3, Dr1, Drc1, Drc7, Drd2, Drg1, Drosha, Dscam, Dsg3, Dst, Dtnbp1, Dusp22, Dusp23, Dusp3, Dut, Dvl1, Dync1h1, Dync2h1, Dync2i1, Dync2i2, Dync2li1, Dynll1, Dynlt2b, Dyrk1a, Dzip1, Dzip1l, E2f4, Ebna1bp2, Ecpas, Ect2, Edc3, Edn1, Eef2k, Efemp2, Efl1, Efna5, Efnb1, Efnb2, Efnb3, Efr3a, Ehd1, Ehd2, Ehd3, Ehd4, Ehmt2, Eid2, Eif1a, Eif1ax, Eif2a, Eif2ak2, Eif2d, Eif2s1, Eif2s2, Eif2s3x, Eif2s3y, Eif3a, Eif3b, Eif3c, Eif3d, Eif3e, Eif3f, Eif3g, Eif3h, Eif3i, Eif3j1, Eif3j2, Eif3k, Eif3l, Eif3m, Eif4a3, Eif4b, Eif4ebp1, Eif4enif1, Eif4g1, Eif4h, Eif5, Eif5b, Eif6, Elapor1, Elavl1, Elavl2, Elfn1, Elmo1, Elmod1, Elmod3, Eln, Elp2, Emc6, Emg1, Emilin1, Eml2, Eml3, Emp1, Emp2, Emp3, Enkd1, Enpp2, Enpp7, Entr1, Ep300, Epb41, Epb41l3, Epb41l5, Epg5, Epha1, Epha2, Epha3, Epha7, Ephb1, Ephb2, Ephb3, Epm2a, Epn1, Eppk1, Eps15, Eps8, Eps8l1, Eps8l2, Eps8l3, Eqtn, Eral1, Erbb4, Erc1, Erc2, Ercc1, Ercc2, Eri1, Erich3, Esam, Esf1, Espn, Espnl, Esr1, Evi5l, Evl, Exoc4, Exoc5, Exosc1, Exosc10, Exosc2, Exosc3, Exosc4, Exosc5, Exosc6, Exosc7, Exosc8, Exosc9, Ext1, Ezr, F11r, F2rl1, F830016B08Rik, Fadd, Faf1, Fam107a, Fam110c, Fam149b, Fam161a, Fam171a1, Fam209, Fam98a, Farp1, Farp2, Farsa, Farsb, Fas, Fastkd2, Fastkd3, Fau, Fbf1, Fbl, Fblim1, Fbll1, Fbln5, Fbxl2, Fbxo24, Fbxo45, Fbxo5, Fbxw8, Fcf1, Fcho1, Fcho2, Fchsd1, Fchsd2, Fdx2, Fdxacb1, Fech, Fer, Fermt1, Fermt2, Fermt3, Fes, Fez1, Fez2, Fga, Fgb, Fgd1, Fgd2, Fgd3, Fgd4, Fgf13, Fgfr1, Fgg, Fhdc1, Fhod1, Fhod3, Fig4, Fitm1, Fitm2, Fkbp10, Fkbp4, Fkrp, Flcn, Flii, Flna, Flnc, Flot1, Flrt1, Flrt2, Flrt3, Fmc1, Fmn1, Fmn2, Fmnl3, Fmr1, Fn1, Fnbp1l, Fnip1, Fnip2, Foxc2, Foxj1, Foxred1, Frey1, Frg1, Frmd7, Frmpd2, Fsaf1, Fscn1, Fscn2, Fscn3, Fsip1, Fsip2, Ftsj3, Fus, Fuz, Fxn, Fxr1, Fzd1, Fzd5, G3bp1, G3bp2, Gabarap, Gabarapl1, Gabarapl2, Gabra1, Gabra2, Gabra3, Gabra4, Gabra5, Gabra6, Gabrb2, Gabrb3, Gabre, Gabrg1, Gabrg2, Gabrg3, Gak, Galnt11, Gap43, Gar1, Garin1a, Garin1b, Garin3, Gas6, Gas7, Gas8, Gba1, Gba2, Gbp2, Gbp2b, Gbp5, Gcfc2, Gch1, Gchfr, Gda, Gdf2, Gdi2, Gemin2, Gemin4, Gemin5, Gemin6, Gemin6-ps, Gemin7, Gemin8, Gfy, Ggn, Ghrl, Ghsr, Git1, Gja1, Gja10, Gja5, Gjb2, Gjb6, Gjc1, Gjd3, Gk2, Gkn2, Gldc, Glra3, Glrx3, Glrx5, Gls, Glul, Gm12185, Gm12250, Gm14137, Gm4841, Gm5431, Gmnc, Gmnn, Gna13, Gnl2, Gnl3l, Gnmt, Gnpat, Golga2, Golph3, Gorab, Gorasp2, Gpaa1, Gpbar1, Gpc1, Gpc4, Gpm6a, Gpm6b, Gpr65, Gpsm2, Gpx4, Grb2, Grb7, Grem1, Grhl2, Gria1, Gria2, Gria3, Grid2, Grin1, Grin2b, Grm6, Grwd1, Gsdma3, Gsdmd, Gsk3b, Gsn, Gtf2a1, Gtf2a2, Gtf2b, Gtf2f2, Gtf2h5, Gtf3a, Gtpbp10, Gtpbp4, H1f0, H1f1, H1f2, H1f3, H1f4, H1f5, H1f6, H1f8, H1f9, H2-Aa, H2-Ab1, H2-DMa, H2-DMb1, H2-DMb2, H2-Ea, H2-Eb1, H2-Eb2, H2-M3, H2-Oa, H2-Ob, H2al2a, H2bc1, H3f3b, H3f3c, H4c14, Hacd1, Hap1, Hapln2, Hapln4, Has1, Has2, Has3, Haus1, Haus2, Haus3, Haus4, Haus5, Haus6, Haus7, Haus8, Hax1, Hccs, Hcfc1, Hck, Hcls1, Hcn1, Hdac2, Hdac3, Hdac4, Hdac6, Hdac7, Hdgfl3, Heatr1, Heatr3, Hes1, Hes5, Hey2, Hgs, Hgsnat, Hif1a, Higd1a, Higd1b, Higd1c, Higd2a, Hip1, Hip1r, Hipk1, Hira, Hjurp, Hmgb1, Hnf1b, Hnf4a, Hnrnpu, Hoatz, Homer1, Hook1, Hopx, Hormad1, Hp1bp3, Hprt1, Hps1, Hps3, Hps4, Hps5, Hps6, Hras, Hrg, Hrk, Hscb, Hsd17b10, Hsd17b8, Hsf1, Hsp90aa1, Hsp90ab1, Hsp90b1, Hspa1a, Hspa1b, Hspa2, Hspa4, Hspa5, Hspa8, Hspa9, Htatsf1, Htr4, Htt, Hyal1, Hydin, Hyls1, Iapp, Iba57, Ica1, Icam1, Icam5, Ice1, Id1, Ifi203, Ifi203-ps, Ifi206, Ifi207, Ifi208, Ifi209, Ifi213, Ifi214, Ifi47, Ifih1, Ifnb1, Ifng, Ift122, Ift140, Ift172, Ift20, Ift22, Ift25, Ift27, Ift43, Ift46, Ift52, Ift56, Ift57, Ift70b, Ift74, Ift80, Ift81, Ift88, Igsf11, Igtp, Ihh, Iigp1, Iigp1c, Ikbkb, Ikbke, Ikbkg, Ikzf1, Ikzf4, Il17a, Il1b, Il1rap, Il1rapl1, Il1rapl2, Il5, Ildr1, Ilk, Immp2l, Imp3, Imp4, Incenp, Ino80, Inpp5e, Inpp5j, Inpp5k, Inppl1, Insm1, Intu, Ipo4, Ipo9, Iqcb1, Iqcg, Iqgap1, Iqgap2, Iqgap3, Iqsec1, Iqsec2, Iqub, Irgm1, Irgm2, Irx3, Isca1, Isca2, Iscu, Isg15, Isg20, Isg20l2, Isl1, Isy1, Itga2, Itga5, Itga6, Itgav, Itgb1, Itgb1bp1, Itgb3, Itgb3bp, Itgb4, Itgb5, Itlnb, Itpr1, Itpr3, Izumo3, Jam3, Jchain, Jhy, Jmjd6, Jup, Kank1, Kank2, Kank3, Kank4, Kash5, Kat2a, Kat2b, Kat6a, Kat6b, Kcna1, Kcna10, Kcna2, Kcna3, Kcna4, Kcna5, Kcna6, Kcna7, Kcnb1, Kcnb2, Kcnc1, Kcnc2, Kcnc3, Kcnc4, Kcnd1, Kcnd2, Kcnd3, Kcnf1, Kcng1, Kcng3, Kcng4, Kcnj10, Kcnj12, Kcnj2, Kcnj8, Kcnk13, Kcnn4, Kcnq1, Kcnq2, Kcnq3, Kcnrg, Kcns1, Kcns2, Kcns3, Kcnt1, Kcnv1, Kcnv2, Kctd1, Kctd10, Kctd11, Kctd12, Kctd13, Kctd15, Kctd16, Kctd17, Kctd19, Kctd2, Kctd21, Kctd3, Kctd4, Kctd5, Kctd6, Kctd7, Kctd8, Kctd9, Kdr, Khdc3, Khdc4, Kif11, Kif14, Kif15, Kif21a, Kif23, Kif24, Kif27, Kif2a, Kif3a, Kif3b, Kif4, Kif9, Kifc1, Kifc5b, Kirrel1, Kirrel3, Kiss1r, Kit, Klc3, Klf5, Klhl12, Klhl41, Kmt2a, Kntc1, Kpnb1, Kri1, Krit1, Krr1, Krt1, Krt10, Krt14, Krt19, Krt5, Krt8, L1cam, Lama3, Lama5, Lamb1, Lamb2, Lamb3, Lamc1, Lamp2, Large1, Las1l, Lats1, Lats2, Lcat, Lcmt1, Lcp1, Ldaf1, Ldb1, Ldb2, Ldb3, Lefty1, Letm1, Lgals3, Lgi2, Lhfpl4, Liat1, Lima1, Limch1, Limd1, Limd2, Limk1, Limk2, Lims1, Lin7a, Lin7b, Lin7c, Lingo2, Lingo4, Llgl1, Lmo4, Lmod1, Lmod2, Lmod3, Lonp1, Lox, Lpar1, Lpar3, Lpcat3, Lrba, Lrch4, Lrfn1, Lrfn3, Lrfn4, Lrfn5, Lrguk, Lrit3, Lrp1, Lrp4, Lrrc23, Lrrc24, Lrrc4, Lrrc4b, Lrrc61, Lrrc8a, Lrrc8c, Lrrc8d, Lrrk2, Lrrn1, Lrrn3, Lrrtm1, Lrrtm2, Lrrtm3, Lrrtm4, Lrsam1, Lrtm1, Lrtm2, Lsg1, Lsm14a, Lsm14b, Lsm2, Lsm3, Lsm4, Lsm6, Lsr, Ltbp4, LTO1, Ltv1, Luc7l, Luc7l2, Luc7l3, Luzp1, Lyar, Lyrm2, Lyrm4, Lyrm7, Lzts1, Lzts2, Lzts3, Macf1, Macir, Macroh2a1, Macroh2a2, Mad2l2, Mafb, Mag, Magi2, Mak, Mak16, Malsu1, Map10, Map1b, Map1lc3a, Map1lc3b, Map2, Map3k1, Map3k7, Map4, Map4k4, Map7d3, Map9, Mapk15, Mapk3, Mapk8, Mapk9, Mapre1, Mapre2, Mapre3, Mapt, Marchf7, Marcks, Mark1, Mark4, Marveld2, Marveld3, Mat1a, Mat2a, Mavs, Max, Mbd2, Mbl1, Mbnl1, Mcat, Mcidas, Mcm2, Mcmdc2, Mcoln1, Mcts1, Mcts2, Mcu, Mdga1, Mdga2, Mdm1, Mdm2, Mdm4, Mdn1, Me1, Mecp2, Med1, Med10, Med11, Med14, Med15, Med16, Med17, Med18, Med19, Med20, Med21, Med22, Med23, Med24, Med25, Med26, Med27, Med28, Med29, Med30, Med31, Med4, Med6, Med7, Med8, Med9, Mef2a, Mef2c, Mefv, Megf8, Megf9, Meig1, Meioc, Met, Mettl15, Mettl16, Mettl17, Mettl18, Mettl5, Mfap4, Mfn2, Mfsd14a, Mfsd2a, Mfsd8, Mgp, Mgrn1, Micall2, Micu1, Mid1ip1, Mien1, Mif, Mios, Mip, Mir129-2, Mir34b, Mir34c, Mir449a, Mir449b, Mir449c, Mis12, Mis18a, Misfa, Misp, Mitf, Mkks, Mks1, Mlh1, Mlh3, Mlkl, Mlst8, Mmp14, Mmp1a, Mmp1b, Mmp3, Mndal, Mns1, Moap1, Mobp, Mospd2, Mpdz, Mphosph10, Mphosph6, Mphosph9, Mpp2, Mpp7, Mpv17l, Mpv17l2, Mrm1, Mrm2, Mrm3, Mrpl10, Mrps2, Mrps7, Mrto4, Ms4a1, Msh5, Msn, Msrb1, Msrb2, Mstn, mt-Co3, mt-Nd1, mt-Nd2, mt-Nd4, mt-Nd5, mt-Nd6, mt-Rnr1, mt-Rnr2, Mterf3, Mterf4, Mtln, Mtm1, Mtmr2, Mtmr3, Mtor, Mtpn, Mtrex, Mtss1, Mtss2, Mttp, Musk, Myadm, Mybbp1a, Mybl2, Mybpc1, Mybpc2, Mybpc3, Mybph, Mycbp2, Myd88, Myg1, Myh10, Myh11, Myh6, Myh9, Myl2, Myl9, Mylk, Mylk3, Myo10, Myo1a, Myo1b, Myo1c, Myo3a, Myo3b, Myo5a, Myo5b, Myo6, Myo7a, Myo7b, Myo9a, Myoc, Myom1, Myom2, Myom3, Myoparr, Myoz1, Myoz2, Mypn, Mzb1, Mzt1, Naa60, Nacc2, Nae1, Naf1, Nap1l1, Nap1l2, Nap1l3, Nap1l4, Nap1l5, Napa, Napb, Nasp, Nat10, Nav3, Nbdy, Nbn, Ncam1, Ncbp1, Nck1, Nck2, Nckap1, Nckap1l, Nckipsd, Ncl, Ncln, Ncmap, Ncor1, Ndc1, Ndc80, Nde1, Ndel1, Ndor1, Ndufa1, Ndufa10, Ndufa11, Ndufa11b, Ndufa12, Ndufa13, Ndufa2, Ndufa3, Ndufa5, Ndufa6, Ndufa8, Ndufa9, Ndufab1, Ndufab1-ps, Ndufaf1, Ndufaf2, Ndufaf3, Ndufaf4, Ndufaf5, Ndufaf6, Ndufaf7, Ndufaf8, Ndufb1, Ndufb10, Ndufb11, Ndufb11b, Ndufb2, Ndufb3, Ndufb4, Ndufb4b, Ndufb4c, Ndufb5, Ndufb6, Ndufb7, Ndufb8, Ndufb9, Ndufc1, Ndufc2, Ndufs1, Ndufs2, Ndufs3, Ndufs4, Ndufs5, Ndufs6, Ndufs7, Ndufs8, Neat1, Neb, Nebl, Nectin1, Nectin2, Nectin3, Nedd1, Nedd4l, Nedd8, Nefh, Nefl, Nefm, Negr1, Nek1, Nek2, Nek7, Nemf, Neurl1a, Neurl2, Nf2, Nfasc, Nfkbiz, Nfs1, Nfu1, Ngdn, Ngrn, Nherf1, Nhp2, Nin, Ninj1, Nip7, Nkx2-5, Nle1, Nlgn1, Nlgn2, Nlgn3, Nlgn4l, Nlrc3, Nlrc4, Nlrp1a, Nlrp1b, Nlrp3, Nlrp5, Nlrp6, Nmd3, Nme5, Nme7, Nme8, Noa1, Nob1, Noc2l, Noc4l, Noct, Nol10, Nol11, Nol3, Nol6, Nol7, Nol8, Nol9, Nom1, Nop10, Nop14, Nop16, Nop2, Nop53, Nop56, Nop58, Nop9, Nopchap1, Notch1, Noto, Nox1, Nox4, Npas4, Nphp1, Nphp3, Nphp4, Nphs1, Npm1, Npm3, Nptn, Nptx1, Nptxr, Nr1h2, Nr1h4, Nr4a1, Nrap, Nrg1, Nrg2, Nrg3, Nrp1, Nrxn1, Nrxn2, Nrxn3, Nsa2, Nsfl1c, Nsg1, Nsg2, Nsun3, Nsun4, Nsun5, Ntn1, Ntn4, Ntng2, Ntrk1, Ntrk2, Ntrk3, Nubp1, Nubp2, Nubpl, Nudcd3, Nudt16, Nudt21, Nufip1, Numa1, Numb, Numbl, Nup107, Nup153, Nup205, Nup210, Nup62, Nup85, Nup88, Nup93, Nup98, Nupr1, Nvl, Oas1a, Oas1b, Oas1c, Oas1d, Oas1e, Oas1f, Oas1g, Oas1h, Ocel1, Ocln, Ocrl, Odad1, Odad2, Odad3, Odad4, Odf2, Odf2l, Ofd1, Ogfod1, Ogt, Oip5, Oma1, Onecut1, Onecut2, Ooep, Opa1, Ophn1, Oprd1, Orc4, Ormdl1, Ormdl2, Ormdl3, Osbpl2, Otof, Otol1, Otud6b, Otx2, Oxa1l, Oxt, Oxtr, P2rx3, P2rx7, P2ry12, Pa2g4, Pacs2, Pacsin2, Padi4, Pafah1b1, Pak1, Pak1ip1, Pak2, Pak3, Palm, Pals1, Pan2, Pan3, Paqr4, Pard3, Pard6b, Park7, Parva, Parvb, Parvg, Patj, Patl1, Patl2, Pawr, Pcdh15, Pcdh17, Pcdhga3, Pclo, Pcm1, Pcnt, Pcsk5, Pdcd10, Pdcd11, Pdcd6, Pdcd6ip, Pdcl, Pdcl2, Pde4d, Pde4dip, Pdgfa, Pdgfb, Pdgfc, Pdgfra, Pdgfrb, Pdia3, Pdlim1, Pdlim4, Pdlim5, Pdpk1, Pdxp, Pdzd11, Peak1, Pecam1, Pef1, Peg10, Pelp1, Pes1, Pet100, Pet117, Pex11a, Pex14, Pex16, Pex19, Pex3, Pex5, Pf4, Pfdn5, Pfdn6, Pfn1, Pfn2, Pfn3, Pfn4, Pgm5, Phactr1, Phf23, Phldb1, Phldb2, Pias1, Pibf1, Picalm, Pierce1, Pierce2, Piezo1, Pih1d1, Pih1d2, Pik3c3, Pik3r1, Pik3r2, Pikfyve, Pin4, Pink1, Pip4k2a, Pip4k2b, Pip4k2c, Pip4p1, Pip5k1a, Pisd, Pkd1, Pkd2, Pkd2l1, Pkhd1, Pkm, Pkn2, Pkp1, Pkp2, Pkp3, Pkp4, Pla2g3, Pla2g4c, Pla2g5, Pla2g6, Plagl2, Plce1, Plcg2, Pld1, Pld6, Plec, Plek, Plek2, Plekha7, Plekhg2, Plekhm1, Plk1, Plk2, Plk4, Pln, Plod3, Plppr5, Pls1, Pls3, Plxna1, Plxna2, Plxna3, Plxna4, Plxnb1, Plxnb2, Plxnb3, Plxnc1, Plxnd1, Pmfbp1, Pml, Pmp22, Pno1, Pnpt1, Poc1a, Poc1b, Podxl, Pof1b, Pogz, Poldip2, Pole3, Polq, Polr1b, Polr1e, Pomp, Pop4, Pop5, Pop7, Pot1a, Pot1b, Ppan, Pparg, Ppfia1, Ppid, Ppm1e, Ppm1f, Ppp1r16b, Ppp1r35, Ppp1r9a, Ppp1r9b, Ppp2ca, Ppp2r1a, Ppp2r1b, Ppp2r5b, Pqbp1, Prc1, Prdx6, Preb, Prex1, Prf1, Prickle1, Prickle2, Prkaa1, Prkaa2, Prkaca, Prkar1a, Prkca, Prkcd, Prkce, Prkch, Prkcq, Prkcz, Prkcz2, Prkd1, Prkdc, Prkn, Prkra, Prl2c2, Prlr, Prmt1, Prmt5, Prmt7, Prmt8, Prnd, Prnp, Prox1, Prpf18, Prpf19, Prpf3, Prpf31, Prpf39, Prpf4b, Prpf6, Prpf8, Prph2, Prrc2c, Prrt2, Prune1, Prx, Psap, Psd, Psen1, Psip1, Psmc5, Psmc6, Psmd10, Psmd11, Psmd5, Psmd9, Psmg1, Psmg2, Psmg3, Psmg4, Pspc1, Psrc1, Ptbp2, Pten, Ptger4, Ptges3, Ptges3-ps, Ptges3l, Ptk2, Ptk2b, Ptpdc1, Ptpn1, Ptpn11, Ptpn13, Ptpn22, Ptpn23, Ptpra, Ptprd, Ptprj, Ptprk, Ptpro, Ptprs, Puf60, Pum2, Pwp1, Pwp2, Pxdn, Pxn, Pycard, Qrich2, Qsox1, Rab11a, Rab11fip3, Rab13, Rab14, Rab17, Rab19, Rab1a, Rab1b, Rab20, Rab23, Rab27a, Rab29, Rab32, Rab33a, Rab33b, Rab34, Rab38, Rab39, Rab3a, Rab3gap1, Rab3gap2, Rab3ip, Rab43, Rab5a, Rab5if, Rab7, Rab7b, Rab8a, Rabep2, Rabl2, Rac1, Rac2, Rac3, Racgap1, Rack1, Rad21l, Rad51, Rad51c, Rad52, Raf1, Rala, Ralb, Ramp2, Ran, Rangrf, Rap1a, Rap1b, Rap1gap, Rap1gds1, Rap2a, Rapgef1, Rapgef2, Rapgef3, Rapgef6, Rasa1, Rasip1, Rasl2-9, Rb1cc1, Rbbp4, Rbfa, Rbis, Rbm10, Rbm14, Rbm34, Rbm5, Rbmx, Rbmxl1, Rbpms, Rc3h1, Rcc1, Rcc1l, Rcc2, Rcl1, Rdx, Rec8, Reep3, Reep4, Reln, Rest, Rexo1, Rexo4, Rexo5, Rftn1, Rfx2, Rfx3, Rfx4, Rgcc, Rho, Rhoa, Rhoc, Rhod, Rhog, Rhoq, Rhpn1, Rhpn2, Ric3, Rictor, Rilp, Rilpl1, Rilpl2, Rims1, Rims2, Rims3, Riok1, Riok2, Riok3, Riox1, Riox2, Ripk1, Ripk2, Ripor2, Rnasel, Rnf112, Rnf135, Rnf186, Rnf212, Rnf212b, Rnf213, Rnf4, Rnf5, Ro60, Robo1, Rock1, Rock2, Rom1, Rp1, Rp1l1, Rpf1, Rpf2, Rpgr, Rpgrip1, Rpgrip1l, Rph3a, Rpl10l, Rpl11, Rpl13a, Rpl14, Rpl24, Rpl26, Rpl27, Rpl35, Rpl35a, Rpl38, Rpl5, Rpl7, Rpl7a, Rpl7l1, Rplp0, Rpp25, Rpp30, Rpp38, Rpp40, Rps11, Rps12, Rps13, Rps14, Rps15, Rps15a, Rps16, Rps17, Rps19, Rps19bp1, Rps21, Rps23, Rps24, Rps25, Rps27, Rps27a, Rps27l, Rps27rt, Rps28, Rps3, Rps3a1, Rps4x, Rps5, Rps6, Rps6-ps4, Rps7, Rps8, Rps9, Rpsa, Rpusd1, Rpusd2, Rpusd4, Rrm1, Rrm2, Rrn3, Rrp1, Rrp15, Rrp1b, Rrp36, Rrp7a, Rrp8, Rrp9, Rrs1, Rs1, Rsf1, Rsl24d1, Rsph1, Rsph4a, Rsph6a, Rsph9, Rsrp1, Rtel1, Rtkn, Rtn1, Rtn2, Rtn3, Rtn4, Rtn4r, Rttn, Rufy4, Ruvbl1, Ruvbl2, Ryr1, Ryr3, S100a10, S1pr1, S1pr2, Sac3d1, Sacs, Samd1, Samd8, Samhd1, Samm50, Samt1b, Samt1d, Samt2, Samt2b, Samt3, Samt4, Sar1a, Sar1b, Sart1, Sart3, Sass6, Saxo1, Sbds, Scaf11, Scara5, Scfd1, Scin, Sclt1, Sco1, Sco2, Sdad1, Sdc1, Sdc4, Sdcbp, Sdccag8, Sde2, Sdhaf1, Sdhaf2, Sdhaf3, Sdhaf4, Sdk1, Sdk2, Sds, Sec16a, Sec22b, Sec23ip, Selenon, Selp, Sem1, Sema4a, Sema4c, Sema4d, Senp6, Septin1, Septin2, Septin7, Septin8, Septin9, Serinc1, Serpine2, Serpinf2, Set, Setd5, Setx, Sf3a1, Sf3a2, Sf3a3, Sf3b1, Sfswap, Sgk1, Sgta, Sgtb, Sh2b1, Sh3bp1, Sh3gl2, Sh3glb1, Sh3pxd2b, Sh3yl1, Shank1, Shank2, Shank3, Shkbp1, Shmt1, Shmt2, Shoc1, Shprh, Shq1, Shroom1, Shtn1, Sigmar1, Sipa1l1, Sirt2, Sirt3, Sirt7, Six1, Six4, Ska1, Ska2, Ska3, Skap1, Ski, Slain1, Slain2, Slc12a5, Slc1a2, Slc1a5, Slc24a2, Slc25a33, Slc25a46, Slc2a1, Slc31a1, Slc39a12, Slc39a9, Slc9a1, Slc9a8, Slf1, Slf2, Slit1, Slit2, Slitrk1, Slitrk2, Slitrk3, Slitrk4, Slitrk5, Slitrk6, Slk, Slu7, Slx1b, Slx4, Slx9, Smad3, Smad4, Smad7, Smarca2, Smarca4, Smarca5, Smarcb1, Smc1a, Smc3, Smcr8, Smim20, Smim22, Smn1, Smpd3, Smurf1, Smyd3, Snai1, Snai2, Snap23, Snap25, Snap29, Snap47, Snap91, Snca, Sncaip, Snf8, Snhg15, Snrnp200, Snrpb, Snrpc, Snrpd1, Snrpd2, Snrpd3, Snrpe, Snrpert, Snrpf, Snrpg, Snu13, Snupn, Snx10, Snx18, Snx30, Snx4, Snx7, Snx9, Soat1, Soat2, Sod2, Sorbs1, Sorbs3, Sorl1, Sost, Sox30, Sox9, Spaca1, Spaca9, Spag1, Spag16, Spag17, Spag5, Spag6, Spag6l, Spast, Spata13, Spata6, Spef1, Spef2, Spg11, Sphk1, Sphk2, Spice1, Spidr, Spink2, Spire1, Spire2, Spmip6, Spo11, Spp2, Sppl2c, Spta1, Sptan1, Sptb, Sptbn1, Sptbn2, Sptbn4, Spty2d1, Sqle, Sqstm1, Src, Srcin1, Srf, Srfbp1, Srgap2, Srgap3, Srp19, Srpk1, Srpk2, Srpk3, Srpra, Srprb, Srpx, Srpx2, Srsf1, Srsf10, Srsf12, Srsf6, Ssbp1, Ssbp3, Ssh1, Ssh2, Ssh3, Ssna1, Ssrp1, Ssx2ip, St8sia2, Stag1, Stag2, Stam, Stap1, Stard9, Stau2, Stbd1, Steap3, Steap4, Stil, Sting1, Stk25, Stk26, Stk3, Stk33, Stk36, Stk4, Stmn1, Stmn2, Stmp1, Stoml2, Ston1, Strap, Stub1, Stx12, Stx17, Stx18, Stx1a, Stx1b, Stx2, Stx4a, Stx7, Stxbp1, Stxbp5, Stxbp6, Styxl1, Sub1, Sugt1, Sumo1, Sun5, Supt16, Surf1, Surf6, Suv39h1, Sv2a, Svil, Svip, Swap70, Syce1, Syce1l, Syce2, Syce3, Sycp1, Sycp3, Syde1, Syk, Syndig1, Syne1, Syne2, Syngr3, Synj1, Synpo, Synpo2, Synpo2l, Syp, Syt1, Syt11, Syt7, Tac1, Taco1, Tacr1, Tacstd2, Taf1, Taf10, Taf11, Taf12, Taf13, Taf1b, Taf1c, Taf2, Taf3, Taf4, Taf4b, Taf5, Taf6, Taf6l, Taf7, Taf7l, Taf8, Taf9, Tafazzin, Tal1, Taok2, Tap2, Tapbp, Tapbpl, Tapt1, Tarbp2, Tbc1d12, Tbc1d14, Tbc1d20, Tbc1d21, Tbc1d30, Tbc1d31, Tbc1d32, Tbc1d7, Tbca, Tbcb, Tbcc, Tbcd, Tbce, Tbcel, Tbl3, Tbp, Tbpl1, Tbx5, Tcap, Tcf4, Tchp, Tcirg1, Tcra, Tctn1, Tctn2, Tctn3, Tdo2, Tdrd1, Tdrd5, Tdrd6, Tdrd7, Tdrkh, Tead1, Tead2, Tek, Tekt1, Tekt2, Tekt3, Tekt4, Tekt5, Tenm1, Tenm2, Tenm4, Tent4b, Terb2, Terf1, Terf2, Tesk1, Tesk2, Tespa1, Tex11, Tex12, Tex15, Tfam, Tfap4, Tfb1m, Tfb2m, Tfip11, Tfrc, Tgfb1, Tgfb3, Tgfbr1, Tgfbr3, Tgm2, Tgtp1, Tgtp2, Thbs2, Thg1l, Thra, Thsd1, Thsd4, Thy1, Tia1, Tiam1, Ticam1, Tie1, Tifa, Timm21, Timmdc1, Tinf2, Tirap, Tjp1, Tk1, Tlcd1, Tlcd2, Tln1, Tlr2, Tlr4, Tlr6, Tm9sf4, Tma16, Tmc8, Tmeff2, Tmem107, Tmem120a, Tmem120b, Tmem126a, Tmem126b, Tmem138, Tmem17, Tmem170, Tmem175, Tmem177, Tmem186, Tmem199, Tmem216, Tmem223, Tmem231, Tmem237, Tmem242, Tmem35a, Tmem39a, Tmem41b, Tmem67, Tmem70, Tmem80, Tmem9, Tmf1, Tmigd1, Tmod1, Tmod2, Tmod3, Tmod4, Tmprss12, Tmsb15b2, Tmsb15l, Tnf, Tnfaip1, Tnfsf18, Tnik, Tnnt1, Tnnt2, Tnnt3, Tnrc6a, Tns1, Tns3, Tnxb, Togaram1, Tom1, Tpbg, Tpgs1, Tpm1, Tppp, Tppp2, Tppp3, Tpr, Tpx2, Trabd2b, Traf2, Traf3ip1, Traf6, Trappc1, Trappc11, Trappc12, Trappc14, Trappc2, Trappc2l, Trappc3, Trappc4, Trappc5, Trappc6a, Trem2, Trhr, Trim11, Trim30a, Trim31, Trim32, Trim37, Trim47, Trim6, Trim65, Trim72, Trim9, Trip13, Trmt112, Trmt2b, Trp53, Trp53bp1, Trp53inp1, Trp53inp2, Trp63, Trp73, Trpa1, Trpm1, Trpm2, Trpm4, Trpm6, Trpm7, Trpv1, Trpv4, Trpv5, Trpv6, Tsc1, Tsg101, Tsga10, Tspan33, Tspan4, Tspyl1, Tspyl2, Tspyl4, Tspyl5, Tsr1, Tsr2, Tsr3, Tssc4, Ttbk1, Ttbk2, Ttc12, Ttc17, Ttc19, Ttc21b, Ttc39c, Ttc8, Ttll1, Ttll3, Ttll5, Ttll8, Ttn, Ttyh1, Tuba1a, Tubb1, Tubb4a, Tubb5, Tubg1, Tubg2, Tubgcp2, Tubgcp3, Tubgcp4, Tubgcp5, Tubgcp6, Twf1, Twf2, Twnk, Txndc15, U2af2, Ubap2l, Ubd, Ube2b, Ube2c, Ube2k, Ube2m, Ube2s, Ube2srt, Ube2v2, Ube3b, Ublcp1, Ubn1, Ubqln1, Ubqln2, Ubxn10, Ubxn2a, Ubxn2b, Ugcg, Ugdh, Ugt8a, Uhrf1, Ulk1, Ulk2, Ulk3, Ulk4, Unc119b, Unc13a, Unc13b, Unc13c, Unc13d, Upb1, Uqcc1, Uqcc2, Uqcc3, Uqcc4, Uqcc5, Uqcc6, Uqcrc1, Urb1, Urb2, Ush1c, Usp10, Usp16, Usp17le, Usp36, Usp39, Usp4, Usp50, Usp9x, Utp11, Utp14a, Utp14b, Utp15, Utp18, Utp20, Utp23, Utp25, Utp3, Utp4, Utp6, Uvrag, Vamp1, Vamp2, Vamp3, Vamp4, Vamp7, Vamp8, Vangl2, Vasp, Vav2, Vav3, Vbp1, Vcl, Vcp, Vcpip1, Vdac2, Vdac3, Vegfa, Vil1, Vill, Vldlr, Vma21, Vmp1, Vps11, Vps13b, Vps35, Vps4a, Vps4b, Vstm5, Vtn, Vwa1, Wars1, Was, Wasf2, Wasf3, Washc1, Washc3, Washc5, Wasl, Wbp11, Wbp2nl, Wdcp, Wdpcp, Wdr1, Wdr11, Wdr12, Wdr18, Wdr19, Wdr3, Wdr35, Wdr36, Wdr43, Wdr44, Wdr45, Wdr45b, Wdr46, Wdr55, Wdr62, Wdr72, Wdr74, Wdr75, Wdr77, Wdr90, Wee2, Whamm, Wipi1, Wipi2, Wnk1, Wnk3, Wnt1, Wnt10b, Wnt11, Wnt3a, Wnt4, Wnt5a, Wnt7a, Wrap53, Wrap73, Wsb1, Wwtr1, Xab2, Xaf1, Xdh, Xirp1, Xlr3b, Xpo1, Xrcc3, Xrcc5, Yap1, Ybey, Yif1b, Yju2, Yme1l1, Ythdc1, Ythdf1, Ythdf2, Ythdf3, Ywhaz, Zar1, Zbtb1, Zc3h12a, Zcchc4, Zdhhc1, Zdhhc12, Zdhhc2, Zdhhc5, Zdhhc8, Zeb2, Zfp148, Zfp207, Zfp423, Zfp593, Zfp616, Zfp622, Zfp658, Zfp703, Zfp735, Zfp746, Zfp750, Zfp777, Zfp827, Zfyve1, Zfyve27, Zmynd10, Zmynd12, Zmynd8, Znhit3, Znhit6, Zpbp, Zpbp2, Zrsr2, Zw10, Zyx
GO:0017148	negative regulation of translation	149	10	2.17	7.0e-05	0.013684556962025316	Ago1, Ago2, Ago3, Ago4, Ajuba, Alkbh3, Ang, Ang3, Bank1, Bc1, Btg2, Calr, Caprin1, Caprin2, Cirbp, Cnot1, Cnot10, Cnot9, Cpeb1, Cpeb2, Cpeb3, Cpeb4, Cyfip1, D1Pas1, Dap, Dapk1, Dapk3, Dapl1, Ddx3x, Ddx6, Dhx36, Eif2a, Eif2ak1, Eif2ak2, Eif2ak3, Eif2ak4, Eif2s1, Eif4a3, Eif4a3l1, Eif4a3l2, Eif4e, Eif4e2, Eif4ebp1, Eif4ebp2, Eif4ebp3, Eif4enif1, Eif4g1, Eif6, Enc1, Eprs1, Ern1, Fmr1, Fxr1, Gapdh, Gapdh-ps15, Gapdhrt, Gapdhrt2, Gigyf2, Grb7, Gzmb, Gzmc, Gzmn, Habp4, Ifrd2, Igf2bp1, Igf2bp2, Igfbp5, Ilf3, Inpp5e, Ireb2, Larp1, Limd1, Lin28a, Lsm14a, Malsu1, Map3k20, Mir1247, Mir125a, Mir129, Mir135a-1, Mir143, Mir186, Mir1a-1, Mir3960, Mir448, Mir7116, Mir7b, Mir875, Mir9-1, Mirlet7b, Mirlet7g, Mrpl13, Mvk, Nanos1, Nanos2, Nanos3, Ncl, Nmnat2, Otud6b, Paip2, Paip2b, Parp16, Patl1, Patl2, Pcif1, Pml, Prg3, Prkca, Prkch, Pura, Pus7, Qki, Rack1, Rara, Rbm24, Rbm4, Rgs2, Rida, Rnf139, Rpl13a, Rps3, Samd4, Samd4b, Scrib, Serbp1, Sesn2, Shfl, Shmt1, Srp9, Syncrip, Tia1, Tnrc6a, Tnrc6b, Tob1, Tpr, Trim71, Tsc1, Tyms, Unk, Wfs1, Wt1, Wtip, Xrn1, Ybx1, Ybx2, Zar1, Zar1l, Zfp36, Zfp598
GO:0048731	system development	4417	94	64.34	7.5e-05	0.01447875	2510009E07Rik, 2610005L07Rik, 2610042L04Rik, 2810429I04Rik, 9630013A20Rik, A2m, A830082K12Rik, Aacs, Aars1, Aatk, Abat, Abca12, Abca2, Abca3, Abcb1a, Abcb1b, Abcb5, Abcb6, Abcc1, Abcc8, Abcc9, Abcd1, Abcd2, Abi1, Abi2, Abi3, Abi3bp, Abitram, Abl1, Abl2, Ablim1, Abr, Abt1, Acacb, Acadm, Acan, Acap3, Acat1, Acd, Ace, Acer3, Ache, Ackr3, Aco2, Acod1, Acp2, Acp4, Acp5, Acsl3, Acsl4, Acsl6, Acta2, Actb, Actbl2, Actc1, Acte1, Actg1, Actl6a, Actl6b, Actn2, Actn3, Actn4, Actr2, Actr3, Acvr1, Acvr1b, Acvr1c, Acvr2a, Acvr2b, Acvrl1, Ada, Adam10, Adam12, Adam15, Adam17, Adam18, Adam19, Adam1a, Adam1b, Adam2, Adam20, Adam21, Adam22, Adam24, Adam25, Adam26a, Adam26b, Adam29, Adam3, Adam30, Adam32, Adam34, Adam34l, Adam39, Adam4, Adam5, Adam6a, Adam6b, Adam8, Adamts1, Adamts12, Adamts16, Adamts18, Adamts19, Adamts2, Adamts5, Adamts6, Adamts7, Adamts9, Adamtsl2, Adap2, Adar, Adarb1, Adcy1, Adcy10, Adcy6, Adcyap1, Add1, Add2, Adgra2, Adgrb1, Adgrb2, Adgrb3, Adgrd1, Adgre5, Adgrf1, Adgrf4, Adgrf5, Adgrg1, Adgrg4, Adgrg6, Adgrl1, Adgrl2, Adgrl3, Adgrl4, Adgrv1, Adipoq, Adipor2, Adm, Adm2, Adnp, Adnp2, Adora2a, Adprhl1, Adra1a, Adra1b, Adra2b, Adra2c, Adrb1, Adrb2, Adrm1, Adtrp, Afdn, Afg2a, Afg3l2, Afp, Agbl4, Ager, Aggf1, Ago1, Ago2, Ago4, Agr2, Agrn, Agt, Agtpbp1, Agtr1a, Agtr1b, Agtr2, Ahi1, Ahr, Ahsg, Aicda, Aifm1, Aim2, Aimp1, Aimp2, Aire, Ak7, Ak8, Akap13, Akap5, Akap6, Akap9, Akirin2, Akna, Akp3, Akr1b1, Akt1, Akt2, Akt3, Alcam, Aldh1a1, Aldh1a2, Aldh1a3, Aldh3a2, Aldh5a1, Alg10b, Alk, Alkal1, Alkal2, Alkbh1, Alms1, Alox5, Alpk2, Alpk3, Alpl, Als2, Alx1, Alx3, Alx4, Ambra1, Amer1, Amh, Amhr2, Amigo1, Amigo2, Amigo3, Amot, Amotl1, Amotl2, Ampd2, Anapc2, Anapc7, Ang, Ang2, Ang3, Ang4, Ang5, Ang6, Angpt1, Angpt2, Angpt4, Angptl3, Angptl4, Angptl6, Angptl7, Ank2, Ank3, Ankle2, Ankrd1, Ankrd11, Ankrd17, Ankrd24, Ankrd27, Anks1, Anks6, Ano1, Ano6, Anp32b, Anpep, Antxr1, Antxr2, Anxa1, Anxa2, Anxa3, Anxa4, Anxa7, Ap1b1, Ap2a1, Ap2b1, Ap3b1, Ap5z1, Apaf1, Apbb1, Apbb2, Apc, Apc2, Apcdd1, Apela, Aph1a, Aph1c, Aplf, Apln, Aplnr, Aplp1, Aplp2, Apoa1, Apoa4, Apob, Apod, Apoe, Apoh, Apold1, App, Appl2, Aqp1, Aqp11, Aqp2, Aqp5, Ar, Arc, Arcn1, Areg, Arf1, Arf4, Arf6, Arfgef1, Arg2, Arhgap22, Arhgap24, Arhgap32, Arhgap33, Arhgap35, Arhgap4, Arhgap44, Arhgef10, Arhgef15, Arhgef2, Arhgef25, Arhgef28, Arhgef7, Arhgef9, Arid1a, Arid1b, Arid2, Arid4a, Arid4b, Arid5a, Arid5b, Ark2c, Arl13b, Arl3, Arl6, Armc5, Arnt2, Arrb1, Arrb2, Arsb, Arsg, Artn, Arx, Asah1, Asap1, Asb1, Asb2, Asb4, Ascl1, Ascl2, Ascl3, Ash1l, Asic1, Asic2, Asl, Asmt, Asns, Aspa, Aspm, Ass1, Astn1, Astn2, Asxl1, Asxl2, Atad5, Atat1, Atcay, Atf1, Atf2, Atf4, Atf5, Atf6, Atf7, Atg16l1, Atg5, Atg7, Atg9a, Atg9b, Atic, Atl1, Atm, Atn1, Atoh1, Atoh7, Atoh8, Atp1a2, Atp1a3, Atp1b2, Atp2b2, Atp2b4, Atp5f1b, Atp6ap1, Atp6ap2, Atp7a, Atp8a2, Atp8b1, Atp9a, Atrn, Atrx, Atxn1, Atxn10, Atxn1l, Atxn2, AU040320, Aurka, Auts2, Avil, Avpr1a, Avpr2, AW551984, Axin1, Axin2, Axl, B2m, B3glct, B3gnt2, B3gnt5, B4galnt1, B4galt1, B4galt2, B4galt5, B4galt6, B4gat1, B9d1, Baat, Bad, Bag1, Bag3, Bag5, Bag6, Bahcc1, Baiap2, Bak1, Barhl1, Barhl2, Barx1, Barx2, Basp1, Batf, Bax, Bbln, Bbs1, Bbs10, Bbs2, Bbs4, Bbs7, Bbx, BC028528, Bcam, Bcan, Bcar3, Bcas1, Bcas2, Bcas3, Bccip, Bche, Bcl10, Bcl11a, Bcl11b, Bcl2, Bcl2l1, Bcl2l11, Bcl2l2, Bcl3, Bcl6, Bcl7a, Bcor, Bcr, Bdnf, Becn1, Bend6, Bex1, Bfsp1, Bfsp2, Bglap, Bglap2, Bglap3, Bgn, Bhlha15, Bhlhb9, Bhlhe22, Bhlhe23, Bhlhe40, Bhlhe41, Bicc1, Bicdl1, Bik, Bin1, Birc7, Bloc1s1, Bloc1s2, Bloc1s3, Bloc1s4, Bloc1s5, Bloc1s6, Bmal1, Bmerb1, Bmi1, Bmncr, Bmp1, Bmp10, Bmp2, Bmp3, Bmp4, Bmp5, Bmp6, Bmp7, Bmp8a, Bmp8b, Bmper, Bmpr1a, Bmpr1b, Bmpr2, Bnc2, Bnip2, Bnip3, Boc, Bok, Borcs5, Borcs7, Borcs8, Bpgm, Bpnt2, Bptf, Braf, Brca1, Brca2, Brd2, Brinp1, Brinp2, Brinp3, Brip1, Brpf1, Brsk1, Brsk2, Bsg, Bsn, Bsx, Btbd1, Btbd2, Btbd3, Btbd6, Btbd7, Btg1, Btg2, Bvht, C1galt1, C1qa, C1ql1, C1ql2, C1ql3, C2cd3, C3, C3ar1, C5ar1, C9orf72, Cables1, Cabp4, Cacna1a, Cacna1c, Cacna1f, Cacna1s, Cacnb4, Cacng7, Cacybp, Cad, Cadm1, Calb1, Calcrl, Calr, Camk1, Camk1d, Camk2a, Camk2b, Camk2d, Camk2g, Camp, Camsap1, Camsap2, Camsap3, Capg, Caprin1, Caprin2, Card10, Carm1, Carmil2, Carmil3, Cask, Caskin1, Casp2, Casp3, Casp6, Casp7, Casp8, Casp9, Casz1, Cat, Cav1, Cav3, Cavin4, Cbfa2t2, Cbl, Cblb, Cbln1, Cbln2, Cbln4, Cbs, Cby1, Cc2d1a, Cc2d2a, Ccbe1, Ccdc103, Ccdc134, Ccdc141, Ccdc154, Ccdc182, Ccdc39, Ccdc40, Ccdc85c, Ccdc88a, Cck, Cckar, Cckbr, Ccl11, Ccl12, Ccl2, Ccl21a, Ccl24, Ccl3, Ccl5, Ccm2, Ccm2l, Ccn1, Ccn2, Ccn3, Ccn4, Ccn6, Ccnb1, Ccnb2, Ccnd1, Ccnd2, Ccr2, Ccr3, Ccr4, Ccr5, Ccr6, Ccr7, Cd160, Cd248, Cd24a, Cd28, Cd2ap, Cd34, Cd36, Cd38, Cd3e, Cd40, Cd40lg, Cd44, Cd47, Cd59a, Cd86, Cd9, Cd93, Cdc20, Cdc27, Cdc42, Cdh1, Cdh11, Cdh13, Cdh17, Cdh2, Cdh23, Cdh4, Cdh5, Cdh9, Cdhr1, Cdk1, Cdk16, Cdk18, Cdk20, Cdk5, Cdk5r1, Cdk5r2, Cdk5rap2, Cdk5rap3, Cdk6, Cdkl3, Cdkl5, Cdkn1a, Cdkn1b, Cdkn1c, Cdkn2a, Cdkn2b, Cdkn2c, Cdnf, Cdon, Cdx1, Cdx2, Cdx4, Ceacam1, Ceacam2, Cebpa, Cebpb, Cebpg, Cecr2, Cela1, Celf1, Celf4, Celsr1, Celsr2, Celsr3, Cemip2, Cend1, Cep120, Cep290, Cep85, Cep85l, Cer1, Cers1, Cers2, Cert1, Cfap418, Cfap43, Cfc1, Cfd, Cfh, Cfl1, Cflar, Cftr, Cga, Chac1, Chad, Chadl, Chaserr, Chat, Chd4, Chd5, Chd7, Chd8, Chi3l1, Chl1, Chm, Chn1, Chodl, Chrd, Chrdl1, Chrdl2, Chrna3, Chrna7, Chrnb2, Chst11, Chsy1, Cib1, Cic, Cimap3, Cip2a, Cit, Cited1, Cited2, Ckap5, Clasp2, Clcf1, Clcn2, Clcnka, Cldn1, Cldn11, Cldn18, Cldn19, Cldn3, Cldn5, Clec14a, Clec3b, Clic3, Clic4, Clic5, Clip1, Clmn, Clmp, Cln5, Cln8, Clock, Clp1, Clrn1, Clrn2, Clstn1, Clstn2, Clstn3, Clu, Cluap1, Cma1, Cmtm8, Cnga3, Cngb1, Cnmd, Cnp, Cnr1, Cntf, Cntn1, Cntn2, Cntn3, Cntn4, Cntn5, Cntn6, Cntnap1, Cntnap2, Cntnap4, Cntrl, Coa5, Cobl, Col10a1, Col11a1, Col11a2, Col13a1, Col14a1, Col18a1, Col1a1, Col1a2, Col25a1, Col27a1, Col2a1, Col3a1, Col4a1, Col4a2, Col4a3, Col4a4, Col5a1, Col5a2, Col6a1, Col8a1, Col8a2, Col9a1, Colq, Commd5, Comp, Comt, Cops2, Coq7, Coq8b, Corin, Coro1c, Cox7b, Cpb2, Cpe, Cpeb1, Cpeb3, Cplane1, Cplane2, Cplx2, Cpne1, Cpne5, Cpne6, Cpne9, Cps1, Cpt1a, Cr2, Crabp2, Crb1, Crb2, Creb1, Creb3l1, Creb3l2, Crebbp, Crh, Crhr1, Crhr2, Cript, Cripto, Crispld2, Crk, Crkl, Crlf1, Crmp1, Crp, Crppa, Crtac1, Crtc1, Crx, Cryaa, Cryab, Cryba1, Cryba2, Cryba4, Crybb1, Crybb2, Crybb3, Crybg3, Cryga, Crygb, Crygc, Crygd, Cryge, Crygf, Crygn, Crygs, Csf1, Csf1r, Csgalnact1, Csk, Csmd1, Csmd2, Csmd3, Csnk1d, Csnk2a1, Cspg4, Cspg5, Csrnp1, Csrp3, Cst5, Cst7, Ctc1, Ctcf, Ctdp1, Ctdsp1, Ctf1, Ctf2, Cth, Cthrc1, Ctnna1, Ctnna2, Ctnnb1, Ctnnbip1, Ctnnbl1, Ctnnd1, Ctnnd2, Ctns, Ctsc, Ctsh, Ctsk, Ctsl, Ctsz, Cttn, Cul3, Cul4b, Cul5, Cul7, Cux1, Cux2, Cwh43, Cx3cl1, Cx3cr1, Cxadr, Cxcl10, Cxcl12, Cxcl13, Cxcl17, Cxcl5, Cxcr2, Cxcr3, Cxcr4, Cxcr5, Cyb5d2, Cybb, Cyfip1, Cyfip2, Cyp19a1, Cyp1a1, Cyp1a2, Cyp1b1, Cyp26a1, Cyp26b1, Cyp26c1, Cyp27b1, Cyp4a10, Cyp4a12a, Cyp4a12b, Cyp4a14, Cyp4a29, Cyp4a30b, Cyp4a31, Cyp4a32, Cyp7b1, Cyren, Cys1, Cysltr1, Cysltr2, Cyth2, Cytl1, D130043K22Rik, D16Ertd472e, Daam2, Dab1, Dab2, Dab2ip, Dact1, Dact2, Dag1, Dagla, Daglb, Dand5, Daw1, Dbi, Dbn1, Dbndd2, Dbnl, Dbx1, Dcaf1, Dcc, Dcdc2a, Dchs1, Dchs2, Dclk1, Dclk2, Dclre1c, Dcn, Dct, Dctn1, Dctn5, Dcx, Ddah1, Ddc, Ddit3, Ddit4, Ddr1, Ddr2, Ddrgk1, Ddx39b, Ddx56, Ddx6, Deaf1, Degs1, Degs1l, Dennd5a, Dgkg, Dguok, Dhcr24, Dhcr7, Dhfr, Dhh, Dhrs3, Dhx30, Dhx36, Dhx37, Diaph1, Diaph2, Diaph3, Dicer1, Dio3, Dip2a, Dip2b, Dipk2a, Disc1, Disp1, Disp3, Dixdc1, Dkk1, Dkk3, Dlc1, Dleu2, Dlg1, Dlg2, Dlg3, Dlg4, Dlg5, Dlgap4, Dlk1, Dll1, Dll3, Dll4, Dlx1, Dlx1as, Dlx2, Dlx3, Dlx4, Dlx5, Dlx6, Dmbx1, Dmc1, Dmd, Dmrt1, Dmrt2, Dmrt3, Dmrta1, Dmrta2, Dmxl2, Dnaaf1, Dnaaf11, Dnaaf3, Dnaaf4, Dnah11, Dnah5, Dnai1, Dnajb11, Dnajc19, Dnajc19-ps, Dnajc30, Dner, Dnm1l, Dnm2, Dnm3, Dnm3os, Dnmt1, Dnmt3a, Dnmt3b, Dock1, Dock10, Dock4, Dock7, Dok4, Dok5, Dpcd, Dpf1, Dpf2, Dpf3, Dppa2, Dppa4, Dpysl2, Dpysl3, Dpysl5, Dram2, Draxin, Drc1, Drd1, Drd2, Drd3, Drgx, Drp2, Dscam, Dscaml1, Dsg2, Dsp, Dspp, Dst, Dtnb, Dtnbp1, Dtx1, Dubr, Duox2, Duoxa1, Dusp10, Dusp15, Dusp6, Dut, Dvl1, Dvl2, Dvl3, Dym, Dync1i2, Dync2h1, Dync2i1, Dynlt1a, Dynlt1b, Dynlt1c, Dynlt1f, Dyrk1a, Dysf, Dzank1, Dzip1, Dzip1l, E2f1, E2f2, E2f7, E2f8, Eaf2, Ebp, Ece1, Ecm1, Ecrg4, Ecscr, Ect2, Eda, Edar, Edaradd, Edn1, Edn2, Edn3, Ednra, Ednrb, Eed, Eef1ece2, Eef2k, Efemp1, Efemp2, Efhc1, Efhc2, Efhd1, Efna1, Efna2, Efna3, Efna4, Efna5, Efnb1, Efnb2, Efnb3, Egf, Egfl7, Egfl8, Egfr, Egln1, Egr1, Egr2, Egr3, Ehd1, Ehmt2, Eif2ak3, Eif2ak4, Eif2b1, Eif2b2, Eif2b3, Eif2b4, Eif2b5, Eif2s2, Eif4a3, Eif4a3l1, Eif4a3l2, Eif4e, Eif4enif1, Eif4g1, Eif4g2, Elapor2, Elavl2, Elavl3, Elavl4, Elfn1, Elk1, Elk3, Ell3, Elmo1, Elmod3, Eln, Elp3, Elp6, Emb, Emc10, Emcn, Emilin1, Emilin2, Eml1, Emp2, Emx1, Emx2, En1, En2, Enah, Enc1, Eng, Enpep, Enpp1, Enpp2, Eomes, Ep300, Epas1, Epb41l3, Epb41l5, Epb42, Epc1, Epcam, Epg5, Epgn, Epha1, Epha10, Epha2, Epha3, Epha4, Epha5, Epha6, Epha7, Epha8, Ephb1, Ephb2, Ephb3, Ephb4, Ephb6, Epm2a, Epn1, Epn2, Epo, Epop, Epor, Epyc, Erap1, Erbb2, Erbb3, Erbb4, Ercc1, Ercc2, Ercc3, Ercc6, Ereg, Ermp1, Errfi1, Esm1, Esr1, Esr2, Esrp1, Esrp2, Esrra, Ess2, Esx1, Etl4, Ets1, Etv1, Etv2, Etv4, Etv5, Etv6, Eva1a, Evc, Evl, Evx1, Exo1, Exoc4, Exosc3, Exosc6, Ext1, Ext2, Eya1, Ezh1, Ezh2, F2, F3, Fa2h, Fabp7, Fadd, Faim, Faim2, Fam107a, Fam114a1, Fam151b, Fam168b, Fam20c, Fam210b, Fam3d, Fanca, Fancb, Fancc, Fancd2, Fance, Fancf, Fancg, Fap, Farp1, Farp2, Fas, Fasl, Fat1, Fat3, Fat4, Fbln5, Fbn1, Fbn2, Fbxl17, Fbxo31, Fbxo38, Fbxo41, Fbxo45, Fbxo7, Fbxw11, Fbxw4, Fbxw7, Fbxw7as1, Fbxw8, Fcgr2b, Fdcsp, Fdps, Fem1b, Fendrr, Fer, Ferd3l, Fes, Fev, Fez1, Fezf1, Fezf2, Fgf1, Fgf10, Fgf11, Fgf12, Fgf13, Fgf14, Fgf15, Fgf16, Fgf17, Fgf18, Fgf2, Fgf20, Fgf21, Fgf22, Fgf23, Fgf3, Fgf4, Fgf5, Fgf6, Fgf7, Fgf8, Fgf9, Fgfbp1, Fgfr1, Fgfr2, Fgfr3, Fgfr4, Fgfrl1, Fgl1, Fgr, Fhl2, Fhod3, Fig4, Filip1, Filip1l, Fjx1, Fkbp10, Fkbp1a, Fkbp1b, Fkbp4, Fkbp8, Fkbpl, Fkrp, Fktn, Flcn, Flna, Flot1, Flrt1, Flrt2, Flrt3, Flt1, Flt3, Flt4, Flvcr1, Flvcr2, Fmc1, Fmn1, Fmnl3, Fmr1, Fn1, Fnbp1, Fndc3a, Fndc3b, Folr1, Fos, Fosl1, Fosl2, Foxa1, Foxa2, Foxa3, Foxb1, Foxc1, Foxc2, Foxd1, Foxe1, Foxe3, Foxf1, Foxf2, Foxg1, Foxh1, Foxi3, Foxj1, Foxj2, Foxl1, Foxl2, Foxm1, Foxn1, Foxn3, Foxn4, Foxo1, Foxo3, Foxo4, Foxo6, Foxp1, Foxp2, Foxp3, Foxp4, Foxr1, Foxs1, Fpgs, Fras1, Frem1, Frem2, Frmd7, Frs2, Fry, Fryl, Frzb, Fscn2, Fshb, Fshr, Fst, Fstl4, Ftsj1, Ftx, Fubp1, Fuom, Fut1, Fut10, Fut9, Fuz, Fxn, Fxr1, Fxr2, Fyn, Fzd1, Fzd2, Fzd3, Fzd4, Fzd5, Fzd6, Fzd7, Fzd8, Fzd9, Fzr1, G6pd2, G6pdx, Gaa, Gab1, Gabra1, Gabra2, Gabra3, Gabra4, Gabra5, Gabra6, Gabrb1, Gabrb2, Gabrb3, Gabre, Gabrg1, Gabrg2, Gabrg3, Gadd45a, Gak, Gal, Gal3st1, Galc, Galnt11, Galnt3, Galr2, Gap43, Garem2, Gart, Gas1, Gas2, Gas5, Gas6, Gas7, Gas8, Gata1, Gata2, Gata3, Gata4, Gata5, Gata6, Gatad2a, Gatm, Gba1, Gba2, Gbx1, Gbx2, Gcm1, Gcm2, Gcnt1, Gcnt3, Gcnt4, Gdf10, Gdf11, Gdf2, Gdf3, Gdf5, Gdf6, Gdf7, Gdf9, Gdi1, Gdnf, Gdpd5, Gfap, Gfer, Gfi1, Gfra1, Gfra2, Gfra3, Gfra4, Gfral, Ggnbp2, Ggt1, Gh, Ghrh, Ghrhr, Ghrl, Ghsr, Gigyf2, Gimap6, Gip, Gipr, Git1, Git2, Gja1, Gja10, Gja4, Gja5, Gja6, Gja8, Gjc1, Gjc2, Gjc3, Gje1, Gla, Gldn, Glg1, Gli1, Gli2, Gli3, Glis2, Glmn, Glrb, Glud1, Glul, Gm12610, Gm28836, Gm30731, Gm4787, Gm527, Gm572, Gm5849, Gmppa, Gna11, Gna13, Gnaq, Gnas, Gnat1, Gnat2, Gnb1, Gng5, Gng8, Gngt1, Gnpat, Gnrh1, Golga2, Golga4, Gorasp1, Gpc1, Gpc2, Gpc3, Gpc4, Gpd2, Gper1, Gpld1, Gpm6a, Gpm6b, Gpr149, Gpr15, Gpr157, Gpr158, Gpr161, Gpr17, Gpr173, Gpr183, Gpr37, Gpr37l1, Gpr4, Gpr68, Gprc5b, Gprin1, Gprin2, Gprin3, Gpsm1, Gpx1, Gpx4, Grb2, Grcc10, Greb1l, Grem1, Grhl2, Grhl3, Gria1, Grid2, Grik1, Grin1, Grin2a, Grin3a, Grip1, Grip2, Grk1, Grk2, Grm5, Grm6, Grm7, Grn, Grxcr1, Grxcr2, Gsc, Gsdma3, Gsdmc2, Gsdme, Gsk3a, Gsk3b, Gsn, Gsta3, Gstp1, Gsx1, Gsx2, Gtf2i, Gys1, Gzf1, H2-D1, H2-K1, H2-M3, H2-T23, H2aj, H2ax, H3f3b, Hamp, Hamp2, Hand1, Hand2, Hand2os1, Hap1, Hapln1, Hapln2, Hapln3, Hapln4, Has2, Havcr2, Hbegf, Hc, Hcn1, Hdac1, Hdac11, Hdac2, Hdac3, Hdac4, Hdac5, Hdac6, Hdac7, Hdac9, Hdgfl3, Hectd1, Hecw1, Hecw2, Heg1, Hells, Helt, Herc1, Herc2, Hes1, Hes2, Hes3, Hes5, Hes6, Hes7, Hesx1, Hexa, Hexb, Hexim1, Hey1, Hey2, Heyl, Hfe, Hgf, Hgs, Hhex, Hhip, Hif1a, Hif3a, Hikeshi, Hip1r, Hipk1, Hipk2, Hk2, Hltf, Hlx, Hmbs, Hmces, Hmg20a, Hmg20b, Hmga1, Hmga2, Hmgb1, Hmgb2, Hmgcs2, Hmgn1, Hmox1, Hmx2, Hmx3, Hnf1a, Hnf1b, Hnrnpd, Hnrnpk, Hnrnpu, Hook3, Hopx, Hotair, Hottip, Hoxa1, Hoxa10, Hoxa11, Hoxa13, Hoxa2, Hoxa3, Hoxa4, Hoxa5, Hoxa6, Hoxa7, Hoxa9, Hoxb1, Hoxb13, Hoxb2, Hoxb3, Hoxb4, Hoxb5, Hoxb6, Hoxb7, Hoxb8, Hoxb9, Hoxc10, Hoxc11, Hoxc4, Hoxc5, Hoxc6, Hoxc8, Hoxc9, Hoxd1, Hoxd10, Hoxd11, Hoxd12, Hoxd13, Hoxd3, Hoxd4, Hoxd8, Hoxd9, Hp, Hpca, Hpgd, Hpn, Hprt1, Hps1, Hpse, Hras, Hrg, Hrh2, Hs2st1, Hs3st3a1, Hs3st3b1, Hs6st1, Hsd11b1, Hsd17b1, Hsd17b4, Hsd17b7, Hsf4, Hsp90aa1, Hspa5, Hspa8, Hspb1, Hspb6, Hspb7, Hspd1, Hspg2, Htatip2, Htr2b, Htr4, Htr5a, Htr6, Htr7, Htra2, Htt, Hyal1, Hyal2, Hyal3, Hycc1, Hydin, Icam1, Icam5, Icmt, Icos, Icosl, Id1, Id2, Id3, Id4, Idh1, Idh2, Ido1, Idua, Ier2, Ier3ip1, Ifitm2, Ifitm5, Ifng, Ifngr1, Ifrd1, Ift122, Ift140, Ift172, Ift20, Ift25, Ift27, Ift52, Ift56, Ift57, Ift74, Ift80, Ift88, Igf1, Igf1r, Igf2, Igf2bp1, Igf2bp2, Igf2bp3, Igf2r, Igfals, Igfbp5, Ighd, Ighmbp2, Igsf10, Igsf11, Igsf21, Igsf3, Igsf9, Igsf9b, Ihh, Ikbkb, Ikzf1, Il10, Il12a, Il12b, Il15, Il15ra, Il17f, Il18, Il1a, Il1b, Il1r1, Il1rap, Il1rapl1, Il1rapl2, Il2, Il27ra, Il2ra, Il33, Il34, Il4, Il6, Il6ra, Il6st, Il7r, Ilk, Immp2l, Impact, Impg2, Ina, Ing2, Inha, Inhba, Inhbb, Inka1, Inpp5f, Inpp5j, Inppl1, Insc, Insig1, Insig2, Insl3, Insl6, Insm1, Insm2, Insr, Intu, Invs, Ipmk, Iqgap1, Iqschfp, Iqsec1, Iqsec2, Irak3, Irf2bpl, Irs2, Irx1, Irx2, Irx3, Irx4, Irx5, Irx6, Isl1, Isl2, Islr2, Ism1, Ist1, Itch, Itga1, Itga2, Itga2b, Itga3, Itga4, Itga5, Itga6, Itga7, Itga8, Itgam, Itgav, Itgax, Itgb1, Itgb1bp1, Itgb2, Itgb2l, Itgb3, Itgb4, Itgb6, Itgb8, Itm2c, Itpk1, Itpka, Itpr1, Itsn1, Itsn2, Jade2, Jag1, Jag2, Jak1, Jak2, Jak3, Jam2, Jam3, Jarid2, Jcad, Jhy, Jmjd1c, Jmjd6, Jmjd8, Jph2, Jun, Junb, Jup, Kalrn, Kank1, Kank2, Kat2a, Kat2b, Kat5, Kat6a, Kat8, Katna1, Katnb1, Kcna1, Kcna2, Kcna3, Kcnb1, Kcnc1, Kcnc2, Kcne1, Kcnip2, Kcnj1, Kcnj10, Kcnj11, Kcnj8, Kcnk2, Kcnma1, Kcnq1, Kcnq2, Kcnq3, Kctd10, Kctd11, Kdm1a, Kdm2a, Kdm2b, Kdm4a, Kdm4b, Kdm4c, Kdm5a, Kdm5b, Kdm6a, Kdm6b, Kdm7a, Kdr, Kel, Kera, Khdc3, Kidins220, Kif13b, Kif14, Kif18a, Kif1a, Kif20b, Kif21a, Kif21b, Kif26a, Kif26b, Kif27, Kif2a, Kif3a, Kif3c, Kif5a, Kif5b, Kif5c, Kif7, Kifap3, Kifbp, Kifc2, Kirrel3, Kit, Kitl, Klf1, Klf15, Klf2, Klf4, Klf5, Klf7, Klhl1, Klhl10, Klhl3, Klk1b1, Klk6, Klk8, Kmt2a, Kmt2b, Kmt2c, Kmt5b, Kmt5c, Kndc1, Kras, Kremen1, Krit1, Krt12, Krtap21-1, L1cam, Lama1, Lama2, Lama3, Lama4, Lama5, Lamb1, Lamb2, Lamb3, Lamc1, Lamc2, Lamc3, Large1, Lats1, Lbx1, Lctl, Ldb1, Ldb2, Ldb3, Ldha, Ldlr, Lef1, Lefty1, Lemd2, Lemd3, Lep, Lepr, Lfng, Lgals1, Lgals3, Lgals8, Lgi1, Lgi2, Lgi4, Lgr4, Lgr5, Lhb, Lhcgr, Lhfpl4, Lhfpl5, Lhx1, Lhx2, Lhx3, Lhx4, Lhx5, Lhx6, Lhx8, Lhx9, Lias, Lichi, Lif, Lifr, Lig4, Lilrb4a, Lilrb4b, Lim2, Limk1, Limk2, Lims1, Lims2, Lin28a, Lin7a, Lin7b, Lin7c, Lingo1, Lingo2, Lingo4, Lipa, Llgl1, Llgl2, Llph, Lmna, Lmo4, Lmtk2, Lmx1a, Lmx1b, Lncpint, Lnpk, Lnx1, Lnx2, Lox, Loxl2, Loxl3, Lpar1, Lpar3, Lpcat1, Lpin1, Lrfn1, Lrfn3, Lrfn4, Lrfn5, Lrg1, Lrig1, Lrig2, Lrit3, Lrp1, Lrp12, Lrp2, Lrp4, Lrp5, Lrp6, Lrp8, Lrrc10, Lrrc17, Lrrc24, Lrrc4, Lrrc4b, Lrrc4c, Lrrc7, Lrrc78, Lrrk1, Lrrk2, Lrrn1, Lrrn3, Lrrtm1, Lrrtm2, Lrrtm3, Lrrtm4, Lrtm1, Lrtm2, Lsm1, Lsm14b, Lsr, Lst1, Lt1, Lta, Lta4h, Ltb, Ltbp1, Ltbp3, Ltbr, Ltf, Ltk, Luzp1, Ly6e, Lyl1, Lyn, Lzts1, Lzts2, Lzts3, Mab21l1, Mab21l2, Macf1, Maco1, Macrod2, Macroh2a2, Mad1l1, Mad2l2, Maf, Mafb, Mafk, Mag, Maged1, Magi2, Mal, Mal2, Mall, Mamdc4, Maml1, Mamld1, Man1a2, Man2a1, Map1a, Map1b, Map1s, Map2, Map2k1, Map2k2, Map2k3, Map2k4, Map2k5, Map2k6, Map3k1, Map3k13, Map3k3, Map3k7, Map4, Map4k4, Map6, Map7, Mapk1, Mapk11, Mapk14, Mapk3, Mapk6, Mapk7, Mapk8, Mapk8ip2, Mapk8ip3, Mapk9, Mapkapk5, Mapt, Marchf7, Marcks, Marcksl1, Mark1, Mark2, Mark4, Marveld1, Mas1, Mast1, Matcap1, Matn1, Matn2, Matn3, Matr3, Max, Mb, Mbd1, Mbd2, Mbd3, Mbd5, Mbnl1, Mboat1, Mboat2, Mboat7, Mbp, Mbtd1, Mbtps2, Mcam, Mcf2, Mcm3ap, Mcoln3, Mcph1, Mdfi, Mdga1, Mdga2, Mdk, Mdm1, Mdm2, Mdm4, Mecom, Mecp2, Med1, Med12, Mef2a, Mef2b, Mef2c, Mef2d, Meg3, Megf11, Megf8, Megf9, Meis1, Meis2, Meis3, Men1, Meox2, Mepe, Mertk, Mesp1, Mesp2, Met, Metrn, Mettl14, Mettl3, Mex3c, Mexis, Mfap2, Mfap5, Mfge8, Mfn1, Mfn2, Mfrp, Mfsd2a, Mfsd8, Mgarp, Mgll, Mgp, Mgrn1, Mia3, Miat, Mib1, Mical2, Micall1, Micall2, Miga2, Minar1, Minar2, Mink1, Mios, Mip, Mir100, Mir124a-1, Mir124a-2, Mir124a-3, Mir125b-1, Mir125b-2, Mir126b, Mir132, Mir133a-1, Mir133a-2, Mir133b, Mir138-1, Mir138-2, Mir140, Mir141, Mir143, Mir145a, Mir146b, Mir17, Mir18, Mir181b-1, Mir181b-2, Mir182, Mir183, Mir188, Mir1954, Mir195a, Mir19a, Mir19b-1, Mir1a-2, Mir200a, Mir200b, Mir200c, Mir203, Mir204, Mir208a, Mir20a, Mir212, Mir214, Mir216a, Mir216b, Mir217, Mir218-1, Mir218-2, Mir219a-1, Mir219a-2, Mir23a, Mir23b, Mir24-1, Mir24-2, Mir27a, Mir27b, Mir2861, Mir302a, Mir302b, Mir302c, Mir302d, Mir30a, Mir329, Mir330, Mir338, Mir34a, Mir367, Mir375, Mir376a, Mir429, Mir452, Mir503, Mir541, Mir7-1, Mir7-2, Mir9-1, Mir9-2, Mir9-3, Mir92-1, Mir96, Mitf, Mixl1, Mki67, Mkks, Mks1, Mkx, Mlh1, Mmd, Mmd2, Mme, Mmp12, Mmp13, Mmp14, Mmp16, Mmp17, Mmp19, Mmp2, Mmp21, Mmp24, Mmp9, Mmrn1, Mmrn2, Mnat1, Mnx1, Mob2, Mobp, Mosmo, Mospd3, Mov10, Mpdz, Mpst, Mpv17, Mpz, Mrtfa, Mrtfb, Msc, Msh2, Msh3, Msh4, Msh6, Msi1, Msi2, Mst1r, Msx1, Msx2, mt-Co1, mt-Nd4, Mt3, Mtdh, Mterf4, Mtf1, Mthfd1, Mthfd1l, Mthfr, Mtmr2, Mtor, Mtpn, Mtr, Mtss1, Mturn, Muc19, Mul1, Mup20, Musk, Mustn1, Mxra8, Myb, Mybpc3, Myc, Mycbp2, Mycl, Mycn, Myd88, Mydgf, Myf5, Myh10, Myh11, Myh6, Myh7, Myh9, Myl2, Myl3, Myl7, Mylip, Mylk, Mylk2, Mylk3, Myo16, Myo18b, Myo1e, Myo3a, Myo3b, Myo5a, Myo5b, Myo6, Myo7a, Myo9a, Myoc, Myocd, Myod1, Myom1, Myot, Mypn, Myrf, Myt1, Myt1l, n-TUtca2, N4bp3, Naa15, Nab1, Nab2, Nae1, Naglu, Nanog, Nanos1, Nap1l1, Nap1l2, Napa, Nars1, Nat8f5, Nav1, Nav2, Nav3, Naxe, Nbl1, Nbn, Ncam1, Ncam2, Ncan, Ncdn, Nck1, Nck2, Nckap1, Nckap1l, Nckipsd, Ncl, Ncmap, Ncoa1, Ncoa6, Ncor1, Ncor2, Ncs1, Ncstn, Nde1, Ndel1, Ndfip1, Ndn, Ndnf, Ndp, Ndrg1, Ndrg2, Ndrg4, Ndst1, Ndufs2, Ndufs4, Ndufs6, Ndufv2, Neb, Nebl, Nectin1, Nectin3, Nedd4, Nedd4l, Nedd8, Nefh, Nefl, Nefm, Negr1, Nek1, Nek3, Nek8, Nell2, Neo1, Nepro, Nes, Neu1, Neu4, Neurl1a, Neurod1, Neurod2, Neurod4, Neurod6, Neurog1, Neurog2, Neurog3, Nexmif, Nexn, Nf1, Nf2, Nfasc, Nfatc1, Nfatc2, Nfatc3, Nfatc4, Nfe2, Nfe2l1, Nfe2l2, Nfia, Nfib, Nfix, Nfkb1, Nfkb2, Nfkbiz, Ngb, Ngef, Ngf, Ngfr, Ngp, Nhej1, Nherf1, Nhlh2, Nhs, Nid1, Nif3l1, Nin, Ninj1, Nipbl, Nkiras1, Nkiras2, Nkx2-1, Nkx2-2, Nkx2-2os, Nkx2-3, Nkx2-5, Nkx2-6, Nkx2-9, Nkx3-1, Nkx3-2, Nkx6-1, Nkx6-2, Nle1, Nlgn1, Nlgn2, Nlgn3, Nlgn4l, Nme1, Nme2, Nme5, Nme7, Nnat, Nobox, Nodal, Nog, Norad, Nos1, Nos3, Notch1, Notch2, Notch3, Notch4, Noto, Notum, Nova1, Nova2, Nox1, Nox4, Npas4, Npc1, Nphp1, Nphp3, Nphp4, Nphs1, Nphs2, Npnt, Nppb, Nppc, Npr2, Npr3, Nprl3, Nptn, Nptx1, Nptxr, Npy, Npy1r, Npy2r, Npy5r, Nr0b1, Nr1d1, Nr2c2, Nr2e1, Nr2e3, Nr2f1, Nr2f2, Nr2f6, Nr3c1, Nr4a1, Nr4a2, Nr4a3, Nr5a1, Nrap, Nrarp, Nras, Nrbp2, Nrcam, Nrdc, Nrep, Nrg1, Nrg2, Nrg3, Nrip1, Nrl, Nrn1, Nrn1l, Nrp1, Nrp2, Nrros, Nrsn1, Nrsn2, Nrtn, Nrxn1, Nrxn2, Nrxn3, Nsd2, Nsdhl, Nsmf, Nsun5, Ntf3, Ntf5, Ntm, Ntn1, Ntn3, Ntn4, Ntn5, Ntng1, Ntng2, Ntrk1, Ntrk2, Ntrk3, Nudt1, Nuggc, Numb, Numbl, Nup107, Nup133, Nup160, Nup210l, Nup50, Nup85, Nupr1, Nus1, Nxn, Nyap1, Nyap2, Oas1d, Obox1, Obox2, Obox3, Obox5, Obox6, Obox7, Obox8, Obsl1, Odad2, Odad3, Odad4, Odc1, Ogdh, Ogn, Ogt, Olfm1, Olfm3, Olig1, Olig2, Olig3, Omg, Omp, Onecut1, Onecut2, Opa1, Opa3, Opalin, Ophn1, Opn4, Opn5, Oprm1, Optc, Or10a4, Or10j5, Or8a1b, Orc3, Ormdl1, Ormdl3, Osm, Osr1, Osr2, Ostn, Otc, Otog, Otogl, Otor, Otp, Otulin, Otx1, Otx2, Ovol1, Ovol2, Oxt, Oxtr, P2rx4, P2rx7, P2ry1, P2ry12, P2ry2, P3h1, Pacsin1, Pafah1b1, Pagr1a, Pak1, Pak2, Pak3, Pak4, Pak6, Palm, Pals1, Pank2, Pantr2, Pappa2, Papss2, Paqr3, Pard3, Parp2, Parp3, Parp6, Parva, Patz1, Paupar, Pax1, Pax2, Pax3, Pax4, Pax5, Pax6, Pax7, Pax8, Paxip1, Pbrm1, Pbx1, Pbx2, Pbx3, Pbx4, Pbxip1, Pcare, Pcdh15, Pcdh17, Pcdh18, Pcdha8, Pcdha9, Pcdhac2, Pcgf2, Pcid2, Pck1, Pck2, Pclo, Pcm1, Pcna, Pcnt, Pcp4, Pcsk1, Pcsk2, Pcsk5, Pcsk9, Pcyt1a, Pcyt1b, Pdcd1, Pdcd10, Pdcd4, Pdcd6, Pdcl3, Pde2a, Pde3b, Pde4d, Pde6a, Pde6b, Pde6c, Pdgfa, Pdgfb, Pdgfc, Pdgfd, Pdgfra, Pdgfrb, Pdlim1, Pdlim2, Pdlim3, Pdlim4, Pdlim5, Pdlim7, Pdpk1, Pdpn, Pds5a, Pds5b, Pdss2, Pdx1, Pdzd11, Pdzd7, Pecam1, Penk, Per1, Per2, Percc1, Pex13, Pex2, Pex5, Pex7, Pf4, Pfdn1, Pfdn5, Pfkfb3, Pfn1, Pgap1, Pgf, Pgk1, Pgr, Phactr1, Phactr4, Phb1, Phex, Phf10, Phf14, Phf8, Phgdh, Phlpp1, Phospho1, Phox2a, Phox2b, Pi16, Pi4ka, Pianp, Pias2, Pias4, Picalm, Pick1, Pigt, Pik3c2a, Pik3ca, Pik3cb, Pik3cd, Pik3cg, Pik3r1, Pik3r2, Pik3r3, Pik3r6, Pikfyve, Pim1, Pin1, Pin1rt1, Pip5k1c, Pitpna, Pitx1, Pitx2, Pitx3, Pjvk, Pkd1, Pkd1l1, Pkd2, Pkdcc, Pkhd1, Pkm, Pkn1, Pknox1, Pkp2, Pla2g10, Pla2g3, Pla2g4a, Plaa, Plaat1, Plaat3, Plag1, Plau, Plaur, Plcb1, Plcd1, Plcd3, Plce1, Plcg1, Pld2, Plec, Plekha1, Plekha5, Plg, Plk2, Plk5, Pllp, Pln, Plod3, Plp1, Plpp3, Plppr1, Plppr4, Plppr5, Pls1, Pls3, Plxdc1, Plxna1, Plxna2, Plxna3, Plxna4, Plxnb1, Plxnb2, Plxnb3, Plxnc1, Plxnd1, Pml, Pmp22, Pms2, Pnpla6, Pnpt1, Poc1a, Poc5, Podxl, Pofut1, Poglut1, Polb, Polm, Polq, Pomgnt1, Pomgnt2, Pomk, Pomt2, Popdc1, Popdc2, Popdc3, Por, Postn, Pou1f1, Pou2f1, Pou3f1, Pou3f2, Pou3f3, Pou3f4, Pou4f1, Pou4f2, Pou4f3, Ppara, Ppard, Pparg, Ppargc1b, Ppdpf, Ppfia2, Ppia, Ppib, Ppp1ca, Ppp1cc, Ppp1r12a, Ppp1r12b, Ppp1r12c, Ppp1r13l, Ppp1r15a, Ppp1r16b, Ppp1r9a, Ppp1r9b, Ppp2r3a, Ppp2r3c, Ppp2r5b, Ppp2r5d, Ppp3ca, Ppp3cb, Ppp3r1, Ppt1, Pqbp1, Prag1, Prcp, Prdm1, Prdm12, Prdm13, Prdm16, Prdm6, Prdm8, Prdx2, Prdx4, Prex1, Prex2, Prickle1, Prickle2, Prickle4, Prkaca, Prkacb, Prkar1a, Prkca, Prkcb, Prkcg, Prkch, Prkci, Prkcsh, Prkcz, Prkd1, Prkd2, Prkdc, Prkg1, Prkg2, Prkn, Prkra, Prkx, Prl2c2, Prl7d1, Prlh, Prlr, Prmt1, Prmt3, Prmt5, Proc, Prok1, Prok2, Prokr1, Prom1, Prop1, Prox1, Prox2, Prpf19, Prph2, Prps1, Prpsap2, Prrx1, Prrx2, Prss56, Prtg, Prune1, Prx, Psap, Psapl1, Psd, Psen1, Psen2, Psg22, Pskh1, Psmg1, Pspn, Ptbp1, Ptcd2, Ptch1, Ptchd1, Pten, Ptf1a, Ptger3, Ptger4, Ptges3, Ptgis, Ptgs2, Pth, Pth1r, Pthlh, Ptk2, Ptk2b, Ptk6, Ptk7, Ptn, Ptpn1, Ptpn11, Ptpn13, Ptpn14, Ptpn20, Ptpn3, Ptpn5, Ptpn6, Ptpn9, Ptpra, Ptprb, Ptprc, Ptprd, Ptprf, Ptprg, Ptprh, Ptprj, Ptprk, Ptprm, Ptprn, Ptpro, Ptprq, Ptprs, Ptprt, Ptpru, Ptprv, Ptprz1, Ptx3, Pum2, Pura, Pxdn, Pxn, Pygo1, Pygo2, Qars1, Qki, Qrich1, Rab10, Rab11a, Rab13, Rab17, Rab18, Rab21, Rab23, Rab26, Rab29, Rab33b, Rab35, Rab3a, Rab3gap1, Rab8a, Rabl2, Rac1, Rac3, Racgap1, Rad21l, Raf1, Rag1, Rag2, Rai1, Rala, Ramp1, Ramp2, Ranbp1, Ranbp3l, Rap1a, Rap1gap, Rap1gap2, Rap2a, Rapgef1, Rapgef2, Rapgef3, Rapgef4, Raph1, Rara, Rarb, Rarg, Rarres2, Rasa1, Rasal1, Rasgrf1, Rasip1, Rassf10, Rassf2, Rax, Rb1, Rb1cc1, Rbbp4, Rbbp7, Rbbp9, Rbfox1, Rbfox2, Rbfox3, Rbm10, Rbm15, Rbm20, Rbm24, Rbm45, Rbmy, Rbmyf1, Rbmyf2, Rbmyf3, Rbmyf5, Rbmyf6, Rbmyf7, Rbmyf8, Rbmyf9, Rbp4, Rbpj, Rbpms2, Rc3h1, Rc3h2, Rcbtb2, Rcn1, Rcn3, Rd3, Rdh10, Rdh13, Rec8, Reck, Recql4, Reg1, Reg2, Rela, Reln, Ren1, Ren2, Reno1, Rere, Rest, Ret, Retn, Retreg3, Rflna, Rflnb, Rfng, Rfx3, Rfx4, Rfx6, Rgcc, Rgma, Rgn, Rgs14, Rgs2, Rgs4, Rgs6, Rgs9, Rhbdd3, Rheb, Rho, Rhoa, Rhob, Rhobtb3, Rhog, Rhoj, Rhpn1, Ric8a, Rif1, Rims1, Rims2, Rin2, Ring1, Ripk3, Ripor2, Ripply1, Ripply2, Ripply3, Rit2, Rita1, Rln1, Rnase10, Rnd1, Rnd2, Rnf10, Rnf112, Rnf157, Rnf168, Rnf207, Rnf213, Rnf220, Rnf6, Rnf7, Rnf8, Rnh1, Rnls, Ro60, Robo1, Robo2, Robo3, Robo4, Rock1, Rock2, Rogdi, Rom1, Ror1, Ror2, Rora, Rorb, Rorc, Rp1, Rp1l1, Rpe65, Rpgr, Rpgrip1, Rpgrip1l, Rpl10, Rpl13, Rpl13-ps6, Rpl13a, Rpl24, Rpl38, Rpl4, Rps6ka1, Rps6ka2, Rps7, Rras, Rras2, Rrm1, Rrm2b, Rrn3, Rs1, Rspo2, Rspo3, Rtca, Rtl1, Rtn1, Rtn2, Rtn3, Rtn4, Rtn4ip1, Rtn4r, Rtn4rl1, Rtn4rl2, Rufy3, Runx1, Runx1t1, Runx2, Runx3, Rxfp1, Rxfp2, Rxra, Rxrb, Rxrg, Ryk, Ryr1, Ryr2, S100a1, S100a10, S100a8, S100a9, S100b, S1pr1, S1pr2, S1pr5, S2bpcox16, Safb2, Sall1, Sall2, Sall3, Sall4, Samd11, Samd14, Samd4b, Samd7, Samd9l, Samhd1, Sanbr, Sarm1, Sars1, Sash1, Satb2, Sav1, Sbds, Scaper, Scarb2, Scarf1, Scg2, Schip1, Scin, Sclt1, Scn11a, Scn1a, Scn1b, Scn2a, Scn2b, Scn3b, Scn5a, Scn8a, Sco1, Sco2, Scrib, Scrt1, Scrt2, Sct, Scube2, Scx, Scyl1, Scyl2, Scyl3, Sdc1, Sdc2, Sdc4, Sdcbp, Sdccag8, Sdf4, Sdha, Sdk1, Sdk2, Sec1, Sec24b, Sec61a1, Sec63, Secisbp2, Selenoi, Selenon, Selenop, Sema3a, Sema3b, Sema3c, Sema3d, Sema3e, Sema3f, Sema3g, Sema4a, Sema4b, Sema4c, Sema4d, Sema4f, Sema4g, Sema5a, Sema5b, Sema6a, Sema6b, Sema6c, Sema6d, Sema7a, Senp2, Septin14, Septin2, Septin4, Septin7, Serinc5, Serp1, Serpina10, Serpina5, Serpinb5, Serpinb6a, Serpinb7, Serpine1, Serpine2, Serpinf1, Serpinf2, Serpinh1, Serpini1, Setd1a, Setd2, Setd5, Setdb1, Setdb2, Setx, Sez6, Sez6l, Sez6l2, Sf1, Sf3a2, Sfrp1, Sfrp2, Sfrp4, Sfrp5, Sfta3, Sftpd, Sgcb, Sgcd, Sgcg, Sgcz, Sgk1, Sgms1os1, Sgpl1, Sh2b2, Sh2b3, Sh3gl2, Sh3gl3, Sh3glb1, Sh3pxd2b, Sh3rf1, Sh3tc2, Shank1, Shank2, Shank3, Shb, Shc1, Shh, Shld1, Shld2, Shld3, Shoc2, Shox2, Shroom2, Shroom3, Shroom4, Shtn1, Sidt2, Siglec15, Sigmar1, Sik1, Sik3, Sim1, Sim2, Sin3a, Sin3b, Sipa1l1, Sipa1l3, Sirt1, Sirt2, Sirt6, Six1, Six2, Six3, Six3os1, Six4, Six5, Six6, Ski, Skil, Skor2, Slc10a7, Slc11a2, Slc12a1, Slc12a2, Slc12a5, Slc15a4, Slc17a6, Slc17a8, Slc1a1, Slc1a2, Slc1a3, Slc22a1, Slc22a5, Slc22a6, Slc23a1, Slc23a2, Slc24a4, Slc25a12, Slc25a25, Slc25a4, Slc25a46, Slc26a2, Slc2a1, Slc2a10, Slc2a12, Slc30a1, Slc31a1, Slc32a1, Slc35d1, Slc38a10, Slc38a2, Slc38a8, Slc39a1, Slc39a12, Slc39a14, Slc39a3, Slc39a5, Slc40a1, Slc44a4, Slc45a3, Slc46a2, Slc4a10, Slc4a5, Slc4a7, Slc5a1, Slc5a3, Slc6a17, Slc6a3, Slc6a4, Slc7a11, Slc7a5, Slc8a1, Slc8a3, Slc9a1, Slc9a6, Slc9b2, Slco1b2, Slit1, Slit2, Slit3, Slitrk1, Slitrk2, Slitrk3, Slitrk4, Slitrk5, Slitrk6, Smad1, Smad2, Smad3, Smad4, Smad5, Smad6, Smad7, Smad9, Smarca1, Smarca2, Smarca4, Smarcb1, Smarcc1, Smarcc2, Smarcd1, Smarcd3, Smarce1, Smchd1, Smg9, Smim45, Smn1, Smo, Smoc1, Smoc2, Smpd3, Smurf1, Smyd1, Smyd2, Smyd4, Snai1, Snai2, Snap25, Snap91, Snapin, Snca, Snorc, Snph, Snw1, Snx1, Snx10, Snx17, Snx19, Snx27, Snx3, Socs2, Socs3, Socs7, Sod1, Sod2, Sohlh1, Sohlh2, Sorbs2, Sorl1, Sos1, Sox1, Sox10, Sox11, Sox12, Sox13, Sox14, Sox15, Sox17, Sox18, Sox2, Sox21, Sox3, Sox4, Sox5, Sox6, Sox8, Sox9, Sp1, Sp100, Sp2, Sp3, Sp5, Spag6, Spag6l, Spag9, Sparc, Spart, Spast, Spata2, Spata22, Spdef, Specc1l, Spef2, Speg, Spen, Spg11, Spg21, Sphk1, Sphk2, Spi1, Spink2, Spint1, Spint2, Spire1, Spns2, Spo11, Spock1, Spp1, Spr, Spred1, Spred2, Spred3, Sprr2d, Spry1, Spry2, Spry3, Sptbn1, Sptbn2, Sptbn4, Src, Srcin1, Srd5a2, Srebf1, Srebf2, Srf, Srgap2, Srgap3, Srp54a, Srpk2, Srpx2, Srrm4, Srrt, Srsf6, Sry, Ss18l1, Ssbp3, Ssna1, Sstr1, Sstr2, Sstr3, St14, St8sia2, Stab1, Stap1, Star, Stard13, Stat1, Stat3, Stat5a, Stat5b, Stat6, Stau2, Stc1, Stil, Stim1, Stk11, Stk24, Stk25, Stk3, Stk36, Stk4, Stk40, Stmn1, Stmn2, Stmn3, Stmn4, Stra6, Strap, Strc, Strn, Stx1b, Stx2, Stx3, Stxbp1, Stxbp3, Stxbp5, Styxl1, Sufu, Sulf1, Sulf2, Sult4a1, Sun1, Sun2, Supt6, Suz12, Svbp, Svep1, Swap70, Sybu, Sycp2, Syde1, Syk, Syn1, Synb, Syndig1, Syne2, Syngap1, Synj1, Synj2bp, Synpo2l, Sypl2, Syt1, Syt17, Syt2, Syt3, Syt4, Szt2, T, T2, Tab1, Tab2, Tacc1, Tacc2, Tacc3, Tacstd2, Taf10, Taf4, Tafa1, Tafa5, Tafazzin, Tal1, Tal2, Tanc2, Taok1, Taok2, Taok3, Tapt1, Tbc1d20, Tbc1d23, Tbc1d24, Tbc1d32, Tbcb, Tbcd, Tbce, Tbr1, Tbx1, Tbx15, Tbx18, Tbx19, Tbx2, Tbx20, Tbx21, Tbx3, Tbx4, Tbx5, Tbx6, Tbxa2r, Tcap, Tcf12, Tcf15, Tcf21, Tcf3, Tcf4, Tcf7, Tcf7l2, Tcirg1, Tctn1, Tdp2, Tdrd7, Tead1, Tead2, Tead3, Tecta, Tek, Tenm1, Tenm2, Tenm3, Tenm4, Tert, Tesc, Tet1, Tet2, Tex11, Tex15, Tex19.1, Tex19.2, Tfap2a, Tfap2b, Tfap2c, Tfap2d, Tfap4, Tfcp2l1, Tfpt, Tfrc, Tg, Tgfa, Tgfb1, Tgfb2, Tgfb3, Tgfbi, Tgfbr1, Tgfbr2, Tgfbr3, Tgif1, Tgif2, Tgm2, Tgm3, Th, Thap11, Thbs1, Thbs2, Thbs3, Thbs4, Thoc2, Thoc2l, Thoc6, Thra, Thrb, Thsd7a, Thy1, Tiam1, Tiam2, Tie1, Tifab, Tigar, Timeless, Timp1, Timp2, Timp3, Tiparp, Tjp1, Tjp2, Tle5, Tle6, Tlr2, Tlr3, Tlr4, Tlr9, Tlx1, Tlx2, Tlx3, Tmc1, Tmed2, Tmem100, Tmem106b, Tmem107, Tmem108, Tmem119, Tmem126a, Tmem132e, Tmem135, Tmem163, Tmem204, Tmem215, Tmem231, Tmem30a, Tmem38b, Tmem41b, Tmem59l, Tmem65, Tmem67, Tmem94, Tmem98, Tmf1, Tmigd1, Tmod1, Tmtc3, Tmx2, Tnc, Tnf, Tnfaip2, Tnfaip3, Tnfaip6, Tnfrsf11a, Tnfrsf12a, Tnfrsf1a, Tnfrsf1b, Tnfrsf21, Tnfsf10, Tnfsf11, Tnfsf12, Tnfsf13, Tnfsf4, Tnik, Tnmd, Tnn, Tnnc1, Tnni1, Tnni3, Tnnt2, Tnr, Tnrc6c, Tns2, Tns3, Tnxb, Tomm70a, Tomt, Top2b, Tor1a, Tox, Tpbg, Tpm1, Tpp1, Tppp, Tprn, Tra2b, Traf3ip1, Traf3ip2, Traf6, Trak1, Trak2, Trappc2, Trappc4, Trappc6b, Trappc9, Trem2, Trex1, Trf, Trim11, Trim32, Trim45, Trim46, Trim47, Trim67, Trim71, Trio, Triobp, Trip10, Trip11, Trnp1, Trp53, Trp53bp1, Trp53bp2, Trp63, Trp73, Trpc4, Trpc5, Trpc6, Trpm1, Trps1, Trpv1, Trpv2, Trpv4, Tsc1, Tsc2, Tsc22d4, Tshr, Tshz3, Tsku, Tspan12, Tspan18, Tspan2, Tspo, Tsx, Ttbk2, Ttc21b, Ttc3, Ttc36, Ttc8, Ttc9, Ttl, Ttll1, Ttll5, Ttll7, Ttn, Ttpa, Ttyh1, Tub, Tuba1a, Tubb1, Tubb2a, Tubb2b, Tubb3, Tubgcp2, Tug1, Tulp1, Tulp3, Tunar, Twf1, Twf2, Twist1, Twist2, Twsg1, Txnrd2, Tymp, Tyms, Tyr, Tyro3, Tyrobp, Uba6, Ubb, Ube2m, Ube2q1, Ube2v2, Ube3a, Ube3b, Ube4b, Ubiad1, Ubp1, Uchl1, Uchl3, Uchl5, Ucma, Ucn, Ucp2, Ufc1, Ufl1, Ufm1, Ugcg, Ugdh, Ugp2, Ugt1a1, Ugt1a7c, Ugt1a8, Ugt1a9, Ugt8a, Uhmk1, Ulk1, Ulk2, Ulk4, Umod, Umodl1, Unc119, Unc119b, Unc13a, Unc13b, Unc45b, Unc5a, Unc5b, Unc5c, Unc5d, Uncx, Ung, Unk, Upb1, Upf2, Upf3b, Upk3a, Uqcrq, Ush1c, Ush1g, Ush2a, Usp1, Usp20, Usp21, Usp33, Usp45, Usp9x, Ust, Utp11, Utp3, Uts2, Uts2r, Uty, Vamp7, Vangl2, Vapa, Vash1, Vash2, Vasp, Vav2, Vav3, Vax1, Vax2, Vax2os, Vcam1, Vcan, Vcl, Vdr, Vegfa, Vegfb, Vegfc, Vegfd, Vezf1, Vezt, Vgf, Vgll4, Vhl, Vim, Vit, Vkorc1, Vldlr, Vmn2r1, Vmn2r120, Vmn2r26, Vmn2r65, Vmn2r81, Vmn2r82, Vmn2r83, Vps13a, Vps13b, Vps35, Vps4b, Vps51, Vps52, Vps54, Vrk1, Vstm4, Vstm5, Vsx1, Vsx2, Vtn, Vwc2, Vwc2l, Vwf, Vxn, Wars1, Wars2, Wasf1, Wasf2, Wasf3, Washc5, Wasl, Wdpcp, Wdr1, Wdr11, Wdr19, Wdr36, Wdr37, Wdr47, Wdr48, Wdr5, Wdr62, Wdr77, Wdr83, Wdr89, Wee1, Wfikkn1, Wfikkn2, Wfs1, Whrn, Wls, Wnk1, Wnk4, Wnt1, Wnt10a, Wnt10b, Wnt11, Wnt16, Wnt2, Wnt2b, Wnt3, Wnt3a, Wnt4, Wnt5a, Wnt5b, Wnt6, Wnt7a, Wnt7b, Wnt8a, Wnt8b, Wnt9a, Wnt9b, Wt1, Wwox, Wwp1, Wwtr1, Xbp1, Xdh, Xirp1, Xirp2, Xk, Xkr8, Xlr3b, Xrcc1, Xrcc2, Xrcc4, Xrcc5, Xrcc6, Xrn2, Xylt1, Yap1, Ybx3, Yipf6, Yjefn3, Ythdf1, Ythdf2, Ywhae, Ywhag, Ywhah, Ywhaz, Yy1, Zbtb1, Zbtb14, Zbtb16, Zbtb18, Zbtb45, Zbtb7a, Zc3h12a, Zc4h2, Zcchc24, Zdhhc12, Zdhhc15, Zdhhc16, Zdhhc17, Zdhhc2, Zdhhc8, Zeb1, Zeb2, Zfand5, Zfhx2, Zfhx3, Zfp157, Zfp212, Zfp219, Zfp24, Zfp296, Zfp335, Zfp354c, Zfp365, Zfp36l1, Zfp418, Zfp423, Zfp488, Zfp513, Zfp521, Zfp536, Zfp609, Zfp640, Zfp800, Zfp804a, Zfp830, Zfp950, Zfpm1, Zfpm2, Zfx, Zfyve27, Zhx2, Zic1, Zic2, Zic3, Zic4, Zic5, Zmiz1, Zmpste24, Zmynd8, Zng1, Zp3, Zpr1, Zswim6, Zzef1
GO:0009101	glycoprotein biosynthetic process	318	15	4.63	7.6e-05	0.014490666666666667	4930568D16Rik, 6430550D23Rik, A4gnt, Aatf, Abca2, Abca7, Abo, Acan, Acer2, Acot8, Ago2, Alg1, Alg10b, Alg11, Alg12, Alg13, Alg14, Alg2, Alg3, Alg5, Alg6, Alg8, Alg9, Angpt1, Aqp11, Arfgef1, Atp4b, Atp7a, B3galnt1, B3galnt2, B3galt1, B3galt2, B3galt4, B3galt5, B3galt6, B3galt9, B3gat1, B3gat2, B3gat3, B3glct, B3gnt2, B3gnt3, B3gnt4, B3gnt5, B3gnt6, B3gnt7, B3gnt8, B3gnt9, B4galnt2, B4galnt3, B4galnt4, B4galt1, B4galt2, B4galt3, B4galt4, B4galt5, B4galt6, B4galt7, B4gat1, Bace2, Bcl2, Bmpr1b, Bmpr2, C1galt1, C1galt1c1, Cant1, Ccl19, Ccl21a, Ccr7, Ces2a, Chp1, Chpf, Chpf2, Chst1, Chst10, Chst11, Chst12, Chst13, Chst14, Chst3, Chst5, Chst7, Chst8, Chst9, Chsy1, Chsy3, Cog3, Cog7, Crppa, Csgalnact1, Csgalnact2, Ctnnb1, Cwh43, Cytl1, Dad1, Ddost, Derl3, Dhdds, Dolk, Dolpp1, Dpagt1, Dpm1, Dpm2, Dpm3, Dpy19l1, Dpy19l3, Dse, Edem3, Entpd5, Eogt, Ep300, Ext1, Ext2, Extl1, Extl3, Fam20b, Fkrp, Fktn, Foxl1, Frey1, Fut1, Fut10, Fut11, Fut2, Fut4, Fut7, Fut8, Fut9, Gal3st2, Gal3st2c, Gal3st4, Galnt1, Galnt10, Galnt11, Galnt12, Galnt13, Galnt14, Galnt15, Galnt16, Galnt17, Galnt18, Galnt2, Galnt3, Galnt4, Galnt5, Galnt6, Galnt7, Galnt9, Galntl6, Gata1, Gbgt1, Gcnt1, Gcnt2, Gcnt3, Gcnt4, Gcnt7, Gfpt1, Gfpt2, Ggta1, Glce, Gmppa, Gmppb, Golga2, Golph3, Gorasp1, Gxylt1, Gxylt2, Hbegf, Hs2st1, Hs3st1, Hs3st2, Hs3st3a1, Hs3st3b1, Hs3st4, Hs3st5, Hs3st6, Hs6st1, Hs6st2, Hs6st3, Igf1, Il15, Il33, Insr, Itm2a, Itm2b, Itm2c, Jak3, Krtcap2, Large1, Large2, Lipc, Lmf1, Magt1, Man1a, Man1a2, Man1b1, Man1c1, Man2a1, Man2a2, Mgat1, Mgat2, Mgat3, Mgat4a, Mgat4b, Mgat4c, Mgat4d, Mgat4e, Mgat4f, Mgat5, Mgat5b, Mlec, Mogs, Mustn1, Nagpa, Ncstn, Ndst1, Ndst2, Ndst3, Ndst4, Necab1, Necab2, Necab3, Npc1, Nus1, Oga, Ogt, Ost4, Ostc, Pate6, Pawr, Pgm3, Phlda1, Plcb1, Plod3, Pmm1, Pmm2, Pofut1, Pofut2, Poglut1, Poglut2, Poglut3, Pomgnt1, Pomgnt2, Pomk, Pomt1, Pomt2, Psen1, Pxylp1, Ramp1, Rft1, Rpn1, Rpn2, Rxylt1, Sec1, Serpina1a, Serpina1b, Slc10a7, Slc2a10, Slc35b2, Slc35c1, Slc35c2, Slc35d1, Slc35d2, Slc39a8, Slc4a10, Slc51b, Soat1, Srd5a3, St3gal1, St3gal2, St3gal3, St3gal4, St3gal5, St3gal6, St6gal1, St6gal2, St6galnac1, St6galnac2, St6galnac3, St6galnac4, St6galnac5, St6galnac6, St8sia1, St8sia2, St8sia3, St8sia4, St8sia5, St8sia6, Stt3a, Stt3b, Tcf7l2, Tet1, Tet2, Tet3, Tm9sf2, Tmem106a, Tmem165, Tmem258, Tmem260, Tmem59, Tmtc1, Tmtc2, Tmtc3, Tmtc4, Tnip1, Trak2, Trex1, Trip11, Tusc3, Ube2j1, Ugdh, Uggt1, Uggt2, Vangl2, Vegfb, Xxylt1, Xylt1, Xylt2
GO:1903311	regulation of mRNA metabolic process	321	15	4.68	8.4e-05	0.01582068292682927	A1cf, Acin1, Adam3, Adarb1, Ago1, Ago2, Ago3, Ahcyl1, Akr1c6, Alkbh5, Angel2, Apex1, Apobec1, Arb2a, Arglu1, Arid5a, Axin2, Bag4, Boll, Brf1, Btg2, C1qbp, Cacng7, Calcr, Caprin1, Carhsp1, Casc3, Ccnb1, Cdc73, Cdk9, Celf1, Celf2, Celf3, Celf4, Celf5, Celf6, Cirbp, Clns1a, Cnot1, Cnot2, Cnot3, Cnot6, Cnot6l, Cnot7, Cnot8, Cpeb1, Cpeb3, Csdc2, Csde1, Dazap1, Dazl, Dcp1a, Dcp1b, Dcp2, Dcps, Ddx17, Ddx5, Dhx34, Dhx36, Dhx9, Dicer1, Dis3l2, Dnd1, Dyrk1a, E2f1, Eif1, Eif4a3, Eif4a3l1, Eif4a3l2, Eif4enif1, Elavl1, Elavl4, Exosc10, Fam76b, Fastk, Fastkd1, Fastkd2, Fastkd3, Fastkd5, Fip1l1, Fmr1, Fto, Fus, Fxr1, Fxr2, Gdnf, Gigyf2, Gm7324, Gtpbp1, Gtsf1, Hdac7, Hmx2, Hnrnpa0, Hnrnpa2b1, Hnrnpab, Hnrnpc, Hnrnpd, Hnrnpk, Hnrnpl, Hnrnpr, Hnrnpu, Hspa8, Igf2bp1, Igf2bp2, Igf2bp3, Ikbke, Iws1, Jmjd6, Kat8, Khdrbs1, Khdrbs2, Khdrbs3, Khsrp, Larp1, Larp4b, Larp7, Larp7-ps, Lmntd2, Lsm1, Magoh, Magohb, Malat1, Mapkapk2, Mbnl1, Mbnl2, Meioc, Mettl14, Mettl16, Mettl3, Mex3d, Mir144, Mir196a-1, Mir196a-2, Mir196b, Mir451a, Mir451b, Mir466l, Mir7578, Mlh1, Mov10, Mtor, Myd88, Myod1, Nanos1, Nanos2, Nanos3, Nbas, Ncbp1, Ncl, Nicol1, Noct, Nova1, Nova2, Npm1, Nrde2, Nsrp1, Nup98, Obi1, Pabpc1, Pabpc2, Pabpc4, Pabpn1, Pabpn1l, Paip1, Pan2, Pan3, Parn, Patl1, Patl2, Pcbp4, Pcid2, Pde12, Pias4, Piwil1, Piwil2, Piwil4, Pkp1, Pkp3, Plekhn1, Pnldc1, Pnpt1, Polr2g, Prdx6, Prdx6b, Prmt5, Prpf19, Prr5l, Ptbp1, Ptbp3, Ptcd2, Puf60, Pum1, Pum2, Qki, Rbfox1, Rbfox2, Rbfox3, Rbm10, Rbm11, Rbm15, Rbm15b, Rbm20, Rbm24, Rbm25, Rbm3, Rbm33, Rbm38, Rbm39, Rbm4, Rbm42, Rbm46, Rbm47, Rbm5, Rbm7, Rbm8a, Rbm8a2, Rbmx, Rbmxl1, Rbmxl2, Rbmy, Rbmyf1, Rbmyf3, Rbmyf6, Rbmyf9, Rbpms, Rbpms2, Rc3h1, Rc3h2, Rest, Rida, Rnasel, Rnps1, Rock1, Rock2, Safb, Safb2, Samd4, Samd4b, Sap18, Sap18b, Scgb1a1, Secisbp2, Senp1, Sf1, Sfswap, Slc11a1, Slc39a5, Slirp, Sltm, Smu1, Snrnp70, Snw1, Son, Srpk1, Srpk2, Srpk3, Srrm1, Srrm4, Srsf1, Srsf10, Srsf12, Srsf19, Srsf2, Srsf3, Srsf4, Srsf6, Srsf7, Srsf9, Supt6, Syncrip, Taf15, Tardbp, Tbrg4, Tent4a, Tent4b, Tent5a, Tent5b, Tent5c, Tent5d, Thrap3, Tia1, Tirap, Tnrc6a, Tnrc6b, Tnrc6c, Tob1, Tra2a, Tra2b, Traf2, Traf3ip2, Traf5, Trim71, Ttc5, Tut4, Tut7, U2af2, Upf1, Upf3a, Upf3b, Vegfa, Vim, Vip, Wdr77, Wtap, Ybx1, Ybx2, Ythdc1, Ythdf1, Ythdf2, Ythdf3, Zar1, Zbtb7a, Zc3h12a, Zc3h12d, Zc3h14, Zc3hav1, Zfp36, Zfp36l1, Zfp36l2, Zfp36l3, Zfp64
GO:0009892	negative regulation of metabolic process	3124	71	45.51	0.00010	0.018607228915662653	1810024B03Rik, 2610042L04Rik, 5730507C01Rik, A1cf, A430033K04Rik, Aatf, Abca2, Abca7, Abcb7, Abcc2, Abcd1, Abcd2, Abhd6, Abl1, Acacb, Acadl, Acadvl, Acd, Ace, Acin1, Acmsd, Acod1, Acot11, Acot13, Acot8, Acp4, Acp5, Actn3, Actr6, Actrt1, Acvr1b, Acvr2b, Acvrl1, Adam10, Adam17, Adamts5, Adar, Adarb1, Adcy10, Adcy7, Adgrb1, Adipoq, Adipor2, Adnp, Adora1, Adora2b, Adra1a, Adra1b, Adra2a, Aebp1, Aebp2, Aff2, Agap2, Ager, Ago1, Ago2, Ago3, Ago4, Agt, Ahr, Ahrr, Aicda, Aida, Aif1, Airn, Ajuba, Akap8, Akirin2, Akr1c18, Akr1c6, Akt1, Akt1s1, Akt2, Alad, Aldh1a1, Aldob, Alk, Alkbh3, Alkbh5, Alx1, Amdhd2, Amot, Amotl2, Anapc2, Ang, Ang3, Angel2, Angpt1, Ankle1, Ankle2, Ankrd1, Ankrd2, Anks1, Anxa1, Anxa2, Anxa4, Anxa7, Anxa8, Ap1ar, Ap2a1, Apbb1, Apbb2, Apbb3, Apc, Apcs, Apex1, Apln, Aplnr, Apoa1, Apoa2, Apobec1, Apobec3, Apoc1, Apoc2, Apoc2l, Apoc3, Apod, Apoe, Apoh, App, Appl2, Aqp11, Aqp4, Ar, Arb2a, Arg1, Arg2, Arid1a, Arid4a, Arid4b, Arid5a, Arid5b, Arrb1, Arrb2, Arrdc3, Arx, Ascl1, Ascl2, Ascl3, Ascl5, Asxl2, Asxl3, Asz1, Atcay, Atf2, Atf3, Atf4, Atf5, Atf6b, Atf7, Atf7ip, Atg12, Atg14, Atg5, Atg7, Atg9a, Atm, Atn1, Atoh8, Atp1a1, Atp2b1, Atp2b4, Atp5if1, Atp7a, Atp8b1, Atr, Atraid, Atrx, Atxn1, Atxn1l, Atxn7, Aunip, Aurka, Aurkb, Axin1, Axin2, Axl, Azin1, Azin2, Bace2, Bach1, Bach2, Bag1, Bag2, Bag4, Bag5, Bag6, Bahd1, Bak1, Banf1, Bank1, Banp, Bap1, Barx2, Basp1, Batf3, Bax, Baz1a, Baz2a, Bbs2, Bbs4, Bc1, Bcdin3d, Bcl11a, Bcl2, Bcl3, Bcl6, Bcl6b, Bclaf1, Bcor, Bcorl1, Bcr, Bdkrb1, Bdkrb2, Becn1, Bend3, Bend5, Bend6, Bex1, Bex2, Bex3, Bex4, Bex6, Bhlhe22, Bhlhe40, Bhlhe41, Bin1, Birc3, Birc5, Blm, Bmal1, Bmf, Bmi1, Bmp2, Bmp4, Bmp5, Bmp6, Bmp7, Bmpr1a, Bmyc, Boll, Bpi, Bptf, Brca1, Brd7, Brf1, Brip1, Brms1, Brms1l, Bscl2, Bst2, Btaf1, Btbd18, Btg2, Btk, Btn2a2, Btrc, C1d, C1qbp, C1qtnf12, C1qtnf3, C5ar2, C9orf72, Cacna1a, Cacng7, Cactin, Cadm1, Cadm4, Calcr, Calr, Caml, Capn3, Caprin1, Caprin2, Carhsp1, Carlr, Casc3, Casp3, Casp8ap2, Cast, Cav1, Cav3, Cavin3, Cbfa2t2, Cbfa2t3, Cbfb, Cblc, Cbx1, Cbx2, Cbx3, Cbx4, Cbx5, Cbx6, Cbx7, Cbx8, Cby1, Cc2d1a, Cc2d1b, Ccar1, Ccar2, Ccdc3, Ccdc85b, Ccl3, Ccn2, Ccnb1, Ccnc, Ccnd1, Ccnd3, Ccne1, Ccr1, Ccr1l1, Ccr7, Cd109, Cd200, Cd200r1, Cd22, Cd24a, Cd274, Cd276, Cd28, Cd2ap, Cd300a, Cd34, Cd36, Cd38, Cd3e, Cd46, Cd59a, Cd83, Cd84, Cd96, Cda, Cdc73, Cdh1, Cdk1, Cdk2, Cdk5, Cdk5r1, Cdk5rap1, Cdk5rap3, Cdk6, Cdk8, Cdkn1a, Cdkn1b, Cdkn1c, Cdkn2a, Cdkn2b, Cdkn2c, Cdkn2d, Cdt1, Cdx2, Cdx4, Cdyl, Ceacam1, Ceacam2, Cebpa, Cebpb, Cebpd, Cela1, Celf1, Celf2, Celf4, Cenpf, Cenpv, Cep43, Cep63, Cep78, Cep85, Cflar, Cgas, Cggbp1, Ch25h, Chac1, Chaserr, Chd3, Chd4, Chd5, Chd8, Chek1, Chid1, Chlsn, Chmp1a, Chmp6, Chordc1, Chp1, Chrna7, Ciart, Cib1, Cic, Cidea, Cidec, Ciita, Cilp, Cipc, Cir1, Cirbp, Cited1, Cited2, Cldn19, Cldn3, Cldn5, Clec16a, Clec4a2, Clec4a3, Clec4a4, Clk2, Cln3, Clock, Clp1, Cltc, Clu, Cmklr1, Cmtm2a, Cnbp, Cnksr3, Cnot1, Cnot10, Cnot11, Cnot2, Cnot3, Cnot6, Cnot6l, Cnot7, Cnot8, Cnot9, Cnpy2, Cnr1, Coa8, Commd7, Comt, Cops2, Cops9, Coq7, Coro1c, Cox11, Cpb2, Cpeb1, Cpeb2, Cpeb3, Cpeb4, Cpne1, Cptp, Crb2, Creb1, Creb3l1, Crebbp, Crebrf, Crebzf, Crem, Crh, Crhr2, Crkl, Crp, Crtap, Crtc3, Cry1, Cry2, Cryaa, Cryab, Cryba1, Crym, Csdc2, Csde1, Csf2, Csk, Csnk2a1, Csnk2a2, Csnk2b, Cst3, Cst7, Csta1, Csta2, Csta3, Cstb, Cstdc3, Cstdc4, Cstdc5, Cstdc6, Ctbp1, Ctbp2, Ctc1, Ctcf, Ctdsp1, Ctdsp2, Ctdspl, Ctif, Ctla2a, Ctnnb1, Ctnnbip1, Ctns, Ctr9, Ctsa, Ctsz, Cuedc2, Cul3, Cux1, Cux2, Cx3cl1, Cx3cr1, Cxxc5, Cyfip1, Cygb, Cyp27b1, Cyp2j6, Cyp51, Cyp7a1, Cyren, Cys1, D1Pas1, Dab2, Dab2ip, Dach1, Dact1, Dap, Dapk1, Dapk3, Dapl1, Daxx, Dazl, Dbi, Dbndd2, Dcaf1, Dcaf5, Dcp1a, Dcp1b, Dcp2, Dcps, Dcun1d3, Ddit3, Ddit4, Ddrgk1, Ddx17, Ddx20, Ddx3x, Ddx3y, Ddx4, Ddx5, Ddx54, Ddx56, Ddx6, Deaf1, Dedd, Depdc1a, Deptor, Dffa, Dffb, Dgat2, Dgcr8, Dgkq, Dhrs7b, Dhx34, Dhx36, Dhx58, Dhx9, Dicer1, Dip2a, Dis3, Dis3l, Dis3l2, Dkc1, Dkk1, Dkk3, Dkkl1, Dlg1, Dll1, Dll4, Dlx1, Dlx2, Dlx4, Dmap1, Dmbx1, Dmd, Dmrt1, Dmrt1i, Dmtn, Dnaja1, Dnaja3, Dnajb1, Dnajb2, Dnajb4, Dnajb5, Dnajb6, Dnajc10, Dnajc15, Dnajc17, Dnajc2, Dnajc3, Dnd1, Dnmt1, Dnmt3a, Dnmt3b, Dnmt3l, Dock7, Dot1l, Dr1, Drap1, Drd2, Drd3, Drosha, Dtnbp1, Dtx3l, Dubr, Dusp1, Dusp10, Dusp15, Dusp19, Dusp22, Dusp26, Dusp3, Dusp5, Dusp6, Dusp7, Dvl1, Dxo, Dynll1, Dyrk1a, Dysf, E2f1, E2f6, E2f7, E2f8, E4f1, Eapp, Ecm1, Edc3, Edc4, Edn1, Ednrb, Eed, Efna1, Egfr, Egr1, Ehmt1, Ehmt2, Eid1, Eid2, Eid2b, Eif2a, Eif2ak1, Eif2ak2, Eif2ak3, Eif2ak4, Eif2s1, Eif3e, Eif3h, Eif4a3, Eif4a3l1, Eif4a3l2, Eif4e, Eif4e2, Eif4ebp1, Eif4ebp2, Eif4ebp3, Eif4enif1, Eif4g1, Eif4g2, Eif6, Elane, Elavl1, Elavl4, Elf2, Elf3, Elf4, Elk3, Elk4, Elob, Eloc, Emilin1, En1, Enc1, Endou, Eng, Eno1, Eno1b, Enpp1, Enpp7, Entpd1, Eomes, Ep300, Epas1, Epc1, Epha1, Epha2, Epha4, Ephb2, Epm2a, Epo, Epor, Eppin, Eprs1, Epx, Erbin, Ercc1, Ercc4, Ercc6, Ereg, Erfe, Eri1, Erlin1, Erlin2, Ern1, Ern2, Erp29, Errfi1, Esr1, Esr2, Esrra, Esrrb, Esx1, Etf1, Etfbkmt, Ets2, Etv3, Etv6, Exd1, Exosc10, Exosc2, Exosc3, Exosc4, Exosc5, Exosc6, Exosc7, Exosc8, Exosc9, Extl3, Ezh1, Ezh2, Ezr, F2, F2rl1, F8a, Fabp4, Fam220a, Fam76b, Fancb, Fasl, Fastk, Fastkd1, Fastkd2, Fastkd3, Fastkd5, Fbh1, Fbln1, Fbln5, Fbp1, Fbxo24, Fbxo43, Fbxo5, Fbxo7, Fbxw11, Fbxw7, Fcgr2b, Fcor, Fem1a, Ferd3l, Fermt1, Fetub, Fez1, Fez2, Fezf1, Fezf2, Ffar1, Ffar4, Fgf15, Fgf9, Fgfr1, Fgfr2, Fgfr3, Fgfr4, Fhit, Fhl2, Fis1, Fkbp6, Fkbp8, Flcn, Flna, Flot2, Flt1, Flt3, Flywch1, Fmc1, Fmn2, Fmo1, Fmo2, Fmo4, Fmr1, Fn1, Fnip1, Fnip2, Focad, Foxa1, Foxa2, Foxc1, Foxc2, Foxd1, Foxd3, Foxe1, Foxf1, Foxf2, Foxg1, Foxh1, Foxj1, Foxk1, Foxk2, Foxl2, Foxm1, Foxn3, Foxo1, Foxo3, Foxp1, Foxp2, Foxp3, Foxp4, Foxq1, Foxr1, Foxs1, Frk, Fry, Fscb, Fst, Fto, Ftx, Furin, Fus, Fxr1, Fxr2, Fxyd1, Fyn, Fzd1, G6pd2, G6pdx, Gabarapl2, Gabpa, Gadd45a, Gadd45b, Gadd45g, Gapdh, Gapdh-ps15, Gapdhrt, Gapdhrt2, Garem1, Gas1, Gas5, Gas6, Gata1, Gata2, Gata3, Gata4, Gata5, Gata6, Gatad2a, Gatad2b, Gba1, Gbp4, Gbp7, Gchfr, Gck, Gckr, Gclc, Gdnf, Gfi1, Gfpt1, Gfra2, Gga3, Ggnbp2, Ghrl, Ghsr, Gigyf2, Gimap3, Gimap5, Gipc1, Git1, Gja1, Gla, Glg1, Gli2, Gli3, Glis1, Glis2, Glis3, Glrp1, Gm17067, Gm38999, Gm4275, Gm4924, Gmnn, Gmppa, Gnaq, Gnl3l, Golga2, Gon4l, Got1, Gpat2, Gpatch3, Gpd1l, Gper1, Gpld1, Gpnmb, Gpr174, Gpr18, Gprc5a, Gps2, Grb10, Grb7, Grem1, Grin2a, Grin2c, Grk2, Grn, Gsc, Gsk3b, Gskip, Gspt1, Gspt2, Gstp-ps, Gstp1, Gstp2, Gstp3, Gtf2ird1, Gtpbp1, Gtpbp2, Gtpbp4, Gtsf1, Gzf1, Gzma, Gzmb, Gzmc, Gzmn, H19, H1f0, H1f1, H1f10, H1f2, H1f3, H1f4, H1f5, H1f6, H1f8, H1f9, H2ab1, H2ab2, H2ab3, H2ac1, H2ac10, H2ac11, H2ac12, H2ac13, H2ac15, H2ac19, H2ac20, H2ac21, H2ac22, H2ac23, H2ac24, H2ac25, H2ac4, H2ac6, H2ac7, H2ac8, H2aj, H2al1b, H2al1e, H2al1f, H2al1j, H2al1k, H2al1m, H2al1n, H2al1o, H2al2a, H2al2b, H2al3, H2ap, H2ax, H2az1, H2az2, H3c14, H3f3a, H3f3b, Habp4, Halr1, Hamp, Hand1, Hand2, Hap1, Hat1, Havcr2, Hba-x, Hbb-bh1, Hbb-y, Hbegf, Hbp1, Hbs1l, Hcar1, Hcar2, Hcfc1, Hcfc2, Hcls1, Hcrt, Hdac1, Hdac10, Hdac2, Hdac3, Hdac4, Hdac5, Hdac6, Hdac7, Hdac8, Hdac9, Hdgf, Heg1, Helb, Hells, Helt, Helz, Helz2, Henmt1, Herc1, Hes1, Hes2, Hes3, Hes5, Hes6, Hes7, Hesx1, Hexim1, Hexim2, Hey1, Hey2, Heyl, Hfe, Hgf, Hhatl, Hhex, Hic1, Hif1a, Hif1an, Hinfp, Hint2, Hipk1, Hipk2, Hipk3, Hivep1, Hjv, Hk2, Hmbox1, Hmg20a, Hmg20b, Hmga1, Hmga1b, Hmga2, Hmgb1, Hmgb2, Hmgcr, Hmgn2, Hmox1, Hmx1, Hnf1a, Hnf1b, Hnf4a, Hnrnpa0, Hnrnpa2b1, Hnrnpab, Hnrnpc, Hnrnpd, Hnrnpk, Hnrnpl, Hnrnpr, Hnrnpu, Homer2, Homer3, Hopx, Hotair, Hoxa2, Hoxa7, Hoxb13, Hoxb3, Hoxb4, Hoxb8, Hoxc10, Hoxc8, Hoxd8, Hoxd9, Hpn, Hr, Hras, Hrh1, Hsbp1, Hsbp1l1, Hsf1, Hsf4, Hsf5, Hsp90ab1, Hspa1a, Hspa1b, Hspa4, Hspa8, Hspb1, Hspd1, Hspg2, Htr2c, Htra2, Hyal2, Ibtk, Id1, Id2, Id3, Id4, Ide, Idi2, Ido1, Ier3, Ifi203, Ifi203-ps, Ifi206, Ifi207, Ifi208, Ifi209, Ifi213, Ifi214, Ifi27, Ifnb1, Ifng, Ifrd2, Ift172, Igf1, Igf2, Igf2bp1, Igf2bp2, Igf2bp3, Igfbp3, Igfbp5, Ighmbp2, Igtp, Ikbke, Ikzf1, Ikzf4, Ikzf5, Il10, Il10ra, Il12a, Il12b, Il13, Il13ra2, Il15, Il18, Il18r1, Il1b, Il1r2, Il1rl1, Il2, Il20rb, Il23a, Il23r, Il27ra, Il3, Il33, Il36rn, Il4, Il6, Il6ra, Ilf3, Ilrun, Impact, Inca1, Ing1, Ing2, Ing4, Inhbb, Inpp5d, Inpp5e, Inpp5f, Inpp5j, Inpp5k, Inppl1, Ins1, Ins2, Insig1, Insig2, Insm1, Insm2, Insr, Ip6k1, Iqgap1, Iqgap3, Irak1, Irak3, Ireb2, Irf1, Irf2bp1, Irf2bp2, Irf2bpl, Irf8, Irgm1, Irgm2, Irs2, Irx1, Irx2, Irx3, Irx4, Irx6, Isg15, Isl1, Israa, Isx, Isyna1, Itgam, Itgav, Itgb1bp1, Itgb3, Itgb8, Itm2a, Itm2b, Itm2c, Ivns1abp, Jak3, Jarid2, Jazf1, Jdp2, Jph2, Jpx, Jun, Jund, Kank2, Kantr, Kat14, Kat2a, Kat2b, Kat5, Kat6a, Kat6b, Kat8, Kcnip3, Kcnk2, Kcnq1ot1, Kctd1, Kctd15, Kdm1a, Kdm2a, Kdm2b, Kdm4a, Kdm5a, Kdm5b, Kdm5c, Kdm8, Kdr, Keap1, Khdrbs1, Khsrp, Kirrel1, Kirrel2, Klf10, Klf11, Klf12, Klf15, Klf16, Klf17, Klf2, Klf3, Klf4, Klf5, Klf7, Klf8, Klhl15, Klhl22, Klhl25, Klhl31, Klhl40, Kmt2a, Kmt2b, Kmt2d, Kmt5a, Kng1, Kng2, Kpna7, L3mbtl1, L3mbtl2, L3mbtl3, L3mbtl4, Lag3, Lama4, Lamp3, Lancl2, Laptm4b, Laptm5, Larp1, Larp4b, Larp7, Larp7-ps, Lats1, Lats2, Lbh, Lbp, Lbr, Lcor, Ldb1, Ldb2, Ldc1, Ldlr, Lef1, Lefty1, Lep, Lepr, Lgals9, Lgmn, Lgr4, Lhx1, Lhx2, Lhx9, Lig3, Lilra5, Lilrb4a, Lilrb4b, Limd1, Limk1, Lims1, Lin28a, Lin28b, Lin37, Lmcd1, Lmna, Lmnb1, Lmnb2, Lmo1, Lmo4, Lnpep, Loxl2, Loxl3, Lpcat1, Lpin1, Lrif1, Lrig2, Lrp1, Lrp3, Lrp6, Lrpprc, Lrrc32, Lrrfip1, Lrrk1, Lrrk2, Lsm1, Lsm14a, Lsm14b, Lsm2, Lsm4, Lsm5, Lsm6, Lsm7, Ltf, Lyar, Lyn, Lypla1, Lzts1, Macir, Macroh2a1, Macroh2a2, Mad2l1, Mad2l2, Mael, Maf, Maf1, Mafk, Magea1, Magea10, Magea13, Magea14, Magea2, Magea3, Magea4, Magea5, Magea6, Magea8, Magea9, Mageb11, Mageb16, Mageb18, Mageb2, Mageb3, Mageb4, Mageb5, Mageb5b, Mageb6b1, Magec2, Maged1, Maged2, Magee1, Magee2, Mageh1, Magel2, Magoh, Magohb, Malrd1, Malsu1, Map1a, Map2k1, Map2k2, Map2k5, Map2k6, Map3k10, Map3k20, Map3k7, Mapk10, Mapk15, Mapk8ip1, Mapkapk2, Mapkbp1, Mapt, Marchf7, Marchf8, Mark1, Mas1, Max, Maz, Mbd1, Mbd2, Mbd3, Mbd3l1, Mbd3l2, Mbip, Mbtd1, Mc1r, Mcl1, Mcph1, Mcrs1, Mdfi, Mdfic, Mdfic2, Mdm2, Mdm4, Mecom, Mecp2, Med1, Med25, Mef2a, Mef2c, Mefv, Meioc, Men1, Mepce, Mertk, Mesp1, Met, Mettl1, Mettl13, Mettl14, Mettl16, Mettl3, Mettl4, Mex3d, Mfn2, Mfsd12, Mfsd2a, Mgat3, Mgat4d, Mical1, Mideas, Midn, Mier1, Mier2, Mier3, Mif, Minar1, Mir100, Mir101a, Mir101b, Mir107, Mir10a, Mir124-2hg, Mir1247, Mir124a-1, Mir124a-1hg, Mir124a-2, Mir124a-3, Mir125a, Mir125b-1, Mir125b-2, Mir129, Mir129-1, Mir129-2, Mir133a-1, Mir133a-1hg, Mir133a-2, Mir134, Mir135a-1, Mir135a-2, Mir137, Mir140, Mir143, Mir144, Mir146, Mir154, Mir155, Mir15a, Mir17, Mir18, Mir181b-1, Mir181b-2, Mir182, Mir183, Mir186, Mir196a-1, Mir196a-2, Mir196b, Mir199a-2, Mir1a-1, Mir1a-2, Mir1b, Mir200a, Mir200b, Mir203, Mir204, Mir205, Mir208b, Mir214, Mir217, Mir218, Mir218-1, Mir218-2, Mir219a-1, Mir219a-2, Mir21a, Mir21b, Mir21c, Mir221, Mir223, Mir23a, Mir24-1, Mir24-2, Mir26a-1, Mir26a-2, Mir26b, Mir296, Mir29a, Mir29b-1, Mir29b-2, Mir29c, Mir301, Mir30a, Mir30c-1, Mir30c-2, Mir320, Mir324, Mir33, Mir330, Mir338, Mir34a, Mir34b, Mir34c, Mir351, Mir370, Mir382, Mir3960, Mir411, Mir423, Mir448, Mir449a, Mir449b, Mir449c, Mir450b, Mir451a, Mir451b, Mir466l, Mir470, Mir489, Mir494, Mir495, Mir504, Mir505, Mir511, Mir539, Mir541, Mir543, Mir668, Mir675, Mir696, Mir7-1, Mir7-2, Mir702, Mir7116, Mir7578, Mir7b, Mir873a, Mir874, Mir875, Mir9-1, Mir96, Mir98, Mirlet7a-1, Mirlet7a-2, Mirlet7b, Mirlet7c-1, Mirlet7c-2, Mirlet7e, Mirlet7g, Mis18a, Mitf, Mkks, Mkx, Mlh1, Mlip, Mllt1, Mlst8, Mlx, Mlxipl, Mmp12, Mmp3, Mndal, Mnt, Mnx1, Morc1, Morc2a, Morc2b, Morc3, Mospd1, Mov10, Mov10l1, Mphosph8, Mpv17l, Mre11a, Mrpl13, Mrto4, Msc, Msh2, Msh3, Msh6, Msr1, Mst1, Mstn, Msx1, Msx1os, Msx2, Msx3, Mt3, Mta1, Mta2, Mta3, Mtch2, Mtcl2, Mtdh, Mterf3, Mtf2, Mtm1, Mtmr2, Mtmr9, Mtor, Mtpap, Muc1, Muc16, Mul1, Mup1, Mup11, Mup2, Mup3, Mup4, Mup5, Musk, Mvk, Mvp, Mxd1, Mxd3, Mxd4, Mxi1, Myadm, Myb, Mybbp1a, Myc, Mycbp2, Mycn, Mycs, Myd88, Myef2, Myf6, Mynn, Myocd, Myog, Myoz1, Myoz2, Mypop, Myt1, Myt1l, Mzf1, N4bp1, N4bp2l2, N6amt1, Nab1, Nab2, Nacc1, Nacc2, Naf1, Nampt, Nanog, Nanos1, Nanos2, Nanos3, Nat10, Nav3, Nbas, Nbdy, Nbn, Ncbp1, Ncbp2, Ncbp3, Nck1, Nck2, Nckap1l, Ncl, Ncoa2, Ncoa7, Ncor1, Ncor2, Ndfip1, Ndfip2, Ndn, Ndrg2, Ndufa13, Ndufc2, Nedd4, Neil1, Nelfa, Nelfb, Nelfcd, Nelfe, Nell1, Nepn, Neurog3, Nf1, Nf2, Nfatc1, Nfatc2, Nfatc3, Nfatc4, Nfe2l1, Nfe2l3, Nfib, Nfic, Nfil3, Nfix, Nfkb1, Nfkbie, Nfkbil1, Nfx1, Niban1, Niban2, Nicol1, Nif3l1, Nipbl, Nkap, Nkrf, Nkx2-1, Nkx2-5, Nkx3-1, Nkx3-2, Nkx6-1, Nkx6-2, Nkx6-3, Nlrc3, Nlrp12, Nlrp3, Nlrp6, Nlrx1, Nmb, Nmbr, Nme1, Nmi, Nmnat1, Nmnat2, Nnt, Noc2l, Noct, Nod2, Nodal, Nog, Nolc1, Nono, Nop53, Nos2, Nostrin, Notch1, Notch2, Notch3, Notch4, Nova1, Nova2, Npas1, Npat, Npc1, Nploc4, Npm1, Nppa, Nppc, Npr3, Nprl2, Nptn, Nqo1, Nr0b1, Nr0b2, Nr1d1, Nr1d2, Nr1h2, Nr1h3, Nr1h4, Nr1h5, Nr1i2, Nr1i3, Nr2c1, Nr2c2, Nr2e1, Nr2e3, Nr2f1, Nr2f2, Nr2f6, Nr3c1, Nr4a2, Nr4a3, Nr6a1, Nrarp, Nrbp2, Nrdc, Nrde2, Nrg1, Nrip1, Nrip2, Nron, Nrxn1, Nscme3l, Nsd1, Nsd2, Nsd3, Nsmce3, Nsun2, Ntf3, Ntrk2, Ntrk3, Nts, Nudt12, Nudt16, Nudt16l1, Nudt16l2, Nup155, Nup62, Nupr1, Nupr2, Nutf2, Nutf2-ps1, Nxn, Oas1a, Oas1b, Oas1c, Oas1d, Oas1e, Oas1f, Oas1g, Oas1h, Oas3, Oaz1, Obox4, Obp2a, Ocln, Oga, Ogg1, Ogt, Olfm1, Olig2, Olig3, Olr1, Oog1, Oog2, Oog3, Ophn1, Opn3, Oprd1, Oprm1, Optn, Ormdl1, Ormdl2, Ormdl3, Osr1, Osr2, Otp, Otub1, Otud5, Otud6b, Otud7b, Ovol1, Ovol2, Oxr1, P3h1, Pa2g4, Pabpc1, Pabpc4, Pabpn1l, Paf1, Paip1, Paip2, Paip2b, Pan2, Pan3, Paqr3, Pard3, Pard6a, Park7, Parn, Parp1, Parp10, Parp14, Parp16, Parp3, Parp9, Parpbp, Pasd1, Pask, Patl1, Patl2, Patz1, Pawr, Pax2, Pax3, Pax4, Pax5, Pax6, Pax9, Pbk, Pbxip1, Pcbp3, Pcbp4, Pcgf1, Pcgf2, Pcgf3, Pcgf5, Pcgf6, Pcid2, Pcif1, Pcna, Pcsk9, Pctp, Pcx, Pdcd10, Pdcd1lg2, Pdcd4, Pdcl3, Pde12, Pde2a, Pde3b, Pde4d, Pde8b, Pdgfa, Pdgfb, Pds5a, Pdx1, Pebp1, Pecam1, Peg3, Peli3, Pelo, Per1, Per2, Per3, Pex14, Pfdn1, Pfdn2, Pfdn4, Pfdn5, Pfdn6, Pfkfb1, Pgam5, Pglyrp1, Pglyrp2, Pglyrp3, Pglyrp4, Pgp, Pgr, Phax, Phb1, Phb2, Phc1, Phc2, Phc3, Phf1, Phf12, Phf14, Phf19, Phf2, Phf20l1, Phf21a, Phf23, Phf6, Phf8, Pias1, Pias3, Pias4, Pibf1, Picalm, Pick1, Pid1, Pif1, Pik3ca, Pik3cd, Pik3cg, Pik3r1, Pin1, Pin1rt1, Pink1, Pinx1, Pip5kl1, Pirb, Pitx1, Pitx2, Piwil1, Piwil2, Piwil4, Pkia, Pkib, Pkig, Pkn1, Pkp1, Pkp3, Pla2g10, Pla2g3, Plaa, Plag1, Plat, Plau, Plcb1, Plcl1, Plcl2, Pld6, Plec, Plek, Plekhn1, Plin5, Plk1, Plk3, Plpp3, Pml, Pmp22, Pnldc1, Pnpt1, Pnrc1, Pnrc2, Poldip2, Pole3, Polq, Polr2g, Pomc, Pon3, Pot1a, Pot1b, Pou1f1, Pou2f1, Pou3f1, Pou3f2, Pou3f3, Pou4f1, Pou4f2, Pou5f1, Pou6f1, Ppara, Ppard, Pparg, Ppargc1a, Ppargc1b, Ppef2, Pphln1, Ppia, Ppid, Ppif, Ppm1b, Ppm1d, Ppm1e, Ppm1f, Ppp1r11, Ppp1r13l, Ppp1r15a, Ppp1r15b, Ppp1r3b, Ppp2ca, Ppp2cb, Ppp2r5d, Ppp3ca, Ppp4c, Ppp5c, Pramel1, Pramel7, Prdm1, Prdm11, Prdm12, Prdm13, Prdm14, Prdm16, Prdm2, Prdm4, Prdm5, Prdm6, Prdm8, Prdx3, Prdx5, Prex1, Prex2, Prg2, Prg3, Prg4, Prickle1, Prkaa1, Prkaa2, Prkaca, Prkag2, Prkag3, Prkar1a, Prkca, Prkcd, Prkce, Prkcg, Prkch, Prkcz, Prkdc, Prkg1, Prkn, Prkra, Prkrip1, Prmt2, Prmt3, Prmt5, Prmt6, Prnp, Prop1, Prox1, Prpf18, Prr5l, Prrx1, Psen1, Psen2, Psmc5, Psmd10, Psme3ip1, Psmf1, Pspc1, Ptbp1, Ptbp2, Ptbp3, Ptch1, Pten, Ptger4, Ptgis, Ptgr1, Ptgs2os, Ptk2, Ptk6, Ptpn1, Ptpn11, Ptpn13, Ptpn2, Ptpn22, Ptpn3, Ptpn6, Ptprb, Ptprc, Ptprh, Ptprj, Ptprk, Ptpro, Ptprs, Ptprt, Ptrh2, Ptx3, Pum1, Pum2, Pura, Purb, Pus10, Pus7, Pwp1, Pycard, Pym1, Qars1, Qki, Qrich2, Qsox1, Rab23, Rabgef1, Rac1, Rack1, Rad17, Rad18, Rad21, Rad50, Radx, Ralgapa1, Raly, Rap1a, Rapgef2, Rapgef3, Rara, Rarb, Rarg, Rasd1, Rasd2, Rasip1, Rassf2, Rb1, Rbbp4, Rbbp7, Rbbp8, Rbfox2, Rbl1, Rbl2, Rbm10, Rbm15, Rbm15b, Rbm20, Rbm24, Rbm3, Rbm33, Rbm38, Rbm4, Rbm42, Rbm46, Rbm47, Rbm8a, Rbm8a2, Rbms3, Rbmxl1, Rbpj, Rbx1, Rbx1-ps, Rc3h1, Rc3h2, Rcor1, Rcor2, Rcor3, Rd3, Reck, Recql5, Rel, Rela, Relb, Rere, Resf1, Rest, Rfc1, Rfx3, Rfx5, Rgcc, Rgn, Rgp1, Rgs14, Rgs2, Rheb, Rhoa, Rhox2a, Rhox3a, Rhox5, Ric1, Rida, Rif1, Rilp, Ring1, Riox1, Riox2, Ripk1, Ripply1, Ripply2, Ripply3, Rlf, Rlim, Rmi2, Rnaseh2b, Rnasel, Rnf125, Rnf128, Rnf139, Rnf168, Rnf169, Rnf2, Rnf41, Rnf5, Rnf8, Rnps1, Robo1, Rock1, Rock2, Rorb, Rorc, Ros1, Rpl10, Rpl10-ps3, Rpl11, Rpl13a, Rpl23, Rpl5, Rps13, Rps14, Rps19, Rps23rg1, Rps26, Rps3, Rps6ka5, Rps7, Rptor, Rraga, Rragb, Rragc, Rragd, Rreb1, Rrp8, Rsf1, Rsl1, Rtel1, Rtf1, Rtn1, Rtn2, Rtn3, Rtn4, Rtraf, Rubcn, Runx1, Runx1t1, Runx2, Runx3, Ruvbl2, Rxra, Rybp, Rybp-ps, S100a1, Sall1, Sall2, Sall4, Samd1, Samd11, Samd4, Samd4b, Samd7, Samsn1, Sap130, Sap18, Sap18b, Sap25, Sap30, Sap30l, Sarnp, Sars1, Satb1, Satb2, Sbno2, Scaf4, Scaf8, Scai, Scfd1, Scgb1a1, Scmh1, Scml2, Scml4, Sco1, Scrib, Scrt1, Scrt2, Scx, Sdcbp, Sdr16c5, Sec22b, Secisbp2, Selenos, Sema4d, Senp1, Senp2, Senp3, Serbp1, Serpina12, Serpina5, Serpinb10, Serpinb11, Serpinb12, Serpinb13, Serpinb1a, Serpinb1b, Serpinb1c, Serpinb2, Serpinb3a, Serpinb3b, Serpinb3c, Serpinb3d, Serpinb5, Serpinb6a, Serpinb6b, Serpinb6c, Serpinb6d, Serpinb6e, Serpinb7, Serpinb8, Serpinb9, Serpinb9b, Serpinb9c, Serpinb9d, Serpinb9e, Serpinb9f, Serpinb9g, Serpinb9h, Serpind1, Serpine1, Serpine2, Serpine3, Serpinf1, Serpinf2, Serping1, Serpinh1, Serpini1, Serpini2, Sesn2, Setd5, Setdb1, Setdb2, Setmar, Sf3b3, Sfmbt1, Sfmbt2, Sfn, Sfpq, Sfrp1, Sfrp2, Sfrp5, Sfswap, Sftpd, Sgf29, Sgms1os1, Sgta, Sh2d1b1, Sh3bp5, Sh3gl2, Sh3rf2, Shb, Shc1, Shfl, Shh, Shld1, Shld2, Shld3, Shmt1, Shox2, Sigirr, Siglec1, Siglecg, Sik1, Sik2, Sim2, Sin3a, Sin3b, Sinhcaf, Sirpa, Sirt1, Sirt2, Sirt3, Sirt4, Sirt5, Sirt6, Sirt7, Six1, Six3, Six4, Six5, Ski, Skic2, Skic3, Skic8, Skil, Skor1, Skor2, Sla2, Slamf1, Slamf8, Slc11a1, Slc22a13, Slc24a3, Slc24a5, Slc25a12, Slc27a1, Slc27a4, Slc2a10, Slc35c2, Slc37a4, Slc4a1, Slc7a5, Slc8a1, Slc8a3, Slfn1, Slfn14, Slfn2, Slirp, Slit2, Slit3, Slx4, Smad2, Smad3, Smad4, Smad5, Smad7, Smarca1, Smarca2, Smarca4, Smarca5, Smarcad1, Smarcc1, Smarcc2, Smarce1, Smchd1, Smcr8, Smg1, Smg5, Smg6, Smg7, Smg8, Smg9, Smo, Smpd1, Smpd3, Smtnl1, Smyd1, Smyd2, Smyd3, Smyd5, Snai1, Snai2, Snai3, Snca, Snd1, Snip1, Snta1, Snw1, Snx12, Snx3, Snx6, Socs1, Socs3, Socs4, Socs5, Sod1, Sorbs3, Sorl1, Sox1, Sox10, Sox11, Sox12, Sox13, Sox14, Sox15, Sox18, Sox2, Sox21, Sox3, Sox30, Sox4, Sox5, Sox6, Sox7, Sox8, Sox9, Sp100, Sp2, Sp3, Sp5, Spag11a, Spag9, Spdef, Spen, Sphk1, Spi1, Spin1, Spindoc, Spink1, Spink12, Spink2, Spink5, Spink6, Spink7, Spocd1, Spock1, Spock3, Spon1, Spop, Spopl, Spout1, Spred1, Spred2, Spry1, Spry2, Spry4, Spty2d1, Sqstm1, Src, Srcin1, Srebf1, Srebf2, Srf, Srgn, Srp9, Srrt, Srsf1, Srsf10, Srsf3, Srsf4, Srsf6, Srsf7, Srsf9, Sry, Ssb, Ssc5d, St18, Stap1, Stat1, Stat3, Stat6, Stc2, Stfa1, Stfa2, Stfa2l1, Stfa3, Stk11, Stk38, Stk38l, Stn1, Stox1, Strap, Strm, Strn3, Styx, Styx-ps, Sub1, Suds3, Sufu, Sumf2, Sumo1, Sumo2, Supt4a, Supt4b, Supt5, Supv3l1, Suv39h1, Suv39h2, Suz12, Svbp, Svip, Syncrip, Syt11, T, Tada3, Taf15, Taf3, Taf7, Taf9, Taf9b, Tagln3, Tal1, Tarbp2, Tardbp, Tasor, Tasor2, Tbc1d14, Tbc1d24, Tbk1, Tbl1x, Tbl1xr1, Tbr1, Tbrg4, Tbx1, Tbx15, Tbx18, Tbx2, Tbx20, Tbx21, Tbx22, Tbx3, Tbx6, Tceal7, Tcerg1, Tcf21, Tcf23, Tcf25, Tcf3, Tcf4, Tcf7, Tcf7l1, Tcf7l2, Tcfl5, Tcl1, Tcp10a, Tcp10b, Tcp10c, Tdg, Tdrd1, Tdrd12, Tdrd5, Tdrd6, Tdrd7, Tdrd9, Tdrkh, Ten1, Tenm2, Tent2, Tent4a, Tent4b, Tent5a, Tent5b, Tent5c, Tent5d, Terf1, Terf2, Terf2ip, Tert, Tesk1, Tet1, Tex15, Tex19.1, Tex19.2, Tfap2a, Tfap2b, Tfap2c, Tfap4, Tfcp2l1, Tfdp2, Tfe3, Tfec, Tgfb1, Tgfb2, Tgfb3, Tgfbr1, Tgfbr3, Tgif1, Tgif2, Thap1, Thap11, Thap7, Thbs1, Thra, Thrap3, Thrb, Thy1, Tia1, Tial1, Ticam2, Tigar, Tigit, Timeless, Timp1, Timp2, Timp3, Timp4, Tinf2, Tiparp, Tipin, Tirap, Tle1, Tle2, Tle3, Tle4, Tle5, Tle6, Tlk2, Tlr2, Tlr4, Tlr6, Tlr8, Tm4sf20, Tmbim6, Tmed10, Tmed2, Tmeff2, Tmem132a, Tmem132c, Tmem225, Tmem39a, Tmem98, Tmf1, Tmprss6, Tmx1, Tnf, Tnfaip3, Tnfrsf1a, Tnfrsf21, Tnfrsf4, Tnfsf11, Tnfsf4, Tnks, Tnks2, Tnp1, Tnrc6a, Tnrc6b, Tnrc6c, Tob1, Tppp, Tpr, Traf2, Traf3ip1, Traf3ip2, Traf5, Traf6, Traf7, Traip, Trap1, Trat1, Trdmt1, Trem2, Trerf1, Trib1, Trib2, Trib3, Trim11, Trim21, Trim24, Trim27, Trim28, Trim29, Trim30a, Trim37, Trim39, Trim40, Trim44, Trim6, Trim63, Trim66, Trim71, Trip12, Tro, Trp53, Trp53bp1, Trp53cor1, Trp53inp1, Trp63, Trps1, Trpv1, Trpv4, Trub1, Tsc1, Tsc2, Tsc22d4, Tsg101, Tshz3, Tsix, Tsku, Tsn, Tsnax, Tspo, Tspyl2, Ttbk1, Ttc36, Ttc5, Ttf1, Tusc2, Tut4, Tut7, Twist1, Twist2, Twsg1, Txn1, Txnip, Tyms, Tyrobp, U2af2, Uba3, Ubash3b, Ube2b, Ube2i, Ubqln4, Ubr2, Ubr4, Ubr5, Ubxn1, Ubxn2a, Uchl1, Uchl5, Ucn, Ucn2, Ufd1, Ufl1, Ufsp2, Uhrf1, Uhrf2, Uimc1, Unk, Upf1, Upf2, Upf3a, Upf3b, Upk3b, Uri1, Usp14, Usp17le, Usp19, Usp2, Usp25, Usp26, Usp3, Usp30, Usp36, Usp38, Usp4, Usp44, Usp47, Usp5, Usp7, Usp8, Usp9x, Uty, Uxt, Vax1, Vax2, Vbp1, Vdac1, Vdr, Vegfa, Vegfb, Vgll4, Vhl, Vim, Vip, Vpreb3, Vps13c, Vps25, Vps28, Vps35, Vsig4, Vsir, Vsx2, Vtn, Wac, Wapl, Wars1, Washc1, Wdhd1, Wdr35, Wdr5, Wdr6, Wdr82, Wdtc1, Wee2, Wfdc6a, Wfikkn1, Wfs1, Wnk1, Wnk4, Wnt1, Wnt10b, Wnt11, Wnt4, Wnt5a, Wnt8b, Wt1, Wtip, Wwc1, Wwc2, Wwp1, Wwp2, Wwtr1, Xaf1, Xbp1, Xcl1, Xdh, Xist, Xpc, Xpo1, Xpo5, Xrcc1, Xrcc4, Xrcc5, Xrcc6, Xrn1, Xrn2, Yaf2, Yap1, Ybx1, Ybx2, Ybx3, Yeats2, Ylpm1, Ythdc1, Ythdf1, Ythdf2, Ythdf3, Ywhab, Ywhaq, Ywhaq-ps3, Ywhaz, Yy1, Zar1, Zar1l, Zbed3, Zbed6, Zbtb1, Zbtb10, Zbtb12, Zbtb14, Zbtb16, Zbtb18, Zbtb2, Zbtb20, Zbtb21, Zbtb24, Zbtb25, Zbtb26, Zbtb32, Zbtb33, Zbtb34, Zbtb37, Zbtb38, Zbtb39, Zbtb4, Zbtb42, Zbtb45, Zbtb46, Zbtb49, Zbtb5, Zbtb6, Zbtb7a, Zbtb7b, Zbtb8a, Zc3h10, Zc3h12a, Zc3h12d, Zc3h14, Zc3h4, Zc3h6, Zc3h7a, Zc3h7b, Zc3h8, Zc3hav1, Zcchc17, Zcchc7, Zdhhc7, Zeb1, Zeb2, Zfhx3, Zfp1006, Zfp111, Zfp12, Zfp125, Zfp128, Zfp13, Zfp131, Zfp148, Zfp174, Zfp175, Zfp202, Zfp217, Zfp219, Zfp239, Zfp24, Zfp263, Zfp281, Zfp296, Zfp3, Zfp318, Zfp354a, Zfp354b, Zfp354c, Zfp36, Zfp366, Zfp36l1, Zfp36l2, Zfp36l3, Zfp382, Zfp386, Zfp397, Zfp410, Zfp418, Zfp423, Zfp438, Zfp445, Zfp451, Zfp469, Zfp473, Zfp488, Zfp503, Zfp512b, Zfp536, Zfp541, Zfp568, Zfp57, Zfp598, Zfp608, Zfp616, Zfp639, Zfp653, Zfp658, Zfp668, Zfp683, Zfp692, Zfp703, Zfp706, Zfp715, Zfp735, Zfp746, Zfp748, Zfp750, Zfp777, Zfp809, Zfp819, Zfp827, Zfp869, Zfp90, Zfp932, Zfp958, Zfp973, Zfpm1, Zfpm2, Zfta, Zfy2, Zfyve28, Zglp1, Zgpat, Zhx1, Zhx2, Zhx3, Zic2, Zkscan3, Zmpste24, Zmym2, Zmym5, Zmynd11, Zmynd15, Zmynd8, Znfx1, Znhit1, Zp3, Zpbp2, Zranb3, Zscan10, Zscan4c, Zswim8
GO:0043487	regulation of RNA stability	191	11	2.78	0.00012	0.022062857142857144	Ago1, Ago2, Ago3, Alkbh5, Ang, Angel2, Apex1, Apobec1, Arid5a, Axin2, Boll, Brf1, Btg2, Cacng7, Calcr, Caprin1, Carhsp1, Celf1, Cirbp, Cnot1, Cnot2, Cnot3, Cnot6, Cnot6l, Cnot7, Cnot8, Cpeb3, Csdc2, Csde1, Dazl, Dcp1a, Dcp1b, Dcp2, Dcps, Ddx49, Dhx36, Dhx9, Dicer1, Dis3l2, Dkc1, Dnd1, Dxo, E2f1, Eif4enif1, Elavl1, Elavl4, Fam76b, Fastk, Fastkd1, Fastkd2, Fastkd3, Fastkd5, Fmr1, Fto, Fus, Fxr1, Fxr2, Gdnf, Gigyf2, Gtsf1, Hnrnpa0, Hnrnpc, Hnrnpd, Hnrnpr, Hnrnpu, Igf2bp1, Igf2bp2, Igf2bp3, Ikbke, Khsrp, Larp1, Larp4b, Lin28b, Lsm1, Mapkapk2, Meioc, Mettl1, Mettl14, Mettl16, Mettl3, Mex3d, Mir144, Mir196a-1, Mir196a-2, Mir196b, Mir451a, Mir451b, Mir466l, Mlh1, Mov10, Mtor, Myd88, Naf1, Nanos1, Nanos2, Nanos3, Nicol1, Nlrp5, Noct, Npm1, Nrde2, Nsun2, Pabpc1, Pabpc4, Pabpn1l, Paip1, Pan2, Pan3, Parn, Patl1, Patl2, Pcbp4, Pcid2, Pde12, Phax, Pias4, Piwil1, Piwil2, Piwil4, Plekhn1, Pnldc1, Pnpt1, Polr2g, Ptbp1, Pum1, Pum2, Qki, Rbm10, Rbm24, Rbm33, Rbm38, Rbm46, Rbm47, Rc3h1, Rc3h2, Rida, Rnasel, Rock1, Rock2, Samd4, Samd4b, Scgb1a1, Secisbp2, Senp1, Sgms1os1, Slc11a1, Slfn2, Srsf1, Syncrip, Taf15, Tardbp, Tbrg4, Tent4a, Tent4b, Tent5a, Tent5b, Tent5c, Tent5d, Thrap3, Tirap, Tnfrsf1b, Tnrc6a, Tnrc6b, Tnrc6c, Tob1, Traf2, Traf3ip2, Traf5, Trdmt1, Trim71, Tut4, Tut7, Upf1, Vegfa, Vim, Vip, Ybx1, Ybx2, Ythdf1, Ythdf2, Ythdf3, Zar1, Zc3h12a, Zc3h12d, Zc3h14, Zc3h18, Zcchc17, Zfp36, Zfp36l1, Zfp36l2, Zfp36l3
GO:0051046	regulation of secretion	796	26	11.6	0.00013	0.023345581395348838	A1cf, Aacs, Abat, Abca12, Abcb11, Abcc8, Abcg1, Abr, Acsl3, Acsl4, Acvr1c, Acvr2a, Ada, Adam9, Adcy5, Adcy8, Adcyap1, Adipoq, Adora1, Adora2a, Adora2b, Adora3, Adra2a, Adtrp, Agt, Agtr1a, Agtr2, Ahi1, Aimp1, Alox12b, Alox5, Ang, Ang2, Ang3, Ang4, Ang5, Ang6, Ankrd1, Ano1, Anxa1, Anxa2, Anxa5, Anxa7, Ap1g1, Apbb1, Apbb3, Apln, Apoe, Aqp1, Arf1, Arf6, Arfip1, Arhgef7, Arrb1, Asic1, Atg5, Atg7, Atp13a2, Atp2a2, Atp5pf, Atp9a, Avp, Avpr1a, Avpr1b, Bad, Baiap3, Bcl2l1, Bcr, Bglap, Bglap2, Birc5, Blk, Bmal1, Bmp2, Bmp6, Braf, Brsk2, Bsg, C1qtnf1, C1qtnf12, C1qtnf3, C2cd2l, C9orf72, Cacna1a, Cacna1b, Cacna1c, Cacna1d, Cacna1e, Cacna1g, Cacna1h, Cacna1i, Cacnb4, Cadps, Cadps2, Camk2a, Camk2n1, Capn10, Cartpt, Cask, Casr, Cbarp, Cck, Cckar, Cckbr, Ccl5, Ccn3, Ccr2, Cd160, Cd177, Cd200, Cd2ap, Cd300a, Cd38, Cd74, Cd84, Cdk16, Cdk5, Cdk5r2, Ceacam1, Cela2a, Ces1a, Ces1b, Ces1c, Ces1d, Ces1e, Ces1f, Ces1g, Ces1h, Cftr, Chd7, Chga, Chmp2a, Chrm3, Chrna3, Chrna4, Chrna6, Chrna7, Chrnb2, Clasp1, Clasp2, Clcf1, Cldn2, Clock, Cnr1, Cntf, Corin, Cpb2, Cplane2, Cplx1, Cplx3, Cplx4, Cpt1a, Creb1, Crh, Crhbp, Crhr1, Crhr2, Cry1, Cry2, Cspg5, Cxcl12, Cyba, Cyp19a1, Cyp27b1, Cyp2j5, Cyp4a10, Cyp4a31, Cyp4a32, Cyp51, D6Wsu163e, Dab2, Dnajc1, Dnm1l, Doc2a, Doc2b, Doc2g, Dph3, Dpysl2, Drd2, Drd3, Drd4, Dtnbp1, Dvl1, Dynll1, Ecrg4, Edn1, Edn2, Edn3, Efna5, Egf, Egfr, Eipr1, Ensa, Entpd1, Eny2, Ep300, Epb41l1, Epha5, Erbb3, Erp29, Exoc2, Exph5, F2, F2r, F2rl1, F2rl2, Fam3d, Fbn1, Fbxl20, Fbxo45, Fcer1a, Fcer1g, Fes, Ffar1, Ffar2, Ffar3, Ffar4, Fga, Fgb, Fgf10, Fgf23, Fgfr1, Fgfr4, Fgg, Fgr, Fkbp1b, Fmr1, Foxa2, Foxf1, Foxl2, Foxo1, Frmd4a, Fto, G6pc2, Gab2, Gabbr1, Gal, Galr1, Gata1, Gata2, Gcg, Gck, Gdf9, Ghrh, Ghrhr, Ghrl, Ghsr, Gip, Gipr, Git1, Git2, Gja1, Gja5, Glp1r, Glud1, Glul, Gna11, Gnai2, Gnao1, Gnaq, Gnas, Gnaz, Golph3, Golph3l, Gper1, Gpld1, Gpr151, Gpr158, Gpr27, Gpr39, Gpr68, Gprc6a, Grik1, Grin2b, Grk2, Grm2, Grm7, Grm8, Grp, Hadh, Hap1, Hcar2, Hcfc1, Hcrt, Hfe, Hgs, Hif1a, Hip1r, Hmga2, Hmgcr, Hmgn3, Hmox1, Hnf1a, Hnf4a, Hrh2, Hrh3, Htr1a, Htr1b, Htr1d, Htr2a, Htr2c, Htr6, Htr7, Hyal3, Ica1, Idh2, Idua, Ier3ip1, Ifnb1, Ifng, Igf1, Igfbp3, Igh-7, Il11, Il12a, Il12b, Il13, Il13ra2, Il1a, Il1b, Il1rapl1, Il1rn, Il4, Il4ra, Il6, Ildr1, Inha, Inhba, Inhbb, Ins1, Ins2, Irs1, Irs2, Isl1, Itgam, Itgb2, Itgb2l, Itpr1, Itsn1, Jagn1, Jak2, Kalrn, Kcna2, Kcnb1, Kcnc3, Kcnc4, Kcnh1, Kcnj11, Kcnj6, Kcnk9, Kcnn4, Kcnq1, Kdm5b, Kif5b, Kiss1, Kiss1r, Klf7, Kmo, Krt20, Lamp1, Lep, Lepr, Lgals3, Lgals9, Lgi3, Lif, Lrp1, Lrp5, Lrrc8a, Lrrk2, Lyn, Lypd10, Lypd11, Madd, Malrd1, Maob, Map1lc3b, Map2k6, Map4k4, Mapk9, Mctp1, Mctp2, Mcu, Mef2c, Mfn2, Mical1, Micu3, Midn, Mif, Mir130a, Mir200a, Mir410, Mmp13, Mpc2, Ms4a2, Mtnr1a, Mtnr1b, Mup1, Mup11, Mup2, Mup3, Mup4, Mup5, Myb, Myh10, Myh9, Myo18a, Myo5a, Myo5b, Myo6, Myom1, Myrip, Myt1, Nadk, Nckap1l, Ncoa6, Ncs1, Ndufaf2, Negr1, Nell2, Neo1, Neurog1, Nf1, Ngf, Nherf1, Nkx3-1, Nkx6-1, Nlgn1, Nlgn2, Nlrp6, Nmb, Nmu, Nnat, Nos1, Nos2, Notch1, Npff, Nppa, Nppc, Npr3, Npsr1, Npvf, Npy, Npy1r, Npy2r, Npy5r, Nr0b2, Nr1d1, Nr1h2, Nr1h3, Nr1h4, Nr3c1, Nrg1, Nsf, Ntrk2, Ntsr1, Nucb2, Oas2, Oga, Oprk1, Oprm1, Or51e2, Orai1, Osbp, Osm, Oxct1, Oxt, Oxtr, P2rx1, P2rx2, P2rx7, P2ry1, P2ry12, P2ry2, P2ry4, P3h1, Pard6a, Pask, Pax8, Pck2, Pclo, Pcp4, Pcsk1, Pdcd6ip, Pde1c, Pde3b, Pde4c, Pde8b, Pdpk1, Pdx1, Per2, Pex5l, Pfkfb2, Pfkl, Pfkm, Pfn2, Pick1, Pim3, Pink1, Piwil4, Pla2g10, Pla2g3, Pla2g4a, Pla2g6, Pla2r1, Plcb1, Plcd1, Pld2, Pnkd, Pofut2, Pomc, Pou5f1, Ppard, Pparg, Ppfia2, Ppia, Ppid, Ppp1r9a, Ppp3ca, Ppp3cb, Pram1, Prepl, Prkaca, Prkar1a, Prkca, Prkcb, Prkce, Prkcg, Prkcq, Prkd1, Prkg1, Prkn, Prl, Prl2a1, Prl2b1, Prl2c1, Prl2c2, Prl2c3, Prl2c5, Prl3a1, Prl3b1, Prl3c1, Prl3d1, Prl3d2, Prl3d3, Prl4a1, Prl5a1, Prl6a1, Prl7a1, Prl7a2, Prl7b1, Prl7c1, Prl7d1, Prl8a1, Prl8a2, Prl8a6, Prl8a8, Prl8a9, Psmd9, Ptafr, Ptbp1, Ptger3, Ptger4, Ptges, Ptgs1, Ptpmt1, Ptpn11, Ptpn23, Ptprn, Ptprn2, Ptprv, Rab11fip1, Rab11fip3, Rab11fip5, Rab15, Rab21, Rab26, Rab27a, Rab27b, Rab2b, Rab33b, Rab34, Rab37, Rab3a, Rab3b, Rab3c, Rab3d, Rab3gap1, Rab5a, Rab7, Rab8b, Rab9, Rabgef1, Rac1, Rac2, Rala, Rap1a, Rap1b, Rap1gds1, Rapgef4, Rasl10b, Rbp4, Ren1, Rest, Retn, Rfx3, Rfx6, Rgcc, Rhbdd1, Rhbdd3, Rhbdf1, Rhbdf2, Rhot1, Ric1, Rims1, Rims2, Rims3, Rims4, Rph3a, Rph3al, Rptor, Rsad2, Rtn4, Runx1, S100a10, S100a8, S100a9, Scamp5, Scg5, Sct, Sdc1, Sdc4, Sdcbp, Sdhd, Sec24a, Selenot, Septin1, Septin4, Septin5, Sergef, Serp1, Sfrp1, Sidt2, Sirt1, Sirt3, Sirt4, Sirt6, Slc12a2, Slc16a1, Slc18a1, Slc18a3, Slc25a22, Slc2a2, Slc30a1, Slc30a8, Slc38a2, Slc4a8, Slc6a1, Slc6a4, Slc8b1, Slc9b2, Smad4, Smcr8, Smpd3, Snap23, Snap25, Snap29, Snapin, Snca, Sncaip, Sncg, Snf8, Snx4, Sox11, Sox4, Sphk1, Sphk2, Spi1, Spp1, Spx, Srcin1, Srebf1, Sri, Sstr4, Sstr5, Stam, Stc1, Stim1, Stk39, Stx1a, Stx1b, Stx4a, Stxbp1, Stxbp2, Stxbp3, Stxbp4, Stxbp5, Stxbp5l, Sv2a, Sv2b, Sv2c, Sybu, Syk, Syn1, Syt1, Syt10, Syt11, Syt12, Syt13, Syt15, Syt17, Syt2, Syt3, Syt4, Syt5, Syt6, Syt7, Syt8, Syt9, Sytl2, Sytl4, Tac1, Tac4, Tacr1, Tacr2, Tardbp, Tbc1d1, Tcf7l2, Tcirg1, Tcp11, Tfap2b, Tff2, Tfr2, Tgfb1, Tgfb2, Tgfb3, Tiam1, Tifab, Tlr2, Tlr4, Tm7sf3, Tmed10, Tmed10-ps, Tmem132a, Tmem184a, Tmf1, Tnf, Tnfrsf11a, Tnfrsf1a, Tnfrsf1b, Tnfsf11, Tpcn2, Tprg1l, Trem2, Trh, Trim9, Trpa1, Trpc1, Trpm2, Trpm4, Trpm5, Tsg101, Tspo, Tspoap1, Ttn, Tunar, Ucn, Ucn2, Ucn3, Ucp2, Unc13a, Unc13b, Unc13d, Uqcc2, Uts2, Vamp2, Vamp3, Vamp7, Vamp8, Vdr, Vegfc, Vps18, Vps35, Vps4a, Vps4b, Vsnl1, Wdr41, Wls, Wnk1, Wnk3, Wnk4, Wnt7a, Xbp1, Zbed6, Zfp384, Zp3
GO:0032879	regulation of localization	2320	56	33.8	0.00013	0.023345581395348838	2700049A03Rik, 4930550C14Rik, A1cf, Aacs, Aak1, Abat, Abca1, Abca12, Abca13, Abca2, Abca3, Abca5, Abca7, Abca8a, Abca8b, Abcb11, Abcb1a, Abcb1b, Abcb4, Abcc8, Abcc9, Abcg1, Abcg4, Abhd17a, Abhd17b, Abhd17c, Abhd5, Abi3, Abl1, Abr, Acaa2, Acacb, Acd, Ace, Ace2, Acsl1, Acsl3, Acsl4, Acsl5, Acsl6, Actb, Actg1, Actn2, Actn4, Actr3, Acvr1c, Acvr2a, Ada, Adam10, Adam22, Adam9, Adcy10, Adcy5, Adcy8, Adcyap1, Adcyap1r1, Add1, Adipoq, Adipor2, Adora1, Adora2a, Adora2b, Adora3, Adra2a, Adrb1, Adrb2, Adtrp, Afdn, Afg3l2, Agap2, Ager, Agr2, Agrn, Agt, Agtr1a, Agtr2, Ahcyl1, Ahi1, Ahnak, Ahr, Ahsg, Aimp1, Ak1, Akap1, Akap5, Akap6, Akap7, Akap8l, Akap9, Akt1, Akt2, Akt3, Alkbh5, Alms1, Alox12b, Alox15, Alox5, Amigo1, Amotl2, Amph, Ang, Ang2, Ang3, Ang4, Ang5, Ang6, Angpt1, Ank2, Ank3, Ankfy1, Ankrd1, Ankrd13a, Ankrd13b, Ankrd13d, Ankrd27, Ano1, Ano6, Anp32b, Anxa1, Anxa2, Anxa5, Anxa6, Anxa7, Aoc3, Ap1g1, Ap2a1, Ap2b1, Ap2m1, Apbb1, Apbb3, Apc, Apela, Apln, Aplnr, Apoa1, Apoa2, Apoa4, Apob, Apoc1, Apoc2, Apoc2l, Apoc3, Apoc4, Apod, Apoe, App, Appl1, Appl2, Aqp1, Aqp2, Ar, Arc, Arf1, Arf6, Arfgap1, Arfip1, Arg1, Arg2, Arhgap1, Arhgap21, Arhgap44, Arhgap8, Arhgdia, Arhgdig, Arhgef11, Arhgef16, Arhgef5, Arhgef7, Arl6ip1, Arl6ip5, Arln, Arpc2, Arpc3, Arrb1, Arrb2, Arv1, Asic1, Asic2, Asph, Aspscr1, Astn2, Asxl1, Asxl2, Atad1, Atcay, Atf4, Atg3, Atg5, Atg7, Atp13a2, Atp1a1, Atp1a2, Atp1b1, Atp1b2, Atp1b3, Atp2a1, Atp2a2, Atp2b1, Atp2b2, Atp2b4, Atp2c1, Atp2c2, Atp4a, Atp4b, Atp5if1, Atp5pf, Atp7a, Atp8a1, Atp8a2, Atp8b1, Atp9a, Atpsckmt, Atxn2, Aurkb, Avp, Avpr1a, Avpr1b, Axl, Azin1, Azin2, B2m, B3gat3, B9d1, Bad, Bag3, Bag4, Baiap3, Bak1, Bard1, Bax, Bbc3, BC034090, Bcap31, Bcl2, Bcl2l1, Bcr, Bdkrb1, Becn1, Best1, Best3, Bet1l, Bglap, Bglap2, Bicd1, Bin1, Birc5, Blk, Bmal1, Bmp2, Bmp2k, Bmp4, Bmp6, Bmper, Bnip3l, Bok, Bora, Borcs5, Bpifa1, Bpifa5, Braf, Brca1, Brsk2, Bsg, Bsn, Btbd9, Btf3, Btk, C1qtnf1, C1qtnf12, C1qtnf2, C1qtnf3, C2, C2cd2l, C2cd5, C3, C9orf72, Cabp1, Cacna1a, Cacna1b, Cacna1c, Cacna1d, Cacna1e, Cacna1f, Cacna1g, Cacna1h, Cacna1i, Cacna1s, Cacna2d1, Cacna2d2, Cacnb1, Cacnb2, Cacnb3, Cacnb4, Cacng1, Cacng2, Cacng3, Cacng4, Cacng5, Cacng6, Cacng7, Cacng8, Cadps, Cadps2, Calhm1, Calm1, Calm2, Calm3, Calr, Caly, Camk1, Camk1d, Camk2a, Camk2b, Camk2d, Camk2g, Camk2n1, Camk4, Capn10, Capn3, Car2, Car7, Card10, Cartpt, Cask, Casp3, Casq1, Casq2, Casr, Catsper1, Cav1, Cav2, Cav3, Cbarp, Cbl, Cblb, Cbll1, Ccdc32, Ccdc66, Ccdc88a, Cck, Cckar, Cckbr, Ccl12, Ccl19, Ccl19-ps1, Ccl19-ps3, Ccl19-ps4, Ccl19-ps5, Ccl19-ps6, Ccl2, Ccl21a, Ccl21b, Ccl21d, Ccl21e, Ccl21f, Ccl3, Ccl5, Ccn3, Ccne1, Ccne2, Ccr1, Ccr1l1, Ccr2, Ccr5, Ccr7, Cct2, Cct3, Cct4, Cct5, Cct6a, Cct7, Cct8, Cd14, Cd151, Cd160, Cd177, Cd19, Cd200, Cd209b, Cd22, Cd247, Cd2ap, Cd300a, Cd300lf, Cd36, Cd38, Cd4, Cd47, Cd63, Cd74, Cd81, Cd84, Cdc42, Cdca8, Cdh1, Cdh13, Cdh2, Cdh3, Cdk1, Cdk16, Cdk5, Cdk5r1, Cdk5r2, Cdk5rap3, Cdk9, Cdkn2a, Ceacam1, Cebpb, Cela2a, Celsr2, Celsr3, Cemip, Cenpq, Cep120, Cep131, Cep135, Cep192, Cep250, Cep290, Cep295, Cep72, Cers1, Ces1a, Ces1b, Ces1c, Ces1d, Ces1e, Ces1f, Ces1g, Ces1h, Cfl1, Cfp, Cftr, Chchd10, Chchd4, Chd7, Cherp, Chga, Chmp2a, Chmp3, Chp1, Chp2, Chrm1, Chrm3, Chrna3, Chrna4, Chrna6, Chrna7, Chrnb2, Cib1, Cidea, Ckap5, Clasp1, Clasp2, Clcf1, Cldn10, Cldn16, Cldn18, Cldn19, Cldn2, Cldn3, Clec4b1, Clec7a, Clip3, Cln3, Clock, Clstn3, Cltc, Cltrn, Clu, Cnih2, Cnih3, Cnksr3, Cnn2, Cnpy4, Cnr1, Cnst, Cntf, Cntln, Cntn1, Coa8, Colec10, Colec11, Commd1, Corin, Coro1a, Coro2b, Cox17, Cpap, Cpb2, Cplane2, Cplx1, Cplx2, Cplx3, Cplx4, Cpsf6, Cpt1a, Cracr2a, Crbn, Creb1, Creb3, Crebbp, Crebl2, Crh, Crhbp, Crhr1, Crhr2, Cript, Crk, Crkl, Crocc, Crp, Cry1, Cry2, Cryaa, Cryab, Csk, Csnk1e, Csnk2a1, Cspg5, Csrp3, Ctdspl2, Ctnna1, Ctnnb1, Ctnnd1, Ctsd, Ctss, Cttnbp2nl, Cwh43, Cx3cl1, Cxadr, Cxcl1, Cxcl10, Cxcl11, Cxcl12, Cxcl9, Cxcr3, Cxcr4, Cyba, Cyfip1, Cyld, Cyp19a1, Cyp27b1, Cyp2j5, Cyp4a10, Cyp4a31, Cyp4a32, Cyp51, D6Wsu163e, Dab2, Dag1, Dapk1, Dbi, Dbn1, Dclk1, Dclk2, Dclk3, Dcp2, Dctn1, Dcx, Ddit3, Ddrgk1, Ddx4, Dennd10, Dennd5b, Derl2, Derl3, Dgkd, Dgkq, Dhrs7c, Dhx36, Dhx9, Diaph1, Dkc1, Dkk1, Dlg1, Dlg4, Dll1, Dmap1, Dmd, Dmpk, Dmtn, Dnaja1, Dnajb2, Dnajb6, Dnajc1, Dnajc13, Dnajc5, Dnajc6, Dnm1, Dnm1l, Dnm2, Dnm3, Doc2a, Doc2b, Doc2g, Dock2, Dok7, Dph3, Dpp10, Dpp6, Dpysl2, Drd1, Drd2, Drd3, Drd4, Dsg3, Dspp, Dtnbp1, Dtx3l, Dvl1, Dvl3, Dync1h1, Dync1li1, Dynll1, Dynlt2b, Dysf, Dzip1, Dzip1l, Ecrg4, Ect2, Edem1, Edem2, Edn1, Edn2, Edn3, Ednra, Eef2k, Eepd1, Efcab7, Efhb, Efna5, Efnb2, Egf, Egfr, Ehd1, Ehd2, Ehd3, Ehd4, Ei24, Eif2ak3, Eif3e, Eif4g1, Eipr1, Emd, Enpp1, Ensa, Entpd1, Entr1, Eny2, Ep300, Epb41, Epb41l1, Epb41l2, Epb41l5, Epha2, Epha3, Epha5, Ephb2, Epm2a, Epn2, Epo, Eppin, Eprs1, Eps15, Erbb2, Erbb3, Erbb4, Erc1, Erc2, Erfe, Ergic3, Erlec1, Erln, Ero1a, Erp29, Esr1, Exoc2, Exoc4, Exosc10, Exph5, Ezr, F2, F2r, F2rl1, F2rl2, F2rl3, Fabp3, Fabp5, Fam3d, Fam76b, Farp1, Fasl, Fbn1, Fbxl20, Fbxo11, Fbxo4, Fbxo45, Fbxw7, Fcer1a, Fcer1g, Fcgr1, Fcgr2b, Fcgr3, Fcnb, Fcrl5, Fermt1, Fermt2, Fes, Fev, Fez1, Ffar1, Ffar2, Ffar3, Ffar4, Fga, Fgb, Fgf10, Fgf11, Fgf12, Fgf13, Fgf14, Fgf15, Fgf2, Fgf21, Fgf23, Fgfr1, Fgfr4, Fgg, Fgr, Fhl1, Fis1, Fitm1, Fitm2, Fkbp1a, Fkbp1b, Flna, Flot1, Fmr1, Fndc1, Fnta, Foxa2, Foxf1, Foxl2, Foxo1, Fpr-rs3, Fpr-rs4, Fpr-rs6, Fpr-rs7, Fpr2, Frat1, Frat2, Frmd4a, Frrs1l, Fto, Furin, Fxn, Fxyd1, Fxyd2, Fxyd3, Fxyd4, Fxyd5, Fxyd6, Fxyd7, Fyn, Fzd9, G6pc2, G6pd2, G6pdx, Gab2, Gabarap, Gabbr1, Gal, Galr1, Galr2, Gapvd1, Gas1, Gas6, Gas8, Gata1, Gata2, Gbf1, Gbp4, Gcc2, Gcg, Gck, Gclc, Gdf9, Gdi1, Gdi2, Gdnf, Gfap, Gh, Ghitm, Ghrh, Ghrhr, Ghrl, Ghsr, Gimap3, Gimap5, Gip, Gipr, Git1, Git2, Gja1, Gja5, Gjc2, Gli3, Glis2, Glp1r, Glud1, Glul, Gm14461, Gna11, Gnai1, Gnai2, Gnao1, Gnaq, Gnas, Gnaz, Gnb2, Gnb5, Gnl3, Gnl3l, Golph3, Golph3l, Gopc, Gp1ba, Gp1bb, Gp5, Gp9, Gpc1, Gpc2, Gpc3, Gpc4, Gpc5, Gpc6, Gpd1l, Gper1, Gpld1, Gpm6b, Gpr137b, Gpr143, Gpr151, Gpr158, Gpr27, Gpr35, Gpr39, Gpr68, Gprc6a, Gps2, Gpsm2, Gramd2a, Grb10, Grem1, Gria1, Grik1, Grik5, Grin1, Grin2a, Grin2b, Grin2c, Grin2d, Grin3b, Grip1, Grip2, Gripap1, Grk2, Grm2, Grm6, Grm7, Grm8, Grp, Gsg1l, Gsk3a, Gsk3b, Gsn, Gstm7, Gsto1, H1f1, Hadh, Hamp, Hamp2, Hap1, Hbp1, Hcar2, Hcfc1, Hck, Hcls1, Hcrt, Hdac3, Hdac6, Hectd1, Heph, Hes1, Hfe, Hgs, Hif1a, Hilpda, Hip1, Hip1r, Hk2, Hm629797, Hmga2, Hmgb1, Hmgcr, Hmgn3, Hmox1, Hnf1a, Hnf4a, Hnrnpab, Hnrnpk, Hnrnpm, Hnrnpu, Homer1, Homer2, Homer3, Hpca, Hras, Hrc, Hrh2, Hrh3, Hsd3b2, Hsd3b3, Hsd3b6, Hsp90aa1, Hsp90ab1, Hspa1l, Hspa2, Hspa8, Htr1a, Htr1b, Htr1d, Htr2a, Htr2b, Htr2c, Htr6, Htr7, Htt, Hyal2, Hyal3, Ibtk, Ica1, Ica1l, Icam1, Ice1, Icmt, Idh2, Idua, Ier3, Ier3ip1, Ifi27, Ifnb1, Ifng, Igf1, Igfbp3, Igh-7, Igh-8, Ighg1, Ighg2a, Ighg2b, Ighm, Ikbkb, Ikbke, Il11, Il12a, Il12b, Il13, Il13ra2, Il15, Il15ra, Il16, Il1a, Il1b, Il1rapl1, Il1rn, Il2rb, Il2rg, Il4, Il4ra, Il6, Ildr1, Ilrun, Incenp, Inha, Inhba, Inhbb, Inpp4b, Inpp5e, Inpp5f, Inpp5k, Inppl1, Ins1, Ins2, Insig1, Insr, Ipo5, Ipo7, Iqgap1, Iqsec1, Iqsec2, Irak1, Irs1, Irs2, Iscu, Isl1, Itga2, Itga3, Itgam, Itgav, Itgb1, Itgb1bp1, Itgb2, Itgb2l, Itgb3, Itln1, Itlnb, Itpr1, Itpr2, Itpr3, Itsn1, Iws1, Jagn1, Jak1, Jak2, Jak3, Jph2, Jph3, Jph4, Jsrp1, Jup, Kalrn, Kat2b, Kat5, Kcna2, Kcna5, Kcnab1, Kcnab2, Kcnab3, Kcnb1, Kcnc1, Kcnc2, Kcnc3, Kcnc4, Kcne1, Kcne2, Kcne3, Kcne4, Kcne5, Kcnf1, Kcng1, Kcng3, Kcng4, Kcnh1, Kcnh2, Kcnip1, Kcnip2, Kcnip3, Kcnip4, Kcnj1, Kcnj10, Kcnj11, Kcnj12, Kcnj13, Kcnj14, Kcnj15, Kcnj16, Kcnj2, Kcnj3, Kcnj4, Kcnj5, Kcnj6, Kcnj8, Kcnj9, Kcnk9, Kcnmb1, Kcnn2, Kcnn4, Kcnq1, Kcnrg, Kcns1, Kcns2, Kctd7, Kdm1a, Kdm5b, Kel, Khdc3, Khdrbs1, Kif20b, Kif2c, Kif3a, Kif5b, Kiss1, Kiss1r, Klf15, Klf7, Kmo, Krt20, Krt5, Lamp1, Lamtor1, Lamtor5, Larp7, Larp7-ps, Lats1, Lats2, Lbp, Lck, Lcn2, Lcp1, Ldc1, Ldlrap1, Lep, Lepr, Leprot, Letm1, Letmd1, Lgals3, Lgals9, Lgi3, Lhcgr, Lif, Lilra5, Lilrb4a, Lilrb4b, Lime1, Limk2, Lipg, Lman2, Lmna, Lmx1b, Lpar1, Lpar3, Lpcat3, Lpl, Lrat, Lrig2, Lrp1, Lrp2, Lrp4, Lrp5, Lrpap1, Lrrc15, Lrrc26, Lrrc38, Lrrc52, Lrrc55, Lrrc8a, Lrrk2, Lrrtm1, Lrrtm2, Lrsam1, Lyar, Lyn, Lypd1, Lypd10, Lypd11, Lypla1, Lyplal1, Lyset, Lztfl1, Lzts2, Macroh2a1, Mad1l1, Madd, Maged1, Magi2, Malrd1, Maob, Map1a, Map1b, Map1lc3b, Map2, Map2k1, Map2k2, Map2k6, Map4k4, Mapk1, Mapk14, Mapk3, Mapk8, Mapk8ip2, Mapk9, Mapt, Mark3, Mark4, Mavs, Mbl1, Mbl2, Mbtps1, Mchr1, Mcoln1, Mcrs1, Mctp1, Mctp2, Mcu, Mcub, Mdfic, Mdm2, Meak7, Mecp2, Mef2a, Mef2c, Mepce, Mertk, Mesd, Met, Mettl21c, Mex3b, Mff, Mfhas1, Mfn2, Mgat3, Mib1, Mical1, Micu3, Midn, Mief1, Mief2, Mif, Mink1, Mir130a, Mir200a, Mir410, Misp, Mkln1, Mlc1, Mllt6, Mmd, Mmd2, Mmp13, Mmp14, Mmp9, Mpc2, Mpv17l, Mrap, Mrap2, Mrln, Ms4a1, Ms4a2, Msn, Msr1, Mtcl1, Mtln, Mtmr2, Mtmr4, Mtnr1a, Mtnr1b, Mtor, Mul1, Mup1, Mup11, Mup2, Mup3, Mup4, Mup5, Musk, Myb, Myc, Mycbp2, Myh10, Myh9, Mylk, Mylk2, Myo18a, Myo1a, Myo1c, Myo5a, Myo5b, Myo6, Myom1, Myrip, Myt1, Naca, Nadk, Napb, Nat8l, Naxe, Nbea, Ncam1, Ncbp2, Ncdn, Nckap1, Nckap1l, Ncoa6, Ncs1, Ndel1, Ndfip1, Ndfip2, Ndrg4, Ndufa4, Ndufaf2, Necab2, Nedd1, Nedd4, Nedd4l, Nedd9, Nefh, Negr1, Nell2, Neo1, Neto1, Neto2, Neu3, Neurog1, Nf1, Nf2, Nfatc3, Nfe2l2, Nfkbia, Ngdn, Ngf, Ngfr, Nherf1, Nherf2, Nhlrc1, Nipsnap2, Nkain1, Nkain2, Nkain3, Nkain4, Nkd2, Nkx2-5, Nkx3-1, Nkx6-1, Nlgn1, Nlgn2, Nlgn3, Nlrp5, Nlrp6, Nmb, Nmd3, Nmu, Nnat, Nod2, Nol3, Nolc1, Nos1, Nos2, Nos3, Notch1, Notch4, Npff, Npm1, Nppa, Nppc, Npr3, Npsr1, Nptn, Npvf, Npy, Npy1r, Npy2r, Npy5r, Nr0b2, Nr1d1, Nr1h2, Nr1h3, Nr1h4, Nr3c1, Nr3c2, Nr4a3, Nrde2, Nrg1, Nrxn1, Nsd2, Nsf, Nsfl1c, Nsun2, Ntf3, Ntrk2, Ntsr1, Nucb1, Nucb2, Numa1, Numb, Nup153, Nup214, Nup54, Nup58, Nup62, Nus1, Nutf2, Nutf2-ps1, Nvl, Oas2, Oaz1, Oaz2, Oaz3, Ocln, Oga, Ogt, Ooep, Ophn1, Opn3, Oprd1, Oprk1, Oprm1, Or51e2, Orai1, Ormdl3, Os9, Osbp, Osbpl11, Osbpl6, Osbpl8, Osm, Osr1, Ostn, Otud7b, Oxct1, Oxsr1, Oxt, Oxtr, P2rx1, P2rx2, P2rx4, P2rx5, P2rx7, P2ry1, P2ry12, P2ry2, P2ry4, P3h1, Pacsin1, Pacsin2, Pacsin3, Pak1, Pard3, Pard6a, Pard6b, Pard6g, Park7, Parl, Parn, Parp1, Parp9, Pask, Pawr, Pax8, Pcdh17, Pck2, Pclo, Pcm1, Pcnt, Pcp4, Pcsk1, Pcsk9, Pdcd10, Pdcd5, Pdcd5-ps, Pdcd6ip, Pde1c, Pde3b, Pde4c, Pde4d, Pde8b, Pdgfb, Pdgfrb, Pdpk1, Pdx1, Pdzk1, Pea15a, Pecam1, Peg12, Per1, Per2, Pex5l, Pfkfb2, Pfkl, Pfkm, Pfn2, Pgap1, Pgrmc1, Phb2, Pias1, Pias4, Picalm, Pick1, Pid1, Pik3c2a, Pik3ca, Pik3cg, Pik3r1, Pik3r2, Pim1, Pim3, Pin1, Pin1rt1, Pink1, Pinx1, Pip4p2, Pip5k1c, Pirt, Piwil4, Pkd2, Pkdcc, Pkia, Pkig, Pkp1, Pkp3, Pla2g10, Pla2g3, Pla2g4a, Pla2g4e, Pla2g5, Pla2g6, Pla2r1, Plaa, Plcb1, Plcb2, Plcb3, Plcb4, Plcd1, Plce1, Plcg1, Plcg2, Plch1, Plch2, Plcl1, Plcl2, Pld1, Pld2, Plekhm2, Plin2, Plin3, Plin5, Plk1, Plk2, Plk3, Pllp, Pln, Plp1, Plpp4, Pls1, Pls3, Plscr1, Pltp, Pmaip1, Pmfbp1, Pml, Pnkd, Pnpla2, Pofut2, Polr1a, Pomc, Pon1, Popdc1, Pot1b, Pou4f2, Pou5f1, Ppara, Ppard, Pparg, Ppfia1, Ppfia2, Ppia, Ppid, Ppif, Ppm1a, Ppm1f, Ppp1cc, Ppp1r12a, Ppp1r9a, Ppp1r9b, Ppp2r5a, Ppp3ca, Ppp3cb, Ppp3cc, Ppp3r1, Ppp3r2, Ppt1, Pram1, Prap1, Prelid1, Prepl, Prkaa1, Prkaa2, Prkaca, Prkar1a, Prkar1b, Prkca, Prkcb, Prkcd, Prkce, Prkcg, Prkci, Prkcq, Prkcz, Prkd1, Prkg1, Prkg2, Prkn, Prl, Prl2a1, Prl2b1, Prl2c1, Prl2c2, Prl2c3, Prl2c5, Prl3a1, Prl3b1, Prl3c1, Prl3d1, Prl3d2, Prl3d3, Prl4a1, Prl5a1, Prl6a1, Prl7a1, Prl7a2, Prl7b1, Prl7c1, Prl7d1, Prl8a1, Prl8a2, Prl8a6, Prl8a8, Prl8a9, Prnp, Prom2, Pros1, Prpf4b, Prr5l, Prrt1, Prrt2, Prss8, Prtn3, Psen1, Psen2, Psmd9, Ptafr, Ptbp1, Ptch1, Pten, Ptger3, Ptger4, Ptges, Ptgs1, Ptgs2, Pth, Ptk2, Ptk2b, Ptn, Ptp4a3, Ptpmt1, Ptpn1, Ptpn11, Ptpn14, Ptpn2, Ptpn22, Ptpn23, Ptpn3, Ptpn5, Ptpn6, Ptpn9, Ptprc, Ptprj, Ptprn, Ptprn2, Ptprv, Ptx3, Pum2, Pxk, Pycard, Rab11a, Rab11b, Rab11fip1, Rab11fip2, Rab11fip3, Rab11fip5, Rab14, Rab15, Rab21, Rab23, Rab25, Rab26, Rab27a, Rab27b, Rab29, Rab2b, Rab31, Rab33b, Rab34, Rab37, Rab38, Rab3a, Rab3b, Rab3c, Rab3d, Rab3gap1, Rab4a, Rab4b, Rab5a, Rab5b, Rab5c, Rab7, Rab8a, Rab8b, Rab9, Rabep1, Rabgap1l, Rabgef1, Rac1, Rac2, Rack1, Rala, Ralb, Ralgapa2, Ralgapb, Ramp3, Ran, Rangap1, Rangrf, Rap1a, Rap1b, Rap1gap, Rap1gds1, Rapgef1, Rapgef3, Rapgef4, Rasa1, Rasgrf1, Rasgrf2, Rasl10b, Rassf5, Rbm10, Rbm22, Rbm4, Rbp4, Rcvrn, Rdx, Reep1, Reep2, Reep6, Reln, Rem1, Ren1, Repin1, Rer1, Rest, Retn, Rfx3, Rfx6, Rgcc, Rgs2, Rgs4, Rgs7, Rgs9, Rhbdd1, Rhbdd3, Rhbdf1, Rhbdf2, Rhoa, Rhog, Rhoq, Rhot1, Ric1, Ric3, Rimbp2, Rims1, Rims2, Rims3, Rims4, Rin3, Rint1, Riok2, Ripk1, Ripor1, Ripor2, Rit2, Rnasel, Rnf139, Rnf168, Rnf207, Rnf216, Rnf220, Rnf4, Rock1, Rock2, Ros1, Rph3a, Rph3al, Rps6kb1, Rptor, Rsad2, Rsc1a1, Rsl1d1, Rspo1, Rtn2, Rtn4, Rubcn, Rufy1, Rufy3, Runx1, Ryr1, Ryr2, Ryr3, S100a10, S100a8, S100a9, Sapcd2, Sar1a, Sar1b, Saraf, Scamp5, Scarb1, Scfd1, Scg5, Scn10a, Scn1b, Scn2b, Scn3b, Scn4b, Scn5a, Scnn1b, Sco1, Scp2, Scrib, Scrn1, Sct, Sdc1, Sdc4, Sdcbp, Sdhd, Sec16b, Sec24a, Sec24b, Sele, Selenok, Selenon, Selenot, Septin1, Septin2, Septin4, Septin5, Septin8, Sergef, Serp1, Serpine1, Serpine2, Sesn2, Sestd1, Setd2, Sfn, Sfrp1, Sfrp4, Sftpa1, Sftpd, Sgip1, Sgk1, Sh2b2, Sh3gl1, Sh3gl2, Sh3gl3, Sh3glb1, Sh3tc2, Shank1, Shank3, Shh, Shisa6, Shisa7, Shisa9, Siah3, Sidt2, Siglece, Siglecf, Sik1, Sik3, Sin3a, Sirpa, Sirpb1a, Sirt1, Sirt2, Sirt3, Sirt4, Sirt6, Sirt7, Siva1, Six1, Six4, Slamf1, Slc10a4, Slc11a1, Slc12a2, Slc15a1, Slc16a1, Slc17a7, Slc17a8, Slc18a1, Slc18a2, Slc18a3, Slc1a1, Slc1a2, Slc25a22, Slc25a23, Slc25a27, Slc25a31, Slc25a4, Slc25a5, Slc26a4, Slc26a5, Slc26a6, Slc2a2, Slc30a1, Slc30a3, Slc30a6, Slc30a8, Slc31a2, Slc34a1, Slc35d3, Slc35f6, Slc36a2, Slc38a1, Slc38a2, Slc38a3, Slc43a1, Slc43a2, Slc4a8, Slc51b, Slc5a3, Slc6a1, Slc6a4, Slc6a9, Slc7a11, Slc7a5, Slc8a1, Slc8b1, Slc9a1, Slc9a3, Slc9a6, Slc9b2, Slmap, Sln, Smad4, Smap1, Smcr8, Smim43, Smo, Smpd1, Smpd3, Snap23, Snap25, Snap29, Snap91, Snapin, Snca, Sncaip, Sncg, Snf8, Snph, Snta1, Snx12, Snx27, Snx3, Snx33, Snx4, Snx9, Sod1, Sorbs1, Sorbs2, Sorl1, Sox11, Sox4, Sp100, Spag5, Spg11, Spg7, Sphk1, Sphk2, Spi1, Spidr, Spink1, Spp1, Sptbn1, Sptbn4, Spx, Sqstm1, Src, Srcin1, Srebf1, Srebf2, Sri, Ssh1, Sstr4, Sstr5, Stac, Stac2, Stac3, Stam, Stap1, Stc1, Stc2, Stim1, Stim2, Stimate, Stk11, Stk39, Stom, Ston1, Ston2, Strit1, Stx18, Stx1a, Stx1b, Stx3, Stx4a, Stx6, Stx7, Stx8, Stxbp1, Stxbp2, Stxbp3, Stxbp4, Stxbp5, Stxbp5l, Sumo1, Sumo3, Sun5, Supt6, Surf4, Susd4, Sv2a, Sv2b, Sv2c, Svip, Swap70, Sybu, Sycp1, Syk, Syn1, Syngr3, Synj1, Synj2bp, Syt1, Syt10, Syt11, Syt12, Syt13, Syt15, Syt17, Syt2, Syt3, Syt4, Syt5, Syt6, Syt7, Syt8, Syt9, Sytl2, Sytl4, Tac1, Tac4, Taco1, Tacr1, Tacr2, Tamalin, Tardbp, Tax1bp3, Tbc1d1, Tbc1d20, Tbc1d4, Tbc1d5, Tcaf1, Tcf7l2, Tcirg1, Tcp1, Tcp11, Tek, Tenm1, Tent2, Terf1, Tert, Tesc, Tescl, Tesk1, Tex15, Tfap2b, Tff2, Tfr2, Tfrc, Tgfb1, Tgfb2, Tgfb3, Tgm2, Thbs1, Thoc2, Thoc5, Thy1, Tiam1, Tifab, Tlr2, Tlr4, Tlr9, Tm7sf3, Tm9sf4, Tmbim1, Tmbim6, Tmc1, Tmc2, Tmed10, Tmed10-ps, Tmed2, Tmem102, Tmem108, Tmem132a, Tmem135, Tmem14a, Tmem168, Tmem184a, Tmem231, Tmem30a, Tmem30b, Tmem35a, Tmem38a, Tmem38b, Tmem53, Tmem59, Tmem74, Tmem97, Tmem98, Tmf1, Tmx1, Tnf, Tnfaip6, Tnfrsf11a, Tnfrsf1a, Tnfrsf1b, Tnfsf11, Tnik, Tnk2, Tnnc1, Tnnt2, Tomm7, Tomm70a, Tomt, Tor1a, Tpcn2, Tpr, Tprg1l, Traf6, Traf7, Trappc12, Trat1, Trdn, Trem2, Trf, Trh, Triap1, Trib3, Trim12a, Trim12c, Trim17, Trim25, Trim27, Trim28, Trim29, Trim30a, Trim30b, Trim30c, Trim30d, Trim40, Trim46, Trim5, Trim50, Trim58, Trim8, Trim9, Trp53inp2, Trpa1, Trpc1, Trpc3, Trpc4, Trpc6, Trpm2, Trpm4, Trpm5, Trpv2, Trpv3, Tsc2, Tsg101, Tspan13, Tspan18, Tspan7, Tspo, Tspoap1, Ttbk2, Ttc21b, Ttc39b, Ttc39d, Ttc8, Ttl, Ttn, Tub, Tulp1, Tunar, Txn1, Tyk2, Tyrobp, Uaca, Ubac2, Ubash3b, Ube2g2, Ube2j1, Ubqln1, Ubqln2, Ubr3, Ubr5, Ubxn2b, Ucn, Ucn2, Ucn3, Ucp2, Ufl1, Ufm1, Uhmk1, Umod, Unc119, Unc13a, Unc13b, Unc13d, Upk3b, Uqcc2, Use1, Ush1g, Usp17le, Usp2, Usp46, Usp7, Usp8, Uts2, Vac14, Vamp1, Vamp2, Vamp3, Vamp4, Vamp7, Vamp8, Vcl, Vcp, Vcpip1, Vdac1, Vdr, Vegfa, Vegfc, Vhl, Vil1, Vip, Vmp1, Vps11, Vps18, Vps26b, Vps28, Vps35, Vps4a, Vps4b, Vrk1, Vsnl1, Vstm2a, Vti1b, Vtn, Washc1, Wasl, Wdpcp, Wdr41, Wdr44, Wdr54, Wfdc6a, Wfs1, Wipf1, Wls, Wnk1, Wnk2, Wnk3, Wnk4, Wnt3a, Wnt5a, Wnt7a, Wnt8a, Wrap53, Wwp2, Wwtr1, Xbp1, Xcl1, Xcr1, Xirp2, Xpo1, Xpo4, Xrcc4, Yap1, Yes1, Yipf5, Yjefn3, Yod1, Yrdc, Ywhae, Ywhag, Ywhah, Ywhaq, Ywhaz, Zbed6, Zc3h12a, Zdhhc1, Zdhhc2, Zdhhc3, Zdhhc5, Zdhhc7, Zdhhc8, Zfand1, Zfas1, Zfp13, Zfp36, Zfp36l1, Zfp384, Zic1, Zmynd8, Znrf1, Znrf2, Zp3, Zpr1
GO:0009890	negative regulation of biosynthetic process	2485	59	36.2	0.00014	0.024569999999999998	1810024B03Rik, 5730507C01Rik, A1cf, A430033K04Rik, Aatf, Abca2, Abca7, Abcb7, Abcc2, Abcd1, Abcd2, Acadl, Acadvl, Acd, Ace, Acin1, Acmsd, Acod1, Acot8, Acp4, Acp5, Actr6, Actrt1, Acvr1b, Acvr2b, Acvrl1, Adam10, Adar, Adcy10, Adcy7, Adipoq, Adipor2, Adnp, Adora2b, Aebp1, Aebp2, Aff2, Ager, Ago1, Ago2, Ago3, Ago4, Agt, Ahr, Ahrr, Aicda, Aif1, Airn, Ajuba, Akap8, Akirin2, Akr1c18, Akr1c6, Akt1, Akt2, Alkbh3, Alkbh5, Alx1, Amdhd2, Amot, Amotl2, Anapc2, Ang, Ang3, Angel2, Angpt1, Ankrd1, Ankrd2, Anxa1, Anxa4, Anxa7, Ap2a1, Apbb1, Apbb2, Apbb3, Apex1, Apln, Aplnr, Apoa1, Apoa2, Apobec1, Apobec3, Apoc1, Apoc3, Apod, Apoe, App, Appl2, Aqp4, Ar, Arb2a, Arg1, Arg2, Arid1a, Arid4a, Arid4b, Arid5a, Arid5b, Arrb1, Arrb2, Arx, Ascl1, Ascl2, Ascl3, Ascl5, Asxl2, Asxl3, Asz1, Atf2, Atf3, Atf4, Atf5, Atf6b, Atf7, Atf7ip, Atg12, Atg5, Atg7, Atg9a, Atm, Atn1, Atoh8, Atp1a1, Atp2b1, Atp2b4, Atp5if1, Atp8b1, Atrx, Atxn1, Atxn1l, Aurka, Aurkb, Axin1, Axin2, Axl, Bace2, Bach1, Bach2, Bahd1, Bak1, Banf1, Bank1, Bap1, Barx2, Basp1, Batf3, Baz1a, Baz2a, Bbs2, Bbs4, Bc1, Bcdin3d, Bcl11a, Bcl3, Bcl6, Bcl6b, Bclaf1, Bcor, Bcorl1, Bend3, Bend5, Bend6, Bhlhe22, Bhlhe40, Bhlhe41, Bin1, Birc5, Bmal1, Bmi1, Bmp2, Bmp4, Bmp5, Bmp6, Bmp7, Bmpr1a, Bmyc, Boll, Bpi, Bptf, Brca1, Brd7, Brf1, Brip1, Brms1, Brms1l, Bst2, Btaf1, Btbd18, Btg2, Btk, Btn2a2, Btrc, C1d, C1qbp, C1qtnf12, C1qtnf3, C5ar2, Cacna1a, Cacng7, Cactin, Calcr, Calr, Capn3, Caprin1, Caprin2, Carhsp1, Carlr, Casc3, Casp3, Casp8ap2, Cav1, Cbfa2t2, Cbfa2t3, Cbfb, Cbx1, Cbx2, Cbx3, Cbx4, Cbx5, Cbx6, Cbx7, Cbx8, Cby1, Cc2d1a, Cc2d1b, Ccar1, Ccar2, Ccdc3, Ccdc85b, Ccl3, Ccn2, Ccnb1, Ccnd1, Ccnd3, Ccne1, Ccr1, Ccr1l1, Ccr7, Cd200, Cd200r1, Cd22, Cd24a, Cd274, Cd276, Cd28, Cd2ap, Cd34, Cd36, Cd38, Cd3e, Cd46, Cd59a, Cd83, Cd84, Cd96, Cdc73, Cdh1, Cdk1, Cdk2, Cdk5, Cdk5r1, Cdk6, Cdkn1a, Cdkn1b, Cdkn1c, Cdkn2a, Cdx2, Cdx4, Cdyl, Ceacam1, Ceacam2, Cebpa, Cebpb, Cebpd, Cela1, Celf1, Celf2, Celf4, Cenpf, Cenpv, Cflar, Cggbp1, Chac1, Chaserr, Chd3, Chd4, Chd5, Chd8, Chek1, Chid1, Chlsn, Chmp1a, Chrna7, Ciart, Cic, Cidea, Ciita, Cilp, Cipc, Cir1, Cirbp, Cited1, Cited2, Cldn19, Cldn3, Cldn5, Clec4a2, Clec4a3, Clec4a4, Clk2, Clock, Clp1, Cltc, Cmklr1, Cmtm2a, Cnbp, Cnot1, Cnot10, Cnot11, Cnot2, Cnot3, Cnot6, Cnot6l, Cnot7, Cnot8, Cnot9, Cnpy2, Coa8, Commd7, Cops2, Coq7, Cpb2, Cpeb1, Cpeb2, Cpeb3, Cpeb4, Cpne1, Cptp, Creb1, Creb3l1, Crebbp, Crebrf, Crebzf, Crem, Crh, Crhr2, Crkl, Cry1, Cry2, Cryaa, Cryab, Cryba1, Crym, Csdc2, Csde1, Csf2, Csk, Ctbp1, Ctbp2, Ctc1, Ctcf, Ctif, Ctla2a, Ctnnb1, Ctnnbip1, Ctns, Ctr9, Ctsz, Cuedc2, Cul3, Cux1, Cux2, Cx3cl1, Cx3cr1, Cxxc5, Cyfip1, Cygb, Cyp27b1, Cyp2j6, Cyp7a1, Cys1, D1Pas1, Dab2, Dab2ip, Dach1, Dact1, Dap, Dapk1, Dapk3, Dapl1, Daxx, Dazl, Dbi, Dcaf1, Dcaf5, Dcp1a, Dcp1b, Dcp2, Dcps, Ddit3, Ddrgk1, Ddx17, Ddx20, Ddx3x, Ddx3y, Ddx4, Ddx5, Ddx54, Ddx56, Ddx6, Deaf1, Dedd, Depdc1a, Dgcr8, Dgkq, Dhrs7b, Dhx34, Dhx36, Dhx58, Dhx9, Dicer1, Dip2a, Dis3, Dis3l, Dis3l2, Dkk1, Dkk3, Dkkl1, Dlg1, Dll1, Dll4, Dlx1, Dlx2, Dlx4, Dmap1, Dmbx1, Dmrt1, Dmrt1i, Dnaja3, Dnajb1, Dnajb4, Dnajb5, Dnajb6, Dnajc17, Dnajc2, Dnd1, Dnmt1, Dnmt3a, Dnmt3b, Dnmt3l, Dot1l, Dr1, Drap1, Drd3, Drosha, Dubr, Dusp1, Dusp15, Dusp22, Dusp26, Dusp5, Dxo, Dynll1, Dyrk1a, Dysf, E2f1, E2f6, E2f7, E2f8, E4f1, Eapp, Edc3, Edc4, Edn1, Ednrb, Eed, Efna1, Egr1, Ehmt1, Ehmt2, Eid1, Eid2, Eid2b, Eif2a, Eif2ak1, Eif2ak2, Eif2ak3, Eif2ak4, Eif2s1, Eif3e, Eif4a3, Eif4a3l1, Eif4a3l2, Eif4e, Eif4e2, Eif4ebp1, Eif4ebp2, Eif4ebp3, Eif4enif1, Eif4g1, Eif6, Elane, Elavl1, Elavl4, Elf2, Elf3, Elf4, Elk3, Elk4, Elob, Eloc, Emilin1, En1, Enc1, Endou, Eng, Eno1, Eno1b, Enpp1, Entpd1, Eomes, Ep300, Epas1, Epc1, Epha2, Ephb2, Epm2a, Epo, Epor, Eprs1, Epx, Erbin, Ereg, Erfe, Eri1, Erlin1, Erlin2, Ern1, Ern2, Erp29, Errfi1, Esr1, Esr2, Esrra, Esrrb, Esx1, Etf1, Ets2, Etv3, Etv6, Exd1, Exosc10, Exosc2, Exosc3, Exosc4, Exosc5, Exosc6, Exosc7, Exosc8, Exosc9, Extl3, Ezh1, Ezh2, Ezr, F2, F2rl1, Fabp4, Fam220a, Fam76b, Fasl, Fastk, Fastkd1, Fastkd2, Fastkd3, Fastkd5, Fbln1, Fbln5, Fbp1, Fbxo24, Fbxw11, Fbxw7, Fcgr2b, Fcor, Ferd3l, Fermt1, Fezf1, Fezf2, Ffar1, Ffar4, Fgf15, Fgf9, Fgfr1, Fgfr2, Fgfr3, Fgfr4, Fhl2, Fkbp6, Flcn, Flna, Flot2, Flt1, Flt3, Flywch1, Fmr1, Fn1, Fnip1, Fnip2, Focad, Foxa1, Foxa2, Foxc1, Foxc2, Foxd1, Foxd3, Foxe1, Foxf1, Foxf2, Foxg1, Foxh1, Foxj1, Foxk1, Foxk2, Foxl2, Foxm1, Foxn3, Foxo1, Foxo3, Foxp1, Foxp2, Foxp3, Foxp4, Foxq1, Foxr1, Foxs1, Frk, Fst, Fto, Ftx, Furin, Fus, Fxr1, Fxr2, Fyn, Fzd1, Gabpa, Gadd45a, Gapdh, Gapdh-ps15, Gapdhrt, Gapdhrt2, Gas1, Gas5, Gas6, Gata1, Gata2, Gata3, Gata4, Gata5, Gata6, Gatad2a, Gatad2b, Gba1, Gbp4, Gbp7, Gchfr, Gck, Gclc, Gdnf, Gfi1, Gfpt1, Ggnbp2, Ghrl, Ghsr, Gigyf2, Gimap3, Gimap5, Git1, Gja1, Gla, Glg1, Gli2, Gli3, Glis1, Glis2, Glis3, Glrp1, Gm17067, Gm38999, Gm4275, Gm4924, Gmnn, Gmppa, Gnl3l, Gon4l, Got1, Gpat2, Gpatch3, Gper1, Gpnmb, Gpr174, Gpr18, Gps2, Grb10, Grb7, Grem1, Gsc, Gsk3b, Gspt1, Gspt2, Gstp-ps, Gstp1, Gstp2, Gstp3, Gtf2ird1, Gtpbp1, Gtpbp2, Gtsf1, Gzf1, Gzmb, Gzmc, Gzmn, H19, H1f0, H1f2, H1f3, H1f4, H1f5, H1f9, H2ab1, H2ab2, H2ab3, H2ac1, H2ac10, H2ac11, H2ac12, H2ac13, H2ac15, H2ac19, H2ac20, H2ac21, H2ac22, H2ac23, H2ac24, H2ac25, H2ac4, H2ac6, H2ac7, H2ac8, H2aj, H2al1b, H2al1e, H2al1f, H2al1j, H2al1k, H2al1m, H2al1n, H2al1o, H2al2a, H2al2b, H2al3, H2ap, H2ax, H2az1, H2az2, H3c14, H3f3a, H3f3b, Habp4, Halr1, Hamp, Hand1, Hand2, Hat1, Havcr2, Hba-x, Hbb-bh1, Hbb-y, Hbegf, Hbp1, Hbs1l, Hcfc1, Hcfc2, Hcls1, Hdac1, Hdac10, Hdac2, Hdac3, Hdac4, Hdac5, Hdac6, Hdac7, Hdac8, Hdac9, Hdgf, Hells, Helt, Helz, Helz2, Henmt1, Hes1, Hes2, Hes3, Hes5, Hes6, Hes7, Hesx1, Hexim1, Hexim2, Hey1, Hey2, Heyl, Hfe, Hgf, Hhatl, Hhex, Hic1, Hif1a, Hif1an, Hinfp, Hipk1, Hipk2, Hipk3, Hivep1, Hjv, Hmbox1, Hmg20a, Hmga1, Hmga1b, Hmga2, Hmgb1, Hmgb2, Hmgn2, Hmox1, Hmx1, Hnf1a, Hnf1b, Hnf4a, Hnrnpa0, Hnrnpa2b1, Hnrnpab, Hnrnpc, Hnrnpd, Hnrnpk, Hnrnpl, Hnrnpr, Hnrnpu, Homer2, Homer3, Hopx, Hotair, Hoxa2, Hoxa7, Hoxb13, Hoxb3, Hoxb4, Hoxb8, Hoxc8, Hoxd8, Hoxd9, Hr, Hras, Hrh1, Hsbp1, Hsbp1l1, Hsf1, Hsf4, Hsf5, Hspa1a, Hspa1b, Hspa4, Hspa8, Hspd1, Id1, Id2, Id3, Id4, Idi2, Ido1, Ifi203, Ifi203-ps, Ifi206, Ifi207, Ifi208, Ifi209, Ifi213, Ifi214, Ifi27, Ifnb1, Ifng, Ifrd2, Ift172, Igf1, Igf2, Igf2bp1, Igf2bp2, Igf2bp3, Igfbp5, Ighmbp2, Igtp, Ikbke, Ikzf1, Ikzf4, Ikzf5, Il10, Il12a, Il12b, Il13, Il13ra2, Il1b, Il1r2, Il1rl1, Il20rb, Il23a, Il23r, Il27ra, Il33, Il36rn, Il4, Il6, Il6ra, Ilf3, Ilrun, Impact, Ing1, Ing2, Ing4, Inhbb, Inpp5d, Inpp5e, Inpp5k, Inppl1, Ins1, Ins2, Insig1, Insig2, Insm1, Insm2, Insr, Iqgap3, Irak1, Irak3, Ireb2, Irf1, Irf2bp1, Irf2bp2, Irf2bpl, Irf8, Irgm1, Irgm2, Irx1, Irx2, Irx3, Irx4, Irx6, Isl1, Isx, Isyna1, Itgb8, Itm2a, Itm2b, Itm2c, Jak3, Jarid2, Jazf1, Jdp2, Jph2, Jpx, Jun, Jund, Kank2, Kantr, Kat14, Kat2a, Kat2b, Kat5, Kat6a, Kat6b, Kat8, Kcnip3, Kcnk2, Kcnq1ot1, Kctd1, Kctd15, Kdm1a, Kdm2a, Kdm2b, Kdm4a, Kdm5a, Kdm5b, Kdm5c, Kdm8, Kdr, Keap1, Khdrbs1, Khsrp, Klf10, Klf11, Klf12, Klf16, Klf17, Klf2, Klf3, Klf4, Klf5, Klf7, Klf8, Klhl22, Klhl25, Kmt2a, Kmt2b, Kmt2d, Kmt5a, Kpna7, L3mbtl1, L3mbtl2, L3mbtl3, L3mbtl4, Lag3, Lancl2, Laptm4b, Laptm5, Larp1, Larp4b, Larp7, Larp7-ps, Lbh, Lbp, Lbr, Lcor, Ldb1, Ldb2, Ldlr, Lef1, Lefty1, Lep, Lepr, Lgals9, Lgmn, Lgr4, Lhx1, Lhx2, Lhx9, Lilra5, Lilrb4a, Lilrb4b, Limd1, Lims1, Lin28a, Lin28b, Lin37, Lmcd1, Lmna, Lmnb1, Lmnb2, Lmo1, Lmo4, Loxl2, Loxl3, Lpcat1, Lpin1, Lrif1, Lrp1, Lrp3, Lrrc32, Lrrfip1, Lrrk2, Lsm1, Lsm14a, Lsm14b, Lsm2, Lsm4, Lsm5, Lsm6, Lsm7, Ltf, Lyar, Macir, Macroh2a1, Macroh2a2, Mad2l2, Mael, Maf, Maf1, Mafk, Magea1, Magea10, Magea13, Magea14, Magea2, Magea3, Magea4, Magea5, Magea6, Magea8, Magea9, Mageb11, Mageb16, Mageb18, Mageb2, Mageb3, Mageb4, Mageb5, Mageb5b, Mageb6b1, Magec2, Maged1, Maged2, Magee1, Magee2, Mageh1, Magel2, Magoh, Magohb, Malrd1, Malsu1, Map2k1, Map2k2, Map2k5, Map3k10, Map3k20, Map3k7, Mapk10, Mapk15, Mapkapk2, Mapkbp1, Mapt, Marchf8, Mark1, Max, Maz, Mbd1, Mbd2, Mbd3, Mbd3l1, Mbd3l2, Mbip, Mbtd1, Mc1r, Mcph1, Mdfi, Mdfic, Mdfic2, Mdm2, Mdm4, Mecom, Mecp2, Med1, Med25, Mef2a, Mef2c, Mefv, Meioc, Men1, Mepce, Mertk, Mesp1, Met, Mettl13, Mettl14, Mettl16, Mettl3, Mettl4, Mex3d, Mfn2, Mfsd12, Mgat4d, Mideas, Mier1, Mier2, Mier3, Mif, Mir100, Mir101a, Mir101b, Mir107, Mir10a, Mir124-2hg, Mir1247, Mir124a-1, Mir124a-1hg, Mir124a-2, Mir124a-3, Mir125a, Mir125b-1, Mir125b-2, Mir129, Mir129-1, Mir129-2, Mir133a-1, Mir133a-1hg, Mir133a-2, Mir134, Mir135a-1, Mir135a-2, Mir137, Mir140, Mir143, Mir144, Mir146, Mir154, Mir155, Mir15a, Mir17, Mir18, Mir181b-1, Mir181b-2, Mir182, Mir183, Mir186, Mir196a-1, Mir196a-2, Mir196b, Mir1a-1, Mir1a-2, Mir1b, Mir200a, Mir200b, Mir203, Mir204, Mir205, Mir208b, Mir214, Mir217, Mir218, Mir218-1, Mir218-2, Mir219a-1, Mir219a-2, Mir21a, Mir21b, Mir21c, Mir221, Mir223, Mir23a, Mir24-1, Mir24-2, Mir26a-1, Mir26a-2, Mir26b, Mir296, Mir29a, Mir29b-1, Mir29b-2, Mir29c, Mir301, Mir30a, Mir30c-1, Mir30c-2, Mir320, Mir324, Mir33, Mir330, Mir338, Mir34a, Mir34b, Mir34c, Mir351, Mir370, Mir382, Mir3960, Mir411, Mir423, Mir448, Mir449a, Mir449b, Mir449c, Mir450b, Mir451a, Mir451b, Mir466l, Mir470, Mir489, Mir494, Mir495, Mir504, Mir505, Mir511, Mir539, Mir541, Mir543, Mir668, Mir675, Mir696, Mir7-1, Mir7-2, Mir702, Mir7116, Mir7578, Mir7b, Mir873a, Mir874, Mir875, Mir9-1, Mir96, Mir98, Mirlet7a-1, Mirlet7a-2, Mirlet7b, Mirlet7c-1, Mirlet7c-2, Mirlet7e, Mirlet7g, Mis18a, Mitf, Mkks, Mkx, Mlh1, Mlip, Mlx, Mlxipl, Mmp12, Mndal, Mnt, Mnx1, Morc1, Morc2a, Morc2b, Morc3, Mospd1, Mov10, Mov10l1, Mphosph8, Mpv17l, Mrpl13, Mrto4, Msc, Msr1, Mst1, Msx1, Msx1os, Msx2, Msx3, Mta1, Mta2, Mta3, Mtcl2, Mtdh, Mterf3, Mtf2, Mtor, Mtpap, Muc1, Muc16, Mul1, Mup1, Mup11, Mup2, Mup3, Mup4, Mup5, Musk, Mvk, Mxd1, Mxd3, Mxd4, Mxi1, Myadm, Myb, Mybbp1a, Myc, Mycn, Mycs, Myd88, Myef2, Myf6, Mynn, Myocd, Myoz1, Myoz2, Mypop, Myt1, Myt1l, Mzf1, N4bp1, N4bp2l2, N6amt1, Nab1, Nab2, Nacc1, Nacc2, Nanog, Nanos1, Nanos2, Nanos3, Nat10, Nav3, Nbas, Nbdy, Ncbp1, Ncbp2, Ncbp3, Nck1, Nck2, Nckap1l, Ncl, Ncoa2, Ncor1, Ncor2, Ndfip1, Ndfip2, Ndn, Ndrg2, Ndufa13, Ndufc2, Nedd4, Nelfa, Nelfb, Nelfcd, Nelfe, Nepn, Neurog3, Nfatc1, Nfatc2, Nfatc3, Nfatc4, Nfe2l1, Nfe2l3, Nfib, Nfic, Nfil3, Nfix, Nfkb1, Nfkbie, Nfkbil1, Nfx1, Niban2, Nicol1, Nif3l1, Nipbl, Nkap, Nkrf, Nkx2-1, Nkx2-5, Nkx3-1, Nkx3-2, Nkx6-1, Nkx6-2, Nkx6-3, Nlrc3, Nlrp12, Nlrp3, Nlrp6, Nlrx1, Nmb, Nmbr, Nme1, Nmi, Nmnat1, Nmnat2, Noc2l, Noct, Nod2, Nodal, Nog, Nono, Nop53, Nos2, Nostrin, Notch1, Notch2, Notch3, Notch4, Npas1, Npat, Nploc4, Npm1, Nppc, Nptn, Nr0b1, Nr0b2, Nr1d1, Nr1d2, Nr1h2, Nr1h3, Nr1h4, Nr1h5, Nr1i2, Nr1i3, Nr2c1, Nr2c2, Nr2e1, Nr2e3, Nr2f1, Nr2f2, Nr2f6, Nr3c1, Nr4a2, Nr4a3, Nr6a1, Nrarp, Nrde2, Nrg1, Nrip1, Nrip2, Nrxn1, Nscme3l, Nsd1, Nsd2, Nsd3, Nsmce3, Nts, Nudt12, Nudt16, Nudt16l2, Nup155, Nupr2, Nutf2, Nutf2-ps1, Oas1a, Oas1b, Oas1c, Oas1d, Oas1e, Oas1f, Oas1g, Oas1h, Oas3, Obp2a, Ocln, Oga, Ogt, Olfm1, Olig2, Olig3, Olr1, Oog1, Oog2, Oog3, Opn3, Oprd1, Oprm1, Ormdl1, Ormdl2, Ormdl3, Osr1, Osr2, Otp, Otud5, Otud6b, Otud7b, Ovol1, Ovol2, Pa2g4, Pabpc1, Pabpc4, Pabpn1l, Paf1, Paip1, Paip2, Paip2b, Pan2, Pan3, Park7, Parn, Parp1, Parp10, Parp14, Parp16, Parp3, Parp9, Pasd1, Pask, Patl1, Patl2, Patz1, Pawr, Pax2, Pax3, Pax4, Pax5, Pax6, Pax9, Pbxip1, Pcbp3, Pcbp4, Pcgf1, Pcgf2, Pcgf3, Pcgf5, Pcgf6, Pcid2, Pcif1, Pcna, Pcx, Pdcd10, Pdcd1lg2, Pdcd4, Pde12, Pde2a, Pde8b, Pdgfa, Pdgfb, Pdx1, Peg3, Peli3, Pelo, Per1, Per2, Per3, Pex14, Pfdn5, Pglyrp1, Pglyrp2, Pglyrp3, Pglyrp4, Pgp, Pgr, Phb1, Phb2, Phc1, Phc2, Phc3, Phf1, Phf12, Phf14, Phf19, Phf2, Phf21a, Phf6, Phf8, Pias1, Pias3, Pias4, Pibf1, Picalm, Pick1, Pid1, Pif1, Pik3ca, Pik3cd, Pink1, Pinx1, Pitx1, Pitx2, Piwil1, Piwil2, Piwil4, Pkia, Pkig, Pkp1, Pkp3, Pla2g10, Pla2g3, Plag1, Plat, Plau, Plcb1, Pld6, Plek, Plekhn1, Plk1, Plk3, Pml, Pmp22, Pnldc1, Pnpt1, Pnrc1, Pnrc2, Pole3, Polr2g, Pomc, Pot1a, Pot1b, Pou1f1, Pou2f1, Pou3f1, Pou3f2, Pou3f3, Pou4f1, Pou4f2, Pou5f1, Pou6f1, Ppara, Ppard, Pparg, Ppargc1b, Pphln1, Ppid, Ppm1b, Ppm1d, Ppm1f, Ppp1r11, Ppp1r13l, Ppp1r15a, Ppp2cb, Ppp3ca, Pramel1, Pramel7, Prdm1, Prdm11, Prdm12, Prdm13, Prdm14, Prdm16, Prdm2, Prdm4, Prdm5, Prdm6, Prdm8, Prdx5, Prg2, Prg3, Prg4, Prickle1, Prkaa1, Prkaa2, Prkaca, Prkag3, Prkar1a, Prkca, Prkch, Prkdc, Prkg1, Prkn, Prkra, Prmt2, Prmt3, Prmt5, Prmt6, Prnp, Prop1, Prox1, Prr5l, Prrx1, Psen1, Psen2, Psmc5, Psmd10, Pspc1, Ptbp1, Ptbp2, Ptbp3, Ptch1, Ptger4, Ptgis, Ptgr1, Ptgs2os, Ptpn11, Ptpn2, Ptpn22, Ptpn6, Ptprc, Ptprk, Ptprs, Ptrh2, Pum1, Pum2, Pura, Purb, Pus10, Pus7, Pwp1, Pycard, Pym1, Qars1, Qki, Rabgef1, Rac1, Rack1, Rad21, Ralgapa1, Raly, Rap1a, Rapgef2, Rapgef3, Rara, Rarb, Rarg, Rasd1, Rb1, Rbbp4, Rbbp7, Rbbp8, Rbfox2, Rbl1, Rbl2, Rbm10, Rbm15, Rbm15b, Rbm20, Rbm24, Rbm3, Rbm33, Rbm38, Rbm4, Rbm42, Rbm46, Rbm47, Rbm8a, Rbm8a2, Rbms3, Rbmxl1, Rbpj, Rbx1, Rbx1-ps, Rc3h1, Rc3h2, Rcor1, Rcor2, Rcor3, Rd3, Recql5, Rel, Rela, Relb, Rere, Resf1, Rest, Rfc1, Rfx3, Rfx5, Rgcc, Rgn, Rgs2, Rhoa, Rhox2a, Rhox3a, Rhox5, Rida, Rif1, Ring1, Riox1, Riox2, Ripk1, Ripply1, Ripply2, Ripply3, Rlf, Rlim, Rnaseh2b, Rnasel, Rnf125, Rnf128, Rnf139, Rnf168, Rnf2, Rnf8, Rnps1, Robo1, Rock1, Rock2, Rorb, Rorc, Ros1, Rpl10, Rpl10-ps3, Rpl13a, Rpl23, Rps13, Rps14, Rps26, Rps3, Rps6ka5, Rreb1, Rrp8, Rsf1, Rsl1, Rtf1, Runx1, Runx1t1, Runx2, Runx3, Ruvbl2, Rxra, Rybp, S100a1, Sall1, Sall2, Sall4, Samd1, Samd11, Samd4, Samd4b, Samd7, Sap130, Sap18, Sap18b, Sap25, Sap30, Sap30l, Sarnp, Sars1, Satb1, Satb2, Sbno2, Scaf4, Scaf8, Scai, Scgb1a1, Scmh1, Scml2, Scml4, Scrib, Scrt1, Scrt2, Scx, Sdcbp, Sdr16c5, Secisbp2, Selenos, Sema4d, Senp1, Serbp1, Serpina12, Serpinb1a, Serpinb1b, Serpinb1c, Serpine1, Serpine2, Serpinf1, Serpinf2, Sesn2, Setd5, Setdb1, Setdb2, Setmar, Sfmbt1, Sfmbt2, Sfn, Sfpq, Sfrp1, Sfrp2, Sfswap, Sftpd, Sgf29, Sgms1os1, Sh2d1b1, Sh3gl2, Shc1, Shfl, Shh, Shmt1, Shox2, Sigirr, Siglec1, Siglecg, Sik1, Sik2, Sim2, Sin3a, Sin3b, Sinhcaf, Sirpa, Sirt1, Sirt2, Sirt4, Sirt6, Sirt7, Six1, Six3, Six4, Six5, Ski, Skic2, Skic3, Skic8, Skil, Skor1, Skor2, Sla2, Slamf1, Slc11a1, Slc24a3, Slc24a5, Slc27a1, Slc2a10, Slc35c2, Slc37a4, Slc7a5, Slfn1, Slfn14, Slit2, Slit3, Smad2, Smad3, Smad4, Smad5, Smad7, Smarca1, Smarca2, Smarca4, Smarca5, Smarcad1, Smarcc2, Smarce1, Smchd1, Smcr8, Smg1, Smg5, Smg6, Smg7, Smg8, Smg9, Smo, Smpd3, Smtnl1, Smyd1, Smyd2, Smyd5, Snai1, Snai2, Snai3, Snd1, Snip1, Snw1, Snx12, Snx6, Socs5, Sod1, Sorbs3, Sox1, Sox10, Sox11, Sox12, Sox13, Sox14, Sox15, Sox18, Sox2, Sox21, Sox3, Sox30, Sox4, Sox5, Sox6, Sox7, Sox8, Sox9, Sp100, Sp2, Sp3, Sp5, Spag11a, Spdef, Spen, Sphk1, Spi1, Spin1, Spindoc, Spink7, Spocd1, Spop, Spout1, Spty2d1, Sqstm1, Src, Srebf1, Srebf2, Srf, Srgn, Srp9, Srrt, Srsf1, Srsf10, Srsf3, Srsf4, Srsf6, Srsf7, Srsf9, Sry, Ssb, Ssc5d, St18, Stat1, Stat3, Stat6, Stc2, Stn1, Stox1, Strap, Strm, Strn3, Suds3, Sufu, Sumo1, Sumo2, Supt4a, Supt4b, Supt5, Supv3l1, Suv39h1, Suv39h2, Suz12, Syncrip, Syt11, T, Tada3, Taf15, Taf3, Taf7, Taf9b, Tagln3, Tal1, Tarbp2, Tardbp, Tasor, Tasor2, Tbk1, Tbl1x, Tbl1xr1, Tbr1, Tbrg4, Tbx1, Tbx15, Tbx18, Tbx2, Tbx20, Tbx21, Tbx22, Tbx3, Tbx6, Tceal7, Tcerg1, Tcf21, Tcf23, Tcf25, Tcf3, Tcf4, Tcf7, Tcf7l1, Tcf7l2, Tcfl5, Tcl1, Tcp10a, Tcp10b, Tcp10c, Tdg, Tdrd1, Tdrd12, Tdrd5, Tdrd6, Tdrd7, Tdrd9, Tdrkh, Ten1, Tenm2, Tent2, Tent4a, Tent4b, Tent5a, Tent5b, Tent5c, Tent5d, Terf1, Terf2, Tert, Tesk1, Tet1, Tex15, Tex19.1, Tex19.2, Tfap2a, Tfap2b, Tfap2c, Tfap4, Tfcp2l1, Tfdp2, Tfec, Tgfb1, Tgfb2, Tgfb3, Tgfbr1, Tgfbr3, Tgif1, Tgif2, Thap1, Thap11, Thap7, Thbs1, Thra, Thrap3, Thrb, Tia1, Tial1, Ticam2, Tigit, Timeless, Tinf2, Tiparp, Tirap, Tle1, Tle2, Tle4, Tle5, Tle6, Tlr2, Tlr4, Tlr6, Tlr8, Tmbim6, Tmeff2, Tmem98, Tmf1, Tmprss6, Tmx1, Tnf, Tnfaip3, Tnfrsf1a, Tnfrsf21, Tnfrsf4, Tnfsf11, Tnfsf4, Tnp1, Tnrc6a, Tnrc6b, Tnrc6c, Tob1, Tpr, Traf2, Traf3ip1, Traf3ip2, Traf5, Traf6, Traf7, Traip, Trem2, Trerf1, Trib2, Trib3, Trim11, Trim24, Trim27, Trim28, Trim29, Trim30a, Trim37, Trim6, Trim66, Trim71, Trip12, Tro, Trp53, Trp53cor1, Trp53inp1, Trp63, Trps1, Trpv1, Trpv4, Trub1, Tsc1, Tsc22d4, Tsg101, Tshz3, Tsix, Tsku, Tsn, Tsnax, Tspo, Ttbk1, Ttc5, Tusc2, Tut4, Tut7, Twist1, Twist2, Twsg1, Txn1, Txnip, Tyms, Tyrobp, U2af2, Uba3, Ube2i, Ubr2, Ubr4, Ubr5, Ucn, Ucn2, Ufd1, Uhrf1, Uhrf2, Uimc1, Unk, Upf1, Upf2, Upf3a, Upf3b, Upk3b, Uri1, Usp17le, Usp2, Usp3, Usp47, Usp7, Uty, Uxt, Vax1, Vax2, Vdr, Vegfa, Vegfb, Vgll4, Vhl, Vim, Vip, Vpreb3, Vps35, Vsig4, Vsir, Vsx2, Wdhd1, Wdr35, Wdr5, Wdr82, Wdtc1, Wfs1, Wnt10b, Wnt11, Wnt4, Wnt5a, Wnt8b, Wt1, Wtip, Wwc1, Wwc2, Wwp1, Wwp2, Wwtr1, Xaf1, Xbp1, Xcl1, Xdh, Xist, Xpc, Xpo1, Xpo5, Xrcc5, Xrcc6, Xrn1, Xrn2, Yaf2, Yap1, Ybx1, Ybx2, Ybx3, Yeats2, Ylpm1, Ythdc1, Ythdf1, Ythdf2, Ythdf3, Ywhab, Ywhaq, Ywhaq-ps3, Ywhaz, Yy1, Zar1, Zar1l, Zbed6, Zbtb1, Zbtb10, Zbtb12, Zbtb14, Zbtb16, Zbtb18, Zbtb2, Zbtb20, Zbtb21, Zbtb24, Zbtb25, Zbtb26, Zbtb32, Zbtb33, Zbtb34, Zbtb37, Zbtb38, Zbtb39, Zbtb4, Zbtb42, Zbtb45, Zbtb46, Zbtb49, Zbtb5, Zbtb6, Zbtb7a, Zbtb7b, Zbtb8a, Zc3h10, Zc3h12a, Zc3h12d, Zc3h14, Zc3h4, Zc3h6, Zc3h7a, Zc3h7b, Zc3h8, Zc3hav1, Zcchc7, Zeb1, Zeb2, Zfhx3, Zfp1006, Zfp111, Zfp12, Zfp125, Zfp128, Zfp13, Zfp131, Zfp148, Zfp174, Zfp175, Zfp202, Zfp217, Zfp219, Zfp239, Zfp24, Zfp263, Zfp281, Zfp296, Zfp3, Zfp318, Zfp354a, Zfp354b, Zfp354c, Zfp36, Zfp366, Zfp36l1, Zfp36l2, Zfp36l3, Zfp382, Zfp386, Zfp397, Zfp410, Zfp418, Zfp423, Zfp438, Zfp445, Zfp451, Zfp469, Zfp473, Zfp488, Zfp503, Zfp512b, Zfp536, Zfp541, Zfp568, Zfp57, Zfp598, Zfp608, Zfp616, Zfp639, Zfp653, Zfp658, Zfp668, Zfp683, Zfp692, Zfp703, Zfp706, Zfp715, Zfp735, Zfp746, Zfp748, Zfp750, Zfp777, Zfp809, Zfp819, Zfp827, Zfp869, Zfp90, Zfp932, Zfp958, Zfp973, Zfpm1, Zfpm2, Zfta, Zfy2, Zglp1, Zgpat, Zhx1, Zhx2, Zhx3, Zic2, Zkscan3, Zmpste24, Zmym2, Zmym5, Zmynd11, Zmynd15, Zmynd8, Znfx1, Znhit1, Zp3, Zpbp2, Zscan10, Zswim8
GO:1903530	regulation of secretion by cell	711	24	10.36	0.00014	0.024569999999999998	A1cf, Aacs, Abat, Abca12, Abcc8, Abcg1, Abr, Acsl4, Acvr1c, Acvr2a, Adam9, Adcy5, Adcy8, Adcyap1, Adipoq, Adora1, Adora2a, Adora2b, Adora3, Adra2a, Adtrp, Agt, Agtr1a, Agtr2, Ahi1, Aimp1, Alox5, Ang, Ang2, Ang3, Ang4, Ang5, Ang6, Ankrd1, Ano1, Anxa1, Anxa2, Anxa5, Anxa7, Ap1g1, Apbb1, Apbb3, Apln, Apoe, Arf1, Arf6, Arfip1, Arhgef7, Arrb1, Asic1, Atg7, Atp13a2, Atp2a2, Atp5pf, Atp9a, Avp, Avpr1a, Bad, Baiap3, Bcl2l1, Bcr, Bglap, Bglap2, Birc5, Blk, Bmal1, Bmp2, Bmp6, Braf, Brsk2, Bsg, C1qtnf1, C1qtnf12, C1qtnf3, C2cd2l, C9orf72, Cacna1a, Cacna1b, Cacna1c, Cacna1d, Cacna1e, Cacna1g, Cacna1h, Cacna1i, Cacnb4, Cadps, Cadps2, Camk2a, Camk2n1, Capn10, Cartpt, Cask, Casr, Cbarp, Cck, Cckar, Cckbr, Ccl5, Ccn3, Ccr2, Cd160, Cd177, Cd200, Cd2ap, Cd300a, Cd38, Cd84, Cdk16, Cdk5, Cdk5r2, Ceacam1, Cela2a, Cftr, Chd7, Chga, Chmp2a, Chrm3, Chrna3, Chrna4, Chrna6, Chrna7, Chrnb2, Clasp1, Clasp2, Clcf1, Clock, Cnr1, Cntf, Cpb2, Cplane2, Cplx1, Cplx3, Cplx4, Cpt1a, Creb1, Crh, Crhbp, Crhr1, Crhr2, Cry1, Cry2, Cspg5, Cxcl12, Cyp19a1, Cyp27b1, Cyp2j5, Cyp51, D6Wsu163e, Dab2, Dnajc1, Dnm1l, Doc2a, Doc2b, Doc2g, Dph3, Dpysl2, Drd2, Drd3, Drd4, Dtnbp1, Dvl1, Dynll1, Ecrg4, Edn1, Edn2, Edn3, Efna5, Egfr, Eipr1, Ensa, Entpd1, Eny2, Ep300, Epb41l1, Epha5, Erp29, Exoc2, Exph5, F2, F2r, F2rl1, F2rl2, Fam3d, Fbn1, Fbxl20, Fbxo45, Fcer1a, Fcer1g, Fes, Ffar1, Ffar2, Ffar3, Ffar4, Fga, Fgb, Fgf23, Fgfr1, Fgfr4, Fgg, Fgr, Fkbp1b, Fmr1, Foxa2, Foxf1, Foxl2, Foxo1, Frmd4a, Fto, G6pc2, Gab2, Gabbr1, Gal, Galr1, Gata1, Gata2, Gcg, Gck, Gdf9, Ghrh, Ghrhr, Ghrl, Ghsr, Gip, Gipr, Git1, Git2, Gja1, Gja5, Glp1r, Glud1, Glul, Gna11, Gnai2, Gnao1, Gnaq, Gnas, Gnaz, Golph3, Golph3l, Gper1, Gpld1, Gpr151, Gpr158, Gpr27, Gpr39, Gpr68, Gprc6a, Grin2b, Grk2, Grm2, Grm7, Grm8, Grp, Hadh, Hap1, Hcar2, Hcfc1, Hcrt, Hfe, Hgs, Hif1a, Hmga2, Hmgcr, Hmgn3, Hmox1, Hnf1a, Hnf4a, Hrh3, Htr1a, Htr1b, Htr1d, Htr2a, Htr2c, Htr6, Htr7, Hyal3, Ica1, Idh2, Idua, Ier3ip1, Ifnb1, Ifng, Igf1, Igfbp3, Igh-7, Il11, Il12a, Il12b, Il13, Il13ra2, Il1a, Il1b, Il1rapl1, Il1rn, Il4, Il4ra, Il6, Ildr1, Inha, Inhba, Inhbb, Ins1, Ins2, Irs1, Irs2, Isl1, Itgam, Itgb2, Itgb2l, Itpr1, Itsn1, Jagn1, Jak2, Kalrn, Kcna2, Kcnb1, Kcnc3, Kcnc4, Kcnh1, Kcnj11, Kcnj6, Kcnk9, Kcnn4, Kcnq1, Kdm5b, Kif5b, Kiss1, Kiss1r, Klf7, Kmo, Krt20, Lamp1, Lep, Lepr, Lgals3, Lgals9, Lgi3, Lif, Lrp1, Lrp5, Lrrc8a, Lrrk2, Lyn, Lypd10, Lypd11, Madd, Malrd1, Maob, Map2k6, Map4k4, Mapk9, Mctp1, Mctp2, Mcu, Mef2c, Mfn2, Mical1, Micu3, Midn, Mif, Mir130a, Mir200a, Mir410, Mmp13, Mpc2, Ms4a2, Mtnr1a, Mtnr1b, Mup1, Mup11, Mup2, Mup3, Mup4, Mup5, Myb, Myh10, Myh9, Myo18a, Myo5a, Myo5b, Myom1, Myrip, Myt1, Nadk, Nckap1l, Ncoa6, Ncs1, Ndufaf2, Nell2, Neo1, Nf1, Ngf, Nkx3-1, Nkx6-1, Nlgn1, Nlgn2, Nmb, Nmu, Nnat, Nos1, Nos2, Notch1, Npff, Nppa, Nppc, Npvf, Npy, Npy1r, Npy2r, Npy5r, Nr0b2, Nr1d1, Nr1h2, Nr1h3, Nr1h4, Nr3c1, Nrg1, Nsf, Ntrk2, Ntsr1, Nucb2, Oga, Oprk1, Oprm1, Or51e2, Orai1, Osbp, Osm, Oxct1, Oxt, Oxtr, P2rx1, P2rx2, P2rx7, P2ry1, P2ry12, P2ry2, P2ry4, P3h1, Pard6a, Pask, Pax8, Pck2, Pclo, Pcp4, Pcsk1, Pdcd6ip, Pde1c, Pde3b, Pde4c, Pde8b, Pdpk1, Pdx1, Per2, Pex5l, Pfkfb2, Pfkl, Pfkm, Pfn2, Pick1, Pim3, Pink1, Piwil4, Pla2g10, Pla2g3, Pla2g4a, Pla2g6, Plcb1, Plcd1, Pld2, Pnkd, Pomc, Pou5f1, Ppard, Pparg, Ppfia2, Ppia, Ppid, Ppp1r9a, Ppp3ca, Ppp3cb, Pram1, Prepl, Prkaca, Prkar1a, Prkca, Prkcb, Prkce, Prkcg, Prkcq, Prkd1, Prkg1, Prkn, Psmd9, Ptafr, Ptbp1, Ptger3, Ptger4, Ptges, Ptgs1, Ptpmt1, Ptpn11, Ptpn23, Ptprv, Rab11fip1, Rab11fip3, Rab11fip5, Rab15, Rab21, Rab26, Rab27a, Rab27b, Rab2b, Rab33b, Rab34, Rab37, Rab3a, Rab3b, Rab3c, Rab3d, Rab3gap1, Rab5a, Rab7, Rab8b, Rab9, Rabgef1, Rac1, Rac2, Rala, Rap1a, Rap1b, Rap1gds1, Rapgef4, Rasl10b, Rbp4, Ren1, Rest, Retn, Rfx3, Rfx6, Rgcc, Rhbdd3, Rhbdf1, Rhbdf2, Rhot1, Ric1, Rims1, Rims2, Rims3, Rims4, Rph3a, Rph3al, Rptor, Rsad2, Rtn4, Runx1, S100a10, Scamp5, Scg5, Sct, Sdc1, Sdc4, Sdcbp, Sdhd, Sec24a, Selenot, Septin1, Septin4, Septin5, Sergef, Serp1, Sfrp1, Sidt2, Sirt1, Sirt3, Sirt4, Sirt6, Slc12a2, Slc16a1, Slc18a1, Slc18a3, Slc25a22, Slc2a2, Slc30a1, Slc30a8, Slc38a2, Slc4a8, Slc6a4, Slc8b1, Slc9b2, Smad4, Smcr8, Smpd3, Snap23, Snap25, Snap29, Snapin, Snca, Sncaip, Sncg, Snf8, Snx4, Sox11, Sox4, Sphk1, Sphk2, Spi1, Spp1, Srcin1, Srebf1, Sri, Sstr5, Stam, Stim1, Stx1a, Stx1b, Stx4a, Stxbp1, Stxbp2, Stxbp3, Stxbp4, Stxbp5, Stxbp5l, Sv2b, Sv2c, Sybu, Syk, Syn1, Syt1, Syt10, Syt11, Syt12, Syt13, Syt15, Syt17, Syt2, Syt3, Syt4, Syt5, Syt6, Syt7, Syt8, Syt9, Sytl4, Tac1, Tacr1, Tacr2, Tardbp, Tbc1d1, Tcf7l2, Tcirg1, Tcp11, Tfap2b, Tfr2, Tgfb1, Tgfb2, Tgfb3, Tiam1, Tlr2, Tlr4, Tm7sf3, Tmed10, Tmed10-ps, Tmem132a, Tmf1, Tnf, Tnfrsf11a, Tnfrsf1a, Tnfrsf1b, Tnfsf11, Tpcn2, Tprg1l, Trem2, Trh, Trim9, Trpa1, Trpc1, Trpm2, Trpm4, Trpm5, Tsg101, Tspo, Tspoap1, Ttn, Tunar, Ucn, Ucn2, Ucn3, Ucp2, Unc13a, Unc13b, Unc13d, Uqcc2, Uts2, Vamp2, Vamp3, Vamp7, Vamp8, Vdr, Vegfc, Vps18, Vps35, Vps4a, Vps4b, Vsnl1, Wdr41, Wls, Wnt7a, Zbed6, Zfp384, Zp3
GO:0061013	regulation of mRNA catabolic process	195	11	2.84	0.00015	0.026029213483146064	A1cf, Ago1, Ago2, Ago3, Alkbh5, Angel2, Apex1, Apobec1, Arid5a, Axin2, Boll, Brf1, Btg2, Cacng7, Calcr, Caprin1, Carhsp1, Casc3, Celf1, Cirbp, Cnot1, Cnot2, Cnot3, Cnot6, Cnot6l, Cnot7, Cnot8, Cpeb3, Csdc2, Csde1, Dazl, Dcp1a, Dcp1b, Dcp2, Dcps, Dhx34, Dhx36, Dhx9, Dicer1, Dis3l2, Dnd1, E2f1, Eif4a3, Eif4a3l1, Eif4a3l2, Eif4enif1, Elavl1, Elavl4, Fam76b, Fastk, Fastkd1, Fastkd2, Fastkd3, Fastkd5, Fmr1, Fto, Fus, Fxr1, Fxr2, Gdnf, Gigyf2, Gtpbp1, Gtsf1, Hnrnpa0, Hnrnpab, Hnrnpc, Hnrnpd, Hnrnpr, Hnrnpu, Igf2bp1, Igf2bp2, Igf2bp3, Ikbke, Khsrp, Larp1, Larp4b, Lsm1, Magoh, Magohb, Mapkapk2, Meioc, Mettl14, Mettl16, Mettl3, Mex3d, Mir144, Mir196a-1, Mir196a-2, Mir196b, Mir451a, Mir451b, Mir466l, Mir7578, Mlh1, Mov10, Mtor, Myd88, Nanos1, Nanos2, Nanos3, Nbas, Nicol1, Noct, Npm1, Nrde2, Pabpc1, Pabpc4, Pabpn1l, Paip1, Pan2, Pan3, Parn, Patl1, Patl2, Pcbp4, Pcid2, Pde12, Pias4, Piwil1, Piwil2, Piwil4, Pkp1, Pkp3, Plekhn1, Pnldc1, Pnpt1, Polr2g, Prr5l, Ptbp1, Pum1, Pum2, Qki, Rbm10, Rbm24, Rbm33, Rbm38, Rbm46, Rbm47, Rbm8a, Rbm8a2, Rc3h1, Rc3h2, Rida, Rnasel, Rock1, Rock2, Samd4, Samd4b, Scgb1a1, Secisbp2, Senp1, Slc11a1, Srsf1, Syncrip, Taf15, Tardbp, Tbrg4, Tent4a, Tent4b, Tent5a, Tent5b, Tent5c, Tent5d, Thrap3, Tirap, Tnrc6a, Tnrc6b, Tnrc6c, Tob1, Traf2, Traf3ip2, Traf5, Trim71, Ttc5, Tut4, Tut7, Upf1, Upf3a, Vegfa, Vim, Vip, Ybx1, Ybx2, Ythdf1, Ythdf2, Ythdf3, Zar1, Zc3h12a, Zc3h12d, Zc3h14, Zc3hav1, Zfp36, Zfp36l1, Zfp36l2, Zfp36l3
GO:0006402	mRNA catabolic process	267	13	3.89	0.00017	0.027930638297872342	A1cf, Ago1, Ago2, Ago3, Ago4, Alkbh5, Angel2, Apex1, Apobec1, Arid5a, Atm, Axin2, Boll, Brf1, Btg2, Cacng7, Calcr, Caprin1, Carhsp1, Casc3, Celf1, Cirbp, Cnot1, Cnot10, Cnot2, Cnot3, Cnot6, Cnot6l, Cnot7, Cnot8, Cnot9, Cpeb3, Csdc2, Csde1, Ctif, Dazl, Dcp1a, Dcp1b, Dcp2, Dcps, Ddx5, Dhx34, Dhx36, Dhx9, Dicer1, Dis3, Dis3l, Dis3l2, Dnd1, Dxo, E2f1, Edc3, Edc4, Eif3e, Eif4a3, Eif4a3l1, Eif4a3l2, Eif4enif1, Elavl1, Elavl4, Etf1, Exosc10, Exosc2, Exosc3, Exosc4, Exosc5, Exosc6, Exosc7, Exosc8, Exosc9, Fam76b, Fastk, Fastkd1, Fastkd2, Fastkd3, Fastkd5, Fmr1, Fto, Fus, Fxr1, Fxr2, Gas5, Gdnf, Gigyf2, Gspt1, Gspt2, Gtpbp1, Gtpbp2, Gtsf1, Hbs1l, Hnrnpa0, Hnrnpab, Hnrnpc, Hnrnpd, Hnrnpr, Hnrnpu, Hspa1a, Hspa1b, Igf2bp1, Igf2bp2, Igf2bp3, Ikbke, Khsrp, Larp1, Larp4b, Lsm1, Lsm14b, Lsm2, Lsm4, Lsm5, Lsm6, Lsm7, Magoh, Magohb, Mapkapk2, Meioc, Mettl14, Mettl16, Mettl3, Mex3d, Mir144, Mir196a-1, Mir196a-2, Mir196b, Mir451a, Mir451b, Mir466l, Mir7578, Mirlet7b, Mirlet7c-1, Mirlet7c-2, Mlh1, Mov10, Mrto4, Mtor, Mtpap, Myd88, Nanos1, Nanos2, Nanos3, Nbas, Nbdy, Ncbp1, Ncbp2, Nicol1, Noct, Npm1, Nrde2, Nudt12, Nudt16, Nudt16l2, Pabpc1, Pabpc4, Pabpn1l, Paip1, Pan2, Pan3, Parn, Patl1, Patl2, Pcbp4, Pcid2, Pde12, Pelo, Pias4, Piwil1, Piwil2, Piwil4, Pkp1, Pkp3, Plekhn1, Pnldc1, Pnpt1, Pnrc1, Pnrc2, Polr2g, Prr5l, Ptbp1, Pum1, Pum2, Pym1, Qki, Rbm10, Rbm24, Rbm33, Rbm38, Rbm46, Rbm47, Rbm8a, Rbm8a2, Rc3h1, Rc3h2, Rida, Rnasel, Rnps1, Rock1, Rock2, Samd4, Samd4b, Scgb1a1, Secisbp2, Senp1, Skic2, Skic3, Skic8, Slc11a1, Slfn14, Smg1, Smg5, Smg6, Smg7, Smg8, Smg9, Snd1, Srsf1, Ssb, Supv3l1, Syncrip, Taf15, Tardbp, Tbrg4, Tent2, Tent4a, Tent4b, Tent5a, Tent5b, Tent5c, Tent5d, Tesk1, Thrap3, Tirap, Tnrc6a, Tnrc6b, Tnrc6c, Tob1, Traf2, Traf3ip2, Traf5, Trim71, Ttc5, Tut4, Tut7, Upf1, Upf2, Upf3a, Upf3b, Vegfa, Vim, Vip, Xrn1, Xrn2, Ybx1, Ybx2, Ythdf1, Ythdf2, Ythdf3, Zar1, Zc3h12a, Zc3h12d, Zc3h14, Zc3hav1, Zcchc7, Zfp36, Zfp36l1, Zfp36l2, Zfp36l3, Zhx2
GO:0051248	negative regulation of protein metabolic process	810	26	11.8	0.00017	0.027930638297872342	2610042L04Rik, Aatf, Abca7, Abl1, Acot8, Acp4, Adar, Adarb1, Adgrb1, Adipoq, Agap2, Ager, Ago1, Ago2, Ago3, Ago4, Agt, Aida, Ajuba, Akt1, Akt1s1, Alad, Alkbh3, Ang, Ang3, Angpt1, Anks1, Anxa2, Anxa8, Apc, Apcs, Apod, Apoe, Aqp11, Arrb1, Arrb2, Atg14, Atg5, Atp2b4, Atraid, Axin1, Azin1, Azin2, Bace2, Bag1, Bag2, Bag5, Bag6, Bak1, Bank1, Banp, Bax, Bc1, Bdkrb1, Bdkrb2, Bex1, Bex2, Bex3, Bex4, Bex6, Bin1, Bmp2, Btg2, C9orf72, Cactin, Cadm1, Cadm4, Calr, Caml, Capn3, Caprin1, Caprin2, Casp3, Cast, Cav1, Cav3, Cblc, Ccar2, Ccnb1, Cd109, Cd300a, Cd84, Cdh1, Cdk5, Cdk5rap1, Cdk5rap3, Cdkn1a, Cdkn1b, Cdkn1c, Cdkn2a, Cdkn2c, Cdyl, Ceacam1, Cep43, Cep63, Cep78, Cep85, Chac1, Chmp6, Chordc1, Chp1, Chrna7, Cib1, Cirbp, Clec16a, Cln3, Clu, Cnksr3, Cnot1, Cnot10, Cnot9, Cops9, Coro1c, Cpb2, Cpeb1, Cpeb2, Cpeb3, Cpeb4, Crb2, Crkl, Crtap, Cry1, Cryab, Csnk2a2, Csnk2b, Cst3, Cst7, Csta1, Csta2, Csta3, Cstb, Cstdc3, Cstdc4, Cstdc5, Cstdc6, Ctdsp1, Ctdsp2, Ctdspl, Ctla2a, Ctnnb1, Ctsa, Ctsz, Cyfip1, Cyp51, D1Pas1, Dab2ip, Dap, Dapk1, Dapk3, Dapl1, Dbi, Dbndd2, Dcun1d3, Ddrgk1, Ddx3x, Ddx6, Dedd, Deptor, Dgkq, Dhx36, Dkk1, Dmd, Dmtn, Dnaja1, Dnaja3, Dnajb2, Dnajc10, Dnajc3, Drd2, Dtnbp1, Dtx3l, Dusp1, Dusp10, Dusp19, Dusp22, Dusp3, Dusp6, Dusp7, Dvl1, Dysf, Ecm1, Edn1, Ednrb, Efna1, Egfr, Eif2a, Eif2ak1, Eif2ak2, Eif2ak3, Eif2ak4, Eif2s1, Eif3h, Eif4a3, Eif4a3l1, Eif4a3l2, Eif4e, Eif4e2, Eif4ebp1, Eif4ebp2, Eif4ebp3, Eif4enif1, Eif4g1, Eif6, Enc1, Enpp1, Epha1, Epha4, Ephb2, Epm2a, Eppin, Eprs1, Ern1, Errfi1, F2, F8a, Fabp4, Fbln1, Fbxo43, Fbxo5, Fbxo7, Fem1a, Fetub, Fhit, Fkbp8, Flcn, Flna, Flot2, Fmn2, Fmr1, Fry, Fscb, Furin, Fxr1, Fxyd1, Fyn, G6pd2, G6pdx, Gabarapl2, Gadd45a, Gadd45b, Gadd45g, Gapdh, Gapdh-ps15, Gapdhrt, Gapdhrt2, Garem1, Gas1, Gba1, Gbp4, Gclc, Gfra2, Gga3, Ggnbp2, Gigyf2, Gipc1, Glg1, Gnaq, Gnl3l, Gpd1l, Gprc5a, Gps2, Grb7, Grin2a, Grin2c, Grk2, Gsk3b, Gskip, Gstp-ps, Gstp1, Gstp2, Gstp3, Gtpbp4, Gzmb, Gzmc, Gzmn, Habp4, Hap1, Hbegf, Hdac2, Hdac6, Hdac8, Heg1, Hexim2, Hfe, Hgf, Hhatl, Hhex, Hint2, Hipk2, Hipk3, Hmg20a, Hmg20b, Hmgcr, Hnf1a, Hnf4a, Hsp90ab1, Hspa1b, Hspa4, Hspb1, Hspg2, Hyal2, Ibtk, Ide, Ifng, Ifrd2, Igf1, Igf2bp1, Igf2bp2, Igfbp3, Igfbp5, Il10, Il18, Il1b, Il1r2, Il2, Ilf3, Impact, Inca1, Inhbb, Inpp5e, Inpp5f, Inpp5j, Inpp5k, Ins1, Ins2, Insm1, Insr, Irak3, Ireb2, Irf1, Isg15, Israa, Itgav, Itgb1bp1, Itgb3, Itm2a, Itm2b, Itm2c, Ivns1abp, Jak3, Jun, Kat2b, Kirrel1, Kirrel2, Klf15, Klhl31, Klhl40, Kng1, Kng2, Lamp3, Laptm4b, Larp1, Lats1, Lats2, Ldc1, Ldlr, Lilrb4a, Lilrb4b, Limd1, Limk1, Lin28a, Lrig2, Lrp6, Lrrk1, Lrrk2, Lsm14a, Lyn, Macroh2a1, Mad2l1, Mad2l2, Malsu1, Map1a, Map3k20, Mapk8ip1, Mapt, Marchf7, Mas1, Mdm2, Mdm4, Men1, Met, Mgat3, Mgat4d, Mical1, Mif, Minar1, Mir1247, Mir125a, Mir129, Mir135a-1, Mir143, Mir186, Mir1a-1, Mir26a-1, Mir26a-2, Mir26b, Mir3960, Mir448, Mir7116, Mir7b, Mir875, Mir9-1, Mirlet7b, Mirlet7g, Mllt1, Mlxipl, Mrpl13, Mtm1, Mtor, Mvk, Mvp, Myadm, Mycbp2, Myocd, N4bp1, Nanos1, Nanos2, Nanos3, Nck1, Nck2, Ncl, Ncoa7, Nell1, Nf1, Nf2, Niban1, Nlrp12, Nmnat2, Nnt, Nolc1, Nop53, Nos2, Npm1, Nppa, Nqo1, Nr1h2, Nr1h3, Nr2f2, Nrg1, Ntf3, Ntrk2, Ntrk3, Nup62, Nxn, Obox4, Ocln, Oga, Ogt, Ophn1, Otud6b, Oxr1, P3h1, Pabpn1l, Paip2, Paip2b, Paqr3, Pard3, Pard6a, Park7, Parp10, Parp14, Parp16, Patl1, Patl2, Pax6, Pbk, Pcif1, Pdcd4, Pdcl3, Pde4d, Pebp1, Pecam1, Peli3, Per2, Pfdn1, Pfdn2, Pfdn4, Pfdn5, Pfdn6, Phb1, Phf20l1, Pias3, Pibf1, Pid1, Pik3r1, Pin1, Pin1rt1, Pinx1, Pip5kl1, Pirb, Pkia, Pkib, Pkig, Pkn1, Plaa, Plat, Plau, Plec, Plk1, Plpp3, Pml, Pparg, Ppargc1a, Ppef2, Ppia, Ppm1e, Ppm1f, Ppp1r15a, Ppp1r15b, Ppp2r5d, Ppp4c, Ppp5c, Prex1, Prex2, Prg3, Prkaa1, Prkaa2, Prkag2, Prkar1a, Prkca, Prkcd, Prkce, Prkcg, Prkch, Prkcz, Prkdc, Prkn, Prkrip1, Prmt3, Prmt6, Prnp, Prpf18, Prr5l, Psen1, Psen2, Psme3ip1, Psmf1, Pten, Ptgis, Ptk6, Ptpn1, Ptpn13, Ptpn2, Ptpn22, Ptpn3, Ptpn6, Ptprb, Ptprc, Ptprh, Ptprj, Ptpro, Ptprt, Ptx3, Pura, Pus7, Pycard, Qars1, Qki, Qrich2, Rab23, Rabgef1, Rack1, Rara, Rasd2, Rasip1, Rassf2, Rb1, Rbm24, Rbm4, Reck, Rela, Rgn, Rgp1, Rgs14, Rgs2, Ric1, Rida, Rilp, Rnf139, Rock1, Rpl11, Rpl13a, Rpl23, Rpl5, Rps23rg1, Rps3, Rps7, Rtn1, Rtn2, Rtn3, Rtn4, Rtraf, Rybp, Rybp-ps, Samd4, Samd4b, Samsn1, Sco1, Scrib, Sema4d, Senp1, Senp2, Serbp1, Serpina5, Serpinb10, Serpinb11, Serpinb12, Serpinb13, Serpinb1a, Serpinb1b, Serpinb1c, Serpinb2, Serpinb3a, Serpinb3b, Serpinb3c, Serpinb3d, Serpinb5, Serpinb6a, Serpinb6b, Serpinb6c, Serpinb6d, Serpinb6e, Serpinb7, Serpinb8, Serpinb9, Serpinb9b, Serpinb9c, Serpinb9d, Serpinb9e, Serpinb9f, Serpinb9g, Serpinb9h, Serpind1, Serpine1, Serpine2, Serpine3, Serpinf1, Serpinf2, Serping1, Serpinh1, Serpini1, Serpini2, Sesn2, Sf3b3, Sfrp1, Sfrp2, Sfrp5, Sgta, Sh2d1b1, Sh3bp5, Sh3gl2, Sh3rf2, Shb, Shfl, Shh, Shmt1, Sirt1, Sirt2, Sirt3, Sirt4, Sirt7, Slc2a10, Slc8a1, Slc8a3, Slfn1, Slit2, Smad3, Smad4, Smad7, Smarcc1, Smo, Smpd1, Smyd3, Snca, Snta1, Snx12, Snx3, Socs1, Socs3, Socs4, Socs5, Sorl1, Sox4, Spag9, Spink1, Spink12, Spink2, Spink5, Spink6, Spock1, Spock3, Spon1, Spopl, Spred1, Spred2, Spry1, Spry2, Spry4, Sqstm1, Srcin1, Srp9, Stfa1, Stfa2, Stfa2l1, Stfa3, Stk38, Styx, Styx-ps, Sufu, Sumf2, Suz12, Svbp, Svip, Syncrip, Taf7, Taf9, Tardbp, Tbc1d24, Terf2ip, Tesk1, Tfap4, Tgfb1, Thbs1, Thy1, Tia1, Timp1, Timp2, Timp3, Timp4, Tlk2, Tm4sf20, Tmed10, Tmed2, Tmem132a, Tmem98, Tnfaip3, Tnrc6a, Tnrc6b, Tob1, Tppp, Tpr, Traf3ip1, Trem2, Trib1, Trib3, Trim21, Trim27, Trim39, Trim40, Trim44, Trim71, Trp53, Tsc1, Tsc2, Tsg101, Tspo, Ttc36, Tyms, U2af2, Ubash3b, Ube2b, Ubxn1, Ubxn2a, Uchl1, Uchl5, Ufl1, Ufsp2, Unk, Usp14, Usp17le, Usp19, Usp25, Usp26, Usp38, Usp4, Usp44, Usp5, Usp7, Usp8, Usp9x, Vbp1, Vps25, Vps28, Vps35, Vtn, Wac, Wars1, Wee2, Wfdc6a, Wfikkn1, Wfs1, Wnk1, Wnk4, Wnt1, Wt1, Wtip, Wwtr1, Xdh, Xrn1, Ybx1, Ybx2, Zar1, Zar1l, Zbed3, Zc3h12a, Zfp36, Zfp418, Zfp598, Zfyve28, Zgpat
GO:0032940	secretion by cell	999	30	14.55	0.00017	0.027930638297872342	A1cf, Aacs, Abat, Abca1, Abca12, Abcc4, Abcc8, Abcg1, Abr, Acsl4, Acvr1c, Acvr2a, Acvr2b, Adam17, Adam8, Adam9, Adcy5, Adcy8, Adcyap1, Adipoq, Adora1, Adora2a, Adora2b, Adora3, Adra2a, Adtrp, Agt, Agtr1a, Agtr2, Ahi1, Aimp1, Akap5, Alox5, Ang, Ang2, Ang3, Ang4, Ang5, Ang6, Ankrd1, Ano1, Anxa1, Anxa2, Anxa3, Anxa5, Anxa7, Ap1b1, Ap1g1, Ap1m2, Ap1s1, Apba1, Apbb1, Apbb3, Apln, Apoe, Aqp1, Arf1, Arf6, Arfgap3, Arfgef2, Arfip1, Arhgap17, Arhgef7, Arl8b, Arrb1, Asic1, Atg7, Atp13a2, Atp2a2, Atp5pf, Atp9a, Avp, Avpr1a, Axl, B3glct, Bad, Baiap3, Bcl2l1, Bcr, Bdnf, Best1, Bglap, Bglap2, Birc5, Blk, Bloc1s3, Bloc1s6, Bmal1, Bmp2, Bmp6, Braf, Brsk1, Brsk2, Bsg, Btk, C1qtnf1, C1qtnf12, C1qtnf3, C1qtnf5, C2cd2l, C9orf72, Cacna1a, Cacna1b, Cacna1c, Cacna1d, Cacna1e, Cacna1g, Cacna1h, Cacna1i, Cacnb4, Cadps, Cadps2, Camk2a, Camk2n1, Capn10, Cartpt, Cask, Casr, Cavin1, Cbarp, Cbl, Cbln1, Cbln4, Ccdc186, Cck, Cckar, Cckbr, Ccl3, Ccl5, Ccl8, Ccn2, Ccn3, Ccr1, Ccr1l1, Ccr2, Cd160, Cd177, Cd200, Cd2ap, Cd300a, Cd38, Cd84, Cdk16, Cdk5, Cdk5r2, Ceacam1, Cela2a, Cftr, Cga, Chd7, Chga, Chmp2a, Chrm3, Chrna3, Chrna4, Chrna6, Chrna7, Chrnb2, Cklf, Clasp1, Clasp2, Clcf1, Clnk, Clock, Clstn3, Cltrn, Cnr1, Cntf, Comp, Comt, Copg1, Copg2, Cops5, Coro1a, Cpb2, Cpe, Cplane2, Cplx1, Cplx2, Cplx3, Cplx4, Cpt1a, Creb1, Creb3l1, Crh, Crhbp, Crhr1, Crhr2, Cry1, Cry2, Cspg5, Ctbp2, Cxcl12, Cyb5r4, Cyp19a1, Cyp27b1, Cyp2j5, Cyp51, D6Wsu163e, Dab2, Dgat1, Dgki, Dio2, Dnajc1, Dnm1l, Doc2a, Doc2b, Doc2g, Dph3, Dpysl2, Drd2, Drd3, Drd4, Dtnbp1, Dvl1, Dynll1, Ecrg4, Edn1, Edn2, Edn3, Ednrb, Efna5, Efr3a, Egfr, Eipr1, Eng, Ensa, Entpd1, Eny2, Ep300, Epb41l1, Epha5, Eqtn, Erc1, Erc2, Erp29, Exoc1, Exoc2, Exoc3, Exoc3l, Exoc3l2, Exoc3l4, Exoc4, Exoc5, Exoc6, Exoc6b, Exoc7, Exoc8, Exph5, F2, F2r, F2rl1, F2rl2, Fam3a, Fam3b, Fam3d, Fbn1, Fbxl20, Fbxo45, Fcer1a, Fcer1g, Fcgr3, Fcgr4, Fes, Ffar1, Ffar2, Ffar3, Ffar4, Fga, Fgb, Fgf10, Fgf23, Fgf7, Fgfr1, Fgfr4, Fgg, Fgr, Filip1l, Fkbp1b, Fmr1, Foxa2, Foxd1, Foxf1, Foxl2, Foxo1, Frmd4a, Fto, Furin, Fzd4, G6pc2, Gab2, Gabbr1, Gal, Galr1, Gata1, Gata2, Gata3, Gcg, Gcgr, Gck, Gdf9, Ghrh, Ghrhr, Ghrl, Ghsr, Gip, Gipc1, Gipr, Git1, Git2, Gja1, Gja5, Glp1r, Glud1, Glul, Gna11, Gnai2, Gnao1, Gnaq, Gnas, Gnat1, Gnaz, Gnptab, Golph3, Golph3l, Gper1, Gpld1, Gpr119, Gpr151, Gpr158, Gpr15lg, Gpr27, Gpr39, Gpr68, Gprc6a, Grik5, Grin2b, Grk2, Grm2, Grm7, Grm8, Grp, Gsdmd, Hadh, Hap1, Hcar2, Hcfc1, Hck, Hcrt, Hfe, Hgs, Hif1a, Hmga1, Hmga2, Hmgcr, Hmgn3, Hmox1, Hnf1a, Hnf1b, Hnf4a, Hps1, Hps6, Hrh3, Htr1a, Htr1b, Htr1d, Htr2a, Htr2c, Htr6, Htr7, Htt, Hyal3, Ica1, Idh2, Idua, Ier3ip1, Ifnb1, Ifng, Igf1, Igfbp3, Igh-7, Ighe, Il11, Il12a, Il12b, Il13, Il13ra2, Il1a, Il1b, Il1rapl1, Il1rn, Il4, Il4ra, Il6, Ildr1, Ildr2, Inha, Inhba, Inhbb, Ins1, Ins2, Irs1, Irs2, Isl1, Itgam, Itgb2, Itgb2l, Itpr1, Itsn1, Jagn1, Jak2, Kalrn, Kcna2, Kcnb1, Kcnc3, Kcnc4, Kcnh1, Kcnj11, Kcnj6, Kcnj8, Kcnk1, Kcnk2, Kcnk9, Kcnn4, Kcnq1, Kcnq2, Kcnq3, Kdm5b, Kif5b, Kiss1, Kiss1r, Kit, Klf7, Kmo, Kpna4, Krt20, Lamp1, Lat, Lat2, Lep, Lepr, Lgals3, Lgals9, Lgi3, Lif, Lin7a, Lin7b, Lin7c, Llgl1, Llgl2, Lmf1, Lrp1, Lrp5, Lrrc8a, Lrrk2, Ltbp4, Ly6e, Lyn, Lypd10, Lypd11, Lyst, M6pr, Madd, Mafa, Malrd1, Maob, Map2k6, Map4k4, Mapk9, Mc4r, Mctp1, Mctp2, Mcu, Mecp2, Mef2c, Mertk, Mfn2, Mia2, Mia3, Mical1, Mical3, Micu3, Midn, Mif, Milr1, Mir130a, Mir200a, Mir410, Mmp13, Mon1a, Mpc2, Mrgprb1, Mrgprx2, Ms4a2, Mtnr1a, Mtnr1b, Mttp, Mup1, Mup11, Mup2, Mup3, Mup4, Mup5, Myb, Myh10, Myh9, Myo18a, Myo1f, Myo1g, Myo5a, Myo5b, Myo6, Myom1, Myrip, Myt1, Nadk, Nagpa, Napa, Napb, Ncam1, Nckap1l, Ncoa6, Ncs1, Ndufaf2, Negr1, Nell2, Neo1, Neurod1, Nf1, Ngf, Niban2, Nisch, Nkd2, Nkg7, Nkx3-1, Nkx6-1, Nlgn1, Nlgn2, Nlrp5, Nmb, Nmu, Nnat, Nos1, Nos2, Notch1, Npff, Nppa, Nppc, Npvf, Npy, Npy1r, Npy2r, Npy5r, Nr0b2, Nr1d1, Nr1h2, Nr1h3, Nr1h4, Nr3c1, Nr4a1, Nr4a3, Nrg1, Nrxn1, Nrxn2, Nrxn3, Nsf, Ntrk2, Ntsr1, Nucb2, Oga, Olfm2, Oprk1, Oprm1, Or51e2, Orai1, Osbp, Osbpl2, Osm, Otof, Oxct1, Oxt, Oxtr, P2rx1, P2rx2, P2rx7, P2ry1, P2ry12, P2ry2, P2ry4, P3h1, Pafah1b1, Pak1, Pard6a, Park7, Pask, Pax8, Pck2, Pclo, Pcp4, Pcsk1, Pcsk6, Pdcd6ip, Pde1c, Pde3b, Pde4c, Pde8b, Pdpk1, Pdx1, Pdzd11, Per2, Pex5l, Pfkfb2, Pfkl, Pfkm, Pfn2, Pi4k2a, Pianp, Pick1, Pik3c2a, Pim3, Pink1, Pip5k1c, Piwil4, Pla2g10, Pla2g3, Pla2g4a, Pla2g6, Plcb1, Plcd1, Pld2, Plek, Pnkd, Pomc, Porcn, Pou5f1, Ppard, Pparg, Ppfia2, Ppfia3, Ppia, Ppid, Ppp1r9a, Ppp3ca, Ppp3cb, Ppt1, Pram1, Prepl, Prf1, Prickle1, Prkaca, Prkar1a, Prkca, Prkcb, Prkce, Prkcg, Prkcq, Prkd1, Prkg1, Prkn, Prrt2, Prss12, Psap, Psen1, Psmd9, Ptafr, Ptbp1, Ptgdr, Ptgds, Ptger3, Ptger4, Ptges, Ptgs1, Ptgs2, Ptpmt1, Ptpn11, Ptpn23, Ptprn, Ptprn2, Ptprv, Rab10, Rab11a, Rab11b, Rab11fip1, Rab11fip2, Rab11fip3, Rab11fip5, Rab12, Rab13, Rab15, Rab1a, Rab21, Rab25, Rab26, Rab27a, Rab27b, Rab2b, Rab31, Rab33b, Rab34, Rab37, Rab3a, Rab3b, Rab3c, Rab3d, Rab3gap1, Rab40b, Rab40c, Rab44, Rab5a, Rab7, Rab8a, Rab8b, Rab9, Rabgef1, Rac1, Rac2, Raf1, Rala, Ralb, Rap1a, Rap1b, Rap1gds1, Rapgef4, Rasgrp1, Rasl10b, Rbm4, Rbp4, Rcn3, Ren1, Rest, Retn, Rfx3, Rfx6, Rgcc, Rhbdd3, Rhbdf1, Rhbdf2, Rhot1, Ric1, Rimbp2, Rims1, Rims2, Rims3, Rims4, Rph3a, Rph3al, Rptor, Rsad2, Rtn4, Runx1, S100a10, Sacm1l, Scamp1, Scamp5, Scg5, Scn11a, Sco1, Scrib, Scrn1, Sct, Sdc1, Sdc4, Sdcbp, Sdf4, Sdhd, Sec24a, Sel1l, Selenom, Selenot, Septin1, Septin4, Septin5, Sergef, Serp1, Serpine2, Sfrp1, Sidt2, Sirt1, Sirt3, Sirt4, Sirt6, Slc12a2, Slc16a1, Slc16a10, Slc16a2, Slc18a1, Slc18a2, Slc18a3, Slc1a5, Slc25a22, Slc2a2, Slc30a1, Slc30a8, Slc38a2, Slc38a3, Slc44a4, Slc4a8, Slc6a4, Slc6a9, Slc8b1, Slc9b2, Smad2, Smad4, Smcr8, Smpd3, Snap23, Snap25, Snap29, Snap47, Snap91, Snapin, Snca, Sncaip, Sncg, Snf8, Snord32a, Snord33, Snord34, Snord35a, Snx19, Snx4, Sox11, Sox4, Sphk1, Sphk2, Spi1, Spp1, Sptbn2, Srcin1, Srebf1, Sri, Sstr5, Stam, Steap2, Steap3, Stim1, Stx11, Stx17, Stx19, Stx1a, Stx1b, Stx2, Stx3, Stx4a, Stxbp1, Stxbp2, Stxbp3, Stxbp4, Stxbp5, Stxbp5l, Sucnr1, Sv2a, Sv2b, Sv2c, Svbp, Sybu, Sycn, Syde1, Syk, Syn1, Syn2, Syn3, Syngr1, Syngr2, Syngr3, Synj1, Syp, Syt1, Syt10, Syt11, Syt12, Syt13, Syt15, Syt17, Syt2, Syt3, Syt4, Syt5, Syt6, Syt7, Syt8, Syt9, Sytl1, Sytl2, Sytl3, Sytl4, Sytl5, Tac1, Tac4, Tacr1, Tacr2, Tango2, Tango6, Tardbp, Tbc1d1, Tbx3, Tcf7l2, Tcirg1, Tcp11, Tfap2b, Tfr2, Tgfb1, Tgfb2, Tgfb3, Tgm2, Tiam1, Tlr2, Tlr4, Tm7sf3, Tmed10, Tmed10-ps, Tmed2, Tmem132a, Tmem167, Tmem167b, Tmem258, Tmem38b, Tmem63b, Tmem79, Tmf1, Tnf, Tnfaip2, Tnfrsf11a, Tnfrsf1a, Tnfrsf1b, Tnfsf11, Tpcn2, Tph1, Tprg1l, Trappc11, Trarg1, Trem2, Trh, Trim72, Trim9, Trpa1, Trpc1, Trpm2, Trpm4, Trpm5, Trpv1, Trpv4, Trpv6, Tsg101, Tspan18, Tspo, Tspoap1, Ttn, Tunar, Tvp23a, Tvp23b, Txlna, Tyro3, Ube2q1, Ucn, Ucn2, Ucn3, Ucp2, Unc13a, Unc13b, Unc13c, Unc13d, Uqcc2, Uts2, Vamp1, Vamp2, Vamp3, Vamp7, Vamp8, Vamp9, Vdr, Vegfc, Vgf, Vip, Vps11, Vps13a, Vps18, Vps35, Vps41, Vps4a, Vps4b, Vsnl1, Washc1, Washc3, Washc5, Wdr41, Wipf3, Wls, Wnk4, Wnt7a, Xbp1, Xlr4a, Xlr4b, Ykt6, Ywhaz, Zbed6, Zfp384, Zfp469, Zp3
GO:0010558	negative regulation of macromolecule biosynthetic process	2398	57	34.93	0.00017	0.027930638297872342	1810024B03Rik, 5730507C01Rik, A1cf, A430033K04Rik, Aatf, Abca7, Abcc2, Abcd1, Abcd2, Acd, Ace, Acin1, Acod1, Acot8, Acp4, Acp5, Actr6, Actrt1, Acvr1b, Acvr2b, Acvrl1, Adam10, Adar, Adcy7, Adipoq, Adipor2, Adnp, Aebp1, Aebp2, Aff2, Ager, Ago1, Ago2, Ago3, Ago4, Agt, Ahr, Ahrr, Aicda, Aif1, Airn, Ajuba, Akap8, Akirin2, Akr1c6, Akt1, Akt2, Alkbh3, Alkbh5, Alx1, Amot, Amotl2, Anapc2, Ang, Ang3, Angel2, Angpt1, Ankrd1, Ankrd2, Anxa1, Anxa4, Anxa7, Ap2a1, Apbb1, Apbb2, Apbb3, Apex1, Apln, Aplnr, Apoa1, Apoa2, Apobec1, Apobec3, Apod, Apoe, App, Appl2, Aqp4, Ar, Arb2a, Arg1, Arg2, Arid1a, Arid4a, Arid4b, Arid5a, Arid5b, Arrb1, Arrb2, Arx, Ascl1, Ascl2, Ascl3, Ascl5, Asxl2, Asz1, Atf2, Atf3, Atf4, Atf5, Atf6b, Atf7, Atf7ip, Atg12, Atg5, Atg9a, Atm, Atn1, Atoh8, Atp2b1, Atp2b4, Atp8b1, Atrx, Atxn1, Atxn1l, Aurka, Aurkb, Axin1, Axin2, Axl, Bace2, Bach1, Bach2, Bahd1, Bak1, Banf1, Bank1, Bap1, Barx2, Basp1, Batf3, Baz1a, Baz2a, Bbs2, Bbs4, Bc1, Bcdin3d, Bcl11a, Bcl3, Bcl6, Bcl6b, Bclaf1, Bcor, Bcorl1, Bend3, Bend5, Bend6, Bhlhe22, Bhlhe40, Bhlhe41, Bin1, Birc5, Bmal1, Bmi1, Bmp2, Bmp4, Bmp6, Bmp7, Bmpr1a, Bmyc, Boll, Bpi, Bptf, Brca1, Brd7, Brf1, Brip1, Brms1, Brms1l, Bst2, Btaf1, Btbd18, Btg2, Btk, Btn2a2, Btrc, C1d, C1qbp, C1qtnf3, C5ar2, Cacng7, Cactin, Calcr, Calr, Capn3, Caprin1, Caprin2, Carhsp1, Carlr, Casc3, Casp3, Casp8ap2, Cav1, Cbfa2t2, Cbfa2t3, Cbfb, Cbx1, Cbx2, Cbx3, Cbx4, Cbx5, Cbx6, Cbx7, Cbx8, Cby1, Cc2d1a, Cc2d1b, Ccar1, Ccar2, Ccdc3, Ccdc85b, Ccl3, Ccn2, Ccnb1, Ccnd1, Ccnd3, Ccne1, Ccr1, Ccr1l1, Ccr7, Cd200, Cd200r1, Cd22, Cd24a, Cd274, Cd276, Cd28, Cd2ap, Cd34, Cd36, Cd38, Cd3e, Cd46, Cd59a, Cd83, Cd84, Cd96, Cdc73, Cdh1, Cdk1, Cdk2, Cdk5, Cdk5r1, Cdk6, Cdkn1a, Cdkn1b, Cdkn1c, Cdkn2a, Cdx2, Cdx4, Cdyl, Ceacam1, Cebpa, Cebpb, Cebpd, Cela1, Celf1, Celf2, Celf4, Cenpf, Cenpv, Cggbp1, Chac1, Chaserr, Chd3, Chd4, Chd5, Chd8, Chek1, Chid1, Chmp1a, Chrna7, Ciart, Cic, Cidea, Ciita, Cilp, Cipc, Cir1, Cirbp, Cited1, Cited2, Cldn19, Cldn3, Cldn5, Clec4a2, Clec4a3, Clec4a4, Clock, Clp1, Cltc, Cmklr1, Cmtm2a, Cnbp, Cnot1, Cnot10, Cnot11, Cnot2, Cnot3, Cnot6, Cnot6l, Cnot7, Cnot8, Cnot9, Cnpy2, Commd7, Cops2, Coq7, Cpb2, Cpeb1, Cpeb2, Cpeb3, Cpeb4, Cpne1, Cptp, Creb1, Creb3l1, Crebbp, Crebrf, Crebzf, Crem, Crh, Crhr2, Crkl, Cry1, Cry2, Cryaa, Cryab, Cryba1, Crym, Csdc2, Csde1, Csf2, Csk, Ctbp1, Ctbp2, Ctc1, Ctcf, Ctif, Ctla2a, Ctnnb1, Ctnnbip1, Ctr9, Ctsz, Cuedc2, Cul3, Cux1, Cux2, Cx3cl1, Cx3cr1, Cxxc5, Cyfip1, Cys1, D1Pas1, Dab2, Dab2ip, Dach1, Dact1, Dap, Dapk1, Dapk3, Dapl1, Daxx, Dazl, Dbi, Dcaf1, Dcp1a, Dcp1b, Dcp2, Dcps, Ddit3, Ddrgk1, Ddx17, Ddx20, Ddx3x, Ddx3y, Ddx4, Ddx5, Ddx54, Ddx56, Ddx6, Deaf1, Dedd, Depdc1a, Dgcr8, Dgkq, Dhrs7b, Dhx34, Dhx36, Dhx58, Dhx9, Dicer1, Dip2a, Dis3, Dis3l, Dis3l2, Dkk1, Dkk3, Dlg1, Dll1, Dll4, Dlx1, Dlx2, Dlx4, Dmap1, Dmbx1, Dmrt1, Dmrt1i, Dnaja3, Dnajb1, Dnajb4, Dnajb5, Dnajb6, Dnajc17, Dnajc2, Dnd1, Dnmt1, Dnmt3a, Dnmt3b, Dnmt3l, Dot1l, Dr1, Drap1, Drd3, Drosha, Dubr, Dusp1, Dusp15, Dusp22, Dusp26, Dusp5, Dxo, Dyrk1a, Dysf, E2f1, E2f6, E2f7, E2f8, E4f1, Eapp, Edc3, Edc4, Edn1, Ednrb, Eed, Efna1, Egr1, Ehmt1, Ehmt2, Eid1, Eid2, Eid2b, Eif2a, Eif2ak1, Eif2ak2, Eif2ak3, Eif2ak4, Eif2s1, Eif3e, Eif4a3, Eif4a3l1, Eif4a3l2, Eif4e, Eif4e2, Eif4ebp1, Eif4ebp2, Eif4ebp3, Eif4enif1, Eif4g1, Eif6, Elane, Elavl1, Elavl4, Elf2, Elf3, Elf4, Elk3, Elk4, Elob, Eloc, Emilin1, En1, Enc1, Endou, Eng, Eno1, Eno1b, Enpp1, Eomes, Ep300, Epas1, Epc1, Epha2, Ephb2, Epm2a, Epo, Eprs1, Epx, Erbin, Ereg, Eri1, Ern1, Ern2, Erp29, Errfi1, Esr1, Esr2, Esrra, Esrrb, Esx1, Etf1, Ets2, Etv3, Etv6, Exd1, Exosc10, Exosc2, Exosc3, Exosc4, Exosc5, Exosc6, Exosc7, Exosc8, Exosc9, Extl3, Ezh1, Ezh2, Ezr, F2, F2rl1, Fabp4, Fam220a, Fam76b, Fasl, Fastk, Fastkd1, Fastkd2, Fastkd3, Fastkd5, Fbln1, Fbln5, Fbp1, Fbxo24, Fbxw11, Fbxw7, Fcgr2b, Fcor, Ferd3l, Fermt1, Fezf1, Fezf2, Ffar1, Ffar4, Fgf15, Fgf9, Fgfr1, Fgfr2, Fgfr3, Fgfr4, Fhl2, Fkbp6, Flcn, Flna, Flot2, Flt1, Flt3, Flywch1, Fmr1, Fn1, Fnip1, Fnip2, Focad, Foxa1, Foxa2, Foxc1, Foxc2, Foxd1, Foxd3, Foxe1, Foxf1, Foxf2, Foxg1, Foxh1, Foxj1, Foxk1, Foxk2, Foxl2, Foxm1, Foxn3, Foxo1, Foxo3, Foxp1, Foxp2, Foxp3, Foxp4, Foxq1, Foxr1, Foxs1, Frk, Fst, Fto, Ftx, Furin, Fus, Fxr1, Fxr2, Fyn, Fzd1, Gabpa, Gadd45a, Gapdh, Gapdh-ps15, Gapdhrt, Gapdhrt2, Gas1, Gas5, Gas6, Gata1, Gata2, Gata3, Gata4, Gata5, Gata6, Gatad2a, Gatad2b, Gba1, Gbp4, Gbp7, Gclc, Gdnf, Gfi1, Gfpt1, Ggnbp2, Ghrl, Ghsr, Gigyf2, Gimap3, Gimap5, Git1, Gja1, Glg1, Gli2, Gli3, Glis1, Glis2, Glis3, Glrp1, Gm17067, Gm38999, Gm4275, Gm4924, Gmnn, Gnl3l, Gon4l, Gpat2, Gpatch3, Gper1, Gpnmb, Gpr174, Gpr18, Gps2, Grb10, Grb7, Grem1, Gsc, Gsk3b, Gspt1, Gspt2, Gstp-ps, Gstp1, Gstp2, Gstp3, Gtf2ird1, Gtpbp1, Gtpbp2, Gtsf1, Gzf1, Gzmb, Gzmc, Gzmn, H19, H1f0, H1f2, H1f3, H1f4, H1f5, H1f9, H2ab1, H2ab2, H2ab3, H2ac1, H2ac10, H2ac11, H2ac12, H2ac13, H2ac15, H2ac19, H2ac20, H2ac21, H2ac22, H2ac23, H2ac24, H2ac25, H2ac4, H2ac6, H2ac7, H2ac8, H2aj, H2al1b, H2al1e, H2al1f, H2al1j, H2al1k, H2al1m, H2al1n, H2al1o, H2al2a, H2al2b, H2al3, H2ap, H2ax, H2az1, H2az2, H3c14, H3f3a, H3f3b, Habp4, Halr1, Hamp, Hand1, Hand2, Hat1, Havcr2, Hba-x, Hbb-bh1, Hbb-y, Hbegf, Hbp1, Hbs1l, Hcfc1, Hcfc2, Hcls1, Hdac1, Hdac10, Hdac2, Hdac3, Hdac4, Hdac5, Hdac6, Hdac7, Hdac8, Hdac9, Hdgf, Hells, Helt, Helz, Helz2, Henmt1, Hes1, Hes2, Hes3, Hes5, Hes6, Hes7, Hesx1, Hexim1, Hexim2, Hey1, Hey2, Heyl, Hfe, Hgf, Hhatl, Hhex, Hic1, Hif1a, Hif1an, Hinfp, Hipk1, Hipk2, Hipk3, Hivep1, Hjv, Hmbox1, Hmg20a, Hmga1, Hmga1b, Hmga2, Hmgb1, Hmgb2, Hmgn2, Hmox1, Hmx1, Hnf1a, Hnf1b, Hnf4a, Hnrnpa0, Hnrnpa2b1, Hnrnpab, Hnrnpc, Hnrnpd, Hnrnpk, Hnrnpl, Hnrnpr, Hnrnpu, Homer2, Homer3, Hopx, Hotair, Hoxa2, Hoxa7, Hoxb13, Hoxb3, Hoxb4, Hoxb8, Hoxc8, Hoxd8, Hoxd9, Hr, Hras, Hsbp1, Hsbp1l1, Hsf1, Hsf4, Hsf5, Hspa1a, Hspa1b, Hspa4, Hspa8, Id1, Id2, Id3, Id4, Ido1, Ifi203, Ifi203-ps, Ifi206, Ifi207, Ifi208, Ifi209, Ifi213, Ifi214, Ifi27, Ifnb1, Ifng, Ifrd2, Ift172, Igf1, Igf2, Igf2bp1, Igf2bp2, Igf2bp3, Igfbp5, Ighmbp2, Igtp, Ikbke, Ikzf1, Ikzf4, Ikzf5, Il10, Il12a, Il12b, Il13, Il13ra2, Il1b, Il1r2, Il1rl1, Il20rb, Il23a, Il23r, Il27ra, Il33, Il36rn, Il4, Il6, Ilf3, Ilrun, Impact, Ing1, Ing2, Ing4, Inhbb, Inpp5d, Inpp5e, Inpp5k, Inppl1, Ins1, Ins2, Insm1, Insm2, Insr, Iqgap3, Irak1, Irak3, Ireb2, Irf1, Irf2bp1, Irf2bp2, Irf2bpl, Irf8, Irgm1, Irgm2, Irx1, Irx2, Irx3, Irx4, Irx6, Isl1, Isx, Itgb8, Itm2a, Itm2b, Itm2c, Jak3, Jarid2, Jazf1, Jdp2, Jph2, Jpx, Jun, Jund, Kank2, Kantr, Kat14, Kat2a, Kat2b, Kat5, Kat6a, Kat6b, Kat8, Kcnip3, Kcnk2, Kcnq1ot1, Kctd1, Kctd15, Kdm1a, Kdm2a, Kdm2b, Kdm4a, Kdm5a, Kdm5b, Kdm5c, Kdm8, Kdr, Keap1, Khdrbs1, Khsrp, Klf10, Klf11, Klf12, Klf16, Klf17, Klf2, Klf3, Klf4, Klf5, Klf7, Klf8, Klhl22, Kmt2a, Kmt2b, Kmt2d, Kmt5a, Kpna7, L3mbtl1, L3mbtl2, L3mbtl3, L3mbtl4, Lag3, Lancl2, Laptm4b, Laptm5, Larp1, Larp4b, Larp7, Larp7-ps, Lbh, Lbp, Lbr, Lcor, Ldb1, Ldb2, Ldlr, Lef1, Lefty1, Lep, Lgals9, Lgmn, Lgr4, Lhx1, Lhx2, Lhx9, Lilra5, Lilrb4a, Lilrb4b, Limd1, Lims1, Lin28a, Lin28b, Lin37, Lmcd1, Lmna, Lmnb1, Lmnb2, Lmo1, Lmo4, Loxl2, Loxl3, Lpin1, Lrif1, Lrp1, Lrp3, Lrrc32, Lrrfip1, Lrrk2, Lsm1, Lsm14a, Lsm14b, Lsm2, Lsm4, Lsm5, Lsm6, Lsm7, Ltf, Lyar, Macir, Macroh2a1, Macroh2a2, Mad2l2, Mael, Maf, Maf1, Mafk, Magea1, Magea10, Magea13, Magea14, Magea2, Magea3, Magea4, Magea5, Magea6, Magea8, Magea9, Mageb11, Mageb16, Mageb18, Mageb2, Mageb3, Mageb4, Mageb5, Mageb5b, Mageb6b1, Magec2, Maged1, Maged2, Magee1, Magee2, Mageh1, Magel2, Magoh, Magohb, Malsu1, Map2k1, Map2k2, Map2k5, Map3k10, Map3k20, Map3k7, Mapk10, Mapk15, Mapkapk2, Mapkbp1, Mapt, Marchf8, Mark1, Max, Maz, Mbd1, Mbd2, Mbd3, Mbd3l1, Mbd3l2, Mbip, Mbtd1, Mc1r, Mcph1, Mdfi, Mdfic, Mdfic2, Mdm2, Mdm4, Mecom, Mecp2, Med1, Med25, Mef2a, Mef2c, Mefv, Meioc, Men1, Mepce, Mertk, Mesp1, Met, Mettl13, Mettl14, Mettl16, Mettl3, Mettl4, Mex3d, Mgat4d, Mideas, Mier1, Mier2, Mier3, Mif, Mir100, Mir101a, Mir101b, Mir107, Mir10a, Mir124-2hg, Mir1247, Mir124a-1, Mir124a-1hg, Mir124a-2, Mir124a-3, Mir125a, Mir125b-1, Mir125b-2, Mir129, Mir129-1, Mir129-2, Mir133a-1, Mir133a-1hg, Mir133a-2, Mir134, Mir135a-1, Mir135a-2, Mir137, Mir140, Mir143, Mir144, Mir146, Mir154, Mir155, Mir15a, Mir17, Mir18, Mir181b-1, Mir181b-2, Mir182, Mir183, Mir186, Mir196a-1, Mir196a-2, Mir196b, Mir1a-1, Mir1a-2, Mir1b, Mir200a, Mir200b, Mir203, Mir204, Mir205, Mir208b, Mir214, Mir217, Mir218, Mir218-1, Mir218-2, Mir219a-1, Mir219a-2, Mir21a, Mir21b, Mir21c, Mir221, Mir223, Mir23a, Mir24-1, Mir24-2, Mir26a-1, Mir26a-2, Mir26b, Mir296, Mir29a, Mir29b-1, Mir29b-2, Mir29c, Mir301, Mir30a, Mir30c-1, Mir30c-2, Mir320, Mir324, Mir33, Mir330, Mir338, Mir34a, Mir34b, Mir34c, Mir351, Mir370, Mir382, Mir3960, Mir411, Mir423, Mir448, Mir449a, Mir449b, Mir449c, Mir450b, Mir451a, Mir451b, Mir466l, Mir470, Mir489, Mir494, Mir495, Mir504, Mir505, Mir511, Mir539, Mir541, Mir543, Mir668, Mir675, Mir696, Mir7-1, Mir7-2, Mir702, Mir7116, Mir7578, Mir7b, Mir873a, Mir874, Mir875, Mir9-1, Mir96, Mir98, Mirlet7a-1, Mirlet7a-2, Mirlet7b, Mirlet7c-1, Mirlet7c-2, Mirlet7e, Mirlet7g, Mis18a, Mitf, Mkks, Mkx, Mlh1, Mlip, Mlx, Mlxipl, Mmp12, Mndal, Mnt, Mnx1, Morc1, Morc2a, Morc2b, Morc3, Mospd1, Mov10, Mov10l1, Mphosph8, Mrpl13, Mrto4, Msc, Msr1, Msx1, Msx1os, Msx2, Msx3, Mta1, Mta2, Mta3, Mtdh, Mterf3, Mtf2, Mtor, Mtpap, Muc1, Muc16, Mul1, Mup1, Mup11, Mup2, Mup3, Mup4, Mup5, Musk, Mvk, Mxd1, Mxd3, Mxd4, Mxi1, Myadm, Myb, Mybbp1a, Myc, Mycn, Mycs, Myd88, Myef2, Myf6, Mynn, Myocd, Myoz1, Myoz2, Mypop, Myt1, Myt1l, Mzf1, N4bp1, N4bp2l2, N6amt1, Nab1, Nab2, Nacc1, Nacc2, Nanog, Nanos1, Nanos2, Nanos3, Nat10, Nav3, Nbas, Nbdy, Ncbp1, Ncbp2, Ncbp3, Nck1, Nck2, Nckap1l, Ncl, Ncoa2, Ncor1, Ncor2, Ndfip1, Ndfip2, Ndn, Ndrg2, Ndufa13, Nedd4, Nelfa, Nelfb, Nelfcd, Nelfe, Nepn, Neurog3, Nfatc1, Nfatc2, Nfatc3, Nfatc4, Nfe2l1, Nfe2l3, Nfib, Nfic, Nfil3, Nfix, Nfkb1, Nfkbie, Nfkbil1, Nfx1, Niban2, Nicol1, Nif3l1, Nipbl, Nkap, Nkrf, Nkx2-1, Nkx2-5, Nkx3-1, Nkx3-2, Nkx6-1, Nkx6-2, Nkx6-3, Nlrc3, Nlrp12, Nlrp3, Nlrp6, Nlrx1, Nmb, Nmbr, Nme1, Nmi, Nmnat1, Nmnat2, Noc2l, Noct, Nod2, Nodal, Nog, Nono, Nop53, Nos2, Nostrin, Notch1, Notch2, Notch3, Notch4, Npas1, Npat, Nploc4, Npm1, Nppc, Nptn, Nr0b1, Nr0b2, Nr1d1, Nr1d2, Nr1h2, Nr1h3, Nr1h4, Nr1h5, Nr1i2, Nr1i3, Nr2c1, Nr2c2, Nr2e1, Nr2e3, Nr2f1, Nr2f2, Nr2f6, Nr3c1, Nr4a2, Nr4a3, Nr6a1, Nrarp, Nrde2, Nrg1, Nrip1, Nrip2, Nrxn1, Nscme3l, Nsd1, Nsd2, Nsd3, Nsmce3, Nts, Nudt12, Nudt16, Nudt16l2, Nup155, Nupr2, Nutf2, Nutf2-ps1, Oas1a, Oas1b, Oas1c, Oas1d, Oas1e, Oas1f, Oas1g, Oas1h, Oas3, Ocln, Oga, Ogt, Olfm1, Olig2, Olig3, Olr1, Oog1, Oog2, Oog3, Oprd1, Osr1, Osr2, Otp, Otud5, Otud6b, Otud7b, Ovol1, Ovol2, Pa2g4, Pabpc1, Pabpc4, Pabpn1l, Paf1, Paip1, Paip2, Paip2b, Pan2, Pan3, Park7, Parn, Parp1, Parp10, Parp14, Parp16, Parp3, Parp9, Pasd1, Pask, Patl1, Patl2, Patz1, Pawr, Pax2, Pax3, Pax4, Pax5, Pax6, Pax9, Pbxip1, Pcbp3, Pcbp4, Pcgf1, Pcgf2, Pcgf3, Pcgf5, Pcgf6, Pcid2, Pcif1, Pcna, Pcx, Pdcd10, Pdcd1lg2, Pdcd4, Pde12, Pde2a, Pdgfb, Pdx1, Peg3, Peli3, Pelo, Per1, Per2, Per3, Pex14, Pfdn5, Pglyrp1, Pglyrp2, Pglyrp3, Pglyrp4, Pgr, Phb1, Phb2, Phc1, Phc2, Phc3, Phf1, Phf12, Phf14, Phf19, Phf2, Phf21a, Phf6, Phf8, Pias1, Pias3, Pias4, Pibf1, Picalm, Pick1, Pif1, Pik3ca, Pik3cd, Pink1, Pinx1, Pitx1, Pitx2, Piwil1, Piwil2, Piwil4, Pkia, Pkig, Pkp1, Pkp3, Pla2g10, Pla2g3, Plag1, Plat, Plau, Plcb1, Pld6, Plekhn1, Plk1, Plk3, Pml, Pmp22, Pnldc1, Pnpt1, Pnrc1, Pnrc2, Pole3, Polr2g, Pomc, Pot1a, Pot1b, Pou1f1, Pou2f1, Pou3f1, Pou3f2, Pou3f3, Pou4f1, Pou4f2, Pou5f1, Pou6f1, Ppara, Ppard, Pparg, Ppargc1b, Pphln1, Ppid, Ppm1b, Ppm1d, Ppm1f, Ppp1r11, Ppp1r13l, Ppp1r15a, Ppp2cb, Ppp3ca, Pramel1, Pramel7, Prdm1, Prdm11, Prdm12, Prdm13, Prdm14, Prdm16, Prdm2, Prdm4, Prdm5, Prdm6, Prdm8, Prdx5, Prg2, Prg3, Prg4, Prickle1, Prkaa1, Prkaa2, Prkaca, Prkag3, Prkar1a, Prkca, Prkch, Prkdc, Prkn, Prkra, Prmt2, Prmt5, Prmt6, Prnp, Prop1, Prox1, Prr5l, Prrx1, Psen1, Psen2, Psmc5, Psmd10, Pspc1, Ptbp1, Ptbp2, Ptbp3, Ptch1, Ptger4, Ptgs2os, Ptpn11, Ptpn2, Ptpn22, Ptpn6, Ptprc, Ptprk, Ptprs, Ptrh2, Pum1, Pum2, Pura, Purb, Pus10, Pus7, Pwp1, Pycard, Pym1, Qars1, Qki, Rabgef1, Rac1, Rack1, Rad21, Ralgapa1, Raly, Rara, Rarb, Rarg, Rasd1, Rb1, Rbbp4, Rbbp7, Rbbp8, Rbfox2, Rbl1, Rbl2, Rbm10, Rbm15, Rbm15b, Rbm20, Rbm24, Rbm3, Rbm33, Rbm38, Rbm4, Rbm42, Rbm46, Rbm47, Rbm8a, Rbm8a2, Rbms3, Rbmxl1, Rbpj, Rbx1, Rbx1-ps, Rc3h1, Rc3h2, Rcor1, Rcor2, Rcor3, Recql5, Rel, Rela, Relb, Rere, Resf1, Rest, Rfc1, Rfx3, Rfx5, Rgcc, Rgn, Rgs2, Rhox2a, Rhox3a, Rhox5, Rida, Rif1, Ring1, Riox1, Riox2, Ripk1, Ripply1, Ripply2, Ripply3, Rlf, Rlim, Rnaseh2b, Rnasel, Rnf125, Rnf128, Rnf139, Rnf168, Rnf2, Rnf8, Rnps1, Robo1, Rock1, Rock2, Rorb, Rorc, Ros1, Rpl10, Rpl10-ps3, Rpl13a, Rpl23, Rps13, Rps14, Rps26, Rps3, Rps6ka5, Rreb1, Rrp8, Rsf1, Rsl1, Rtf1, Runx1, Runx1t1, Runx2, Runx3, Ruvbl2, Rxra, Rybp, S100a1, Sall1, Sall2, Sall4, Samd1, Samd11, Samd4, Samd4b, Samd7, Sap130, Sap18, Sap18b, Sap25, Sap30, Sap30l, Sarnp, Sars1, Satb1, Satb2, Sbno2, Scaf4, Scaf8, Scai, Scgb1a1, Scmh1, Scml2, Scml4, Scrib, Scrt1, Scrt2, Scx, Sdcbp, Sdr16c5, Secisbp2, Selenos, Sema4d, Senp1, Serbp1, Serpinb1a, Serpinb1b, Serpinb1c, Serpine1, Serpine2, Serpinf1, Serpinf2, Sesn2, Setd5, Setdb1, Setdb2, Setmar, Sfmbt1, Sfmbt2, Sfn, Sfpq, Sfrp1, Sfrp2, Sfswap, Sftpd, Sgf29, Sgms1os1, Sh2d1b1, Sh3gl2, Shc1, Shfl, Shh, Shmt1, Shox2, Sigirr, Siglec1, Siglecg, Sik1, Sim2, Sin3a, Sin3b, Sinhcaf, Sirpa, Sirt1, Sirt2, Sirt4, Sirt6, Sirt7, Six1, Six3, Six4, Six5, Ski, Skic2, Skic3, Skic8, Skil, Skor1, Skor2, Sla2, Slamf1, Slc11a1, Slc24a3, Slc2a10, Slc35c2, Slc37a4, Slc7a5, Slfn1, Slfn14, Slit2, Slit3, Smad2, Smad3, Smad4, Smad5, Smad7, Smarca1, Smarca2, Smarca4, Smarca5, Smarcad1, Smarcc2, Smarce1, Smchd1, Smcr8, Smg1, Smg5, Smg6, Smg7, Smg8, Smg9, Smo, Smpd3, Smtnl1, Smyd1, Smyd2, Smyd5, Snai1, Snai2, Snai3, Snd1, Snip1, Snw1, Snx12, Snx6, Socs5, Sorbs3, Sox1, Sox10, Sox11, Sox12, Sox13, Sox14, Sox15, Sox18, Sox2, Sox21, Sox3, Sox30, Sox4, Sox5, Sox6, Sox7, Sox8, Sox9, Sp100, Sp2, Sp3, Sp5, Spag11a, Spdef, Spen, Spi1, Spin1, Spindoc, Spink7, Spocd1, Spop, Spout1, Spty2d1, Sqstm1, Src, Srebf1, Srebf2, Srf, Srgn, Srp9, Srrt, Srsf1, Srsf10, Srsf3, Srsf4, Srsf6, Srsf7, Srsf9, Sry, Ssb, Ssc5d, St18, Stat1, Stat3, Stat6, Stc2, Stn1, Stox1, Strap, Strm, Strn3, Suds3, Sufu, Sumo1, Sumo2, Supt4a, Supt4b, Supt5, Supv3l1, Suv39h1, Suv39h2, Suz12, Syncrip, Syt11, T, Tada3, Taf15, Taf3, Taf7, Taf9b, Tagln3, Tal1, Tarbp2, Tardbp, Tasor, Tasor2, Tbk1, Tbl1x, Tbl1xr1, Tbr1, Tbrg4, Tbx1, Tbx15, Tbx18, Tbx2, Tbx20, Tbx21, Tbx22, Tbx3, Tbx6, Tceal7, Tcerg1, Tcf21, Tcf23, Tcf25, Tcf3, Tcf4, Tcf7, Tcf7l1, Tcf7l2, Tcfl5, Tcl1, Tcp10a, Tcp10b, Tcp10c, Tdg, Tdrd1, Tdrd12, Tdrd5, Tdrd6, Tdrd7, Tdrd9, Tdrkh, Ten1, Tenm2, Tent2, Tent4a, Tent4b, Tent5a, Tent5b, Tent5c, Tent5d, Terf1, Terf2, Tert, Tesk1, Tet1, Tex15, Tex19.1, Tex19.2, Tfap2a, Tfap2b, Tfap2c, Tfap4, Tfcp2l1, Tfdp2, Tfec, Tgfb1, Tgfb2, Tgfb3, Tgfbr1, Tgfbr3, Tgif1, Tgif2, Thap1, Thap11, Thap7, Thbs1, Thra, Thrap3, Thrb, Tia1, Tial1, Ticam2, Tigit, Timeless, Tinf2, Tiparp, Tirap, Tle1, Tle2, Tle4, Tle5, Tle6, Tlr2, Tlr4, Tlr6, Tlr8, Tmbim6, Tmeff2, Tmem98, Tmf1, Tmprss6, Tnf, Tnfaip3, Tnfrsf1a, Tnfrsf21, Tnfrsf4, Tnfsf11, Tnfsf4, Tnp1, Tnrc6a, Tnrc6b, Tnrc6c, Tob1, Tpr, Traf2, Traf3ip1, Traf3ip2, Traf5, Traf6, Traf7, Traip, Trem2, Trerf1, Trib2, Trib3, Trim11, Trim24, Trim27, Trim28, Trim29, Trim30a, Trim37, Trim6, Trim66, Trim71, Trip12, Tro, Trp53, Trp53cor1, Trp53inp1, Trp63, Trps1, Trpv1, Trpv4, Trub1, Tsc1, Tsc22d4, Tsg101, Tshz3, Tsix, Tsku, Tsn, Tsnax, Tspo, Ttbk1, Ttc5, Tusc2, Tut4, Tut7, Twist1, Twist2, Twsg1, Txn1, Txnip, Tyms, Tyrobp, U2af2, Uba3, Ube2i, Ubr2, Ubr5, Ucn, Ucn2, Ufd1, Uhrf1, Uhrf2, Uimc1, Unk, Upf1, Upf2, Upf3a, Upf3b, Upk3b, Uri1, Usp17le, Usp2, Usp3, Usp47, Usp7, Uty, Uxt, Vax1, Vax2, Vdr, Vegfa, Vegfb, Vgll4, Vhl, Vim, Vip, Vpreb3, Vps35, Vsig4, Vsir, Vsx2, Wdhd1, Wdr35, Wdr5, Wdr82, Wdtc1, Wfs1, Wnt10b, Wnt11, Wnt4, Wnt5a, Wnt8b, Wt1, Wtip, Wwc1, Wwc2, Wwp1, Wwp2, Wwtr1, Xaf1, Xbp1, Xcl1, Xdh, Xist, Xpo1, Xpo5, Xrcc5, Xrcc6, Xrn1, Xrn2, Yaf2, Yap1, Ybx1, Ybx2, Ybx3, Yeats2, Ylpm1, Ythdc1, Ythdf1, Ythdf2, Ythdf3, Ywhab, Ywhaq, Ywhaq-ps3, Ywhaz, Yy1, Zar1, Zar1l, Zbed6, Zbtb1, Zbtb10, Zbtb12, Zbtb14, Zbtb16, Zbtb18, Zbtb2, Zbtb20, Zbtb21, Zbtb24, Zbtb25, Zbtb26, Zbtb32, Zbtb33, Zbtb34, Zbtb37, Zbtb38, Zbtb39, Zbtb4, Zbtb42, Zbtb45, Zbtb46, Zbtb49, Zbtb5, Zbtb6, Zbtb7a, Zbtb7b, Zbtb8a, Zc3h10, Zc3h12a, Zc3h12d, Zc3h14, Zc3h4, Zc3h6, Zc3h7a, Zc3h7b, Zc3h8, Zc3hav1, Zcchc7, Zeb1, Zeb2, Zfhx3, Zfp1006, Zfp111, Zfp12, Zfp125, Zfp128, Zfp13, Zfp131, Zfp148, Zfp174, Zfp175, Zfp202, Zfp217, Zfp219, Zfp239, Zfp24, Zfp263, Zfp281, Zfp296, Zfp3, Zfp318, Zfp354a, Zfp354b, Zfp354c, Zfp36, Zfp366, Zfp36l1, Zfp36l2, Zfp36l3, Zfp382, Zfp386, Zfp397, Zfp410, Zfp418, Zfp423, Zfp438, Zfp445, Zfp451, Zfp469, Zfp473, Zfp488, Zfp503, Zfp512b, Zfp536, Zfp541, Zfp568, Zfp57, Zfp598, Zfp608, Zfp616, Zfp639, Zfp653, Zfp658, Zfp668, Zfp683, Zfp692, Zfp703, Zfp706, Zfp715, Zfp735, Zfp746, Zfp748, Zfp750, Zfp777, Zfp809, Zfp819, Zfp827, Zfp869, Zfp90, Zfp932, Zfp958, Zfp973, Zfpm1, Zfpm2, Zfta, Zfy2, Zglp1, Zgpat, Zhx1, Zhx2, Zhx3, Zic2, Zkscan3, Zmpste24, Zmym2, Zmym5, Zmynd11, Zmynd15, Zmynd8, Znfx1, Znhit1, Zp3, Zpbp2, Zscan10, Zswim8
GO:0009100	glycoprotein metabolic process	382	16	5.56	0.00017	0.027930638297872342	4930568D16Rik, 6430550D23Rik, A4gnt, Aatf, Abca2, Abca7, Abo, Acan, Acer2, Acot8, Adamts12, Adamts7, Aga, Ago2, Alg1, Alg10b, Alg11, Alg12, Alg13, Alg14, Alg2, Alg3, Alg5, Alg6, Alg8, Alg9, Angpt1, Apcs, Aqp11, Arfgef1, Arsb, Asgr2, Atp4b, Atp7a, B3galnt1, B3galnt2, B3galt1, B3galt2, B3galt4, B3galt5, B3galt6, B3galt9, B3gat1, B3gat2, B3gat3, B3glct, B3gnt2, B3gnt3, B3gnt4, B3gnt5, B3gnt6, B3gnt7, B3gnt8, B3gnt9, B4galnt2, B4galnt3, B4galnt4, B4galt1, B4galt2, B4galt3, B4galt4, B4galt5, B4galt6, B4galt7, B4gat1, Bace2, Bcl2, Bmp2, Bmpr1b, Bmpr2, Bpnt2, Btk, C1galt1, C1galt1c1, Cant1, Ccl19, Ccl21a, Ccr7, Cela1, Ces2a, Chp1, Chpf, Chpf2, Chst1, Chst10, Chst11, Chst12, Chst13, Chst14, Chst3, Chst5, Chst7, Chst8, Chst9, Chsy1, Chsy3, Cog3, Cog7, Col11a1, Col2a1, Crppa, Csgalnact1, Csgalnact2, Cst3, Ctnnb1, Ctsl, Cwh43, Cytl1, Dad1, Ddost, Derl3, Dhdds, Dolk, Dolpp1, Dpagt1, Dpm1, Dpm2, Dpm3, Dpy19l1, Dpy19l3, Dse, Dsel, Edem1, Edem2, Edem3, Ednra, Ednrb, Engase, Entpd5, Eogt, Ep300, Erp44, Ext1, Ext2, Extl1, Extl3, Fam20b, Fbxo17, Fbxo2, Fbxo27, Fbxo44, Fbxo6, Fkrp, Fktn, Foxl1, Frey1, Fut1, Fut10, Fut11, Fut2, Fut4, Fut7, Fut8, Fut9, Gal3st2, Gal3st2c, Gal3st4, Galns, Galnt1, Galnt10, Galnt11, Galnt12, Galnt13, Galnt14, Galnt15, Galnt16, Galnt17, Galnt18, Galnt2, Galnt3, Galnt4, Galnt5, Galnt6, Galnt7, Galnt9, Galntl6, Ganab, Ganc, Gata1, Gbgt1, Gcnt1, Gcnt2, Gcnt3, Gcnt4, Gcnt7, Gfpt1, Gfpt2, Ggta1, Glb1, Glce, Gmppa, Gmppb, Gnptab, Gns, Golga2, Golph3, Gorasp1, Gpc1, Gusb, Gxylt1, Gxylt2, Hbegf, Hexa, Hexb, Hgsnat, Hif1a, Hpse, Hs2st1, Hs3st1, Hs3st2, Hs3st3a1, Hs3st3b1, Hs3st4, Hs3st5, Hs3st6, Hs6st1, Hs6st2, Hs6st3, Hyal1, Hyal4, Ids, Idua, Igf1, Ihh, Il15, Il33, Insr, Itm2a, Itm2b, Itm2c, Jak3, Krtcap2, Large1, Large2, Lep, Lipc, Lmf1, Magt1, Man1a, Man1a2, Man1b1, Man1c1, Man2a1, Man2a2, Manba, Mfsd8, Mgat1, Mgat2, Mgat3, Mgat4a, Mgat4b, Mgat4c, Mgat4d, Mgat4e, Mgat4f, Mgat5, Mgat5b, Mlec, Mmp12, Mogs, Mustn1, Naglu, Nagpa, Nccrp1, Ncstn, Ndst1, Ndst2, Ndst3, Ndst4, Necab1, Necab2, Necab3, Neu2, Neu4, Ngly1, Npc1, Nus1, Oga, Ogt, Ost4, Ostc, Park7, Pate6, Pawr, Pcsk6, Pgm3, Phlda1, Plcb1, Plod3, Pmm1, Pmm2, Pofut1, Pofut2, Poglut1, Poglut2, Poglut3, Pomgnt1, Pomgnt2, Pomk, Pomt1, Pomt2, Porcn, Ppard, Prkcsh, Psen1, Ptx3, Pxylp1, Rab1a, Rab1b, Ramp1, Rft1, Rpn1, Rpn2, Rxylt1, Sec1, Serpina1a, Serpina1b, Sgsh, Slc10a7, Slc2a10, Slc35b2, Slc35c1, Slc35c2, Slc35d1, Slc35d2, Slc39a8, Slc4a10, Slc51b, Soat1, Srd5a3, St3gal1, St3gal2, St3gal3, St3gal4, St3gal5, St3gal6, St6gal1, St6gal2, St6galnac1, St6galnac2, St6galnac3, St6galnac4, St6galnac5, St6galnac6, St8sia1, St8sia2, St8sia3, St8sia4, St8sia5, St8sia6, Stt3a, Stt3b, Sulf1, Sulf2, Tcf7l2, Tet1, Tet2, Tet3, Tm9sf2, Tmem106a, Tmem165, Tmem258, Tmem260, Tmem59, Tmtc1, Tmtc2, Tmtc3, Tmtc4, Tnip1, Trak2, Trex1, Trip11, Tusc3, Ube2j1, Ugdh, Uggt1, Uggt2, Vangl2, Vegfb, Xxylt1, Xylt1, Xylt2
GO:0071705	nitrogen compound transport	2023	50	29.47	0.00018	0.0289575	1700009N14Rik, 1700017N19Rik, 5730455P16Rik, A1cf, Aaas, Aacs, Aagab, Abat, Abca1, Abca12, Abca13, Abca2, Abcb10, Abcb1a, Abcb1b, Abcb6, Abcb9, Abcc1, Abcc2, Abcc4, Abcc5, Abcc6, Abcc8, Abcd1, Abcd4, Abcg1, Abcg2, Abcg3, Abra, Acd, Ace2, Acsl3, Acsl4, Actb, Actn4, Acvr1c, Acvr2b, Ada, Adam9, Adar, Adcy10, Adcy5, Adcy8, Adcyap1, Adipoq, Adora1, Adora2a, Adora2b, Adora3, Adra2a, Adtrp, Afg2b, Afm, Aftph, Agap1, Agap3, Agk, Agrn, Agt, Agtr1a, Agtr2, Ahctf1, Ahcyl1, Ahi1, Aifm1, Aimp1, Akap1, Akap5, Akap8, Akap8l, Akirin2, Akt1, Aktip, Alkbh5, Alox5, Alyref, Alyref2, Alyreffm1, Alyreffm10, Alyreffm11, Alyreffm14, Alyreffm2, Alyreffm3, Alyreffm4, Alyreffm5, Alyreffm6, Alyreffm7, Alyreffm8, Alyreffm9, Amn, Amn1, Ang, Ang2, Ang3, Ang4, Ang5, Ang6, Angpt1, Ank, Ank2, Ank3, Ankle1, Ankrd1, Ankrd27, Ano1, Anp32b, Anxa1, Anxa5, Anxa7, Ap1b1, Ap1g1, Ap1g2, Ap1m1, Ap1m2, Ap1s1, Ap1s2, Ap1s3, Ap2a1, Ap2a2, Ap2b1, Ap2m1, Ap2s1, Ap3b1, Ap3b2, Ap3d1, Ap3m1, Ap3m2, Ap3s1, Ap3s2, Ap4b1, Ap4e1, Ap4m1, Ap4s1, Ap5b1, Ap5m1, Ap5s1, Ap5z1, Apba1, Apba2, Apba3, Apbb1, Apbb3, Apln, Apob, Apobec1, Apoc2, Apoc2l, Apoc3, Apod, Apoe, App, Appbp2, Appl1, Appl2, Aqp1, Aqp3, Aqp6, Aqp7, Aqp8, Aqp9, Arc, Arcn1, Arf1, Arf2, Arf3, Arf4, Arf5, Arf6, Arfgap1, Arfgap2, Arfgap3, Arfgef1, Arfgef2, Arfip1, Arfip2, Arfrp1, Arg1, Arg2, Arhgap1, Arhgap33, Arhgap44, Arhgef11, Arhgef5, Arhgef7, Arl1, Arl11, Arl14, Arl2, Arl3, Arl4a, Arl4c, Arl4d, Arl5a, Arl5b, Arl5c, Arl6, Arl6ip1, Arl6ip5, Arl8a, Arl8b, Arrb1, Arrb2, Arrdc1, Arrdc2, Arrdc3, Arrdc4, Arrdc5, Asph, Aspscr1, Astn2, Atf2, Atg10, Atg14, Atg16l1, Atg16l2, Atg3, Atg4a, Atg4b, Atg4c, Atg4d, Atg7, Atp11a, Atp13a1, Atp13a2, Atp13a3, Atp13a4, Atp13a5, Atp2c1, Atp6ap1, Atp8a1, Atp8a2, Atp8b1, AU015836, Aup1, Avp, Avpr1a, Azin1, Azin2, B3gat3, B3glct, B4galnt2, Bad, Bag3, Baiap3, Bard1, Bbs1, Bbs2, Bbs4, Bbs5, Bbs7, Bbs9, Bcap29, Bcap31, Bcl3, Bcr, Bcs1l, Bdnf, Becn1, Best1, Bet1, Bet1l, Bglap2, Bicd2, Birc5, Blk, Bloc1s3, Bloc1s6, Blzf1, Bmal1, Bmp4, Bnip1, Brca1, Brsk2, Bsg, Btf3, Btk, C1qtnf12, C1qtnf3, C1qtnf5, C2cd2l, C2cd5, Cabp1, Cacna1a, Cacna1c, Cacna1d, Cacna1e, Cacnb4, Cacng2, Cacng3, Cacng4, Cacng5, Cacng7, Cacng8, Cadps, Cadps2, Calcrl, Calhm1, Calhm2, Calhm3, Calhm4, Calhm5, Calhm6, Calr, Camk1, Camk2a, Camk2n1, Camk4, Camsap3, Capn10, Car2, Cartpt, Casc3, Cask, Casr, Cav1, Cavin1, Cbl, Cblif, Cbln1, Cbln4, Ccdc186, Ccdc22, Ccdc91, Ccdc93, Cchcr1, Cck, Cckar, Cckbr, Ccl5, Ccn3, Cd200, Cd24a, Cd2ap, Cd300a, Cd320, Cd36, Cd38, Cd3g, Cd47, Cd63, Cd74, Cd81, Cdc42, Cdh1, Cdh17, Cdk1, Cdk16, Cdk5, Cdkn1a, Cdkn2a, Cela2a, Cenpf, Cep131, Cep290, Cep41, Cert1, Cetn2, Cetn3, Cfl1, Cftr, Chchd4, Chd7, Chga, Chm, Chml, Chmp1a, Chmp1b, Chmp1b2, Chmp2a, Chmp2b, Chmp3, Chmp4b, Chmp4c, Chmp5, Chmp6, Chmp7, Chp1, Chp2, Chrd, Chrm1, Chrm3, Chrm5, Chrna3, Chrna4, Chrna6, Chrna7, Chrnb2, Chtop, Ckap5, Clcf1, Clip1, Clip3, Cln3, Cln8, Clock, Clstn1, Clstn3, Clta, Cltb, Cltc, Cltrn, Clu, Cmtm6, Cnih4, Cnr1, Cnst, Cog1, Cog2, Cog3, Cog4, Cog5, Cog6, Cog7, Cog8, Col1a1, Commd1, Comp, Comt, Copa, Copb1, Copb2, Cope, Copg1, Copg2, Copz1, Copz2, Coro7, Cpe, Cpeb1, Cplane2, Cplx1, Cplx3, Cpsf6, Cpt1a, Cptp, Crh, Crhbp, Crhr1, Crhr2, Cry2, Cse1l, Csf2, Csk, Ctdspl2, Ctns, Cttn, Cubn, Cwh43, Cxcl12, Cyb5r4, Cyp51, Dab2, Dag1, Dctn1, Ddc, Ddx19a, Ddx19b, Ddx25, Ddx39a, Ddx39b, Ddx5, Dennd10, Dennd1a, Dennd1b, Dennd2a, Dennd4c, Derl1, Derl2, Derl3, Desi1, Dgat1, Dgkd, Dhx9, Dio2, Disp1, Dlg2, Dmap1, Dmbt1, Dnaja1, Dnajc1, Dnajc14, Dnajc15, Dnajc19, Dnajc27, Dnlz, Dnm1l, Dnm2, Doc2b, Dop1a, Dop1b, Dph3, Dpysl2, Drd1, Drd2, Drd3, Drd4, Dtnbp1, Dtx3l, Duoxa1, Duoxa2, Dynll1, Dynlt1a, Dynlt1b, Dynlt1c, Dynlt1f, Dyrk1a, E2f3, Ecrg4, Ect2, Edem1, Edem2, Edn1, Edn3, Ednra, Ednrb, Efcab7, Efna5, Egf, Egfr, Egr2, Ehbp1, Ehd1, Ehd3, Ei24, Eif3e, Eif4a3, Eif4e, Eif4enif1, Eipr1, Elavl1, Elmod1, Elmod3, Emd, Ensa, Entpd1, Entr1, Eny2, Ep300, Epb41l1, Epg5, Epha5, Epm2a, Eps15, Erc1, Ergic3, Erlec1, Erp29, Exoc1, Exoc2, Exoc3, Exoc3l, Exoc4, Exoc5, Exoc6, Exoc6b, Exoc7, Exoc8, Exph5, F2, F2r, F2rl1, F2rl2, Faf2, Fam3a, Fam3b, Fam3d, Fam53a, Fam53b, Fam53c, Fam76b, Fam91a1, Fbn1, Fcer1a, Fcer1g, Fcgr3, Fchsd2, Fermt1, Fev, Ffar1, Ffar2, Ffar3, Ffar4, Fga, Fgb, Fgf9, Fgg, Fhip1b, Filip1l, Fkbp1b, Fkrp, Flna, Flot1, Flvcr1, Flvcr2, Fmn2, Fmr1, Fndc1, Folr1, Folr2, Foxa2, Foxo1, Fras1, Frat1, Frat2, Frmd4a, Frmpd1, Fto, Fuz, Fxr1, Fxr2, Fyttd1, G3bp2, G6pc2, Gabarap, Gabarapl2, Gabbr1, Gapvd1, Gas6, Gbf1, Gbp4, Gcc2, Gcg, Gck, Gckr, Gdi1, Gdi2, Gdnf, Gfap, Gga1, Gga2, Gga3, Ghrh, Ghrhr, Ghrl, Ghsr, Gip, Gipc1, Gipr, Gja1, Gja5, Gjb1, Gle1, Gli3, Glp1r, Gltp, Gltpd2, Glud1, Glul, Gm14461, Gna11, Gnao1, Gnaq, Gnas, Gnat1, Gnat2, Gnaz, Gnptab, Golga2, Golga4, Golga7, Golph3, Golph3l, Golt1a, Golt1b, Gopc, Gorasp1, Gosr1, Gosr2, Gper1, Gpihbp1, Gpld1, Gpm6b, Gpr119, Gpr27, Gpr39, Gpr68, Gpr89, Gprc6a, Grik1, Grin2a, Grin2b, Grip1, Grip2, Gripap1, Grk2, Grk3, Grm1, Grm2, Grm7, Grp, Grpel1, Grpel2, Gsdmd, Gsk3b, Guk1, H13, H2-DMa, Hadh, Hap1, Hba-a1, Hbb-b1, Hbb-b2, Hcar2, Hcfc1, Hcls1, Hcn2, Hdac3, Hdac6, Heatr3, Heatr5b, Herpud1, Hfe, Hgs, Hhex, Hif1a, Hikeshi, Hm629797, Hmga1, Hmga2, Hmgcr, Hmgn3, Hnf1a, Hnf1b, Hnf4a, Hnrnpa1, Hnrnpa2b1, Hnrnpa3, Hnrnpm, Hook1, Hook2, Hook3, Hps1, Hps6, Hpse, Hpx, Hrh3, Hsf1, Hsp90aa1, Hsp90ab1, Hsp90b1, Hspa4, Hspa5, Hspa8, Hspa9, Hspb1, Hspd1, Htr1a, Htr1b, Htr2a, Htr2c, Htr6, Htr7, Htt, Hyal2, Ice1, Idh2, Idua, Ier3ip1, Ifi27, Ifnb1, Ifng, Ift20, Ift22, Ift25, Ift27, Ift46, Ift56, Igf1, Igf2bp1, Igf2bp2, Igf2bp3, Igh-7, Igtp, Il10ra, Il12a, Il12b, Il13, Il1a, Il1b, Il1rn, Il33, Il6, Ildr1, Ildr2, Ing1, Inhbb, Ins1, Ins2, Insig1, Ipo11, Ipo13, Ipo4, Ipo5, Ipo7, Ipo8, Ipo9, Irgm1, Irgm2, Irs1, Irs2, Isl1, Ist1, Itgb1, Itgb3, Itpr1, Itsn1, Iws1, Jagn1, Jak2, Jakmip1, Jup, Kalrn, Kcna2, Kcnb1, Kcnip3, Kcnj10, Kcnj11, Kcnj6, Kcnj8, Kcnk1, Kcnk2, Kcnn4, Kcnq1, Kcnq2, Kcnq3, Kdelr1, Kdelr2, Kdelr3, Khdrbs1, Khsrp, Kif13a, Kif17, Kif18a, Kif1a, Kif20a, Kif20b, Kif3a, Kif3b, Kif5a, Kif5b, Kif5c, Kiss1, Klc1, Klf7, Klhl20, Kmo, Kpna1, Kpna2, Kpna2rt, Kpna3, Kpna4, Kpna6, Kpna7, Kpnb1, Krt18, Krt20, Ktn1, Lamp2, Laptm5, Large1, Lca5, Lcp1, Ldc1, Lep, Lepr, Lgals3, Lhcgr, Lif, Lin7a, Lin7b, Lin7c, Llgl2, Lman1, Lman2, Lman2l, Lmf1, Lmna, Lmtk2, Lonp2, Lrp1, Lrp2, Lrp5, Lrpprc, Lrrc7, Lrrc8a, Lrrc8b, Lrrc8c, Lrrc8d, Lrrc8e, Lrrk2, Lrsam1, Lsg1, Lsr, Ly6e, Lyn, Lypla1, Lyplal1, Lyst, M6pr, Macf1, Macir, Madd, Mafa, Magoh, Magohb, Malrd1, Mamdc4, Maob, Map1a, Map4k4, Mapk1, Mapk10, Mapk14, Mapk15, Mapk8ip3, Mapt, Marcks, Mavs, Mc4r, Mcfd2, Mcm3ap, Mcoln2, Mcu, Mdfic, Mdm2, Mecp2, Med1, Mfsd1, Mfsd12, Mgst1, Mia2, Mia3, Micall1, Midn, Mir130a, Mir200a, Mir410, Mlc1, Mlph, Mmp12, Mmp13, Mmp7, Mon1a, Mon1b, Mon2, Mpc2, Mpdz, Mrpl18, Msr1, Mtch1, Mtch2, Mtm1, Mtnr1a, Mtnr1b, Mttp, Mtx1, Mtx2, Mup1, Mup11, Mup2, Mup3, Mup4, Mup5, Mvb12a, Mvb12b, Myh10, Myh9, Mylk, Myo18a, Myo1b, Myo1d, Myo5a, Myo5b, Myo6, Myo7a, Myom1, Myrip, Myt1, Nacad, Nadk, Nagpa, Napa, Napb, Napg, Nasp, Nat3, Nat8l, Ncbp1, Ncbp2, Ncbp3, Ncoa4, Ncoa6, Ndc1, Ndel1, Ndfip1, Ndfip2, Ndp, Ndufa13, Ndufaf2, Necap1, Necap2, Nedd4, Negr1, Neo1, Neto1, Neurl1b, Neurl3, Neurod1, Nf1, Nfatc3, Nfe2l1, Nfkbia, Nfkbie, Ngfr, Nherf1, Nisch, Nkx6-1, Nlgn2, Nmd3, Nmu, Nnat, Nol6, Nolc1, Nos1, Nos2, Notch1, Npff, Nploc4, Nppa, Npy2r, Npy5r, Nr0b2, Nr1d1, Nr1h2, Nr1h3, Nr1h4, Nr3c1, Nrde2, Nsf, Nsg1, Nsun2, Ntrk2, Ntsr1, Nucb2, Nup107, Nup133, Nup153, Nup155, Nup160, Nup188, Nup210, Nup214, Nup35, Nup37, Nup42, Nup43, Nup50, Nup50l, Nup54, Nup58, Nup62, Nup62cl, Nup85, Nup88, Nup93, Nup98, Nutf2, Nutf2-ps1, Nutf2-ps2, Nxf1, Nxf2, Nxf3, Nxf7, Nxt1, Nxt2, Oaz1, Oaz2, Oaz3, Oga, Olfm2, Oprk1, Oprm1, Optn, Or51e2, Orai1, Os9, Osbp, Oxct1, Oxt, Oxtr, P2rx1, P2rx7, P2ry1, P2ry12, P3h1, Pabpn1, Pafah1b1, Pak1, Pam16, Panx1, Pard6a, Park7, Parp11, Pask, Pax8, Pcid2, Pck2, Pclo, Pcm1, Pcnt, Pcp4, Pcsk1, Pdcd10, Pdcd5, Pdcd5-ps, Pdcd6, Pdcd6ip, Pde1c, Pde3b, Pde4c, Pde8b, Pdx1, Peg10, Peg12, Per2, Pex1, Pex10, Pex12, Pex13, Pex14, Pex16, Pex19, Pex2, Pex26, Pex3, Pex5, Pex5l, Pex6, Pex7, Pfkfb2, Pfkl, Pfkm, Pgap1, Pgrmc1, Pgrmc2, Phaf1, Phax, Phb2, Phip, Pianp, Picalm, Pick1, Pik3c3, Pik3r1, Pik3r2, Pik3r4, Pim3, Pink1, Pitpnm1, Piwil4, Pkd1, Pkdcc, Pkia, Pkig, Pla2g3, Pla2g6, Plcb1, Plcd1, Plek, Plekha8, Plekhf2, Plekhm1, Plk3, Pltp, Pml, Pnpt1, Pola2, Poldip3, Pom121, Pom121l2, Porcn, Pou2f2, Pou3f3, Ppard, Pparg, Ppia, Ppid, Ppm1a, Ppm1f, Ppp3ca, Ppp3cb, Ppp3r1, Ppt1, Praf2, Preb, Prepl, Prf1, Prickle1, Prkaca, Prkar1a, Prkcb, Prkcd, Prkce, Prkcq, Prkcz, Prkd1, Prkg1, Prkn, Prpf4b, Prr5l, Psap, Psen1, Psen2, Psmd9, Ptbp1, Ptger3, Ptger4, Ptgs1, Ptgs2, Ptpmt1, Ptpn1, Ptpn11, Ptpn14, Ptpn22, Ptpn23, Ptpn5, Ptprn, Ptprn2, Ptprv, Pttg1ip, Pttg1ip2, Qki, Rab10, Rab11a, Rab11b, Rab11fip1, Rab11fip2, Rab11fip3, Rab11fip5, Rab12, Rab13, Rab14, Rab15, Rab17, Rab18, Rab19, Rab1a, Rab1b, Rab20, Rab21, Rab22a, Rab23, Rab24, Rab25, Rab26, Rab27a, Rab27b, Rab28, Rab29, Rab2a, Rab2b, Rab31, Rab32, Rab33b, Rab34, Rab35, Rab36, Rab37, Rab38, Rab39, Rab39b, Rab3a, Rab3b, Rab3c, Rab3d, Rab3gap1, Rab3il1, Rab3ip, Rab43, Rab44, Rab4a, Rab4b, Rab5a, Rab5b, Rab5c, Rab6a, Rab6b, Rab7, Rab7b, Rab8a, Rab8b, Rab9, Rab9b, Rabep1, Rabep2, Rabgap1l, Rabgef1, Rabif, Rabl2, Rabl3, Rac1, Rack1, Rae1, Raf1, Ralbp1, Ramp1, Ramp2, Ramp3, Ran, Ranbp17, Ranbp2, Ranbp3, Ranbp3l, Ranbp6, Rangap1, Rangrf, Rap1gds1, Rapgef3, Rapgef4, Rasl10b, Rasl2-9, Rbm15b, Rbm22, Rbm33, Rbm4, Rbm8a, Rbp4, Rbsn, Rcn3, Rd3, Reep2, Rep15, Rest, Rffl, Rftn1, Rftn2, Rfx3, Rfx6, Rgs2, Rgs4, Rhag, Rhbdd1, Rhbdd3, Rhbdf1, Rhbdf2, Rhbg, Rhcg, Rhd, Rhob, Ric1, Rilp, Rilpl1, Rilpl2, Rims1, Rims2, Rinl, Rint1, Ripk1, Ripor1, Romo1, Rp2, Rpain, Rph3a, Rph3al, Rptor, Rrbp1, Rsad2, Rsc1a1, Rtn2, Rtn4, Rufy1, Rufy3, S100a13, S100a8, S100a9, Sacm1l, Samm50, Sar1a, Sar1b, Sarnp, Scamp1, Scamp2, Scamp3, Scamp4, Scamp5, Scarb2, Scfd1, Scfd2, Scg5, Scn4a, Sco1, Scrib, Sct, Sdad1, Sdhd, Sec13, Sec14l1, Sec16a, Sec16b, Sec22a, Sec22b, Sec22c, Sec23a, Sec23b, Sec24a, Sec31a, Sec31b, Sec61a1, Sec61a2, Sec61b, Sec61bl, Sec61g, Sec62, Sec63, Seh1l, Sel1l, Selenbp1, Selenbp2, Selenok, Selenos, Selenot, Sem1, Senp2, Septin2, Septin8, Sergef, Serp1, Setd2, Sfn, Sfrp1, Sft2d1, Sft2d2, Sft2d3, Sfxn1, Sfxn2, Sfxn3, Sgpp1, Sh3kbp1, Sh3tc2, Shh, Shoc2, Sidt1, Sidt2, Sil1, Sirt1, Sirt3, Sirt4, Sirt6, Sirt7, Six2, Six3, Slbp, Slc10a7, Slc11a1, Slc12a1, Slc12a2, Slc12a5, Slc12a6, Slc13a3, Slc14a1, Slc14a2, Slc15a1, Slc15a2, Slc15a3, Slc15a4, Slc15a5, Slc16a1, Slc16a10, Slc16a12, Slc16a2, Slc16a6, Slc16a9, Slc17a1, Slc17a2, Slc17a3, Slc17a4, Slc17a6, Slc17a7, Slc17a8, Slc17a9, Slc18a1, Slc18a2, Slc18a3, Slc18b1, Slc19a1, Slc19a2, Slc19a3, Slc1a1, Slc1a2, Slc1a3, Slc1a4, Slc1a5, Slc1a6, Slc1a7, Slc22a1, Slc22a12, Slc22a13, Slc22a14, Slc22a15, Slc22a16, Slc22a2, Slc22a21, Slc22a3, Slc22a4, Slc22a5, Slc22a8, Slc23a1, Slc23a3, Slc25a12, Slc25a13, Slc25a15, Slc25a16, Slc25a17, Slc25a18, Slc25a19, Slc25a2, Slc25a20, Slc25a22, Slc25a23, Slc25a24, Slc25a25, Slc25a26, Slc25a29, Slc25a31, Slc25a32, Slc25a33, Slc25a36, Slc25a38, Slc25a39, Slc25a4, Slc25a40, Slc25a41, Slc25a42, Slc25a44, Slc25a47, Slc25a5, Slc25a51, Slc25a54, Slc26a6, Slc26a7, Slc27a1, Slc28a1, Slc28a2, Slc28a2b, Slc28a3, Slc29a1, Slc29a2, Slc29a3, Slc29a4, Slc2a2, Slc2a9, Slc30a8, Slc32a1, Slc33a1, Slc35a1, Slc35a2, Slc35a3, Slc35a5, Slc35b1, Slc35b2, Slc35b3, Slc35b4, Slc35c1, Slc35c2, Slc35d1, Slc35d2, Slc35d3, Slc35f3, Slc36a1, Slc36a2, Slc36a3, Slc36a4, Slc38a1, Slc38a2, Slc38a3, Slc38a4, Slc38a5, Slc38a6, Slc38a7, Slc38a9, Slc3a1, Slc3a2, Slc43a1, Slc43a2, Slc43a3, Slc44a1, Slc44a2, Slc44a4, Slc44a5, Slc46a1, Slc46a2, Slc47a1, Slc48a1, Slc49a4, Slc4a8, Slc51b, Slc52a2, Slc52a3, Slc5a6, Slc5a7, Slc5a8, Slc66a1, Slc6a1, Slc6a11, Slc6a12, Slc6a13, Slc6a14, Slc6a15, Slc6a17, Slc6a2, Slc6a20a, Slc6a20b, Slc6a3, Slc6a4, Slc6a5, Slc6a6, Slc6a7, Slc6a8, Slc6a9, Slc7a1, Slc7a10, Slc7a11, Slc7a13, Slc7a14, Slc7a2, Slc7a3, Slc7a5, Slc7a6, Slc7a6os, Slc7a7, Slc7a8, Slc7a9, Slc8b1, Slc9a4, Slc9b2, Slco1b2, Slco3a1, Slu7, Smad2, Smo, Smpd3, Smurf1, Snap23, Snap25, Snap29, Snap47, Snap91, Snapin, Snca, Sncg, Snf8, Snord32a, Snord33, Snord34, Snord35a, Snupn, Snx1, Snx10, Snx11, Snx12, Snx13, Snx14, Snx15, Snx16, Snx17, Snx18, Snx19, Snx2, Snx20, Snx21, Snx24, Snx25, Snx27, Snx3, Snx30, Snx31, Snx32, Snx33, Snx4, Snx5, Snx6, Snx7, Snx8, Snx9, Sorcs2, Sorl1, Sort1, Sox4, Sp100, Spag17, Spg11, Spire1, Spire2, Sprn, Sptbn1, Sqstm1, Src, Srcin1, Srebf1, Sri, Srp54a, Srp54c, Srpra, Srsf1, Srsf3, Srsf7, Ssb, Sstr5, Stam, Stam2, Stat3, Steap3, Steep1, Stim1, Stk3, Stk4, Strada, Stradb, Stx11, Stx12, Stx16, Stx17, Stx18, Stx19, Stx1a, Stx1b, Stx2, Stx3, Stx4a, Stx5a, Stx6, Stx7, Stx8, Stxbp1, Stxbp2, Stxbp3, Stxbp4, Stxbp5, Stxbp5l, Sucnr1, Sumo1, Supt6, Surf4, Sv2a, Svbp, Svip, Sybu, Syk, Syndig1, Synrg, Sys1, Syt1, Syt11, Syt4, Syt7, Syt9, Sytl1, Sytl2, Sytl3, Sytl4, Sytl5, Syvn1, Tacr2, Tamalin, Tango2, Tango6, Tap1, Tap2, Tardbp, Tbc1d1, Tbc1d13, Tbc1d17, Tbc1d5, Tcf7l2, Tcirg1, Tcn2, Tecpr2, Tek, Tenm1, Tesc, Tfap2b, Tfr2, Tfrc, Tgfb1, Tgfb2, Tgfb3, Tgfbr2, Tgfbrap1, Tgm2, Th, Thoc1, Thoc2, Thoc2l, Thoc3, Thoc5, Thoc6, Thoc7, Tiam1, Timm10, Timm10b, Timm13, Timm17a, Timm17b, Timm21, Timm22, Timm23, Timm29, Timm44, Timm50, Timm8a1, Timm8a2, Timm8b, Timm9, Tlk1, Tlr2, Tlr4, Tm7sf3, Tm9sf4, Tmco6, Tmed1, Tmed10, Tmed10-ps, Tmed11, Tmed2, Tmed3, Tmed4, Tmed5, Tmed6, Tmed7, Tmed9, Tmem129, Tmem132a, Tmem14c, Tmem167, Tmem241, Tmem258, Tmem30a, Tmem30b, Tmem9, Tmem97, Tnf, Tnfrsf1a, Tnfsf11, Tnks, Tnpo1, Tnpo2, Tnpo3, Tom1, Tom1l1, Tom1l2, Tomm20, Tomm20l, Tomm22, Tomm40, Tomm40l, Tomm5, Tomm6, Tomm7, Tomm70a, Tomt, Tor1a, Tpr, Traf3ip2, Tram1, Tram1l1, Tram2, Trarg1, Trem2, Trh, Trim23, Trim28, Trim3, Trim37, Trip11, Trmt10b, Trp53, Trpa1, Trpc1, Trpc4, Trpm2, Trpm4, Trpm5, Trpv1, Trpv4, Tsc2, Tsg101, Tspo2, Tst, Ttc8, Ttn, Ttyh1, Ttyh2, Ttyh3, Tuba1a, Tunar, Tvp23a, Tvp23b, Txn1, Txnip, Uaca, Ubac2, Ubap1, Ube2g2, Ube2j1, Ube2q1, Ubr5, Ucn, Ucn3, Ucp2, Uevld, Ufd1, Ufm1, Uhmk1, Umod, Unc119, Unc119b, Unc13b, Unc93b1, Upk3a, Uqcc2, Use1, Uso1, Usp9x, Uts2, Vamp2, Vamp3, Vamp4, Vamp5, Vamp7, Vamp8, Vapa, Vcp, Vegfc, Vgf, Vhl, Vip, Vipas39, Vldlr, Vmp1, Vps11, Vps13a, Vps13c, Vps13d, Vps16, Vps18, Vps25, Vps26a, Vps26b, Vps26c, Vps28, Vps29, Vps33a, Vps33b, Vps35, Vps35l, Vps36, Vps37a, Vps37b, Vps37c, Vps37d, Vps39, Vps41, Vps45, Vps4a, Vps4b, Vps50, Vps51, Vps52, Vps53, Vps54, Vps8, Vsnl1, Vta1, Vti1a, Vti1b, Washc1, Washc2, Washc3, Washc4, Washc5, Wdr11, Wdr72, Wipf1, Wls, Wnk1, Wwp2, Xbp1, Xlr4a, Xlr4b, Xpo1, Xpo4, Xpo5, Xpo6, Xpo7, Xpot, Ybx1, Yif1a, Yif1b, Yipf5, Ykt6, Yod1, Ythdc1, Ywhae, Ywhah, Ywhaz, Zbed6, Zc3h11a, Zc3h12a, Zc3h3, Zdhhc17, Zdhhc2, Zfand1, Zfand2b, Zfand6, Zfp36, Zfp36l1, Zfp384, Zfyve16, Zg16, Zic1, Zmat3, Zpr1, Zw10
GO:0051649	establishment of localization in cell	2132	52	31.06	0.00018	0.0289575	1700009N14Rik, 1700017N19Rik, 5730455P16Rik, a, Aaas, Aak1, Abca1, Abca12, Abca13, Abca2, Abcc8, Abcd1, Abcd2, Abcd3, Abcd4, Abcg1, Abl1, Abl2, Abr, Abra, Abraxas1, Abraxas2, Acap2, Acd, Actb, Actg1, Actn2, Actn4, Actr10, Actr2, Adam10, Adar, Adcy5, Adcy8, Adgrv1, Adipoq, Adora2a, Adora2b, Adora3, Adra2a, Afg2b, Aftph, Agap2, Agap3, Agbl4, Agk, Agt, Agtpbp1, Agtr2, Ahctf1, Ahcyl1, Ahi1, Ak7, Akap1, Akap13, Akap4, Akap5, Akap8l, Akirin2, Akt1, Aktip, Alkbh5, Alms1, Als2, Als2cl, Alyref, Alyref2, Alyreffm1, Alyreffm10, Alyreffm11, Alyreffm14, Alyreffm2, Alyreffm3, Alyreffm4, Alyreffm5, Alyreffm6, Alyreffm7, Alyreffm8, Alyreffm9, Amph, Angpt1, Ank1, Ank3, Ankfn1, Ankfy1, Ankle1, Ankrd27, Ankrd50, Ankrd53, Ankrd54, Ano1, Ano2, Ano3, Ano4, Ano6, Ano7, Ano9, Anp32-ps, Anp32a, Anp32b, Anxa2, Anxa3, Anxa7, Anxa8, Ap1ar, Ap1b1, Ap1g1, Ap1g2, Ap1m1, Ap1m2, Ap1s1, Ap1s2, Ap1s3, Ap2a1, Ap2a2, Ap2b1, Ap2m1, Ap2s1, Ap3b1, Ap3b2, Ap3d1, Ap3m1, Ap3m2, Ap3s1, Ap3s2, Ap4b1, Ap4e1, Ap4m1, Ap4s1, Ap5b1, Ap5m1, Ap5s1, Ap5z1, Apba1, Apc, Apob, Apobec1, Apod, App, Appbp2, Appl1, Appl2, Aqp1, Aqp3, Aqp4, Arc, Arcn1, Arf1, Arf2, Arf3, Arf4, Arf5, Arf6, Arfgap2, Arfgap3, Arfip1, Arfip2, Arfrp1, Arhgap1, Arhgap21, Arhgap33os, Arhgap44, Arhgap8, Arhgdia, Arhgef2, Arl1, Arl11, Arl14, Arl3, Arl4a, Arl4c, Arl4d, Arl5a, Arl5b, Arl5c, Arl6, Arl8a, Arl8b, Armcx3, Arpc3, Arrb1, Arv1, Asic1, Asic2, Asic3, Asph, Aspscr1, Atad1, Atf2, Atg14, Atg16l1, Atg5, Atg7, Atm, Atp13a2, Atp1a4, Atp2a1, Atp2a2, Atp2a3, Atp2b2, Atp6ap1, Atp6ap2, Atp6v0a1, Atp6v0a4, Atp6v0c, Atp6v0d1, Atp6v0d2, Atp6v0e2, Atp6v1a, Atp6v1b1, Atp6v1b2, Atp6v1c1, Atp6v1d, Atp6v1e1, Atp6v1f, Atp6v1g1, Atp6v1g2, Atp6v1g3, Atp6v1h, Atp7a, Atp7b, Atp8a1, Atp8b3, Atp9a, Atxn1, Aup1, Aurkb, Axin1, Axl, B3gat3, Bach2, Bad, Bag3, Baiap3, Bak1, Bard1, Bax, Bbs1, Bbs12, Bbs5, Bbs7, BC048507, Bcap29, Bcap31, Bccip, Bcl2, Bcl2l1, Bcl3, Bcr, Bcs1l, Becn1, Becn2, Best1, Bet1, Bet1l, Bglap, Bglap2, Bhlha15, Bicd1, Bicd2, Bicdl1, Bicdl2, Bin1, Birc5, Bloc1s1, Bloc1s2, Bloc1s3, Bloc1s4, Bloc1s5, Bloc1s6, Bltp1, Bltp3b, Bmal1, Bmp4, Borcs5, Borcs6, Borcs7, Borcs8, Braf, Brca1, Brca2, Brsk1, Brsk2, Bsn, Btbd8, Btbd9, Btk, Bub3, C1qtnf12, C2cd2l, C2cd5, C9orf72, Cabp1, Cacna1a, Cacna1b, Cacna1c, Cacna1d, Cacna1e, Cacnb4, Cacng1, Cacng2, Cacng3, Cacng4, Cacng5, Cacng7, Cacng8, Cadps, Cadps2, Calm1, Calm2, Calm3, Calr, Caly, Camk1, Camk2a, Camk2n1, Camk4, Camsap3, Canx, Capn10, Capn2, Casc3, Cask, Casp3, Catsper3, Catsper4, Cav1, Cav3, Cbl, Cblb, Cbln1, Ccdc186, Ccdc22, Ccdc38, Ccdc39, Ccdc88a, Ccdc88b, Ccdc88c, Ccdc91, Ccdc93, Cchcr1, Ccl3, Ccnb1, Ccnb1-ps, Ccr2, Cd160, Cd177, Cd24a, Cd300a, Cd36, Cd63, Cd74, Cd81, Cd84, Cdan1, Cdc23, Cdc42, Cdc42bpa, Cdca5, Cdca8, Cdh1, Cdh2, Cdh3, Cdk1, Cdk16, Cdk5, Cdk5r1, Cdk5rap2, Cdkn1a, Cdkn1b, Cdkn2a, Cdt1, Cdx2, Ceacam1, Cenpa, Cenpc1, Cenpe, Cenpf, Cenpq, Cep120, Cep131, Cep19, Cep290, Cep63, Cep83, Cert1, Cfap221, Cfap43, Cfap53, Cfap54, Cfl1, Cftr, Champ1, Chchd4, Chga, Chm, Chml, Chmp1a, Chmp1b, Chmp1b2, Chmp2a, Chmp2b, Chmp3, Chmp4b, Chmp4c, Chmp5, Chmp6, Chmp7, Chp1, Chp2, Chrm1, Chrna3, Chrna7, Chrnb2, Chtop, Cideb, Cilk1, Cited1, Clasp1, Clasp2, Clba1, Clcn3, Clec16a, Clip1, Clip3, Clmn, Cln3, Cln5, Cln8, Clnk, Clta, Cltb, Cltc, Cltrn, Clu, Cluap1, Cmtm6, Cnih2, Cnih4, Cnn2, Cntn2, Cog3, Cog7, Commd1, Copa, Copb1, Copb2, Cope, Copg1, Copg2, Cops5, Copz1, Copz2, Coro1a, Coro1c, Coro7, Cox18, Cplx1, Cplx2, Cplx3, Cplx4, Cpsf6, Cracr2a, Creb3l2, Crh, Crhr1, Crhr2, Crocc, Cry2, Cryaa, Cryab, Cse1l, Cspg5, Ctbp1, Ctbp2, Ctdspl2, Ctnnb1, Cttn, Cubn, Cul3, Cwh43, Cxadr, Cyba, Cyfip1, Cysltr1, D6Wsu163e, Dab2, Daw1, Dbn1, Dctn1, Dctn2, Ddc, Ddx19a, Ddx19b, Ddx25, Ddx39a, Ddx39b, Ddx5, Dennd10, Dennd1a, Dennd1b, Dennd1c, Dennd2a, Dennd3, Dennd5a, Derl1, Derl2, Derl3, Desi1, Dgki, Dgkq, Dhx9, Diaph1, Diaph3, Dipk2a, Dlg1, Dlg2, Dmap1, Dnaaf11, Dnaaf2, Dnaaf4, Dnah5, Dnah9, Dnajc13, Dnajc27, Dnajc5, Dnajc6, Dnm1, Dnm1l, Dnm2, Dnm3, Doc2a, Doc2b, Doc2g, Dock7, Dop1a, Dop1b, Dpcd, Dpp6, Dpy30, Dpysl2, Drd1, Drd2, Drd3, Drd4, Dsn1, Dst, Dtnbp1, Dtx3l, Dvl1, Dync1h1, Dync1i1, Dync1i2, Dync1li1, Dync2h1, Dync2i1, Dync2i2, Dync2li1, Dynll1, Dynlt1b, Dynlt2b, Dyrk1a, Dzip1, E2f3, Ect2, Edem1, Edem2, Edn3, Efcab7, Efna5, Efnb2, Efr3a, Egr2, Ehd1, Ehd2, Ehd3, Ehd4, Ei24, Eif2ak1, Eif3e, Eif4a3, Eif4e, Eif4enif1, Eif6, Eipr1, Elavl1, Emd, Eml3, Eml4, Emp2, Enkd1, Enpp1, Entr1, Eny2, Ep300, Epg5, Epha5, Epm2a, Eps15, Eps15l1, Eqtn, Erc1, Erc2, Erfe, Ergic1, Ergic2, Ergic3, Erlec1, Ero1b, Erp29, Evi5, Exoc1, Exoc2, Exoc3, Exoc4, Exoc5, Exoc6, Exoc6b, Exoc7, Exoc8, Exph5, Ezr, F2rl1, F8a, Fabp3, Faf2, Fam53a, Fam53b, Fam53c, Fam76b, Fam83d, Fam91a1, Fbxl20, Fbxo22, Fbxo45, Fbxw11, Fcer1a, Fcer1g, Fcgr2b, Fcgr4, Fcho2, Fchsd1, Fcrl5, Fermt1, Fes, Fev, Fez1, Fgf10, Fgf14, Fgf9, Fgfr2, Fgr, Fhip1b, Fhod1, Fkbp1b, Flna, Flot2, Fmn2, Fmr1, Fnbp1l, Foxa2, Foxf1, Frat1, Frat2, Fto, Fuz, Fyco1, Fyttd1, Gab2, Gabarapl1, Gak, Gas1, Gas6, Gas8, Gata1, Gata2, Gbf1, Gbp4, Gcc2, Gcg, Gckr, Gdnf, Gem, Get1, Gfap, Gga1, Gga2, Gga3, Ghrhr, Ghrl, Git1, Git2, Gja1, Gle1, Gli3, Glp1r, Gm14461, Gnptab, Golga2, Golt1a, Golt1b, Gosr1, Gp2, Gper1, Gpihbp1, Gpld1, Gpm6b, Gpr143, Gpr151, Gpr158, Gpr15lg, Gpr27, Gpr39, Gpr68, Gprasp1, Gprc6a, Gpsm1, Gpsm2, Gramd1a, Gramd1b, Gramd1c, Grik1, Grik5, Grip1, Grip2, Gripap1, Grk3, Grm8, Grn, Grp, Gsg1l, Gsk3b, H13, Hamp, Hap1, Hcfc1, Hcls1, Hcrt, Hdac3, Hdac6, Heatr3, Heatr5a, Heatr5b, Herpud1, Hgs, Hgsnat, Hhex, Hif1a, Hikeshi, Hip1, Hm629797, Hmgcr, Hmgn3, Hmox1, Hnf4a, Hnrnpa1, Hnrnpa2b1, Hnrnpu, Hook1, Hook2, Hook3, Hpca, Hps1, Hps3, Hps4, Hps5, Hps6, Hrc, Hsbp1, Hsp90aa1, Hsp90ab1, Hsp90b1, Hspa1a, Hspa4, Hspa5, Hspa8, Hspa9, Hspb1, Htatip2, Htr1b, Htr1d, Htr2c, Htr6, Htt, Hyal2, Hyou1, Ica1, Ice1, Ier3, Ier3ip1, Ifi27, Ifng, Ift122, Ift140, Ift172, Ift20, Ift22, Ift25, Ift27, Ift43, Ift46, Ift52, Ift56, Ift57, Ift70a1, Ift70a2, Ift70b, Ift74, Ift80, Ift81, Ift88, Igf2r, Igh-7, Ighe, Ighg2a, Ighm, Igtp, Ikbkg, Il13, Il13ra2, Il33, Il4, Il4ra, Il6, Ildr1, Incenp, Ing1, Inpp4b, Inpp5f, Inppl1, Insc, Insig1, Intu, Ipo11, Ipo13, Ipo4, Ipo5, Ipo7, Ipo8, Ipo9, Iqsec1, Irgm1, Irgm2, Iscu, Itga4, Itgam, Itgb1, Itgb2, Itgb2l, Itgb3, Itsn1, Itsn2, Iws1, Jagn1, Jak2, Jhy, Jup, Kash5, Kat2b, Kat5, Kcnc3, Kcnc4, Kcne2, Kcnh1, Kcnip3, Kcnj10, Kcnj8, Kcnn4, Kcnq2, Kcnq3, Kcnu1, Kel, Khdrbs1, Kif13a, Kif14, Kif16b, Kif17, Kif18a, Kif1a, Kif1b, Kif1c, Kif20b, Kif21a, Kif21b, Kif22, Kif27, Kif28, Kif2a, Kif2b, Kif2c, Kif3a, Kif3b, Kif5a, Kif5b, Kif5c, Kifap3, Kifbp, Kifc1, Kifc2, Kifc5b, Kit, Klc1, Klc2, Klc3, Klf7, Klhl12, Klhl20, Kmo, Knl1, Knstrn, Kpna1, Kpna2, Kpna2rt, Kpna3, Kpna4, Kpna6, Kpna7, Kpnb1, Kxd1, Lamp1, Lamp2, Lamtor1, Laptm4b, Laptm5, Large1, Lat, Lat2, Lca5, Lca5l, Lcn2, Lcp1, Ldlr, Ldlrap1, Lep, Lepr, Leprot, Leprotl1, Lgals9, Lhcgr, Limk2, Lin7a, Lin7b, Lin7c, Lipa, Llgl1, Llgl2, Lman1, Lman1l, Lman2, Lman2l, Lmf1, Lmna, Lmnb1, Lmnb2, Lmtk2, Lmx1b, Lonp2, Lpar1, Lrba, Lrp1, Lrp2, Lrp5, Lrp6, Lrrc52, Lrrc7, Lrrk2, Lrrtm1, Lsg1, Ltv1, Lyn, Lypd10, Lypd11, Lyset, Lyst, Lzts2, M6pr, Mad1l1, Mad2l1, Madd, Magel2, Magi2, Magoh, Magohb, Maip1, Majin, Mak, Malt1, Map1a, Map1b, Map1lc3b, Map1s, Map2, Map2k1, Map2k2, Map4, Map4k2, Map4k4, Map6, Map6d1, Mapk1, Mapk14, Mapk15, Mapk3, Mapk8, Mapk8ip3, Mapre1, Mapt, Marcks, Mavs, Mcm3ap, Mcoln1, Mcph1, Mctp1, Mctp2, Mdfic, Mdm2, Mdn1, Mecp2, Med1, Mef2c, Mei1, Meioc, Mertk, Met, Mex3b, Mexis, Mff, Mfsd1, Mgarp, Mgrn1, Mia2, Mia3, Micall1, Micall2, Micu3, Milr1, Mir130a, Mir200a, Mir410, Mis12, Misp, Mkks, Mlc1, Mlh1, Mlph, Mlx, Mlxip, Mmp12, Moap1, Mon1a, Mon1b, Mon2, Mos, Mpc2, Mpdz, Mppe1, Mreg, Mrgprb1, Mrgprx2, Mrln, Ms4a2, Msn, Msr1, Mtch1, Mtch2, Mtm1, Mtmr2, Mtmr4, Mttp, Mup1, Mup11, Mup2, Mup3, Mup4, Mup5, Mvb12a, Mx2, Myh10, Myh9, Mylk2, Myo10, Myo19, Myo1c, Myo1d, Myo1f, Myo1g, Myo5a, Myo5b, Myo5c, Myo6, Myo7a, Myrip, Myt1, Nadk, Naglu, Napa, Napb, Napg, Nat8l, Ncbp1, Ncbp2, Ncbp3, Ncdn, Nckap1l, Ncoa4, Ncoa6, Ncs1, Ndc1, Ndc80, Nde1, Ndel1, Ndfip1, Ndp, Ndrg4, Ndufa13, Ndufaf2, Necap1, Nectin2, Nedd4, Nedd4l, Nefh, Nefl, Nefm, Nek2, Nemf, Neto1, Neurod1, Nf1, Nf2, Nfatc3, Nfkbia, Ngf, Ngfr, Nherf1, Nkg7, Nlgn1, Nlgn2, Nlgn3, Nlrp5, Nmd3, Nme5, Nme7, Nnat, Nod2, Nol6, Nolc1, Nop9, Nos1, Nos3, Notch1, Npc1, Npc2, Nploc4, Npm1, Nppa, Nppc, Npy, Npy1r, Nr1d1, Nr1h4, Nr4a1, Nr4a3, Nrbp1, Nrde2, Nrg1, Nrxn1, Nrxn2, Nrxn3, Nsf, Nsfl1c, Nsg1, Nsg2, Nsl1, Nsun2, Ntn1, Ntrk2, Nudc, Nuf2, Numa1, Numb, Nup107, Nup133, Nup153, Nup155, Nup160, Nup188, Nup210, Nup214, Nup35, Nup37, Nup42, Nup43, Nup50, Nup50l, Nup54, Nup58, Nup62, Nup62cl, Nup85, Nup88, Nup93, Nup98, Nus1, Nusap1, Nutf2, Nutf2-ps1, Nutf2-ps2, Nxf1, Nxf2, Nxf3, Nxf7, Nxt1, Nxt2, Oaz1, Oaz2, Oaz3, Ooep, Ophn1, Orai1, Os9, Osbp, Osbpl2, Otof, Oxa1l, Oxct1, P2rx1, P2rx2, P2rx3, P2rx7, P2ry1, P2ry12, P2ry2, P2ry4, P4hb, Pabpn1, Pacsin1, Pafah1b1, Pak1, Pard3, Pard3b, Park7, Pax6, Pcdh17, Pcdhga3, Pcid2, Pclo, Pcm1, Pcnt, Pcsk9, Pdcd10, Pdcd5, Pdcd5-ps, Pdcd6, Pdcd6ip, Pde1c, Pde3b, Pde4c, Pde8b, Pdpk1, Pdx1, Pdzd11, Pdzd7, Pef1, Peg12, Per2, Pex1, Pex10, Pex12, Pex13, Pex14, Pex16, Pex19, Pex2, Pex26, Pex3, Pex5, Pex5l, Pex6, Pex7, Pfn2, Pgap1, Phax, Phb2, Pheta1, Pheta2, Phip, Pi4k2a, Pibf1, Picalm, Pick1, Pik3c3, Pik3r1, Pik3r2, Pik3r4, Pikfyve, Pim3, Pink1, Pinx1, Pip4k2a, Pip5k1c, Piwil4, Pkd1, Pkd2, Pkhd1, Pkia, Pkig, Pla2g3, Pla2g4a, Pla2g4e, Pla2g6, Plaa, Pld1, Pld2, Pld4, Plek, Plekha3, Plekha8, Plekhf1, Plekhf2, Plekhj1, Plekhm1, Plekhm2, Plk1, Plk3, Pln, Pls3, Pmf1, Pml, Pnkd, Pola2, Poldip3, Pom121, Pom121l2, Pon3, Popdc1, Ppard, Ppfia2, Ppfia3, Ppm1a, Ppp1cc, Ppp1r12a, Ppp1r9a, Ppp3ca, Ppp3cb, Ppp3cc, Ppp3r1, Ppt1, Pram1, Preb, Prepl, Prickle1, Prima1, Prkaca, Prkag1, Prkar1b, Prkca, Prkcb, Prkcd, Prkce, Prkcg, Prkcq, Prkcz, Prkd1, Prkn, Prpf4b, Prr5l, Prrt2, Psap, Psen1, Psrc1, Ptafr, Pten, Ptgdr, Ptgds, Ptger4, Ptgs2, Ptk2, Ptpmt1, Ptpn1, Ptpn11, Ptpn14, Ptpn22, Ptpn23, Ptpn5, Ptprn, Ptprn2, Pttg1ip, Pttg1ip2, Pura, Rab10, Rab11a, Rab11b, Rab11fip2, Rab11fip3, Rab11fip4, Rab11fip5, Rab12, Rab13, Rab14, Rab17, Rab18, Rab19, Rab1a, Rab1b, Rab20, Rab21, Rab22a, Rab23, Rab24, Rab27a, Rab27b, Rab28, Rab29, Rab2a, Rab31, Rab32, Rab34, Rab35, Rab38, Rab3a, Rab3b, Rab3gap1, Rab43, Rab44, Rab4b, Rab5a, Rab5b, Rab5c, Rab6a, Rab6b, Rab7, Rab7b, Rab8a, Rab8b, Rab9, Rab9b, Rabep1, Rabgef1, Rabggta, Rabggtb, Rabl2, Rabl3, Rac1, Rac2, Racgap1, Rad21l, Rae1, Raf1, Rala, Ramp1, Ramp2, Ramp3, Ran, Ranbp1, Ranbp17, Ranbp2, Ranbp3, Ranbp3l, Ranbp6, Rangap1, Rangrf, Rap1a, Rap1b, Rap1gap, Rapgef3, Rapgef4, Rasgrp1, Rasl2-9, Rassf9, Rb1, Rbm10, Rbm15b, Rbm22, Rbm33, Rbm4, Rbm8a, Rbsn, Rcc2, Rcsd1, Rdx, Reep1, Reep2, Reep6, Relch, Reps1, Reps2, Rffl, Rftn1, Rfx6, Rgp1, Rgs14, Rhbdd1, Rhob, Rhobtb3, Rhot1, Rhot2, Ric1, Rilp, Rilpl1, Rilpl2, Rimbp2, Rims1, Rims2, Rims3, Rims4, Rint1, Riok2, Ripor1, Rita1, Rnf126, Rnf139, Rnf216, Rnf220, Rock1, Romo1, Rpain, Rpgr, Rph3a, Rph3al, Rps15, Rrs1, Rsph4a, Rsrc1, Rtn2, Rufy1, Rufy3, Ryr2, Samm50, Sapcd2, Sar1a, Sar1b, Sarnp, Scamp1, Scamp3, Scamp5, Scap, Scarb2, Scfd1, Scfd2, Scg5, Scn10a, Scn11a, Scn1a, Scn4b, Scp2, Scrib, Scrn1, Scyl2, Sdad1, Sdc1, Sdc4, Sdcbp, Sec13, Sec16a, Sec16b, Sec22a, Sec22b, Sec22c, Sec23a, Sec23b, Sec24a, Sec24b, Sec24c, Sec24d, Sec31a, Sec31b, Sec61a1, Sec61a2, Sec61b, Sec61bl, Sec61g, Sec62, Sec63, Seh1l, Sel1l, Selenok, Selenos, Selenot, Sem1, Septin1, Septin5, Septin8, Serac1, Setd2, Sfn, Sfpq, Sgip1, Sgo1, Sgpp1, Sgsm2, Sh2b2, Sh3gl1, Sh3gl2, Sh3gl3, Sh3glb1, Sh3glb2, Sh3tc2, Shh, Shroom2, Sidt2, Siglech, Sirpb1a, Sirt1, Sirt2, Sirt6, Sirt7, Six2, Six3, Ska1, Ska2, Ska3, Slc10a4, Slc11a1, Slc11a2, Slc14a1, Slc17a5, Slc17a6, Slc17a7, Slc17a8, Slc17a9, Slc18a1, Slc18a2, Slc18a3, Slc18b1, Slc1a2, Slc1a6, Slc22a1, Slc22a2, Slc22a3, Slc22a5, Slc24a2, Slc25a46, Slc26a6, Slc27a4, Slc27a5, Slc29a4, Slc2a2, Slc2a4, Slc30a1, Slc30a2, Slc30a3, Slc30a4, Slc30a6, Slc31a1, Slc32a1, Slc35d3, Slc38a2, Slc39a14, Slc39a8, Slc40a1, Slc48a1, Slc4a4, Slc4a8, Slc51b, Slc66a2, Slc6a1, Slc6a2, Slc6a4, Slc6a5, Slc6a9, Slc7a2, Slc9a6, Slc9b2, Slit1, Slu7, Smo, Smpd3, Smurf1, Snap23, Snap25, Snap29, Snap47, Snap91, Snapin, Snca, Sncaip, Sncb, Sncg, Snf8, Snhg15, Snord60, Snupn, Snx1, Snx10, Snx11, Snx12, Snx13, Snx16, Snx17, Snx18, Snx19, Snx2, Snx27, Snx3, Snx30, Snx31, Snx32, Snx33, Snx4, Snx5, Snx6, Snx7, Snx8, Snx9, Sod1, Sorcs2, Sorl1, Sort1, Sp100, Spag17, Spag5, Spag6l, Spag9, Spast, Spc24, Spc25, Spdl1, Spdya, Spef2, Spg11, Spg7, Sphk1, Sphk2, Spi1, Spice1, Spire1, Spire2, Spo11, Sprn, Spry1, Spry2, Sptbn2, Sptbn5, Sqstm1, Src, Sri, Srp54a, Srp54c, Srpra, Srsf10, Srsf3, Ssb, Ssna1, Ssx2ip, Stam, Star, Stard3, Stard3nl, Stard4, Stat3, Stau1, Stau2, Stbd1, Steap2, Steap3, Steap4, Steep1, Stim1, Stk11, Stk25, Stk3, Stk4, Ston1, Ston2, Stra6, Stra6l, Strada, Stradb, Strit1, Stx11, Stx12, Stx16, Stx17, Stx18, Stx19, Stx1a, Stx1b, Stx2, Stx3, Stx4a, Stx5a, Stx6, Stx7, Stx8, Stxbp1, Stxbp2, Stxbp3, Stxbp4, Stxbp5, Stxbp5l, Sumo1, Sun1, Sun2, Supt6, Surf4, Susd4, Sv2a, Sv2b, Sv2c, Svip, Sybu, Syde1, Syk, Syn1, Syn2, Syn3, Syndig1, Syne1, Syne2, Syne3, Syngr3, Synj1, Synj2, Syp, Sys1, Syt1, Syt10, Syt11, Syt12, Syt13, Syt17, Syt2, Syt4, Syt5, Syt6, Syt7, Syt8, Syt9, Sytl1, Sytl2, Sytl3, Sytl4, Sytl5, Syvn1, Tac4, Tacc1, Tacc2, Tacc3, Tacr2, Tamalin, Tanc2, Tap1, Tap2, Tardbp, Tbc1d1, Tbc1d10a, Tbc1d10b, Tbc1d10c, Tbc1d13, Tbc1d14, Tbc1d17, Tbc1d20, Tbc1d23, Tbc1d24, Tbc1d5, Tcf7l2, Tcirg1, Tecpr2, Tek, Tenm1, Terb1, Terb2, Terf1, Terf2, Tesk1, Tex14, Tex261, Tff2, Tfg, Tfr2, Tgfb1, Tgfbrap1, Th, Thoc1, Thoc2, Thoc2l, Thoc3, Thoc5, Thoc6, Thoc7, Tiam1, Timm10, Timm13, Timm22, Timm23, Timm29, Timm44, Timm9, Tle6, Tlk1, Tm9sf4, Tmcc1, Tmco6, Tmed1, Tmed10, Tmed10-ps, Tmed11, Tmed2, Tmed3, Tmed4, Tmed5, Tmed6, Tmed7, Tmed9, Tmem106b, Tmem108, Tmem126a, Tmem129, Tmem167, Tmem201, Tmem230, Tmem30a, Tmem30b, Tmem38b, Tmem41b, Tmem50a, Tmem50b, Tmem53, Tmem87a, Tmem87b, Tmem94, Tmem97, Tnfrsf1a, Tnnc1, Tnnt2, Tnpo1, Tnpo2, Tnpo3, Tom1, Tomm20, Tomm20l, Tomm22, Tomm40, Tomm70a, Tor1a, Tpcn2, Tph1, Tpr, Tprg1l, Traf3ip1, Traf3ip2, Trak1, Trak2, Tram1, Tram1l1, Tram2, Trappc1, Trappc10, Trappc11, Trappc12, Trappc13, Trappc2, Trappc2b, Trappc2l, Trappc3, Trappc3l, Trappc4, Trappc5, Trappc6a, Trappc6b, Trappc9, Trarg1, Trdn, Trim23, Trim27, Trim28, Trim37, Trim46, Trim58, Trim9, Trip11, Trmt10b, Trp53, Trpa1, Trpm4, Trpm5, Tsc1, Tsc2, Tsg101, Tspan18, Tspan7, Tspo2, Tspoap1, Ttc21a, Ttc21b, Ttk, Ttl, Tub, Tuba1a, Tunar, Txn1, Txnip, Tyro3, Uaca, Ubac2, Ubb, Ube2b, Ube2g2, Ube2i, Ube2j1, Ube2o, Ubr5, Ubxn2b, Ubxn6, Uchl1, Ucp2, Uevld, Ufd1, Ufm1, Uhmk1, Ulk1, Ulk4, Umod, Unc13a, Unc13b, Unc13c, Unc13d, Unc93b1, Use1, Ush2a, Uso1, Usp46, Usp7, Usp9x, Vac14, Vamp1, Vamp2, Vamp3, Vamp4, Vamp7, Vamp8, Vapa, Vapb, Vcp, Vipas39, Vps11, Vps13a, Vps13b, Vps13c, Vps13d, Vps16, Vps18, Vps25, Vps26a, Vps26b, Vps26c, Vps28, Vps29, Vps33a, Vps33b, Vps35, Vps35l, Vps36, Vps37a, Vps37b, Vps37c, Vps37d, Vps39, Vps41, Vps45, Vps4a, Vps4b, Vps50, Vps51, Vps52, Vps53, Vps54, Vps8, Vsnl1, Vta1, Vti1a, Vti1b, Was, Wasf1, Washc1, Washc2, Washc3, Washc4, Washc5, Wasl, Wdpcp, Wdr11, Wdr19, Wdr35, Wdr81, Wdr91, Whamm, Whrn, Wipf1, Wipf3, Wipi1, Wls, Wnk1, Wnt7a, Xbp1, Xcl1, Xkr8, Xpo1, Xpo4, Xpo5, Xpo6, Xpo7, Xpot, Yif1a, Yif1b, Yipf4, Yipf5, Yipf6, Yipf7, Ykt6, Yod1, Ythdc1, Ywhae, Ywhah, Ywhaz, Zbed3, Zbed6, Zc3h11a, Zc3h12a, Zdhhc2, Zfand1, Zfand2b, Zfp207, Zfp384, Zfp469, Zfyve16, Zfyve9, Zic1, Zmpste24, Zpr1, Zw10, Zwint
GO:1902889	protein localization to spindle microtubule	2	2	0.03	0.00021	0.03343546391752577	Hnrnpu, Mapre1
GO:0141124	intracellular signaling cassette	1931	48	28.13	0.00022	0.034670204081632655	3425401B19Rik, 4930544G11Rik, Abca1, Abca7, Abcc9, Abi2, Abl1, Abl2, Abra, Ace2, Ackr2, Ackr3, Ackr4, Acta2, Actn3, Actn4, Acvr1, Acvr2a, Acvrl1, Ada, Adam17, Adam8, Adam9, Adcy2, Adcy8, Adcyap1, Adcyap1r1, Adgrb2, Adgrg1, Adgrg3, Adgrg6, Adgrv1, Adipoq, Adipor1, Adissp, Adm, Adnp, Adora1, Adora2b, Adora3, Adra1a, Adra1b, Adra1d, Adra2a, Adra2b, Adra2c, Adrb1, Adrb2, Adrb3, Agap2, Ager, Ago1, Ago3, Agr2, Agrn, Agt, Agtr1a, Agtr1b, Agtr2, Ahr, Aida, Aif1, Aim2, Ajuba, Akap12, Akap13, Akap5, Akap6, Akip1, Akr1c18, Akt1, Akt2, Akt3, Alkal1, Alkal2, Alms1, Alox12b, Alox15, Alpk1, Als2, Ambra1, Amfr, Amh, Amot, Angpt1, Ank2, Ank3, Ankrd1, Ankrd17, Ankrd26, Ankrd6, Apc, Apela, Apip, Aplnr, Apoa1, Apoc3, Apoe, App, Aqp1, Ar, Araf, Arf6, Arfgap1, Arfgef1, Arfgef2, Arfgef3, Arhgap1, Arhgap12, Arhgap15, Arhgap17, Arhgap18, Arhgap19, Arhgap20, Arhgap22, Arhgap24, Arhgap25, Arhgap27, Arhgap28, Arhgap29, Arhgap30, Arhgap31, Arhgap32, Arhgap33, Arhgap35, Arhgap40, Arhgap42, Arhgap44, Arhgap45, Arhgap5, Arhgap8, Arhgap9, Arhgdia, Arhgdib, Arhgdig, Arhgef11, Arhgef12, Arhgef18, Arhgef2, Arhgef28, Arhgef3, Arhgef5, Arhgef7, Arhgef9, Arl3, Arl6, Arl6ip5, Arrb1, Arrb2, Asb15, Asb3, Ash1l, Atad3a, Atf1, Atf2, Atf3, Atf4, Atf7, Atg14, Atoh8, Atp1a3, Atp1b1, Atp2a2, Atp2b4, Atp2c1, Atp6ap2, Atp6v0c, Auts2, Avp, Avpi1, Avpr1a, Avpr1b, Axin1, Axl, Azi2, Bag4, Baiap2, Bank1, BC028528, Bcar3, Bcl10, Bcl3, Bcl6, Bcr, Becn1, Bhlha15, Birc2, Birc3, Birc7, Bmp10, Bmp2, Bmp4, Bmp5, Bmp6, Bmp7, Bmper, Bmpr1a, Bmpr2, Bmyc, Bnip1, Bnip2, Bok, Braf, Brap, Brd4, Brk1, Bst1, Btbd10, Btn2a2, Btrc, C1qbp, C1ql4, C1qtnf1, C1qtnf12, C1qtnf2, C1qtnf3, C1qtnf4, C3, C3ar1, C5ar1, Cabyr, Cacna1c, Cacna1d, Cactin, Cadm4, Calcr, Calm1, Calm2, Calm3, Calr, Camk2d, Camkk2, Camta1, Cap1, Cap2, Capn1, Capn3, Car8, Card10, Card11, Card14, Card6, Card9, Cartpt, Casp1, Casp8, Casq1, Casq2, Casr, Cass4, Cat, Cav1, Cav2, Cav3, Cavin3, Cavin4, Cbl, Cblc, Cbs, Ccdc125, Ccdc22, Ccdc88a, Ccdc88c, Cckbr, Ccl11, Ccl19, Ccl19-ps1, Ccl19-ps3, Ccl19-ps4, Ccl19-ps5, Ccl19-ps6, Ccl20, Ccl21a, Ccl21b, Ccl21d, Ccl21e, Ccl21f, Ccl3, Ccl5, Ccn1, Ccn2, Ccn3, Ccna2, Ccnq, Ccr1, Ccr10, Ccr1l1, Ccr2, Ccr3, Ccr4, Ccr5, Ccr6, Ccr7, Ccr8, Ccr9, Ccrl2, Cd160, Cd19, Cd22, Cd24a, Cd27, Cd28, Cd2ap, Cd300a, Cd36, Cd3e, Cd4, Cd40, Cd40lg, Cd44, Cd74, Cd81, Cd84, Cd86, Cd8a, Cdc34, Cdc34b, Cdc42, Cdc42bpa, Cdc42ep1, Cdc42ep2, Cdc42ep3, Cdc42ep4, Cdc42ep5, Cdc42se1, Cdc42se2, Cdh13, Cdh2, Cdk10, Cdk2, Cdk5rap3, Cdkn1a, Cdon, Ceacam1, Ceacam2, Celsr1, Cep55, Cflar, Cgas, Cgnl1, Cherp, Chga, Chi3l1, Chm, Chml, Chn1, Chp1, Chp2, Chrm3, Chrna10, Chrna7, Chrna9, Chuk, Cib1, Cilp, Cited1, Clcf1, Clec4d, Clec4n, Clec7a, Cmklr1, Cmya5, Cnksr1, Cnksr3, Cntf, Cntnap2, Col1a2, Col3a1, Col6a1, Col6a2, Col6a3, Cops5, Cops8, Cpne1, Cracr2a, Creb1, Crebbp, Crh, Crhr1, Crhr2, Cripto, Crk, Crkl, Crnn, Cryab, Cryba1, Csf1, Csf1r, Csf3, Csk, Csnk1a1, Csnk2b, Cspg4, Csrp3, Cth, Ctnnal1, Ctnnb1, Ctsh, Cul1, Cul3, Cx3cl1, Cx3cr1, Cxcl12, Cxcl17, Cxcr1, Cxcr2, Cxcr3, Cxcr4, Cxcr5, Cxcr6, Cyfip1, Cyld, Cyp19a1, Cyrib, Cysltr2, Cyth1, Cyth2, Cyth3, Cyth4, D130043K22Rik, D1Pas1, Dab1, Dab2, Dab2ip, Dact1, Dag1, Daxx, Dbndd2, Dbnl, Dcc, Dcn, Ddit3, Ddr1, Ddr2, Ddrgk1, Ddx1, Ddx21, Ddx3x, Defb1, Defb25, Defb37, Dele1, Dennd1a, Dennd2b, Dennd3, Dennd4a, Dennd4b, Dennd4c, Dgkd, Dgkg, Dgki, Dgkq, Dgkz, Dhcr24, Dhx15, Dhx33, Dhx36, Dipk2a, Dixdc1, Dkk1, Dlc1, Dlg1, Dmd, Dmpk, Dnaja1, Dnaja3, Dnajc27, Dnm2, Dock1, Dock10, Dock11, Dock2, Dock3, Dock4, Dock5, Dock6, Dock7, Dock8, Dock9, Dok1, Dok2, Dok3, Dok4, Dok5, Dok7, Drd1, Drd2, Drd3, Drd4, Drd5, Dsc2, Dsg3, Dstyk, Dusp1, Dusp10, Dusp13b, Dusp15, Dusp16, Dusp19, Dusp2, Dusp22, Dusp26, Dusp29, Dusp3, Dusp4, Dusp5, Dusp6, Dusp7, Dusp8, Dusp9, Dvl2, Dvl3, Dynlt1a, Dynlt1b, Dynlt1c, Dynlt1f, Dyrk1a, Dyrk2, E130311K13Rik, Ece1, Eda, Eda2r, Edar, Edaradd, Edn1, Edn2, Edn3, Ednra, Ednrb, Efhb, Efna1, Egf, Egfr, Egln1, Eid2, Eif2ak1, Eif2ak2, Eif2ak3, Eif2ak4, Eif2s1, Eif3a, Elmo1, Emilin1, Eng, Ep300, Epgn, Epha2, Epha4, Epha5, Epha7, Epha8, Ephb1, Ephb2, Epo, Epor, Eps8, Eps8l1, Eps8l2, Eps8l3, Eras, Erbb2, Erbb3, Erbb4, Erc1, Ercc6, Erfe, Ern1, Ern2, Erp29, Errfi1, Esr1, Esr2, Exoc4, Extl3, Ezh2, Ezr, F11r, F2, F2r, F2rl1, Fadd, Faim, Fam110c, Fam3c, Fam83d, Fam89b, Farp1, Farp2, Fas, Fasl, Fbln1, Fbp1, Fbxl2, Fbxo21, Fbxo8, Fbxw11, Fbxw7, Fcer1a, Fcgr2b, Fem1a, Fer, Fermt2, Ffar4, Fga, Fgb, Fgd2, Fgd4, Fgf1, Fgf10, Fgf12, Fgf13, Fgf14, Fgf15, Fgf16, Fgf17, Fgf18, Fgf2, Fgf20, Fgf21, Fgf22, Fgf23, Fgf3, Fgf4, Fgf5, Fgf6, Fgf7, Fgf8, Fgf9, Fgfbp3, Fgfr1, Fgfr2, Fgfr3, Fgfr4, Fgg, Fgr, Fhl2, Fkbp1b, Fkrp, Fktn, Flcn, Flna, Flot1, Flot2, Flt1, Flt4, Fn1, Fnta, Fos, Foxm1, Foxo1, Fpr-rs3, Fpr-rs4, Fpr-rs6, Fpr-rs7, Fpr2, Frmd7, Frs2, Fshr, Fyn, Fzd10, Fzd4, Fzd5, Fzd7, Fzd8, G3bp2, Gab1, Gab2, Gabarap, Gadd45a, Gadd45b, Gadd45g, Gal, Gapdh, Gapdh-ps15, Gapdhrt, Gapdhrt2, Garem1, Garnl3, Garre1, Gas6, Gata3, Gba1, Gbf1, Gbp7, Gcg, Gcn1, Gcnt2, Gdf11, Gdf15, Gdf2, Gdf5, Gdf6, Gdf7, Gdi1, Gdi2, Gfral, Ghrh, Ghrhr, Ghrl, Gip, Gipr, Git1, Git2, Glce, Glipr2, Glp1r, Gm14137, Gm266, Gm527, Gmip, Gna12, Gna13, Gna15, Gnai1, Gnai2, Gpbar1, Gper1, Gpnmb, Gpr101, Gpr183, Gpr3, Gpr37, Gpr37l1, Gpr39, Gpr4, Gpr55, Gpr62, Gprc5b, Gps2, Gpx1, Grap, Grap2, Grb10, Grb2, Grem1, Gria1, Gria3, Grik1, Grik2, Grik3, Grin1, Grin2a, Grin2b, Grin2c, Grin2d, Grm1, Grm2, Grm4, Grm5, Gsdme, Gsk3b, Gsn, Gstp-ps, Gstp1, Gstp2, Gstp3, Guca1a, Guca2b, Gucy1a1, Gucy1a2, Gucy1b1, Gucy1b2, Gucy2d, Gucy2e, Gucy2f, H2-M3, Hacd3, Hand2, Havcr2, Hax1, Hbegf, Hcls1, Hcrtr1, Hcst, Hdac1, Hdac2, Hdac3, Hdac4, Hdac7, Heg1, Hesx1, Hfe, Hgf, Hint1, Hipk2, Hipk3, Hmga1, Hmgb1, Hmgcr, Hmox1, Hnf1a, Homer2, Homer3, Hpca, Hpse, Hras, Hrh4, Hsf1, Hspa5, Hspb1, Htr2a, Htr2b, Htr2c, Htt, Huwe1, Hyal2, Iapp, Icam1, Icmt, Id1, Ifi35, Ift80, Igf1, Igf1r, Igf2, Igfbp3, Igfbp4, Igfbp5, Igfbp6, Igh-7, Ighm, Igtp, Ikbkb, Ikbke, Ikbkg, Il11, Il18, Il18r1, Il1a, Il1b, Il3, Il34, Il6, Il6ra, Ilk, Impact, Inava, Inhba, Inpp4b, Inpp5e, Inpp5f, Inpp5k, Inppl1, Ins1, Ins2, Insl3, Insr, Iqgap1, Iqgap3, Iqsec1, Iqsec2, Iqsec3, Irag1, Irak1, Irak1bp1, Irak2, Irak3, Irak4, Irf1, Irf3, Irgm1, Irgm2, Irs1, Irs2, Irs3, Itch, Itga1, Itga3, Itgal, Itgav, Itgb1, Itgb1bp1, Itgb3, Itpkb, Itpr1, Itpr2, Itpr3, Itsn1, Jak2, Jcad, Jmjd8, Jpt2, Jun, Kank1, Kank2, Kars1, Kbtbd2, Kbtbd6, Kbtbd7, Kcnc2, Kcnj11, Kcnj8, Kcnn4, Kctd10, Kctd13, Kdr, Kif14, Kiss1, Kiss1r, Kit, Kitl, Kl, Klb, Klf4, Klhdc10, Klhl31, Klk1b4, Klrh1, Kndc1, Kras, Ksr1, Ksr2, L1cam, Lamtor1, Lamtor2, Lamtor3, Lamtor5, Laptm5, Lat, Lat2, Lax1, Lbh, Ldlrad4, Lemd2, Lep, Lepr, Lgals9, Lhcgr, Lif, Lilra5, Lilrb4a, Lilrb4b, Lime1, Lims1, Lin28a, Lingo1, Lipa, Litaf, Lmcd1, Lmnb1, Lmo3, Lox, Lpar1, Lpar2, Lpar3, Lrp1, Lrp2, Lrp4, Lrrc19, Lrrk2, Lta, Ltb, Ltbr, Ltf, Ltk, Lurap1, Lurap1l, Lyn, Lztr1, Madd, Maged1, Magi2, Magi3, Malt1, Map1lc3a, Map2k1, Map2k2, Map2k3, Map2k4, Map2k5, Map2k6, Map2k7, Map3k1, Map3k10, Map3k11, Map3k12, Map3k13, Map3k14, Map3k15, Map3k2, Map3k20, Map3k21, Map3k3, Map3k4, Map3k5, Map3k6, Map3k7, Map3k8, Map3k9, Map4k1, Map4k2, Map4k3, Map4k4, Map4k5, Mapk1, Mapk10, Mapk11, Mapk12, Mapk13, Mapk14, Mapk15, Mapk3, Mapk4, Mapk6, Mapk7, Mapk8, Mapk8ip1, Mapk8ip2, Mapk8ip3, Mapk9, Mapkap1, Mapkapk2, Mapkapk5, Mapkbp1, Mapre2, Mapt, Marco, Marveld3, Mas1, Maz, Mbip, Mbp, Mc1r, Mcf2l, Mcoln1, Mcu, Mdfi, Mdfic, Mdfic2, Mecom, Mef2a, Mef2c, Meis3, Men1, Mertk, Met, Mfhas1, Mfn2, Mgrn1, Mid1, Mid2, Mif, Mink1, Mir130a, Mir143, Mir181c, Mir181d, Mir185, Mir1a-1, Mir1a-2, Mir205, Mir25, Mir290a, Mir382, Mir423, Mir494, Mir504, Mir7-1, Mir7-2, Mir744, Mkrn2, Mmd2, Mmp3, Mos, Mras, Mst1r, Mstn, Mt1, Mt2, Mt3, Mtdh, Mtm1, Mtnr1b, Mtor, Mturn, Muc20, Mul1, Mup1, Mup11, Mup2, Mup3, Mup4, Mup5, Musk, Myc, Myd88, Mydgf, Myh7b, Myh9, Mylk2, Myo16, Myo18a, Myo9b, Myoc, Myorg, Myoz1, Myoz2, Naip1, Naip2, Naip5, Naip6, Naip7, Nbr1, Ncald, Ncam1, Nck1, Nck2, Nckap1, Ncor1, Ncs1, Ndnf, Ndp, Ndrg2, Ndrg4, Ndst1, Ndufc2, Necab2, Nedd4, Negr1, Nek10, Nelfe, Nenf, Net1, Neurod2, Nf1, Nf2, Nfam1, Nfat5, Nfatc1, Nfatc2, Nfatc3, Nfatc4, Nfe2l2, Nfix, Nfkb1, Nfkb2, Nfkbia, Nfkbib, Nfkbid, Nfkbil1, Ngf, Ngfr, Nherf1, Nherf2, Nherf4, Nisch, Nkd1, Nkiras1, Nkiras2, Nkx3-1, Nlk, Nlrc3, Nlrp12, Nlrp3, Nlrp6, Nlrx1, Nmi, Nmnat1, Nmur1, Nod1, Nod2, Nodal, Nog, Nol3, Nop53, Nos1, Nos2, Nos3, Notch1, Notch2, Nox1, Nox4, Npffr2, Nphs1, Npnt, Nppa, Nppb, Nppc, Npr1, Npr2, Npsr1, Nptn, Npy, Npy2r, Npy5r, Nqo2, Nr1d1, Nr1h4, Nr2c2, Nr3c2, Nr5a1, Nr5a2, Nradd, Nras, Nrg1, Nrk, Nron, Nrp1, Nrxn1, Ntf3, Ntn1, Ntrk1, Ntrk2, Ntrk3, Nts, Ntsr2, Nucb1, Nucb2, Nup62, Nup93, Nyap1, Nyap2, Obox4, Obscn, Ogt, Olfm4, Oma1, Ophn1, Oprk1, Oprl1, Oprm1, Optn, Or2at4, Orai1, Osbpl8, Osm, Otud3, Otud7b, Ovol2, Oxtr, P2rx1, P2rx4, P2rx7, P2ry1, P2ry12, P2ry6, Pabpn1, Pafah1b1, Pak1, Pak2, Pak3, Pak4, Pak5, Pak6, Paqr3, Park7, Parp1, Pbk, Pbp2, Pcp4, Pdcd10, Pdcd4, Pdcd6, Pde10a, Pde11a, Pde1a, Pde1b, Pde1c, Pde2a, Pde3a, Pde3b, Pde4a, Pde4b, Pde4c, Pde4d, Pde5a, Pde6a, Pde6b, Pde6c, Pde6g, Pde6h, Pde7a, Pde7b, Pde8a, Pde8b, Pde9a, Pdgfa, Pdgfb, Pdgfc, Pdgfd, Pdgfra, Pdgfrb, Pdk2, Pdpk1, Pdpn, Pea15a, Pea15b-ps, Pear1, Pebp1, Pecam1, Peli1, Peli2, Per1, Pex5l, Phactr4, Phb1, Phb2, Phlda3, Phlpp1, Picalm, Pidd1, Pik3ap1, Pik3c2a, Pik3c2b, Pik3c2g, Pik3c3, Pik3ca, Pik3cb, Pik3cd, Pik3cg, Pik3ip1, Pik3r1, Pik3r2, Pik3r3, Pik3r4, Pik3r5, Pik3r6, Pim2, Pin1, Pin1rt1, Pink1, Pja2, Pkd2, Pkhd1, Pkia, Pla2g2a, Pla2g5, Plaat1, Plcb1, Plcd4, Plce1, Plcg1, Plcg2, Pld2, Plekha1, Plekhg5, Plk2, Plk3, Pln, Plvap, Plxnb1, Pmepa1, Pml, Pomc, Pou4f2, Pp2d1, Ppara, Ppard, Pparg, Ppef2, Ppia, Ppm1a, Ppm1b, Ppm1l, Ppm1n, Ppp1r16b, Ppp1r9a, Ppp1r9b, Ppp2ca, Ppp2cb, Ppp2r1a, Ppp3ca, Ppp3cb, Ppp3cc, Ppp3r1, Ppp3r2, Prag1, Pramel7, Prdm11, Prdm15, Prdx1, Prdx2, Prex2, Prkaa1, Prkaca, Prkar1a, Prkar1b, Prkar2a, Prkar2b, Prkca, Prkcb, Prkcd, Prkce, Prkcz, Prkd1, Prkd2, Prkg1, Prkn, Prl, Prmt1, Prmt5, Prnp, Prok1, Pros1, Prr5, Prr5l, Prxl2c, Psap, Psca, Psd, Psd2, Psd3, Psd4, Psen1, Psmd10, Ptbp1, Pten, Ptgdr2, Ptger3, Ptger4, Pth, Ptk2, Ptk2b, Ptp4a3, Ptpn1, Ptpn11, Ptpn13, Ptpn2, Ptpn22, Ptpn6, Ptprc, Ptprj, Ptprr, Pxn, Pycard, Qars1, Qrich1, Rab12, Rab15, Rab21, Rab30, Rab33a, Rab33b, Rab35, Rab39, Rab39b, Rab3gap1, Rab4a, Rab4b, Rab9, Rab9b, Rabgef1, Rabif, Rabl3, Rac1, Rac2, Rac3, Racgap1, Rack1, Raf1, Rala, Ralb, Ralbp1, Ralgapa1, Ralgapa2, Ralgapb, Ralgds, Ralgps1, Ralgps2, Ramp3, Ranbp9, Rap1a, Rap1b, Rap1gap, Rap1gap2, Rap1gds1, Rap2a, Rap2b, Rap2c, Rapgef1, Rapgef2, Rapgef3, Rapgef4, Rapgef5, Rapgef6, Rapgefl1, Rasa2, Rasa3, Rasa4, Rasal1, Rasal3, Rasd1, Rasd2, Rasgef1a, Rasgef1b, Rasgef1c, Rasgrf1, Rasgrf2, Rasgrp1, Rasgrp2, Rasgrp3, Rasgrp4, Rasip1, Rassf1, Rassf2, Rb1, Rb1cc1, Rbck1, Rbpms, Rbx1, Rbx1-ps, Rc3h1, Rc3h2, Rcan1, Rcan2, Rcan3, Rcn3, Rdx, Reg1, Rel, Rela, Relb, Rell1, Rell2, Reln, Rem1, Ren1, Ren2, Ret, Rfxank, Rgl1, Rgl2, Rgl3, Rgn, Rgs14, Rgs2, Rhbdd3, Rheb, Rhebl1, Rhoa, Rhob, Rhobtb1, Rhobtb2, Rhoc, Rhod, Rhof, Rhog, Rhoh, Rhoj, Rhoq, Rhou, Rhov, Rictor, Rilpl1, Riok3, Ripk1, Ripk2, Ripk3, Ripor1, Ripor2, Rit1, Rit2, Rln1, Rnd1, Rnd2, Rnd3, Rnf13, Rnf149, Rnf31, Rnf41, Robo1, Rock1, Rock2, Ror1, Ror2, Rora, Ros1, Rpap2, Rps23rg1, Rps3, Rps6ka6, Rras, Rras2, Rsu1, Rtkn, Rtkn2, Rtn4, Rtn4r, Rubcn, Rufy1, Rundc3a, Runx2, Rxfp2, Ryk, Ryr1, Ryr2, Ryr3, S100a13, S100a4, S100a7l2, S100b, S2bpcox16, Saa3, Samd14, Sash1, Sbk2, Scai, Scg2, Scimp, Scn11a, Sco1, Sct, Sctr, Sdcbp, Selenok, Selp, Sema3e, Sema4c, Sema4d, Sema5a, Sema6a, Sema7a, Serpina12, Serpine2, Serpinf2, Sesn1, Sesn2, Sesn3, Sfn, Sfrp1, Sfrp2, Sfrp4, Sfrp5, Sgcd, Sgsm3, Sh2b1, Sh2b2, Sh2b3, Sh2d3c, Sh3bp1, Sh3rf1, Sh3rf2, Sh3rf3, Shank3, Sharpin, Shc1, Shoc2, Shtn1, Siglecg, Sipa1, Sipa1l1, Sipa1l2, Sipa1l3, Sirpa, Sirt1, Sirt3, Sirt7, Ski, Sla, Sla2, Slamf1, Slc24a4, Slc30a10, Slc39a8, Slc8a1, Slc8a2, Slc9a1, Slit2, Smad1, Smad2, Smad3, Smad4, Smad5, Smad6, Smad7, Smad9, Smpd1, Smpd3, Snip1, Sod1, Sorbs3, Sos1, Sos2, Sox2, Sox9, Spag9, Spatc1l, Specc1l, Sphk1, Sphk2, Spi1, Spink1, Sppl3, Spred1, Spred2, Spred3, Spry1, Spry2, Spry3, Spry4, Sptbn1, Sqstm1, Src, Srgap1, Sstr4, Ssx2ip, Stambp, Stard13, Stard8, Stat1, Stat3, Stk11, Stk19, Stk25, Stk3, Stk38, Stk39, Stk4, Stk40, Stmn1, Stmn3, Stox1, Stradb, Stub1, Styx, Styx-ps, Styxl2, Syde1, Syde2, Syk, Syngap1, Synj2bp, Synpo2l, Taar1, Tab1, Tab2, Tab3, Tagap, Tank, Taok1, Taok2, Taok3, Tax1bp3, Tbc1d10c, Tbk1, Tbx1, Tbx20, Tcf7l2, Tcim, Tcrb, Tek, Tenm1, Terf2ip, Tff2, Tfrc, Tgfa, Tgfb1, Tgfb2, Tgfb3, Tgfbr1, Tgfbr2, Tgfbr3, Tgm2, Thbs1, Them4, Thpo, Tiam1, Tiam2, Ticam1, Ticam2, Tifa, Tifab, Timp2, Tirap, Tle1, Tlr1, Tlr13, Tlr2, Tlr3, Tlr4, Tlr6, Tlr7, Tlr8, Tlr9, Tmbim1, Tmbim4, Tmed2, Tmem100, Tmem106a, Tmem33, Tmem38a, Tmem38b, Tmsb4x, Tnf, Tnfaip1, Tnfaip3, Tnfaip8l3, Tnfrsf11a, Tnfrsf19, Tnfrsf1a, Tnfsf10, Tnfsf11, Tnfsf14, Tnfsf15, Tnik, Tnip1, Tnip2, Tnip3, Tnk1, Tnni3, Tns3, Tnxb, Tob1, Tox3, Tpbg, Tpbpa, Tpcn1, Tpcn2, Tpd52l1, Tprg1l, Tradd, Traf1, Traf2, Traf3, Traf3ip2, Traf4, Traf5, Traf6, Traf7, Trat1, Trem2, Treml1, Trf, Trib1, Trim12a, Trim12c, Trim13, Trim15, Trim25, Trim26, Trim30a, Trim30b, Trim30c, Trim30d, Trim32, Trim38, Trim39, Trim44, Trim5, Trim52, Trim55, Trim56, Trim59, Trim60, Trim62, Trim67, Trim8, Trip6, Trp53, Trp73, Trpa1, Trpm2, Trpm4, Trpv1, Trpv4, Tsc2, Tspan6, Tspyl5, Twist1, Twsg1, Txn1, Tyro3, Uaca, Ubd, Ube2b, Ube2i, Ube2n, Ube3a, Uchl1, Ucma, Ucn, Ufl1, Ulk1, Ulk4, Unc5b, Unc5cl, Uso1, Usp10, Usp20, Usp25, Usp49, Usp50, Usp8, Vangl2, Vav1, Vav2, Vav3, Vcp, Vegfa, Vegfb, Veph1, Vrk2, Vrk3, Was, Wasf1, Wasf2, Wdr54, Wdr72, Wdr83, Wdr91, Wnk2, Wnk4, Wnt16, Wnt4, Wnt5a, Wnt7a, Wnt7b, Wwc1, Wwtr1, Xbp1, Xcr1, Xdh, Xiap, Ywhae, Ywhaq, Ywhaz, Zap70, Zc3h12a, Zc3hav1, Zdhhc17, Zeb2, Zfand6, Zfp110, Zfp36, Zfp36l1, Zfp36l2, Zfp622, Zfp91, Zmiz1, Zmpste24, Zmynd11
GO:0048585	negative regulation of response to stimulus	1831	46	26.67	0.00023	0.03588	2210016L21Rik, A2m, Aars1, Aars2, Aatf, Abca7, Abhd17a, Abl1, Abl2, Abr, Acaa2, Ace2, Ackr3, Acod1, Acp4, Acp5, Actn3, Acvr1, Ada, Adam17, Adamts12, Adamts18, Adamtsl2, Adar, Adcyap1, Adcyap1r1, Adgra2, Adgrg3, Adipoq, Adipor1, Adm, Adora1, Adora2a, Adra1a, Adra1b, Adra2a, Adrb2, Adtrp, Agap2, Agt, Agtr2, Ahr, Ahsg, Aida, Aif1, Aim2, Ajap1, Ajuba, Akt1, Akt1s1, Akt2, Akt3, Alg13, Alox12, Alox15, Alox5, Alpk2, Amer1, Amer2, Amfr, Angpt2, Ankrd26, Ankrd6, Anxa1, Anxa2, Anxa5, Aoah, Apc, Apc2, Apcdd1, Apela, Aph1b, Aph1c, Apln, Aplnr, Aplp1, Apoa1, Apod, Apoe, Apoh, App, Appl1, Appl2, Aqp11, Ar, Arg1, Arg2, Arhgap12, Arhgap17, Arhgap22, Arhgap24, Arhgap25, Arhgap29, Arhgap35, Arhgap42, Arhgap44, Arhgap45, Arid4a, Arid4b, Armc10, Arnt, Arr3, Arrb1, Arrb2, Arrdc1, Arrdc3, Asah2, Asb15, Asb3, Ascl2, Ash1l, Aspn, Asxl1, Atad3a, Atad5, Atf3, Atf4, Atf6b, Atg12, Atg5, Atm, Atp2b4, Atxn1, Atxn3, Atxn7, Aunip, Aurka, Aurkb, Avp, Axin1, Axin2, Azi2, Bace1, Bag5, Bak1, Bambi, Banf1, Bank1, Barx1, Bax, Bbs2, Bbs4, Bcl2, Bcl2l1, Bcl2l10, Bcl2l12, Bcl2l2, Bcl3, Bcl6, Bcl9l, Bcr, Bdkrb2, Bdnf, Becn2, Bend6, Bfar, Bicc1, Bicd1, Bid, Birc6, Birc7, Blvrb, Bmal1, Bmf, Bmi1, Bmp2, Bmp4, Bmp5, Bmp7, Bmper, Bok, Bpifb1, Brap, Brca1, Brd4, Brms1, Brms1l, Btn2a2, Btnl2, Btrc, C1qbp, C1ql4, C1qtnf1, C1qtnf12, C1qtnf3, C4bp, C5ar2, C9orf72, Cacnb3, Cactin, Cadm1, Cadm4, Calr, Camk2b, Capn1, Cartpt, Cask, Casp8, Castor1, Castor2, Cav1, Cav2, Cav3, Cavin3, Cbfa2t2, Cbl, Cblb, Cblc, Cby1, Ccar2, Ccdc125, Ccdc22, Ccdc3, Ccdc88c, Cck, Ccl12, Ccl5, Ccn3, Ccnc, Ccr1, Ccr2, Cd109, Cd160, Cd200, Cd200l1, Cd200l2, Cd200r1, Cd22, Cd24a, Cd274, Cd276, Cd2ap, Cd300a, Cd300lf, Cd3e, Cd44, Cd46, Cd55, Cd55b, Cd59a, Cd59b, Cd69, Cd74, Cd80, Cd9, Cd96, Cdc34, Cdc34b, Cdc42se1, Cdh1, Cdh2, Cdh3, Cdh5, Cdk11b, Cdk20, Cdk3, Cdk5rap3, Cdkn2d, Ceacam1, Cep63, Cer1, Cers2, Cflar, Cgas, Cgnl1, Chac1, Chd8, Chek2, Chmp6, Chp1, Chrd, Chrdl1, Chrdl2, Chrna10, Chrna7, Chrna9, Chst11, Cib1, Cidea, Cilp, Cish, Cit, Clasp1, Clasp2, Cldn18, Cldn19, Cldn3, Clec12a, Clec12b, Clec2d, Clec4g, Clock, Clu, Cmya5, Cnksr3, Cnmd, Cnot1, Cnot2, Cnot3, Cnot7, Cnot9, Cntnap2, Col2a1, Col3a1, Commd1, Coro1b, Cpb2, Cpne1, Cptp, Cr1l, Cr2, Creb3, Creb3l1, Crebrf, Crhbp, Crhr2, Crim1, Cripto, Crk, Crtc3, Cry1, Cry2, Cryba1, Csf2, Csk, Csnk1a1, Csnk1e, Csnk2a1, Cst7, Ctdspl2, Cth, Cthrc1, Ctla2a, Ctnna1, Ctnna2, Ctnnb1, Ctnnbip1, Ctnnd1, Cttn, Cul3, Cx3cl1, Cx3cr1, Cxcl12, Cxcl13, Cxcl17, Cxxc4, Cyld, Cyp19a1, Cyp26b1, Cyp2j6, Cyp7b1, Cyren, Cyrib, D130043K22Rik, D1Pas1, Dab1, Dab2, Dab2ip, Dact1, Dact2, Dact3, Dag1, Dand5, Daxx, Dbn1, Dcn, Dcst1, Ddah1, Ddias, Ddit3, Ddit4, Ddit4l, Ddrgk1, Ddx3x, Defb21, Depdc5, Deptor, Dgkd, Dgkg, Dgkz, Dhrs3, Dhx58, Diaph1, Diaph2, Dicer1, Dkk1, Dkk2, Dkk3, Dkk4, Dkkl1, Dlc1, Dlg1, Dlg5, Dlk1, Dlk2, Dll1, Dll3, Dll4, Dlx1, Dlx2, Dmd, Dnaja1, Dnaja3, Dnajb9, Dnm1, Dnm2, Dok1, Dok2, Dpp4, Draxin, Drd1, Drd2, Drd3, Drd4, Dsg3, Dtx4, Dusp1, Dusp10, Dusp13b, Dusp16, Dusp19, Dusp2, Dusp22, Dusp26, Dusp29, Dusp3, Dusp4, Dusp5, Dusp6, Dusp7, Dusp8, Dusp9, Dvl1, Dynlt1b, Dyrk1a, Dyrk2, Dyrk3, E130311K13Rik, Ecm1, Efna1, Egfl7, Egfr, Egln1, Egr1, Eid2, Eif3a, Eif4e2, Elf1, Elf4, Ell3, Emd, Emilin1, Endog, Eno1, Eno1b, Enpp1, Enpp3, Entrep1, Eny2, Epha4, Ephb2, Epm2a, Epn2, Epo, Eppk1, Erbb3, Erbin, Ercc1, Ercc4, Ercc6, Errfi1, Esr1, Esr2, Ets1, Extl3, Eya1, Eya2, Eya3, Eya4, Ezh2, Ezr, F11, F12, F2, F2rl1, Fabp7, Faim, Faim2, Faiml, Fam3a, Fam76b, Fam89b, Fancb, Fbh1, Fbln1, Fbn1, Fbn2, Fbp1, Fbxl2, Fbxo7, Fbxw11, Fcgr2b, Fcmr, Fcrl5, Fcrlb, Fem1a, Fem1al, Fer, Fermt1, Ffar4, Fga, Fgb, Fgf10, Fgf2, Fgf9, Fgfr3, Fgfrl1, Fgg, Fgl2, Fhl2, Fignl1, Fkbp1a, Fkbp1b, Fktn, Flcn, Fndc4, Fnip1, Foxf1, Foxh1, Foxj1, Foxm1, Foxo1, Foxo3, Foxp1, Foxp3, Fpr-rs3, Fpr-rs4, Fpr-rs6, Fpr-rs7, Fpr2, Frmd8, Frzb, Fst, Fstl3, Fstl4, Fuz, Fxn, Fxr1, Fyn, Fzd1, Fzd6, Fzd9, G2e3, G3bp1, Gas1, Gas6, Gata1, Gata2, Gata3, Gata4, Gba1, Gbp7, Gcg, Gclc, Gclm, Gdf15, Gdf3, Gdnf, Gdpd5, Gfer, Gfral, Ggnbp2, Ggt7, Ghitm, Ghrl, Ghsr, Gigyf2, Gipr, Git1, Glg1, Gli1, Gli2, Gli3, Glis2, Gmip, Gnai2, Gnai3, Gp1ba, Gp5, Gpatch3, Gpc1, Gpc3, Gpd1l, Gper1, Gpr108, Gpr155, Gpr161, Gpr17, Gpr18, Gpr21, Gpr31b, Gpr37l1, Gprasp1, Gprc5a, Gps2, Gpx1, Gpx2, Gramd4, Grb10, Grb14, Grem1, Grem2, Grid2, Grin1, Grin3a, Grina, Grk2, Grk3, Grk4, Grk5, Grk6, Grm5, Grn, Gsc, Gsdma3, Gsk3a, Gsk3b, Gstp-ps, Gstp1, Gstp2, Gstp3, H2-M3, H2-T23, H2bc21, Hacd3, Hamp, Hapstr1, Havcr2, Hc, Hdac1, Hdac2, Hdac3, Hdac6, Hdac7, Heg1, Helb, Hells, Herc2, Herc4, Herpud1, Hey1, Hey2, Heyl, Hfe, Hgf, Hgs, Hhex, Hhip, Hic1, Hif1a, Hif1an, Higd1a, Hipk2, Hipk3, Hjv, Hlx, Hmga2, Hmgb2, Hmgcr, Hmox1, Hnf4a, Homer2, Homer3, Hrg, Hsf1, Hspa1b, Hspa5, Hspa8, Hspb1, Htra1, Htra3, Htt, Huwe1, Hyal2, Hyou1, Icam1, Ier3, Ifi203, Ifi203-ps, Ifi206, Ifi207, Ifi208, Ifi209, Ifi213, Ifi214, Ifi35, Ifnb1, Ift122, Ift172, Ift80, Igbp1, Igf1, Igf1r, Igf2, Igfbp5, Igsf1, Igtp, Ikbkg, Il10, Il10ra, Il12a, Il12b, Il13, Il17a, Il17rd, Il19, Il1b, Il1r2, Il1rl1, Il1rn, Il2, Il20rb, Il22, Il22ra1, Il22ra2, Il27ra, Il2ra, Il33, Il36rn, Il4, Il4i1, Il4i1b, Il4ra, Il6, Il6st, Il7, Il7r, Ilrun, Ing1, Ing2, Inpp5a, Inpp5d, Inpp5e, Inpp5f, Inpp5k, Inppl1, Ins1, Ins2, Insig1, Insig2, Ints9, Invs, Irak3, Irf1, Irf4, Irgm1, Irgm2, Irs1, Isg15, Isl1, Itch, Itfg2, Itga1, Itga3, Itga6, Itgav, Itgb1, Itgb1bp1, Itpr1, Itprip, Ivns1abp, Jade1, Jagn1, Jak3, Kank1, Kank2, Kat5, Kctd10, Kctd11, Kctd13, Kctd21, Kctd6, Kdm1a, Kdm6a, Keap1, Kics2, Kif26a, Kif7, Klf4, Klf7, Klhl15, Klhl31, Klk14, Klkb1, Klrb1b, Klrd1, Klre1, Klrk1, Kmt5a, Kng1, Kng2, Kptn, Kremen1, Krt1, Lamp2, Laptm5, Lats1, Lats2, Lax1, Lbh, Ldlr, Ldlrad4, Lect2, Lefty1, Lemd2, Lemd3, Lep, Leprot, Leprotl1, Lfng, Lgals1, Lgals3, Lgals9, Lgmn, Lgr4, Lif, Lilrb4a, Lilrb4b, Limd1, Lingo1, Litaf, Lmbr1l, Lmna, Lmo3, Lonp1, Lox, Loxl3, Lpar1, Lpcat3, Lpl, Lpxn, Lrfn5, Lrig2, Lrp1, Lrp2, Lrp4, Lrp6, Lrrc14, Lrrc32, Lrrk2, Ltbp1, Ltf, Ly6g6e, Lyar, Lyn, Lyplal1, Lztr1, Lzts2, Macir, Macroh2a1, Mad1l1, Mad2l1bp, Mad2l2, Madd, Magi2, Map2k1, Map2k3, Map2k5, Map3k20, Map3k7, Map4k4, Mapk14, Mapk3, Mapk7, Mapk8ip1, Mapk8ip2, Mapkap1, Mapkapk5, Mapkbp1, Marchf7, Mark3, Marveld3, Masp1, Mavs, Maz, Mcc, Mcl1, Mctp1, Mdfi, Mdk, Mdm2, Mdm4, Meak7, Mecom, Mefv, Megf8, Meis3, Men1, Mesp1, Met, Metrnl, Mettl3, Mfhas1, Mfn2, Mgrn1, Mif, Mill1, Minar1, Mir143, Mir147, Mir154, Mir210, Mir423, Mir675, Mir7578, Mkks, Mkrn2, Mlip, Mllt3, Mmp12, Mmp14, Mmp28, Mmp3, Mmp9, Mmrn1, Mmrn2, Mndal, Mnt, Mob4, Morn3, Mosmo, Mpig6b, Mpv17l, Mrap, Mrap2, Mre11a, Mrtfa, Mstn, Mtm1, Mtmr4, Mtnr1b, Mtor, Muc1, Muc16, Muc19, Muc4, Mul1, Mup1, Mup11, Mup2, Mup3, Mup4, Mup5, Mvk, Mvp, Myadm, Myoc, Myocd, Myoz1, Myoz2, Naip1, Naip2, Naip5, Naip6, Naip7, Nanog, Nanos3, Nbl1, Nck1, Nck2, Nckap1l, Ncl, Ncoa5, Ncoa7, Ncor1, Ncor2, Ndfip1, Ndrg2, Ndrg4, Ndufa13, Ndufaf2, Ndufc2, Ndufs3, Necab2, Nedd4, Nenf, Neo1, Nepn, Neurl1a, Neurod1, Nf1, Nf2, Nfatc4, Nfe2l2, Nfkb1, Nfkbia, Nfkbid, Nfkbil1, Ngfr, Nherf1, Nherf2, Nherf4, Nkd1, Nkd2, Nkiras1, Nkiras2, Nkx2-1, Nkx2-5, Nkx3-1, Nlgn3, Nlk, Nlrc3, Nlrc5, Nlrp12, Nlrp3, Nlrp4a, Nlrp4b, Nlrp4c, Nlrp4e, Nlrp4f, Nlrp6, Nlrx1, Nme5, Nmi, Noc2l, Nod2, Nodal, Nog, Nol3, Nono, Nop53, Nos3, Notch1, Notch4, Notum, Npc1, Npff, Nphp3, Nphp4, Nploc4, Nppa, Nprl2, Nprl3, Npy, Npy2r, Npy5r, Nr0b1, Nr1d1, Nr1d2, Nr1h2, Nr1h3, Nr1h4, Nr1h5, Nr4a2, Nrarp, Nrg1, Nrp1, Nrros, Nrxn1, Nt5c2, Nt5e, Nucb2, Nudt16l1, Nup62, Nxn, Oas1a, Oas1b, Oas1c, Oas1d, Oas1e, Oas1f, Oas1g, Oas1h, Oas3, Obox4, Obscn, Ofd1, Oga, Ogg1, Ogt, Olfm4, Onecut1, Onecut2, Opa1, Oprl1, Oprm1, Optn, Otop1, Otub1, Otud3, Otud4, Otud5, Otud7b, Otulin, Ovol2, Oxr1, P2rx7, Padi2, Pafah1b1, Pak1ip1, Pak5, Palm, Palm3, Pam16, Paqr3, Park7, Parl, Parp1, Parp14, Parp3, Parpbp, Pawr, Pbk, Pbld1, Pbld2, Pbp2, Pcbp2, Pcgf2, Pdcd1, Pdcd10, Pdcd4, Pdcd6, Pde10a, Pde11a, Pde1c, Pde2a, Pde3a, Pde3b, Pde4c, Pde4d, Pde8b, Pdgfa, Pdgfb, Pdgfra, Pdia6, Pdpk1, Pdx1, Pea15a, Pea15b-ps, Pebp1, Peg10, Peli1, Peli3, Per1, Pf4, Pfdn5, Pglyrp1, Pglyrp2, Pglyrp3, Pglyrp4, Phactr4, Phb1, Phb2, Phf14, Phip, Phlda3, Phldb2, Phlpp1, Phpt1, Pias2, Pias4, Pibf1, Pid1, Pik3ap1, Pik3cb, Pik3ip1, Pik3r2, Pim1, Pim3, Pin1, Pin1rt1, Pink1, Pip4k2a, Pip4k2b, Pip4k2c, Pkhd1, Pkia, Pla2g10, Pla2g5, Plat, Plau, Plaur, Plcl2, Pld2, Plek, Plekha1, Plg, Plin5, Plk1, Plk3, Plxna3, Pmepa1, Polq, Pp2d1, Ppara, Ppard, Pparg, Ppef2, Ppia, Ppif, Ppm1a, Ppm1b, Ppp1r10, Ppp1r13l, Ppp2ca, Ppp2cb, Ppp2r1a, Ppp2r3a, Ppp3ca, Ppp3cb, Ppp6c, Ppt1, Prap1, Prdm14, Prdm15, Prdm16, Prdx2, Prelid1, Prex1, Prex2, Prickle1, Prkaa1, Prkaa2, Prkaca, Prkacb, Prkar1a, Prkar1b, Prkar2a, Prkar2b, Prkca, Prkcb, Prkcd, Prkcq, Prkcz, Prkdc, Prkg1, Prkn, Prmt1, Prnp, Proc, Pros1, Prr5l, Psca, Psen1, Psen2, Psg23, Psma1, Psmb4, Psmd10, Psme3, Ptch1, Ptch2, Pten, Ptger3, Ptger4, Ptgir, Ptgis, Ptgr1, Ptgs2, Ptgs2os, Ptpmt1, Ptpn1, Ptpn2, Ptpn22, Ptpn6, Ptprc, Ptprd, Ptpre, Ptprf, Ptprj, Ptpro, Ptprr, Ptprs, Ptprt, Ptpru, Pttg1ip, Pvrig, Pycard, Pycr1, Pyy, Qars1, Rab7, Rab7b, Rabgef1, Rack1, Radx, Raf1, Ranbp9, Rapgef1, Rasa2, Rasa3, Rasa4, Rasal1, Rasal3, Rasip1, Rasl11b, Rassf2, Rb1, Rb1cc1, Rbbp4, Rbbp7, Rbms3, Rbpms2, Rbx1, Rbx1-ps, Rc3h1, Rc3h2, Rcan1, Recql5, Reg3a, Reg3b, Reg3g, Rela, Rffl, Rfng, Rfx4, Rgma, Rgs1, Rgs10, Rgs11, Rgs12, Rgs13, Rgs14, Rgs16, Rgs17, Rgs18, Rgs19, Rgs2, Rgs20, Rgs22, Rgs3, Rgs4, Rgs5, Rgs6, Rgs7, Rgs7bp, Rgs8, Rgs9, Rgs9bp, Rhoa, Rhoh, Rian, Rif1, Rin3, Riok3, Ripk1, Ripor1, Ripor2, Rita1, Rmi2, Rnf113a1, Rnf113a2, Rnf115, Rnf125, Rnf126, Rnf146, Rnf149, Rnf152, Rnf167, Rnf169, Rnf170, Rnf213, Rnf26, Rnf26rt, Rnf34, Rnf43, Robo1, Robo2, Ror2, Rora, Rpgrip1l, Rph3al, Rps19, Rps3, Rps6ka1, Rps6ka6, Rps6kb1, Rps6kb2, Rrm2b, Rrn3, Rtca, Rtel1, Rtkn2, Rtn4, Rtn4r, Rtn4rl1, Rubcn, Runx2, Ruvbl2, Ryk, Ryr1, S2bpcox16, Sac3d1, Sag, Sall1, Sall3, Samhd1, Samsn1, Samtor, Sap130, Sap30, Sap30l, Sar1a, Sar1b, Sarm1, Scai, Scg2, Scly, Sco1, Scyl2, Sdhaf2, Sec14l1, Selenos, Sema3a, Sema3f, Sema5a, Sema6a, Senp3, Serpinb9, Serpinb9b, Serpinb9c, Serpinb9d, Serpinb9e, Serpinb9f, Serpinb9g, Serpinb9h, Serpine1, Serpine2, Serpinf2, Serping1, Sesn1, Sesn2, Sesn3, Sfn, Sfrp1, Sfrp2, Sfrp4, Sfrp5, Sgk3, Sgta, Sh2b3, Sh2d1a, Sh2d1b1, Sh2d1b2, Sh3bp1, Sh3bp4, Sh3glb1, Sh3rf1, Sh3rf2, Shank2, Sharpin, Shh, Shisa2, Shisa3, Shisa6, Shld1, Shld2, Shld3, Siah2, Sigirr, Siglece, Siglecg, Sike1, Sin3a, Sinhcaf, Sirpa, Sirt1, Sirt2, Sirt3, Sirt7, Six3, Ska1, Ska3, Ski, Skil, Skor1, Skor2, Sla2, Slamf1, Slamf8, Slc12a2, Slc24a4, Slc25a31, Slc25a4, Slc25a5, Slc27a4, Slc2a10, Slc35c1, Slc35f6, Slc39a8, Slc6a3, Slit1, Slit2, Slit3, Slmap, Smad3, Smad4, Smad5, Smad6, Smad7, Smarca4, Smchd1, Smcr8, Smim30, Smpd1, Smpd3, Smpdl3a, Smpdl3b, Smurf1, Smurf2, Snai1, Snai2, Snca, Snip1, Snx1, Snx13, Snx25, Snx5, Snx6, Socs1, Socs2, Socs3, Socs4, Socs5, Socs6, Socs7, Sod1, Sod2, Sorl1, Sost, Sostdc1, Sox10, Sox13, Sox17, Sox2, Sox30, Sox9, Spaar, Spart, Spi1, Spink1, Spn, Spred1, Spred2, Spred3, Spry1, Spry2, Spry3, Spry4, Spsb3, Spx, Sqstm1, Src, Sstr4, St6gal1, Stambp, Stap1, Stat1, Stat2, Stat3, Stat6, Stk11, Stk3, Stk38, Stk4, Stmn1, Stmn3, Stradb, Strap, Strip1, Strn3, Strn4, Stub1, Styxl2, Suds3, Sufu, Sulf1, Sulf2, Susd4, Suz12, Svip, Syngap1, Synj2bp, Syt11, Syvn1, Szt2, Tafa3, Tafa5, Tank, Taok3, Tap1, Tap2, Tarbp2, Tax1bp1, Tax1bp3, Tbc1d1, Tbc1d10c, Tbc1d24, Tbc1d7, Tbk1, Tbx1, Tbx18, Tbx20, Tbx21, Tcf21, Tcf7l2, Tcim, Tert, Tet1, Tfap2a, Tff2, Tfpi, Tgfb1, Tgfb2, Tgfb3, Tgfbr1, Tgfbr3, Tgif1, Thbd, Thbs1, Them4, Thy1, Ticam2, Timp2, Tjp2, Tkfc, Tldc2, Tle1, Tle2, Tle3, Tle4, Tle5, Tle6, Tle7, Tlr4, Tlr6, Tlr9, Tmbim1, Tmbim6, Tmed2, Tmem127, Tmem131l, Tmem14a, Tmem161a, Tmem170b, Tmem53, Tmem64, Tmem88, Tmem88b, Tmprss6, Tmsb4x, Tmx1, Tnf, Tnfaip1, Tnfaip3, Tnfaip6, Tnfaip8l1, Tnfaip8l2, Tnfrsf11b, Tnfrsf14, Tnfrsf1a, Tnfrsf1b, Tnfrsf22, Tnfrsf23, Tnfrsf4, Tnfsf18, Tnfsf4, Tnip1, Tnip2, Tnip3, Tnk1, Tnn, Tnr, Tns2, Tns3, Tob1, Tpbg, Tpbgl, Tpsab1, Tpt1, Trabd2b, Traf3ip1, Trafd1, Traip, Trap1, Trem2, Treml1, Trex1, Triap1, Trib1, Trim11, Trim15, Trim21, Trim27, Trim30a, Trim31, Trim32, Trim33, Trim38, Trim39, Trim45, Trim59, Trim60, Trim65, Trim67, Trim72, Trp53, Trp53bp1, Trp63, Tsc1, Tsc2, Tsg101, Tsku, Tspan15, Tspan6, Tspan8, Ttll12, Tulp3, Twist1, Twsg1, Txndc12, Tyro3, Uaca, Ubac2, Ubash3a, Ubash3b, Ube2b, Ube2d1, Ube2n, Ube2w, Ube3a, Ubqln1, Ubqln2, Ubqln4, Ubr1, Ubr2, Ubr5, Ubxn1, Ubxn2a, Uchl1, Ucma, Ucn, Ucp2, Ufd1, Ufl1, Ulk3, Unc5b, Uri1, Usp10, Usp14, Usp15, Usp18, Usp20, Usp25, Usp38, Usp47, Usp49, Usp7, Vasn, Vcp, Vdac2, Vegfa, Veph1, Vgll4, Vhl, Vps11, Vps18, Vps25, Vps35, Vrk3, Vsig4, Vsir, Vtn, Vwc2, Vwc2l, Wdr41, Wdr91, Wfdc1, Wfikkn1, Wfikkn2, Wfs1, Wif1, Wnk2, Wnt1, Wnt11, Wnt16, Wnt3, Wnt3a, Wnt4, Wnt5a, Wnt5b, Wnt7b, Wtip, Wwc1, Wwc2, Wwox, Wwtr1, Xbp1, Xdh, Xiap, Xrcc1, Xrcc4, Xylt1, Yap1, Ybx3, Yju2, Ythdf2, Ythdf3, Ywhab, Ywhae, Ywhag, Ywhaz, Zbtb7a, Zbtb7b, Zc3h12a, Zdhhc12, Zdhhc18, Zfp35, Zfp36, Zfp366, Zfp385a, Zfp451, Zfp536, Zfp592, Zfp653, Zfyve28, Zgpat, Zmynd11, Znrf3, Znrf4, Zp3r
GO:0046903	secretion	1174	33	17.1	0.00027	0.0416988	A1cf, Aacs, Abat, Abca1, Abca12, Abcb11, Abcb1a, Abcb4, Abcc2, Abcc3, Abcc4, Abcc8, Abcg1, Abr, Acacb, Ace, Acsl3, Acsl4, Acvr1c, Acvr2a, Acvr2b, Ada, Adam17, Adam8, Adam9, Adcy5, Adcy8, Adcyap1, Adipoq, Adora1, Adora2a, Adora2b, Adora3, Adra2a, Adtrp, Agr2, Agt, Agtr1a, Agtr2, Agxt, Ahi1, Aimp1, Akap5, Alox12b, Alox5, Ang, Ang2, Ang3, Ang4, Ang5, Ang6, Ankrd1, Ano1, Anxa1, Anxa2, Anxa3, Anxa5, Anxa7, Ap1b1, Ap1g1, Ap1m2, Ap1s1, Apba1, Apbb1, Apbb3, Apln, Apoe, Aprt, Aqp1, Aqp4, Aqp5, Aqp8, Aqp9, Arf1, Arf6, Arfgap3, Arfgef2, Arfip1, Arhgap17, Arhgef7, Arl8b, Arrb1, Asic1, Atg5, Atg7, Atp13a2, Atp2a2, Atp2b2, Atp5pf, Atp7b, Atp9a, Avp, Avpr1a, Avpr1b, Axl, B3glct, Bad, Baiap3, Bcl2l1, Bcr, Bdkrb2, Bdnf, Best1, Bglap, Bglap2, Birc5, Blk, Bloc1s3, Bloc1s6, Bmal1, Bmp2, Bmp6, Braf, Brsk1, Brsk2, Bsg, Btk, C1qtnf1, C1qtnf12, C1qtnf3, C1qtnf5, C2cd2l, C9orf72, Cacna1a, Cacna1b, Cacna1c, Cacna1d, Cacna1e, Cacna1g, Cacna1h, Cacna1i, Cacnb4, Cad, Cadps, Cadps2, Camk2a, Camk2n1, Capn10, Car2, Car9, Cartpt, Cask, Casr, Cav1, Cavin1, Cbarp, Cbl, Cbln1, Cbln4, Ccdc186, Cck, Cckar, Cckbr, Ccl3, Ccl5, Ccl8, Ccn2, Ccn3, Ccnd1, Ccr1, Ccr1l1, Ccr2, Cd160, Cd177, Cd200, Cd2ap, Cd300a, Cd38, Cd74, Cd84, Cdk16, Cdk5, Cdk5r2, Cdo1, Ceacam1, Cel, Cela2a, Celsr2, Ces1a, Ces1b, Ces1c, Ces1d, Ces1e, Ces1f, Ces1g, Ces1h, Cftr, Cga, Chd7, Chga, Chmp2a, Chrm1, Chrm3, Chrm5, Chrna3, Chrna4, Chrna6, Chrna7, Chrnb2, Chuk, Cklf, Clasp1, Clasp2, Clcf1, Cldn2, Clnk, Clock, Clstn3, Cltrn, Cnr1, Cntf, Comp, Comt, Copa, Copg1, Copg2, Cops5, Corin, Coro1a, Cpb2, Cpe, Cplane2, Cplx1, Cplx2, Cplx3, Cplx4, Cpt1a, Creb1, Creb3l1, Crh, Crhbp, Crhr1, Crhr2, Cry1, Cry2, Csf2, Csn2, Csn3, Cspg5, Ctbp2, Cwh43, Cxcl12, Cyb5r4, Cyba, Cyp19a1, Cyp27b1, Cyp2j5, Cyp4a10, Cyp4a31, Cyp4a32, Cyp51, D6Wsu163e, Dab2, Ddr1, Dgat1, Dgki, Dio2, Dnajc1, Dnm1l, Doc2a, Doc2b, Doc2g, Dph3, Dpysl2, Drd2, Drd3, Drd4, Dtnbp1, Dvl1, Dynll1, Ecrg4, Edn1, Edn2, Edn3, Ednra, Ednrb, Efna5, Efr3a, Egf, Egfr, Eif2ak3, Eipr1, Eng, Enpp1, Ensa, Entpd1, Eny2, Ep300, Epb41l1, Epha5, Eqtn, Erbb3, Erbb4, Erc1, Erc2, Erp29, Exoc1, Exoc2, Exoc3, Exoc3l, Exoc3l2, Exoc3l4, Exoc4, Exoc5, Exoc6, Exoc6b, Exoc7, Exoc8, Exph5, F2, F2r, F2rl1, F2rl2, Fam3a, Fam3b, Fam3d, Fbln5, Fbn1, Fbxl20, Fbxo45, Fcer1a, Fcer1g, Fcgr3, Fcgr4, Fes, Ffar1, Ffar2, Ffar3, Ffar4, Fga, Fgb, Fgf10, Fgf23, Fgf7, Fgfr1, Fgfr4, Fgg, Fgr, Filip1l, Fkbp1b, Fmr1, Fosl2, Foxa2, Foxb1, Foxd1, Foxf1, Foxl2, Foxo1, Frmd4a, Fto, Furin, Fzd4, G6pc2, Gab2, Gabbr1, Gal, Galr1, Gata1, Gata2, Gata3, Gcg, Gcgr, Gck, Gdf9, Ghrh, Ghrhr, Ghrl, Ghsr, Gip, Gipc1, Gipr, Git1, Git2, Gja1, Gja5, Glp1r, Glud1, Glul, Gna11, Gnai2, Gnao1, Gnaq, Gnas, Gnat1, Gnaz, Gnptab, Golph3, Golph3l, Gpat4, Gper1, Gpld1, Gpr119, Gpr151, Gpr158, Gpr15lg, Gpr27, Gpr39, Gpr68, Gprc6a, Grik1, Grik5, Grin2b, Grk2, Grm2, Grm7, Grm8, Grp, Gsdmd, Guca2b, Hadh, Hap1, Hcar2, Hcfc1, Hck, Hcrt, Hfe, Hgs, Hif1a, Hip1r, Hk2, Hmga1, Hmga2, Hmgcr, Hmgn3, Hmox1, Hnf1a, Hnf1b, Hnf4a, Hps1, Hps6, Hrh2, Hrh3, Htr1a, Htr1b, Htr1d, Htr2a, Htr2c, Htr4, Htr6, Htr7, Htt, Hyal3, Ica1, Idh2, Idua, Ier3ip1, Ifnb1, Ifng, Igf1, Igfbp3, Igh-7, Ighe, Il11, Il12a, Il12b, Il13, Il13ra2, Il1a, Il1b, Il1rapl1, Il1rn, Il4, Il4ra, Il6, Ildr1, Ildr2, Inha, Inhba, Inhbb, Ins1, Ins2, Irs1, Irs2, Isl1, Itgam, Itgb2, Itgb2l, Itpr1, Itsn1, Jagn1, Jak2, Kalrn, Kcna2, Kcnb1, Kcnc3, Kcnc4, Kcnh1, Kcnj11, Kcnj6, Kcnj8, Kcnk1, Kcnk2, Kcnk9, Kcnma1, Kcnn4, Kcnq1, Kcnq2, Kcnq3, Kdm5b, Kif5b, Kiss1, Kiss1r, Kit, Klf7, Kmo, Kpna4, Krt20, Lamp1, Lat, Lat2, Lep, Lepr, Lgals3, Lgals9, Lgi3, Lhcgr, Lif, Lin7a, Lin7b, Lin7c, Llgl1, Llgl2, Lmf1, Lrp1, Lrp5, Lrrc8a, Lrrk2, Ltbp4, Ly6e, Lyn, Lypd10, Lypd11, Lyst, M6pr, Madd, Mafa, Malrd1, Maob, Map1lc3b, Map2k6, Map4k4, Mapk9, Mc4r, Mctp1, Mctp2, Mcu, Mecp2, Med1, Mef2c, Mertk, Mfn2, Mia2, Mia3, Mical1, Mical3, Micu3, Midn, Mif, Milr1, Mip, Mir130a, Mir200a, Mir410, Mmp13, Mmp7, Mon1a, Mpc2, Mrgprb1, Mrgprx2, Ms4a2, mt-Co2, Mtnr1a, Mtnr1b, Mttp, Muc2, Mup1, Mup11, Mup2, Mup3, Mup4, Mup5, Myb, Myc, Myh10, Myh9, Myo18a, Myo1f, Myo1g, Myo5a, Myo5b, Myo6, Myom1, Myrip, Myt1, Nadk, Nagpa, Napa, Napb, Ncam1, Nckap1l, Ncoa1, Ncoa6, Ncs1, Ndufaf2, Negr1, Nell2, Neo1, Neurl1a, Neurod1, Neurog1, Nf1, Ngf, Nherf1, Niban2, Nisch, Nkd2, Nkg7, Nkx2-3, Nkx3-1, Nkx6-1, Nlgn1, Nlgn2, Nlrp5, Nlrp6, Nmb, Nme1, Nmu, Nmur2, Nnat, Nos1, Nos2, Notch1, Npff, Nppa, Nppc, Npr3, Npsr1, Npvf, Npy, Npy1r, Npy2r, Npy5r, Nr0b2, Nr1d1, Nr1h2, Nr1h3, Nr1h4, Nr3c1, Nr4a1, Nr4a3, Nrg1, Nrxn1, Nrxn2, Nrxn3, Nsf, Ntrk2, Ntsr1, Nucb2, Oas2, Oc90, Oga, Olfm2, Oprk1, Oprm1, Or51e2, Orai1, Osbp, Osbpl2, Osm, Otof, Oxct1, Oxt, Oxtr, P2rx1, P2rx2, P2rx7, P2ry1, P2ry12, P2ry2, P2ry4, P3h1, Pafah1b1, Pak1, Pard6a, Park7, Pask, Pax8, Pck2, Pclo, Pcp4, Pcsk1, Pcsk6, Pdcd6ip, Pde1c, Pde3b, Pde4c, Pde8b, Pdpk1, Pdx1, Pdzd11, Per2, Pex5l, Pfkfb2, Pfkl, Pfkm, Pfn2, Pi4k2a, Pianp, Pick1, Pik3c2a, Pim3, Pink1, Pip5k1c, Piwil4, Pla2g10, Pla2g12a, Pla2g12b, Pla2g1b, Pla2g2a, Pla2g2c, Pla2g2d, Pla2g2e, Pla2g2f, Pla2g3, Pla2g4a, Pla2g4f, Pla2g5, Pla2g6, Pla2r1, Plcb1, Plcd1, Pld2, Plek, Pnkd, Pnpla8, Pofut2, Pomc, Porcn, Pou5f1, Ppard, Pparg, Ppfia2, Ppfia3, Ppia, Ppid, Ppp1r9a, Ppp3ca, Ppp3cb, Ppt1, Pram1, Prepl, Prf1, Prickle1, Prkaca, Prkar1a, Prkca, Prkcb, Prkce, Prkcg, Prkcq, Prkd1, Prkg1, Prkn, Prl, Prl2a1, Prl2b1, Prl2c1, Prl2c2, Prl2c3, Prl2c5, Prl3a1, Prl3b1, Prl3c1, Prl3d1, Prl3d2, Prl3d3, Prl4a1, Prl5a1, Prl6a1, Prl7a1, Prl7a2, Prl7b1, Prl7c1, Prl7d1, Prl8a1, Prl8a2, Prl8a6, Prl8a8, Prl8a9, Prlr, Proca1, Prrt2, Prss12, Psap, Psen1, Psmd9, Ptafr, Ptbp1, Ptgdr, Ptgds, Ptger3, Ptger4, Ptges, Ptges2, Ptgs1, Ptgs2, Ptpmt1, Ptpn11, Ptpn23, Ptprn, Ptprn2, Ptprv, Rab10, Rab11a, Rab11b, Rab11fip1, Rab11fip2, Rab11fip3, Rab11fip5, Rab12, Rab13, Rab14, Rab15, Rab1a, Rab21, Rab25, Rab26, Rab27a, Rab27b, Rab2b, Rab31, Rab33b, Rab34, Rab37, Rab3a, Rab3b, Rab3c, Rab3d, Rab3gap1, Rab40b, Rab40c, Rab44, Rab5a, Rab7, Rab8a, Rab8b, Rab9, Rabgef1, Rac1, Rac2, Raf1, Rala, Ralb, Rap1a, Rap1b, Rap1gds1, Rapgef4, Rasgrp1, Rasl10b, Rbm4, Rbp4, Rcn3, Ren1, Rest, Retn, Rfx3, Rfx6, Rgcc, Rhbdd1, Rhbdd3, Rhbdf1, Rhbdf2, Rhot1, Ric1, Rimbp2, Rims1, Rims2, Rims3, Rims4, Rph3a, Rph3al, Rplp0, Rptor, Rsad2, Rtn4, Runx1, S100a10, S100a8, S100a9, Sacm1l, Scamp1, Scamp5, Scg5, Scn11a, Scnn1b, Sco1, Scrib, Scrn1, Sct, Sdc1, Sdc4, Sdcbp, Sdf4, Sdhd, Sec24a, Sel1l, Selenom, Selenot, Septin1, Septin4, Septin5, Sergef, Serp1, Serpine2, Sfrp1, Sidt2, Sirt1, Sirt3, Sirt4, Sirt6, Slc12a2, Slc16a1, Slc16a10, Slc16a2, Slc18a1, Slc18a2, Slc18a3, Slc1a5, Slc22a16, Slc25a22, Slc26a6, Slc26a7, Slc29a1, Slc2a2, Slc30a1, Slc30a8, Slc38a2, Slc38a3, Slc44a4, Slc4a5, Slc4a8, Slc4a9, Slc51a, Slc51b, Slc6a1, Slc6a3, Slc6a4, Slc6a9, Slc8b1, Slc9a4, Slc9b2, Smad2, Smad4, Smcr8, Smpd3, Snap23, Snap25, Snap29, Snap47, Snap91, Snapin, Snca, Sncaip, Sncg, Snf8, Snord32a, Snord33, Snord34, Snord35a, Snx10, Snx19, Snx4, Socs2, Sox11, Sox4, Sphk1, Sphk2, Spi1, Spp1, Sptbn2, Spx, Srcin1, Srebf1, Sri, Sstr4, Sstr5, Stam, Stard10, Stat5a, Stat5b, Stc1, Steap2, Steap3, Stim1, Stk39, Stx11, Stx17, Stx19, Stx1a, Stx1b, Stx2, Stx3, Stx4a, Stxbp1, Stxbp2, Stxbp3, Stxbp4, Stxbp5, Stxbp5l, Sucnr1, Sv2a, Sv2b, Sv2c, Svbp, Sybu, Sycn, Syde1, Syk, Syn1, Syn2, Syn3, Syngr1, Syngr2, Syngr3, Synj1, Syp, Syt1, Syt10, Syt11, Syt12, Syt13, Syt15, Syt17, Syt2, Syt3, Syt4, Syt5, Syt6, Syt7, Syt8, Syt9, Sytl1, Sytl2, Sytl3, Sytl4, Sytl5, Tac1, Tac4, Tacr1, Tacr2, Tango2, Tango6, Tardbp, Tbc1d1, Tbx3, Tcf7l2, Tcirg1, Tcp11, Tfap2b, Tff2, Tfr2, Tgfb1, Tgfb2, Tgfb3, Tgm2, Tiam1, Tifab, Tlr2, Tlr4, Tm7sf3, Tmed10, Tmed10-ps, Tmed2, Tmem132a, Tmem167, Tmem167b, Tmem184a, Tmem258, Tmem38b, Tmem63a, Tmem63b, Tmem79, Tmf1, Tnf, Tnfaip2, Tnfrsf11a, Tnfrsf1a, Tnfrsf1b, Tnfsf11, Tpcn2, Tph1, Tprg1l, Traf3ip2, Trappc11, Trarg1, Trem2, Trh, Trim72, Trim9, Trp73, Trpa1, Trpc1, Trpc4, Trpm2, Trpm4, Trpm5, Trpv1, Trpv4, Trpv6, Tsg101, Tspan18, Tspo, Tspoap1, Ttn, Tunar, Tvp23a, Tvp23b, Txlna, Tyro3, Ube2q1, Ucn, Ucn2, Ucn3, Ucp2, Umod, Umps, Unc13a, Unc13b, Unc13c, Unc13d, Uprt, Uqcc2, Usf2, Uts2, Vamp1, Vamp2, Vamp3, Vamp7, Vamp8, Vamp9, Vdr, Vegfa, Vegfc, Vgf, Vip, Vps11, Vps13a, Vps18, Vps35, Vps41, Vps4a, Vps4b, Vsnl1, Washc1, Washc3, Washc5, Wdr41, Wipf3, Wls, Wnk1, Wnk3, Wnk4, Wnt7a, Xbp1, Xdh, Xlr4a, Xlr4b, Ykt6, Ywhaz, Zbed6, Zbtb7b, Zfp384, Zfp469, Zp3
GO:0032880	regulation of protein localization	1033	30	15.05	0.00030	0.045873267326732664	2700049A03Rik, 4930550C14Rik, A1cf, Aacs, Aak1, Abat, Abca12, Abca2, Abca7, Abcc8, Abcg1, Abhd17a, Abhd17b, Abhd17c, Abi3, Acd, Acsl3, Acsl4, Actb, Actn2, Actr3, Acvr1c, Adam10, Adam22, Adam9, Adcy10, Adcy5, Adcy8, Adcyap1, Adipoq, Adora2a, Adra2a, Adtrp, Afdn, Agap2, Agr2, Agrn, Agt, Agtr2, Ahi1, Akap1, Akap5, Akt1, Akt2, Alox5, Amotl2, Ang, Ang2, Ang3, Ang4, Ang5, Ang6, Angpt1, Ank3, Ankrd1, Ankrd13a, Ano1, Anp32b, Anxa1, Anxa5, Anxa7, Ap2b1, Ap2m1, Apbb1, Apbb3, Apc, Apod, Apoe, App, Appl1, Ar, Arf1, Arf6, Arfip1, Arhgap44, Arhgdia, Arhgdig, Arhgef16, Arhgef5, Arpc2, Arrb1, Asph, Astn2, Atcay, Atg7, Atp13a2, Atp2b4, Atp2c1, Atp5if1, B3gat3, B9d1, Bad, Bag3, Bag4, Baiap3, Bard1, Bbc3, Bcap31, Bcl2, Bcl2l1, Bglap2, Bicd1, Birc5, Blk, Bmal1, Bmp4, Bmper, Bnip3l, Bora, Brca1, Brsk2, Bsg, Btf3, C1qtnf12, C1qtnf3, C2cd2l, C2cd5, C9orf72, Cabp1, Cacna1c, Cacna1d, Cacna1e, Cacna2d2, Cacnb3, Cacnb4, Cacng2, Camk1, Camk2a, Camk2b, Camk2d, Camk2g, Camk2n1, Camk4, Capn10, Card10, Cartpt, Cask, Casr, Cav2, Ccdc66, Ccdc88a, Ccl2, Ccl5, Ccn3, Ccne1, Ccne2, Cct2, Cct3, Cct4, Cct5, Cct6a, Cct7, Cct8, Cd200, Cd247, Cd2ap, Cd36, Cd38, Cd81, Cdc42, Cdh1, Cdh2, Cdk1, Cdk16, Cdk5, Cdk5r1, Cdk5rap3, Cdk9, Cdkn2a, Cela2a, Celsr2, Celsr3, Cemip, Cenpq, Cep120, Cep131, Cep135, Cep192, Cep250, Cep290, Cep295, Cep72, Cfl1, Cftr, Chchd4, Chga, Chp1, Chp2, Chrm1, Chrm3, Cib1, Clasp2, Cldn18, Clip3, Cln3, Clock, Clstn3, Cltc, Cnpy4, Cnr1, Cnst, Cntln, Commd1, Coro2b, Cpap, Cplx1, Cpt1a, Crebbp, Crh, Crhr2, Cript, Crk, Crkl, Crocc, Csk, Csnk1e, Csnk2a1, Csrp3, Ctdspl2, Ctnna1, Ctnnb1, Ctnnd1, Ctsd, Cwh43, Cyld, Cyp51, Dab2, Dag1, Dbn1, Dclk1, Dclk2, Dclk3, Dctn1, Ddrgk1, Ddx4, Derl2, Derl3, Dkc1, Dlg1, Dlg4, Dmap1, Dmtn, Dnaja1, Dnajb2, Dnajb6, Dnajc1, Dnm1l, Doc2b, Dok7, Dph3, Dpp10, Dpp6, Drd2, Drd3, Drd4, Dsg3, Dtx3l, Dvl1, Dvl3, Dynll1, Dzip1, Dzip1l, Ect2, Edem1, Edem2, Edn1, Ednra, Efcab7, Efna5, Egf, Egfr, Ei24, Eif2ak3, Eif3e, Eif4g1, Eipr1, Emd, Ensa, Entr1, Eny2, Ep300, Epb41, Epb41l1, Epb41l2, Epb41l5, Epha2, Epha3, Epha5, Ephb2, Epm2a, Eps15, Erbb2, Erbb4, Ergic3, Erlec1, Erp29, Exoc4, Exph5, Ezr, F2, F2r, F2rl1, F2rl2, Fam3d, Fam76b, Farp1, Fbn1, Fbxo4, Fbxw7, Fcer1g, Fermt1, Fermt2, Ffar1, Ffar2, Ffar3, Fga, Fgb, Fgg, Fis1, Fkbp1b, Flna, Fndc1, Fnta, Foxa2, Foxo1, Frat1, Frat2, Frmd4a, Frrs1l, Fto, Fyn, Fzd9, G6pc2, Gabarap, Gapvd1, Gas6, Gas8, Gbf1, Gbp4, Gcc2, Gcg, Gck, Gdi1, Gdi2, Ghrh, Ghrl, Ghsr, Gip, Gipr, Gja1, Gja5, Gli3, Glis2, Glp1r, Glud1, Glul, Gm14461, Gna11, Gnai1, Gnao1, Gnaq, Gnas, Gnaz, Gnl3, Gnl3l, Golph3, Golph3l, Gopc, Gpc1, Gpc2, Gpc3, Gpc4, Gpc5, Gpc6, Gpd1l, Gper1, Gpld1, Gpm6b, Gpr137b, Gpr27, Gpr39, Gpr68, Gprc6a, Gpsm2, Grin2a, Grip1, Grip2, Gripap1, Gsk3a, Gsk3b, Gsn, Hadh, Hcar2, Hcfc1, Hcls1, Hdac3, Hdac6, Hectd1, Hfe, Hif1a, Hm629797, Hmgcr, Hmgn3, Hnf1a, Hnf4a, Hnrnpk, Hnrnpm, Hpca, Hras, Hsp90aa1, Hsp90ab1, Hspa1l, Htt, Hyal2, Ice1, Icmt, Idh2, Idua, Ier3ip1, Ifi27, Ifnb1, Ifng, Igf1, Il12a, Il12b, Il13, Il1a, Il1b, Il6, Ilrun, Inhbb, Inpp5e, Inpp5k, Inppl1, Ins1, Ins2, Insig1, Ipo5, Ipo7, Iqgap1, Iqsec2, Irs1, Irs2, Isl1, Itga3, Itgam, Itgb1, Itgb1bp1, Itgb3, Itpr1, Jagn1, Jak1, Jak2, Jup, Kalrn, Kcnab2, Kcnb1, Kcne1, Kcnj11, Kcnj6, Kcnn4, Kcnq1, Kdm1a, Khdc3, Kif20b, Kif2c, Kif3a, Kif5b, Klf7, Krt20, Krt5, Lamtor1, Lamtor5, Larp7, Larp7-ps, Lats1, Lats2, Lcp1, Ldlrap1, Lep, Lepr, Leprot, Lgals3, Lilrb4a, Lilrb4b, Limk2, Lmna, Lrig2, Lrp1, Lrp2, Lrp4, Lrp5, Lrrc15, Lrrc8a, Lrrk2, Lypd1, Lypla1, Lyplal1, Lztfl1, Lzts2, Macroh2a1, Madd, Maged1, Magi2, Malrd1, Map1a, Map2, Map2k1, Map4k4, Mapk1, Mapk14, Mapk8, Mapt, Mark3, Mark4, Mavs, Mcrs1, Mcu, Mdfic, Mdm2, Meak7, Mepce, Mesd, Mff, Mfhas1, Mgat3, Midn, Mief1, Mief2, Mir130a, Mir200a, Mir410, Misp, Mmd, Mmd2, Mmp13, Mmp14, Mpc2, Mrap, Mrap2, Msn, Mtcl1, Mtnr1a, Mtnr1b, Mtor, Mup1, Mup11, Mup2, Mup3, Mup4, Mup5, Musk, Mycbp2, Myh10, Myh9, Myo18a, Myo1a, Myo1c, Myo5a, Myo5b, Myom1, Myrip, Myt1, Naca, Nadk, Nbea, Nckap1, Ncoa6, Ndel1, Ndfip1, Ndfip2, Ndufaf2, Necab2, Nedd1, Nedd4l, Nedd9, Neo1, Neto2, Nf1, Nf2, Ngdn, Ngfr, Nhlrc1, Nkd2, Nkx3-1, Nkx6-1, Nlgn1, Nlgn2, Nlgn3, Nlrp5, Nmd3, Nmu, Nnat, Nol3, Nolc1, Nos1, Nos2, Notch4, Npff, Npm1, Nptn, Nr0b2, Nr1d1, Nr1h2, Nr1h3, Nr1h4, Nrxn1, Nsd2, Nsfl1c, Nucb1, Numa1, Numb, Nup54, Nup58, Nup62, Nutf2, Nutf2-ps1, Nvl, Oaz1, Oaz2, Oaz3, Oga, Ogt, Ooep, Oprm1, Or51e2, Orai1, Ormdl3, Os9, Osbp, Otud7b, Oxct1, P2rx7, P3h1, Pak1, Pard6a, Park7, Parl, Parp1, Parp9, Pck2, Pcm1, Pcnt, Pcsk1, Pdcd10, Pdcd5, Pdcd5-ps, Pde1c, Pde3b, Pde4c, Pde8b, Pdpk1, Pdx1, Pdzk1, Pecam1, Peg12, Per2, Pfkfb2, Pfkl, Pfkm, Pgrmc1, Pias1, Pias4, Picalm, Pick1, Pid1, Pik3ca, Pik3r1, Pik3r2, Pim3, Pin1, Pin1rt1, Pink1, Pinx1, Piwil4, Pkdcc, Pkia, Pkig, Pkp1, Pkp3, Pla2g6, Plcb1, Plekhm2, Plk1, Plk2, Plk3, Pls1, Pmaip1, Pmfbp1, Pml, Polr1a, Ppard, Pparg, Ppfia1, Ppia, Ppid, Ppm1a, Ppm1f, Ppp1r9b, Ppp2r5a, Ppp3ca, Ppp3cb, Prkaa1, Prkaa2, Prkaca, Prkar1a, Prkcb, Prkcd, Prkce, Prkci, Prkcq, Prkcz, Prkd1, Prkg2, Prkn, Prnp, Prpf4b, Prr5l, Psen1, Psmd9, Ptbp1, Ptch1, Ptger3, Ptger4, Ptgs2, Ptn, Ptp4a3, Ptpmt1, Ptpn1, Ptpn11, Ptpn14, Ptpn22, Ptpn23, Ptpn5, Ptpn9, Ptprv, Rab11a, Rab11b, Rab11fip1, Rab11fip2, Rab11fip3, Rab11fip5, Rab14, Rab23, Rab29, Rab34, Rab38, Rab8a, Rab9, Rabgap1l, Rac1, Rack1, Ralgapa2, Ralgapb, Ramp3, Ran, Rangap1, Rangrf, Rap1a, Rap1gds1, Rapgef3, Rapgef4, Rassf5, Rbm22, Rbp4, Rdx, Rer1, Rest, Rfx3, Rfx6, Rhbdd3, Rhbdf1, Rhbdf2, Rhog, Rhoq, Ric3, Ripor1, Ripor2, Rnf168, Rnf4, Rock2, Rph3al, Rptor, Rsad2, Rsc1a1, Rsl1d1, Rtn4, Rufy3, Sapcd2, Scfd1, Sec16b, Sec24a, Selenok, Septin2, Septin8, Sergef, Serp1, Sesn2, Setd2, Sfn, Sfrp1, Sgk1, Sh3glb1, Sh3tc2, Shank3, Shh, Shisa6, Shisa7, Siah3, Sidt2, Sik3, Sin3a, Sirt1, Sirt3, Sirt4, Sirt6, Sirt7, Six1, Six4, Slc12a2, Slc16a1, Slc1a1, Slc25a22, Slc26a4, Slc2a2, Slc30a1, Slc30a8, Slc35d3, Slc51b, Slc5a3, Slc7a11, Slc8b1, Slc9b2, Smo, Snap25, Snap91, Snca, Snx12, Snx27, Snx3, Snx33, Sorbs1, Sorbs2, Sorl1, Sox4, Sp100, Spi1, Spidr, Sptbn1, Sqstm1, Src, Srcin1, Srebf1, Sri, Ssh1, Sstr5, Stac, Stac2, Stac3, Stim1, Stk11, Stom, Stx3, Stx4a, Stx6, Stx7, Stx8, Stxbp4, Stxbp5l, Sumo1, Sumo3, Sun5, Svip, Swap70, Sybu, Sycp1, Synj2bp, Syt11, Syt4, Syt7, Syt9, Sytl4, Tardbp, Tax1bp3, Tbc1d1, Tcaf1, Tcf7l2, Tcirg1, Tcp1, Tek, Tenm1, Tent2, Terf1, Tert, Tesk1, Tex15, Tfap2b, Tfrc, Tgfb1, Tgfb2, Tgfb3, Tiam1, Tlr2, Tlr4, Tm7sf3, Tm9sf4, Tmbim1, Tmed10, Tmed10-ps, Tmed2, Tmem108, Tmem132a, Tmem184a, Tmem231, Tmem30a, Tmem30b, Tmem35a, Tmem59, Tmem97, Tmem98, Tnf, Tnfaip6, Tnfrsf1a, Tnik, Tomm7, Tomm70a, Tomt, Tor1a, Tpr, Traf6, Traf7, Trappc12, Trem2, Trh, Trim12a, Trim12c, Trim17, Trim25, Trim28, Trim29, Trim30a, Trim30b, Trim30c, Trim30d, Trim40, Trim46, Trim5, Trim50, Trim8, Trp53inp2, Trpa1, Trpc1, Trpm2, Trpm4, Trpm5, Tsg101, Ttbk2, Ttc8, Ttn, Tunar, Txn1, Tyk2, Tyrobp, Uaca, Ubac2, Ube2g2, Ube2j1, Ubr5, Ubxn2b, Ucn3, Ucp2, Ufl1, Ufm1, Uhmk1, Umod, Unc13b, Uqcc2, Usp17le, Usp8, Uts2, Vamp2, Vamp4, Vamp7, Vamp8, Vcl, Vcp, Vcpip1, Vegfa, Vegfc, Vhl, Vil1, Vip, Vps26b, Vps28, Vps35, Vps4a, Vrk1, Vsnl1, Vti1b, Washc1, Wasl, Wdpcp, Wipf1, Wls, Wnk1, Wnk3, Wnk4, Wnt3a, Wnt5a, Wnt8a, Wrap53, Wwp2, Wwtr1, Xbp1, Xirp2, Xpo1, Xpo4, Yap1, Yod1, Ywhae, Ywhag, Ywhaz, Zbed6, Zc3h12a, Zdhhc1, Zdhhc2, Zdhhc5, Zdhhc7, Zfand1, Zfp384, Zic1, Zmynd8, Zpr1
GO:0033962	P-body assembly	23	4	0.34	0.00032	0.048451764705882354	Ago2, Atxn2, Cnot1, Cnot2, Cnot6, Cnot6l, Cnot7, Ddx6, Dync1h1, Edc3, Eif4enif1, Limd1, Lsm14a, Lsm3, Lsm4, Nbdy, Noct, Pan2, Pan3, Patl1, Patl2, Rc3h1, Tnrc6a
